100 0.0179023 0.0158339 0.00206838 0 0.884463 1.72411 1.58339 0.140723 0 -27.1628 -27.1628 8 429.882 57.4268 13 0.00121799
200 0.0312412 0.0282154 0.00302579 0 0.903147 4.79097 4.40492 0.386046 0 -26.622 -26.3179 8 533.882 63.9974 26 0.00108521
300 0.0771453 0.0725441 0.00460127 0 0.940356 12.5939 11.6593 0.934604 0 -27.05 -27.3129 8 629.882 69.5136 38 0.00190905
400 0.0613183 0.0570333 0.00428499 0 0.930119 18.7174 17.3627 1.3547 0 -26.9908 -26.8691 8 733.882 75.0331 51 0.0011183
500 0.118616 0.111589 0.00702681 0 0.94076 30.6246 28.5216 2.10305 0 -26.9936 -26.998 8 829.882 79.7899 63 0.00177125
600 0.0858098 0.0802737 0.00553611 0 0.935484 39.2716 36.5489 2.72268 0 -27.1694 -27.7919 8 933.882 84.642 76 0.00105623
700 0.0714076 0.0672541 0.00415351 0 0.941834 46.4571 43.2743 3.1828 0 -27.378 -28.5179 8 1029.88 88.8861 88 0.000764251
800 0.0715454 0.0678621 0.00368335 0 0.948517 53.6259 50.0605 3.5654 0 -27.6832 -29.6612 8 1133.88 93.2661 101 0.000671902
900 0.0762985 0.0711707 0.00512776 0 0.932793 61.2195 57.1776 4.04191 0 -28.0285 -30.4668 8 1229.88 97.1341 113 0.00062983
1000 0.0938106 0.0881523 0.00565829 0 0.939684 70.5403 65.9928 4.5474 0 -28.1323 -28.8146 8 1333.88 101.158 126 0.000699621
1100 0.109553 0.102537 0.00701554 0 0.935962 81.4876 76.2466 5.24101 0 -28.1538 -28.2922 8 1429.88 104.735 138 0.000743024
1200 0.104418 0.0974545 0.00696381 0 0.933309 91.9025 85.992 5.91047 0 -28.163 -28.2351 8 1533.88 108.477 151 0.000645394
1300 0.132581 0.124048 0.00853278 0 0.935641 105.163 98.3968 6.7658 0 -28.1453 -28.0221 8 1629.88 111.82 163 0.000761031
1400 0.112958 0.104871 0.00808675 0 0.928409 116.461 108.884 7.57713 0 -28.1135 -27.8176 8 1733.88 115.332 176 0.00059586
1500 0.109423 0.102015 0.00740862 0 0.932294 127.411 119.085 8.32586 0 -28.144 -28.4686 8 1829.88 118.482 188 0.000542631
1600 0.111522 0.104616 0.00690609 0 0.938074 138.66 129.547 9.11263 0 -28.2002 -28.8373 8 1933.88 121.802 201 0.000520478
1700 0.149222 0.139046 0.0101761 0 0.931806 153.402 143.452 9.95049 0 -28.1697 -27.8823 8 2029.88 124.789 213 0.000652798
1800 0.179541 0.169886 0.00965476 0 0.946225 171.446 160.44 11.0054 0 -28.1374 -27.8633 8 2133.88 127.946 226 0.000751709
1900 0.148051 0.139386 0.00866489 0 0.941473 186.347 174.379 11.9679 0 -28.1621 -28.4454 8 2229.88 130.792 238 0.000585654
2000 0.1256 0.119875 0.00572481 0 0.95442 199.118 186.366 12.752 0 -28.2039 -28.8137 8 2333.88 133.807 251 0.000477592
2100 0.139384 0.132614 0.00676969 0 0.951431 213.187 199.628 13.559 0 -28.2221 -28.4804 8 2429.88 136.531 263 0.000504238
2200 0.134838 0.12714 0.00769845 0 0.942906 226.634 212.342 14.2917 0 -28.2275 -28.3132 8 2533.88 139.423 276 0.000460652
2300 0.160205 0.150238 0.00996772 0 0.937782 242.528 227.366 15.1625 0 -28.2297 -28.2606 8 2629.88 142.039 288 0.000521658
2400 0.174262 0.1656 0.00866282 0 0.950289 260.12 243.926 16.1946 0 -28.2942 -29.1845 8 2733.88 144.82 301 0.000550165
2500 0.192228 0.182769 0.00945955 0 0.95079 279.389 262.202 17.1869 0 -28.387 -29.6386 8 2829.88 147.341 313 0.000583926
2600 0.178184 0.168326 0.00985806 0 0.944675 297.203 279.035 18.1679 0 -28.4498 -29.4353 8 2933.88 150.024 326 0.000516337
2700 0.169135 0.15838 0.0107553 0 0.93641 314.017 294.873 19.144 0 -28.4864 -29.1341 8 3029.88 152.459 338 0.000468579
2800 0.180976 0.171378 0.00959765 0 0.946967 332.154 312.011 20.1432 0 -28.5337 -29.3526 8 3133.88 155.053 351 0.000488257
2900 0.180472 0.170472 0.0100004 0 0.944587 350.291 329.058 21.233 0 -28.5856 -29.5359 8 3229.88 157.41 363 0.000469619
3000 0.18675 0.175291 0.0114585 0 0.938642 368.91 346.587 22.3229 0 -28.6203 -29.2724 8 3333.88 159.925 376 0.0004662
3100 0.162583 0.152901 0.00968188 0 0.940449 385.191 361.877 23.3138 0 -28.655 -29.4405 8 3429.88 162.211 388 0.000394074
3200 0.163931 0.155665 0.00826626 0 0.949575 401.661 377.444 24.2178 0 -28.6685 -28.9858 8 3533.88 164.652 401 0.000388192
3300 0.148289 0.141232 0.00705724 0 0.952409 416.564 391.567 24.9976 0 -28.7034 -29.6425 8 3629.88 166.873 413 0.000341966
3400 0.153426 0.145415 0.00801098 0 0.947786 431.792 406.108 25.6832 0 -28.7343 -29.5814 8 3733.88 169.247 426 0.000341349
3500 0.185226 0.176168 0.0090586 0 0.951094 450.357 423.725 26.6324 0 -28.7538 -29.2064 8 3829.88 171.409 438 0.000402209
3600 0.163878 0.155294 0.00858452 0 0.947617 466.78 439.254 27.5254 0 -28.7905 -29.7965 8 3933.88 173.72 451 0.000344333
3700 0.169778 0.159396 0.0103818 0 0.93885 483.6 455.194 28.406 0 -28.8125 -29.4222 8 4029.88 175.827 463 0.000344267
3800 0.213827 0.203328 0.0104984 0 0.950902 505.102 475.527 29.5755 0 -28.8075 -28.695 8 4133.88 178.082 476 0.00042716
3900 0.199535 0.189909 0.0096257 0 0.951759 525.193 494.518 30.6754 0 -28.8232 -29.2187 8 4229.88 180.138 488 0.000389158
4000 0.185541 0.176627 0.00891374 0 0.951958 543.795 512.181 31.6141 0 -28.8514 -29.6487 8 4333.88 182.339 501 0.00035255
4100 0.215384 0.204769 0.0106148 0 0.950717 565.267 532.657 32.6093 0 -28.8283 -28.2425 8 4429.88 184.347 513 0.00039916
4200 0.21626 0.206171 0.0100882 0 0.953351 586.979 553.275 33.7042 0 -28.8218 -28.6515 8 4533.88 186.498 526 0.000391961
4300 0.216301 0.204985 0.0113157 0 0.947685 608.516 573.773 34.7429 0 -28.806 -28.3777 8 4629.88 188.463 538 0.000381014
4400 0.228932 0.217113 0.0118192 0 0.948372 631.404 595.484 35.9195 0 -28.8212 -29.2239 8 4733.88 190.567 551 0.000394034
4500 0.229537 0.219263 0.0102748 0 0.955237 654.465 617.411 37.0538 0 -28.8193 -28.7681 8 4829.88 192.49 563 0.000389454
4600 0.206871 0.199257 0.00761406 0 0.963194 675.316 637.336 37.9795 0 -28.8567 -30.0311 8 4933.88 194.551 576 0.000345933
4700 0.183096 0.175324 0.00777233 0 0.957551 693.595 654.869 38.7258 0 -28.8895 -30.1016 8 5029.88 196.435 588 0.00029817
4800 0.193198 0.18624 0.00695877 0 0.963981 713.001 673.493 39.5081 0 -28.9148 -29.8181 8 5133.88 198.455 601 0.000309883
4900 0.196614 0.189144 0.0074699 0 0.962007 732.703 692.407 40.2953 0 -28.9632 -30.7155 8 5229.88 200.302 613 0.000308555
5000 0.210939 0.202542 0.00839729 0 0.960191 753.783 712.661 41.1213 0 -29.0045 -30.4404 8 5333.88 202.284 626 0.00032355
5100 0.198136 0.189324 0.00881226 0 0.955524 773.565 731.594 41.9716 0 -29.0293 -29.9712 8 5429.88 204.096 638 0.000296746
5200 0.182522 0.176044 0.00647774 0 0.96451 791.926 749.198 42.7277 0 -29.0626 -30.4688 8 5533.88 206.042 651 0.000270421
5300 0.163981 0.159124 0.00485754 0 0.970377 808.473 765.111 43.3627 0 -29.1079 -31.2737 8 5629.88 207.821 663 0.000240006
5400 0.15287 0.147458 0.0054119 0 0.964598 823.78 779.856 43.9239 0 -29.1465 -31.1838 8 5733.88 209.732 676 0.000218133
5500 0.182637 0.17664 0.00599631 0 0.967168 842.168 797.52 44.6476 0 -29.1976 -31.4877 8 5829.88 211.48 688 0.000256744
5600 0.183825 0.178177 0.00564862 0 0.969272 860.716 815.338 45.3783 0 -29.2331 -30.8463 8 5933.88 213.358 701 0.000254175
5700 0.16946 0.162379 0.00708058 0 0.958217 877.577 831.576 46.0014 0 -29.2587 -30.5633 8 6029.88 215.077 713 0.000227741
5800 0.160109 0.155697 0.00441241 0 0.972441 893.721 847.146 46.5752 0 -29.2932 -31.173 8 6133.88 216.924 726 0.000214458
5900 0.160907 0.155318 0.0055898 0 0.965261 909.742 862.677 47.0643 0 -29.3302 -31.3942 8 6229.88 218.615 738 0.000210458
6000 0.157905 0.153706 0.00419936 0 0.973406 925.639 878.048 47.5908 0 -29.3654 -31.3765 8 6333.88 220.432 751 0.000204668
6100 0.163563 0.15946 0.00410325 0 0.974913 942.065 893.994 48.0714 0 -29.3996 -31.329 8 6429.88 222.096 763 0.000208991
6200 0.152079 0.148362 0.00371713 0 0.975558 957.321 908.83 48.4911 0 -29.4392 -31.8812 8 6533.88 223.885 776 0.000191188
6300 0.163899 0.159523 0.00437592 0 0.973301 973.738 924.782 48.9555 0 -29.4617 -30.7773 8 6629.88 225.524 788 0.00020244
6400 0.190063 0.183786 0.00627696 0 0.966974 992.756 943.161 49.5949 0 -29.4855 -30.6999 8 6733.88 227.286 801 0.000229446
6500 0.17267 0.16557 0.00709945 0 0.958884 1009.95 959.718 50.2287 0 -29.501 -30.4001 8 6829.88 228.9 813 0.000203654
6600 0.170633 0.16429 0.0063428 0 0.962828 1027.06 976.147 50.9142 0 -29.5209 -30.6968 8 6933.88 230.637 826 0.000198898
6700 0.158276 0.152554 0.00572152 0 0.963851 1042.88 991.403 51.4745 0 -29.5483 -31.3223 8 7029.88 232.228 838 0.000182046
6800 0.190696 0.18397 0.00672674 0 0.964725 1062.06 1009.8 52.2651 0 -29.5753 -31.044 8 7133.88 233.939 851 0.00021618
6900 0.188219 0.180678 0.00754158 0 0.959932 1080.87 1027.87 53.0064 0 -29.6034 -31.1898 8 7229.88 235.508 863 0.00020936
7000 0.171685 0.165262 0.00642311 0 0.962588 1098.12 1044.39 53.7235 0 -29.6365 -31.7121 8 7333.88 237.196 876 0.000188656
7100 0.153308 0.147057 0.00625133 0 0.959224 1113.4 1059.1 54.3045 0 -29.6634 -31.5966 8 7429.88 238.743 888 0.000165604
7200 0.161425 0.154896 0.00652971 0 0.95955 1129.54 1074.59 54.9543 0 -29.6844 -31.1324 8 7533.88 240.408 901 0.000171915
7300 0.169833 0.162569 0.0072634 0 0.957232 1146.53 1090.85 55.6844 0 -29.7145 -31.7131 8 7629.88 241.935 913 0.00017806
7400 0.187359 0.180089 0.00726995 0 0.961198 1165.34 1108.85 56.4849 0 -29.747 -31.7329 8 7733.88 243.578 926 0.00019448
7500 0.189852 0.181747 0.00810487 0 0.95731 1184.26 1127.03 57.2323 0 -29.7717 -31.288 8 7829.88 245.086 938 0.00019376
7600 0.199154 0.190185 0.00896889 0 0.954965 1204.04 1146.05 57.9918 0 -29.7877 -30.7493 8 7933.88 246.708 951 0.000199984
7700 0.210077 0.200579 0.00949854 0 0.954786 1224.98 1166.11 58.872 0 -29.7973 -30.3498 8 8029.88 248.196 963 0.000208285
7800 0.188578 0.181486 0.00709144 0 0.962395 1243.93 1184.25 59.6791 0 -29.8212 -31.3649 8 8133.88 249.798 976 0.000185949
7900 0.191767 0.184072 0.00769474 0 0.959874 1263.06 1202.66 60.4011 0 -29.8459 -31.4497 8 8229.88 251.268 988 0.000186308
8000 0.177647 0.170948 0.00669845 0 0.962293 1280.8 1219.76 61.0465 0 -29.8718 -31.7194 8 8333.88 252.85 1001 0.000170778
8100 0.183002 0.177571 0.00543111 0 0.970322 1299.13 1237.51 61.6181 0 -29.8987 -31.7733 8 8429.88 254.303 1013 0.000175292
8200 0.175327 0.169526 0.00580037 0 0.966917 1316.67 1254.47 62.206 0 -29.9204 -31.5285 8 8533.88 255.866 1026 0.00016523
8300 0.167788 0.162483 0.00530447 0 0.968386 1333.49 1270.71 62.7797 0 -29.9452 -31.89 8 8629.88 257.302 1038 0.000156535
8400 0.202172 0.197122 0.00504978 0 0.975022 1353.85 1290.43 63.4281 0 -29.9869 -32.7164 8 8733.88 258.847 1051 0.000187557
8500 0.172296 0.167891 0.00440512 0 0.974433 1371.13 1307.22 63.9157 0 -30.0194 -32.5638 8 8829.88 260.266 1063 0.00015794
8600 0.158723 0.154945 0.00377777 0 0.976199 1387.06 1322.71 64.3492 0 -30.0492 -32.6148 8 8933.88 261.794 1076 0.000144001
8700 0.146688 0.143551 0.00313679 0 0.978616 1401.77 1337.07 64.7005 0 -30.078 -32.7974 8 9029.88 263.197 1088 0.00013194
8800 0.180217 0.173466 0.00675053 0 0.962542 1419.65 1354.41 65.2395 0 -30.104 -32.1435 8 9133.88 264.708 1101 0.000157553
8900 0.163691 0.158235 0.00545621 0 0.966668 1436.05 1370.24 65.8174 0 -30.1292 -32.3077 8 9229.88 266.096 1113 0.00014217
9000 0.180914 0.172821 0.00809312 0 0.955265 1454.02 1387.52 66.499 0 -30.1459 -31.4846 8 9333.88 267.591 1126 0.000153482
9100 0.172873 0.166541 0.00633152 0 0.963375 1471.38 1404.17 67.2052 0 -30.1665 -31.8924 8 9429.88 268.963 1138 0.000146346
9200 0.152313 0.147931 0.0043823 0 0.971228 1486.73 1418.96 67.7612 0 -30.1919 -32.6251 8 9533.88 270.443 1151 0.000128524
9300 0.155098 0.151078 0.0040204 0 0.974078 1502.29 1434.07 68.2183 0 -30.2202 -32.92 8 9629.88 271.801 1163 0.000129903
9400 0.182408 0.175829 0.00657963 0 0.963929 1520.48 1451.66 68.8217 0 -30.239 -31.7899 8 9733.88 273.264 1176 0.000149514
9500 0.163325 0.157975 0.0053499 0 0.967244 1536.88 1467.45 69.4279 0 -30.2612 -32.3244 8 9829.88 274.609 1188 0.000132976
9600 0.158533 0.153122 0.00541136 0 0.965866 1552.78 1482.76 70.0116 0 -30.2815 -32.2455 8 9933.88 276.058 1201 0.000127495
9700 0.197618 0.190924 0.00669454 0 0.966124 1572.57 1501.86 70.7116 0 -30.3047 -32.1189 8 10029.9 277.388 1213 0.000157398
9800 0.172742 0.166711 0.00603113 0 0.965086 1589.87 1518.53 71.3451 0 -30.3206 -31.7729 8 10133.9 278.823 1226 0.00013598
9900 0.160715 0.154848 0.00586666 0 0.963496 1605.93 1534.01 71.9178 0 -30.3388 -32.1412 8 10229.9 280.14 1238 0.000125079
10000 0.158004 0.152447 0.00555718 0 0.964829 1621.66 1549.26 72.3989 0 -30.3575 -32.2583 8 10333.9 281.561 1251 0.00012186
10100 0.168851 0.163407 0.00544407 0 0.967758 1638.58 1565.6 72.9807 0 -30.3768 -32.2265 8 10429.9 282.865 1263 0.00012938
10200 0.170761 0.16474 0.00602049 0 0.964743 1655.69 1582.07 73.6171 0 -30.3864 -31.3137 8 10533.9 284.272 1276 0.000129107
10300 0.184977 0.177297 0.0076796 0 0.958483 1674.1 1599.8 74.2982 0 -30.3916 -30.8557 8 10629.9 285.565 1288 0.000137653
10400 0.177977 0.170984 0.00699218 0 0.960713 1691.89 1616.9 74.9898 0 -30.404 -31.5731 8 10733.9 286.958 1301 0.000131425
10500 0.198115 0.189868 0.00824651 0 0.958375 1711.64 1635.89 75.7573 0 -30.3963 -29.732 8 10829.9 288.238 1313 0.000144606
10600 0.183505 0.177483 0.00602226 0 0.967182 1730.12 1653.64 76.4874 0 -30.3998 -30.7266 8 10933.9 289.619 1326 0.000133849
10700 0.169287 0.163847 0.00543986 0 0.967866 1747.12 1670.02 77.1003 0 -30.4115 -31.6073 8 11029.9 290.888 1338 0.000122457
10800 0.175543 0.169415 0.00612761 0 0.965093 1764.75 1686.96 77.7846 0 -30.4212 -31.3824 8 11133.9 292.256 1351 0.0001254
10900 0.181604 0.175248 0.00635621 0 0.965 1783.02 1704.49 78.5339 0 -30.4284 -31.1165 8 11229.9 293.513 1363 0.000128575
11000 0.164 0.158296 0.00570404 0 0.965219 1799.47 1720.32 79.1505 0 -30.4386 -31.5516 8 11333.9 294.869 1376 0.000115041
11100 0.157267 0.151215 0.00605253 0 0.961514 1815.17 1735.44 79.7271 0 -30.4488 -31.6126 8 11429.9 296.115 1388 0.000108944
11200 0.147877 0.142752 0.00512551 0 0.965339 1830.05 1749.71 80.3388 0 -30.4618 -32.0529 8 11533.9 297.459 1401 0.000101893
11300 0.173207 0.166253 0.00695391 0 0.959852 1847.32 1766.34 80.9825 0 -30.4722 -31.5662 8 11629.9 298.695 1413 0.00011766
11400 0.174131 0.169036 0.00509513 0 0.97074 1864.87 1783.24 81.6303 0 -30.483 -31.6257 8 11733.9 300.027 1426 0.000118539
11500 0.201009 0.192382 0.00862727 0 0.95708 1884.9 1802.48 82.4208 0 -30.4838 -30.5545 8 11829.9 301.252 1438 0.000133784
11600 0.172279 0.165455 0.00682436 0 0.960388 1902.22 1819.03 83.1907 0 -30.4942 -31.629 8 11933.9 302.574 1451 0.000114028
11700 0.180002 0.173363 0.00663877 0 0.963118 1920.34 1836.36 83.9815 0 -30.5089 -32.0534 8 12029.9 303.788 1463 0.000118498
11800 0.174378 0.165748 0.00862996 0 0.95051 1937.7 1852.94 84.76 0 -30.5176 -31.4796 8 12133.9 305.098 1476 0.000112295
11900 0.176337 0.167497 0.00884048 0 0.949866 1955.19 1869.69 85.507 0 -30.5258 -31.4341 8 12229.9 306.303 1488 0.000112565
12000 0.225505 0.215732 0.00977254 0 0.956664 1977.76 1891.26 86.5002 0 -30.5262 -30.5558 8 12333.9 307.603 1501 0.000143726
12100 0.217981 0.207983 0.00999731 0 0.954137 1999.59 1912.06 87.5281 0 -30.5314 -31.0031 8 12429.9 308.797 1513 0.000137464
12200 0.196967 0.189162 0.00780465 0 0.960376 2019.44 1930.97 88.4698 0 -30.5383 -31.2326 8 12533.9 310.087 1526 0.00012396
12300 0.218212 0.208237 0.00997521 0 0.954287 2041.2 1951.8 89.406 0 -30.538 -30.515 8 12629.9 311.272 1538 0.000135394
12400 0.20469 0.195536 0.00915343 0 0.955281 2061.72 1971.35 90.3687 0 -30.5368 -30.4169 8 12733.9 312.551 1551 0.000126071
12500 0.202278 0.193172 0.00910596 0 0.954983 2081.95 1990.67 91.2841 0 -30.5382 -30.6769 8 12829.9 313.727 1563 0.000123591
12600 0.17815 0.171437 0.00671218 0 0.962323 2099.87 2007.81 92.0542 0 -30.5453 -31.371 8 12933.9 314.996 1576 0.00010878
12700 0.193357 0.185372 0.00798421 0 0.958707 2119.14 2026.35 92.7914 0 -30.5562 -31.7495 8 13029.9 316.162 1588 0.000116733
12800 0.171462 0.165708 0.00575412 0 0.966441 2136.35 2042.92 93.4296 0 -30.5702 -32.2935 8 13133.9 317.422 1601 0.000103503
12900 0.16468 0.159757 0.00492262 0 0.970108 2152.84 2058.9 93.9428 0 -30.5834 -32.2959 8 13229.9 318.58 1613 9.90434e-05
13000 0.172076 0.167595 0.00448077 0 0.97396 2170.12 2075.66 94.4648 0 -30.6014 -32.8366 8 13333.9 319.829 1626 0.000103072
13100 0.182636 0.176877 0.0057586 0 0.96847 2188.33 2093.34 94.9814 0 -30.6146 -32.1912 8 13429.9 320.979 1638 0.000107984
13200 0.166918 0.162842 0.00407511 0 0.975586 2205.11 2109.63 95.4811 0 -30.6282 -32.3968 8 13533.9 322.219 1651 9.86326e-05
13300 0.170592 0.16517 0.00542138 0 0.96822 2222.13 2126.14 95.9821 0 -30.6403 -32.2071 8 13629.9 323.36 1663 9.93207e-05
13400 0.178995 0.172673 0.00632231 0 0.964679 2240.06 2143.41 96.6487 0 -30.6495 -31.7961 8 13733.9 324.591 1676 0.000103027
13500 0.197457 0.188592 0.00886423 0 0.955108 2259.81 2162.27 97.5354 0 -30.652 -30.9395 8 13829.9 325.724 1688 0.000111725
13600 0.189292 0.181484 0.00780863 0 0.958748 2278.77 2180.42 98.3473 0 -30.6612 -31.7524 8 13933.9 326.946 1701 0.000106692
13700 0.205875 0.197327 0.00854782 0 0.95848 2299.36 2200.15 99.2118 0 -30.6622 -30.7673 8 14029.9 328.07 1713 0.000115194
13800 0.180579 0.174771 0.0058076 0 0.967839 2317.55 2217.63 99.9242 0 -30.6712 -31.8201 8 14133.9 329.284 1726 0.000101258
13900 0.188271 0.181434 0.00683676 0 0.963687 2336.39 2235.77 100.616 0 -30.6814 -31.9283 8 14229.9 330.401 1738 0.000104392
14000 0.174226 0.168218 0.00600772 0 0.965518 2353.81 2252.59 101.216 0 -30.6936 -32.3395 8 14333.9 331.606 1751 9.60697e-05
14100 0.191106 0.184878 0.00622779 0 0.967412 2372.96 2271.08 101.878 0 -30.7032 -31.8724 8 14429.9 332.714 1763 0.000104866
14200 0.194309 0.187176 0.00713304 0 0.96329 2392.39 2289.8 102.593 0 -30.7108 -31.6451 8 14533.9 333.911 1776 0.000105392
14300 0.187219 0.180106 0.00711322 0 0.962006 2411.18 2307.81 103.37 0 -30.7175 -31.5651 8 14629.9 335.012 1788 0.00010073
14400 0.162839 0.157469 0.00536988 0 0.967023 2427.53 2323.56 103.977 0 -30.7269 -32.1125 8 14733.9 336.201 1801 8.74341e-05
14500 0.190065 0.182305 0.00776007 0 0.959171 2446.42 2341.79 104.634 0 -30.7304 -31.1907 8 14829.9 337.294 1813 0.000100554
14600 0.208156 0.200803 0.00735322 0 0.964674 2467.29 2361.87 105.423 0 -30.7379 -31.6157 8 14933.9 338.475 1826 0.000109969
14700 0.186974 0.181378 0.0055965 0 0.970068 2486.11 2380.01 106.1 0 -30.7466 -31.8889 8 15029.9 339.561 1838 9.86822e-05
14800 0.204463 0.196048 0.00841466 0 0.958845 2506.35 2399.61 106.735 0 -30.7504 -31.2111 8 15133.9 340.734 1851 0.000105915
14900 0.202797 0.196309 0.00648861 0 0.968004 2526.71 2419.24 107.464 0 -30.7537 -31.1577 8 15229.9 341.813 1863 0.000105372
15000 0.183378 0.177684 0.00569386 0 0.96895 2545.12 2437.01 108.108 0 -30.7603 -31.6756 8 15333.9 342.978 1876 9.47145e-05
15100 0.205507 0.196031 0.00947601 0 0.95389 2565.48 2456.61 108.87 0 -30.7578 -30.4383 8 15429.9 344.05 1888 0.00010383
15200 0.196705 0.190023 0.00668143 0 0.966033 2585.3 2475.62 109.682 0 -30.7578 -30.7598 8 15533.9 345.207 1901 9.99597e-05
15300 0.194221 0.186478 0.00774359 0 0.96013 2604.72 2494.26 110.453 0 -30.7589 -30.9026 8 15629.9 346.272 1913 9.74791e-05
15400 0.212819 0.204356 0.00846325 0 0.960233 2625.97 2514.7 111.271 0 -30.7608 -30.9984 8 15733.9 347.423 1926 0.000106104
15500 0.215496 0.207291 0.00820536 0 0.961923 2647.55 2535.43 112.118 0 -30.7593 -30.5704 8 15829.9 348.481 1938 0.000106961
15600 0.213162 0.206304 0.00685856 0 0.967825 2669.02 2556.06 112.958 0 -30.7608 -30.9471 8 15933.9 349.624 1951 0.000105743
15700 0.219958 0.212747 0.00721068 0 0.967218 2691.08 2577.33 113.748 0 -30.7621 -30.9224 8 16029.9 350.675 1963 0.000108379
15800 0.213668 0.207121 0.00654622 0 0.969363 2712.59 2598.05 114.54 0 -30.7668 -31.3574 8 16133.9 351.811 1976 0.000104819
15900 0.233939 0.224744 0.00919481 0 0.960696 2735.88 2620.52 115.356 0 -30.7592 -29.8699 8 16229.9 352.856 1988 0.00011305
16000 0.217888 0.209201 0.00868664 0 0.960133 2757.65 2641.44 116.21 0 -30.7575 -30.5491 8 16333.9 353.985 2001 0.000104548
16100 0.201414 0.194096 0.00731842 0 0.963665 2777.83 2660.85 116.98 0 -30.7614 -31.2904 8 16429.9 355.024 2013 9.6421e-05
16200 0.209076 0.202383 0.00669294 0 0.967988 2798.88 2681.09 117.792 0 -30.767 -31.5064 8 16533.9 356.146 2026 9.9893e-05
16300 0.198797 0.191309 0.00748765 0 0.962335 2818.77 2700.22 118.551 0 -30.7714 -31.3839 8 16629.9 357.178 2038 9.38711e-05
16400 0.185721 0.179632 0.0060892 0 0.967213 2837.47 2718.18 119.284 0 -30.7769 -31.6101 8 16733.9 358.293 2051 8.75826e-05
16500 0.200877 0.191837 0.00903996 0 0.954998 2857.43 2737.37 120.061 0 -30.7836 -31.7396 8 16829.9 359.319 2063 9.29895e-05
16600 0.240075 0.229126 0.0109499 0 0.95439 2881.33 2760.28 121.052 0 -30.7879 -31.3021 8 16933.9 360.428 2076 0.000110369
16700 0.233868 0.224427 0.00944068 0 0.959632 2904.76 2782.72 122.036 0 -30.7935 -31.4821 8 17029.9 361.448 2088 0.000107484
16800 0.217488 0.209924 0.00756403 0 0.965221 2926.59 2803.71 122.881 0 -30.8041 -32.2117 8 17133.9 362.55 2101 9.99163e-05
16900 0.220463 0.211585 0.00887797 0 0.95973 2948.57 2824.87 123.697 0 -30.8127 -31.9586 8 17229.9 363.564 2113 0.000100135
17000 0.219723 0.212884 0.00683899 0 0.968875 2970.68 2846.16 124.521 0 -30.8225 -32.1235 8 17333.9 364.66 2126 0.000100134
17100 0.196276 0.190239 0.00603678 0 0.969243 2990.36 2865.18 125.175 0 -30.8331 -32.4387 8 17429.9 365.668 2138 8.898e-05
17200 0.220561 0.213109 0.00745232 0 0.966212 3012.38 2886.5 125.887 0 -30.8409 -31.8953 8 17533.9 366.758 2151 9.90743e-05
17300 0.206561 0.198968 0.00759279 0 0.963242 3032.94 2906.39 126.545 0 -30.8481 -31.9085 8 17629.9 367.76 2163 9.1987e-05
17400 0.215264 0.208775 0.00648953 0 0.969853 3054.5 2927.27 127.234 0 -30.8553 -31.868 8 17733.9 368.843 2176 9.59444e-05
17500 0.210139 0.201471 0.0086683 0 0.95875 3075.35 2947.42 127.929 0 -30.8597 -31.4979 8 17829.9 369.84 2188 9.20799e-05
17600 0.19942 0.193006 0.00641368 0 0.967838 3095.35 2966.72 128.631 0 -30.8666 -31.9408 8 17933.9 370.917 2201 8.76903e-05
17700 0.221823 0.212761 0.00906189 0 0.959148 3117.44 2987.99 129.449 0 -30.8648 -30.6021 8 18029.9 371.909 2213 9.61416e-05
17800 0.209475 0.202384 0.00709045 0 0.966151 3138.43 3008.23 130.201 0 -30.8658 -31.0145 8 18133.9 372.98 2226 9.09184e-05
17900 0.191906 0.186099 0.0058068 0 0.969741 3157.71 3026.84 130.87 0 -30.8724 -31.9452 8 18229.9 373.966 2238 8.31541e-05
18000 0.180955 0.175699 0.00525611 0 0.970954 3175.86 3044.41 131.451 0 -30.882 -32.5653 8 18333.9 375.031 2251 7.80538e-05
18100 0.176243 0.170713 0.0055304 0 0.968621 3193.47 3061.48 131.985 0 -30.8895 -32.2406 8 18429.9 376.012 2263 7.54365e-05
18200 0.172885 0.168089 0.00479589 0 0.97226 3210.83 3078.29 132.543 0 -30.8982 -32.5013 8 18533.9 377.071 2276 7.3853e-05
18300 0.168619 0.164626 0.00399266 0 0.976321 3227.74 3094.75 132.983 0 -30.9079 -32.7514 8 18629.9 378.046 2288 7.19519e-05
18400 0.202584 0.195761 0.00682357 0 0.966317 3247.87 3114.33 133.536 0 -30.9129 -31.7013 8 18733.9 379.1 2301 8.50763e-05
18500 0.189863 0.184493 0.00537008 0 0.971716 3267 3132.78 134.224 0 -30.9181 -31.8084 8 18829.9 380.07 2313 7.97636e-05
18600 0.187595 0.18103 0.00656486 0 0.965005 3285.75 3150.88 134.868 0 -30.9201 -31.2718 8 18933.9 381.118 2326 7.78289e-05
18700 0.181939 0.175896 0.00604338 0 0.966784 3303.97 3168.47 135.494 0 -30.9253 -31.8589 8 19029.9 382.083 2338 7.52335e-05
18800 0.227087 0.217949 0.0091385 0 0.959758 3326.61 3190.27 136.339 0 -30.9301 -31.6344 8 19133.9 383.126 2351 9.27046e-05
18900 0.209395 0.202127 0.00726782 0 0.965291 3347.66 3210.48 137.183 0 -30.9372 -32.052 8 19229.9 384.086 2363 8.55383e-05
19000 0.19785 0.190563 0.00728747 0 0.963167 3367.44 3229.54 137.904 0 -30.9469 -32.5877 8 19333.9 385.123 2376 8.02031e-05
19100 0.18465 0.179706 0.00494405 0 0.973225 3386.05 3247.51 138.546 0 -30.959 -33.1508 8 19429.9 386.078 2388 7.52538e-05
19200 0.184938 0.179434 0.00550409 0 0.970238 3404.51 3265.45 139.064 0 -30.9703 -33.0391 8 19533.9 387.11 2401 7.47329e-05
19300 0.182045 0.177163 0.00488169 0 0.973184 3422.85 3283.17 139.687 0 -30.9812 -33.0053 8 19629.9 388.06 2413 7.34202e-05
19400 0.181658 0.17601 0.00564764 0 0.968911 3441.02 3300.77 140.252 0 -30.9892 -32.5086 8 19733.9 389.087 2426 7.25515e-05
19500 0.171323 0.166708 0.00461494 0 0.973063 3458.25 3317.44 140.815 0 -30.9982 -32.7929 8 19829.9 390.032 2438 6.8379e-05
19600 0.163965 0.159412 0.00455301 0 0.972232 3474.69 3333.38 141.308 0 -31.0078 -33.0323 8 19933.9 391.053 2451 6.50398e-05
19700 0.191996 0.185631 0.00636516 0 0.966847 3493.88 3351.94 141.935 0 -31.01 -31.4082 8 20029.9 391.994 2463 7.53676e-05
19800 0.174007 0.169318 0.00468863 0 0.973055 3511.4 3368.87 142.531 0 -31.0167 -32.339 8 20133.9 393.01 2476 6.83837e-05
19900 0.193761 0.186927 0.00683457 0 0.964727 3530.78 3387.57 143.209 0 -31.0227 -32.1165 8 20229.9 393.946 2488 7.51313e-05
20000 0.170117 0.16448 0.00563726 0 0.966862 3547.79 3404.01 143.78 0 -31.0312 -32.8029 8 20333.9 394.957 2501 6.57656e-05
