100 0.00309301 0.00252697 0.000566044 0 0.816993 0.267192 0.252697 0.0144949 0 -23.0627 -23.0627 32 453.882 59.0081 4 0.000631742
200 0.00522587 0.00487705 0.000348818 0 0.933252 0.791111 0.740402 0.050709 0 -26.1832 -27.7747 32 549.882 64.9493 7 0.000696722
300 0.0084999 0.0078735 0.000626404 0 0.926305 1.62637 1.52775 0.0986206 0 -26.7509 -27.2886 32 645.882 70.3909 10 0.00078735
400 0.0212807 0.0198224 0.00145834 0 0.931471 3.75513 3.50999 0.245135 0 -28.7271 -30.237 32 741.882 75.441 13 0.0015248
500 0.018898 0.0172288 0.00166926 0 0.91167 5.64186 5.23287 0.408991 0 -28.7389 -28.7624 32 837.882 80.1736 16 0.0010768
600 0.0150745 0.0136479 0.00142664 0 0.905361 7.15394 6.59766 0.556285 0 -28.6884 -28.4997 32 933.882 84.642 19 0.000718308
700 0.0152039 0.0142732 0.000930682 0 0.938787 8.71641 8.02498 0.691435 0 -28.6682 -28.5757 32 1029.88 88.8861 22 0.000648781
800 0.0289846 0.0273654 0.00161924 0 0.944135 11.6112 10.7615 0.84968 0 -29.2028 -30.8126 32 1157.88 94.248 26 0.00105251
900 0.0331126 0.0288203 0.00429236 0 0.870371 14.6709 13.6435 1.02738 0 -29.1021 -28.7202 32 1253.88 98.0773 29 0.000993803
1000 0.0419481 0.039548 0.00240011 0 0.942784 18.903 17.5983 1.30463 0 -29.6922 -31.7377 32 1349.88 101.763 32 0.00123587
1100 0.0294461 0.0279781 0.00146797 0 0.950147 21.8973 20.3961 1.50117 0 -30.0703 -32.4574 32 1445.88 105.319 35 0.000799375
1200 0.0279337 0.0261099 0.00182387 0 0.934707 24.668 23.0071 1.66086 0 -30.2741 -31.8844 32 1541.88 108.759 38 0.000687102
1300 0.0343686 0.032936 0.00143263 0 0.958316 28.1581 26.3007 1.85735 0 -30.4524 -31.7127 32 1637.88 112.094 41 0.000803317
1400 0.0237599 0.0227438 0.0010161 0 0.957235 30.5353 28.5751 1.9602 0 -30.5833 -32.1344 32 1733.88 115.332 44 0.000516904
1500 0.029372 0.0274661 0.0019059 0 0.935112 33.4144 31.3217 2.09271 0 -30.5243 -29.8981 32 1829.88 118.482 47 0.000584386
1600 0.0250548 0.0242015 0.00085327 0 0.965944 35.9608 33.7419 2.21888 0 -30.6036 -31.6445 32 1957.88 122.556 51 0.00047454
1700 0.0199626 0.0192342 0.000728408 0 0.963511 37.9738 35.6653 2.30849 0 -30.7294 -32.9755 32 2053.88 125.524 54 0.000356189
1800 0.0303805 0.0284655 0.001915 0 0.936966 40.9912 38.5118 2.47931 0 -30.8421 -32.2615 32 2149.88 128.424 57 0.000499395
1900 0.0299283 0.0284116 0.00151672 0 0.949322 44.0144 41.353 2.66139 0 -30.892 -31.5679 32 2245.88 131.26 60 0.000473527
2000 0.0303913 0.0290144 0.00137687 0 0.954695 47.0743 44.2545 2.81987 0 -30.9921 -32.4321 32 2341.88 134.036 63 0.000460547
2100 0.0386534 0.0366818 0.00197159 0 0.948993 50.9067 47.9226 2.98405 0 -31.0444 -31.6866 32 2437.88 136.756 66 0.000555784
2200 0.0327631 0.0315586 0.00120447 0 0.963237 54.2212 51.0785 3.14266 0 -31.155 -32.8535 32 2533.88 139.423 69 0.000457371
2300 0.0259464 0.0248129 0.00113343 0 0.956316 56.8314 53.5598 3.27158 0 -31.2441 -33.0959 32 2629.88 142.039 72 0.000344624
2400 0.0262936 0.0251468 0.00114677 0 0.956386 59.4552 56.0745 3.38076 0 -31.2765 -31.9781 32 2757.88 145.455 76 0.000330879
2500 0.0428402 0.0400583 0.00278185 0 0.935065 63.6907 60.0803 3.61045 0 -31.1548 -29.4463 32 2853.88 147.965 79 0.000507068
2600 0.0399658 0.0372341 0.00273165 0 0.93165 67.6517 63.8037 3.84795 0 -31.0748 -29.7892 32 2949.88 150.433 82 0.000454075
2700 0.0451306 0.0422822 0.00284846 0 0.936884 72.1298 68.0319 4.0979 0 -30.8757 -27.8675 32 3045.88 152.861 85 0.000497437
2800 0.0415345 0.0392653 0.00226921 0 0.945366 76.2994 71.9585 4.34099 0 -30.7419 -28.4273 32 3141.88 155.251 88 0.000446197
2900 0.0327697 0.0314373 0.00133245 0 0.959339 79.6189 75.1022 4.51672 0 -30.7079 -29.9256 32 3237.88 157.605 91 0.000345465
3000 0.0281307 0.0267584 0.00137228 0 0.951218 82.4346 77.778 4.65662 0 -30.6925 -30.2573 32 3333.88 159.925 94 0.000284664
3100 0.0262917 0.0256227 0.000668975 0 0.974556 85.1127 80.3403 4.77243 0 -30.7088 -31.2122 32 3429.88 162.211 97 0.000264151
3200 0.0469979 0.0444355 0.00256237 0 0.945479 89.7542 84.7838 4.97034 0 -30.6469 -29.511 32 3557.88 165.21 101 0.000439956
3300 0.0540727 0.0495929 0.00447974 0 0.917153 94.9892 89.7431 5.24607 0 -30.5763 -29.3666 32 3653.88 167.424 104 0.000476855
3400 0.0586221 0.0557521 0.00286997 0 0.951043 100.891 95.3183 5.57296 0 -30.6429 -31.7142 32 3749.88 169.609 107 0.000521048
3500 0.0400496 0.0382352 0.00181442 0 0.954696 104.932 99.1419 5.78971 0 -30.6887 -31.8326 32 3845.88 171.766 110 0.000347593
3600 0.0404454 0.0384889 0.00195653 0 0.951625 108.938 102.991 5.94693 0 -30.6989 -30.9672 32 3941.88 173.897 113 0.000340609
3700 0.0502258 0.0487652 0.00146058 0 0.97092 114.009 107.867 6.14197 0 -30.7101 -30.9506 32 4037.88 176.002 116 0.00042039
3800 0.0447464 0.0427222 0.00202414 0 0.954764 118.434 112.14 6.29463 0 -30.7137 -30.8055 32 4133.88 178.082 119 0.00035901
3900 0.052402 0.0498467 0.00255522 0 0.951238 123.735 117.124 6.61096 0 -30.6563 -29.3738 32 4229.88 180.138 122 0.00040858
4000 0.0368483 0.0351316 0.00171669 0 0.953412 127.461 120.637 6.82412 0 -30.6642 -30.9266 32 4357.88 182.843 126 0.000278823
4100 0.0421933 0.0395902 0.00260307 0 0.938306 131.622 124.596 7.02528 0 -30.6312 -29.6188 32 4453.88 184.846 129 0.000306901
4200 0.0415626 0.0397182 0.00184445 0 0.955622 135.798 128.568 7.23004 0 -30.6045 -29.7651 32 4549.88 186.827 132 0.000300895
4300 0.0425597 0.0409593 0.00160035 0 0.962398 140.068 132.664 7.4035 0 -30.5792 -29.7729 32 4645.88 188.788 135 0.000303403
4400 0.0458972 0.044395 0.00150216 0 0.967271 144.719 137.104 7.61522 0 -30.5422 -29.4301 32 4741.88 190.728 138 0.000321703
4500 0.0498917 0.047776 0.0021157 0 0.957594 149.67 141.881 7.78841 0 -30.4839 -28.7777 32 4837.88 192.649 141 0.000338837
4600 0.0531129 0.0512469 0.00186606 0 0.964866 154.994 147.006 7.9882 0 -30.4304 -28.9268 32 4933.88 194.551 144 0.000355881
4700 0.0474579 0.0457368 0.00172112 0 0.963734 159.765 151.58 8.18497 0 -30.405 -29.5811 32 5029.88 196.435 147 0.000311135
4800 0.0383096 0.0374379 0.00087177 0 0.977244 163.631 155.323 8.30741 0 -30.4146 -30.8116 32 5157.88 198.919 151 0.000247933
4900 0.0363307 0.0353246 0.00100607 0 0.972308 167.26 158.856 8.40377 0 -30.4351 -31.3592 32 5253.88 200.761 154 0.000229381
5000 0.0344335 0.0337501 0.000683453 0 0.980152 170.709 162.231 8.47851 0 -30.466 -31.9611 32 5349.88 202.587 157 0.000214969
5100 0.0317889 0.0309843 0.0008046 0 0.974689 173.87 165.329 8.54062 0 -30.4954 -32.0853 32 5445.88 204.397 160 0.000193652
5200 0.034324 0.0333643 0.000959752 0 0.972038 177.302 168.666 8.63661 0 -30.5095 -31.225 32 5541.88 206.191 163 0.000204689
5300 0.0594743 0.0571252 0.00234903 0 0.960503 183.204 174.378 8.82627 0 -30.4669 -29.1876 32 5637.88 207.969 166 0.000344128
5400 0.046111 0.0446271 0.00148396 0 0.967818 187.859 178.841 9.01761 0 -30.4781 -30.9158 32 5733.88 209.732 169 0.000264066
5500 0.0527796 0.050341 0.00243865 0 0.953796 193.093 183.875 9.21774 0 -30.4727 -30.2821 32 5829.88 211.48 172 0.00029268
5600 0.0528326 0.0505175 0.0023151 0 0.95618 198.395 188.927 9.46795 0 -30.4856 -30.9555 32 5957.88 213.789 176 0.000287031
5700 0.0479447 0.046377 0.00156767 0 0.967302 203.248 193.564 9.6835 0 -30.5208 -31.9574 32 6053.88 215.505 179 0.000259089
5800 0.0397007 0.038784 0.000916696 0 0.97691 207.249 197.443 9.80638 0 -30.5629 -32.7027 32 6149.88 217.207 182 0.000213099
5900 0.0479194 0.04655 0.00136949 0 0.971421 212.089 202.098 9.99088 0 -30.6156 -32.8726 32 6245.88 218.896 185 0.000251621
6000 0.0432076 0.0414382 0.00176945 0 0.959048 216.374 206.242 10.1323 0 -30.6556 -32.6346 32 6341.88 220.571 188 0.000220416
6100 0.0444149 0.0425227 0.00189225 0 0.957396 220.795 210.494 10.301 0 -30.6838 -32.065 32 6437.88 222.235 191 0.000222632
6200 0.0450078 0.0432996 0.00170823 0 0.962046 225.32 214.824 10.496 0 -30.6999 -31.4824 32 6533.88 223.885 194 0.000223194
6300 0.0507292 0.0490242 0.00170495 0 0.966391 230.462 219.726 10.736 0 -30.73 -32.052 32 6629.88 225.524 197 0.000248854
6400 0.0446831 0.0432428 0.00144025 0 0.967767 234.94 224.051 10.8895 0 -30.759 -32.2477 32 6757.88 227.691 201 0.000215138
6500 0.0407963 0.0396411 0.00115519 0 0.971684 239.03 228.015 11.0157 0 -30.8004 -33.1802 32 6853.88 229.302 204 0.000194319
6600 0.0429827 0.0413323 0.00165033 0 0.961605 243.296 232.148 11.1478 0 -30.8036 -30.9838 32 6949.88 230.903 207 0.000199673
6700 0.0425144 0.0410964 0.00141802 0 0.966646 247.56 236.258 11.3028 0 -30.8118 -31.281 32 7045.88 232.492 210 0.000195697
6800 0.0353086 0.0344899 0.000818706 0 0.976813 251.118 239.707 11.4117 0 -30.8323 -32.2585 32 7141.88 234.07 213 0.000161924
6900 0.0512899 0.0492215 0.00206838 0 0.959673 256.183 244.629 11.5546 0 -30.8278 -30.6054 32 7237.88 235.638 216 0.000227877
7000 0.0499018 0.0485043 0.00139745 0 0.971996 261.23 249.479 11.7507 0 -30.8339 -31.1424 32 7333.88 237.196 219 0.000221481
7100 0.0478555 0.0462457 0.00160981 0 0.966361 266.032 254.104 11.9278 0 -30.8377 -31.0458 32 7429.88 238.743 222 0.000208314
7200 0.0394959 0.0381938 0.00130217 0 0.96703 269.992 257.923 12.0691 0 -30.8494 -31.6305 32 7557.88 240.791 226 0.000168999
7300 0.0597369 0.0561769 0.00356002 0 0.940405 275.815 263.541 12.2738 0 -30.8623 -31.4599 32 7653.88 242.315 229 0.000245314
7400 0.0782476 0.0739054 0.00434213 0 0.944508 283.582 270.931 12.6503 0 -30.8709 -31.1795 32 7749.88 243.83 232 0.000318558
7500 0.0598616 0.05682 0.00304161 0 0.949189 289.587 276.613 12.9734 0 -30.8871 -31.6475 32 7845.88 245.336 235 0.000241787
7600 0.0551257 0.0528986 0.00222706 0 0.9596 295.126 281.903 13.2227 0 -30.8974 -31.4378 32 7941.88 246.832 238 0.000222263
7700 0.0492936 0.0471743 0.00211929 0 0.957007 300.071 286.621 13.4508 0 -30.9088 -31.588 32 8037.88 248.32 241 0.000195744
7800 0.044824 0.0434354 0.00138851 0 0.969023 304.589 290.964 13.6245 0 -30.9303 -32.3638 32 8133.88 249.798 244 0.000178014
7900 0.0412025 0.0399166 0.00128592 0 0.96879 308.727 294.956 13.7709 0 -30.9498 -32.3794 32 8229.88 251.268 247 0.000161606
8000 0.0536586 0.0518748 0.00178377 0 0.966757 314.127 300.143 13.9835 0 -30.9663 -31.9123 32 8357.88 253.214 251 0.000206672
8100 0.0460843 0.0443564 0.00172788 0 0.962506 318.733 304.579 14.1538 0 -30.9863 -32.3469 32 8453.88 254.664 254 0.000174632
8200 0.0511409 0.0493653 0.0017756 0 0.96528 323.917 309.515 14.4014 0 -31.0061 -32.2234 32 8549.88 256.106 257 0.000192083
8300 0.0615706 0.0584963 0.00307424 0 0.95007 330.04 315.365 14.6751 0 -31.0041 -30.8975 32 8645.88 257.54 260 0.000224986
8400 0.051085 0.0488992 0.00218576 0 0.957213 335.194 320.255 14.9393 0 -31.0172 -31.8569 32 8741.88 258.966 263 0.000185929
8500 0.0687278 0.0648488 0.00387901 0 0.94356 342.008 326.74 15.2676 0 -31.0146 -30.8865 32 8837.88 260.384 266 0.000243792
8600 0.0535627 0.0512895 0.00227316 0 0.957561 347.426 331.869 15.5572 0 -31.0312 -32.082 32 8933.88 261.794 269 0.000190667
8700 0.0504887 0.0484691 0.00201962 0 0.959999 352.509 336.716 15.7928 0 -31.0529 -32.5361 32 9029.88 263.197 272 0.000178195
8800 0.0627481 0.0587173 0.00403079 0 0.935762 358.66 342.588 16.0729 0 -31.0468 -30.6966 32 9157.88 265.056 276 0.000212744
8900 0.0560557 0.0535934 0.00246234 0 0.956073 364.329 347.947 16.3824 0 -31.0547 -31.5515 32 9253.88 266.442 279 0.000192091
9000 0.0460182 0.0441997 0.00181847 0 0.960484 368.947 352.367 16.5806 0 -31.0712 -32.3789 32 9349.88 267.82 282 0.000156737
9100 0.0413638 0.03994 0.00142374 0 0.96558 373.107 356.361 16.7457 0 -31.0899 -32.7457 32 9445.88 269.191 285 0.000140141
9200 0.0594522 0.0559033 0.00354888 0 0.940307 378.942 361.951 16.9913 0 -31.0795 -30.4143 32 9541.88 270.556 288 0.000194109
9300 0.052399 0.0495429 0.00285613 0 0.945493 384.165 366.905 17.26 0 -31.0804 -31.1451 32 9637.88 271.914 291 0.00017025
9400 0.0466124 0.044485 0.00212744 0 0.954359 388.858 371.354 17.5044 0 -31.0882 -31.7248 32 9733.88 273.264 294 0.00015131
9500 0.0486999 0.0471356 0.00156431 0 0.967879 393.789 376.068 17.7217 0 -31.0993 -31.9764 32 9829.88 274.609 297 0.000158706
9600 0.0455593 0.0440353 0.00152403 0 0.966548 398.364 380.471 17.8926 0 -31.1088 -31.9248 32 9957.88 276.391 301 0.000146297
9700 0.0421232 0.0410589 0.00106435 0 0.974733 402.602 384.577 18.0251 0 -31.126 -32.7488 32 10053.9 277.72 304 0.000135062
9800 0.0541436 0.0513549 0.00278871 0 0.948494 407.911 389.712 18.1983 0 -31.1046 -29.4831 32 10149.9 279.043 307 0.00016728
9900 0.0529994 0.0513285 0.00167093 0 0.968473 413.267 394.845 18.4221 0 -31.0973 -30.5395 32 10245.9 280.359 310 0.000165576
10000 0.0451222 0.0435369 0.00158532 0 0.964866 417.79 399.199 18.591 0 -31.0995 -31.295 32 10341.9 281.67 313 0.000139095
10100 0.0470364 0.0457238 0.0013126 0 0.972094 422.545 403.771 18.7732 0 -31.1095 -31.9947 32 10437.9 282.974 316 0.000144696
10200 0.0400576 0.0394798 0.000577733 0 0.985577 426.609 407.719 18.8894 0 -31.124 -32.6276 32 10533.9 284.272 319 0.000123761
10300 0.0392065 0.0384477 0.000758863 0 0.980644 430.544 411.564 18.98 0 -31.1377 -32.6289 32 10629.9 285.565 322 0.000119403
10400 0.0375676 0.0367307 0.000836891 0 0.977723 434.301 415.237 19.0639 0 -31.1577 -33.4449 32 10757.9 287.279 326 0.000112671
10500 0.0490975 0.0478863 0.00121115 0 0.975332 439.253 420.026 19.2269 0 -31.1864 -33.7043 32 10853.9 288.558 329 0.000145551
10600 0.0443713 0.0424442 0.00192702 0 0.956571 443.599 424.27 19.3287 0 -31.2056 -33.1455 32 10949.9 289.831 332 0.000127844
10700 0.0483004 0.0470104 0.00129 0 0.973292 448.462 428.971 19.4905 0 -31.2305 -33.5 32 11045.9 291.099 335 0.000140329
10800 0.0379255 0.0371136 0.000811937 0 0.978591 452.284 432.683 19.6009 0 -31.2559 -34.2402 32 11141.9 292.361 338 0.000109803
10900 0.044363 0.0430546 0.00130845 0 0.970506 456.722 436.988 19.7343 0 -31.2629 -31.976 32 11237.9 293.618 341 0.00012626
11000 0.0454927 0.0435232 0.0019695 0 0.956707 461.236 441.34 19.8957 0 -31.2716 -32.1542 32 11333.9 294.869 344 0.000126521
11100 0.0489042 0.0470621 0.00184209 0 0.962333 466.16 446.047 20.1139 0 -31.2747 -31.5642 32 11429.9 296.115 347 0.000135626
11200 0.0442063 0.0428998 0.0013065 0 0.970446 470.641 450.337 20.3047 0 -31.2893 -32.8057 32 11557.9 297.769 351 0.000122222
11300 0.0375878 0.0365323 0.00105549 0 0.971919 474.408 453.99 20.4186 0 -31.3054 -33.3151 32 11653.9 299.003 354 0.000103198
11400 0.037648 0.0366741 0.000973893 0 0.974132 478.174 457.657 20.5165 0 -31.323 -33.5369 32 11749.9 300.232 357 0.000102729
11500 0.0363574 0.0352902 0.00106727 0 0.970645 481.801 461.186 20.6145 0 -31.3342 -32.8219 32 11845.9 301.456 360 9.80282e-05
11600 0.0406749 0.0389382 0.00173666 0 0.957304 485.822 465.08 20.7419 0 -31.3434 -32.4417 32 11941.9 302.675 363 0.000107268
11700 0.0378667 0.0367508 0.00111591 0 0.970531 489.644 468.755 20.8884 0 -31.356 -32.9531 32 12037.9 303.889 366 0.000100412
11800 0.0335451 0.0328178 0.000727264 0 0.97832 493.017 472.037 20.9799 0 -31.3731 -33.8576 32 12133.9 305.098 369 8.89372e-05
11900 0.0539877 0.0519433 0.00204432 0 0.962134 498.407 477.231 21.1754 0 -31.364 -30.5343 32 12229.9 306.303 372 0.000139633
12000 0.0384094 0.0374274 0.00098196 0 0.974434 502.292 480.974 21.3176 0 -31.3715 -32.3344 32 12357.9 307.902 376 9.95411e-05
12100 0.0391738 0.0375724 0.00160132 0 0.959123 506.155 484.731 21.4235 0 -31.3722 -31.4559 32 12453.9 309.095 379 9.91357e-05
12200 0.0364469 0.0354793 0.000967582 0 0.973452 509.832 488.279 21.5528 0 -31.3782 -32.2027 32 12549.9 310.284 382 9.28777e-05
12300 0.0362326 0.0347509 0.00148162 0 0.959108 513.398 491.754 21.6436 0 -31.3884 -32.8503 32 12645.9 311.469 385 9.02622e-05
12400 0.0510445 0.0485984 0.00244613 0 0.952079 518.47 496.614 21.8562 0 -31.388 -31.3535 32 12741.9 312.649 388 0.000125254
12500 0.0468267 0.044196 0.00263069 0 0.943821 523.148 501.034 22.1146 0 -31.3933 -31.9791 32 12837.9 313.824 391 0.000113033
12600 0.040146 0.0385705 0.00157549 0 0.960756 527.193 504.891 22.3023 0 -31.4042 -32.8111 32 12933.9 314.996 394 9.78946e-05
12700 0.0380172 0.0367402 0.00127694 0 0.966411 531.022 508.565 22.4573 0 -31.4132 -32.6445 32 13029.9 316.162 397 9.25446e-05
12800 0.0464731 0.0446256 0.00184751 0 0.960246 535.693 513.027 22.6655 0 -31.4034 -30.2974 32 13157.9 317.712 401 0.000111286
12900 0.0721153 0.0683664 0.0037489 0 0.948015 542.841 519.864 22.9766 0 -31.3868 -30.1375 32 13253.9 318.868 404 0.000169224
13000 0.0575463 0.0551604 0.00238596 0 0.958539 548.613 525.38 23.2333 0 -31.3815 -30.8889 32 13349.9 320.021 407 0.000135529
13100 0.0502445 0.0485143 0.0017302 0 0.965564 553.667 530.231 23.4355 0 -31.3838 -31.6305 32 13445.9 321.17 410 0.000118328
13200 0.0556718 0.0538777 0.00179407 0 0.967774 559.246 535.619 23.627 0 -31.375 -30.502 32 13541.9 322.314 413 0.000130455
13300 0.0492963 0.0475933 0.00170308 0 0.965452 564.194 540.379 23.8157 0 -31.3716 -30.9937 32 13637.9 323.455 416 0.000114407
13400 0.0423399 0.0411131 0.00122678 0 0.971026 568.458 544.49 23.9679 0 -31.3785 -32.2861 32 13733.9 324.591 419 9.8122e-05
13500 0.0354674 0.0347674 0.00069996 0 0.980265 572.039 547.967 24.0722 0 -31.3895 -33.129 32 13829.9 325.724 422 8.23873e-05
13600 0.0323325 0.0317246 0.000607875 0 0.981199 575.284 551.139 24.1444 0 -31.4032 -33.8258 32 13957.9 327.228 426 7.4471e-05
13700 0.0366163 0.0352641 0.00135221 0 0.963071 578.905 554.665 24.2398 0 -31.4075 -32.0891 32 14053.9 328.351 429 8.22007e-05
13800 0.0549863 0.0514122 0.00357419 0 0.934999 584.202 559.807 24.3948 0 -31.4048 -31.1068 32 14149.9 329.47 432 0.00011901
13900 0.0712887 0.0681568 0.0031319 0 0.956067 591.332 566.622 24.7097 0 -31.4161 -32.3409 32 14245.9 330.586 435 0.000156682
14000 0.0577536 0.0545793 0.00317432 0 0.945037 597.078 572.08 24.998 0 -31.4258 -32.4286 32 14341.9 331.698 438 0.00012461
14100 0.0580123 0.0551577 0.00285464 0 0.950792 602.888 577.596 25.2916 0 -31.441 -33.0009 32 14437.9 332.807 441 0.000125074
14200 0.0505081 0.0482062 0.00230191 0 0.954425 607.964 582.417 25.5474 0 -31.4518 -32.736 32 14533.9 333.911 444 0.000108573
14300 0.0466533 0.0448296 0.00182377 0 0.960908 612.657 586.9 25.7575 0 -31.4615 -32.7169 32 14629.9 335.012 447 0.00010029
14400 0.041874 0.0403498 0.00152415 0 0.963602 616.868 590.935 25.9334 0 -31.4744 -33.3529 32 14757.9 336.474 451 8.94675e-05
14500 0.0374614 0.0361639 0.00129751 0 0.965364 620.609 594.551 26.0582 0 -31.4886 -33.8354 32 14853.9 337.567 454 7.96561e-05
14600 0.0472635 0.0459979 0.00126557 0 0.973223 625.347 599.151 26.1964 0 -31.496 -32.4644 32 14949.9 338.656 457 0.000100652
14700 0.0506402 0.0474583 0.00318191 0 0.937166 630.273 603.897 26.3765 0 -31.5025 -32.3274 32 15045.9 339.742 460 0.00010317
14800 0.0673075 0.0635205 0.00378698 0 0.943736 636.939 610.249 26.6902 0 -31.5038 -31.6253 32 15141.9 340.824 463 0.000137193
14900 0.0525473 0.0505169 0.00203043 0 0.96136 642.255 615.3 26.9547 0 -31.5098 -32.2252 32 15237.9 341.903 466 0.000108405
15000 0.0537771 0.0508393 0.00293781 0 0.945371 647.532 620.384 27.1473 0 -31.5155 -32.2118 32 15333.9 342.978 469 0.000108399
15100 0.0557664 0.05337 0.00239638 0 0.957028 653.117 625.721 27.3956 0 -31.5283 -33.0166 32 15429.9 344.05 472 0.000113072
15200 0.048936 0.0471002 0.00183575 0 0.962487 658.055 630.431 27.6237 0 -31.5424 -33.4078 32 15557.9 345.474 476 9.895e-05
15300 0.0518381 0.0496871 0.002151 0 0.958505 663.262 635.4 27.8621 0 -31.556 -33.2724 32 15653.9 346.538 479 0.000103731
15400 0.0455497 0.0445128 0.00103695 0 0.977235 667.893 639.851 28.0419 0 -31.5725 -33.9347 32 15749.9 347.599 482 9.23502e-05
15500 0.0439714 0.0425647 0.00140674 0 0.968008 672.284 644.108 28.1765 0 -31.5838 -33.3018 32 15845.9 348.657 485 8.77622e-05
15600 0.0381806 0.0371247 0.0010559 0 0.972345 676.126 647.82 28.3056 0 -31.597 -33.907 32 15941.9 349.711 488 7.60752e-05
15700 0.0365364 0.0355872 0.000949239 0 0.974019 679.785 651.379 28.4061 0 -31.6109 -34.1845 32 16037.9 350.763 491 7.24789e-05
15800 0.0388783 0.0378491 0.00102927 0 0.973526 683.676 655.164 28.5124 0 -31.6293 -34.8348 32 16133.9 351.811 494 7.66175e-05
15900 0.0354152 0.0346428 0.000772448 0 0.978189 687.215 658.628 28.587 0 -31.6445 -34.5902 32 16229.9 352.856 497 6.97037e-05
16000 0.0402038 0.0393616 0.000842118 0 0.979054 691.26 662.564 28.6955 0 -31.6573 -33.8348 32 16357.9 354.245 501 7.85662e-05
16100 0.041859 0.0405236 0.00133531 0 0.9681 695.423 666.617 28.8067 0 -31.6703 -33.8198 32 16453.9 355.283 504 8.04041e-05
16200 0.0369512 0.0361393 0.000811892 0 0.978028 699.126 670.231 28.8958 0 -31.6858 -34.5957 32 16549.9 356.318 507 7.12808e-05
16300 0.0412244 0.039756 0.00146833 0 0.964382 703.242 674.206 29.0353 0 -31.6991 -33.9568 32 16645.9 357.35 510 7.7953e-05
16400 0.0355021 0.0347716 0.00073048 0 0.979424 706.823 677.683 29.1394 0 -31.7155 -34.9335 32 16741.9 358.379 513 6.7781e-05
16500 0.0321132 0.0314736 0.0006396 0 0.980083 710.041 680.831 29.2104 0 -31.7329 -35.5646 32 16837.9 359.405 516 6.09953e-05
16600 0.0304167 0.0299196 0.000497064 0 0.983658 713.1 683.823 29.2769 0 -31.7493 -35.5627 32 16933.9 360.428 519 5.76486e-05
16700 0.0366837 0.0354197 0.00126402 0 0.965543 716.735 687.365 29.3703 0 -31.762 -34.2494 32 17029.9 361.448 522 6.78538e-05
16800 0.0419005 0.040653 0.00124753 0 0.970226 720.96 691.43 29.5304 0 -31.7752 -34.0112 32 17157.9 362.804 526 7.72871e-05
16900 0.036642 0.0356441 0.000997871 0 0.972767 724.651 694.994 29.6565 0 -31.788 -34.2909 32 17253.9 363.817 529 6.73801e-05
17000 0.0304443 0.0298731 0.000571169 0 0.981239 727.704 697.982 29.7228 0 -31.8042 -35.6502 32 17349.9 364.828 532 5.61524e-05
17100 0.0357725 0.0345591 0.00121339 0 0.96608 731.246 701.438 29.808 0 -31.8165 -34.3377 32 17445.9 365.836 535 6.45965e-05
17200 0.0395448 0.0381938 0.00135104 0 0.965835 735.181 705.257 29.9238 0 -31.8296 -34.2585 32 17541.9 366.841 538 7.09921e-05
17300 0.037264 0.0367459 0.000518052 0 0.986098 738.947 708.932 30.0151 0 -31.8442 -34.6978 32 17637.9 367.844 541 6.79223e-05
17400 0.0528833 0.0518628 0.00102051 0 0.980703 744.229 714.118 30.1114 0 -31.8526 -33.0316 32 17733.9 368.843 544 9.5336e-05
17500 0.0424713 0.0415265 0.000944864 0 0.977753 748.488 718.27 30.2178 0 -31.8645 -33.936 32 17829.9 369.84 547 7.59168e-05
17600 0.0375101 0.0369014 0.000608707 0 0.983772 752.264 721.961 30.3038 0 -31.8785 -34.6583 32 17957.9 371.166 551 6.69717e-05
17700 0.0432239 0.0417553 0.00146858 0 0.966024 756.575 726.136 30.4391 0 -31.8839 -32.8242 32 18053.9 372.156 554 7.53707e-05
17800 0.0396617 0.0386611 0.00100058 0 0.974772 760.575 730.002 30.5725 0 -31.8914 -33.3135 32 18149.9 373.144 557 6.94095e-05
17900 0.0340662 0.0330059 0.00106034 0 0.968874 763.984 733.303 30.6811 0 -31.9014 -34.1236 32 18245.9 374.13 560 5.89391e-05
18000 0.0347808 0.0339663 0.000814476 0 0.976583 767.486 736.7 30.7865 0 -31.9139 -34.6605 32 18341.9 375.113 563 6.0331e-05
18100 0.0468274 0.0454552 0.00137219 0 0.970697 772.186 741.245 30.9406 0 -31.92 -32.9161 32 18437.9 376.093 566 8.03096e-05
18200 0.0638329 0.0613185 0.00251437 0 0.96061 778.604 747.377 31.227 0 -31.9048 -30.0743 32 18533.9 377.071 569 0.000107765
18300 0.0575128 0.0547851 0.00272773 0 0.952572 784.31 752.855 31.4542 0 -31.9021 -31.5368 32 18629.9 378.046 572 9.57781e-05
18400 0.0517397 0.0499536 0.00178607 0 0.96548 789.513 757.851 31.6619 0 -31.9072 -32.6682 32 18757.9 379.343 576 8.67251e-05
18500 0.0924754 0.0894422 0.00303325 0 0.967199 798.803 766.795 32.0079 0 -31.9139 -32.4863 32 18853.9 380.312 579 0.000154477
18600 0.0656724 0.0632872 0.00238518 0 0.963681 805.4 773.124 32.2766 0 -31.9162 -32.1962 32 18949.9 381.279 582 0.000108741
18700 0.0520952 0.0502087 0.00188649 0 0.963788 810.623 778.145 32.4785 0 -31.9233 -33.0098 32 19045.9 382.244 585 8.58268e-05
18800 0.074684 0.0697993 0.00488471 0 0.934595 817.882 785.124 32.7578 0 -31.9249 -32.1047 32 19141.9 383.206 588 0.000118706
18900 0.078021 0.0742201 0.00380094 0 0.951283 825.7 792.547 33.1532 0 -31.931 -32.5675 32 19237.9 384.166 591 0.000125584
19000 0.0614583 0.0592619 0.00219644 0 0.964261 831.935 798.473 33.4624 0 -31.9407 -33.2223 32 19333.9 385.123 594 9.97674e-05
19100 0.0967439 0.0930843 0.00365961 0 0.962172 841.627 807.781 33.8463 0 -31.9015 -28.5419 32 19429.9 386.078 597 0.00015592
19200 0.0645533 0.0625362 0.00201708 0 0.968753 848.174 814.035 34.1397 0 -31.8941 -30.936 32 19557.9 387.348 601 0.000104054
19300 0.0633209 0.0608279 0.002493 0 0.960629 854.48 820.118 34.3628 0 -31.8915 -31.5468 32 19653.9 388.297 604 0.000100708
19400 0.0544151 0.0527009 0.00171426 0 0.968497 859.96 825.388 34.572 0 -31.8936 -32.2199 32 19749.9 389.244 607 8.68218e-05
19500 0.0506657 0.049042 0.0016237 0 0.967953 865.034 830.292 34.7423 0 -31.8948 -32.0898 32 19845.9 390.189 610 8.03967e-05
19600 0.0500797 0.0484966 0.00158306 0 0.968389 870.041 835.141 34.8992 0 -31.8955 -32.0308 32 19941.9 391.132 613 7.91136e-05
19700 0.0483477 0.0470728 0.00127484 0 0.973632 874.903 839.849 35.0538 0 -31.9018 -33.0183 32 20037.9 392.072 616 7.64169e-05
19800 0.0441391 0.0435304 0.000608719 0 0.986209 879.369 844.202 35.1675 0 -31.9082 -33.1661 32 20133.9 393.01 619 7.03238e-05
19900 0.0430387 0.0422176 0.000821175 0 0.98092 883.674 848.424 35.2506 0 -31.9142 -33.1349 32 20229.9 393.946 622 6.78739e-05
20000 0.0521869 0.0507071 0.00147982 0 0.971644 888.916 853.494 35.4222 0 -31.9195 -32.8094 32 20357.9 395.19 626 8.10017e-05
