100 0.345859 0.316807 0.0290527 0 0.915999 33.4152 31.6807 1.73456 0 -27.9953 -27.9953 1 426.882 57.2261 101 0.0031367
200 0.548078 0.50891 0.0391678 0 0.928536 87.7838 82.5717 5.21206 0 -27.642 -27.4248 1 526.882 63.5765 201 0.00253189
300 0.642312 0.596643 0.0456695 0 0.928898 152.007 142.236 9.77122 0 -27.6741 -27.718 1 626.882 69.3478 301 0.0019822
400 0.713884 0.661061 0.0528232 0 0.926006 223.167 208.342 14.8246 0 -27.436 -26.9275 1 726.882 74.6744 401 0.00164853
500 0.73463 0.68417 0.0504601 0 0.931312 296.843 276.759 20.0835 0 -27.4415 -27.458 1 826.882 79.6456 501 0.00136561
600 0.801011 0.746466 0.0545456 0 0.931904 377.011 351.406 25.6056 0 -27.4161 -27.3222 1 926.882 84.3242 601 0.00124204
700 0.95555 0.893605 0.061945 0 0.935173 472.279 440.766 31.513 0 -27.4878 -27.7714 1 1026.88 88.7565 701 0.00127476
800 0.994319 0.933877 0.0604419 0 0.939213 571.987 534.154 37.8328 0 -27.6118 -28.199 1 1126.88 92.9778 801 0.00116589
900 1.01018 0.940285 0.0698983 0 0.930806 672.266 628.182 44.0838 0 -27.6494 -27.8639 1 1226.88 97.0156 901 0.0010436
1000 1.16669 1.09953 0.0671565 0 0.942438 789.247 738.135 51.1115 0 -27.6547 -27.6854 1 1326.88 100.892 1001 0.00109843
1100 1.12653 1.05869 0.0678346 0 0.939784 902.12 844.005 58.115 0 -27.7219 -28.1916 1 1426.88 104.625 1101 0.000961573
1200 1.09658 1.03823 0.0583584 0 0.946782 1012.45 947.827 64.621 0 -27.8253 -28.6707 1 1526.88 108.229 1201 0.000864468
1300 1.08446 1.01992 0.064542 0 0.940485 1120.61 1049.82 70.7904 0 -27.9003 -28.6029 1 1626.88 111.717 1301 0.000783949
1400 1.14877 1.08335 0.0654204 0 0.943052 1235.27 1158.15 77.1116 0 -27.9989 -28.9619 1 1726.88 115.099 1401 0.000773271
1500 1.14451 1.08142 0.0630963 0 0.944871 1349.81 1266.3 83.5092 0 -28.0954 -29.1364 1 1826.88 118.385 1501 0.000720465
1600 1.12132 1.06714 0.0541826 0 0.95168 1462.72 1373.01 89.7066 0 -28.1991 -29.4384 1 1926.88 121.582 1601 0.000666543
1700 1.11543 1.05967 0.0557614 0 0.950009 1574.41 1478.98 95.4371 0 -28.2961 -29.5674 1 2026.88 124.696 1701 0.000622967
1800 1.14942 1.09246 0.0569586 0 0.950446 1689.33 1588.22 101.11 0 -28.3748 -29.453 1 2126.88 127.736 1801 0.000606585
1900 1.18489 1.12651 0.0583861 0 0.950725 1807.87 1700.87 107.001 0 -28.467 -29.7811 1 2226.88 130.704 1901 0.000592587
2000 1.22526 1.16373 0.0615274 0 0.949784 1930.48 1817.25 113.231 0 -28.5423 -29.6525 1 2326.88 133.606 2001 0.000581575
2100 1.23797 1.17661 0.0613599 0 0.950435 2054.45 1934.91 119.545 0 -28.6096 -29.6573 1 2426.88 136.447 2101 0.000560024
2200 1.21193 1.14923 0.0626949 0 0.948268 2175.62 2049.83 125.785 0 -28.6727 -29.7423 1 2526.88 139.23 2201 0.00052214
2300 1.25235 1.18868 0.0636706 0 0.949159 2300.68 2168.7 131.986 0 -28.7247 -29.629 1 2626.88 141.958 2301 0.000516591
2400 1.29834 1.23496 0.0633776 0 0.951186 2430.79 2292.19 138.598 0 -28.7693 -29.5591 1 2726.88 144.635 2401 0.000514353
2500 1.29438 1.22261 0.0717687 0 0.944554 2559.62 2414.45 145.164 0 -28.814 -29.6571 1 2826.88 147.263 2501 0.000488849
2600 1.29795 1.2313 0.0666476 0 0.948652 2689.5 2537.58 151.917 0 -28.8556 -29.6744 1 2926.88 149.845 2601 0.000473395
2700 1.30669 1.24176 0.0649349 0 0.950306 2820.39 2661.76 158.627 0 -28.8947 -29.6985 1 3026.88 152.383 2701 0.00045974
2800 1.22994 1.17397 0.0559732 0 0.954491 2943.87 2779.16 164.711 0 -28.9297 -29.7301 1 3126.88 154.88 2801 0.000419125
2900 1.26269 1.20476 0.0579276 0 0.954124 3070.34 2899.63 170.707 0 -28.9612 -29.6939 1 3226.88 157.337 2901 0.000415292
3000 1.25836 1.20145 0.0569138 0 0.954771 3196.4 3019.78 176.624 0 -29.0015 -29.9836 1 3326.88 159.757 3001 0.000400349
3100 1.20252 1.1473 0.0552252 0 0.954076 3316.74 3134.51 182.229 0 -29.0403 -30.0702 1 3426.88 162.14 3101 0.000369976
3200 1.23673 1.18396 0.0527643 0 0.957336 3440.81 3252.9 187.906 0 -29.0776 -30.074 1 3526.88 164.488 3201 0.000369873
3300 1.28246 1.22417 0.0582908 0 0.954548 3569.03 3375.32 193.708 0 -29.1132 -30.0696 1 3626.88 166.804 3301 0.000370848
3400 1.28996 1.22928 0.0606818 0 0.952959 3697.82 3498.25 199.573 0 -29.1497 -30.1612 1 3726.88 169.088 3401 0.000361447
3500 1.32847 1.26634 0.0621277 0 0.953234 3830.69 3624.88 205.81 0 -29.1806 -30.0391 1 3826.88 171.342 3501 0.000361709
3600 1.30546 1.24714 0.0583254 0 0.955322 3961.33 3749.6 211.728 0 -29.2068 -29.9756 1 3926.88 173.566 3601 0.00034633
3700 1.35005 1.29222 0.0578224 0 0.95717 4096.39 3878.82 217.567 0 -29.2432 -30.3125 1 4026.88 175.762 3701 0.000349155
3800 1.3208 1.26424 0.0565688 0 0.957171 4228.73 4005.24 223.488 0 -29.2719 -30.1574 1 4126.88 177.931 3801 0.000332606
3900 1.359 1.29796 0.0610374 0 0.955086 4364.65 4135.04 229.607 0 -29.2842 -29.6674 1 4226.88 180.074 3901 0.000332725
4000 1.37124 1.31032 0.0609157 0 0.955576 4501.84 4266.07 235.771 0 -29.3081 -30.0706 1 4326.88 182.191 4001 0.000327498
4100 1.3843 1.32544 0.0588597 0 0.95748 4640.36 4398.62 241.742 0 -29.3419 -30.4396 1 4426.88 184.285 4101 0.000323199
4200 1.31261 1.25812 0.0544878 0 0.958489 4771.89 4524.43 247.463 0 -29.3742 -30.5149 1 4526.88 186.354 4201 0.000299481
4300 1.35924 1.30228 0.0569657 0 0.95809 4908.02 4654.66 253.364 0 -29.4091 -30.6311 1 4626.88 188.401 4301 0.000302785
4400 1.35039 1.28807 0.0623242 0 0.953847 5042.8 4783.46 259.342 0 -29.4291 -30.1569 1 4726.88 190.427 4401 0.000292676
4500 1.40877 1.34638 0.0623867 0 0.955716 5183.6 4918.1 265.498 0 -29.4486 -30.1455 1 4826.88 192.43 4501 0.00029913
4600 1.36572 1.30977 0.0559511 0 0.959032 5320.51 5049.08 271.43 0 -29.4707 -30.3107 1 4926.88 194.413 4601 0.00028467
4700 1.42911 1.37182 0.0572878 0 0.959914 5463.72 5186.26 277.463 0 -29.5002 -30.593 1 5026.88 196.376 4701 0.000291815
4800 1.3697 1.31372 0.0559785 0 0.959131 5600.86 5317.63 283.229 0 -29.519 -30.2711 1 5126.88 198.32 4801 0.000273636
4900 1.38068 1.32282 0.057861 0 0.958092 5738.73 5449.91 288.815 0 -29.538 -30.3104 1 5226.88 200.245 4901 0.000269907
5000 1.43095 1.3718 0.0591561 0 0.95866 5881.71 5587.09 294.62 0 -29.5607 -30.4718 1 5326.88 202.151 5001 0.000274304
5100 1.4767 1.41712 0.0595787 0 0.959654 6029.62 5728.8 300.815 0 -29.5765 -30.2013 1 5426.88 204.04 5101 0.000277812
5200 1.44455 1.38506 0.0594891 0 0.958818 6174.31 5867.31 306.997 0 -29.5939 -30.3228 1 5526.88 205.911 5201 0.000266307
5300 1.39989 1.34049 0.0593994 0 0.957569 6314.28 6001.36 312.917 0 -29.6135 -30.4748 1 5626.88 207.766 5301 0.000252875
5400 1.5132 1.44752 0.0656851 0 0.956592 6465.33 6146.11 319.222 0 -29.6215 -29.9564 1 5726.88 209.604 5401 0.000268009
5500 1.50783 1.44015 0.06768 0 0.955114 6615.71 6290.13 325.588 0 -29.6315 -30.062 1 5826.88 211.426 5501 0.000261798
5600 1.45558 1.39414 0.06144 0 0.95779 6761.48 6429.54 331.939 0 -29.6491 -30.4481 1 5926.88 213.232 5601 0.000248909
5700 1.50066 1.43542 0.0652469 0 0.956521 6911.48 6573.08 338.4 0 -29.6657 -30.4135 1 6026.88 215.024 5701 0.000251783
5800 1.4868 1.42549 0.0613132 0 0.958762 7060.61 6715.63 344.983 0 -29.6884 -30.7397 1 6126.88 216.8 5801 0.000245732
5900 1.48507 1.4246 0.0604656 0 0.959284 7209.41 6858.09 351.319 0 -29.7067 -30.5763 1 6226.88 218.562 5901 0.000241417
6000 1.46965 1.40769 0.0619605 0 0.95784 7356.46 6998.86 357.597 0 -29.7266 -30.6998 1 6326.88 220.31 6001 0.000234575
6100 1.52337 1.46093 0.062442 0 0.959011 7508.76 7144.95 363.812 0 -29.7422 -30.4988 1 6426.88 222.045 6101 0.000239457
6200 1.49584 1.43838 0.0574652 0 0.961583 7658.54 7288.79 369.755 0 -29.7617 -30.7407 1 6526.88 223.765 6201 0.000231959
6300 1.47603 1.41568 0.0603492 0 0.959114 7805.89 7430.36 375.537 0 -29.7785 -30.6511 1 6626.88 225.473 6301 0.000224675
6400 1.43858 1.3867 0.0518728 0 0.963942 7950.25 7569.03 381.222 0 -29.8007 -31.0003 1 6726.88 227.168 6401 0.000216639
6500 1.41791 1.36341 0.0545067 0 0.961559 8091.98 7705.37 386.612 0 -29.8223 -31.0309 1 6826.88 228.85 6501 0.000209723
6600 1.47268 1.41884 0.053833 0 0.963445 8239.35 7847.25 392.099 0 -29.8427 -30.9671 1 6926.88 230.52 6601 0.000214944
6700 1.40875 1.35794 0.0508104 0 0.963932 8380.49 7983.05 397.442 0 -29.8647 -31.1438 1 7026.88 232.178 6701 0.000202647
6800 1.47264 1.40366 0.0689785 0 0.95316 8526.42 8123.41 403.002 0 -29.8784 -30.6677 1 7126.88 233.824 6801 0.00020639
6900 1.67197 1.60464 0.0673318 0 0.959729 8693.71 8283.88 409.831 0 -29.8931 -30.6446 1 7226.88 235.459 6901 0.000232523
7000 1.61515 1.54913 0.0660231 0 0.959123 8855.31 8438.79 416.524 0 -29.907 -30.6517 1 7326.88 237.083 7001 0.000221273
7100 1.52716 1.46869 0.0584765 0 0.961709 9008.41 8585.66 422.749 0 -29.9216 -30.7664 1 7426.88 238.695 7101 0.000206828
7200 1.50271 1.44576 0.0569503 0 0.962102 9158.9 8730.24 428.662 0 -29.9379 -30.9162 1 7526.88 240.297 7201 0.000200772
7300 1.50329 1.44269 0.0605987 0 0.959689 9309 8874.5 434.494 0 -29.9566 -31.096 1 7626.88 241.888 7301 0.000197602
7400 1.52123 1.46074 0.0604896 0 0.960237 9460.95 9020.58 440.37 0 -29.9728 -30.9658 1 7726.88 243.468 7401 0.000197371
7500 1.53415 1.4759 0.0582442 0 0.962035 9614.46 9168.17 446.29 0 -29.9924 -31.2016 1 7826.88 245.039 7501 0.000196761
7600 1.49477 1.44322 0.0515533 0 0.965511 9764.13 9312.49 451.643 0 -30.0127 -31.3138 1 7926.88 246.599 7601 0.000189872
7700 1.48273 1.42539 0.0573358 0 0.961331 9911.96 9455.03 456.929 0 -30.0312 -31.2558 1 8026.88 248.15 7701 0.000185092
7800 1.5844 1.52359 0.0608154 0 0.961616 10070.2 9607.39 462.796 0 -30.0464 -30.9994 1 8126.88 249.691 7801 0.000195306
7900 1.57397 1.51228 0.0616926 0 0.960804 10227.5 9758.62 468.856 0 -30.0646 -31.227 1 8226.88 251.222 7901 0.000191403
8000 1.54003 1.48325 0.0567794 0 0.963131 10381.9 9906.94 474.925 0 -30.0842 -31.3853 1 8326.88 252.744 8001 0.000185383
8100 1.4881 1.43615 0.0519459 0 0.965092 10531.1 10050.6 480.547 0 -30.1038 -31.4659 1 8426.88 254.257 8101 0.000177281
8200 1.46779 1.4141 0.0536943 0 0.963418 10677.9 10192 485.959 0 -30.1204 -31.3081 1 8526.88 255.762 8201 0.00017243
8300 1.51353 1.45699 0.0565432 0 0.962641 10829.2 10337.7 491.567 0 -30.1359 -31.2325 1 8626.88 257.257 8301 0.000175519
8400 1.53913 1.48087 0.0582547 0 0.962151 10983 10485.8 497.264 0 -30.1506 -31.1837 1 8726.88 258.744 8401 0.000176273
8500 1.52316 1.46966 0.0534989 0 0.964876 11135.8 10632.7 503.08 0 -30.1683 -31.4402 1 8826.88 260.222 8501 0.000172881
8600 1.54152 1.4847 0.0568155 0 0.963143 11290 10781.2 508.77 0 -30.185 -31.3922 1 8926.88 261.692 8601 0.00017262
8700 1.54111 1.48286 0.0582482 0 0.962204 11444 10929.5 514.52 0 -30.1987 -31.2048 1 9026.88 263.153 8701 0.000170424
8800 1.6051 1.54478 0.0603223 0 0.962418 11604.6 11084 520.632 0 -30.2075 -30.837 1 9126.88 264.607 8801 0.000175523
8900 1.53554 1.4828 0.0527409 0 0.965653 11758.5 11232.2 526.28 0 -30.2225 -31.3475 1 9226.88 266.053 8901 0.000166588
9000 1.54085 1.48435 0.0565029 0 0.96333 11912.5 11380.7 531.878 0 -30.2373 -31.3696 1 9326.88 267.49 9001 0.000164909
9100 1.56521 1.5047 0.0605142 0 0.961338 12069 11531.1 537.875 0 -30.2488 -31.1247 1 9426.88 268.921 9101 0.000165333
9200 1.5638 1.50275 0.0610455 0 0.960963 12225.2 11681.4 543.777 0 -30.261 -31.2004 1 9526.88 270.343 9201 0.000163325
9300 1.58941 1.52986 0.0595428 0 0.962538 12384.2 11834.4 549.834 0 -30.2717 -31.0944 1 9626.88 271.758 9301 0.000164484
9400 1.56605 1.50416 0.0618926 0 0.960479 12540.5 11984.8 555.698 0 -30.2836 -31.2311 1 9726.88 273.166 9401 0.00016
9500 1.54133 1.48336 0.057962 0 0.962395 12694.7 12133.2 561.503 0 -30.2969 -31.3732 1 9826.88 274.567 9501 0.000156127
9600 1.61198 1.55128 0.0606994 0 0.962345 12855.6 12288.3 567.29 0 -30.3071 -31.1155 1 9926.88 275.96 9601 0.000161575
9700 1.59708 1.53374 0.0633401 0 0.96034 13015 12441.7 573.366 0 -30.3184 -31.2331 1 10026.9 277.347 9701 0.000158102
9800 1.58583 1.52727 0.0585572 0 0.963075 13173.8 12594.4 579.401 0 -30.3273 -31.0564 1 10126.9 278.726 9801 0.000155828
9900 1.54563 1.48853 0.0571012 0 0.963056 13328.4 12743.2 585.206 0 -30.3383 -31.2702 1 10226.9 280.099 9901 0.000150341
10000 1.51584 1.45978 0.0560535 0 0.963021 13480 12889.2 590.817 0 -30.35 -31.3836 1 10326.9 281.465 10001 0.000145964
10100 1.56933 1.51056 0.0587684 0 0.962552 13636.9 13040.3 596.637 0 -30.3571 -30.9675 1 10426.9 282.825 10101 0.000149545
10200 1.60847 1.54693 0.0615373 0 0.961742 13797.6 13195 602.594 0 -30.3655 -31.0792 1 10526.9 284.178 10201 0.000151645
10300 1.51695 1.45923 0.0577206 0 0.961949 13949.3 13340.9 608.431 0 -30.3744 -31.1807 1 10626.9 285.524 10301 0.000141659
10400 1.67751 1.61315 0.0643549 0 0.961637 14117.1 13502.2 614.946 0 -30.3807 -30.9036 1 10726.9 286.865 10401 0.000155096
10500 1.62768 1.56287 0.0648097 0 0.960183 14279.7 13658.5 621.197 0 -30.388 -31.0227 1 10826.9 288.199 10501 0.00014883
10600 1.61868 1.55773 0.0609515 0 0.962345 14441.7 13814.3 627.469 0 -30.3991 -31.3728 1 10926.9 289.526 10601 0.000146942
10700 1.56958 1.50979 0.0597869 0 0.961909 14598.6 13965.2 633.41 0 -30.4109 -31.4997 1 11026.9 290.848 10701 0.000141089
10800 1.58502 1.52668 0.0583428 0 0.963191 14757.3 14117.9 639.399 0 -30.4213 -31.3775 1 11126.9 292.164 10801 0.000141346
10900 1.61201 1.54935 0.0626654 0 0.961126 14918.3 14272.8 645.46 0 -30.4302 -31.243 1 11226.9 293.474 10901 0.000142129
11000 1.63535 1.57204 0.0633134 0 0.961285 15081.9 14430 651.839 0 -30.4381 -31.1654 1 11326.9 294.778 11001 0.0001429
11100 1.64387 1.5831 0.0607672 0 0.963034 15246.5 14588.4 658.099 0 -30.4475 -31.3092 1 11426.9 296.076 11101 0.000142609
11200 1.57423 1.51573 0.058502 0 0.962838 15403.8 14739.9 663.877 0 -30.4586 -31.5301 1 11526.9 297.369 11201 0.000135321
11300 1.64938 1.58917 0.0602045 0 0.963499 15568.7 14898.8 669.878 0 -30.4659 -31.1451 1 11626.9 298.656 11301 0.000140622
11400 1.64941 1.58733 0.0620821 0 0.962361 15733.5 15057.6 675.883 0 -30.472 -31.0536 1 11726.9 299.938 11401 0.000139227
11500 1.65737 1.5975 0.0598712 0 0.963876 15899.5 15217.3 682.128 0 -30.4788 -31.1182 1 11826.9 301.214 11501 0.000138901
11600 1.66438 1.59795 0.0664328 0 0.960086 16065.6 15377.1 688.467 0 -30.4844 -31.0267 1 11926.9 302.485 11601 0.000137743
11700 1.64987 1.58613 0.0637456 0 0.961363 16230.6 15535.7 694.905 0 -30.4904 -31.0736 1 12026.9 303.75 11701 0.000135555
11800 1.58685 1.52455 0.0622986 0 0.960741 16389.2 15688.2 701.019 0 -30.4984 -31.3196 1 12126.9 305.01 11801 0.000129188
11900 1.59119 1.53261 0.0585857 0 0.963181 16548.4 15841.4 706.977 0 -30.5087 -31.5606 1 12226.9 306.265 11901 0.00012878
12000 1.63062 1.5714 0.0592148 0 0.963686 16711.4 15998.6 712.858 0 -30.5185 -31.5211 1 12326.9 307.515 12001 0.000130939
12100 1.64681 1.58942 0.0573963 0 0.965147 16876.3 16157.5 718.817 0 -30.5271 -31.3992 1 12426.9 308.76 12101 0.000131346
12200 1.60793 1.55407 0.0538647 0 0.966501 17037.3 16312.9 724.404 0 -30.5371 -31.5776 1 12526.9 310 12201 0.000127372
12300 1.62736 1.57278 0.0545792 0 0.966461 17200.3 16470.2 730.042 0 -30.5443 -31.297 1 12626.9 311.235 12301 0.000127858
12400 1.61056 1.54949 0.0610643 0 0.962085 17360.9 16625.2 735.764 0 -30.551 -31.2676 1 12726.9 312.465 12401 0.000124949
12500 1.67498 1.61618 0.0588024 0 0.964894 17528.8 16786.8 742.049 0 -30.5574 -31.219 1 12826.9 313.69 12501 0.000129284
12600 1.59273 1.53884 0.0538863 0 0.966167 17688.3 16940.7 747.655 0 -30.5648 -31.3822 1 12926.9 314.91 12601 0.000122121
12700 1.56292 1.50759 0.0553299 0 0.964598 17844.7 17091.4 753.27 0 -30.5734 -31.548 1 13026.9 316.126 12701 0.000118699
12800 1.56193 1.50877 0.0531585 0 0.965966 18001 17242.3 758.682 0 -30.5843 -31.8324 1 13126.9 317.337 12801 0.000117863
12900 1.63492 1.5799 0.0550236 0 0.966345 18164.8 17400.3 764.466 0 -30.5932 -31.5659 1 13226.9 318.544 12901 0.000122463
13000 1.58548 1.53157 0.0539123 0 0.965996 18323.4 17553.5 769.967 0 -30.6026 -31.6746 1 13326.9 319.745 13001 0.000117804
13100 1.54928 1.49472 0.0545576 0 0.964785 18478.2 17702.9 775.26 0 -30.613 -31.848 1 13426.9 320.943 13101 0.000114092
13200 1.57263 1.51597 0.05666 0 0.963971 18635.3 17854.5 780.763 0 -30.6235 -31.8552 1 13526.9 322.136 13201 0.000114838
13300 1.6203 1.55993 0.0603701 0 0.962741 18797.1 18010.5 786.619 0 -30.6322 -31.6443 1 13626.9 323.324 13301 0.000117279
13400 1.67629 1.60944 0.0668466 0 0.960122 18964 18171.5 792.584 0 -30.6408 -31.6001 1 13726.9 324.508 13401 0.000120098
13500 1.67855 1.61609 0.0624572 0 0.962791 19132.1 18333.1 799.001 0 -30.6495 -31.634 1 13826.9 325.688 13501 0.000119702
13600 1.64275 1.57818 0.0645633 0 0.960698 19296 18490.9 805.149 0 -30.6574 -31.5745 1 13926.9 326.864 13601 0.000116034
13700 1.65364 1.59279 0.0608553 0 0.963199 19461.6 18650.2 811.4 0 -30.6665 -31.7377 1 14026.9 328.035 13701 0.000116254
13800 1.70646 1.64203 0.0644287 0 0.962244 19632.3 18814.4 817.981 0 -30.6759 -31.7372 1 14126.9 329.203 13801 0.000118979
13900 1.60187 1.54171 0.0601587 0 0.962445 19792.4 18968.5 823.858 0 -30.6854 -31.8599 1 14226.9 330.366 13901 0.000110907
14000 1.62454 1.56991 0.05463 0 0.966372 19955 19125.5 829.5 0 -30.6937 -31.7056 1 14326.9 331.525 14001 0.000112129
14100 1.67811 1.61751 0.0605987 0 0.963889 20122.5 19287.3 835.208 0 -30.7015 -31.6288 1 14426.9 332.68 14101 0.000114709
14200 1.72067 1.66085 0.0598245 0 0.965232 20294.7 19453.4 841.331 0 -30.7089 -31.5663 1 14526.9 333.831 14201 0.000116953
14300 1.62567 1.56708 0.0585873 0 0.963961 20457.1 19610.1 847.038 0 -30.7172 -31.7541 1 14626.9 334.978 14301 0.000109578
14400 1.7181 1.65766 0.0604451 0 0.964819 20628.9 19775.8 853.102 0 -30.7241 -31.5482 1 14726.9 336.121 14401 0.000115107
14500 1.70869 1.64644 0.0622527 0 0.963567 20799.9 19940.5 859.394 0 -30.7315 -31.6238 1 14826.9 337.26 14501 0.00011354
14600 1.68322 1.62066 0.0625665 0 0.962829 20968.2 20102.5 865.651 0 -30.7395 -31.7279 1 14926.9 338.396 14601 0.000110996
14700 1.71068 1.64603 0.0646569 0 0.962204 21139 20267.2 871.83 0 -30.7467 -31.6302 1 15026.9 339.527 14701 0.000111967
14800 1.69161 1.62996 0.0616515 0 0.963555 21308.2 20430.1 878.042 0 -30.753 -31.5448 1 15126.9 340.655 14801 0.000110125
14900 1.75117 1.68794 0.0632305 0 0.963892 21483.3 20598.9 884.34 0 -30.761 -31.7388 1 15226.9 341.779 14901 0.000113277
15000 1.70452 1.64737 0.0571474 0 0.966473 21654.2 20763.7 890.518 0 -30.7717 -32.1113 1 15326.9 342.9 15001 0.000109817
15100 1.71283 1.65325 0.0595838 0 0.965213 21825.4 20929 896.41 0 -30.78 -31.8258 1 15426.9 344.016 15101 0.000109479
15200 1.70843 1.64965 0.0587719 0 0.965599 21996.3 21094 902.312 0 -30.788 -31.8149 1 15526.9 345.13 15201 0.000108523
15300 1.71149 1.65467 0.0568119 0 0.966805 22167.9 21259.4 908.44 0 -30.7957 -31.7802 1 15626.9 346.239 15301 0.000108142
15400 1.65371 1.60199 0.0517212 0 0.968724 22333.6 21419.6 913.961 0 -30.8034 -31.8324 1 15726.9 347.345 15401 0.000104019
15500 1.67073 1.61134 0.0593966 0 0.964449 22500.2 21580.8 919.382 0 -30.8102 -31.7228 1 15826.9 348.448 15501 0.000103951
15600 1.70213 1.64508 0.0570541 0 0.966481 22670.2 21745.3 924.909 0 -30.8176 -31.8031 1 15926.9 349.547 15601 0.000105447
15700 1.68515 1.62739 0.057755 0 0.965727 22838.6 21908 930.544 0 -30.8249 -31.7964 1 16026.9 350.643 15701 0.000103649
15800 1.62221 1.56955 0.0526601 0 0.967538 23000.7 22065 935.758 0 -30.8321 -31.8595 1 16126.9 351.735 15801 9.93322e-05
15900 1.71848 1.6623 0.0561727 0 0.967312 23172.8 22231.2 941.611 0 -30.8374 -31.539 1 16226.9 352.824 15901 0.000104541
16000 1.66889 1.61239 0.0564995 0 0.966145 23339.8 22392.4 947.386 0 -30.8433 -31.6587 1 16326.9 353.909 16001 0.000100768
16100 1.73648 1.67645 0.0600254 0 0.965433 23513.4 22560.1 953.352 0 -30.8481 -31.499 1 16426.9 354.991 16101 0.000104121
16200 1.71118 1.65644 0.0547384 0 0.968011 23685.2 22725.7 959.45 0 -30.8543 -31.7029 1 16526.9 356.07 16201 0.000102243
16300 1.61177 1.55936 0.0524029 0 0.967487 23846.5 22881.7 964.848 0 -30.8623 -32.0327 1 16626.9 357.146 16301 9.56607e-05
16400 1.65431 1.60361 0.0507001 0 0.969353 24012.2 23042 970.184 0 -30.8699 -31.9684 1 16726.9 358.218 16401 9.77753e-05
16500 1.70803 1.64379 0.064237 0 0.962391 24182.5 23206.4 976.058 0 -30.8759 -31.7136 1 16826.9 359.287 16501 9.96175e-05
16600 1.75296 1.69087 0.0620884 0 0.964581 24357.8 23375.5 982.307 0 -30.881 -31.5906 1 16926.9 360.353 16601 0.000101854
16700 1.70232 1.64261 0.0597104 0 0.964924 24528 23539.8 988.283 0 -30.8876 -31.8353 1 17026.9 361.416 16701 9.83539e-05
16800 1.67444 1.61389 0.0605583 0 0.963834 24695.3 23701.1 994.129 0 -30.8942 -31.8623 1 17126.9 362.476 16801 9.60589e-05
16900 1.76006 1.6957 0.0643605 0 0.963433 24871 23870.7 1000.33 0 -30.9009 -31.8317 1 17226.9 363.533 16901 0.000100332
17000 1.76446 1.69809 0.0663711 0 0.962384 25047.3 24040.5 1006.74 0 -30.9068 -31.7426 1 17326.9 364.586 17001 9.98816e-05
17100 1.80976 1.74346 0.0662993 0 0.963366 25228.5 24214.9 1013.6 0 -30.9123 -31.6743 1 17426.9 365.637 17101 0.000101951
17200 1.73368 1.67233 0.0613492 0 0.964613 25402.2 24382.1 1020.13 0 -30.9178 -31.7194 1 17526.9 366.684 17201 9.72226e-05
17300 1.76032 1.70068 0.0596431 0 0.966118 25578.6 24552.2 1026.47 0 -30.9226 -31.6161 1 17626.9 367.729 17301 9.82996e-05
17400 1.69589 1.63774 0.0581447 0 0.965714 25748.4 24715.9 1032.47 0 -30.9274 -31.6405 1 17726.9 368.771 17401 9.41176e-05
17500 1.71383 1.65165 0.0621834 0 0.963717 25919.7 24881.1 1038.61 0 -30.9338 -31.9044 1 17826.9 369.809 17501 9.43744e-05
17600 1.66747 1.61008 0.0573874 0 0.965584 26086.7 25042.1 1044.58 0 -30.9403 -31.9486 1 17926.9 370.845 17601 9.14768e-05
17700 1.6859 1.61984 0.0660606 0 0.960816 26254.7 25204.1 1050.61 0 -30.9466 -31.9254 1 18026.9 371.878 17701 9.15113e-05
17800 1.79857 1.73262 0.0659497 0 0.963332 26434.7 25377.4 1057.37 0 -30.9526 -31.8196 1 18126.9 372.908 17801 9.73328e-05
17900 1.72745 1.66528 0.0621729 0 0.964009 26607.6 25543.9 1063.73 0 -30.96 -32.0989 1 18226.9 373.935 17901 9.3027e-05
18000 1.73575 1.66902 0.0667277 0 0.961557 26780.9 25710.8 1070.06 0 -30.9651 -31.7542 1 18326.9 374.959 18001 9.2718e-05
18100 1.76007 1.69327 0.0668057 0 0.962044 26956.9 25880.1 1076.83 0 -30.9699 -31.6863 1 18426.9 375.981 18101 9.35456e-05
18200 1.76289 1.698 0.0648919 0 0.96319 27133.6 26049.9 1083.71 0 -30.9749 -31.7432 1 18526.9 377 18201 9.32914e-05
18300 1.70317 1.64133 0.0618478 0 0.963687 27304 26214.1 1089.98 0 -30.9805 -31.8717 1 18626.9 378.016 18301 8.9685e-05
18400 1.69768 1.63383 0.0638462 0 0.962392 27473.7 26377.4 1096.23 0 -30.9856 -31.808 1 18726.9 379.029 18401 8.87905e-05
18500 1.72683 1.67003 0.0568001 0 0.967107 27646.9 26544.4 1102.47 0 -30.9915 -31.92 1 18826.9 380.04 18501 9.02671e-05
18600 1.83318 1.76954 0.063643 0 0.965283 27830.3 26721.4 1108.88 0 -30.9954 -31.5867 1 18926.9 381.048 18601 9.51315e-05
18700 1.72378 1.66636 0.0574222 0 0.966688 28003.2 26888 1115.14 0 -31.0007 -31.8598 1 19026.9 382.053 18701 8.91053e-05
18800 1.69583 1.63691 0.0589221 0 0.965255 28172.6 27051.7 1120.86 0 -31.0068 -32.0116 1 19126.9 383.056 18801 8.70649e-05
18900 1.72092 1.66424 0.0566756 0 0.967067 28344.7 27218.1 1126.59 0 -31.0126 -31.962 1 19226.9 384.056 18901 8.80505e-05
19000 1.76869 1.7089 0.0597949 0 0.966193 28521.6 27389 1132.54 0 -31.017 -31.7233 1 19326.9 385.053 19001 8.99373e-05
19100 1.80555 1.74544 0.0601065 0 0.96671 28702.1 27563.6 1138.54 0 -31.0214 -31.7104 1 19426.9 386.048 19101 9.13795e-05
19200 1.76278 1.70262 0.0601617 0 0.965871 28878.3 27733.8 1144.48 0 -31.0271 -31.965 1 19526.9 387.041 19201 8.86733e-05
19300 1.75104 1.69501 0.0560247 0 0.968005 29053.8 27903.3 1150.51 0 -31.0332 -32.033 1 19626.9 388.03 19301 8.782e-05
19400 1.75015 1.68935 0.0608027 0 0.965259 29228.7 28072.3 1156.42 0 -31.0378 -31.8038 1 19726.9 389.018 19401 8.70754e-05
19500 1.73416 1.67007 0.064084 0 0.963046 29401.9 28239.3 1162.61 0 -31.044 -32.0815 1 19826.9 390.002 19501 8.56405e-05
19600 1.72647 1.66397 0.0625038 0 0.963797 29574.2 28405.7 1168.57 0 -31.0499 -32.072 1 19926.9 390.985 19601 8.48919e-05
19700 1.79573 1.73601 0.0597269 0 0.96674 29754 28579.3 1174.73 0 -31.0562 -32.0905 1 20026.9 391.964 19701 8.81178e-05
19800 1.7607 1.698 0.0627042 0 0.964387 29929.9 28749.1 1180.81 0 -31.0629 -32.1836 1 20126.9 392.942 19801 8.57532e-05
19900 1.67797 1.62144 0.0565317 0 0.966309 30097.8 28911.2 1186.61 0 -31.0696 -32.2661 1 20226.9 393.917 19901 8.14752e-05
20000 1.67656 1.62637 0.0501876 0 0.970065 30265.8 29073.9 1191.96 0 -31.0766 -32.3274 1 20325.9 394.88 20000 8.13185e-05
