100 0.0513749 0.0475976 0.0037773 0 0.926476 5.06963 4.75976 0.309862 0 -24.2001 -24.2001 16 437.882 57.9587 7 0.00679966
200 0.0579357 0.0541376 0.00379814 0 0.934442 10.9075 10.1735 0.734008 0 -25.4796 -26.5907 16 533.882 63.9974 13 0.00416443
300 0.0438953 0.0412837 0.00261157 0 0.940504 15.3443 14.3019 1.04237 0 -25.9616 -27.1466 16 629.882 69.5136 19 0.00217283
400 0.044712 0.0417871 0.00292489 0 0.934584 19.8328 18.4806 1.35226 0 -26.2694 -27.3215 16 741.882 75.441 26 0.0016072
500 0.0448545 0.0419915 0.00286302 0 0.936171 24.3543 22.6797 1.67455 0 -26.4428 -27.2036 16 837.882 80.1736 32 0.00131223
600 0.0388999 0.0361784 0.00272148 0 0.930039 28.2153 26.2976 1.91771 0 -26.5871 -27.4972 16 933.882 84.642 38 0.000952064
700 0.0418619 0.0396054 0.00225652 0 0.946096 32.4556 30.2581 2.1975 0 -26.81 -28.2934 16 1029.88 88.8861 44 0.000900122
800 0.0345857 0.032891 0.00169468 0 0.951001 35.9646 33.5472 2.41736 0 -27.0546 -29.317 16 1141.88 93.5946 51 0.000644922
900 0.0552833 0.0521562 0.00312718 0 0.943434 41.4244 38.7628 2.66158 0 -27.0137 -26.7443 16 1237.88 97.4495 57 0.00091502
1000 0.0496354 0.0463695 0.00326591 0 0.934202 46.3293 43.3998 2.92947 0 -27.1422 -28.2275 16 1333.88 101.158 63 0.000736024
1100 0.0505192 0.0477248 0.0027944 0 0.944686 51.3714 48.1723 3.19916 0 -27.2214 -27.9493 16 1429.88 104.735 69 0.000691663
1200 0.0601941 0.057323 0.00287108 0 0.952303 57.3938 53.9046 3.48925 0 -27.3913 -28.8406 16 1541.88 108.759 76 0.00075425
1300 0.0601125 0.0568299 0.00328262 0 0.945392 63.4135 59.5876 3.82597 0 -27.5925 -29.51 16 1637.88 112.094 82 0.000693047
1400 0.0795743 0.0749763 0.00459795 0 0.942218 71.3563 67.0852 4.27108 0 -27.7431 -28.9455 16 1733.88 115.332 88 0.000852004
1500 0.0671401 0.0631977 0.00394242 0 0.941281 78.1126 73.405 4.70765 0 -27.9003 -29.561 16 1829.88 118.482 94 0.000672316
1600 0.0620338 0.0587355 0.00329833 0 0.94683 84.3683 79.2785 5.08982 0 -28.0316 -29.6705 16 1941.88 122.054 101 0.000581539
1700 0.0526183 0.0502214 0.00239693 0 0.954447 89.6878 84.3006 5.38714 0 -28.1285 -29.6659 16 2037.88 125.034 107 0.000469359
1800 0.0471257 0.0444471 0.00267861 0 0.94316 94.3483 88.7454 5.60296 0 -28.2127 -29.8323 16 2133.88 127.946 113 0.000393337
1900 0.0545897 0.0525525 0.00203713 0 0.962683 99.8109 94.0006 5.81033 0 -28.3173 -30.1239 16 2229.88 130.792 119 0.000441618
2000 0.0635221 0.0611693 0.00235281 0 0.962961 106.164 100.118 6.04676 0 -28.4393 -30.3566 16 2341.88 134.036 126 0.000485471
2100 0.0604955 0.0580685 0.00242705 0 0.959881 112.234 105.924 6.30968 0 -28.5459 -30.4098 16 2437.88 136.756 132 0.000439913
2200 0.0545331 0.0522664 0.00226673 0 0.958434 117.704 111.151 6.5532 0 -28.6159 -30.0532 16 2533.88 139.423 138 0.000378742
2300 0.0599102 0.0572605 0.00264972 0 0.955772 123.632 116.877 6.75519 0 -28.6556 -29.4434 16 2629.88 142.039 144 0.000397642
2400 0.0867276 0.0845769 0.00215064 0 0.975202 132.419 125.335 7.08439 0 -28.54 -26.9129 16 2741.88 145.032 151 0.000560112
2500 0.0756121 0.0722734 0.00333875 0 0.955844 139.939 132.562 7.3766 0 -28.461 -27.0697 16 2837.88 147.549 157 0.00046034
2600 0.0972841 0.0937296 0.0035545 0 0.963463 149.69 141.935 7.75535 0 -28.4269 -27.9383 16 2933.88 150.024 163 0.000575028
2700 0.110161 0.105266 0.00489565 0 0.955559 160.727 152.462 8.26578 0 -28.3032 -26.6261 16 3029.88 152.459 169 0.000622873
2800 0.0983502 0.0932174 0.00513277 0 0.947811 170.563 161.783 8.77996 0 -28.2785 -27.8749 16 3141.88 155.251 176 0.000529644
2900 0.105782 0.0993544 0.00642752 0 0.939238 181.056 171.719 9.33731 0 -28.2625 -28.0013 16 3237.88 157.605 182 0.000545903
3000 0.115661 0.108118 0.00754237 0 0.934789 192.467 182.531 9.93596 0 -28.3109 -29.08 16 3333.88 159.925 188 0.000575097
3100 0.114041 0.10986 0.00418045 0 0.963342 203.948 193.517 10.431 0 -28.4325 -30.4708 16 3429.88 162.211 194 0.000566291
3200 0.114305 0.110141 0.00416442 0 0.963567 215.423 204.531 10.8918 0 -28.4722 -29.1764 16 3541.88 164.838 201 0.000547963
3300 0.0955592 0.0909696 0.00458965 0 0.951971 224.952 213.628 11.3243 0 -28.5083 -29.3249 16 3637.88 167.057 207 0.000439467
3400 0.0821204 0.0789252 0.00319527 0 0.96109 233.21 221.52 11.6903 0 -28.5662 -30.1425 16 3733.88 169.247 213 0.000370541
3500 0.0792081 0.0760974 0.00311073 0 0.960727 241.14 229.13 12.0098 0 -28.6358 -30.6827 16 3829.88 171.409 219 0.000347477
3600 0.0876944 0.0844047 0.00328969 0 0.962487 249.961 237.57 12.3907 0 -28.6611 -29.3541 16 3941.88 173.897 226 0.000373472
3700 0.0814955 0.0778923 0.00360328 0 0.955786 258.085 245.36 12.7258 0 -28.6975 -29.8167 16 4037.88 176.002 232 0.000335743
3800 0.106668 0.101285 0.00538306 0 0.949535 268.674 255.488 13.1859 0 -28.6806 -28.2686 16 4133.88 178.082 238 0.000425569
3900 0.095559 0.0916527 0.00390632 0 0.959121 278.279 264.653 13.6253 0 -28.6838 -28.773 16 4229.88 180.138 244 0.000375626
4000 0.0842758 0.0808198 0.003456 0 0.958992 286.738 272.735 14.0025 0 -28.7084 -29.518 16 4341.88 182.507 251 0.000321991
4100 0.0745381 0.0719833 0.0025548 0 0.965725 294.256 279.934 14.3221 0 -28.7466 -30.2051 16 4437.88 184.513 257 0.000280091
4200 0.0817738 0.0783455 0.00342835 0 0.958075 302.444 287.768 14.6755 0 -28.8026 -30.8133 16 4533.88 186.498 263 0.000297892
4300 0.0788344 0.0753769 0.00345747 0 0.956143 310.322 295.306 15.0159 0 -28.8433 -30.4053 16 4629.88 188.463 269 0.000280212
4400 0.103843 0.0988982 0.00494513 0 0.952379 320.597 305.196 15.4007 0 -28.8955 -30.4737 16 4741.88 190.728 276 0.000358327
4500 0.0905307 0.087628 0.00290277 0 0.967936 329.747 313.959 15.7883 0 -28.95 -30.8599 16 4837.88 192.649 282 0.000310737
4600 0.086813 0.0837578 0.00305519 0 0.964807 338.462 322.334 16.1272 0 -28.9705 -29.7448 16 4933.88 194.551 288 0.000290826
4700 0.080921 0.0784203 0.00250066 0 0.969098 346.608 330.176 16.4315 0 -29.0007 -30.2578 16 5029.88 196.435 294 0.000266736
4800 0.076024 0.0744112 0.00161287 0 0.978785 354.274 337.618 16.6568 0 -29.0465 -31.1154 16 5141.88 198.61 301 0.000247213
4900 0.066333 0.0645348 0.00179813 0 0.972892 360.883 344.071 16.8124 0 -29.0882 -31.3255 16 5237.88 200.455 307 0.000210211
5000 0.0628926 0.0616114 0.00128125 0 0.979628 367.197 350.232 16.9653 0 -29.1344 -31.7728 16 5333.88 202.284 313 0.000196841
5100 0.0665186 0.0648318 0.00168678 0 0.974642 373.858 356.715 17.1424 0 -29.1667 -30.9488 16 5429.88 204.096 319 0.000203235
5200 0.0819546 0.0794154 0.00253917 0 0.969017 382.072 364.657 17.4156 0 -29.2036 -30.8796 16 5541.88 206.191 326 0.000243605
5300 0.0904867 0.0866236 0.0038631 0 0.957308 391.018 373.319 17.6988 0 -29.2014 -29.11 16 5637.88 207.969 332 0.000260915
5400 0.0885816 0.0860285 0.00255309 0 0.971178 399.936 381.922 18.0136 0 -29.2205 -30.0551 16 5733.88 209.732 338 0.000254522
5500 0.0748668 0.07314 0.00172688 0 0.976934 407.482 389.236 18.2458 0 -29.2579 -31.2442 16 5829.88 211.48 344 0.000212616
5600 0.0781846 0.0753498 0.0028348 0 0.963742 415.239 396.771 18.4679 0 -29.2944 -31.2127 16 5941.88 213.502 351 0.000214672
5700 0.0782334 0.0756714 0.002562 0 0.967252 423.071 404.338 18.7328 0 -29.3334 -31.3966 16 6037.88 215.22 357 0.000211965
5800 0.0758417 0.073518 0.00232367 0 0.969362 430.674 411.69 18.9841 0 -29.3616 -30.9301 16 6133.88 216.924 363 0.000202529
5900 0.0680025 0.0663531 0.00164939 0 0.975745 437.504 418.325 19.1787 0 -29.3881 -31.0602 16 6229.88 218.615 369 0.000179819
6000 0.0845371 0.0824688 0.00206831 0 0.975534 445.969 426.572 19.3972 0 -29.4329 -31.7518 16 6341.88 220.571 376 0.000219332
6100 0.115955 0.112267 0.00368831 0 0.968192 457.572 437.799 19.7736 0 -29.421 -28.9636 16 6437.88 222.235 382 0.000293892
6200 0.0903931 0.0870729 0.0033202 0 0.963269 466.645 446.506 20.1384 0 -29.429 -29.8315 16 6533.88 223.885 388 0.000224415
6300 0.0889632 0.0858706 0.00309258 0 0.965237 475.567 455.093 20.474 0 -29.4519 -30.6507 16 6629.88 225.524 394 0.000217946
6400 0.0811121 0.0785177 0.00259444 0 0.968014 483.73 462.945 20.7848 0 -29.4668 -30.3345 16 6741.88 227.421 401 0.000195805
6500 0.0788754 0.0762493 0.00262609 0 0.966706 491.687 470.57 21.1166 0 -29.4903 -30.9186 16 6837.88 229.034 407 0.000187345
6600 0.0679584 0.065821 0.00213733 0 0.968549 498.516 477.152 21.364 0 -29.5177 -31.4911 16 6933.88 230.637 413 0.000159373
6700 0.0798563 0.0767784 0.00307785 0 0.961458 506.505 484.83 21.6748 0 -29.535 -30.611 16 7029.88 232.228 419 0.000183242
6800 0.0726126 0.070398 0.00221461 0 0.969501 513.821 491.87 21.9514 0 -29.5594 -31.2469 16 7141.88 234.07 426 0.000165253
6900 0.0925477 0.0898996 0.00264809 0 0.971387 523.124 500.86 22.2647 0 -29.5773 -30.5709 16 7237.88 235.638 432 0.000208101
7000 0.0999128 0.0968285 0.00308439 0 0.969129 533.153 510.542 22.6107 0 -29.5703 -29.2013 16 7333.88 237.196 438 0.00022107
7100 0.117119 0.111694 0.0054251 0 0.953679 544.788 521.712 23.0757 0 -29.554 -28.8106 16 7429.88 238.743 444 0.000251564
7200 0.111038 0.106784 0.00425354 0 0.961693 555.962 532.39 23.5717 0 -29.5617 -29.9327 16 7541.88 240.536 451 0.000236772
7300 0.108536 0.104316 0.00422015 0 0.961118 566.884 542.822 24.0623 0 -29.561 -29.53 16 7637.88 242.062 457 0.000228263
7400 0.116396 0.111571 0.00482452 0 0.958551 578.543 553.979 24.5637 0 -29.5691 -29.9624 16 7733.88 243.578 463 0.000240975
7500 0.101959 0.0976947 0.00426388 0 0.95818 588.729 563.749 24.9808 0 -29.5883 -30.6773 16 7829.88 245.086 469 0.000208304
7600 0.0902991 0.0872175 0.00308156 0 0.965874 597.815 572.47 25.3444 0 -29.617 -31.4783 16 7941.88 246.832 476 0.00018323
7700 0.106073 0.101234 0.00483912 0 0.954379 608.363 582.594 25.7688 0 -29.6266 -30.1703 16 8037.88 248.32 482 0.000210029
7800 0.110741 0.107474 0.00326757 0 0.970494 619.563 593.341 26.2218 0 -29.652 -31.031 16 8133.88 249.798 488 0.000220233
7900 0.0876825 0.0850849 0.00259756 0 0.970375 628.36 601.85 26.5109 0 -29.6783 -31.527 16 8229.88 251.268 494 0.000172237
8000 0.0794862 0.0771144 0.00237175 0 0.970162 636.314 609.561 26.7534 0 -29.7059 -31.889 16 8341.88 252.972 501 0.000153921
8100 0.095151 0.0928326 0.0023184 0 0.975635 645.852 618.844 27.0073 0 -29.7183 -30.5487 16 8437.88 254.423 507 0.000183102
8200 0.0905929 0.0877457 0.00284714 0 0.968572 654.855 627.619 27.2358 0 -29.7313 -30.662 16 8533.88 255.866 513 0.000171044
8300 0.105678 0.10196 0.00371777 0 0.96482 665.392 637.815 27.5769 0 -29.7292 -29.5994 16 8629.88 257.302 519 0.000196456
8400 0.0933762 0.0903299 0.00304629 0 0.967376 674.774 646.848 27.9262 0 -29.7387 -30.4082 16 8741.88 258.966 526 0.00017173
8500 0.0964666 0.0925695 0.00389706 0 0.959602 684.385 656.105 28.2804 0 -29.7632 -31.4866 16 8837.88 260.384 532 0.000174003
8600 0.0961622 0.0927747 0.00338756 0 0.964772 694.045 665.382 28.6627 0 -29.779 -30.8961 16 8933.88 261.794 538 0.000172444
8700 0.11129 0.107286 0.00400327 0 0.964028 705.19 676.111 29.0793 0 -29.795 -30.7937 16 9029.88 263.197 544 0.000197217
8800 0.109363 0.105403 0.00396002 0 0.96379 716.15 686.651 29.4992 0 -29.8221 -31.5665 16 9141.88 264.824 551 0.000191294
8900 0.0976661 0.0932762 0.0043899 0 0.955052 725.84 695.979 29.8607 0 -29.8467 -31.6633 16 9237.88 266.211 557 0.000167462
9000 0.0962396 0.0930455 0.00319414 0 0.966811 735.517 705.283 30.2338 0 -29.8783 -32.2498 16 9333.88 267.591 563 0.000165267
9100 0.0890411 0.0859112 0.00312993 0 0.964848 744.386 713.875 30.5118 0 -29.9004 -31.7348 16 9429.88 268.963 569 0.000150986
9200 0.103581 0.100467 0.00311375 0 0.969939 754.776 723.921 30.855 0 -29.9084 -30.4755 16 9541.88 270.556 576 0.000174422
9300 0.115914 0.112869 0.00304551 0 0.973726 766.388 735.208 31.1795 0 -29.9036 -29.5969 16 9637.88 271.914 582 0.000193932
9400 0.0985515 0.0961501 0.00240139 0 0.975633 776.279 744.823 31.456 0 -29.9166 -30.9223 16 9733.88 273.264 588 0.000163521
9500 0.0943754 0.0905951 0.00378024 0 0.959945 785.653 753.883 31.7702 0 -29.9296 -31.0008 16 9829.88 274.609 594 0.000152517
9600 0.103037 0.0991238 0.00391354 0 0.962018 795.93 763.795 32.1351 0 -29.9472 -31.2962 16 9941.88 276.169 601 0.000164931
9700 0.108632 0.104607 0.0040251 0 0.962947 806.818 774.256 32.5621 0 -29.9655 -31.3027 16 10037.9 277.499 607 0.000172334
9800 0.0983361 0.0947223 0.00361383 0 0.96325 816.706 783.728 32.9781 0 -29.9849 -31.5704 16 10133.9 278.823 613 0.000154523
9900 0.0953695 0.0911159 0.00425357 0 0.955399 826.25 792.839 33.4107 0 -29.9987 -31.181 16 10229.9 280.14 619 0.000147199
10000 0.0833486 0.0809674 0.00238112 0 0.971432 834.68 800.936 33.7436 0 -30.0197 -32.073 16 10341.9 281.67 626 0.000129341
10100 0.0923602 0.088202 0.00415819 0 0.954978 843.81 809.756 34.0533 0 -30.0359 -31.5209 16 10437.9 282.974 632 0.00013956
10200 0.088933 0.0857373 0.00319573 0 0.964066 852.758 818.33 34.4276 0 -30.0522 -31.5869 16 10533.9 284.272 638 0.000134385
10300 0.0861203 0.0833702 0.00275011 0 0.968067 861.378 826.667 34.7106 0 -30.0735 -32.1782 16 10629.9 285.565 644 0.000129457
10400 0.0834844 0.0807789 0.00270548 0 0.967593 869.745 834.745 34.9996 0 -30.0923 -32.0302 16 10741.9 287.065 651 0.000124084
10500 0.0815361 0.0787202 0.00281589 0 0.965464 877.908 842.617 35.2905 0 -30.1145 -32.4766 16 10837.9 288.345 657 0.000119818
10600 0.0815055 0.0789128 0.00259268 0 0.96819 886.079 850.508 35.5711 0 -30.135 -32.3405 16 10933.9 289.619 663 0.000119024
10700 0.0908554 0.0868951 0.00396029 0 0.956411 895.154 859.198 35.9557 0 -30.1571 -32.3099 16 11029.9 290.888 669 0.000129888
10800 0.095142 0.0908193 0.00432267 0 0.954566 904.599 868.28 36.3197 0 -30.1782 -32.1815 16 11141.9 292.361 676 0.000134348
10900 0.114725 0.109418 0.00530704 0 0.953741 916.011 879.222 36.7893 0 -30.1873 -30.9115 16 11237.9 293.618 682 0.000160437
11000 0.107901 0.104143 0.00375834 0 0.965169 926.856 889.636 37.2202 0 -30.2097 -32.0977 16 11333.9 294.869 688 0.00015137
11100 0.0980249 0.0936341 0.00439075 0 0.955208 936.56 898.999 37.5606 0 -30.2215 -31.3536 16 11429.9 296.115 694 0.000134919
11200 0.108886 0.10462 0.00426544 0 0.960826 947.511 909.461 38.05 0 -30.2221 -30.2738 16 11541.9 297.563 701 0.000149244
11300 0.147672 0.141241 0.00643132 0 0.956449 962.144 923.585 38.5587 0 -30.1835 -27.6841 16 11637.9 298.798 707 0.000199775
11400 0.139176 0.134793 0.00438258 0 0.96851 976.257 937.065 39.1923 0 -30.1707 -29.2978 16 11733.9 300.027 713 0.00018905
11500 0.110646 0.106384 0.00426188 0 0.961482 987.323 947.703 39.6194 0 -30.1662 -29.7684 16 11829.9 301.252 719 0.000147961
11600 0.100197 0.0967921 0.00340498 0 0.966017 997.379 957.382 39.9968 0 -30.1686 -30.4064 16 11941.9 302.675 726 0.000133322
11700 0.0905927 0.0880211 0.00257163 0 0.971613 1006.46 966.184 40.2768 0 -30.1757 -30.9473 16 12037.9 303.889 732 0.000120247
11800 0.0955883 0.0926701 0.00291819 0 0.969471 1016.04 975.451 40.5858 0 -30.1863 -31.3011 16 12133.9 305.098 738 0.000125569
11900 0.0936183 0.0909659 0.00265245 0 0.971667 1025.43 984.548 40.8777 0 -30.1963 -31.2796 16 12229.9 306.303 744 0.000122266
12000 0.0881067 0.0857452 0.00236149 0 0.973197 1034.26 993.123 41.1398 0 -30.2108 -31.9006 16 12341.9 307.702 751 0.000114175
12100 0.103195 0.0975751 0.00561942 0 0.945545 1044.32 1002.88 41.4353 0 -30.2143 -30.5674 16 12437.9 308.897 757 0.000128897
12200 0.121963 0.115707 0.0062554 0 0.948711 1056.42 1014.45 41.9739 0 -30.2278 -31.3964 16 12533.9 310.087 763 0.000151648
12300 0.101705 0.0973075 0.00439706 0 0.956766 1066.69 1024.18 42.5124 0 -30.2459 -32.1063 16 12629.9 311.272 769 0.000126538
12400 0.0924631 0.0891973 0.00326578 0 0.96468 1076.03 1033.1 42.9252 0 -30.2627 -32.1851 16 12741.9 312.649 776 0.000114945
12500 0.0877844 0.0847961 0.00298827 0 0.965959 1084.8 1041.58 43.2189 0 -30.2818 -32.6216 16 12837.9 313.824 782 0.000108435
12600 0.0864948 0.0832403 0.00325448 0 0.962374 1093.38 1049.9 43.4774 0 -30.2992 -32.4994 16 12933.9 314.996 788 0.000105635
12700 0.118093 0.114339 0.00375414 0 0.96821 1105.21 1061.34 43.8756 0 -30.3251 -32.7202 16 13029.9 316.162 794 0.000144004
12800 0.106826 0.103649 0.00317726 0 0.970258 1115.95 1071.7 44.2448 0 -30.347 -32.5972 16 13141.9 317.518 801 0.000129399
12900 0.0943043 0.0914245 0.00287981 0 0.969463 1125.41 1080.85 44.5592 0 -30.3691 -32.9756 16 13237.9 318.676 807 0.000113289
13000 0.0936891 0.0904712 0.00321787 0 0.965654 1134.74 1089.89 44.8502 0 -30.3836 -32.132 16 13333.9 319.829 813 0.000111281
13100 0.0893238 0.0865798 0.00274393 0 0.969281 1143.68 1098.55 45.1309 0 -30.3984 -32.2747 16 13429.9 320.979 819 0.000105714
13200 0.11136 0.107708 0.00365204 0 0.967205 1154.85 1109.32 45.5301 0 -30.4002 -30.5877 16 13541.9 322.314 826 0.000130397
13300 0.113722 0.107936 0.00578675 0 0.949115 1166.05 1120.12 45.9389 0 -30.4016 -30.5423 16 13637.9 323.455 832 0.00012973
13400 0.113937 0.109508 0.00442904 0 0.961127 1177.48 1131.07 46.4089 0 -30.4061 -30.8743 16 13733.9 324.591 838 0.000130678
13500 0.103641 0.0986 0.00504152 0 0.951356 1187.77 1140.93 46.8447 0 -30.4129 -31.1814 16 13829.9 325.724 844 0.000116825
13600 0.103466 0.10007 0.00339659 0 0.967172 1198.25 1150.93 47.3141 0 -30.4259 -31.9067 16 13941.9 327.04 851 0.000117591
13700 0.100237 0.0964933 0.00374365 0 0.962652 1208.22 1160.58 47.641 0 -30.4391 -32.0245 16 14037.9 328.164 857 0.000112594
13800 0.118754 0.115375 0.00337908 0 0.971545 1220.15 1172.12 48.0305 0 -30.4563 -32.1912 16 14133.9 329.284 863 0.00013369
13900 0.0994067 0.0967576 0.00264915 0 0.97335 1230.12 1181.8 48.3202 0 -30.4746 -32.7174 16 14229.9 330.401 869 0.000111344
14000 0.0918584 0.0897121 0.00214627 0 0.976635 1239.35 1190.77 48.5871 0 -30.4897 -32.5058 16 14341.9 331.698 876 0.000102411
14100 0.0852995 0.0834315 0.00186801 0 0.978101 1247.91 1199.11 48.7978 0 -30.5067 -32.9615 16 14437.9 332.807 882 9.45935e-05
14200 0.0936282 0.09096 0.00266823 0 0.971502 1257.25 1208.21 49.0445 0 -30.5234 -32.7586 16 14533.9 333.911 888 0.000102432
14300 0.0870389 0.0846204 0.0024185 0 0.972214 1265.97 1216.67 49.3003 0 -30.5423 -33.2702 16 14629.9 335.012 894 9.46537e-05
14400 0.0925033 0.0899131 0.00259021 0 0.971999 1275.24 1225.66 49.5818 0 -30.5559 -32.4181 16 14741.9 336.292 901 9.97925e-05
14500 0.087181 0.08506 0.00212105 0 0.975671 1283.98 1234.17 49.818 0 -30.5722 -32.9397 16 14837.9 337.385 907 9.37817e-05
14600 0.0895946 0.0866417 0.00295287 0 0.967042 1292.9 1242.83 50.0652 0 -30.584 -32.2849 16 14933.9 338.475 913 9.48978e-05
14700 0.08423 0.0818494 0.00238062 0 0.971737 1301.34 1251.01 50.3237 0 -30.5978 -32.7081 16 15029.9 339.561 919 8.90635e-05
14800 0.112882 0.109441 0.00344071 0 0.969519 1312.66 1261.96 50.6991 0 -30.6117 -32.2124 16 15141.9 340.824 926 0.000118187
14900 0.0887932 0.0865205 0.00227268 0 0.974405 1321.58 1270.61 50.9713 0 -30.6281 -33.0412 16 15237.9 341.903 932 9.28332e-05
15000 0.0796442 0.0781061 0.00153808 0 0.980688 1329.59 1278.42 51.1714 0 -30.6465 -33.6886 16 15333.9 342.978 938 8.32688e-05
15100 0.0919777 0.0902047 0.00177298 0 0.980724 1338.89 1287.44 51.4495 0 -30.6571 -32.1692 16 15429.9 344.05 944 9.55558e-05
15200 0.0958643 0.0932533 0.00261101 0 0.972763 1348.51 1296.77 51.7416 0 -30.6732 -32.9103 16 15541.9 345.296 951 9.80581e-05
15300 0.0899409 0.0864108 0.0035302 0 0.96075 1357.43 1305.41 52.0177 0 -30.6849 -32.458 16 15637.9 346.361 957 9.02934e-05
15400 0.0985127 0.0954775 0.00303525 0 0.969189 1367.29 1314.96 52.3296 0 -30.6921 -31.6886 16 15733.9 347.423 963 9.91459e-05
15500 0.0892373 0.0859717 0.00326561 0 0.963405 1376.17 1323.55 52.6167 0 -30.6983 -31.6451 16 15829.9 348.481 969 8.87221e-05
15600 0.0943235 0.0913231 0.00300035 0 0.968191 1385.67 1332.69 52.9843 0 -30.7086 -32.209 16 15941.9 349.711 976 9.35688e-05
15700 0.0872095 0.084612 0.00259752 0 0.970215 1394.45 1341.15 53.3049 0 -30.7182 -32.2249 16 16037.9 350.763 982 8.61629e-05
15800 0.0836899 0.0810045 0.00268542 0 0.967912 1402.81 1349.25 53.5598 0 -30.7275 -32.2842 16 16133.9 351.811 988 8.19883e-05
15900 0.105871 0.10171 0.00416082 0 0.960699 1413.38 1359.42 53.9599 0 -30.7281 -30.8098 16 16229.9 352.856 994 0.000102324
16000 0.102678 0.0990011 0.00367671 0 0.964192 1423.69 1369.32 54.3748 0 -30.7379 -32.0764 16 16341.9 354.072 1001 9.89022e-05
16100 0.0975477 0.0938968 0.00365088 0 0.962573 1433.48 1378.71 54.77 0 -30.751 -32.654 16 16437.9 355.11 1007 9.32441e-05
16200 0.0848722 0.0825486 0.0023236 0 0.972622 1442.04 1386.96 55.0724 0 -30.7662 -33.318 16 16533.9 356.146 1013 8.14893e-05
16300 0.0876175 0.0849863 0.00263116 0 0.96997 1450.8 1395.46 55.3343 0 -30.7777 -32.6653 16 16629.9 357.178 1019 8.34017e-05
16400 0.0811229 0.0786469 0.00247599 0 0.969479 1458.91 1403.33 55.5833 0 -30.7892 -32.8435 16 16741.9 358.379 1026 7.66539e-05
16500 0.0842182 0.0812232 0.00299492 0 0.964439 1467.27 1411.45 55.8263 0 -30.7979 -32.3215 16 16837.9 359.405 1032 7.87047e-05
16600 0.092922 0.0903047 0.00261726 0 0.971834 1476.59 1420.48 56.1141 0 -30.8081 -32.4101 16 16933.9 360.428 1038 8.69988e-05
16700 0.09046 0.0873875 0.00307249 0 0.966035 1485.6 1429.22 56.3866 0 -30.818 -32.4456 16 17029.9 361.448 1044 8.37045e-05
16800 0.0847609 0.082626 0.00213489 0 0.974813 1494.11 1437.48 56.6345 0 -30.8253 -32.0938 16 17141.9 362.635 1051 7.86166e-05
16900 0.118833 0.114453 0.00438079 0 0.963135 1505.95 1448.93 57.0235 0 -30.821 -30.277 16 17237.9 363.649 1057 0.000108281
17000 0.110185 0.107183 0.00300162 0 0.972758 1517.09 1459.64 57.445 0 -30.8232 -31.1275 16 17333.9 364.66 1063 0.000100831
17100 0.0946533 0.0908537 0.0037996 0 0.959858 1526.49 1468.73 57.7596 0 -30.8268 -31.3972 16 17429.9 365.668 1069 8.49895e-05
17200 0.0941779 0.0909491 0.00322883 0 0.965716 1535.93 1477.82 58.1031 0 -30.8281 -31.051 16 17541.9 366.841 1076 8.45252e-05
17300 0.12334 0.114542 0.00879714 0 0.928675 1547.87 1489.28 58.5875 0 -30.8182 -29.5356 16 17637.9 367.844 1082 0.000105862
17400 0.12004 0.115155 0.00488455 0 0.959309 1559.91 1500.79 59.1192 0 -30.8161 -30.5518 16 17733.9 368.843 1088 0.000105841
17500 0.0987106 0.095411 0.0032996 0 0.966573 1569.84 1510.34 59.5087 0 -30.8207 -31.5394 16 17829.9 369.84 1094 8.72129e-05
17600 0.090009 0.0877267 0.00228228 0 0.974644 1578.89 1519.11 59.785 0 -30.8285 -32.1746 16 17941.9 371 1101 7.96791e-05
17700 0.0877105 0.0852208 0.00248965 0 0.971615 1587.68 1527.63 60.0513 0 -30.8352 -32.0453 16 18037.9 371.991 1107 7.69836e-05
17800 0.084055 0.081684 0.00237095 0 0.971793 1596.06 1535.8 60.2637 0 -30.8403 -31.8001 16 18133.9 372.98 1113 7.33909e-05
17900 0.117279 0.113731 0.00354857 0 0.969743 1607.72 1547.17 60.5474 0 -30.8367 -30.3486 16 18229.9 373.966 1119 0.000101636
18000 0.139919 0.135597 0.00432227 0 0.969109 1621.74 1560.73 61.0089 0 -30.8231 -29.264 16 18341.9 375.113 1126 0.000120423
18100 0.106198 0.103047 0.00315067 0 0.970332 1632.41 1571.04 61.3716 0 -30.8228 -30.7719 16 18437.9 376.093 1132 9.10311e-05
18200 0.109348 0.106299 0.00304926 0 0.972114 1643.37 1581.67 61.704 0 -30.8261 -31.3236 16 18533.9 377.071 1138 9.34088e-05
18300 0.119551 0.114062 0.00548879 0 0.954088 1655.24 1593.07 62.1711 0 -30.8292 -31.2592 16 18629.9 378.046 1144 9.97045e-05
18400 0.128727 0.12396 0.00476721 0 0.962966 1668.19 1605.47 62.7201 0 -30.8331 -31.328 16 18741.9 379.181 1151 0.000107697
18500 0.110295 0.10642 0.00387478 0 0.964869 1679.27 1616.11 63.1592 0 -30.8394 -31.7918 16 18837.9 380.151 1157 9.19794e-05
18600 0.0992006 0.0964665 0.00273404 0 0.972439 1689.25 1625.76 63.4984 0 -30.8469 -32.1006 16 18933.9 381.118 1163 8.29463e-05
18700 0.0996261 0.0965423 0.0030838 0 0.969046 1699.19 1635.41 63.7818 0 -30.8533 -31.9529 16 19029.9 382.083 1169 8.25854e-05
18800 0.117762 0.112688 0.0050739 0 0.956914 1710.91 1646.68 64.2258 0 -30.8528 -30.7747 16 19141.9 383.206 1176 9.58229e-05
18900 0.103731 0.099365 0.00436558 0 0.957914 1721.28 1656.62 64.6671 0 -30.8578 -31.6876 16 19237.9 384.166 1182 8.40652e-05
19000 0.0938965 0.0901699 0.00372663 0 0.960311 1730.66 1665.63 65.0265 0 -30.8623 -31.6866 16 19333.9 385.123 1188 7.59006e-05
19100 0.093137 0.0898763 0.00326061 0 0.964991 1740.02 1674.62 65.4037 0 -30.8686 -32.0247 16 19429.9 386.078 1194 7.52733e-05
19200 0.0872231 0.084182 0.00304105 0 0.965135 1748.76 1683.04 65.72 0 -30.8756 -32.276 16 19541.9 387.189 1201 7.00933e-05
19300 0.0923243 0.0888188 0.00350551 0 0.96203 1758 1691.92 66.0791 0 -30.882 -32.0891 16 19637.9 388.139 1207 7.35864e-05
19400 0.0884267 0.0851318 0.00329499 0 0.962738 1766.89 1700.43 66.4597 0 -30.8885 -32.1714 16 19733.9 389.087 1213 7.01828e-05
19500 0.0854033 0.0819675 0.00343579 0 0.95977 1775.39 1708.63 66.7564 0 -30.8937 -31.9723 16 19829.9 390.032 1219 6.72416e-05
19600 0.103219 0.0980101 0.00520868 0 0.949537 1785.61 1718.43 67.1801 0 -30.8951 -31.1453 16 19941.9 391.132 1226 7.99429e-05
19700 0.110035 0.104681 0.00535364 0 0.951346 1796.61 1728.9 67.7071 0 -30.8953 -30.9349 16 20037.9 392.072 1232 8.49687e-05
19800 0.115144 0.110018 0.00512513 0 0.955489 1808.13 1739.9 68.2253 0 -30.9028 -32.062 16 20133.9 393.01 1238 8.88678e-05
19900 0.128099 0.122965 0.00513428 0 0.959919 1821.03 1752.2 68.8324 0 -30.9085 -31.7085 16 20229.9 393.946 1244 9.88464e-05
20000 0.110366 0.106001 0.00436441 0 0.960455 1832.11 1762.8 69.3131 0 -30.9169 -32.3069 16 20341.9 395.035 1251 8.47332e-05
