100 0.0589225 0.0543769 0.0045456 0 0.922855 5.7673 5.43769 0.329609 0 -25.8673 -25.8673 8 429.882 57.4268 13 0.00418284
200 0.086619 0.0818496 0.00476944 0 0.944938 14.5516 13.6226 0.928976 0 -27.7772 -29.0311 8 533.882 63.9974 26 0.00314806
300 0.103767 0.0942879 0.00947908 0 0.90865 24.7219 23.0514 1.67051 0 -27.0779 -26.0772 8 629.882 69.5136 38 0.00248126
400 0.0915666 0.0851901 0.00637652 0 0.930362 34.0139 31.5704 2.44351 0 -27.0519 -26.983 8 733.882 75.0331 51 0.00167039
500 0.1053 0.0990231 0.00627654 0 0.940394 44.6244 41.4727 3.15165 0 -27.0342 -26.9773 8 829.882 79.7899 63 0.00157179
600 0.119399 0.111341 0.00805799 0 0.932512 56.5275 52.6068 3.92069 0 -26.6451 -25.1862 8 933.882 84.642 76 0.00146501
700 0.146262 0.135808 0.0104537 0 0.928527 71.0251 66.1876 4.83745 0 -26.6147 -26.4966 8 1029.88 88.8861 88 0.00154327
800 0.150609 0.140027 0.0105821 0 0.929738 86.0388 80.1903 5.84851 0 -26.6331 -26.7197 8 1133.88 93.2661 101 0.0013864
900 0.157181 0.147524 0.00965669 0 0.938563 101.845 94.9427 6.90242 0 -26.5959 -26.3934 8 1229.88 97.1341 113 0.00130552
1000 0.129908 0.119954 0.00995412 0 0.923376 114.669 106.938 7.73087 0 -26.6851 -27.3935 8 1333.88 101.158 126 0.000952017
1100 0.130113 0.123874 0.00623898 0 0.95205 127.876 119.326 8.55025 0 -26.8324 -28.1117 8 1429.88 104.735 138 0.000897637
1200 0.131578 0.125618 0.00595997 0 0.954704 141.144 131.887 9.25624 0 -26.9366 -27.9404 8 1533.88 108.477 151 0.000831907
1300 0.123321 0.117029 0.00629243 0 0.948975 153.509 143.59 9.91876 0 -27.0468 -28.3052 8 1629.88 111.82 163 0.000717968
1400 0.145072 0.138311 0.00676129 0 0.953394 168.083 157.421 10.6618 0 -27.1037 -27.7032 8 1733.88 115.332 176 0.000785857
1500 0.156423 0.147391 0.00903177 0 0.94226 183.624 172.16 11.4639 0 -27.141 -27.5439 8 1829.88 118.482 188 0.000783995
1600 0.152052 0.145409 0.0066428 0 0.956312 198.921 186.701 12.2193 0 -27.2818 -28.9729 8 1933.88 121.802 201 0.000723429
1700 0.139061 0.132564 0.00649698 0 0.95328 212.907 199.958 12.9492 0 -27.4311 -29.5531 8 2029.88 124.789 213 0.000622367
1800 0.151136 0.144138 0.00699755 0 0.9537 228.031 214.372 13.659 0 -27.5444 -29.1407 8 2133.88 127.946 226 0.000637781
1900 0.130831 0.125507 0.00532367 0 0.959309 241.197 226.922 14.2751 0 -27.6728 -29.8961 8 2229.88 130.792 238 0.000527341
2000 0.162727 0.154723 0.0080047 0 0.950809 257.374 242.395 14.9794 0 -27.7912 -29.5565 8 2333.88 133.807 251 0.000616425
2100 0.17873 0.171621 0.00710915 0 0.960224 275.374 259.557 15.8171 0 -27.8859 -29.2404 8 2429.88 136.531 263 0.000652553
2200 0.17719 0.168746 0.00844433 0 0.952343 293.057 276.431 16.6254 0 -27.9696 -29.2716 8 2533.88 139.423 276 0.000611397
2300 0.188782 0.180168 0.00861368 0 0.954372 312.022 294.448 17.5738 0 -28.0325 -29.0053 8 2629.88 142.039 288 0.000625585
2400 0.16925 0.160973 0.008277 0 0.951096 329.023 310.545 18.4781 0 -28.1077 -29.487 8 2733.88 144.82 301 0.000534794
2500 0.151262 0.145465 0.00579751 0 0.961672 344.318 325.092 19.226 0 -28.1908 -29.9794 8 2829.88 147.341 313 0.000464743
2600 0.142971 0.136066 0.00690436 0 0.951708 358.482 338.698 19.7838 0 -28.2492 -29.6683 8 2933.88 150.024 326 0.000417382
2700 0.158132 0.150332 0.00779963 0 0.950676 374.222 353.732 20.4907 0 -28.2951 -29.3398 8 3029.88 152.459 338 0.00044477
2800 0.151637 0.144401 0.00723675 0 0.952276 389.387 368.172 21.2154 0 -28.3533 -29.7897 8 3133.88 155.053 351 0.000411398
2900 0.158691 0.151884 0.00680765 0 0.957101 405.328 383.36 21.9675 0 -28.4279 -30.2506 8 3229.88 157.41 363 0.000418412
3000 0.143998 0.138075 0.00592296 0 0.958868 419.789 397.168 22.6213 0 -28.4878 -30.1669 8 3333.88 159.925 376 0.00036722
3100 0.144339 0.138255 0.00608415 0 0.957848 434.158 410.993 23.1649 0 -28.5552 -30.5236 8 3429.88 162.211 388 0.000356327
3200 0.160336 0.154516 0.00582027 0 0.9637 450.229 426.445 23.7845 0 -28.6301 -30.6552 8 3533.88 164.652 401 0.000385326
3300 0.154795 0.147996 0.00679908 0 0.956077 465.67 441.244 24.4261 0 -28.6909 -30.4631 8 3629.88 166.873 413 0.000358343
3400 0.13462 0.130326 0.00429364 0 0.968105 479.234 454.277 24.9577 0 -28.764 -31.2719 8 3733.88 169.247 426 0.000305929
3500 0.134331 0.130394 0.00393738 0 0.970689 492.735 467.316 25.4193 0 -28.8411 -31.5779 8 3829.88 171.409 438 0.000297702
3600 0.156028 0.149651 0.00637654 0 0.959132 508.221 482.281 25.9396 0 -28.8894 -30.4278 8 3933.88 173.72 451 0.000331821
3700 0.156543 0.150357 0.00618553 0 0.960487 523.869 497.317 26.5516 0 -28.9168 -29.8068 8 4029.88 175.827 463 0.000324745
3800 0.162165 0.15286 0.00930551 0 0.942617 539.836 512.603 27.2329 0 -28.9481 -29.9748 8 4133.88 178.082 476 0.000321134
3900 0.147469 0.140809 0.00665974 0 0.95484 554.654 526.684 27.9697 0 -28.9928 -30.6224 8 4229.88 180.138 488 0.000288544
4000 0.135299 0.129769 0.00553032 0 0.959125 568.246 539.661 28.5852 0 -29.0433 -31.1016 8 4333.88 182.339 501 0.00025902
4100 0.157947 0.152288 0.00565932 0 0.964169 584.147 554.89 29.2578 0 -29.0892 -30.729 8 4429.88 184.347 513 0.000296857
4200 0.165384 0.158109 0.00727473 0 0.956013 600.641 570.7 29.9403 0 -29.1206 -30.2331 8 4533.88 186.498 526 0.000300587
4300 0.157248 0.149652 0.00759628 0 0.951692 616.252 585.666 30.5861 0 -29.1475 -30.1848 8 4629.88 188.463 538 0.000278163
4400 0.192424 0.183323 0.00910071 0 0.952705 635.379 603.998 31.3807 0 -29.1665 -29.7778 8 4733.88 190.567 551 0.00033271
4500 0.20646 0.197106 0.00935407 0 0.954693 655.983 623.709 32.2744 0 -29.2055 -30.4069 8 4829.88 192.49 563 0.0003501
4600 0.188207 0.180853 0.00735451 0 0.960923 674.92 641.794 33.1262 0 -29.2518 -30.8581 8 4933.88 194.551 576 0.000313981
4700 0.166682 0.161761 0.00492078 0 0.970478 691.755 657.97 33.7851 0 -29.3077 -31.5475 8 5029.88 196.435 588 0.000275104
4800 0.155637 0.150816 0.00482108 0 0.969024 707.35 673.052 34.2981 0 -29.3561 -31.5011 8 5133.88 198.455 601 0.000250942
4900 0.149532 0.14459 0.00494152 0 0.966953 722.269 687.511 34.7581 0 -29.4021 -31.5872 8 5229.88 200.302 613 0.000235873
5000 0.159479 0.153678 0.0058008 0 0.963627 738.155 702.878 35.277 0 -29.4428 -31.2902 8 5333.88 202.284 626 0.000245493
5100 0.168151 0.1593 0.00885055 0 0.947365 754.757 718.808 35.9488 0 -29.4752 -30.9189 8 5429.88 204.096 638 0.000249687
5200 0.202105 0.194665 0.00744031 0 0.963186 775.068 738.275 36.7931 0 -29.5319 -31.6362 8 5533.88 206.042 651 0.000299025
5300 0.180123 0.172886 0.00723683 0 0.959823 793.197 755.564 37.633 0 -29.5712 -31.251 8 5629.88 207.821 663 0.000260763
5400 0.184037 0.176785 0.00725186 0 0.960596 811.685 773.242 38.4428 0 -29.6081 -31.1941 8 5733.88 209.732 676 0.000261517
5500 0.200459 0.19258 0.00787855 0 0.960697 831.773 792.5 39.273 0 -29.6487 -31.2881 8 5829.88 211.48 688 0.000279913
5600 0.177396 0.170784 0.0066118 0 0.962729 849.642 809.579 40.0633 0 -29.6783 -31.0579 8 5933.88 213.358 701 0.00024363
5700 0.158537 0.152358 0.00617882 0 0.961026 865.516 824.814 40.7019 0 -29.7154 -31.6976 8 6029.88 215.077 713 0.000213686
5800 0.151334 0.146431 0.00490328 0 0.9676 880.749 839.457 41.2916 0 -29.7589 -32.2297 8 6133.88 216.924 726 0.000201695
5900 0.163624 0.158075 0.00554824 0 0.966091 897.17 855.265 41.9052 0 -29.7988 -31.9407 8 6229.88 218.615 738 0.000214194
6000 0.177506 0.170366 0.00714084 0 0.959771 914.921 872.301 42.6191 0 -29.8114 -30.4501 8 6333.88 220.432 751 0.000226852
6100 0.164967 0.158878 0.00608975 0 0.963085 931.492 888.189 43.3026 0 -29.835 -31.1384 8 6429.88 222.096 763 0.000208228
6200 0.173585 0.167637 0.0059478 0 0.965736 948.924 904.953 43.9708 0 -29.8502 -30.6598 8 6533.88 223.885 776 0.000216028
6300 0.160956 0.153534 0.00742199 0 0.953888 964.91 920.306 44.6035 0 -29.8675 -30.897 8 6629.88 225.524 788 0.00019484
6400 0.15739 0.15263 0.00475954 0 0.96976 980.748 935.569 45.1788 0 -29.8934 -31.4661 8 6733.88 227.286 801 0.00019055
6500 0.193634 0.185803 0.00783088 0 0.959558 1000.08 954.15 45.9332 0 -29.909 -30.7002 8 6829.88 228.9 813 0.00022854
6600 0.173366 0.166615 0.0067505 0 0.961062 1017.46 970.811 46.6493 0 -29.9246 -30.8278 8 6933.88 230.637 826 0.000201713
6700 0.190042 0.181096 0.00894657 0 0.952923 1036.36 988.921 47.4439 0 -29.9396 -30.7426 8 7029.88 232.228 838 0.000216105
6800 0.156571 0.151089 0.00548221 0 0.964986 1052.24 1004.03 48.2122 0 -29.9674 -31.7874 8 7133.88 233.939 851 0.000177543
6900 0.149617 0.143298 0.00631893 0 0.957766 1067.13 1018.36 48.7712 0 -29.9877 -31.4187 8 7229.88 235.508 863 0.000166046
7000 0.136444 0.132708 0.00373616 0 0.972618 1080.92 1031.63 49.2865 0 -30.0155 -32.1682 8 7333.88 237.196 876 0.000151493
7100 0.138143 0.1336 0.00454299 0 0.967114 1094.72 1044.99 49.729 0 -30.0407 -32.0175 8 7429.88 238.743 888 0.000150451
7200 0.142115 0.136395 0.00572026 0 0.959749 1108.84 1058.63 50.2088 0 -30.0568 -31.2981 8 7533.88 240.408 901 0.000151382
7300 0.151277 0.144661 0.00661653 0 0.956262 1123.93 1073.1 50.8335 0 -30.0767 -31.5457 8 7629.88 241.935 913 0.000158446
7400 0.137937 0.134007 0.00393027 0 0.971507 1137.9 1086.5 51.4041 0 -30.1019 -32.1277 8 7733.88 243.578 926 0.000144716
7500 0.161176 0.155044 0.00613141 0 0.961958 1153.93 1102 51.9243 0 -30.1225 -31.5843 8 7829.88 245.086 938 0.000165293
7600 0.159298 0.153721 0.00557699 0 0.96499 1169.87 1117.37 52.4948 0 -30.146 -31.8472 8 7933.88 246.708 951 0.000161642
7700 0.159878 0.15232 0.00755792 0 0.952727 1185.8 1132.61 53.1922 0 -30.1643 -31.5072 8 8029.88 248.196 963 0.000158172
7800 0.160947 0.154015 0.00693155 0 0.956933 1201.92 1148.01 53.9176 0 -30.1882 -31.9445 8 8133.88 249.798 976 0.000157802
7900 0.171723 0.162516 0.00920649 0 0.946388 1218.95 1164.26 54.6869 0 -30.2088 -31.6639 8 8229.88 251.268 988 0.00016449
8000 0.176661 0.167343 0.0093178 0 0.947256 1236.6 1180.99 55.6109 0 -30.228 -31.552 8 8333.88 252.85 1001 0.000167176
8100 0.172324 0.165357 0.00696661 0 0.959573 1253.99 1197.53 56.4594 0 -30.2431 -31.3173 8 8429.88 254.303 1013 0.000163235
8200 0.152667 0.145845 0.00682195 0 0.955315 1269.25 1212.11 57.1413 0 -30.2604 -31.6818 8 8533.88 255.866 1026 0.000142149
8300 0.159709 0.152423 0.00728547 0 0.954383 1285.13 1227.36 57.7751 0 -30.2804 -31.8788 8 8629.88 257.302 1038 0.000146843
8400 0.173174 0.165822 0.00735201 0 0.957545 1302.43 1243.94 58.4929 0 -30.3089 -32.4293 8 8733.88 258.847 1051 0.000157775
8500 0.195728 0.187575 0.00815302 0 0.958345 1322.02 1262.69 59.3277 0 -30.3374 -32.2326 8 8829.88 260.266 1063 0.000176458
8600 0.213809 0.203022 0.010787 0 0.949548 1343.22 1283 60.2263 0 -30.3538 -31.3748 8 8933.88 261.794 1076 0.000188682
8700 0.199006 0.189269 0.00973668 0 0.951073 1363.07 1301.92 61.1496 0 -30.3658 -31.1764 8 9029.88 263.197 1088 0.00017396
8800 0.203068 0.194761 0.00830681 0 0.959093 1383.44 1321.4 62.0386 0 -30.3709 -30.7154 8 9133.88 264.708 1101 0.000176895
8900 0.20586 0.19691 0.00895013 0 0.956523 1404.04 1341.09 62.9532 0 -30.3708 -30.3608 8 9229.88 266.096 1113 0.000176918
9000 0.205055 0.19701 0.00804534 0 0.960765 1424.65 1360.79 63.8542 0 -30.3773 -30.8218 8 9333.88 267.591 1126 0.000174964
9100 0.20137 0.191666 0.0097037 0 0.951812 1444.66 1379.96 64.6994 0 -30.3789 -30.4947 8 9429.88 268.963 1138 0.000168424
9200 0.194985 0.18657 0.00841456 0 0.956845 1464.17 1398.62 65.5592 0 -30.3895 -31.1699 8 9533.88 270.443 1151 0.000162094
9300 0.185092 0.177979 0.00711288 0 0.961571 1482.74 1416.41 66.3315 0 -30.4052 -31.6487 8 9629.88 271.801 1163 0.000153035
9400 0.188787 0.18013 0.0086566 0 0.954146 1501.53 1434.43 67.1002 0 -30.4204 -31.6162 8 9733.88 273.264 1176 0.000153172
9500 0.204835 0.196738 0.0080975 0 0.960468 1522.15 1454.1 68.0453 0 -30.4262 -30.8462 8 9829.88 274.609 1188 0.000165604
9600 0.219558 0.210479 0.00907886 0 0.958649 1544.1 1475.15 68.9517 0 -30.4398 -31.387 8 9933.88 276.058 1201 0.000175253
9700 0.189898 0.183341 0.00655654 0 0.965473 1563.24 1493.48 69.7575 0 -30.4594 -32.0358 8 10029.9 277.388 1213 0.000151147
9800 0.169584 0.163923 0.00566101 0 0.966618 1580.24 1509.87 70.3645 0 -30.481 -32.4742 8 10133.9 278.823 1226 0.000133705
9900 0.176462 0.169434 0.00702787 0 0.960173 1597.74 1526.82 70.9254 0 -30.495 -31.7588 8 10229.9 280.14 1238 0.000136861
10000 0.165639 0.161193 0.00444608 0 0.973158 1614.42 1542.94 71.4871 0 -30.5141 -32.3396 8 10333.9 281.561 1251 0.000128851
10100 0.173577 0.167437 0.00614025 0 0.964625 1631.74 1559.68 72.0587 0 -30.533 -32.2982 8 10429.9 282.865 1263 0.000132571
10200 0.158394 0.154068 0.00432668 0 0.972684 1647.67 1575.09 72.5786 0 -30.5558 -32.8927 8 10533.9 284.272 1276 0.000120743
10300 0.157994 0.154127 0.0038678 0 0.975519 1663.51 1590.5 73.0146 0 -30.5804 -33.1321 8 10629.9 285.565 1288 0.000119663
10400 0.166019 0.160812 0.00520636 0 0.96864 1680.07 1606.58 73.4884 0 -30.5997 -32.5391 8 10733.9 286.958 1301 0.000123607
10500 0.181204 0.175139 0.00606505 0 0.966529 1698.25 1624.1 74.1573 0 -30.615 -32.0344 8 10829.9 288.238 1313 0.000133388
10600 0.171006 0.165904 0.00510265 0 0.970161 1715.43 1640.69 74.7412 0 -30.6386 -32.9662 8 10933.9 289.619 1326 0.000125116
10700 0.177158 0.170915 0.00624263 0 0.964762 1733.06 1657.78 75.2786 0 -30.6554 -32.2946 8 11029.9 290.888 1338 0.000127739
10800 0.196226 0.188914 0.00731197 0 0.962737 1752.6 1676.67 75.9351 0 -30.6745 -32.3612 8 11133.9 292.256 1351 0.000139832
10900 0.228255 0.218389 0.00986689 0 0.956773 1775.38 1698.51 76.8697 0 -30.6794 -31.0603 8 11229.9 293.513 1363 0.000160226
11000 0.25062 0.239271 0.0113487 0 0.954717 1800.52 1722.43 78.0881 0 -30.6762 -30.4487 8 11333.9 294.869 1376 0.000173889
11100 0.228456 0.217921 0.0105343 0 0.953889 1823.44 1744.23 79.2127 0 -30.6783 -30.8432 8 11429.9 296.115 1388 0.000157004
11200 0.211842 0.20342 0.00842217 0 0.960243 1844.75 1764.57 80.1833 0 -30.6905 -31.7322 8 11533.9 297.459 1401 0.000145196
11300 0.195524 0.187162 0.00836193 0 0.957233 1864.24 1783.28 80.9533 0 -30.7015 -31.7442 8 11629.9 298.695 1413 0.000132457
11400 0.219719 0.210419 0.00930013 0 0.957673 1886.27 1804.33 81.9414 0 -30.7072 -31.1956 8 11733.9 300.027 1426 0.000147559
11500 0.250004 0.239226 0.0107778 0 0.956889 1911.4 1828.25 83.1539 0 -30.7014 -30.2606 8 11829.9 301.252 1438 0.00016636
11600 0.204667 0.193872 0.0107957 0 0.947253 1931.7 1847.64 84.0612 0 -30.7042 -30.9676 8 11933.9 302.574 1451 0.000133613
11700 0.202964 0.194499 0.00846479 0 0.958294 1952.11 1867.09 85.0224 0 -30.707 -30.9719 8 12029.9 303.788 1463 0.000132945
11800 0.200241 0.190802 0.00943943 0 0.95286 1972.09 1886.17 85.9281 0 -30.7143 -31.4324 8 12133.9 305.098 1476 0.000129269
11900 0.20129 0.194174 0.00711665 0 0.964645 1992.4 1905.58 86.8147 0 -30.7275 -32.0039 8 12229.9 306.303 1488 0.000130493
12000 0.20426 0.196698 0.00756249 0 0.962976 2012.86 1925.25 87.6109 0 -30.7336 -31.3316 8 12333.9 307.603 1501 0.000131045
12100 0.220393 0.212206 0.00818678 0 0.962854 2035.03 1946.47 88.5535 0 -30.7393 -31.2528 8 12429.9 308.797 1513 0.000140255
12200 0.194615 0.187297 0.00731749 0 0.9624 2054.52 1965.2 89.3171 0 -30.7489 -31.7558 8 12533.9 310.087 1526 0.000122737
12300 0.178914 0.173572 0.00534196 0 0.970142 2072.51 1982.56 89.9485 0 -30.7637 -32.4598 8 12629.9 311.272 1538 0.000112856
12400 0.193814 0.188368 0.00544582 0 0.971902 2091.98 2001.4 90.5794 0 -30.7781 -32.3091 8 12733.9 312.551 1551 0.000121449
12500 0.196107 0.18817 0.00793713 0 0.959527 2111.41 2020.22 91.1967 0 -30.7879 -31.8425 8 12829.9 313.727 1563 0.00012039
12600 0.203848 0.19575 0.00809861 0 0.960271 2131.76 2039.79 91.9727 0 -30.7942 -31.4454 8 12933.9 314.996 1576 0.000124207
12700 0.194867 0.187312 0.00755512 0 0.961229 2151.25 2058.52 92.7279 0 -30.8018 -31.6298 8 13029.9 316.162 1588 0.000117954
12800 0.214168 0.206054 0.00811349 0 0.962116 2172.69 2079.13 93.565 0 -30.8128 -31.9163 8 13133.9 317.422 1601 0.000128703
12900 0.238586 0.228465 0.0101209 0 0.95758 2196.49 2101.97 94.5215 0 -30.812 -30.7448 8 13229.9 318.58 1613 0.00014164
13000 0.245663 0.236091 0.00957183 0 0.961037 2221.17 2125.58 95.5855 0 -30.8089 -30.5339 8 13333.9 319.829 1626 0.000145197
13100 0.214343 0.205468 0.00887454 0 0.958597 2242.61 2146.13 96.4845 0 -30.8128 -31.2142 8 13429.9 320.979 1638 0.000125439
13200 0.22436 0.216516 0.00784398 0 0.965038 2265.15 2167.78 97.3644 0 -30.8192 -31.4518 8 13533.9 322.219 1651 0.000131142
13300 0.213442 0.204953 0.00848911 0 0.960228 2286.45 2188.28 98.1699 0 -30.8305 -32.0292 8 13629.9 323.36 1663 0.000123243
13400 0.209207 0.203056 0.00615051 0 0.970601 2307.55 2208.58 98.973 0 -30.8472 -32.6564 8 13733.9 324.591 1676 0.000121155
13500 0.189201 0.183492 0.00570898 0 0.969826 2326.54 2226.93 99.6055 0 -30.8602 -32.4488 8 13829.9 325.724 1688 0.000108704
13600 0.196247 0.189717 0.00652985 0 0.966726 2346.17 2245.9 100.268 0 -30.8733 -32.4184 8 13933.9 326.946 1701 0.000111533
13700 0.197188 0.191557 0.00563046 0 0.971446 2365.97 2265.06 100.907 0 -30.8827 -31.9991 8 14029.9 328.07 1713 0.000111826
13800 0.188072 0.181306 0.00676587 0 0.964025 2384.67 2283.19 101.486 0 -30.8923 -32.1056 8 14133.9 329.284 1726 0.000105044
13900 0.209814 0.202375 0.00743844 0 0.964547 2405.66 2303.43 102.238 0 -30.9042 -32.2643 8 14229.9 330.401 1738 0.000116441
14000 0.215784 0.207141 0.00864311 0 0.959946 2427.31 2324.14 103.174 0 -30.9141 -32.0095 8 14333.9 331.606 1751 0.000118299
14100 0.200206 0.193187 0.00701858 0 0.964943 2447.49 2343.46 104.03 0 -30.9257 -32.3255 8 14429.9 332.714 1763 0.000109579
14200 0.192265 0.186009 0.00625604 0 0.967461 2466.79 2362.06 104.73 0 -30.9391 -32.6343 8 14533.9 333.911 1776 0.000104735
14300 0.188038 0.181483 0.0065551 0 0.965139 2485.57 2380.21 105.365 0 -30.9514 -32.5613 8 14629.9 335.012 1788 0.0001015
14400 0.187423 0.181381 0.00604207 0 0.967762 2504.37 2398.35 106.028 0 -30.9616 -32.3172 8 14733.9 336.201 1801 0.000100711
14500 0.196888 0.191002 0.00588606 0 0.970105 2524.13 2417.45 106.681 0 -30.9699 -32.0141 8 14829.9 337.294 1813 0.000105351
14600 0.192573 0.186336 0.00623772 0 0.967609 2543.41 2436.08 107.325 0 -30.9816 -32.5197 8 14933.9 338.475 1826 0.000102046
14700 0.198225 0.192464 0.00576091 0 0.970938 2563.38 2455.33 108.052 0 -30.9883 -31.8456 8 15029.9 339.561 1838 0.000104714
14800 0.175875 0.170552 0.00532244 0 0.969737 2581 2472.38 108.617 0 -30.998 -32.3969 8 15133.9 340.734 1851 9.21407e-05
14900 0.174369 0.169427 0.00494114 0 0.971663 2598.46 2489.32 109.139 0 -31.0103 -32.8296 8 15229.9 341.813 1863 9.09434e-05
15000 0.182936 0.176305 0.00663108 0 0.963752 2616.65 2506.96 109.692 0 -31.0185 -32.1973 8 15333.9 342.978 1876 9.39791e-05
15100 0.213813 0.205133 0.00867991 0 0.959404 2637.99 2527.47 110.525 0 -31.0257 -31.9046 8 15429.9 344.05 1888 0.000108651
15200 0.206319 0.197072 0.00924688 0 0.955182 2658.57 2547.18 111.393 0 -31.0363 -32.397 8 15533.9 345.207 1901 0.000103668
15300 0.197491 0.188906 0.00858564 0 0.956526 2678.25 2566.07 112.187 0 -31.041 -31.68 8 15629.9 346.272 1913 9.87483e-05
15400 0.200704 0.194799 0.00590475 0 0.97058 2698.43 2585.55 112.886 0 -31.0451 -31.59 8 15733.9 347.423 1926 0.000101142
15500 0.182328 0.175884 0.00644463 0 0.964654 2716.61 2603.13 113.473 0 -31.0523 -32.1142 8 15829.9 348.481 1938 9.07553e-05
15600 0.208562 0.200084 0.00847743 0 0.959353 2737.4 2623.14 114.257 0 -31.0512 -30.9065 8 15933.9 349.624 1951 0.000102555
15700 0.220569 0.210801 0.009768 0 0.955715 2759.3 2644.22 115.08 0 -31.0513 -31.0627 8 16029.9 350.675 1963 0.000107387
15800 0.209506 0.20292 0.00658597 0 0.968564 2780.4 2664.52 115.884 0 -31.0565 -31.7379 8 16133.9 351.811 1976 0.000102692
15900 0.191248 0.182717 0.00853117 0 0.955392 2799.27 2682.79 116.487 0 -31.0607 -31.6853 8 16229.9 352.856 1988 9.19098e-05
16000 0.19915 0.192922 0.00622813 0 0.968726 2819.37 2702.08 117.293 0 -31.0635 -31.4549 8 16333.9 353.985 2001 9.64127e-05
16100 0.17951 0.17276 0.00674982 0 0.962399 2837.32 2719.36 117.969 0 -31.0718 -32.364 8 16429.9 355.024 2013 8.58224e-05
16200 0.171764 0.167098 0.00466543 0 0.972838 2854.62 2736.07 118.557 0 -31.0832 -32.9585 8 16533.9 356.146 2026 8.2477e-05
16300 0.195286 0.188136 0.00715001 0 0.963387 2874.15 2754.88 119.275 0 -31.0861 -31.5077 8 16629.9 357.178 2038 9.2314e-05
16400 0.205869 0.197246 0.00862347 0 0.958112 2894.65 2774.6 120.05 0 -31.0869 -31.2056 8 16733.9 358.293 2051 9.61705e-05
16500 0.203398 0.19674 0.00665869 0 0.967263 2915.1 2794.28 120.823 0 -31.0955 -32.3096 8 16829.9 359.319 2063 9.53658e-05
16600 0.190614 0.184039 0.00657454 0 0.965509 2934.16 2812.68 121.481 0 -31.1006 -31.8769 8 16933.9 360.428 2076 8.86509e-05
16700 0.197516 0.190458 0.00705817 0 0.964265 2953.89 2831.73 122.163 0 -31.1035 -31.5358 8 17029.9 361.448 2088 9.12156e-05
16800 0.190735 0.184585 0.00615011 0 0.967756 2973.03 2850.19 122.841 0 -31.1095 -32.0439 8 17133.9 362.55 2101 8.78558e-05
16900 0.181028 0.174904 0.00612383 0 0.966172 2991.13 2867.68 123.457 0 -31.117 -32.3476 8 17229.9 363.564 2113 8.27752e-05
17000 0.175916 0.17114 0.0047764 0 0.972848 3008.78 2884.79 123.995 0 -31.1246 -32.4119 8 17333.9 364.66 2126 8.04986e-05
17100 0.19422 0.188361 0.00585871 0 0.969835 3028.2 2903.63 124.574 0 -31.1313 -32.165 8 17429.9 365.668 2138 8.81017e-05
17200 0.208731 0.203457 0.00527349 0 0.974735 3049.22 2923.97 125.245 0 -31.1419 -32.6675 8 17533.9 366.758 2151 9.45873e-05
17300 0.186475 0.182428 0.00404655 0 0.9783 3068 2942.21 125.782 0 -31.1538 -33.0896 8 17629.9 367.76 2163 8.43405e-05
17400 0.196954 0.190557 0.0063961 0 0.967525 3087.69 2961.27 126.421 0 -31.1611 -32.2984 8 17733.9 368.843 2176 8.75723e-05
17500 0.189629 0.183796 0.00583248 0 0.969243 3106.65 2979.65 127.001 0 -31.1687 -32.4057 8 17829.9 369.84 2188 8.4002e-05
17600 0.222629 0.213765 0.00886456 0 0.960182 3128.83 3001.03 127.799 0 -31.1677 -31.0281 8 17933.9 370.917 2201 9.71216e-05
17700 0.223629 0.216075 0.00755349 0 0.966223 3151.31 3022.63 128.674 0 -31.1654 -30.8488 8 18029.9 371.909 2213 9.7639e-05
17800 0.238897 0.231053 0.00784408 0 0.967165 3175.26 3045.74 129.518 0 -31.1597 -30.4056 8 18133.9 372.98 2226 0.000103797
17900 0.224201 0.217345 0.00685592 0 0.969421 3197.76 3067.47 130.287 0 -31.1579 -30.909 8 18229.9 373.966 2238 9.71157e-05
18000 0.214751 0.20814 0.00661194 0 0.969211 3219.3 3088.29 131.009 0 -31.1605 -31.5483 8 18333.9 375.031 2251 9.24654e-05
18100 0.22946 0.222144 0.0073165 0 0.968114 3242.35 3110.5 131.853 0 -31.1634 -31.5603 8 18429.9 376.012 2263 9.81634e-05
18200 0.198955 0.193206 0.00574868 0 0.971106 3262.36 3129.82 132.54 0 -31.1677 -31.8632 8 18533.9 377.071 2276 8.48884e-05
18300 0.200729 0.195246 0.00548303 0 0.972684 3282.53 3149.35 133.187 0 -31.1727 -31.9881 8 18629.9 378.046 2288 8.53347e-05
18400 0.206416 0.200168 0.0062477 0 0.969732 3303.24 3169.36 133.873 0 -31.1787 -32.1321 8 18733.9 379.1 2301 8.69917e-05
18500 0.232183 0.22422 0.00796383 0 0.9657 3326.54 3191.79 134.753 0 -31.1862 -32.2381 8 18829.9 380.07 2313 9.69389e-05
18600 0.210966 0.204268 0.00669767 0 0.968252 3347.72 3212.21 135.503 0 -31.1951 -32.6063 8 18933.9 381.118 2326 8.78196e-05
18700 0.24071 0.230783 0.00992705 0 0.958759 3371.76 3235.29 136.468 0 -31.2003 -31.9222 8 19029.9 382.083 2338 9.87094e-05
18800 0.230081 0.220951 0.00913026 0 0.960317 3394.82 3257.39 137.431 0 -31.2065 -32.1154 8 19133.9 383.126 2351 9.39818e-05
18900 0.213218 0.20478 0.00843867 0 0.960422 3416.14 3277.86 138.277 0 -31.212 -32.0864 8 19229.9 384.086 2363 8.66608e-05
19000 0.194472 0.1867 0.00777186 0 0.960036 3435.61 3296.53 139.077 0 -31.218 -32.2722 8 19333.9 385.123 2376 7.85774e-05
19100 0.202708 0.196497 0.00621079 0 0.969361 3456.01 3316.18 139.828 0 -31.2265 -32.6521 8 19429.9 386.078 2388 8.22852e-05
19200 0.209448 0.200053 0.0093953 0 0.955143 3476.69 3336.19 140.503 0 -31.2314 -32.0566 8 19533.9 387.11 2401 8.33206e-05
19300 0.205781 0.198894 0.00688679 0 0.966533 3497.42 3356.08 141.345 0 -31.2371 -32.1914 8 19629.9 388.06 2413 8.24261e-05
19400 0.209765 0.20137 0.00839451 0 0.959981 3518.42 3376.22 142.204 0 -31.2463 -32.7768 8 19733.9 389.087 2426 8.30051e-05
19500 0.204362 0.195664 0.00869798 0 0.957438 3538.81 3395.78 143.031 0 -31.2544 -32.6502 8 19829.9 390.032 2438 8.02561e-05
19600 0.197179 0.191965 0.00521471 0 0.973553 3558.71 3414.98 143.727 0 -31.263 -32.7864 8 19933.9 391.053 2451 7.8321e-05
19700 0.191515 0.185971 0.00554402 0 0.971052 3577.87 3433.58 144.298 0 -31.2712 -32.8033 8 20029.9 391.994 2463 7.5506e-05
19800 0.196523 0.19017 0.00635321 0 0.967672 3597.58 3452.59 144.984 0 -31.2776 -32.4278 8 20133.9 393.01 2476 7.68053e-05
19900 0.199052 0.19164 0.00741201 0 0.962764 3617.44 3471.76 145.686 0 -31.2826 -32.2007 8 20229.9 393.946 2488 7.70259e-05
20000 0.209437 0.202671 0.00676593 0 0.967695 3638.43 3492.02 146.406 0 -31.286 -31.8595 8 20333.9 394.957 2501 8.1036e-05
