100 0.0418426 0.0381546 0.00368801 0 0.91186 4.10474 3.81546 0.289284 0 -27.2588 -27.2588 4 429.882 57.4268 26 0.00146748
200 0.106164 0.0976553 0.00850866 0 0.919854 14.519 13.581 0.938054 0 -27.2008 -27.1779 4 529.882 63.7572 51 0.00191481
300 0.157927 0.14617 0.0117574 0 0.925552 30.174 28.198 1.97603 0 -27.6089 -27.9874 4 629.882 69.5136 76 0.00192329
400 0.161028 0.149458 0.0115701 0 0.928148 46.4035 43.1438 3.25971 0 -27.4115 -27.0445 4 729.882 74.8284 101 0.00147978
500 0.142959 0.133825 0.00913446 0 0.936104 60.8719 56.5262 4.34571 0 -27.6022 -28.2136 4 829.882 79.7899 126 0.0010621
600 0.195637 0.182841 0.012796 0 0.934593 80.331 74.8103 5.52076 0 -27.8007 -28.4218 4 929.882 84.4605 151 0.00121086
700 0.180729 0.168616 0.0121135 0 0.932974 98.4016 91.6719 6.72975 0 -27.8635 -28.1428 4 1029.88 88.8861 176 0.000958045
800 0.190445 0.177877 0.0125679 0 0.934008 117.452 109.46 7.99235 0 -27.9533 -28.4171 4 1129.88 93.1015 201 0.000884962
900 0.227196 0.211436 0.0157599 0 0.930633 140.166 130.603 9.56244 0 -28.0544 -28.5771 4 1229.88 97.1341 226 0.000935556
1000 0.214827 0.199337 0.0154897 0 0.927897 161.52 150.537 10.9828 0 -28.1432 -28.7258 4 1329.88 101.006 251 0.000794171
1100 0.273671 0.257794 0.0158772 0 0.941984 188.945 176.316 12.6285 0 -28.2337 -28.7667 4 1429.88 104.735 276 0.000934035
1200 0.246711 0.230862 0.0158485 0 0.935761 213.57 199.402 14.1677 0 -28.3538 -29.2758 4 1529.88 108.335 301 0.000766985
1300 0.270987 0.256607 0.0143801 0 0.946934 240.913 225.063 15.8496 0 -28.3908 -28.6794 4 1629.88 111.82 326 0.000787137
1400 0.298461 0.279957 0.0185037 0 0.938003 270.65 253.059 17.5913 0 -28.3354 -27.8864 4 1729.88 115.199 351 0.000797598
1500 0.264399 0.249475 0.0149237 0 0.943556 297.15 278.006 19.144 0 -28.3812 -28.849 4 1829.88 118.482 376 0.000663497
1600 0.310176 0.292691 0.0174852 0 0.943628 328.076 307.275 20.8001 0 -28.3394 -27.9382 4 1929.88 121.676 401 0.000729902
1700 0.284645 0.269429 0.0152154 0 0.946546 356.741 334.218 22.5229 0 -28.3364 -28.3017 4 2029.88 124.789 426 0.000632463
1800 0.270006 0.25655 0.0134559 0 0.950164 383.92 359.873 24.0468 0 -28.3611 -28.685 4 2129.88 127.826 451 0.000568847
1900 0.282387 0.268242 0.0141453 0 0.949908 412.149 386.698 25.4519 0 -28.3969 -28.8841 4 2229.88 130.792 476 0.000563534
2000 0.250496 0.239776 0.0107198 0 0.957206 437.415 410.675 26.7401 0 -28.4419 -29.1754 4 2329.88 133.692 501 0.000478596
2100 0.282175 0.269051 0.013124 0 0.95349 465.618 437.58 28.0379 0 -28.4106 -27.9265 4 2429.88 136.531 526 0.000511504
2200 0.289591 0.275486 0.0141054 0 0.951292 494.504 465.129 29.3751 0 -28.4284 -28.7151 4 2529.88 139.313 551 0.000499974
2300 0.295993 0.276873 0.0191199 0 0.935404 523.625 492.816 30.8084 0 -28.4676 -29.1334 4 2629.88 142.039 576 0.000480682
2400 0.304144 0.289393 0.0147511 0 0.9515 554.165 521.756 32.4097 0 -28.5206 -29.4282 4 2729.88 144.714 601 0.00048152
2500 0.290267 0.278373 0.0118933 0 0.959026 583.404 549.593 33.8115 0 -28.5929 -29.9648 4 2829.88 147.341 626 0.000444686
2600 0.306357 0.294342 0.0120158 0 0.960779 614.104 579.027 35.077 0 -28.6633 -29.9996 4 2929.88 149.922 651 0.000452138
2700 0.303051 0.289093 0.0139587 0 0.953939 644.299 607.936 36.3623 0 -28.7049 -29.5526 4 3029.88 152.459 676 0.000427652
2800 0.316052 0.300708 0.0153439 0 0.951451 675.84 638.007 37.8333 0 -28.745 -29.5631 4 3129.88 154.954 701 0.000428971
2900 0.362427 0.343197 0.0192302 0 0.946941 711.874 672.327 39.5476 0 -28.7752 -29.3421 4 3229.88 157.41 726 0.000472724
3000 0.32391 0.308232 0.0156773 0 0.9516 744.324 703.15 41.1739 0 -28.8302 -30.0359 4 3329.88 159.829 751 0.000410429
3100 0.295666 0.282597 0.013069 0 0.955798 773.96 731.41 42.5507 0 -28.8624 -29.6714 4 3429.88 162.211 776 0.000364172
3200 0.314923 0.301343 0.0135797 0 0.956879 805.532 761.544 43.9876 0 -28.8953 -29.7024 4 3529.88 164.558 801 0.000376209
3300 0.379734 0.363226 0.0165087 0 0.956526 843.478 797.867 45.611 0 -28.9282 -29.6271 4 3629.88 166.873 826 0.000439741
3400 0.374702 0.35768 0.0170221 0 0.954572 880.916 833.635 47.281 0 -28.9471 -29.3717 4 3729.88 169.156 851 0.000420305
3500 0.375861 0.358853 0.0170082 0 0.954749 918.503 869.52 48.9834 0 -28.9566 -29.1803 4 3829.88 171.409 876 0.00040965
3600 0.333907 0.319145 0.014762 0 0.95579 951.937 901.434 50.5029 0 -28.9803 -29.6299 4 3929.88 173.632 901 0.000354212
3700 0.395165 0.376457 0.0187079 0 0.952658 991.408 939.08 52.3274 0 -28.9718 -28.7686 4 4029.88 175.827 926 0.000406541
3800 0.370391 0.354064 0.0163269 0 0.95592 1028.51 974.487 54.0234 0 -28.9997 -29.7427 4 4129.88 177.995 951 0.000372307
3900 0.329828 0.316147 0.013681 0 0.958521 1061.61 1006.1 55.5063 0 -29.0266 -29.8653 4 4229.88 180.138 976 0.000323921
4000 0.350617 0.334187 0.0164291 0 0.953142 1096.62 1039.52 57.097 0 -29.0535 -29.8673 4 4329.88 182.254 1001 0.000333854
4100 0.328729 0.313936 0.014793 0 0.954999 1129.58 1070.91 58.6692 0 -29.0944 -30.4567 4 4429.88 184.347 1026 0.00030598
4200 0.329599 0.312636 0.016963 0 0.948535 1162.29 1102.18 60.1148 0 -29.1183 -29.9435 4 4529.88 186.416 1051 0.000297465
4300 0.370812 0.3551 0.0157113 0 0.95763 1199.52 1137.69 61.8334 0 -29.1616 -30.5125 4 4629.88 188.463 1076 0.000330019
4400 0.353335 0.340331 0.0130045 0 0.963195 1235.07 1171.72 63.3448 0 -29.1888 -30.1075 4 4729.88 190.487 1101 0.00030911
4500 0.338506 0.324856 0.0136506 0 0.959674 1268.98 1204.21 64.7726 0 -29.2136 -30.1146 4 4829.88 192.49 1126 0.000288504
4600 0.353843 0.339704 0.0141394 0 0.96004 1304.46 1238.18 66.2873 0 -29.2386 -30.135 4 4929.88 194.473 1151 0.000295138
4700 0.360405 0.345154 0.0152507 0 0.957684 1340.55 1272.69 67.8583 0 -29.2771 -30.6671 4 5029.88 196.435 1176 0.000293498
4800 0.314595 0.301741 0.0128535 0 0.959143 1372.13 1302.87 69.2674 0 -29.3192 -31.1086 4 5129.88 198.378 1201 0.000251242
4900 0.32365 0.310237 0.0134129 0 0.958557 1404.61 1333.89 70.7231 0 -29.3513 -30.7055 4 5229.88 200.302 1226 0.000253048
5000 0.328755 0.315259 0.0134955 0 0.95895 1437.58 1365.42 72.165 0 -29.3757 -30.4174 4 5329.88 202.208 1251 0.000252006
5100 0.367723 0.35052 0.0172022 0 0.95322 1474.28 1400.47 73.8111 0 -29.4009 -30.3869 4 5429.88 204.096 1276 0.000274703
5200 0.365754 0.351729 0.0140243 0 0.961656 1511.12 1435.64 75.476 0 -29.4324 -30.6925 4 5529.88 205.967 1301 0.000270353
5300 0.385328 0.366131 0.0191967 0 0.950181 1549.42 1472.25 77.167 0 -29.4657 -30.7812 4 5629.88 207.821 1326 0.000276117
5400 0.392041 0.373582 0.0184591 0 0.952915 1588.73 1509.61 79.1176 0 -29.5 -30.8489 4 5729.88 209.659 1351 0.000276522
5500 0.384755 0.366055 0.0187 0 0.951398 1627.23 1546.22 81.0091 0 -29.5413 -31.2463 4 5829.88 211.48 1376 0.000266028
5600 0.354641 0.339248 0.0153932 0 0.956595 1662.86 1580.14 82.7133 0 -29.5933 -31.9691 4 5929.88 213.286 1401 0.000242147
5700 0.358748 0.342596 0.0161519 0 0.954977 1698.69 1614.4 84.2905 0 -29.6313 -31.3949 4 6029.88 215.077 1426 0.000240249
5800 0.353189 0.340967 0.0122218 0 0.965396 1734.3 1648.5 85.8022 0 -29.6676 -31.3974 4 6129.88 216.853 1451 0.000234988
5900 0.393838 0.375129 0.0187095 0 0.952494 1773.47 1686.01 87.4592 0 -29.6807 -30.2643 4 6229.88 218.615 1476 0.000254152
6000 0.37289 0.356654 0.0162351 0 0.956461 1810.98 1721.68 89.3084 0 -29.7081 -31.0016 4 6329.88 220.363 1501 0.000237611
6100 0.358313 0.341611 0.0167014 0 0.953389 1846.77 1755.84 90.9306 0 -29.7338 -31.0324 4 6429.88 222.096 1526 0.000223861
6200 0.374669 0.359223 0.0154463 0 0.958773 1884.29 1791.76 92.5266 0 -29.7629 -31.1959 4 6529.88 223.817 1551 0.000231607
6300 0.371214 0.351199 0.020015 0 0.946082 1920.96 1826.88 94.0795 0 -29.7864 -30.9938 4 6629.88 225.524 1576 0.000222842
6400 0.418172 0.399883 0.0182885 0 0.956266 1962.91 1866.87 96.0408 0 -29.797 -30.2821 4 6729.88 227.219 1601 0.000249771
6500 0.394831 0.376828 0.0180034 0 0.954402 2002.44 1904.55 97.8852 0 -29.8101 -30.4603 4 6829.88 228.9 1626 0.000231751
6600 0.370571 0.353186 0.0173845 0 0.953087 2039.51 1939.87 99.6373 0 -29.8324 -31.0405 4 6929.88 230.57 1651 0.000213923
6700 0.34355 0.330058 0.0134919 0 0.960728 2073.97 1972.88 101.096 0 -29.8645 -31.76 4 7029.88 232.228 1676 0.000196932
6800 0.33049 0.317915 0.0125746 0 0.961952 2107.09 2004.67 102.425 0 -29.8991 -32.0654 4 7129.88 233.874 1701 0.000186899
6900 0.316 0.305198 0.0108019 0 0.965817 2138.74 2035.19 103.557 0 -29.9348 -32.3153 4 7229.88 235.508 1726 0.000176824
7000 0.352313 0.341156 0.0111569 0 0.968332 2174.08 2069.3 104.773 0 -29.9676 -31.9542 4 7329.88 237.131 1751 0.000194835
7100 0.345637 0.333217 0.0124199 0 0.964067 2208.65 2102.62 106.031 0 -29.9978 -31.8924 4 7429.88 238.743 1776 0.000187622
7200 0.332082 0.32218 0.00990116 0 0.970185 2242.12 2134.84 107.276 0 -30.0319 -32.2815 4 7529.88 240.344 1801 0.00017889
7300 0.327469 0.315983 0.0114862 0 0.964924 2274.83 2166.44 108.389 0 -30.0567 -31.7604 4 7629.88 241.935 1826 0.000173047
7400 0.354437 0.342971 0.0114667 0 0.967648 2310.37 2200.74 109.633 0 -30.0863 -31.9794 4 7729.88 243.515 1851 0.000185289
7500 0.353995 0.341875 0.0121201 0 0.965762 2345.88 2234.93 110.956 0 -30.1093 -31.6075 4 7829.88 245.086 1876 0.000182236
7600 0.349466 0.336418 0.0130487 0 0.962661 2380.88 2268.57 112.317 0 -30.1341 -31.796 4 7929.88 246.646 1901 0.000176969
7700 0.359332 0.347716 0.0116153 0 0.967675 2417.05 2303.34 113.712 0 -30.1588 -31.7845 4 8029.88 248.196 1926 0.000180538
7800 0.358244 0.347018 0.0112262 0 0.968663 2453.07 2338.04 115.027 0 -30.1847 -31.9203 4 8129.88 249.737 1951 0.000177867
7900 0.329183 0.317789 0.0113943 0 0.965386 2485.91 2369.82 116.091 0 -30.207 -31.8725 4 8229.88 251.268 1976 0.000160824
8000 0.343002 0.332627 0.0103753 0 0.969751 2520.28 2403.08 117.199 0 -30.2261 -31.6062 4 8329.88 252.79 2001 0.00016623
8100 0.323894 0.315288 0.00860658 0 0.973428 2552.85 2434.61 118.239 0 -30.2443 -31.6564 4 8429.88 254.303 2026 0.000155621
8200 0.324621 0.31457 0.0100513 0 0.969037 2585.39 2466.07 119.324 0 -30.2588 -31.3938 4 8529.88 255.806 2051 0.000153374
8300 0.358415 0.345001 0.0134141 0 0.962574 2621.22 2500.57 120.651 0 -30.2723 -31.2508 4 8629.88 257.302 2076 0.000166185
8400 0.317521 0.306368 0.0111528 0 0.964875 2653.05 2531.2 121.842 0 -30.2889 -31.652 4 8729.88 258.788 2101 0.00014582
8500 0.366281 0.352324 0.0139574 0 0.961894 2689.66 2566.44 123.227 0 -30.3053 -31.4957 4 8829.88 260.266 2126 0.000165721
8600 0.354955 0.342541 0.0124142 0 0.965026 2725.32 2600.69 124.632 0 -30.3173 -31.2231 4 8929.88 261.736 2151 0.000159247
8700 0.350094 0.336734 0.0133604 0 0.961838 2760.3 2634.36 125.935 0 -30.3296 -31.2861 4 9029.88 263.197 2176 0.000154749
8800 0.39259 0.375951 0.0166394 0 0.957616 2799.42 2671.96 127.462 0 -30.3391 -31.0129 4 9129.88 264.65 2201 0.000170809
8900 0.432318 0.418041 0.0142765 0 0.966977 2842.93 2713.76 129.165 0 -30.3386 -30.3043 4 9229.88 266.096 2226 0.000187799
9000 0.369582 0.357066 0.0125155 0 0.966136 2880.01 2749.47 130.537 0 -30.3476 -31.0373 4 9329.88 267.533 2251 0.000158626
9100 0.34406 0.332107 0.0119539 0 0.965256 2914.51 2782.68 131.826 0 -30.3597 -31.3721 4 9429.88 268.963 2276 0.000145917
9200 0.374674 0.361531 0.0131427 0 0.964922 2951.98 2818.83 133.144 0 -30.3722 -31.3423 4 9529.88 270.386 2301 0.000157119
9300 0.429852 0.412197 0.0176547 0 0.958928 2994.83 2860.05 134.774 0 -30.374 -30.4956 4 9629.88 271.801 2326 0.000177213
9400 0.423726 0.404625 0.0191008 0 0.954922 3037.14 2900.52 136.625 0 -30.3797 -30.7885 4 9729.88 273.208 2351 0.000172108
9500 0.401951 0.384492 0.0174588 0 0.956565 3077.35 2938.97 138.381 0 -30.3877 -30.9862 4 9829.88 274.609 2376 0.000161823
9600 0.409051 0.390639 0.0184113 0 0.95499 3118.25 2978.03 140.223 0 -30.3949 -30.9418 4 9929.88 276.002 2401 0.000162699
9700 0.406862 0.389394 0.0174674 0 0.957068 3159.05 3016.97 142.085 0 -30.4005 -30.8293 4 10029.9 277.388 2426 0.000160509
9800 0.378057 0.362136 0.0159209 0 0.957888 3196.8 3053.18 143.614 0 -30.4072 -30.96 4 10129.9 278.768 2451 0.00014775
9900 0.397984 0.382992 0.0149921 0 0.96233 3236.77 3091.48 145.293 0 -30.4168 -31.1879 4 10229.9 280.14 2476 0.000154682
10000 0.414246 0.395561 0.0186847 0 0.954895 3278.08 3131.04 147.038 0 -30.4208 -30.7355 4 10329.9 281.506 2501 0.000158161
10100 0.376286 0.362028 0.0142576 0 0.96211 3315.91 3167.24 148.669 0 -30.4308 -31.2973 4 10429.9 282.865 2526 0.000143321
10200 0.365687 0.351516 0.0141708 0 0.961249 3352.61 3202.39 150.219 0 -30.4405 -31.3158 4 10529.9 284.218 2551 0.000137795
10300 0.3574 0.341966 0.0154341 0 0.956816 3388.3 3236.59 151.713 0 -30.4525 -31.577 4 10629.9 285.565 2576 0.000132751
10400 0.375801 0.362072 0.0137296 0 0.963466 3426.01 3272.8 153.214 0 -30.4563 -30.7989 4 10729.9 286.905 2601 0.000139205
10500 0.364082 0.352874 0.0112073 0 0.969218 3462.6 3308.08 154.519 0 -30.468 -31.568 4 10829.9 288.238 2626 0.000134377
10600 0.364512 0.353361 0.0111517 0 0.969407 3499.24 3343.42 155.821 0 -30.4785 -31.4689 4 10929.9 289.566 2651 0.000133293
10700 0.406811 0.392937 0.0138736 0 0.965897 3539.88 3382.71 157.169 0 -30.4857 -31.1004 4 11029.9 290.888 2676 0.000146838
10800 0.38942 0.375985 0.0134348 0 0.9655 3578.92 3420.31 158.604 0 -30.497 -31.5259 4 11129.9 292.203 2701 0.000139202
10900 0.406033 0.39154 0.0144937 0 0.964304 3619.51 3459.47 160.045 0 -30.5038 -31.1 4 11229.9 293.513 2726 0.000143632
11000 0.400972 0.385943 0.0150292 0 0.962518 3659.51 3498.06 161.451 0 -30.5152 -31.5529 4 11329.9 294.817 2751 0.000140292
11100 0.369433 0.353548 0.0158854 0 0.957001 3696.25 3533.41 162.837 0 -30.5264 -31.6431 4 11429.9 296.115 2776 0.000127359
11200 0.413117 0.395029 0.0180886 0 0.956214 3737.43 3572.92 164.511 0 -30.533 -31.1214 4 11529.9 297.408 2801 0.000141031
11300 0.466776 0.443982 0.0227934 0 0.951168 3783.68 3617.32 166.359 0 -30.5322 -30.4651 4 11629.9 298.695 2826 0.000157106
11400 0.49262 0.474637 0.0179831 0 0.963495 3833.23 3664.78 168.45 0 -30.5291 -30.2939 4 11729.9 299.976 2851 0.000166481
11500 0.427188 0.41068 0.0165081 0 0.961356 3876.17 3705.85 170.327 0 -30.5304 -30.6486 4 11829.9 301.252 2876 0.000142796
11600 0.431109 0.415012 0.016098 0 0.962659 3919.43 3747.35 172.086 0 -30.5359 -31.0302 4 11929.9 302.523 2901 0.000143058
11700 0.392274 0.378923 0.0133516 0 0.965964 3958.78 3785.24 173.536 0 -30.5442 -31.3662 4 12029.9 303.788 2926 0.000129502
11800 0.414189 0.399135 0.0150546 0 0.963653 4000.11 3825.15 174.954 0 -30.5471 -30.8237 4 12129.9 305.048 2951 0.000135254
11900 0.395155 0.383727 0.0114278 0 0.97108 4039.8 3863.53 176.277 0 -30.5556 -31.4159 4 12229.9 306.303 2976 0.00012894
12000 0.373107 0.36278 0.0103267 0 0.972322 4077.21 3899.8 177.407 0 -30.5681 -31.9203 4 12329.9 307.553 3001 0.000120887
12100 0.380192 0.36918 0.0110125 0 0.971034 4115.26 3936.72 178.533 0 -30.5808 -31.9407 4 12429.9 308.797 3026 0.000122003
12200 0.433762 0.419693 0.0140684 0 0.967566 4158.56 3978.69 179.867 0 -30.5936 -31.8078 4 12529.9 310.037 3051 0.000137559
12300 0.42522 0.412217 0.0130035 0 0.969419 4201.14 4019.91 181.225 0 -30.6064 -31.8541 4 12629.9 311.272 3076 0.000134011
12400 0.435257 0.420096 0.0151602 0 0.965169 4244.6 4061.92 182.679 0 -30.6157 -31.516 4 12729.9 312.502 3101 0.000135471
12500 0.438035 0.422141 0.0158937 0 0.963716 4288.42 4104.14 184.287 0 -30.6197 -31.0057 4 12829.9 313.727 3126 0.000135042
12600 0.426592 0.411991 0.0146015 0 0.965772 4331.19 4145.34 185.853 0 -30.6303 -31.6919 4 12929.9 314.947 3151 0.000130749
12700 0.421469 0.406901 0.0145683 0 0.965435 4373.25 4186.03 187.227 0 -30.642 -31.8567 4 13029.9 316.162 3176 0.000128117
12800 0.463023 0.444049 0.0189732 0 0.959023 4419.34 4230.43 188.913 0 -30.6513 -31.5247 4 13129.9 317.373 3201 0.000138722
12900 0.420841 0.40607 0.014771 0 0.964901 4461.48 4271.04 190.446 0 -30.666 -32.2155 4 13229.9 318.58 3226 0.000125874
13000 0.476363 0.460608 0.0157552 0 0.966926 4509.27 4317.1 192.172 0 -30.6659 -30.6503 4 13329.9 319.781 3251 0.000141682
13100 0.434684 0.417488 0.0171956 0 0.960441 4552.51 4358.85 193.663 0 -30.6705 -31.1496 4 13429.9 320.979 3276 0.000127438
13200 0.457715 0.441423 0.0162919 0 0.964406 4598.25 4402.99 195.263 0 -30.681 -31.7308 4 13529.9 322.171 3301 0.000133724
13300 0.444305 0.42592 0.0183853 0 0.95862 4642.27 4445.58 196.685 0 -30.6912 -31.7554 4 13629.9 323.36 3326 0.000128058
13400 0.481504 0.462614 0.01889 0 0.960769 4690.33 4491.84 198.491 0 -30.6957 -31.1306 4 13729.9 324.544 3351 0.000138053
13500 0.482197 0.46491 0.0172867 0 0.96415 4738.78 4538.33 200.444 0 -30.702 -31.3119 4 13829.9 325.724 3376 0.00013771
13600 0.429842 0.414048 0.0157945 0 0.963255 4781.8 4579.74 202.06 0 -30.709 -31.4832 4 13929.9 326.899 3401 0.000121743
13700 0.448381 0.429349 0.0190321 0 0.957554 4826.27 4622.67 203.593 0 -30.7133 -31.1718 4 14029.9 328.07 3426 0.000125321
13800 0.457877 0.442566 0.0153108 0 0.966561 4872.23 4666.93 205.298 0 -30.718 -31.2142 4 14129.9 329.238 3451 0.000128243
13900 0.44031 0.425601 0.0147089 0 0.966594 4916.37 4709.49 206.875 0 -30.7275 -31.7747 4 14229.9 330.401 3476 0.00012244
14000 0.433179 0.418711 0.0144675 0 0.966602 4959.76 4751.36 208.394 0 -30.7405 -32.2112 4 14329.9 331.559 3501 0.000119598
14100 0.430541 0.417697 0.0128435 0 0.970169 5003.13 4793.13 209.994 0 -30.7489 -31.7088 4 14429.9 332.714 3526 0.000118462
14200 0.430754 0.41629 0.0144642 0 0.966421 5046.25 4834.76 211.485 0 -30.7555 -31.5234 4 14529.9 333.865 3551 0.000117232
14300 0.451718 0.433357 0.0183613 0 0.959352 5091.09 4878.1 212.995 0 -30.7617 -31.4653 4 14629.9 335.012 3576 0.000121185
14400 0.482855 0.464458 0.0183971 0 0.961899 5139.38 4924.54 214.841 0 -30.7723 -31.8852 4 14729.9 336.155 3601 0.00012898
14500 0.470634 0.45228 0.0183539 0 0.961002 5186.41 4969.77 216.637 0 -30.7817 -31.8061 4 14829.9 337.294 3626 0.000124732
14600 0.43389 0.418721 0.0151684 0 0.965041 5230.02 5011.64 218.382 0 -30.7927 -32.1056 4 14929.9 338.43 3651 0.000114687
14700 0.425937 0.413146 0.0127905 0 0.969971 5272.86 5052.96 219.905 0 -30.8046 -32.261 4 15029.9 339.561 3676 0.00011239
14800 0.432789 0.418185 0.0146038 0 0.966256 5316.1 5094.78 221.328 0 -30.8161 -32.2166 4 15129.9 340.689 3701 0.000112992
14900 0.414497 0.402702 0.011795 0 0.971544 5357.76 5135.05 222.712 0 -30.83 -32.6001 4 15229.9 341.813 3726 0.000108079
15000 0.422904 0.405197 0.017707 0 0.95813 5399.5 5175.57 223.938 0 -30.836 -31.607 4 15329.9 342.933 3751 0.000108024
15100 0.460284 0.445993 0.0142912 0 0.968951 5445.73 5220.16 225.561 0 -30.8423 -31.5812 4 15429.9 344.05 3776 0.000118113
15200 0.422734 0.40967 0.0130644 0 0.969096 5488.16 5261.13 227.031 0 -30.8513 -31.9965 4 15529.9 345.163 3801 0.00010778
15300 0.4182 0.405695 0.0125043 0 0.9701 5530.14 5301.7 228.442 0 -30.8587 -31.8332 4 15629.9 346.272 3826 0.000106036
15400 0.421138 0.407506 0.013632 0 0.967631 5572.4 5342.45 229.947 0 -30.8625 -31.3567 4 15729.9 347.378 3851 0.000105818
15500 0.40043 0.388164 0.0122669 0 0.969366 5612.55 5381.27 231.277 0 -30.868 -31.6293 4 15829.9 348.481 3876 0.000100145
15600 0.451016 0.433576 0.0174402 0 0.961331 5657.37 5424.63 232.746 0 -30.8696 -31.0703 4 15929.9 349.58 3901 0.000111145
15700 0.488334 0.469613 0.0187211 0 0.961663 5706.06 5471.59 234.474 0 -30.8702 -30.9403 4 16029.9 350.675 3926 0.000119616
15800 0.475855 0.456322 0.0195328 0 0.958952 5753.55 5517.22 236.335 0 -30.8737 -31.2921 4 16129.9 351.767 3951 0.000115495
15900 0.497952 0.478498 0.0194535 0 0.960933 5803.37 5565.07 238.304 0 -30.8747 -30.9965 4 16229.9 352.856 3976 0.000120347
16000 0.489325 0.472758 0.0165667 0 0.966144 5852.42 5612.35 240.071 0 -30.8781 -31.2838 4 16329.9 353.942 4001 0.00011816
16100 0.450847 0.436476 0.0143714 0 0.968124 5897.63 5655.99 241.638 0 -30.8831 -31.5185 4 16429.9 355.024 4026 0.000108414
16200 0.435168 0.421926 0.0132419 0 0.969571 5941.27 5698.19 243.088 0 -30.8897 -31.7866 4 16529.9 356.102 4051 0.000104154
16300 0.4775 0.460305 0.0171948 0 0.96399 5988.88 5744.22 244.662 0 -30.8921 -31.1951 4 16629.9 357.178 4076 0.000112931
16400 0.47207 0.453766 0.0183041 0 0.961226 6035.94 5789.59 246.35 0 -30.8967 -31.4819 4 16729.9 358.25 4101 0.000110648
16500 0.461223 0.443654 0.0175693 0 0.961907 6082.01 5833.96 248.053 0 -30.9029 -31.7096 4 16829.9 359.319 4126 0.000107526
16600 0.471242 0.453054 0.0181873 0 0.961406 6129.08 5879.26 249.82 0 -30.9087 -31.6579 4 16929.9 360.385 4151 0.000109143
16700 0.444916 0.430672 0.0142445 0 0.967984 6173.72 5922.33 251.391 0 -30.9165 -31.9916 4 17029.9 361.448 4176 0.00010313
16800 0.426303 0.412132 0.0141717 0 0.966757 6216.33 5963.54 252.784 0 -30.9249 -32.1389 4 17129.9 362.508 4201 9.81032e-05
16900 0.42019 0.407999 0.0121907 0 0.970988 6258.47 6004.34 254.122 0 -30.9347 -32.3801 4 17229.9 363.564 4226 9.6545e-05
17000 0.447234 0.433891 0.0133428 0 0.970166 6303.2 6047.73 255.471 0 -30.9431 -32.1213 4 17329.9 364.618 4251 0.000102068
17100 0.435111 0.422827 0.0122833 0 0.97177 6346.86 6090.02 256.845 0 -30.9549 -32.6621 4 17429.9 365.668 4276 9.88838e-05
17200 0.412389 0.398582 0.0138069 0 0.96652 6388 6129.87 258.126 0 -30.9649 -32.5038 4 17529.9 366.716 4301 9.2672e-05
17300 0.426818 0.412909 0.0139091 0 0.967412 6430.68 6171.16 259.518 0 -30.9747 -32.44 4 17629.9 367.76 4326 9.54482e-05
17400 0.461296 0.445941 0.015355 0 0.966713 6476.85 6215.76 261.094 0 -30.9833 -32.1882 4 17729.9 368.802 4351 0.000102491
17500 0.426889 0.414045 0.0128436 0 0.969913 6519.72 6257.16 262.561 0 -30.9941 -32.6182 4 17829.9 369.84 4376 9.46173e-05
17600 0.447524 0.43202 0.0155034 0 0.965357 6564.45 6300.37 264.089 0 -31.0035 -32.3795 4 17929.9 370.876 4401 9.81641e-05
17700 0.467744 0.451856 0.0158884 0 0.966032 6611.28 6345.55 265.725 0 -31.0105 -31.988 4 18029.9 371.909 4426 0.000102091
17800 0.508251 0.488216 0.0200346 0 0.960581 6661.95 6394.37 267.58 0 -31.0167 -31.823 4 18129.9 372.939 4451 0.000109687
17900 0.490743 0.472329 0.0184142 0 0.962477 6711.21 6441.61 269.609 0 -31.0239 -31.9939 4 18229.9 373.966 4476 0.000105525
18000 0.464069 0.448476 0.0155923 0 0.966401 6757.76 6486.45 271.308 0 -31.033 -32.3495 4 18329.9 374.99 4501 9.96393e-05
18100 0.471294 0.454335 0.0169595 0 0.964015 6804.91 6531.89 273.025 0 -31.0399 -32.0344 4 18429.9 376.012 4526 0.000100383
18200 0.442848 0.427245 0.0156036 0 0.964765 6849.22 6574.61 274.61 0 -31.0475 -32.2175 4 18529.9 377.03 4551 9.38793e-05
18300 0.487548 0.469463 0.0180851 0 0.962906 6897.95 6621.56 276.394 0 -31.0496 -31.345 4 18629.9 378.046 4576 0.000102592
18400 0.447478 0.43252 0.0149584 0 0.966572 6942.85 6664.81 278.04 0 -31.057 -32.1795 4 18729.9 379.06 4601 9.40056e-05
18500 0.406982 0.394898 0.0120842 0 0.970308 6983.64 6704.3 279.34 0 -31.066 -32.5995 4 18829.9 380.07 4626 8.53649e-05
18600 0.39731 0.384736 0.0125735 0 0.968353 7023.26 6742.77 280.486 0 -31.0748 -32.6277 4 18929.9 381.078 4651 8.27212e-05
18700 0.395055 0.3843 0.0107553 0 0.972775 7062.84 6781.2 281.642 0 -31.084 -32.7162 4 19029.9 382.083 4676 8.21856e-05
18800 0.416709 0.403736 0.012973 0 0.968868 7104.51 6821.58 282.933 0 -31.0923 -32.5096 4 19129.9 383.086 4701 8.58831e-05
18900 0.419086 0.406666 0.0124193 0 0.970366 7146.42 6862.24 284.178 0 -31.0964 -31.7808 4 19229.9 384.086 4726 8.60488e-05
19000 0.455134 0.441105 0.0140283 0 0.969178 7191.93 6906.35 285.573 0 -31.099 -31.5154 4 19329.9 385.083 4751 9.28447e-05
19100 0.432617 0.419691 0.0129265 0 0.97012 7235.31 6948.32 286.987 0 -31.1052 -32.1273 4 19429.9 386.078 4776 8.78749e-05
19200 0.419896 0.405454 0.0144415 0 0.965607 7277.21 6988.87 288.338 0 -31.1116 -32.2147 4 19529.9 387.07 4801 8.44521e-05
19300 0.444641 0.428628 0.0160131 0 0.963986 7321.69 7031.73 289.956 0 -31.1164 -31.9049 4 19629.9 388.06 4826 8.88164e-05
19400 0.415149 0.401009 0.0141401 0 0.96594 7363.29 7071.83 291.454 0 -31.1237 -32.4032 4 19729.9 389.047 4851 8.26652e-05
19500 0.410107 0.396354 0.0137532 0 0.966464 7404.44 7111.47 292.977 0 -31.1305 -32.3471 4 19829.9 390.032 4876 8.12868e-05
19600 0.425156 0.412138 0.0130179 0 0.969381 7447.1 7152.68 294.415 0 -31.1388 -32.5856 4 19929.9 391.014 4901 8.40927e-05
19700 0.422938 0.407598 0.0153401 0 0.96373 7489.27 7193.44 295.829 0 -31.1439 -32.0397 4 20029.9 391.994 4926 8.27442e-05
19800 0.41511 0.402942 0.0121684 0 0.970686 7531.02 7233.73 297.283 0 -31.1503 -32.3117 4 20129.9 392.971 4951 8.13859e-05
19900 0.427611 0.411704 0.0159071 0 0.9628 7573.48 7274.91 298.575 0 -31.1556 -32.0897 4 20229.9 393.946 4976 8.27379e-05
20000 0.429253 0.416377 0.0128766 0 0.970002 7616.58 7316.54 300.032 0 -31.1628 -32.4313 4 20329.9 394.919 5001 8.32587e-05
20100 0.473792 0.454866 0.0189257 0 0.960055 7663.52 7362.03 301.493 0 -31.1652 -31.5424 4 20429.9 395.889 5026 9.05027e-05
20200 0.471216 0.456511 0.0147054 0 0.968793 7710.88 7407.68 303.2 0 -31.1703 -31.9976 4 20529.9 396.856 5051 9.03802e-05
20300 0.439176 0.425825 0.0133503 0 0.969601 7754.9 7450.26 304.633 0 -31.1759 -32.1706 4 20629.9 397.822 5076 8.38899e-05
20400 0.437868 0.42444 0.0134281 0 0.969333 7798.81 7492.71 306.105 0 -31.1795 -31.8049 4 20729.9 398.785 5101 8.32073e-05
20500 0.459261 0.4413 0.0179608 0 0.960892 7844.51 7536.84 307.674 0 -31.1796 -31.2008 4 20829.9 399.745 5126 8.60906e-05
20600 0.458196 0.443419 0.0147766 0 0.96775 7890.5 7581.18 309.325 0 -31.1817 -31.5338 4 20929.9 400.704 5151 8.6084e-05
20700 0.439473 0.422898 0.0165751 0 0.962284 7934.36 7623.47 310.889 0 -31.1857 -31.9114 4 21029.9 401.66 5176 8.17036e-05
20800 0.478186 0.459603 0.018583 0 0.961139 7982.05 7669.43 312.619 0 -31.186 -31.2272 4 21129.9 402.614 5201 8.83681e-05
20900 0.487405 0.468838 0.0185668 0 0.961907 8030.93 7716.31 314.619 0 -31.1868 -31.3258 4 21229.9 403.565 5226 8.97127e-05
21000 0.438824 0.421514 0.01731 0 0.960554 8075 7758.46 316.531 0 -31.1901 -31.7983 4 21329.9 404.515 5251 8.02731e-05
21100 0.433094 0.416432 0.0166621 0 0.961528 8118.4 7800.11 318.293 0 -31.1926 -31.6483 4 21429.9 405.462 5276 7.89294e-05
21200 0.453934 0.435104 0.0188299 0 0.958518 8163.73 7843.62 320.116 0 -31.194 -31.4418 4 21529.9 406.407 5301 8.20796e-05
21300 0.455187 0.436753 0.0184335 0 0.959503 8209.2 7887.29 321.91 0 -31.1939 -31.1714 4 21629.9 407.349 5326 8.2004e-05
21400 0.456803 0.441399 0.0154034 0 0.96628 8255.06 7931.43 323.623 0 -31.1951 -31.415 4 21729.9 408.29 5351 8.24891e-05
21500 0.473139 0.456439 0.0166999 0 0.964704 8302.4 7977.08 325.327 0 -31.1924 -30.7169 4 21829.9 409.228 5376 8.49031e-05
21600 0.494946 0.477189 0.017757 0 0.964123 8351.88 8024.8 327.085 0 -31.1891 -30.6477 4 21929.9 410.165 5401 8.83519e-05
21700 0.513081 0.495375 0.017705 0 0.965493 8403.42 8074.33 329.084 0 -31.1872 -30.8808 4 22029.9 411.099 5426 9.12966e-05
21800 0.462815 0.447773 0.0150421 0 0.967499 8449.81 8119.11 330.7 0 -31.1893 -31.5557 4 22129.9 412.031 5451 8.2145e-05
21900 0.431998 0.419279 0.0127188 0 0.970558 8493.15 8161.04 332.116 0 -31.1947 -32.2493 4 22229.9 412.961 5476 7.65667e-05
22000 0.414636 0.404469 0.0101661 0 0.975482 8534.71 8201.49 333.227 0 -31.201 -32.489 4 22329.9 413.888 5501 7.35265e-05
22100 0.387253 0.377778 0.00947467 0 0.975534 8573.47 8239.26 334.206 0 -31.2074 -32.6258 4 22429.9 414.814 5526 6.83638e-05
22200 0.4 0.391175 0.0088251 0 0.977937 8613.57 8278.38 335.185 0 -31.2152 -32.8903 4 22529.9 415.738 5551 7.04693e-05
22300 0.410386 0.400913 0.00947334 0 0.976916 8654.65 8318.47 336.178 0 -31.2218 -32.5947 4 22629.9 416.659 5576 7.18997e-05
22400 0.414547 0.403788 0.0107594 0 0.974045 8696.08 8358.85 337.231 0 -31.2274 -32.3884 4 22729.9 417.579 5601 7.20921e-05
22500 0.430902 0.418526 0.0123756 0 0.97128 8739.07 8400.7 338.369 0 -31.234 -32.5822 4 22829.9 418.497 5626 7.43914e-05
22600 0.437709 0.425044 0.0126646 0 0.971066 8782.87 8443.21 339.658 0 -31.238 -32.0402 4 22929.9 419.412 5651 7.52157e-05
22700 0.444188 0.431098 0.0130905 0 0.970529 8827.34 8486.32 341.026 0 -31.2423 -32.0797 4 23029.9 420.326 5676 7.5951e-05
22800 0.437632 0.425317 0.0123148 0 0.97186 8871.23 8528.85 342.384 0 -31.2469 -32.1757 4 23129.9 421.237 5701 7.4604e-05
22900 0.446085 0.432488 0.013597 0 0.969519 8915.94 8572.1 343.847 0 -31.2488 -31.6281 4 23229.9 422.147 5726 7.55306e-05
23000 0.415335 0.400614 0.0147212 0 0.964556 8957.23 8612.16 345.072 0 -31.2528 -32.1178 4 23329.9 423.055 5751 6.96599e-05
23100 0.418064 0.406671 0.0113929 0 0.972748 8999.18 8652.83 346.357 0 -31.2592 -32.617 4 23429.9 423.96 5776 7.0407e-05
23200 0.431928 0.419767 0.0121605 0 0.971846 9042.48 8694.8 347.679 0 -31.2643 -32.3278 4 23529.9 424.864 5801 7.23612e-05
23300 0.456023 0.442241 0.0137827 0 0.969776 9088.14 8739.03 349.112 0 -31.2687 -32.1374 4 23629.9 425.766 5826 7.59081e-05
23400 0.461152 0.444635 0.0165171 0 0.964183 9134.16 8783.49 350.665 0 -31.2696 -31.4578 4 23729.9 426.666 5851 7.59929e-05
23500 0.454712 0.439981 0.0147306 0 0.967605 9179.78 8827.49 352.296 0 -31.2716 -31.6723 4 23829.9 427.564 5876 7.48777e-05
23600 0.431102 0.415389 0.0157134 0 0.963551 9222.81 8869.03 353.785 0 -31.2736 -31.7003 4 23929.9 428.46 5901 7.0393e-05
23700 0.443637 0.42606 0.017577 0 0.96038 9267 8911.63 355.366 0 -31.2749 -31.5494 4 24029.9 429.354 5926 7.18968e-05
23800 0.453734 0.439193 0.0145415 0 0.967952 9312.5 8955.55 356.949 0 -31.275 -31.2942 4 24129.9 430.247 5951 7.38015e-05
23900 0.42115 0.40803 0.0131197 0 0.968848 9354.72 8996.36 358.363 0 -31.2791 -32.1722 4 24229.9 431.137 5976 6.82781e-05
24000 0.413031 0.400607 0.0124242 0 0.969919 9396.21 9036.42 359.791 0 -31.2848 -32.5837 4 24329.9 432.026 6001 6.67567e-05
24100 0.389103 0.378456 0.0106468 0 0.972638 9435.26 9074.26 360.996 0 -31.2917 -32.9361 4 24429.9 432.913 6026 6.28039e-05
24200 0.403196 0.391116 0.0120804 0 0.970038 9475.59 9113.37 362.217 0 -31.2972 -32.5923 4 24529.9 433.798 6051 6.46366e-05
24300 0.395201 0.384275 0.0109264 0 0.972352 9515.21 9151.8 363.412 0 -31.3019 -32.4171 4 24629.9 434.682 6076 6.32447e-05
24400 0.409848 0.398437 0.0114107 0 0.972159 9556.21 9191.65 364.56 0 -31.3046 -31.9373 4 24729.9 435.563 6101 6.53068e-05
24500 0.389484 0.377294 0.0121908 0 0.9687 9595.11 9229.37 365.733 0 -31.3086 -32.2831 4 24829.9 436.443 6126 6.15889e-05
24600 0.416978 0.404109 0.012869 0 0.969138 9636.84 9269.79 367.054 0 -31.3093 -31.4807 4 24929.9 437.321 6151 6.56982e-05
24700 0.434933 0.419886 0.0150471 0 0.965404 9680.33 9311.77 368.551 0 -31.3119 -31.8904 4 25029.9 438.197 6176 6.79867e-05
24800 0.461862 0.444862 0.0170006 0 0.963191 9726.63 9356.26 370.365 0 -31.3141 -31.7584 4 25129.9 439.072 6201 7.17403e-05
24900 0.453349 0.435819 0.0175299 0 0.961332 9771.95 9399.84 372.105 0 -31.3165 -31.8466 4 25229.9 439.944 6226 6.99999e-05
25000 0.451598 0.435308 0.0162906 0 0.963927 9817.21 9443.37 373.832 0 -31.3193 -31.9162 4 25329.9 440.815 6251 6.96381e-05
25100 0.439949 0.421643 0.0183063 0 0.95839 9860.97 9485.54 375.432 0 -31.3228 -32.1059 4 25429.9 441.685 6276 6.71834e-05
25200 0.448066 0.432431 0.0156355 0 0.965104 9905.94 9528.78 377.155 0 -31.3263 -32.1011 4 25529.9 442.552 6301 6.86289e-05
25300 0.405467 0.39137 0.0140975 0 0.965232 9946.55 9567.92 378.637 0 -31.3309 -32.4426 4 25629.9 443.418 6326 6.18668e-05
25400 0.382022 0.370307 0.0117147 0 0.969335 9984.88 9604.95 379.936 0 -31.3362 -32.7251 4 25729.9 444.282 6351 5.83069e-05
25500 0.419898 0.406275 0.0136223 0 0.967558 10026.8 9645.58 381.267 0 -31.3394 -32.0895 4 25829.9 445.145 6376 6.37195e-05
25600 0.448089 0.432485 0.0156034 0 0.965178 10071.6 9688.82 382.82 0 -31.3415 -31.807 4 25929.9 446.006 6401 6.75653e-05
25700 0.407088 0.393434 0.0136536 0 0.96646 10112.4 9728.17 384.244 0 -31.3445 -32.1012 4 26029.9 446.865 6426 6.12253e-05
25800 0.398046 0.386577 0.0114694 0 0.971186 10152.4 9766.83 385.607 0 -31.3493 -32.5591 4 26129.9 447.722 6451 5.99251e-05
25900 0.393544 0.379652 0.0138926 0 0.964699 10191.7 9804.79 386.87 0 -31.3535 -32.4368 4 26229.9 448.578 6476 5.86244e-05
26000 0.418357 0.404489 0.0138686 0 0.96685 10233.4 9845.24 388.18 0 -31.3561 -31.9858 4 26329.9 449.433 6501 6.22194e-05
26100 0.422875 0.408437 0.0144383 0 0.965857 10275.6 9886.08 389.516 0 -31.3571 -31.6171 4 26429.9 450.285 6526 6.25861e-05
26200 0.452299 0.437977 0.0143213 0 0.968337 10320.9 9929.88 391.006 0 -31.3586 -31.6778 4 26529.9 451.136 6551 6.68566e-05
26300 0.461559 0.443801 0.0177572 0 0.961528 10366.8 9974.26 392.574 0 -31.3599 -31.6713 4 26629.9 451.986 6576 6.74881e-05
26400 0.492037 0.472656 0.0193804 0 0.960612 10415.9 10021.5 394.408 0 -31.3641 -32.2401 4 26729.9 452.834 6601 7.16037e-05
26500 0.453512 0.437468 0.0160444 0 0.964622 10461.5 10065.3 396.183 0 -31.367 -32.0276 4 26829.9 453.68 6626 6.60229e-05
26600 0.418615 0.4045 0.0141152 0 0.966281 10503.5 10105.7 397.742 0 -31.3708 -32.3338 4 26929.9 454.524 6651 6.08179e-05
26700 0.463705 0.445441 0.0182631 0 0.960615 10549.7 10150.3 399.475 0 -31.3756 -32.4569 4 27029.9 455.368 6676 6.67228e-05
26800 0.442292 0.428928 0.0133638 0 0.969785 10594.3 10193.2 401.125 0 -31.382 -32.8849 4 27129.9 456.209 6701 6.40095e-05
26900 0.417463 0.402998 0.0144649 0 0.96535 10636 10233.5 402.551 0 -31.3873 -32.7429 4 27229.9 457.049 6726 5.99165e-05
27000 0.452618 0.432448 0.0201696 0 0.955438 10681 10276.7 404.331 0 -31.3924 -32.588 4 27329.9 457.888 6751 6.40569e-05
27100 0.462583 0.443918 0.0186654 0 0.95965 10727.2 10321.1 406.137 0 -31.3949 -31.9923 4 27429.9 458.725 6776 6.55132e-05
27200 0.465358 0.449059 0.016299 0 0.964975 10774 10366 407.968 0 -31.3952 -31.4591 4 27529.9 459.56 6801 6.60284e-05
27300 0.472305 0.456285 0.0160201 0 0.966081 10821.3 10411.6 409.686 0 -31.3971 -31.8232 4 27629.9 460.394 6826 6.68451e-05
27400 0.45682 0.441602 0.0152176 0 0.966688 10867.1 10455.8 411.308 0 -31.3979 -31.5975 4 27729.9 461.226 6851 6.44581e-05
27500 0.455694 0.44025 0.0154442 0 0.966108 10912.7 10499.8 412.862 0 -31.3994 -31.7588 4 27829.9 462.057 6876 6.4027e-05
27600 0.454517 0.438541 0.0159759 0 0.964851 10958.1 10543.7 414.433 0 -31.4033 -32.3427 4 27929.9 462.887 6901 6.35474e-05
27700 0.46404 0.447775 0.0162651 0 0.964949 11004.6 10588.4 416.129 0 -31.4078 -32.4473 4 28029.9 463.715 6926 6.46513e-05
27800 0.451355 0.438048 0.0133065 0 0.970519 11049.9 10632.3 417.67 0 -31.4126 -32.5828 4 28129.9 464.541 6951 6.30194e-05
27900 0.42316 0.410831 0.0123289 0 0.970865 11092.4 10673.3 419.087 0 -31.4179 -32.7974 4 28229.9 465.366 6976 5.88921e-05
28000 0.412405 0.398616 0.0137892 0 0.966564 11133.6 10713.2 420.389 0 -31.4228 -32.7493 4 28329.9 466.189 7001 5.69369e-05
28100 0.416603 0.402384 0.0142192 0 0.965869 11175.2 10753.4 421.803 0 -31.4271 -32.5619 4 28429.9 467.012 7026 5.72707e-05
28200 0.40744 0.39544 0.0119993 0 0.970549 11216.2 10793 423.176 0 -31.4315 -32.6346 4 28529.9 467.832 7051 5.60829e-05
28300 0.418009 0.404026 0.0139825 0 0.96655 11257.9 10833.4 424.538 0 -31.4356 -32.5516 4 28629.9 468.651 7076 5.70981e-05
28400 0.391857 0.380554 0.0113032 0 0.971155 11297.3 10871.4 425.821 0 -31.4407 -32.8857 4 28729.9 469.469 7101 5.35916e-05
28500 0.405953 0.393251 0.0127023 0 0.96871 11337.9 10910.8 427.127 0 -31.4458 -32.8854 4 28829.9 470.285 7126 5.51854e-05
28600 0.414941 0.402592 0.0123488 0 0.97024 11379.5 10951 428.443 0 -31.45 -32.5856 4 28929.9 471.1 7151 5.62987e-05
28700 0.426469 0.413919 0.0125499 0 0.970572 11422.1 10992.4 429.715 0 -31.4518 -31.9413 4 29029.9 471.914 7176 5.76811e-05
28800 0.430511 0.419479 0.0110329 0 0.974373 11465.4 11034.4 431.005 0 -31.4549 -32.2716 4 29129.9 472.726 7201 5.82528e-05
28900 0.419646 0.408721 0.0109256 0 0.973965 11507.4 11075.2 432.196 0 -31.4593 -32.6456 4 29229.9 473.537 7226 5.65625e-05
29000 0.406501 0.395371 0.0111302 0 0.972619 11548.2 11114.8 433.403 0 -31.4642 -32.8517 4 29329.9 474.346 7251 5.45264e-05
29100 0.401735 0.390236 0.0114992 0 0.971376 11588.3 11153.8 434.551 0 -31.4691 -32.8668 4 29429.9 475.154 7276 5.36333e-05
29200 0.442534 0.430199 0.0123345 0 0.972128 11632.7 11196.8 435.883 0 -31.4715 -32.1054 4 29529.9 475.961 7301 5.89233e-05
29300 0.419322 0.407395 0.0119271 0 0.971556 11674.8 11237.6 437.219 0 -31.4754 -32.5451 4 29629.9 476.766 7326 5.56095e-05
29400 0.408088 0.396786 0.0113024 0 0.972304 11715.7 11277.2 438.457 0 -31.4792 -32.5716 4 29729.9 477.57 7351 5.39771e-05
29500 0.420623 0.408667 0.0119564 0 0.971575 11758 11318.1 439.888 0 -31.481 -31.9941 4 29829.9 478.372 7376 5.54049e-05
29600 0.437731 0.421163 0.0165675 0 0.962151 11801.6 11360.2 441.376 0 -31.4807 -31.3965 4 29929.9 479.173 7401 5.69063e-05
29700 0.499734 0.482321 0.0174124 0 0.965157 11851.6 11408.4 443.133 0 -31.4782 -30.8811 4 30029.9 479.973 7426 6.49503e-05
29800 0.485874 0.469239 0.0166347 0 0.965763 11900.3 11455.4 444.898 0 -31.4768 -31.1471 4 30129.9 480.772 7451 6.29767e-05
29900 0.474474 0.460188 0.0142868 0 0.969889 11947.9 11501.4 446.51 0 -31.4773 -31.5911 4 30229.9 481.569 7476 6.15553e-05
30000 0.501803 0.485278 0.0165255 0 0.967068 11998.1 11549.9 448.182 0 -31.4778 -31.6033 4 30329.9 482.365 7501 6.46951e-05
30100 0.486526 0.470685 0.0158416 0 0.967439 12046.9 11597 449.893 0 -31.4789 -31.739 4 30429.9 483.159 7526 6.25411e-05
30200 0.49653 0.481986 0.0145446 0 0.970707 12096.7 11645.2 451.548 0 -31.48 -31.7461 4 30529.9 483.952 7551 6.38307e-05
30300 0.495478 0.48068 0.0147984 0 0.970133 12146.3 11693.3 453.068 0 -31.4814 -31.8316 4 30629.9 484.744 7576 6.34477e-05
30400 0.487807 0.475587 0.0122199 0 0.974949 12195.3 11740.8 454.529 0 -31.4828 -31.8346 4 30729.9 485.535 7601 6.2569e-05
30500 0.442002 0.430562 0.0114407 0 0.974116 12239.6 11783.9 455.749 0 -31.4863 -32.4322 4 30829.9 486.324 7626 5.64597e-05
30600 0.490939 0.476444 0.0144952 0 0.970475 12288.6 11831.5 457.116 0 -31.4883 -31.9921 4 30929.9 487.112 7651 6.22721e-05
30700 0.520637 0.506342 0.014295 0 0.972543 12341 11882.1 458.804 0 -31.4898 -31.8452 4 31029.9 487.899 7676 6.59643e-05
30800 0.460696 0.446858 0.0138381 0 0.969963 12387.1 11926.8 460.315 0 -31.4924 -32.1797 4 31129.9 488.685 7701 5.8026e-05
30900 0.478969 0.461167 0.017802 0 0.962833 12434.8 11972.9 461.874 0 -31.4943 -32.0028 4 31229.9 489.469 7726 5.96902e-05
31000 0.466132 0.450782 0.0153501 0 0.967069 12481.4 12018 463.421 0 -31.4971 -32.2347 4 31329.9 490.252 7751 5.81579e-05
31100 0.474801 0.45766 0.0171411 0 0.963898 12528.8 12063.8 465.056 0 -31.5003 -32.3366 4 31429.9 491.034 7776 5.88554e-05
31200 0.498305 0.481211 0.0170937 0 0.965696 12578.8 12111.9 466.864 0 -31.5041 -32.4528 4 31529.9 491.814 7801 6.16858e-05
31300 0.448871 0.434449 0.0144219 0 0.967871 12623.7 12155.4 468.366 0 -31.5087 -32.8173 4 31629.9 492.594 7826 5.55135e-05
31400 0.432386 0.419683 0.0127028 0 0.970622 12667.1 12197.3 469.749 0 -31.5134 -32.8839 4 31729.9 493.372 7851 5.3456e-05
31500 0.436651 0.42448 0.0121713 0 0.972126 12711 12239.8 471.216 0 -31.5189 -33.1049 4 31829.9 494.149 7876 5.38953e-05
31600 0.457786 0.442411 0.0153754 0 0.966414 12756.7 12284 472.64 0 -31.5233 -32.7283 4 31929.9 494.924 7901 5.59943e-05
31700 0.458333 0.443668 0.0146648 0 0.968004 12802.6 12328.4 474.174 0 -31.5274 -32.6872 4 32029.9 495.699 7926 5.59763e-05
31800 0.406801 0.396112 0.0106891 0 0.973724 12843.4 12368 475.431 0 -31.5336 -33.4557 4 32129.9 496.472 7951 4.98191e-05
31900 0.445506 0.430339 0.0151665 0 0.965957 12887.7 12411 476.648 0 -31.537 -32.5437 4 32229.9 497.244 7976 5.39543e-05
32000 0.458839 0.442264 0.0165752 0 0.963876 12933.4 12455.3 478.18 0 -31.5393 -32.1887 4 32329.9 498.015 8001 5.52761e-05
32100 0.477604 0.45601 0.0215938 0 0.954787 12980.8 12500.9 479.957 0 -31.5399 -31.6774 4 32429.9 498.784 8026 5.68166e-05
32200 0.483183 0.467947 0.0152364 0 0.968467 13029.3 12547.7 481.657 0 -31.5428 -32.3235 4 32529.9 499.553 8051 5.81228e-05
32300 0.497459 0.481497 0.0159625 0 0.967912 13079.1 12595.8 483.346 0 -31.546 -32.4012 4 32629.9 500.32 8076 5.96207e-05
32400 0.459702 0.446491 0.0132114 0 0.971261 13125.3 12640.4 484.87 0 -31.5496 -32.5599 4 32729.9 501.086 8101 5.51155e-05
32500 0.443509 0.428669 0.0148396 0 0.966541 13169.6 12683.3 486.311 0 -31.5537 -32.7535 4 32829.9 501.851 8126 5.27528e-05
32600 0.460151 0.446444 0.0137074 0 0.970211 13215.8 12728 487.884 0 -31.5569 -32.4841 4 32929.9 502.615 8151 5.47717e-05
32700 0.441442 0.425601 0.0158405 0 0.964116 13259.7 12770.5 489.183 0 -31.5595 -32.3482 4 33029.9 503.377 8176 5.20549e-05
32800 0.47777 0.46415 0.0136201 0 0.971492 13307.7 12816.9 490.78 0 -31.5619 -32.2223 4 33129.9 504.139 8201 5.65967e-05
32900 0.426022 0.41467 0.011352 0 0.973353 13350.5 12858.4 492.063 0 -31.5661 -32.8738 4 33229.9 504.899 8226 5.04096e-05
33000 0.401636 0.390337 0.0112993 0 0.971867 13390.6 12897.4 493.125 0 -31.5709 -33.1474 4 33329.9 505.658 8251 4.73078e-05
33100 0.445622 0.430028 0.0155937 0 0.965007 13434.9 12940.4 494.5 0 -31.5746 -32.7141 4 33429.9 506.416 8276 5.19609e-05
33200 0.421773 0.407557 0.0142156 0 0.966296 13477.1 12981.2 495.952 0 -31.5783 -32.7311 4 33529.9 507.173 8301 4.90973e-05
33300 0.442213 0.427436 0.0147771 0 0.966584 13521.3 13023.9 497.409 0 -31.5816 -32.5987 4 33629.9 507.929 8326 5.13375e-05
33400 0.445257 0.430712 0.0145456 0 0.967332 13565.9 13067 498.9 0 -31.5845 -32.4657 4 33729.9 508.683 8351 5.1576e-05
33500 0.502943 0.485465 0.0174783 0 0.965248 13616.4 13115.6 500.803 0 -31.5847 -31.636 4 33829.9 509.437 8376 5.7959e-05
33600 0.45233 0.436283 0.0160465 0 0.964525 13661.7 13159.2 502.506 0 -31.5859 -31.9487 4 33929.9 510.189 8401 5.19323e-05
33700 0.429686 0.416958 0.0127287 0 0.970377 13704.9 13200.9 504.043 0 -31.5894 -32.6986 4 34029.9 510.94 8426 4.94847e-05
33800 0.421659 0.407361 0.0142981 0 0.966091 13747.1 13241.6 505.489 0 -31.5935 -32.9103 4 34129.9 511.691 8451 4.82027e-05
33900 0.461303 0.444534 0.0167686 0 0.963649 13793.2 13286.1 507.122 0 -31.5952 -32.1106 4 34229.9 512.44 8476 5.24462e-05
34000 0.431733 0.416238 0.0154947 0 0.964111 13836.3 13327.7 508.643 0 -31.5978 -32.4297 4 34329.9 513.188 8501 4.89635e-05
34100 0.401889 0.389043 0.0128454 0 0.968037 13876.6 13366.6 509.965 0 -31.6014 -32.852 4 34429.9 513.935 8526 4.56302e-05
34200 0.427236 0.410933 0.016303 0 0.961841 13919 13407.7 511.259 0 -31.6043 -32.5405 4 34529.9 514.68 8551 4.80568e-05
34300 0.419443 0.407022 0.0124214 0 0.970386 13961.1 13448.4 512.659 0 -31.6076 -32.7119 4 34629.9 515.425 8576 4.74606e-05
34400 0.432894 0.416734 0.0161594 0 0.962671 14004.1 13490.1 514.056 0 -31.6093 -32.16 4 34729.9 516.169 8601 4.84519e-05
34500 0.465388 0.448596 0.0167924 0 0.963917 14050.5 13534.9 515.597 0 -31.6107 -32.0169 4 34829.9 516.911 8626 5.20051e-05
34600 0.466869 0.45251 0.0143589 0 0.969244 14097.4 13580.2 517.267 0 -31.6129 -32.2753 4 34929.9 517.653 8651 5.23073e-05
34700 0.442704 0.428264 0.0144402 0 0.967382 14141.7 13623 518.69 0 -31.6154 -32.4242 4 35029.9 518.393 8676 4.93619e-05
34800 0.446662 0.433387 0.0132742 0 0.970281 14186.5 13666.3 520.164 0 -31.6191 -32.7737 4 35129.9 519.133 8701 4.98089e-05
34900 0.413482 0.403035 0.0104476 0 0.974733 14228.1 13706.6 521.449 0 -31.6238 -33.2342 4 35229.9 519.871 8726 4.61878e-05
35000 0.40981 0.397793 0.0120174 0 0.970676 14269.1 13746.4 522.642 0 -31.6277 -32.985 4 35329.9 520.608 8751 4.54569e-05
35100 0.40562 0.395619 0.0100008 0 0.975344 14309.8 13786 523.792 0 -31.6325 -33.3309 4 35429.9 521.345 8776 4.50796e-05
35200 0.406545 0.395231 0.0113141 0 0.97217 14350.4 13825.5 524.843 0 -31.6367 -33.1064 4 35529.9 522.08 8801 4.49075e-05
35300 0.422434 0.407578 0.014856 0 0.964833 14392.4 13866.3 526.09 0 -31.6399 -32.7307 4 35629.9 522.814 8826 4.61793e-05
35400 0.418599 0.406789 0.0118105 0 0.971786 14434.4 13906.9 527.422 0 -31.6445 -33.2171 4 35729.9 523.547 8851 4.59596e-05
35500 0.41735 0.40464 0.0127106 0 0.969544 14476.2 13947.4 528.754 0 -31.6474 -32.6655 4 35829.9 524.279 8876 4.55881e-05
35600 0.450418 0.432741 0.0176765 0 0.960755 14520.9 13990.7 530.242 0 -31.6491 -32.1907 4 35929.9 525.01 8901 4.86171e-05
35700 0.454324 0.441262 0.0130613 0 0.971251 14566.6 14034.8 531.749 0 -31.6521 -32.6097 4 36029.9 525.741 8926 4.94356e-05
35800 0.421075 0.407788 0.0132866 0 0.968446 14608.6 14075.6 533.053 0 -31.6558 -32.9354 4 36129.9 526.47 8951 4.55578e-05
35900 0.480398 0.465006 0.0153927 0 0.967958 14656.8 14122.1 534.673 0 -31.6593 -32.7072 4 36229.9 527.198 8976 5.18054e-05
36000 0.449993 0.433563 0.0164304 0 0.963487 14701.7 14165.4 536.229 0 -31.6611 -32.2607 4 36329.9 527.925 9001 4.81683e-05
36100 0.4373 0.423673 0.0136264 0 0.96884 14745.6 14207.8 537.748 0 -31.6642 -32.7021 4 36429.9 528.651 9026 4.69392e-05
36200 0.423557 0.409007 0.0145505 0 0.965647 14787.9 14248.7 539.163 0 -31.6679 -32.9509 4 36529.9 529.376 9051 4.51891e-05
36300 0.403101 0.391738 0.0113633 0 0.97181 14828.4 14287.9 540.484 0 -31.6714 -32.9621 4 36629.9 530.1 9076 4.3162e-05
36400 0.426684 0.413252 0.0134321 0 0.96852 14871 14329.2 541.828 0 -31.6743 -32.6647 4 36729.9 530.823 9101 4.54073e-05
36500 0.435381 0.42213 0.0132516 0 0.969563 14914.7 14371.4 543.283 0 -31.6774 -32.7371 4 36829.9 531.545 9126 4.62557e-05
36600 0.386728 0.374928 0.0117996 0 0.969489 14953.4 14408.9 544.52 0 -31.6814 -33.2409 4 36929.9 532.266 9151 4.09713e-05
36700 0.412 0.395413 0.0165873 0 0.95974 14994.2 14448.5 545.781 0 -31.6837 -32.4989 4 37029.9 532.987 9176 4.30921e-05
36800 0.413082 0.400569 0.0125126 0 0.969709 15035.7 14488.5 547.143 0 -31.6873 -33.0054 4 37129.9 533.706 9201 4.35354e-05
36900 0.409497 0.397931 0.0115663 0 0.971755 15076.8 14528.3 548.513 0 -31.6919 -33.3588 4 37229.9 534.424 9226 4.31315e-05
37000 0.391286 0.378253 0.013033 0 0.966692 15115.9 14566.1 549.739 0 -31.6956 -33.1196 4 37329.9 535.141 9251 4.08878e-05
37100 0.495155 0.477281 0.0178736 0 0.963903 15165.3 14613.9 551.418 0 -31.6968 -32.09 4 37429.9 535.857 9276 5.14533e-05
37200 0.473833 0.456305 0.0175278 0 0.963009 15212.8 14659.5 553.272 0 -31.6989 -32.3539 4 37529.9 536.573 9301 4.90598e-05
37300 0.445119 0.429634 0.015485 0 0.965212 15257.4 14702.5 554.973 0 -31.7015 -32.5892 4 37629.9 537.287 9326 4.60684e-05
37400 0.478364 0.458804 0.0195605 0 0.95911 15305.2 14748.3 556.849 0 -31.703 -32.1726 4 37729.9 538.001 9351 4.90647e-05
37500 0.45277 0.43595 0.0168205 0 0.96285 15350.6 14791.9 558.681 0 -31.7059 -32.685 4 37829.9 538.713 9376 4.64963e-05
37600 0.433026 0.416923 0.0161029 0 0.962813 15394 14833.6 560.335 0 -31.7094 -32.9458 4 37929.9 539.425 9401 4.43488e-05
37700 0.446843 0.429016 0.0178264 0 0.960106 15438.5 14876.5 561.995 0 -31.7121 -32.6702 4 38029.9 540.135 9426 4.55141e-05
37800 0.429931 0.417233 0.0126978 0 0.970466 15481.8 14918.3 563.556 0 -31.7159 -33.068 4 38129.9 540.845 9451 4.4147e-05
37900 0.404709 0.393106 0.0116037 0 0.971328 15522.4 14957.6 564.851 0 -31.7209 -33.605 4 38229.9 541.554 9476 4.14843e-05
38000 0.45214 0.437883 0.0142567 0 0.968468 15567.7 15001.4 566.319 0 -31.7224 -32.2546 4 38329.9 542.262 9501 4.60881e-05
38100 0.487265 0.470043 0.0172221 0 0.964656 15616.5 15048.4 568.109 0 -31.724 -32.2363 4 38429.9 542.968 9526 4.93432e-05
38200 0.457601 0.439344 0.0182571 0 0.960103 15662.1 15092.3 569.831 0 -31.7258 -32.335 4 38529.9 543.674 9551 4.59998e-05
38300 0.452991 0.435727 0.0172643 0 0.961888 15707.5 15135.9 571.611 0 -31.7278 -32.4252 4 38629.9 544.379 9576 4.5502e-05
38400 0.450537 0.432349 0.0181878 0 0.959631 15752.4 15179.1 573.352 0 -31.7302 -32.5665 4 38729.9 545.084 9601 4.50317e-05
38500 0.475782 0.458286 0.0174956 0 0.963228 15800.2 15224.9 575.301 0 -31.7313 -32.0745 4 38829.9 545.787 9626 4.76092e-05
38600 0.414709 0.400873 0.0138359 0 0.966637 15841.9 15265 576.853 0 -31.7343 -32.8751 4 38929.9 546.489 9651 4.1537e-05
38700 0.443256 0.429443 0.0138123 0 0.968839 15886.3 15308 578.296 0 -31.7356 -32.194 4 39029.9 547.191 9676 4.43823e-05
38800 0.485936 0.467755 0.018181 0 0.962586 15934.6 15354.7 579.853 0 -31.7337 -31.1126 4 39129.9 547.891 9701 4.82172e-05
38900 0.501853 0.484084 0.0177695 0 0.964592 15984.7 15403.1 581.594 0 -31.7331 -31.5522 4 39229.9 548.591 9726 4.97721e-05
39000 0.475699 0.459684 0.0160153 0 0.966333 16032.4 15449.1 583.265 0 -31.7336 -31.9165 4 39329.9 549.29 9751 4.71422e-05
39100 0.457414 0.440687 0.0167273 0 0.963431 16078 15493.2 584.857 0 -31.7351 -32.2409 4 39429.9 549.987 9776 4.50785e-05
39200 0.471775 0.456791 0.0149834 0 0.96824 16125.4 15538.9 586.538 0 -31.7362 -32.1294 4 39529.9 550.684 9801 4.66066e-05
39300 0.451079 0.434776 0.0163032 0 0.963857 16170.4 15582.3 588.063 0 -31.7372 -32.0945 4 39629.9 551.381 9826 4.42475e-05
39400 0.519767 0.502562 0.0172053 0 0.966898 16222.5 15632.6 589.869 0 -31.7386 -32.1538 4 39729.9 552.076 9851 5.10164e-05
39500 0.47659 0.460621 0.015969 0 0.966493 16270.2 15678.7 591.58 0 -31.7406 -32.4262 4 39829.9 552.77 9876 4.66404e-05
39600 0.453732 0.440341 0.0133907 0 0.970488 16315.8 15722.7 593.094 0 -31.7441 -32.9898 4 39929.9 553.464 9901 4.44744e-05
39700 0.419963 0.407726 0.0122368 0 0.970862 16357.8 15763.5 594.365 0 -31.7476 -33.1236 4 40029.9 554.156 9926 4.10766e-05
39800 0.434228 0.422357 0.0118711 0 0.972662 16401.3 15805.7 595.592 0 -31.7513 -33.1443 4 40129.9 554.848 9951 4.24436e-05
39900 0.468509 0.451326 0.0171836 0 0.963323 16447.9 15850.8 597.065 0 -31.7526 -32.1873 4 40229.9 555.539 9976 4.52411e-05
40000 0.458895 0.441354 0.0175409 0 0.961776 16493.7 15895 598.728 0 -31.7535 -32.0939 4 40329.9 556.229 10001 4.4131e-05
40100 0.45895 0.44515 0.0137992 0 0.969933 16539.7 15939.5 600.244 0 -31.7547 -32.1803 4 40429.9 556.918 10026 4.43996e-05
40200 0.444022 0.432229 0.0117932 0 0.97344 16584.3 15982.7 601.594 0 -31.7569 -32.5733 4 40529.9 557.606 10051 4.30036e-05
40300 0.467223 0.452398 0.014825 0 0.96827 16631 16027.9 603.067 0 -31.7606 -33.0604 4 40629.9 558.294 10076 4.48986e-05
40400 0.430962 0.418419 0.0125436 0 0.970894 16674.2 16069.8 604.465 0 -31.7646 -33.304 4 40729.9 558.98 10101 4.14235e-05
40500 0.457563 0.443479 0.014084 0 0.96922 16720.2 16114.1 606.026 0 -31.7665 -32.457 4 40829.9 559.666 10126 4.37961e-05
40600 0.40541 0.396265 0.00914459 0 0.977444 16761 16153.8 607.23 0 -31.7703 -33.3585 4 40929.9 560.351 10151 3.90371e-05
40700 0.430702 0.417677 0.0130258 0 0.969757 16804 16195.5 608.449 0 -31.7727 -32.7062 4 41029.9 561.035 10176 4.10453e-05
40800 0.430729 0.416628 0.0141009 0 0.967263 16846.9 16237.2 609.759 0 -31.7759 -33 4 41129.9 561.719 10201 4.08419e-05
40900 0.439578 0.42691 0.0126684 0 0.971181 16891.1 16279.9 611.178 0 -31.7788 -32.8805 4 41229.9 562.401 10226 4.17475e-05
41000 0.443901 0.430418 0.0134829 0 0.969626 16935.5 16322.9 612.587 0 -31.7807 -32.5228 4 41329.9 563.083 10251 4.19879e-05
41100 0.446933 0.433632 0.0133009 0 0.97024 16980.3 16366.3 614.01 0 -31.7831 -32.6739 4 41429.9 563.763 10276 4.21985e-05
41200 0.43948 0.427008 0.012472 0 0.971621 17024.4 16409 615.379 0 -31.7861 -32.9466 4 41529.9 564.443 10301 4.1453e-05
41300 0.402635 0.392765 0.00987027 0 0.975486 17064.8 16448.3 616.503 0 -31.7902 -33.5482 4 41629.9 565.123 10326 3.80365e-05
41400 0.41726 0.403813 0.0134471 0 0.967773 17106.3 16488.6 617.673 0 -31.7933 -33.0533 4 41729.9 565.801 10351 3.90119e-05
41500 0.418348 0.407118 0.0112303 0 0.973156 17148.3 16529.4 618.975 0 -31.7963 -33.0161 4 41829.9 566.478 10376 3.92365e-05
41600 0.390441 0.380214 0.0102268 0 0.973807 17187.5 16567.4 620.145 0 -31.8005 -33.652 4 41929.9 567.155 10401 3.65555e-05
41700 0.394821 0.384592 0.010229 0 0.974092 17227.2 16605.8 621.33 0 -31.8058 -34.0817 4 42029.9 567.831 10426 3.68878e-05
41800 0.406292 0.394299 0.0119932 0 0.970481 17267.7 16645.3 622.46 0 -31.8088 -33.0783 4 42129.9 568.506 10451 3.77284e-05
41900 0.423328 0.41045 0.0128788 0 0.969577 17310 16686.3 623.702 0 -31.8118 -33.0414 4 42229.9 569.18 10476 3.918e-05
42000 0.44002 0.426186 0.0138334 0 0.968562 17354 16728.9 625.115 0 -31.8147 -32.9653 4 42329.9 569.854 10501 4.05853e-05
42100 0.480754 0.462206 0.018548 0 0.961419 17401.8 16775.1 626.7 0 -31.8161 -32.3197 4 42429.9 570.527 10526 4.39109e-05
42200 0.468807 0.453483 0.0153237 0 0.967313 17448.9 16820.5 628.422 0 -31.8175 -32.3299 4 42529.9 571.199 10551 4.29801e-05
42300 0.423116 0.409744 0.013372 0 0.968396 17491.3 16861.5 629.848 0 -31.8207 -33.1421 4 42629.9 571.87 10576 3.87428e-05
42400 0.452044 0.436915 0.0151291 0 0.966532 17536.5 16905.2 631.363 0 -31.8229 -32.6857 4 42729.9 572.54 10601 4.12145e-05
42500 0.424107 0.411183 0.0129239 0 0.969527 17579.1 16946.3 632.835 0 -31.8258 -33.0094 4 42829.9 573.21 10626 3.8696e-05
42600 0.432012 0.419863 0.0121495 0 0.971877 17622.6 16988.3 634.293 0 -31.8289 -33.061 4 42929.9 573.878 10651 3.942e-05
42700 0.457131 0.441734 0.0153975 0 0.966317 17668.2 17032.4 635.74 0 -31.8316 -32.9039 4 43029.9 574.546 10676 4.13763e-05
42800 0.446892 0.432535 0.0143575 0 0.967873 17712.8 17075.7 637.147 0 -31.8349 -33.132 4 43129.9 575.214 10701 4.042e-05
42900 0.49983 0.481767 0.0180633 0 0.963861 17762.6 17123.9 638.764 0 -31.8374 -32.7335 4 43229.9 575.88 10726 4.49158e-05
43000 0.477397 0.461186 0.0162116 0 0.966042 17810.5 17170 640.474 0 -31.8392 -32.4883 4 43329.9 576.546 10751 4.2897e-05
43100 0.45397 0.438281 0.0156888 0 0.965441 17855.8 17213.8 641.997 0 -31.8409 -32.5282 4 43429.9 577.211 10776 4.0672e-05
43200 0.481339 0.465007 0.0163316 0 0.96607 17904.1 17260.3 643.745 0 -31.8417 -32.1255 4 43529.9 577.875 10801 4.30522e-05
43300 0.470497 0.455336 0.0151611 0 0.967776 17951.3 17305.9 645.403 0 -31.842 -31.9442 4 43629.9 578.538 10826 4.20595e-05
43400 0.429296 0.415832 0.0134635 0 0.968638 17994.3 17347.4 646.828 0 -31.8443 -32.8339 4 43729.9 579.201 10851 3.8322e-05
43500 0.475265 0.459424 0.0158413 0 0.966668 18041.8 17393.4 648.417 0 -31.8437 -31.6055 4 43829.9 579.863 10876 4.2242e-05
43600 0.438098 0.424542 0.0135564 0 0.969056 18085.8 17435.8 649.933 0 -31.8453 -32.5022 4 43929.9 580.524 10901 3.89452e-05
43700 0.466018 0.450797 0.0152215 0 0.967337 18132.5 17480.9 651.586 0 -31.8465 -32.3205 4 44029.9 581.184 10926 4.12591e-05
43800 0.460097 0.444872 0.0152247 0 0.96691 18178.5 17525.4 653.104 0 -31.8477 -32.2967 4 44129.9 581.844 10951 4.06239e-05
43900 0.455637 0.441242 0.0143945 0 0.968408 18224.1 17569.5 654.569 0 -31.8497 -32.6418 4 44229.9 582.503 10976 4.02006e-05
44000 0.448773 0.435711 0.0130613 0 0.970896 18269.1 17613.1 655.993 0 -31.8527 -33.0931 4 44329.9 583.161 11001 3.96065e-05
44100 0.448822 0.435448 0.0133746 0 0.970201 18313.9 17656.6 657.236 0 -31.8548 -32.7027 4 44429.9 583.818 11026 3.94928e-05
44200 0.524731 0.506996 0.0177353 0 0.966201 18366.2 17707.3 658.851 0 -31.8553 -32.0322 4 44529.9 584.475 11051 4.58778e-05
44300 0.473102 0.458932 0.0141697 0 0.970049 18413.6 17753.2 660.407 0 -31.8574 -32.6679 4 44629.9 585.131 11076 4.14348e-05
44400 0.426574 0.414391 0.0121836 0 0.971438 18456.5 17794.7 661.816 0 -31.8607 -33.2919 4 44729.9 585.786 11101 3.73291e-05
44500 0.483986 0.466372 0.017614 0 0.963606 18504.6 17841.3 663.281 0 -31.8609 -31.9093 4 44829.9 586.44 11126 4.19173e-05
44600 0.524426 0.506402 0.0180242 0 0.965631 18557.1 17891.9 665.159 0 -31.8612 -31.9893 4 44929.9 587.094 11151 4.54131e-05
44700 0.474568 0.458987 0.0155811 0 0.967168 18604.7 17937.8 666.857 0 -31.8618 -32.0867 4 45029.9 587.747 11176 4.1069e-05
44800 0.462578 0.446875 0.0157028 0 0.966054 18650.9 17982.5 668.415 0 -31.8631 -32.403 4 45129.9 588.399 11201 3.9896e-05
44900 0.450052 0.437676 0.0123758 0 0.972501 18696.1 18026.3 669.833 0 -31.8651 -32.6768 4 45229.9 589.051 11226 3.89877e-05
45000 0.437889 0.425143 0.0127459 0 0.970892 18739.9 18068.8 671.118 0 -31.8675 -32.8993 4 45329.9 589.702 11251 3.77871e-05
45100 0.453881 0.439469 0.0144121 0 0.968247 18785.2 18112.8 672.467 0 -31.8693 -32.6257 4 45429.9 590.352 11276 3.89739e-05
45200 0.450663 0.436817 0.0138465 0 0.969275 18830.2 18156.4 673.718 0 -31.8714 -32.7095 4 45529.9 591.001 11301 3.86529e-05
45300 0.441718 0.428706 0.013012 0 0.970542 18874.2 18199.3 674.905 0 -31.8731 -32.6059 4 45629.9 591.65 11326 3.78515e-05
45400 0.481943 0.467339 0.0146042 0 0.969697 18922.5 18246 676.453 0 -31.8742 -32.319 4 45729.9 592.298 11351 4.11716e-05
45500 0.483242 0.467724 0.0155173 0 0.967889 18971 18292.8 678.137 0 -31.8759 -32.5304 4 45829.9 592.945 11376 4.1115e-05
45600 0.474931 0.460468 0.0144626 0 0.969548 19018.6 18338.9 679.718 0 -31.8777 -32.6118 4 45929.9 593.592 11401 4.03884e-05
45700 0.463819 0.449345 0.0144733 0 0.968795 19065 18383.8 681.191 0 -31.8795 -32.593 4 46029.9 594.237 11426 3.93266e-05
45800 0.464562 0.451587 0.0129744 0 0.972072 19111.7 18429 682.689 0 -31.8815 -32.6976 4 46129.9 594.883 11451 3.94365e-05
45900 0.446328 0.433738 0.0125908 0 0.97179 19156.3 18472.3 684.013 0 -31.8837 -32.856 4 46229.9 595.527 11476 3.77952e-05
46000 0.499252 0.482356 0.016896 0 0.966157 19206.1 18520.6 685.57 0 -31.8849 -32.3472 4 46329.9 596.171 11501 4.19404e-05
46100 0.48722 0.471756 0.0154634 0 0.968262 19255 18567.7 687.258 0 -31.886 -32.3169 4 46429.9 596.814 11526 4.09298e-05
46200 0.466127 0.451099 0.0150278 0 0.96776 19301.7 18612.9 688.843 0 -31.8874 -32.4534 4 46529.9 597.456 11551 3.90528e-05
46300 0.502922 0.484696 0.0182255 0 0.963761 19351.9 18661.3 690.615 0 -31.888 -32.1248 4 46629.9 598.098 11576 4.18708e-05
46400 0.485715 0.471208 0.014507 0 0.970133 19400.8 18708.4 692.38 0 -31.8889 -32.2459 4 46729.9 598.739 11601 4.06179e-05
46500 0.46941 0.452706 0.0167039 0 0.964415 19447.9 18753.7 694.137 0 -31.8904 -32.4852 4 46829.9 599.379 11626 3.89391e-05
46600 0.451774 0.439034 0.0127404 0 0.971799 19493.3 18797.6 695.666 0 -31.8932 -33.1007 4 46929.9 600.019 11651 3.76821e-05
46700 0.479236 0.464391 0.0148457 0 0.969022 19541.3 18844.1 697.212 0 -31.8947 -32.4999 4 47029.9 600.658 11676 3.97731e-05
46800 0.514796 0.498019 0.0167767 0 0.967411 19592.8 18893.9 698.925 0 -31.8953 -32.1329 4 47129.9 601.296 11701 4.25621e-05
46900 0.493281 0.476101 0.0171797 0 0.965173 19642.1 18941.5 700.673 0 -31.8959 -32.1168 4 47229.9 601.933 11726 4.06022e-05
47000 0.486283 0.46714 0.0191429 0 0.960634 19690.6 18988.2 702.406 0 -31.896 -31.9426 4 47329.9 602.57 11751 3.97532e-05
47100 0.504515 0.486173 0.0183429 0 0.963642 19741.1 19036.8 704.318 0 -31.8945 -31.3267 4 47429.9 603.207 11776 4.1285e-05
47200 0.462766 0.447118 0.0156484 0 0.966185 19787.4 19081.5 705.864 0 -31.8955 -32.3041 4 47529.9 603.842 11801 3.78881e-05
47300 0.492912 0.477343 0.0155693 0 0.968414 19836.7 19129.2 707.478 0 -31.8962 -32.1913 4 47629.9 604.477 11826 4.03639e-05
47400 0.512283 0.495847 0.0164358 0 0.967917 19888 19178.8 709.154 0 -31.8968 -32.117 4 47729.9 605.111 11851 4.18401e-05
47500 0.511604 0.496658 0.0149459 0 0.970786 19939.4 19228.5 710.875 0 -31.8977 -32.2392 4 47829.9 605.745 11876 4.18203e-05
47600 0.462599 0.448967 0.013632 0 0.970532 19985.9 19273.4 712.467 0 -31.8992 -32.5656 4 47929.9 606.378 11901 3.77251e-05
47700 0.463624 0.448214 0.0154101 0 0.966762 20032.1 19318.2 713.916 0 -31.9009 -32.6168 4 48029.9 607.01 11926 3.75829e-05
47800 0.488925 0.472684 0.0162409 0 0.966782 20081 19365.5 715.498 0 -31.9016 -32.2043 4 48129.9 607.642 11951 3.95518e-05
47900 0.481787 0.467221 0.0145663 0 0.969766 20129.3 19412.2 717.1 0 -31.9023 -32.1894 4 48229.9 608.272 11976 3.90131e-05
48000 0.425914 0.413816 0.0120974 0 0.971597 20171.9 19453.6 718.336 0 -31.9045 -32.9533 4 48329.9 608.903 12001 3.44818e-05
48100 0.427449 0.415618 0.0118304 0 0.972323 20214.8 19495.2 719.69 0 -31.9072 -33.1576 4 48429.9 609.532 12026 3.456e-05
48200 0.418752 0.408037 0.010715 0 0.974412 20256.9 19536 720.908 0 -31.9093 -32.9513 4 48529.9 610.161 12051 3.38592e-05
48300 0.428755 0.415883 0.0128718 0 0.969979 20299.7 19577.5 722.124 0 -31.9106 -32.5019 4 48629.9 610.79 12076 3.44388e-05
48400 0.449986 0.43715 0.0128358 0 0.971475 20344.7 19621.3 723.463 0 -31.9115 -32.3091 4 48729.9 611.417 12101 3.61251e-05
48500 0.457169 0.442115 0.0150541 0 0.967071 20390.4 19665.5 724.896 0 -31.912 -32.1359 4 48829.9 612.044 12126 3.64601e-05
48600 0.465421 0.450915 0.0145058 0 0.968833 20437 19710.6 726.486 0 -31.9136 -32.6225 4 48929.9 612.671 12151 3.71093e-05
48700 0.506547 0.488087 0.0184598 0 0.963558 20487.6 19759.4 728.252 0 -31.9139 -32.0433 4 49029.9 613.297 12176 4.0086e-05
48800 0.504385 0.487345 0.0170401 0 0.966216 20538.2 19808.1 730.132 0 -31.9144 -32.1021 4 49129.9 613.922 12201 3.99431e-05
48900 0.490391 0.47095 0.0194407 0 0.960357 20587.1 19855.2 731.881 0 -31.9147 -32.0592 4 49229.9 614.546 12226 3.85204e-05
49000 0.536795 0.51657 0.0202252 0 0.962322 20640.9 19906.9 734.006 0 -31.9139 -31.6035 4 49329.9 615.17 12251 4.21656e-05
49100 0.484795 0.46533 0.0194648 0 0.959849 20689.4 19953.4 735.968 0 -31.914 -31.9393 4 49429.9 615.793 12276 3.79057e-05
49200 0.475828 0.461181 0.0146464 0 0.969219 20737.2 19999.5 737.693 0 -31.9157 -32.64 4 49529.9 616.416 12301 3.74914e-05
49300 0.473475 0.454206 0.0192689 0 0.959303 20784.2 20044.9 739.272 0 -31.9168 -32.426 4 49629.9 617.038 12326 3.68494e-05
49400 0.495668 0.476579 0.0190883 0 0.96149 20833.5 20092.6 740.951 0 -31.9178 -32.323 4 49729.9 617.659 12351 3.85863e-05
49500 0.533845 0.515202 0.0186426 0 0.965079 20887 20144.1 742.87 0 -31.9189 -32.348 4 49829.9 618.28 12376 4.16291e-05
49600 0.53674 0.514676 0.0220639 0 0.958893 20940.6 20195.6 744.98 0 -31.9196 -32.2133 4 49929.9 618.9 12401 4.15028e-05
49700 0.521589 0.500472 0.0211165 0 0.959515 20992.6 20245.6 746.957 0 -31.9203 -32.1812 4 50029.9 619.519 12426 4.02762e-05
49800 0.486811 0.46903 0.0177812 0 0.963474 21041.3 20292.5 748.809 0 -31.9217 -32.5299 4 50129.9 620.138 12451 3.767e-05
49900 0.482748 0.466792 0.015956 0 0.966947 21089.7 20339.2 750.534 0 -31.9236 -32.7395 4 50229.9 620.756 12476 3.74152e-05
50000 0.47765 0.460625 0.0170253 0 0.964356 21137.5 20385.3 752.217 0 -31.9248 -32.4855 4 50329.9 621.374 12501 3.68471e-05
