100 0.000773963 0.000773963 0 0 1 0.0812801 0.0773963 0.00388383 0 -38.7786 -38.7786 128 453.882 59.0081 1 0.000773963
200 0.0177585 0.016851 0.000907505 0 0.948897 1.85445 1.76249 0.0919523 0 -33.2956 -33.0443 128 581.882 66.8124 2 0.00842548
300 0.0124889 0.0117087 0.000780269 0 0.937523 3.12408 2.93336 0.190719 0 -31.818 -29.6598 128 709.882 73.796 3 0.00390289
400 0.00836783 0.00762701 0.000740829 0 0.911467 3.96027 3.69606 0.264205 0 -31.3568 -29.6336 128 837.882 80.1736 4 0.00190675
500 0.00569621 0.00537079 0.000325424 0 0.94287 4.55949 4.23314 0.326347 0 -31.3933 -31.6344 128 837.882 80.1736 4 0.0013427
600 0.0170562 0.0159386 0.00111755 0 0.934478 6.282 5.827 0.455001 0 -29.8993 -25.9447 128 965.882 86.08 5 0.00318772
700 0.012578 0.0115902 0.000987794 0 0.921466 7.55366 6.98602 0.567642 0 -29.1284 -25.32 128 1093.88 91.6063 6 0.00193169
800 0.00913098 0.00856439 0.000566595 0 0.937948 8.47981 7.84246 0.63735 0 -29.0279 -28.209 128 1221.88 96.8177 7 0.00122348
900 0.00628523 0.00609614 0.000189091 0 0.969915 9.11982 8.45207 0.667748 0 -29.1142 -30.2566 128 1349.88 101.763 8 0.000762017
1000 0.00481685 0.00462776 0.000189091 0 0.960744 9.6015 8.91485 0.686657 0 -29.198 -30.7844 128 1349.88 101.763 8 0.00057847
1100 0.0208027 0.0202055 0.000597162 0 0.971294 11.7036 10.9354 0.768164 0 -29.16 -28.9867 128 1477.88 106.478 9 0.00224506
1200 0.0141839 0.0134897 0.000694181 0 0.951058 13.1204 12.2844 0.835983 0 -29.1552 -29.1151 128 1605.88 110.993 10 0.00134897
1300 0.0103059 0.0099151 0.000390779 0 0.962082 14.1737 13.2759 0.897844 0 -29.2257 -30.1047 128 1733.88 115.332 11 0.000901373
1400 0.00836729 0.00797651 0.000390779 0 0.953297 15.0105 14.0735 0.936922 0 -29.2934 -30.4399 128 1733.88 115.332 11 0.000725138
1500 0.0293403 0.0285783 0.000761999 0 0.974029 17.9608 16.9314 1.02943 0 -28.5632 -24.8483 128 1861.88 119.513 12 0.00238153
1600 0.0177283 0.0170218 0.000706469 0 0.96015 19.7353 18.6335 1.10176 0 -28.3556 -26.2537 128 1989.88 123.553 13 0.00130937
1700 0.0147428 0.0140453 0.000697458 0 0.952691 21.2106 20.0381 1.17251 0 -28.2666 -27.0767 128 2117.88 127.465 14 0.00100324
1800 0.0133613 0.0127149 0.000646383 0 0.951623 22.5324 21.3096 1.22281 0 -28.2046 -27.2088 128 2245.88 131.26 15 0.000847662
1900 0.0130167 0.0126094 0.000407294 0 0.96871 23.843 22.5705 1.2725 0 -28.1707 -27.5891 128 2245.88 131.26 15 0.000840627
2000 0.0110653 0.0108015 0.000263735 0 0.976166 24.9622 23.6507 1.31154 0 -28.2002 -28.8274 128 2373.88 134.949 16 0.000675096
2100 0.0101992 0.00998873 0.000210427 0 0.979368 25.9846 24.6495 1.33507 0 -28.2235 -28.7921 128 2501.88 138.539 17 0.000587572
2200 0.00942639 0.00920555 0.000220842 0 0.976572 26.9254 25.5701 1.35533 0 -28.2562 -29.1591 128 2629.88 142.039 18 0.00051142
2300 0.00854067 0.00837005 0.000170612 0 0.980024 27.7813 26.4071 1.37421 0 -28.298 -29.6148 128 2629.88 142.039 18 0.000465003
2400 0.0101933 0.00995712 0.000236178 0 0.97683 28.8129 27.4028 1.41013 0 -28.3053 -28.502 128 2757.88 145.455 19 0.000524059
2500 0.00858548 0.00847846 0.000107019 0 0.987535 29.6809 28.2507 1.4302 0 -28.3482 -29.7699 128 2885.88 148.792 20 0.000423923
2600 0.0313929 0.0298817 0.00151125 0 0.95186 32.7572 31.2388 1.51838 0 -28.064 -25.3225 128 3013.88 152.056 21 0.00142294
2700 0.0312578 0.0287646 0.00249321 0 0.920237 35.7829 34.1153 1.66758 0 -27.848 -25.5098 128 3141.88 155.251 22 0.00130748
2800 0.0252178 0.0236175 0.00160039 0 0.936537 38.3454 36.477 1.86834 0 -27.7707 -26.6909 128 3141.88 155.251 22 0.00107352
2900 0.0194744 0.0185276 0.000946785 0 0.951383 40.3161 38.3298 1.98629 0 -27.7481 -27.3088 128 3269.88 158.382 23 0.00080555
3000 0.0179599 0.0171123 0.000847634 0 0.952804 42.1256 40.041 2.08457 0 -27.7429 -27.6267 128 3397.88 161.452 24 0.000713011
3100 0.0233492 0.0216329 0.00171633 0 0.926493 44.3762 42.2043 2.17191 0 -27.7396 -27.6783 128 3525.88 164.465 25 0.000865315
3200 0.0224832 0.0214049 0.00107828 0 0.952041 46.6492 44.3448 2.30444 0 -27.795 -28.8761 128 3653.88 167.424 26 0.000823267
3300 0.0428197 0.0411142 0.0017055 0 0.96017 50.9569 48.4562 2.50065 0 -28.1651 -32.1732 128 3653.88 167.424 26 0.00158132
3400 0.027171 0.0259639 0.00120713 0 0.955573 53.6818 51.0526 2.62921 0 -28.2947 -30.7188 128 3781.88 170.331 27 0.000961624
3500 0.022496 0.0213386 0.0011574 0 0.948551 55.9345 53.1865 2.74807 0 -28.3925 -30.7214 128 3909.88 173.19 28 0.000762094
3600 0.0209698 0.0199308 0.00103901 0 0.950452 58.0115 55.1796 2.83199 0 -28.4813 -30.8726 128 4037.88 176.002 29 0.00068727
3700 0.0187136 0.0180514 0.000662182 0 0.964615 59.8987 56.9847 2.91396 0 -28.5763 -31.4963 128 4037.88 176.002 29 0.000622462
3800 0.0176853 0.0171841 0.000501272 0 0.971656 61.6822 58.7031 2.9791 0 -28.6577 -31.3934 128 4165.88 178.77 30 0.000572802
3900 0.0255699 0.0246454 0.000924484 0 0.963845 64.2428 61.1676 3.07513 0 -28.7355 -30.6087 128 4293.88 181.495 31 0.000795012
4000 0.0224284 0.0213683 0.00106014 0 0.952732 66.4745 63.3045 3.17004 0 -28.8129 -31.0427 128 4421.88 184.18 32 0.000667759
4100 0.0189939 0.0179557 0.00103816 0 0.945342 68.3325 65.1 3.23247 0 -28.8859 -31.4955 128 4549.88 186.827 33 0.000544112
4200 0.0157993 0.0154207 0.000378576 0 0.976038 69.9202 66.6421 3.27808 0 -28.9715 -32.6578 128 4549.88 186.827 33 0.000467295
4300 0.0143688 0.0141304 0.000238421 0 0.983407 71.3713 68.0551 3.31613 0 -29.053 -32.9788 128 4677.88 189.437 34 0.000415599
4400 0.0176543 0.0171925 0.00046182 0 0.973841 73.1323 69.7744 3.35794 0 -29.088 -30.5046 128 4805.88 192.011 35 0.000491214
4500 0.0160575 0.0156167 0.000440831 0 0.972547 74.7317 71.3361 3.39566 0 -29.1283 -30.9729 128 4933.88 194.551 36 0.000433797
4600 0.0141717 0.0140761 9.56289e-05 0 0.993252 76.1682 72.7437 3.42451 0 -29.185 -32.1348 128 4933.88 194.551 36 0.000391002
4700 0.0174339 0.0172519 0.000181921 0 0.989565 77.9249 74.4689 3.45607 0 -29.2572 -32.3884 128 5061.88 197.059 37 0.000466269
4800 0.0155725 0.0155725 0 0 1 79.4959 76.0261 3.46976 0 -29.3405 -33.4718 128 5189.88 199.535 38 0.000409803
4900 0.0121194 0.0120434 7.60425e-05 0 0.993726 80.7035 77.2305 3.47302 0 -29.4043 -33.6017 128 5317.88 201.98 39 0.000308805
5000 0.0116258 0.0113775 0.000248346 0 0.978638 81.8464 78.3682 3.47821 0 -29.4557 -33.0861 128 5445.88 204.397 40 0.000284437
5100 0.0114222 0.0113271 9.50611e-05 0 0.991677 82.9949 79.5009 3.49397 0 -29.505 -33.0162 128 5445.88 204.397 40 0.000283177
5200 0.0108078 0.0107497 5.80958e-05 0 0.994625 84.0812 80.5759 3.5053 0 -29.5616 -33.8899 128 5573.88 206.785 41 0.000262187
5300 0.0125039 0.0121746 0.000329228 0 0.97367 85.3309 81.7933 3.53759 0 -29.5936 -31.7443 128 5701.88 209.146 42 0.000289872
5400 0.0132298 0.0124484 0.000781386 0 0.940937 86.6227 83.0382 3.58456 0 -29.6283 -31.9229 128 5829.88 211.48 43 0.000289498
5500 0.0114756 0.0113955 8.00809e-05 0 0.993022 87.7801 84.1777 3.60233 0 -29.6961 -34.7697 128 5829.88 211.48 43 0.000265012
5600 0.0109541 0.0109006 5.34445e-05 0 0.995121 88.882 85.2678 3.61426 0 -29.7463 -33.7445 128 5957.88 213.789 44 0.000247741
5700 0.0109319 0.0107205 0.000211341 0 0.980667 89.9734 86.3398 3.63355 0 -29.795 -33.7601 128 6085.88 216.074 45 0.000238234
5800 0.00982085 0.00967658 0.000144263 0 0.98531 90.957 87.3075 3.64949 0 -29.8418 -34.1268 128 6213.88 218.334 46 0.00021036
5900 0.0183576 0.0167968 0.00156077 0 0.91498 92.671 88.9872 3.68383 0 -29.7885 -26.9604 128 6341.88 220.571 47 0.000357379
6000 0.0237718 0.0232465 0.000525246 0 0.977905 95.0841 91.3118 3.77225 0 -29.7281 -27.4072 128 6341.88 220.571 47 0.000494607
6100 0.0150992 0.0148714 0.000227812 0 0.984912 96.6107 92.799 3.81175 0 -29.7278 -29.7122 128 6469.88 222.786 48 0.000309821
6200 0.0130533 0.0129876 6.56905e-05 0 0.994968 97.9297 94.0977 3.83199 0 -29.7421 -30.7889 128 6597.88 224.979 49 0.000265053
6300 0.0135256 0.0131389 0.000386687 0 0.971411 99.2606 95.4116 3.84894 0 -29.7435 -29.8465 128 6725.88 227.151 50 0.000262778
6400 0.0121252 0.012045 8.02031e-05 0 0.993385 100.485 96.6161 3.86884 0 -29.7591 -31.0231 128 6853.88 229.302 51 0.000236176
6500 0.0226436 0.0223185 0.000325161 0 0.98564 102.768 98.848 3.92024 0 -29.8175 -32.387 128 6853.88 229.302 51 0.000437617
6600 0.0154187 0.015145 0.000273743 0 0.982246 104.315 100.362 3.95284 0 -29.845 -31.668 128 6981.88 231.434 52 0.000291249
6700 0.0141457 0.013752 0.000393685 0 0.972169 105.724 101.738 3.98631 0 -29.8638 -31.2558 128 7109.88 233.545 53 0.000259472
6800 0.0122751 0.0120752 0.000199815 0 0.983722 106.957 102.945 4.01217 0 -29.891 -32.2243 128 7237.88 235.638 54 0.000223616
6900 0.0108341 0.0106343 0.000199815 0 0.981557 108.041 104.009 4.03215 0 -29.9191 -32.6947 128 7237.88 235.638 54 0.000196932
7000 0.0109506 0.0108315 0.00011918 0 0.989117 109.142 105.092 4.05001 0 -29.9451 -32.4947 128 7365.88 237.713 55 0.000196936
7100 0.0103541 0.0102221 0.000131991 0 0.987252 110.179 106.114 4.06538 0 -29.9778 -33.4257 128 7493.88 239.769 56 0.000182538
7200 0.0114725 0.0112597 0.000212843 0 0.981448 111.323 107.24 4.08312 0 -29.9975 -31.892 128 7621.88 241.808 57 0.000197538
7300 0.010936 0.0107305 0.000205511 0 0.981208 112.415 108.313 4.10171 0 -30.0175 -32.054 128 7749.88 243.83 58 0.000185009
7400 0.00990977 0.00977045 0.000139319 0 0.985941 113.409 109.29 4.1189 0 -30.0413 -32.7314 128 7749.88 243.83 58 0.000168456
7500 0.0103253 0.0101033 0.000221957 0 0.978504 114.446 110.3 4.14609 0 -30.0653 -32.6943 128 7877.88 245.836 59 0.000171243
7600 0.00885248 0.00871426 0.000138213 0 0.984387 115.337 111.172 4.16483 0 -30.0914 -33.447 128 8005.88 247.825 60 0.000145238
7700 0.00886741 0.00872423 0.000143186 0 0.983853 116.223 112.044 4.1789 0 -30.1167 -33.4108 128 8133.88 249.798 61 0.00014302
7800 0.00830762 0.00822908 7.85404e-05 0 0.990546 117.057 112.867 4.19006 0 -30.1439 -33.9212 128 8133.88 249.798 61 0.000134903
7900 0.0123922 0.0121407 0.000251545 0 0.979701 118.312 114.081 4.23075 0 -30.1588 -31.5567 128 8261.88 251.756 62 0.000195818
8000 0.0108607 0.0106674 0.000193337 0 0.982198 119.41 115.148 4.26156 0 -30.1838 -32.8697 128 8389.88 253.699 63 0.000169323
8100 0.011225 0.0109214 0.00030361 0 0.972952 120.529 116.24 4.28932 0 -30.2093 -32.9365 128 8517.88 255.626 64 0.000170647
8200 0.00944053 0.00904389 0.000396645 0 0.957985 121.453 117.144 4.30858 0 -30.2301 -32.9346 128 8645.88 257.54 65 0.000139137
8300 0.00829449 0.00824222 5.22756e-05 0 0.993698 122.29 117.969 4.32145 0 -30.2558 -33.9952 128 8645.88 257.54 65 0.000126803
8400 0.00821982 0.00811693 0.000102888 0 0.987483 123.113 118.78 4.33292 0 -30.2803 -33.9157 128 8773.88 259.439 66 0.000122984
8500 0.00769689 0.00761548 8.14066e-05 0 0.989423 123.887 119.542 4.34519 0 -30.3042 -34.1037 128 8901.88 261.325 67 0.000113664
8600 0.01371 0.0126709 0.00103915 0 0.924205 125.197 120.809 4.38818 0 -30.3279 -32.5693 128 9029.88 263.197 68 0.000186337
8700 0.0125738 0.0123361 0.000237683 0 0.981097 126.485 122.043 4.44197 0 -30.3746 -34.9129 128 9029.88 263.197 68 0.000181414
8800 0.0101341 0.0101341 0 0 1 127.514 123.056 4.45746 0 -30.4181 -35.7744 128 9157.88 265.056 69 0.000146872
8900 0.00894232 0.00886238 7.99365e-05 0 0.991061 128.407 123.942 4.46467 0 -30.4463 -34.4728 128 9285.88 266.902 70 0.000126605
9000 0.0289456 0.0272865 0.0016591 0 0.942682 131.234 126.671 4.56338 0 -30.4634 -31.2381 128 9413.88 268.735 71 0.000384317
9100 0.0216086 0.0202785 0.00133015 0 0.938443 133.408 128.699 4.7091 0 -30.4876 -31.9467 128 9541.88 270.556 72 0.000281645
9200 0.0139647 0.0133173 0.00064748 0 0.953635 134.832 130.031 4.80135 0 -30.5162 -33.1983 128 9541.88 270.556 72 0.000184962
9300 0.0111951 0.0108876 0.000307545 0 0.972529 135.965 131.119 4.84577 0 -30.5473 -34.2515 128 9669.88 272.365 73 0.000149145
9400 0.0132871 0.0129935 0.000293605 0 0.977903 137.304 132.419 4.88537 0 -30.5852 -34.427 128 9797.88 274.161 74 0.000175588
9500 0.0119613 0.0116034 0.000357849 0 0.970083 138.492 133.579 4.9131 0 -30.6173 -34.3364 128 9925.88 275.946 75 0.000154712
9600 0.00978893 0.00970307 8.58597e-05 0 0.991229 139.484 134.549 4.935 0 -30.652 -35.4903 128 10053.9 277.72 76 0.000127672
9700 0.0154243 0.0149672 0.000457135 0 0.970363 141.047 136.046 5.00121 0 -30.6805 -33.2224 128 10053.9 277.72 76 0.000196937
9800 0.0105463 0.010352 0.00019428 0 0.981578 142.115 137.081 5.03399 0 -30.7053 -33.9771 128 10181.9 279.482 77 0.000134441
9900 0.0123395 0.0122802 5.92939e-05 0 0.995195 143.374 138.309 5.06468 0 -30.7409 -34.7606 128 10309.9 281.233 78 0.000157439
10000 0.012483 0.0119812 0.000501844 0 0.959798 144.588 139.507 5.08084 0 -30.757 -32.6585 128 10437.9 282.974 79 0.00015166
10100 0.0132282 0.0129252 0.00030297 0 0.977097 145.92 140.8 5.1203 0 -30.7766 -32.9035 128 10437.9 282.974 79 0.00016361
10200 0.015112 0.0146123 0.000499742 0 0.966931 147.44 142.261 5.17887 0 -30.7637 -29.533 128 10565.9 284.704 80 0.000182653
10300 0.0101035 0.00993717 0.000166377 0 0.983533 148.462 143.255 5.20697 0 -30.7782 -32.8718 128 10693.9 286.423 81 0.000122681
10400 0.00888087 0.00873894 0.000141934 0 0.984018 149.35 144.129 5.22136 0 -30.7952 -33.6252 128 10821.9 288.132 82 0.000106572
10500 0.00858058 0.00813017 0.000450409 0 0.947508 150.17 144.942 5.22791 0 -30.8083 -33.1959 128 10949.9 289.831 83 9.79538e-05
10600 0.00834973 0.00833722 1.25165e-05 0 0.998501 151.015 145.775 5.23983 0 -30.834 -35.4018 128 10949.9 289.831 83 0.000100448
10700 0.00767787 0.00762926 4.86143e-05 0 0.993668 151.785 146.538 5.24658 0 -30.859 -35.7682 128 11077.9 291.52 84 9.08245e-05
10800 0.00672935 0.00672935 0 0 1 152.46 147.211 5.24895 0 -30.884 -36.5008 128 11205.9 293.199 85 7.91688e-05
10900 0.00635675 0.00624468 0.000112067 0 0.98237 153.089 147.836 5.25318 0 -30.9031 -35.5334 128 11333.9 294.869 86 7.26126e-05
11000 0.00588425 0.00588425 0 0 1 153.681 148.424 5.25672 0 -30.9239 -36.3055 128 11333.9 294.869 86 6.84215e-05
11100 0.0070851 0.0070851 0 0 1 154.396 149.133 5.26358 0 -30.9463 -35.7577 128 11461.9 296.53 87 8.14379e-05
11200 0.00636431 0.00632565 3.86569e-05 0 0.993926 155.033 149.765 5.26752 0 -30.968 -36.2322 128 11589.9 298.181 88 7.18824e-05
11300 0.00918809 0.00885423 0.000333861 0 0.963664 155.939 150.651 5.28797 0 -30.9844 -33.7816 128 11717.9 299.823 89 9.94857e-05
11400 0.00825034 0.00808838 0.000161961 0 0.980369 156.771 151.46 5.31113 0 -31.0053 -34.9273 128 11845.9 301.456 90 8.98709e-05
11500 0.00651811 0.0064526 6.55105e-05 0 0.989949 157.428 152.105 5.32296 0 -31.0255 -35.8384 128 11845.9 301.456 90 7.16956e-05
11600 0.00683341 0.00668853 0.000144872 0 0.978799 158.112 152.774 5.33856 0 -31.0415 -34.73 128 11973.9 303.08 91 7.35004e-05
11700 0.00675707 0.00668632 7.07539e-05 0 0.989529 158.795 153.442 5.35287 0 -31.056 -34.4084 128 12101.9 304.696 92 7.26774e-05
11800 0.00607973 0.00605533 2.43959e-05 0 0.995987 159.405 154.048 5.35728 0 -31.0733 -35.5741 128 12229.9 306.303 93 6.51111e-05
11900 0.00554151 0.00553164 9.87049e-06 0 0.998219 159.96 154.601 5.35888 0 -31.0915 -36.3387 128 12229.9 306.303 93 5.948e-05
12000 0.0158709 0.0153953 0.000475519 0 0.970038 161.578 156.141 5.43791 0 -31.0697 -28.9162 128 12357.9 307.902 94 0.00016378
12100 0.0109347 0.0105709 0.000363751 0 0.966734 162.695 157.198 5.49723 0 -31.0706 -31.197 128 12485.9 309.492 95 0.000111273
12200 0.00888173 0.00868389 0.000197843 0 0.977725 163.598 158.066 5.53216 0 -31.0746 -31.786 128 12613.9 311.075 96 9.04572e-05
12300 0.00780599 0.00761403 0.000191959 0 0.975409 164.377 158.827 5.5497 0 -31.0814 -32.5185 128 12741.9 312.649 97 7.84952e-05
12400 0.00688157 0.00686092 2.06461e-05 0 0.997 165.068 159.513 5.55464 0 -31.0929 -33.8302 128 12741.9 312.649 97 7.07311e-05
12500 0.00806003 0.00788764 0.000172387 0 0.978612 165.874 160.302 5.57225 0 -31.1 -32.5541 128 12869.9 314.215 98 8.04862e-05
12600 0.0128774 0.0123545 0.000522917 0 0.959393 167.147 161.538 5.60921 0 -31.098 -30.8382 128 12997.9 315.774 99 0.000124793
12700 0.0124335 0.0118534 0.000580116 0 0.953342 168.386 162.723 5.66319 0 -31.1016 -31.585 128 13125.9 317.325 100 0.000118534
12800 0.00999435 0.00970288 0.000291469 0 0.970837 169.401 163.693 5.7079 0 -31.113 -33.0119 128 13253.9 318.868 101 9.60681e-05
12900 0.0362339 0.0353041 0.000929716 0 0.974341 173.124 167.224 5.89987 0 -30.9805 -24.9505 128 13253.9 318.868 101 0.000349546
13000 0.0299449 0.0286399 0.00130499 0 0.95642 176.146 170.088 6.05829 0 -30.9647 -30.0591 128 13381.9 320.405 102 0.000280783
13100 0.0203221 0.0192254 0.00109675 0 0.946032 178.204 172.01 6.19334 0 -30.9586 -30.4343 128 13509.9 321.933 103 0.000186654
13200 0.0150992 0.014402 0.000697233 0 0.953823 179.711 173.45 6.26012 0 -30.9621 -31.373 128 13637.9 323.455 104 0.000138481
13300 0.0124003 0.0119955 0.000404792 0 0.967356 180.961 174.65 6.31136 0 -30.9715 -32.3299 128 13637.9 323.455 104 0.000115341
13400 0.0116736 0.0113329 0.000340644 0 0.970819 182.133 175.783 6.34994 0 -30.9839 -32.8856 128 13765.9 324.969 105 0.000107932
13500 0.0158089 0.0152708 0.000538022 0 0.965967 183.723 177.31 6.41213 0 -31.0055 -33.4886 128 13893.9 326.476 106 0.000144064
13600 0.0132972 0.012857 0.000440125 0 0.966901 185.056 178.596 6.45944 0 -31.0218 -33.2635 128 14021.9 327.977 107 0.000120159
13700 0.0116187 0.0110387 0.00058 0 0.950081 186.194 179.7 6.4945 0 -31.0341 -33.0387 128 14149.9 329.47 108 0.00010221
13800 0.010761 0.0105937 0.000167338 0 0.98445 187.28 180.759 6.52025 0 -31.0514 -34.0102 128 14149.9 329.47 108 9.80897e-05
13900 0.013286 0.0130512 0.000234769 0 0.98233 188.616 182.064 6.55196 0 -31.0597 -32.2337 128 14277.9 330.957 109 0.000119736
14000 0.0104579 0.0103213 0.00013659 0 0.986939 189.672 183.097 6.57543 0 -31.0749 -33.7736 128 14405.9 332.437 110 9.38302e-05
14100 0.0129701 0.0121742 0.000795983 0 0.93863 190.918 184.314 6.60443 0 -31.0812 -32.0482 128 14533.9 333.911 111 0.000109677
14200 0.0122944 0.0122277 6.67348e-05 0 0.994572 192.179 185.537 6.6427 0 -31.1032 -34.4321 128 14533.9 333.911 111 0.00011016
14300 0.00994774 0.00969653 0.000251205 0 0.974748 193.181 186.506 6.67482 0 -31.1223 -34.7817 128 14661.9 335.378 112 8.65762e-05
14400 0.0125706 0.0121438 0.000426793 0 0.966048 194.452 187.721 6.73125 0 -31.1255 -31.6181 128 14789.9 336.839 113 0.000107467
14500 0.0214231 0.0201907 0.00123233 0 0.942476 196.557 189.74 6.81737 0 -31.1109 -29.7613 128 14917.9 338.293 114 0.000177112
14600 0.0197451 0.0188853 0.000859805 0 0.956455 198.546 191.628 6.91793 0 -31.1082 -30.8454 128 15045.9 339.742 115 0.00016422
14700 0.0149941 0.0145325 0.000461617 0 0.969213 200.064 193.082 6.98209 0 -31.1153 -32.0375 128 15045.9 339.742 115 0.000126369
14800 0.0137943 0.0134613 0.000333003 0 0.975859 201.468 194.428 7.04058 0 -31.1304 -33.2898 128 15173.9 341.184 116 0.000116045
14900 0.0128062 0.0124227 0.000383567 0 0.970048 202.748 195.67 7.07755 0 -31.145 -33.4385 128 15301.9 342.62 117 0.000106177
15000 0.01141 0.0112281 0.00018186 0 0.984061 203.902 196.793 7.10916 0 -31.163 -34.3271 128 15429.9 344.05 118 9.51537e-05
15100 0.0101312 0.0100825 4.87108e-05 0 0.995192 204.923 197.801 7.12207 0 -31.1831 -35.187 128 15429.9 344.05 118 8.5445e-05
15200 0.00994033 0.00991068 2.96508e-05 0 0.997017 205.919 198.792 7.12707 0 -31.2086 -36.455 128 15557.9 345.474 119 8.3283e-05
15300 0.00897342 0.00895292 2.05005e-05 0 0.997715 206.818 199.687 7.13087 0 -31.2292 -35.955 128 15685.9 346.892 120 7.46077e-05
15400 0.00870761 0.00868434 2.32671e-05 0 0.997328 207.691 200.556 7.13525 0 -31.2501 -36.1941 128 15813.9 348.305 121 7.17714e-05
15500 0.00831819 0.00820272 0.000115472 0 0.986118 208.513 201.376 7.13685 0 -31.2686 -35.9437 128 15941.9 349.711 122 6.72354e-05
15600 0.00776895 0.0077385 3.04443e-05 0 0.996081 209.291 202.15 7.14102 0 -31.2872 -36.2889 128 15941.9 349.711 122 6.34303e-05
15700 0.00836631 0.00831411 5.21961e-05 0 0.993761 210.131 202.981 7.14979 0 -31.3082 -36.5281 128 16069.9 351.113 123 6.75944e-05
15800 0.00765762 0.00760526 5.23583e-05 0 0.993163 210.899 203.742 7.15687 0 -31.3254 -36.0256 128 16197.9 352.508 124 6.13327e-05
15900 0.00741323 0.00731658 9.66461e-05 0 0.986963 211.638 204.474 7.16415 0 -31.3413 -35.8859 128 16325.9 353.898 125 5.85327e-05
16000 0.00674743 0.00674743 0 0 1 212.316 205.148 7.16771 0 -31.359 -36.8727 128 16453.9 355.283 126 5.3551e-05
16100 0.00675252 0.00674273 9.78488e-06 0 0.998551 212.993 205.823 7.17081 0 -31.3776 -37.2128 128 16453.9 355.283 126 5.35138e-05
16200 0.00729084 0.00723324 5.76009e-05 0 0.9921 213.722 206.546 7.17618 0 -31.391 -35.3172 128 16581.9 356.662 127 5.69546e-05
16300 0.00757467 0.00737104 0.000203636 0 0.973116 214.471 207.283 7.18788 0 -31.4043 -35.2075 128 16709.9 358.036 128 5.75862e-05
16400 0.00745807 0.00729302 0.00016505 0 0.97787 215.215 208.012 7.20275 0 -31.4181 -35.3995 128 16837.9 359.405 129 5.6535e-05
16500 0.0071861 0.00709034 9.57539e-05 0 0.986675 215.937 208.721 7.21573 0 -31.4329 -35.8406 128 16837.9 359.405 129 5.49639e-05
16600 0.00750744 0.00744501 6.24283e-05 0 0.991684 216.697 209.466 7.23112 0 -31.449 -36.0172 128 16965.9 360.768 130 5.72693e-05
16700 0.00747327 0.00740044 7.28309e-05 0 0.990254 217.445 210.206 7.23885 0 -31.4603 -34.7335 128 17093.9 362.127 131 5.64919e-05
16800 0.008005 0.00774206 0.000262941 0 0.967153 218.234 210.98 7.25401 0 -31.4702 -34.1935 128 17221.9 363.48 132 5.8652e-05
16900 0.00707843 0.0069223 0.000156132 0 0.977942 218.944 211.672 7.27139 0 -31.4825 -35.2704 128 17349.9 364.828 133 5.20473e-05
17000 0.00617829 0.00608928 8.90138e-05 0 0.985592 219.563 212.281 7.28187 0 -31.4959 -36.2408 128 17349.9 364.828 133 4.5784e-05
17100 0.00642081 0.00636898 5.18333e-05 0 0.991927 220.212 212.918 7.29339 0 -31.5089 -35.9003 128 17477.9 366.171 134 4.75297e-05
17200 0.0119034 0.0115909 0.000312486 0 0.973748 221.402 214.077 7.32479 0 -31.5162 -32.8743 128 17605.9 367.51 135 8.58587e-05
17300 0.00964472 0.00946979 0.000174928 0 0.981863 222.376 215.024 7.35197 0 -31.5286 -34.3415 128 17733.9 368.843 136 6.96308e-05
17400 0.00760519 0.00752206 8.3126e-05 0 0.98907 223.143 215.776 7.36696 0 -31.542 -35.4293 128 17733.9 368.843 136 5.53093e-05
17500 0.0138068 0.0135514 0.000255416 0 0.981501 224.539 217.132 7.40757 0 -31.5292 -29.4759 128 17861.9 370.172 137 9.89155e-05
17600 0.0125979 0.0120961 0.000501746 0 0.960172 225.803 218.341 7.46201 0 -31.5216 -30.178 128 17989.9 371.496 138 8.76532e-05
17700 0.0105513 0.0102843 0.000266947 0 0.9747 226.876 219.37 7.50626 0 -31.5244 -32.1032 128 18117.9 372.815 139 7.39878e-05
17800 0.00976554 0.00887543 0.000890112 0 0.908852 227.787 220.257 7.52957 0 -31.5234 -31.2891 128 18245.9 374.13 140 6.33959e-05
17900 0.00813672 0.00803602 0.000100692 0 0.987625 228.613 221.061 7.55203 0 -31.5328 -34.1215 128 18245.9 374.13 140 5.74002e-05
18000 0.00716663 0.00712304 4.35974e-05 0 0.993917 229.332 221.773 7.55874 0 -31.5435 -34.949 128 18373.9 375.44 141 5.0518e-05
18100 0.0078515 0.00773297 0.000118536 0 0.984903 230.115 222.546 7.56855 0 -31.5508 -33.6694 128 18501.9 376.745 142 5.44575e-05
18200 0.00761511 0.00743408 0.000181025 0 0.976228 230.872 223.29 7.58201 0 -31.557 -33.4598 128 18629.9 378.046 143 5.19866e-05
18300 0.00698598 0.00688589 0.000100092 0 0.985672 231.573 223.978 7.59468 0 -31.5651 -34.2073 128 18629.9 378.046 143 4.81531e-05
18400 0.0131029 0.012849 0.000253956 0 0.980618 232.902 225.263 7.63868 0 -31.572 -32.7868 128 18757.9 379.343 144 8.9229e-05
18500 0.00892233 0.00877143 0.000150906 0 0.983087 233.803 226.14 7.66229 0 -31.5822 -34.2151 128 18885.9 380.635 145 6.04926e-05
18600 0.00867277 0.00857431 9.84619e-05 0 0.988647 234.676 226.998 7.6783 0 -31.5949 -34.9893 128 19013.9 381.923 146 5.87282e-05
18700 0.00959111 0.00917209 0.000419021 0 0.956312 235.603 227.915 7.68816 0 -31.6036 -33.7985 128 19141.9 383.206 147 6.23952e-05
18800 0.00873113 0.00873113 0 0 1 236.49 228.788 7.70161 0 -31.6189 -35.6837 128 19141.9 383.206 147 5.93955e-05
18900 0.00936135 0.00919133 0.000170018 0 0.981838 237.426 229.707 7.7185 0 -31.6347 -35.6389 128 19269.9 384.485 148 6.21036e-05
19000 0.0211338 0.0199041 0.00122966 0 0.941815 239.51 231.698 7.81234 0 -31.6503 -33.4259 128 19397.9 385.76 149 0.000133585
19100 0.0155493 0.0147281 0.000821228 0 0.947186 241.086 233.171 7.91501 0 -31.6671 -34.2183 128 19525.9 387.031 150 9.81873e-05
19200 0.0117434 0.0112905 0.000452956 0 0.961429 242.288 234.3 7.98805 0 -31.684 -35.0874 128 19653.9 388.297 151 7.47714e-05
19300 0.0118965 0.011458 0.000438539 0 0.963137 243.489 235.445 8.04406 0 -31.6974 -34.3895 128 19653.9 388.297 151 7.58808e-05
19400 0.0103305 0.0101443 0.000186205 0 0.981975 244.537 236.46 8.07732 0 -31.7134 -35.4357 128 19781.9 389.56 152 6.67389e-05
19500 0.0119914 0.0118052 0.000186205 0 0.984472 245.748 237.64 8.10756 0 -31.7436 -37.8391 128 19909.9 390.818 153 7.71581e-05
19600 0.00915404 0.00898555 0.000168485 0 0.981594 246.652 238.539 8.11342 0 -31.7611 -36.5056 128 20037.9 392.072 154 5.83477e-05
19700 0.0077026 0.0077026 0 0 1 247.424 239.309 8.11456 0 -31.7789 -37.475 128 20037.9 392.072 154 5.00169e-05
19800 0.0267023 0.0254832 0.00121913 0 0.954344 250.104 241.857 8.24622 0 -31.7397 -28.1219 128 20165.9 393.322 155 0.000164408
19900 0.0165202 0.0157374 0.000782809 0 0.952615 251.779 243.431 8.34794 0 -31.731 -30.4377 128 20293.9 394.569 156 0.000100881
20000 0.0172175 0.0163093 0.000908242 0 0.947249 253.484 245.062 8.42137 0 -31.7293 -31.4811 128 20421.9 395.811 157 0.000103881
