100 0.046583 0.0434694 0.00311361 0 0.93316 4.64713 4.34694 0.300188 0 -25.7402 -25.7402 8 429.882 57.4268 13 0.0033438
200 0.0508167 0.0453369 0.00547986 0 0.892164 9.51757 8.88063 0.636939 0 -25.4708 -25.2137 8 533.882 63.9974 26 0.00174373
300 0.0788692 0.0725882 0.00628097 0 0.920362 17.3222 16.1394 1.18272 0 -25.95 -26.5343 8 629.882 69.5136 38 0.00191022
400 0.0667772 0.0616609 0.00511631 0 0.923382 23.9992 22.3055 1.6937 0 -26.0626 -26.355 8 733.882 75.0331 51 0.00120904
500 0.0855717 0.0810082 0.00456359 0 0.946669 32.646 30.4064 2.23967 0 -26.3628 -27.1961 8 829.882 79.7899 63 0.00128584
600 0.0779664 0.0727436 0.00522274 0 0.933013 40.4111 37.6807 2.73041 0 -26.5615 -27.3967 8 933.882 84.642 76 0.000957153
700 0.103919 0.0971502 0.00676855 0 0.934867 50.8191 47.3957 3.42338 0 -26.6796 -27.1381 8 1029.88 88.8861 88 0.00110398
800 0.089749 0.0840528 0.0056962 0 0.936532 59.7943 55.801 3.99332 0 -26.7636 -27.2391 8 1133.88 93.2661 101 0.000832206
900 0.124113 0.116707 0.00740555 0 0.940332 72.1057 67.4717 4.634 0 -26.8365 -27.1907 8 1229.88 97.1341 113 0.00103281
1000 0.123505 0.115603 0.00790237 0 0.936016 84.3718 79.032 5.33974 0 -27.0444 -28.2665 8 1333.88 101.158 126 0.000917485
1100 0.161139 0.152068 0.00907066 0 0.943709 100.546 94.2389 6.30688 0 -27.0945 -27.3556 8 1429.88 104.735 138 0.00110194
1200 0.135501 0.127529 0.00797247 0 0.941163 114.125 106.992 7.13278 0 -27.2106 -28.0708 8 1533.88 108.477 151 0.000844563
1300 0.143254 0.134651 0.00860262 0 0.939948 128.397 120.457 7.94016 0 -27.3831 -28.7624 8 1629.88 111.82 163 0.00082608
1400 0.129542 0.123741 0.00580138 0 0.955216 141.455 132.831 8.62399 0 -27.5957 -29.686 8 1733.88 115.332 176 0.000703074
1500 0.125363 0.118662 0.00670045 0 0.946552 153.972 144.697 9.27469 0 -27.7111 -29.0149 8 1829.88 118.482 188 0.000631183
1600 0.137344 0.131192 0.00615259 0 0.955203 167.767 157.816 9.95015 0 -27.9247 -30.3092 8 1933.88 121.802 201 0.000652694
1700 0.119365 0.113787 0.00557711 0 0.953277 179.743 169.195 10.5481 0 -28.0843 -30.3194 8 2029.88 124.789 213 0.000534213
1800 0.132467 0.125684 0.00678219 0 0.948801 192.944 181.764 11.1806 0 -28.1852 -29.5593 8 2133.88 127.946 226 0.000556126
1900 0.12395 0.118657 0.00529301 0 0.957297 205.418 193.629 11.789 0 -28.3016 -30.1031 8 2229.88 130.792 238 0.000498559
2000 0.110213 0.105921 0.00429158 0 0.961061 216.554 204.221 12.3322 0 -28.3795 -29.8158 8 2333.88 133.807 251 0.000421998
2100 0.115339 0.109537 0.00580226 0 0.949694 228.093 215.175 12.9175 0 -28.4538 -29.8477 8 2429.88 136.531 263 0.000416491
2200 0.131234 0.124145 0.0070891 0 0.945981 241.16 227.59 13.5705 0 -28.4939 -29.195 8 2533.88 139.423 276 0.0004498
2300 0.122926 0.115917 0.00700858 0 0.942985 253.42 239.181 14.2387 0 -28.5319 -29.2792 8 2629.88 142.039 288 0.00040249
2400 0.127054 0.120395 0.00665812 0 0.947596 266.228 251.221 15.0068 0 -28.5771 -29.4702 8 2733.88 144.82 301 0.000399985
2500 0.121692 0.115854 0.00583866 0 0.952021 278.448 262.806 15.6423 0 -28.637 -29.9415 8 2829.88 147.341 313 0.00037014
2600 0.149276 0.141584 0.00769239 0 0.948469 293.321 276.965 16.3563 0 -28.6513 -28.9204 8 2933.88 150.024 326 0.000434306
2700 0.188354 0.177785 0.0105693 0 0.943886 312.081 294.743 17.3384 0 -28.6147 -28.0427 8 3029.88 152.459 338 0.000525991
2800 0.178349 0.169144 0.00920494 0 0.948388 330.099 311.657 18.4413 0 -28.6177 -28.6683 8 3133.88 155.053 351 0.000481891
2900 0.158623 0.148268 0.0103555 0 0.934717 345.946 326.484 19.4615 0 -28.6133 -28.5224 8 3229.88 157.41 363 0.000408451
3000 0.142468 0.135435 0.00703295 0 0.950635 360.337 340.028 20.3092 0 -28.6241 -28.8837 8 3333.88 159.925 376 0.000360199
3100 0.138465 0.130709 0.00775614 0 0.943985 374.22 353.099 21.1212 0 -28.6575 -29.5247 8 3429.88 162.211 388 0.00033688
3200 0.14911 0.141071 0.00803938 0 0.946084 389.113 367.206 21.9068 0 -28.6809 -29.269 8 3533.88 164.652 401 0.000351798
3300 0.160933 0.152364 0.00856914 0 0.946753 405.197 382.442 22.7549 0 -28.6824 -28.7189 8 3629.88 166.873 413 0.000368921
3400 0.162241 0.154225 0.00801605 0 0.950592 421.416 397.865 23.551 0 -28.725 -29.7881 8 3733.88 169.247 426 0.000362031
3500 0.158568 0.150956 0.00761256 0 0.951992 437.273 412.96 24.3123 0 -28.7904 -30.5304 8 3829.88 171.409 438 0.000344648
3600 0.149145 0.142645 0.00650023 0 0.956417 452.261 427.225 25.0361 0 -28.8502 -30.5926 8 3933.88 173.72 451 0.000316285
3700 0.150537 0.144045 0.00649243 0 0.956872 467.335 441.629 25.7062 0 -28.9003 -30.4039 8 4029.88 175.827 463 0.000311112
3800 0.148063 0.142571 0.00549186 0 0.962909 482.196 455.886 26.3098 0 -28.9244 -29.6838 8 4133.88 178.082 476 0.000299519
3900 0.144666 0.138133 0.00653316 0 0.95484 496.573 469.7 26.8736 0 -28.9561 -30.0166 8 4229.88 180.138 488 0.000283059
4000 0.159657 0.153352 0.00630484 0 0.96051 512.6 485.035 27.5649 0 -29.0188 -30.9623 8 4333.88 182.339 501 0.000306092
4100 0.149426 0.142017 0.00740924 0 0.950415 527.43 499.237 28.1935 0 -29.0519 -30.1968 8 4429.88 184.347 513 0.000276837
4200 0.165107 0.157837 0.0072702 0 0.955967 543.99 515.02 28.9698 0 -29.0939 -30.4326 8 4533.88 186.498 526 0.00030007
4300 0.225712 0.215427 0.0102855 0 0.954431 566.546 536.563 29.9829 0 -29.1302 -30.0057 8 4629.88 188.463 538 0.000400422
4400 0.181616 0.173596 0.00802016 0 0.95584 584.797 553.923 30.8746 0 -29.1631 -30.1839 8 4733.88 190.567 551 0.000315056
4500 0.172089 0.163921 0.00816842 0 0.952534 601.986 570.315 31.6713 0 -29.1718 -29.4672 8 4829.88 192.49 563 0.000291155
4600 0.164653 0.156606 0.00804711 0 0.951127 618.392 585.975 32.4164 0 -29.1782 -29.4113 8 4933.88 194.551 576 0.000271885
4700 0.153465 0.147064 0.00640086 0 0.958291 633.815 600.682 33.1338 0 -29.192 -29.7488 8 5029.88 196.435 588 0.000250108
4800 0.140931 0.135848 0.00508317 0 0.963932 648.016 614.266 33.7495 0 -29.2107 -30.0441 8 5133.88 198.455 601 0.000226037
4900 0.166212 0.157341 0.00887147 0 0.946626 664.483 630 34.4821 0 -29.2069 -29.0572 8 5229.88 200.302 613 0.000256673
5000 0.177264 0.169412 0.00785148 0 0.955707 682.308 646.942 35.3662 0 -29.2007 -28.9689 8 5333.88 202.284 626 0.000270627
5100 0.190426 0.178559 0.0118675 0 0.937679 701.062 664.797 36.2647 0 -29.1941 -28.9558 8 5429.88 204.096 638 0.000279872
5200 0.225589 0.215384 0.0102052 0 0.954762 723.669 686.336 37.3333 0 -29.204 -29.5091 8 5533.88 206.042 651 0.000330851
5300 0.192797 0.18354 0.00925643 0 0.951989 742.933 704.69 38.2432 0 -29.2216 -29.8852 8 5629.88 207.821 663 0.000276833
5400 0.206379 0.194 0.0123789 0 0.940018 763.245 724.09 39.1555 0 -29.2427 -30.0119 8 5733.88 209.732 676 0.000286982
5500 0.221083 0.210934 0.0101494 0 0.954092 785.432 745.183 40.2486 0 -29.2873 -30.8236 8 5829.88 211.48 688 0.00030659
5600 0.179312 0.172256 0.0070552 0 0.960654 803.504 762.409 41.0954 0 -29.3286 -31.1225 8 5933.88 213.358 701 0.00024573
5700 0.165149 0.158406 0.0067437 0 0.959166 819.977 778.25 41.7275 0 -29.3647 -31.1251 8 6029.88 215.077 713 0.000222168
5800 0.165589 0.160259 0.00533019 0 0.967811 836.589 794.275 42.3139 0 -29.4 -31.1417 8 6133.88 216.924 726 0.000220742
5900 0.204822 0.19664 0.00818184 0 0.960054 856.965 813.939 43.0257 0 -29.433 -30.7902 8 6229.88 218.615 738 0.00026645
6000 0.238659 0.2291 0.00955957 0 0.959945 880.769 836.849 43.9199 0 -29.4429 -29.7977 8 6333.88 220.432 751 0.00030506
6100 0.198832 0.191737 0.00709515 0 0.964316 900.806 856.023 44.7825 0 -29.4691 -30.6212 8 6429.88 222.096 763 0.000251293
6200 0.214872 0.204731 0.0101413 0 0.952803 922.121 876.496 45.6244 0 -29.48 -29.9411 8 6533.88 223.885 776 0.000263829
6300 0.224675 0.215683 0.00899248 0 0.959976 944.729 898.064 46.6644 0 -29.4905 -29.9176 8 6629.88 225.524 788 0.000273709
6400 0.192899 0.184996 0.00790324 0 0.959029 964.103 916.564 47.5392 0 -29.5086 -30.3936 8 6733.88 227.286 801 0.000230956
6500 0.20382 0.194915 0.00890436 0 0.956313 984.506 936.056 48.4508 0 -29.5176 -29.9392 8 6829.88 228.9 813 0.000239748
6600 0.183178 0.177832 0.00534597 0 0.970815 1003.01 953.839 49.173 0 -29.5389 -30.6719 8 6933.88 230.637 826 0.000215293
6700 0.175829 0.169818 0.00601126 0 0.965812 1020.59 970.821 49.7744 0 -29.5664 -31.1354 8 7029.88 232.228 838 0.000202647
6800 0.173717 0.167326 0.00639016 0 0.963215 1037.97 987.553 50.4138 0 -29.5865 -30.7699 8 7133.88 233.939 851 0.000196623
6900 0.174825 0.170436 0.00438913 0 0.974894 1055.6 1004.6 51.0022 0 -29.6048 -30.684 8 7229.88 235.508 863 0.000197492
7000 0.177436 0.170339 0.00709688 0 0.960003 1073.15 1021.63 51.5244 0 -29.6225 -30.6843 8 7333.88 237.196 876 0.000194451
7100 0.19322 0.185178 0.00804238 0 0.958377 1092.37 1040.15 52.2227 0 -29.6325 -30.1931 8 7429.88 238.743 888 0.000208534
7200 0.190465 0.182831 0.00763357 0 0.959921 1111.37 1058.43 52.9383 0 -29.6427 -30.2253 8 7533.88 240.408 901 0.00020292
7300 0.231528 0.218497 0.0130319 0 0.943714 1134.1 1080.28 53.8178 0 -29.6449 -29.7528 8 7629.88 241.935 913 0.000239317
7400 0.244419 0.234101 0.0103178 0 0.957786 1158.57 1103.69 54.8834 0 -29.6578 -30.2573 8 7733.88 243.578 926 0.000252809
7500 0.24155 0.230617 0.0109333 0 0.954737 1182.63 1126.75 55.8725 0 -29.6554 -29.5388 8 7829.88 245.086 938 0.00024586
7600 0.245963 0.235837 0.0101266 0 0.958829 1207.31 1150.34 56.9756 0 -29.6662 -30.1838 8 7933.88 246.708 951 0.000247988
7700 0.226057 0.216371 0.00968609 0 0.957152 1230.01 1171.97 58.0409 0 -29.6717 -29.9649 8 8029.88 248.196 963 0.000224685
7800 0.210547 0.200551 0.00999584 0 0.952524 1251.16 1192.03 59.1285 0 -29.6736 -29.7823 8 8133.88 249.798 976 0.000205483
7900 0.197335 0.188158 0.00917632 0 0.953499 1270.92 1210.84 60.0732 0 -29.6838 -30.3293 8 8229.88 251.268 988 0.000190444
8000 0.198838 0.191944 0.0068937 0 0.96533 1290.98 1230.04 60.9406 0 -29.6941 -30.3472 8 8333.88 252.85 1001 0.000191752
8100 0.192158 0.185014 0.00714323 0 0.962826 1310.2 1248.54 61.6579 0 -29.7141 -31.0565 8 8429.88 254.303 1013 0.00018264
8200 0.195764 0.188961 0.0068024 0 0.965252 1329.81 1267.44 62.3759 0 -29.7202 -30.1277 8 8533.88 255.866 1026 0.000184173
8300 0.229094 0.220875 0.00821986 0 0.96412 1352.76 1289.52 63.2345 0 -29.7245 -29.974 8 8629.88 257.302 1038 0.000212789
8400 0.20397 0.197145 0.00682544 0 0.966537 1373.19 1309.24 63.9487 0 -29.7333 -30.3208 8 8733.88 258.847 1051 0.000187578
8500 0.193829 0.188099 0.00573084 0 0.970434 1392.63 1328.05 64.5827 0 -29.7472 -30.7241 8 8829.88 260.266 1063 0.000176951
8600 0.23375 0.222775 0.0109744 0 0.953051 1415.68 1350.33 65.3587 0 -29.7427 -29.4718 8 8933.88 261.794 1076 0.00020704
8700 0.226785 0.21942 0.00736463 0 0.967526 1438.46 1372.27 66.1914 0 -29.7454 -29.9164 8 9029.88 263.197 1088 0.000201673
8800 0.213304 0.205293 0.00801049 0 0.962446 1459.73 1392.8 66.9358 0 -29.7558 -30.453 8 9133.88 264.708 1101 0.000186461
8900 0.209723 0.203252 0.00647138 0 0.969143 1480.81 1413.12 67.6854 0 -29.7682 -30.6276 8 9229.88 266.096 1113 0.000182616
9000 0.200253 0.193256 0.00699764 0 0.965056 1500.81 1432.45 68.3619 0 -29.7829 -30.8757 8 9333.88 267.591 1126 0.00017163
9100 0.187996 0.181795 0.00620059 0 0.967017 1519.64 1450.63 69.0108 0 -29.8021 -31.3297 8 9429.88 268.963 1138 0.00015975
9200 0.17624 0.172222 0.00401784 0 0.977202 1537.39 1467.85 69.5392 0 -29.8275 -32.0005 8 9533.88 270.443 1151 0.000149628
9300 0.182286 0.175107 0.00717869 0 0.960619 1555.35 1485.36 69.9933 0 -29.8446 -31.3115 8 9629.88 271.801 1163 0.000150565
9400 0.181977 0.176565 0.00541206 0 0.97026 1573.6 1503.02 70.5798 0 -29.8593 -31.1099 8 9733.88 273.264 1176 0.000150141
9500 0.177748 0.172609 0.00513898 0 0.971088 1591.43 1520.28 71.154 0 -29.8831 -31.9863 8 9829.88 274.609 1188 0.000145294
9600 0.171797 0.167128 0.0046687 0 0.972824 1608.65 1536.99 71.6608 0 -29.9049 -31.9168 8 9933.88 276.058 1201 0.000139158
9700 0.167868 0.162781 0.00508746 0 0.969694 1625.4 1553.27 72.1323 0 -29.9213 -31.4968 8 10029.9 277.388 1213 0.000134197
9800 0.159961 0.154947 0.00501397 0 0.968655 1641.34 1568.76 72.5758 0 -29.9392 -31.763 8 10133.9 278.823 1226 0.000126385
9900 0.175235 0.170374 0.00486085 0 0.972261 1658.91 1585.8 73.1097 0 -29.9531 -31.2551 8 10229.9 280.14 1238 0.00013762
10000 0.156274 0.150934 0.00533999 0 0.965829 1674.45 1600.89 73.5513 0 -29.9691 -31.6799 8 10333.9 281.561 1251 0.00012065
10100 0.190574 0.182318 0.00825537 0 0.956681 1693.36 1619.13 74.229 0 -29.9749 -30.4888 8 10429.9 282.865 1263 0.000144353
10200 0.205106 0.198189 0.00691658 0 0.966278 1713.99 1638.95 75.0484 0 -29.9835 -30.6839 8 10533.9 284.272 1276 0.000155321
10300 0.177518 0.172046 0.00547237 0 0.969173 1731.81 1656.15 75.6615 0 -29.9989 -31.4816 8 10629.9 285.565 1288 0.000133576
10400 0.175809 0.170497 0.00531192 0 0.969786 1749.42 1673.2 76.2243 0 -30.0162 -31.7231 8 10733.9 286.958 1301 0.00013105
10500 0.178287 0.171161 0.0071261 0 0.96003 1767.12 1690.32 76.8091 0 -30.0263 -31.0217 8 10829.9 288.238 1313 0.000130359
10600 0.212749 0.204794 0.00795467 0 0.96261 1788.35 1710.79 77.5538 0 -30.0339 -30.663 8 10933.9 289.619 1326 0.000154445
10700 0.204568 0.197329 0.00723868 0 0.964615 1808.9 1730.53 78.3738 0 -30.0513 -31.5699 8 11029.9 290.888 1338 0.00014748
10800 0.196447 0.189322 0.00712471 0 0.963732 1828.56 1749.46 79.0957 0 -30.0612 -30.9733 8 11133.9 292.256 1351 0.000140135
10900 0.194652 0.187794 0.0068575 0 0.96477 1848.14 1768.24 79.8959 0 -30.0699 -30.8754 8 11229.9 293.513 1363 0.00013778
11000 0.173129 0.166199 0.00692934 0 0.959976 1865.39 1784.86 80.5333 0 -30.0827 -31.4532 8 11333.9 294.869 1376 0.000120784
11100 0.189515 0.182434 0.00708033 0 0.96264 1884.42 1803.1 81.3136 0 -30.0949 -31.2964 8 11429.9 296.115 1388 0.000131437
11200 0.205526 0.196905 0.00862174 0 0.95805 1904.95 1822.79 82.1578 0 -30.1078 -31.2922 8 11533.9 297.459 1401 0.000140546
11300 0.189714 0.182835 0.00687934 0 0.963738 1924.04 1841.08 82.9594 0 -30.1221 -31.543 8 11629.9 298.695 1413 0.000129395
11400 0.186791 0.181565 0.00522533 0 0.972026 1942.87 1859.23 83.6382 0 -30.1424 -32.2157 8 11733.9 300.027 1426 0.000127325
11500 0.208879 0.201575 0.00730368 0 0.965034 1963.75 1879.39 84.3613 0 -30.1569 -31.5121 8 11829.9 301.252 1438 0.000140177
11600 0.177051 0.172209 0.00484264 0 0.972648 1981.57 1896.61 84.9567 0 -30.1753 -32.2033 8 11933.9 302.574 1451 0.000118683
11700 0.198622 0.189984 0.00863815 0 0.95651 2001.22 1915.61 85.6141 0 -30.1897 -31.6356 8 12029.9 303.788 1463 0.000129859
11800 0.199087 0.192439 0.00664783 0 0.966608 2021.16 1934.85 86.3096 0 -30.2018 -31.4162 8 12133.9 305.098 1476 0.000130379
11900 0.243312 0.234548 0.00876475 0 0.963977 2045.44 1958.31 87.1301 0 -30.2109 -30.9723 8 12229.9 306.303 1488 0.000157626
12000 0.272223 0.261931 0.0102913 0 0.962195 2072.61 1984.5 88.1118 0 -30.2185 -30.7873 8 12333.9 307.603 1501 0.000174505
12100 0.237208 0.226351 0.0108572 0 0.954229 2096.21 2007.14 89.0722 0 -30.2315 -31.3777 8 12429.9 308.797 1513 0.000149604
12200 0.220214 0.211344 0.00886968 0 0.959722 2118.33 2028.27 90.0596 0 -30.2407 -31.1092 8 12533.9 310.087 1526 0.000138495
12300 0.205724 0.198169 0.00755453 0 0.963278 2138.99 2048.09 90.9059 0 -30.2517 -31.3789 8 12629.9 311.272 1538 0.000128849
12400 0.204446 0.197637 0.00680898 0 0.966695 2159.49 2067.85 91.6395 0 -30.2588 -31.0007 8 12733.9 312.551 1551 0.000127425
12500 0.218444 0.210633 0.00781108 0 0.964242 2181.39 2088.92 92.4727 0 -30.2658 -30.9574 8 12829.9 313.727 1563 0.000134762
12600 0.187493 0.182053 0.00544073 0 0.970982 2200.22 2107.12 93.0978 0 -30.2808 -32.0198 8 12933.9 314.996 1576 0.000115516
12700 0.19057 0.184446 0.00612416 0 0.967864 2219.27 2125.56 93.706 0 -30.2928 -31.6808 8 13029.9 316.162 1588 0.00011615
12800 0.182973 0.178251 0.00472201 0 0.974193 2237.68 2143.39 94.287 0 -30.3073 -32.047 8 13133.9 317.422 1601 0.000111337
12900 0.190798 0.183597 0.00720059 0 0.962261 2256.64 2161.75 94.8865 0 -30.3173 -31.5073 8 13229.9 318.58 1613 0.000113823
13000 0.181576 0.176902 0.0046741 0 0.974258 2274.91 2179.44 95.4722 0 -30.3339 -32.3753 8 13333.9 319.829 1626 0.000108796
13100 0.237071 0.227225 0.00984583 0 0.958469 2298.45 2202.16 96.2877 0 -30.3366 -30.6018 8 13429.9 320.979 1638 0.000138721
13200 0.226805 0.219155 0.00764983 0 0.966271 2321.25 2224.08 97.1699 0 -30.3412 -30.8008 8 13533.9 322.219 1651 0.000132741
13300 0.238167 0.229277 0.00888918 0 0.962677 2345.07 2247.01 98.0647 0 -30.3493 -31.1423 8 13629.9 323.36 1663 0.00013787
13400 0.257963 0.248746 0.00921619 0 0.964273 2371 2271.88 99.1232 0 -30.3521 -30.6011 8 13733.9 324.591 1676 0.000148417
13500 0.20538 0.198228 0.00715183 0 0.965178 2391.62 2291.7 99.9182 0 -30.3612 -31.4081 8 13829.9 325.724 1688 0.000117434
13600 0.232203 0.223671 0.00853215 0 0.963256 2414.78 2314.07 100.714 0 -30.3679 -31.0641 8 13933.9 326.946 1701 0.000131494
13700 0.218475 0.210004 0.00847034 0 0.96123 2436.59 2335.07 101.521 0 -30.374 -31.046 8 14029.9 328.07 1713 0.000122594
13800 0.207832 0.201748 0.0060837 0 0.970728 2457.52 2355.25 102.279 0 -30.3823 -31.351 8 14133.9 329.284 1726 0.000116888
13900 0.2215 0.213419 0.00808142 0 0.963515 2479.56 2376.59 102.971 0 -30.3886 -31.0917 8 14229.9 330.401 1738 0.000122796
14000 0.235073 0.226753 0.00831986 0 0.964607 2503.08 2399.26 103.819 0 -30.3924 -30.7937 8 14333.9 331.606 1751 0.000129499
14100 0.213388 0.205961 0.00742698 0 0.965195 2524.5 2419.86 104.644 0 -30.3974 -30.9759 8 14429.9 332.714 1763 0.000116824
14200 0.211011 0.203013 0.00799785 0 0.962097 2545.61 2440.16 105.45 0 -30.4094 -31.8495 8 14533.9 333.911 1776 0.000114309
14300 0.215135 0.205622 0.00951256 0 0.955783 2567.05 2460.72 106.323 0 -30.4178 -31.4115 8 14629.9 335.012 1788 0.000115001
14400 0.26601 0.256983 0.00902632 0 0.966068 2593.79 2486.42 107.374 0 -30.408 -29.4684 8 14733.9 336.201 1801 0.000142689
14500 0.242154 0.232675 0.00947872 0 0.960857 2618.07 2509.69 108.383 0 -30.4065 -30.2451 8 14829.9 337.294 1813 0.000128337
14600 0.236598 0.227407 0.00919169 0 0.961151 2641.79 2532.43 109.358 0 -30.4088 -30.6682 8 14933.9 338.475 1826 0.000124538
14700 0.225211 0.215087 0.0101237 0 0.955048 2664.2 2553.94 110.265 0 -30.4103 -30.5833 8 15029.9 339.561 1838 0.000117022
14800 0.217195 0.209701 0.00749353 0 0.965499 2686.04 2574.91 111.136 0 -30.4164 -31.1683 8 15133.9 340.734 1851 0.000113291
14900 0.220547 0.211844 0.00870277 0 0.96054 2708.03 2596.09 111.939 0 -30.4193 -30.7675 8 15229.9 341.813 1863 0.000113711
15000 0.237981 0.229686 0.0082949 0 0.965145 2731.88 2619.06 112.819 0 -30.4254 -31.1129 8 15333.9 342.978 1876 0.000122434
15100 0.262894 0.252415 0.0104789 0 0.96014 2758.12 2644.3 113.814 0 -30.4225 -30.1266 8 15429.9 344.05 1888 0.000133694
15200 0.272012 0.258877 0.0131355 0 0.95171 2785.11 2670.19 114.918 0 -30.422 -30.3714 8 15533.9 345.207 1901 0.000136179
15300 0.265124 0.254826 0.0102984 0 0.961156 2811.77 2695.67 116.1 0 -30.4197 -30.1769 8 15629.9 346.272 1913 0.000133207
15400 0.214635 0.206666 0.00796886 0 0.962873 2833.35 2716.34 117.006 0 -30.4258 -31.225 8 15733.9 347.423 1926 0.000107303
15500 0.2161 0.207205 0.00889492 0 0.958839 2854.88 2737.06 117.825 0 -30.4312 -31.143 8 15829.9 348.481 1938 0.000106917
15600 0.260859 0.251605 0.00925431 0 0.964524 2881.04 2762.22 118.818 0 -30.4306 -30.364 8 15933.9 349.624 1951 0.000128962
15700 0.253893 0.244617 0.00927578 0 0.963466 2906.42 2786.68 119.733 0 -30.4321 -30.5946 8 16029.9 350.675 1963 0.000124614
15800 0.238833 0.230901 0.00793236 0 0.966787 2930.34 2809.77 120.566 0 -30.4363 -30.9577 8 16133.9 351.811 1976 0.000116853
15900 0.243439 0.235781 0.00765847 0 0.968541 2954.71 2833.35 121.36 0 -30.4394 -30.8123 8 16229.9 352.856 1988 0.000118602
16000 0.287497 0.277504 0.00999258 0 0.965243 2983.47 2861.1 122.369 0 -30.4419 -30.6895 8 16333.9 353.985 2001 0.000138683
16100 0.263948 0.253506 0.0104413 0 0.960442 3009.88 2886.45 123.432 0 -30.4435 -30.6269 8 16429.9 355.024 2013 0.000125935
16200 0.239075 0.229846 0.00922826 0 0.9614 3033.83 2909.44 124.396 0 -30.4483 -31.0485 8 16533.9 356.146 2026 0.000113448
16300 0.220887 0.212947 0.00793924 0 0.964057 3055.96 2930.73 125.225 0 -30.4559 -31.4997 8 16629.9 357.178 2038 0.000104488
16400 0.223567 0.215718 0.00784916 0 0.964891 3078.26 2952.3 125.962 0 -30.463 -31.4351 8 16733.9 358.293 2051 0.000105177
16500 0.246561 0.235001 0.0115596 0 0.953117 3102.59 2975.8 126.792 0 -30.4616 -30.2908 8 16829.9 359.319 2063 0.000113912
16600 0.2626 0.253601 0.00899909 0 0.965731 3128.91 3001.16 127.75 0 -30.4624 -30.5492 8 16933.9 360.428 2076 0.000122158
16700 0.243923 0.233813 0.0101094 0 0.958555 3153.13 3024.54 128.589 0 -30.463 -30.5498 8 17029.9 361.448 2088 0.00011198
16800 0.243165 0.236714 0.00645115 0 0.97347 3177.55 3048.22 129.336 0 -30.4654 -30.7676 8 17133.9 362.55 2101 0.000112667
16900 0.217452 0.212171 0.0052815 0 0.975712 3199.37 3069.43 129.938 0 -30.4726 -31.5197 8 17229.9 363.564 2113 0.000100412
17000 0.212812 0.207684 0.00512815 0 0.975903 3220.72 3090.2 130.521 0 -30.4796 -31.5276 8 17333.9 364.66 2126 9.76875e-05
17100 0.230307 0.223888 0.00641824 0 0.972132 3243.71 3112.59 131.118 0 -30.489 -31.8086 8 17429.9 365.668 2138 0.000104719
17200 0.241657 0.23432 0.00733727 0 0.969638 3267.81 3136.02 131.788 0 -30.4967 -31.5402 8 17533.9 366.758 2151 0.000108935
17300 0.229635 0.223445 0.00619008 0 0.973044 3290.89 3158.37 132.52 0 -30.5084 -32.1575 8 17629.9 367.76 2163 0.000103303
17400 0.218118 0.2121 0.00601787 0 0.97241 3312.74 3179.58 133.166 0 -30.5184 -32.0344 8 17733.9 368.843 2176 9.74724e-05
17500 0.220827 0.214031 0.00679575 0 0.969226 3334.82 3200.98 133.844 0 -30.525 -31.5088 8 17829.9 369.84 2188 9.78204e-05
17600 0.19969 0.195489 0.00420032 0 0.978966 3354.88 3220.53 134.349 0 -30.5357 -32.3087 8 17933.9 370.917 2201 8.88184e-05
17700 0.206744 0.201822 0.00492273 0 0.976189 3375.56 3240.71 134.848 0 -30.5488 -32.6806 8 18029.9 371.909 2213 9.11983e-05
17800 0.222344 0.214898 0.00744635 0 0.96651 3397.63 3262.2 135.429 0 -30.5566 -31.7576 8 18133.9 372.98 2226 9.65398e-05
17900 0.223289 0.216308 0.00698075 0 0.968737 3419.87 3283.83 136.044 0 -30.5628 -31.501 8 18229.9 373.966 2238 9.66523e-05
18000 0.216322 0.211414 0.00490847 0 0.977309 3441.6 3304.97 136.624 0 -30.5751 -32.5175 8 18333.9 375.031 2251 9.392e-05
18100 0.220344 0.212503 0.00784167 0 0.964412 3463.45 3326.22 137.233 0 -30.5843 -32.0349 8 18429.9 376.012 2263 9.3903e-05
18200 0.218078 0.209998 0.00808001 0 0.962949 3485.12 3347.22 137.896 0 -30.5901 -31.5051 8 18533.9 377.071 2276 9.22662e-05
18300 0.209224 0.20246 0.00676465 0 0.967668 3506.11 3367.47 138.637 0 -30.5988 -32.0573 8 18629.9 378.046 2288 8.84877e-05
18400 0.216185 0.209321 0.00686387 0 0.96825 3527.81 3388.4 139.41 0 -30.6054 -31.6686 8 18733.9 379.1 2301 9.09698e-05
18500 0.235091 0.226336 0.00875417 0 0.962763 3551.31 3411.03 140.279 0 -30.606 -30.6898 8 18829.9 380.07 2313 9.7854e-05
18600 0.224324 0.215477 0.00884707 0 0.960561 3573.81 3432.58 141.224 0 -30.6102 -31.2699 8 18933.9 381.118 2326 9.26383e-05
18700 0.22657 0.216066 0.0105038 0 0.95364 3596.42 3454.19 142.234 0 -30.6159 -31.5234 8 19029.9 382.083 2338 9.2415e-05
18800 0.235963 0.225891 0.0100717 0 0.957317 3620.08 3476.78 143.299 0 -30.6186 -31.0349 8 19133.9 383.126 2351 9.6083e-05
18900 0.241669 0.230121 0.0115476 0 0.952217 3644.27 3499.79 144.477 0 -30.6194 -30.7336 8 19229.9 384.086 2363 9.73853e-05
19000 0.264645 0.252385 0.0122596 0 0.953675 3670.79 3525.03 145.767 0 -30.6221 -30.9904 8 19333.9 385.123 2376 0.000106223
19100 0.271633 0.259543 0.0120895 0 0.955493 3698.05 3550.98 147.064 0 -30.6282 -31.4475 8 19429.9 386.078 2388 0.000108686
19200 0.253578 0.244005 0.00957268 0 0.96225 3723.6 3575.38 148.216 0 -30.6324 -31.2415 8 19533.9 387.11 2401 0.000101627
19300 0.238321 0.228788 0.00953297 0 0.96 3747.39 3598.26 149.127 0 -30.6381 -31.5378 8 19629.9 388.06 2413 9.48149e-05
19400 0.223011 0.215607 0.00740398 0 0.9668 3769.78 3619.82 149.953 0 -30.6475 -32.2204 8 19733.9 389.087 2426 8.88736e-05
19500 0.264034 0.254956 0.00907837 0 0.965617 3796.14 3645.32 150.826 0 -30.6488 -30.824 8 19829.9 390.032 2438 0.000104576
19600 0.232222 0.22422 0.00800255 0 0.965539 3819.34 3667.74 151.601 0 -30.6536 -31.4429 8 19933.9 391.053 2451 9.14809e-05
19700 0.231006 0.221715 0.00929065 0 0.959782 3842.34 3689.91 152.431 0 -30.6603 -31.7843 8 20029.9 391.994 2463 9.00183e-05
19800 0.228404 0.22124 0.007164 0 0.968635 3865.25 3712.04 153.216 0 -30.6713 -32.5004 8 20133.9 393.01 2476 8.93539e-05
19900 0.220672 0.213505 0.00716732 0 0.96752 3887.3 3733.39 153.911 0 -30.6805 -32.3027 8 20229.9 393.946 2488 8.58137e-05
20000 0.21363 0.206475 0.00715557 0 0.966505 3908.64 3754.03 154.61 0 -30.6891 -32.2601 8 20333.9 394.957 2501 8.25569e-05
