100 0.167185 0.155668 0.0115166 0 0.931115 16.4945 15.5668 0.92765 0 -27.3255 -27.3255 2 427.882 57.293 51 0.00305232
200 0.249559 0.231512 0.0180465 0 0.927686 41.3084 38.7181 2.59028 0 -27.452 -27.5362 2 527.882 63.6368 101 0.0022922
300 0.247146 0.227947 0.0191986 0 0.922319 65.8993 61.5128 4.38651 0 -27.4556 -27.4615 2 627.882 69.4031 151 0.00150959
400 0.298979 0.279142 0.0198373 0 0.93365 95.8591 89.427 6.43211 0 -27.6939 -28.2183 2 727.882 74.7258 201 0.00138877
500 0.330425 0.307063 0.023362 0 0.929297 128.875 120.133 8.74128 0 -27.9636 -28.7467 2 827.882 79.6937 251 0.00122336
600 0.387491 0.357586 0.0299043 0 0.922826 167.174 155.892 11.2824 0 -28.064 -28.4016 2 927.882 84.3697 301 0.00118799
700 0.483182 0.449072 0.0341104 0 0.929405 215.214 200.799 14.4149 0 -28.2658 -28.9681 2 1027.88 88.7997 351 0.00127941
800 0.472677 0.440906 0.0317707 0 0.932786 262.424 244.89 17.5343 0 -28.4214 -29.131 2 1127.88 93.019 401 0.00109952
900 0.441064 0.41139 0.0296742 0 0.932721 306.458 286.029 20.4291 0 -28.5458 -29.2872 2 1227.88 97.0551 451 0.000912174
1000 0.521042 0.487088 0.0339543 0 0.934834 358.475 334.738 23.7379 0 -28.6353 -29.1625 2 1327.88 100.93 501 0.000972231
1100 0.504885 0.474695 0.0301892 0 0.940206 409.165 382.207 26.958 0 -28.6852 -29.0382 2 1427.88 104.661 551 0.000861516
1200 0.542077 0.514435 0.0276425 0 0.949006 463.615 433.651 29.9647 0 -28.7809 -29.4997 2 1527.88 108.264 601 0.000855964
1300 0.504215 0.477067 0.0271482 0 0.946158 514.072 481.357 32.7143 0 -28.8133 -29.1112 2 1627.88 111.751 651 0.000732822
1400 0.502367 0.475138 0.0272284 0 0.9458 564.372 528.871 35.501 0 -28.8699 -29.448 2 1727.88 115.132 701 0.000677801
1500 0.513024 0.486851 0.0261735 0 0.948982 615.871 577.556 38.3149 0 -28.9244 -29.522 2 1827.88 118.417 751 0.00064827
1600 0.565958 0.529756 0.0362021 0 0.936034 671.854 630.532 41.3221 0 -28.9438 -29.1578 2 1927.88 121.613 801 0.000661368
1700 0.591865 0.559413 0.0324523 0 0.945169 731.106 686.473 44.6325 0 -28.926 -28.7239 2 2027.88 124.727 851 0.00065736
1800 0.618925 0.585901 0.0330238 0 0.946643 793.027 745.063 47.9635 0 -28.9427 -29.1392 2 2127.88 127.766 901 0.000650278
1900 0.580389 0.550499 0.0298899 0 0.9485 851.276 800.113 51.163 0 -28.9765 -29.4372 2 2227.88 130.733 951 0.000578864
2000 0.631576 0.599071 0.0325046 0 0.948534 914.485 860.02 54.4647 0 -29.0027 -29.3548 2 2327.88 133.635 1001 0.000598472
2100 0.641255 0.607641 0.0336143 0 0.94758 978.632 920.784 57.8475 0 -29.0092 -29.1025 2 2427.88 136.475 1051 0.000578155
2200 0.683802 0.646389 0.037413 0 0.945287 1046.79 985.423 61.3647 0 -29.0189 -29.1577 2 2527.88 139.257 1101 0.000587092
2300 0.651781 0.619101 0.0326797 0 0.949861 1112.18 1047.33 64.8498 0 -29.0478 -29.5114 2 2627.88 141.985 1151 0.000537881
2400 0.627861 0.596799 0.0310616 0 0.950528 1175.07 1107.01 68.0551 0 -29.0596 -29.2684 2 2727.88 144.661 1201 0.000496918
2500 0.639701 0.608095 0.0316053 0 0.950594 1239.07 1167.82 71.2458 0 -29.0805 -29.4633 2 2827.88 147.289 1251 0.000486087
2600 0.614 0.583909 0.0300906 0 0.950992 1300.49 1226.21 74.2723 0 -29.0965 -29.4197 2 2927.88 149.871 1301 0.000448816
2700 0.637917 0.605569 0.0323478 0 0.949291 1364.13 1286.77 77.3573 0 -29.1141 -29.4738 2 3027.88 152.409 1351 0.000448238
2800 0.72677 0.690377 0.0363929 0 0.949925 1436.67 1355.81 80.8591 0 -29.1361 -29.5493 2 3127.88 154.905 1401 0.000492775
2900 0.72337 0.686826 0.0365437 0 0.949481 1509 1424.49 84.5086 0 -29.1451 -29.325 2 3227.88 157.362 1451 0.000473347
3000 0.647885 0.615171 0.0327138 0 0.949507 1573.98 1486.01 87.9687 0 -29.1757 -29.8856 2 3327.88 159.781 1501 0.000409841
3100 0.699295 0.667391 0.0319042 0 0.954377 1644.18 1552.75 91.4344 0 -29.217 -30.1436 2 3427.88 162.163 1551 0.000430297
3200 0.658775 0.626385 0.03239 0 0.950833 1710.06 1615.39 94.6724 0 -29.2526 -30.1397 2 3527.88 164.512 1601 0.000391246
3300 0.691842 0.663613 0.0282287 0 0.959198 1779.78 1681.75 98.0301 0 -29.2865 -30.1189 2 3627.88 166.827 1651 0.000401946
3400 0.708866 0.674696 0.0341696 0 0.951797 1850.3 1749.22 101.082 0 -29.3086 -29.8652 2 3727.88 169.111 1701 0.000396647
3500 0.739392 0.706249 0.0331431 0 0.955175 1924.25 1819.84 104.409 0 -29.3383 -30.0817 2 3827.88 171.364 1751 0.00040334
3600 0.687595 0.658446 0.0291489 0 0.957607 1993.26 1885.69 107.577 0 -29.3728 -30.3351 2 3927.88 173.588 1801 0.0003656
3700 0.691811 0.66371 0.0281016 0 0.95938 2062.55 1952.06 110.491 0 -29.4053 -30.3394 2 4027.88 175.784 1851 0.000358568
3800 0.684659 0.654454 0.0302055 0 0.955882 2130.98 2017.5 113.476 0 -29.4199 -29.8596 2 4127.88 177.952 1901 0.000344268
3900 0.701384 0.673125 0.0282588 0 0.95971 2201.27 2084.81 116.455 0 -29.4493 -30.343 2 4227.88 180.095 1951 0.000345015
4000 0.674048 0.646113 0.027935 0 0.958556 2268.6 2149.43 119.174 0 -29.4808 -30.5107 2 4327.88 182.212 2001 0.000322895
4100 0.736019 0.705559 0.0304604 0 0.958615 2342.24 2219.98 122.261 0 -29.5054 -30.2629 2 4427.88 184.305 2051 0.000344007
4200 0.694808 0.664206 0.0306024 0 0.955956 2411.58 2286.4 125.182 0 -29.5283 -30.3002 2 4527.88 186.375 2101 0.000316138
4300 0.68424 0.655787 0.0284532 0 0.958416 2480.23 2351.98 128.25 0 -29.5612 -30.7182 2 4627.88 188.422 2151 0.000304875
4400 0.778761 0.738528 0.0402336 0 0.948336 2557.63 2425.83 131.797 0 -29.5792 -30.1559 2 4727.88 190.447 2201 0.000335542
4500 0.856361 0.815108 0.0412532 0 0.951827 2643.48 2507.34 136.136 0 -29.5897 -29.9027 2 4827.88 192.45 2251 0.000362109
4600 0.797554 0.758814 0.0387403 0 0.951426 2723.38 2583.23 140.158 0 -29.6107 -30.3034 2 4927.88 194.433 2301 0.000329776
4700 0.736489 0.702706 0.0337828 0 0.95413 2797.25 2653.5 143.756 0 -29.6417 -30.7881 2 5027.88 196.396 2351 0.000298897
4800 0.727423 0.698524 0.0288986 0 0.960273 2870.35 2723.35 147.003 0 -29.6738 -30.8999 2 5127.88 198.339 2401 0.00029093
4900 0.724401 0.688764 0.0356373 0 0.950804 2942.32 2792.23 150.093 0 -29.6862 -30.1822 2 5227.88 200.264 2451 0.000281013
5000 0.746447 0.713165 0.0332816 0 0.955413 3017.07 2863.54 153.525 0 -29.7008 -30.2735 2 5327.88 202.17 2501 0.000285152
5100 0.773281 0.738037 0.0352444 0 0.954422 3094.45 2937.35 157.107 0 -29.7175 -30.37 2 5427.88 204.059 2551 0.000289313
5200 0.719044 0.68937 0.0296733 0 0.958732 3166.66 3006.28 160.381 0 -29.7387 -30.6475 2 5527.88 205.93 2601 0.00026504
5300 0.693771 0.667581 0.0261902 0 0.962249 3236.3 3073.04 163.262 0 -29.7598 -30.718 2 5627.88 207.784 2651 0.000251822
5400 0.693142 0.667745 0.0253974 0 0.963359 3305.91 3139.82 166.09 0 -29.7763 -30.5458 2 5727.88 209.622 2701 0.000247221
5500 0.687154 0.660245 0.0269095 0 0.960839 3374.61 3205.84 168.766 0 -29.7931 -30.5995 2 5827.88 211.444 2751 0.000240002
5600 0.707873 0.682434 0.0254399 0 0.964061 3445.49 3274.08 171.409 0 -29.8107 -30.6498 2 5927.88 213.25 2801 0.000243639
5700 0.784485 0.749754 0.0347312 0 0.955727 3523.42 3349.06 174.359 0 -29.8028 -29.4505 2 6027.88 215.042 2851 0.000262979
5800 0.820763 0.78634 0.0344232 0 0.958059 3605.3 3427.69 177.608 0 -29.8039 -29.8545 2 6127.88 216.818 2901 0.000271058
5900 0.763206 0.731745 0.0314606 0 0.958778 3681.62 3500.87 180.756 0 -29.8098 -30.0894 2 6227.88 218.58 2951 0.000247965
6000 0.738385 0.708258 0.0301275 0 0.959198 3755.7 3571.69 184.011 0 -29.8187 -30.2564 2 6327.88 220.328 3001 0.000236007
6100 0.83121 0.792727 0.0384822 0 0.953703 3838.4 3650.97 187.437 0 -29.8242 -30.0782 2 6427.88 222.062 3051 0.000259825
6200 0.83701 0.803394 0.0336163 0 0.959838 3922.44 3731.31 191.132 0 -29.839 -30.5119 2 6527.88 223.783 3101 0.000259076
6300 0.803195 0.769748 0.0334474 0 0.958357 4002.76 3808.28 194.477 0 -29.8519 -30.4817 2 6627.88 225.49 3151 0.000244287
6400 0.844299 0.80922 0.0350798 0 0.958451 4087.23 3889.2 198.033 0 -29.8684 -30.6519 2 6727.88 227.185 3201 0.000252802
6500 0.784169 0.75037 0.0337988 0 0.956899 4165.6 3964.24 201.362 0 -29.8861 -30.8065 2 6827.88 228.867 3251 0.000230812
6600 0.788933 0.756205 0.0327275 0 0.958517 4244.64 4039.86 204.78 0 -29.9033 -30.814 2 6927.88 230.537 3301 0.000229084
6700 0.756256 0.726919 0.0293369 0 0.961208 4320.43 4112.55 207.876 0 -29.9218 -30.9569 2 7027.88 232.195 3351 0.000216926
6800 0.812785 0.781095 0.03169 0 0.961011 4401.94 4190.66 211.282 0 -29.941 -30.9578 2 7127.88 233.841 3401 0.000229666
6900 0.814426 0.778875 0.0355506 0 0.956349 4483.13 4268.55 214.578 0 -29.9564 -30.7916 2 7227.88 235.475 3451 0.000225695
7000 0.814264 0.78274 0.0315244 0 0.961285 4564.86 4346.82 218.035 0 -29.9808 -31.3196 2 7327.88 237.099 3501 0.000223576
7100 0.762349 0.731471 0.0308781 0 0.959496 4641.3 4419.97 221.326 0 -30.0029 -31.3203 2 7427.88 238.711 3551 0.00020599
7200 0.760427 0.731755 0.0286718 0 0.962295 4717.59 4493.14 224.449 0 -30.0234 -31.2695 2 7527.88 240.313 3601 0.000203209
7300 0.77965 0.747313 0.0323376 0 0.958523 4795.52 4567.88 227.648 0 -30.0428 -31.2204 2 7627.88 241.903 3651 0.000204687
7400 0.807669 0.777983 0.0296858 0 0.963245 4876.52 4645.67 230.846 0 -30.0646 -31.3559 2 7727.88 243.484 3701 0.000210209
7500 0.808253 0.778524 0.0297288 0 0.963218 4957.58 4723.53 234.051 0 -30.0882 -31.5065 2 7827.88 245.054 3751 0.000207551
7600 0.774452 0.739919 0.0345335 0 0.955409 5034.83 4797.52 237.309 0 -30.1051 -31.193 2 7927.88 246.615 3801 0.000194664
7700 0.766111 0.738413 0.0276983 0 0.963846 5111.79 4871.36 240.427 0 -30.1253 -31.4423 2 8027.88 248.165 3851 0.000191746
7800 0.750527 0.724007 0.0265198 0 0.964665 5186.97 4943.76 243.206 0 -30.1445 -31.453 2 8127.88 249.706 3901 0.000185595
7900 0.702466 0.681295 0.0211702 0 0.969863 5257.59 5011.89 245.704 0 -30.1659 -31.737 2 8227.88 251.237 3951 0.000172436
8000 0.779574 0.752716 0.0268577 0 0.965548 5335.63 5087.16 248.47 0 -30.1822 -31.2798 2 8327.88 252.759 4001 0.000188132
8100 0.770754 0.744388 0.0263663 0 0.965792 5412.74 5161.6 251.139 0 -30.1962 -31.1659 2 8427.88 254.272 4051 0.000183754
8200 0.772478 0.745718 0.0267594 0 0.965359 5490.08 5236.17 253.91 0 -30.2051 -30.8281 2 8527.88 255.777 4101 0.000181838
8300 0.781436 0.753378 0.0280582 0 0.964094 5568.3 5311.51 256.793 0 -30.2178 -31.1068 2 8627.88 257.272 4151 0.000181493
8400 0.710749 0.686601 0.0241477 0 0.966025 5639.59 5380.17 259.415 0 -30.2348 -31.5664 2 8727.88 258.758 4201 0.000163438
8500 0.77413 0.742144 0.0319864 0 0.958681 5716.79 5454.38 262.407 0 -30.2484 -31.2414 2 8827.88 260.237 4251 0.000174581
8600 0.786111 0.755205 0.030906 0 0.960685 5795.52 5529.91 265.612 0 -30.2632 -31.3394 2 8927.88 261.706 4301 0.000175588
8700 0.770998 0.741273 0.0297259 0 0.961445 5872.91 5604.03 268.878 0 -30.2785 -31.4241 2 9027.88 263.168 4351 0.000170368
8800 0.747206 0.719515 0.0276903 0 0.962942 5947.73 5675.98 271.742 0 -30.2955 -31.6228 2 9127.88 264.621 4401 0.000163489
8900 0.851829 0.818664 0.0331644 0 0.961067 6032.8 5757.85 274.945 0 -30.3057 -31.0238 2 9227.88 266.067 4451 0.000183928
9000 0.777693 0.750197 0.0274963 0 0.964644 6110.78 5832.87 277.915 0 -30.3237 -31.7142 2 9327.88 267.505 4501 0.000166673
9100 0.790947 0.762525 0.0284217 0 0.964066 6189.76 5909.12 280.638 0 -30.3397 -31.5757 2 9427.88 268.935 4551 0.000167551
9200 0.774807 0.750985 0.023822 0 0.969254 6267.61 5984.22 283.384 0 -30.3537 -31.4662 2 9527.88 270.357 4601 0.000163222
9300 0.742131 0.720816 0.0213145 0 0.971279 6342.07 6056.3 285.77 0 -30.3696 -31.709 2 9627.88 271.772 4651 0.000154981
9400 0.775751 0.748262 0.0274885 0 0.964565 6419.31 6131.13 288.184 0 -30.3811 -31.3288 2 9727.88 273.18 4701 0.000159171
9500 0.785294 0.758073 0.0272208 0 0.965337 6497.84 6206.94 290.904 0 -30.392 -31.2833 2 9827.88 274.581 4751 0.000159561
9600 0.788571 0.759652 0.0289186 0 0.963328 6576.67 6282.9 293.771 0 -30.405 -31.4725 2 9927.88 275.974 4801 0.000158228
9700 0.748309 0.720944 0.0273648 0 0.963431 6651.62 6355 296.628 0 -30.4177 -31.531 2 10027.9 277.361 4851 0.000148618
9800 0.745016 0.716885 0.0281309 0 0.962241 6725.99 6426.68 299.309 0 -30.4294 -31.4764 2 10127.9 278.74 4901 0.000146273
9900 0.810508 0.782857 0.0276506 0 0.965885 6807.16 6504.97 302.188 0 -30.4355 -30.947 2 10227.9 280.113 4951 0.000158121
10000 0.775712 0.747712 0.0279995 0 0.963905 6884.8 6579.74 305.061 0 -30.4476 -31.5071 2 10327.9 281.479 5001 0.000149513
10100 0.781137 0.752116 0.0290209 0 0.962848 6962.96 6654.95 308.009 0 -30.4572 -31.2976 2 10427.9 282.838 5051 0.000148904
10200 0.789378 0.759675 0.0297022 0 0.962373 7041.94 6730.92 311.022 0 -30.4644 -31.1041 2 10527.9 284.191 5101 0.000148927
10300 0.775601 0.746306 0.029295 0 0.962229 7119.57 6805.55 314.016 0 -30.4745 -31.3875 2 10627.9 285.538 5151 0.000144886
10400 0.797852 0.768579 0.0292731 0 0.96331 7199.51 6882.41 317.104 0 -30.4845 -31.3742 2 10727.9 286.878 5201 0.000147775
10500 0.751261 0.726429 0.0248315 0 0.966947 7274.85 6955.05 319.799 0 -30.4984 -31.8292 2 10827.9 288.212 5251 0.000138341
10600 0.755987 0.728159 0.0278286 0 0.963189 7350.22 7027.87 322.35 0 -30.512 -31.8253 2 10927.9 289.54 5301 0.000137363
10700 0.763142 0.734377 0.0287653 0 0.962307 7426.29 7101.31 324.986 0 -30.5213 -31.4146 2 11027.9 290.861 5351 0.000137241
10800 0.766105 0.739118 0.0269873 0 0.964773 7503.1 7175.22 327.88 0 -30.5288 -31.2572 2 11127.9 292.177 5401 0.000136848
10900 0.72681 0.701662 0.0251481 0 0.965399 7575.72 7245.38 330.337 0 -30.5375 -31.4418 2 11227.9 293.487 5451 0.000128722
11000 0.733552 0.707584 0.0259683 0 0.964599 7649.07 7316.14 332.925 0 -30.5447 -31.2831 2 11327.9 294.791 5501 0.000128628
11100 0.729969 0.704478 0.0254913 0 0.965079 7722.16 7386.59 335.574 0 -30.5534 -31.4632 2 11427.9 296.089 5551 0.00012691
11200 0.731017 0.705939 0.025078 0 0.965694 7795.4 7457.18 338.219 0 -30.5637 -31.6483 2 11527.9 297.382 5601 0.000126038
11300 0.768352 0.737963 0.0303889 0 0.960449 7871.86 7530.98 340.882 0 -30.5734 -31.5645 2 11627.9 298.669 5651 0.00013059
11400 0.784093 0.757924 0.0261687 0 0.966625 7950.64 7606.77 343.863 0 -30.5852 -31.7689 2 11727.9 299.951 5701 0.000132946
11500 0.814999 0.782007 0.0329922 0 0.959519 8031.91 7684.97 346.933 0 -30.5897 -31.0273 2 11827.9 301.227 5751 0.000135978
11600 0.807094 0.777799 0.0292944 0 0.963704 8112.92 7762.75 350.168 0 -30.5975 -31.374 2 11927.9 302.497 5801 0.00013408
11700 0.782439 0.751752 0.0306869 0 0.96078 8191.15 7837.93 353.222 0 -30.604 -31.276 2 12027.9 303.763 5851 0.000128483
11800 0.780558 0.749 0.0315585 0 0.959569 8269.19 7912.83 356.363 0 -30.6107 -31.3062 2 12127.9 305.023 5901 0.000126928
11900 0.766145 0.736834 0.0293111 0 0.961742 8345.88 7986.51 359.366 0 -30.619 -31.5237 2 12227.9 306.278 5951 0.000123817
12000 0.761516 0.729399 0.0321171 0 0.957825 8421.72 8059.45 362.273 0 -30.6249 -31.2744 2 12327.9 307.528 6001 0.000121546
12100 0.805092 0.775131 0.0299611 0 0.962785 8502.56 8136.96 365.597 0 -30.6274 -30.8782 2 12427.9 308.773 6051 0.0001281
12200 0.760597 0.732244 0.0283531 0 0.962723 8578.86 8210.19 368.671 0 -30.6345 -31.426 2 12527.9 310.012 6101 0.00012002
12300 0.825443 0.791829 0.0336138 0 0.959278 8661.07 8289.37 371.698 0 -30.6382 -31.0341 2 12627.9 311.247 6151 0.000128732
12400 0.821362 0.790667 0.0306947 0 0.962629 8743.28 8368.44 374.837 0 -30.6463 -31.4995 2 12727.9 312.477 6201 0.000127506
12500 0.797728 0.767948 0.0297806 0 0.962668 8823.05 8445.23 377.815 0 -30.6527 -31.353 2 12827.9 313.702 6251 0.000122852
12600 0.796486 0.767548 0.0289376 0 0.963668 8902.68 8521.99 380.693 0 -30.6578 -31.2242 2 12927.9 314.923 6301 0.000121814
12700 0.771948 0.74368 0.0282687 0 0.96338 8979.93 8596.36 383.57 0 -30.6662 -31.6241 2 13027.9 316.138 6351 0.000117096
12800 0.781778 0.754281 0.0274964 0 0.964828 9058.03 8671.78 386.251 0 -30.675 -31.6947 2 13127.9 317.349 6401 0.000117838
12900 0.788368 0.76183 0.0265383 0 0.966338 9137.05 8747.97 389.079 0 -30.685 -31.8227 2 13227.9 318.556 6451 0.000118095
13000 0.77641 0.749217 0.0271937 0 0.964975 9214.59 8822.89 391.699 0 -30.6963 -32.0356 2 13327.9 319.757 6501 0.000115246
13100 0.824281 0.796305 0.0279761 0 0.96606 9297.16 8902.52 394.643 0 -30.7042 -31.5865 2 13427.9 320.955 6551 0.000121555
13200 0.819814 0.790068 0.0297465 0 0.963716 9379.28 8981.53 397.752 0 -30.7141 -31.8332 2 13527.9 322.148 6601 0.000119689
13300 0.813115 0.785052 0.0280634 0 0.965487 9460.75 9060.03 400.719 0 -30.7205 -31.4535 2 13627.9 323.336 6651 0.000118035
13400 0.853379 0.822874 0.0305044 0 0.964255 9545.99 9142.32 403.675 0 -30.7277 -31.5347 2 13727.9 324.52 6701 0.000122799
13500 0.804301 0.777841 0.0264594 0 0.967103 9626.72 9220.1 406.616 0 -30.7384 -31.9971 2 13827.9 325.7 6751 0.000115219
13600 0.752272 0.728863 0.0234089 0 0.968882 9702.08 9292.99 409.086 0 -30.7488 -32.0847 2 13927.9 326.876 6801 0.00010717
13700 0.764675 0.737211 0.0274645 0 0.964083 9778.36 9366.71 411.653 0 -30.7565 -31.7324 2 14027.9 328.047 6851 0.000107606
13800 0.794184 0.767268 0.0269158 0 0.966109 9857.65 9443.44 414.214 0 -30.7647 -31.7797 2 14127.9 329.214 6901 0.000111182
13900 0.83787 0.809244 0.0286255 0 0.965835 9941.27 9524.36 416.912 0 -30.7712 -31.527 2 14227.9 330.377 6951 0.000116421
14000 0.846541 0.817223 0.0293179 0 0.965367 10026 9606.08 419.891 0 -30.7801 -31.8295 2 14327.9 331.536 7001 0.00011673
14100 0.785617 0.759987 0.0256293 0 0.967377 10104.8 9682.08 422.695 0 -30.7885 -31.8606 2 14427.9 332.691 7051 0.000107784
14200 0.764917 0.739633 0.0252844 0 0.966945 10181.4 9756.05 425.345 0 -30.7982 -32.07 2 14527.9 333.842 7101 0.000104159
14300 0.762617 0.739379 0.0232382 0 0.969528 10257.9 9829.98 427.872 0 -30.8077 -32.0772 2 14627.9 334.989 7151 0.000103395
14400 0.788915 0.763623 0.0252921 0 0.967941 10336.9 9906.35 430.55 0 -30.816 -31.8923 2 14727.9 336.132 7201 0.000106044
14500 0.788804 0.764096 0.0247081 0 0.968677 10415.9 9982.76 433.163 0 -30.8262 -32.1562 2 14827.9 337.271 7251 0.000105378
14600 0.754986 0.730125 0.0248619 0 0.96707 10491.3 10055.8 435.544 0 -30.8348 -32.0328 2 14927.9 338.407 7301 0.000100003
14700 0.747027 0.721686 0.0253412 0 0.966077 10565.8 10127.9 437.898 0 -30.8443 -32.1706 2 15027.9 339.538 7351 9.81751e-05
14800 0.762347 0.737677 0.0246703 0 0.967639 10642 10201.7 440.249 0 -30.8543 -32.246 2 15127.9 340.666 7401 9.96726e-05
14900 0.818292 0.790161 0.0281312 0 0.965622 10723.6 10280.7 442.883 0 -30.8612 -31.7643 2 15227.9 341.79 7451 0.000106048
15000 0.852934 0.823569 0.0293647 0 0.965572 10808.9 10363.1 445.859 0 -30.867 -31.598 2 15327.9 342.911 7501 0.000109795
15100 0.808607 0.780771 0.0278359 0 0.965575 10890 10441.2 448.826 0 -30.8732 -31.6925 2 15427.9 344.028 7551 0.0001034
15200 0.798529 0.767306 0.0312232 0 0.960899 10969.7 10517.9 451.819 0 -30.8775 -31.468 2 15527.9 345.141 7601 0.000100948
15300 0.78625 0.759527 0.0267227 0 0.966012 11048.5 10593.8 454.654 0 -30.886 -32.0666 2 15627.9 346.25 7651 9.92716e-05
15400 0.82151 0.793442 0.0280683 0 0.965833 11130.7 10673.2 457.543 0 -30.8927 -31.791 2 15727.9 347.356 7701 0.000103031
15500 0.773538 0.74396 0.0295778 0 0.961763 11207.8 10747.6 460.187 0 -30.9004 -32.0125 2 15827.9 348.459 7751 9.59825e-05
15600 0.774325 0.750703 0.0236213 0 0.969494 11285.4 10822.6 462.76 0 -30.9094 -32.2154 2 15927.9 349.558 7801 9.62317e-05
15700 0.867437 0.840096 0.0273409 0 0.968481 11372.1 10906.7 465.434 0 -30.9137 -31.4786 2 16027.9 350.653 7851 0.000107005
15800 0.846201 0.816986 0.0292152 0 0.965475 11456.4 10988.4 468.093 0 -30.9173 -31.3913 2 16127.9 351.746 7901 0.000103403
15900 0.821442 0.795318 0.0261244 0 0.968197 11538.7 11067.9 470.793 0 -30.9235 -31.7927 2 16227.9 352.834 7951 0.000100027
16000 0.78156 0.759192 0.0223682 0 0.97138 11617.2 11143.8 473.354 0 -30.9311 -32.053 2 16327.9 353.92 8001 9.48871e-05
16100 0.785068 0.760038 0.0250299 0 0.968118 11695.7 11219.8 475.852 0 -30.9388 -32.0664 2 16427.9 355.002 8051 9.4403e-05
16200 0.831893 0.802797 0.0290962 0 0.965024 11778.8 11300.1 478.684 0 -30.947 -32.1057 2 16527.9 356.081 8101 9.90985e-05
16300 0.829551 0.801107 0.0284433 0 0.965712 11861.8 11380.2 481.614 0 -30.954 -31.9485 2 16627.9 357.156 8151 9.82833e-05
16400 0.867384 0.834295 0.0330882 0 0.961853 11948.3 11463.6 484.682 0 -30.9575 -31.4354 2 16727.9 358.229 8201 0.000101731
16500 0.870085 0.834719 0.0353661 0 0.959353 12034.9 11547.1 487.826 0 -30.9604 -31.3583 2 16827.9 359.298 8251 0.000101166
16600 0.901353 0.866241 0.0351125 0 0.961045 12125.2 11633.7 491.491 0 -30.9616 -31.1295 2 16927.9 360.364 8301 0.000104354
16700 0.913665 0.880158 0.0335077 0 0.963326 12216.9 11721.7 495.113 0 -30.9645 -31.3474 2 17027.9 361.427 8351 0.000105395
16800 0.915976 0.88026 0.0357154 0 0.961008 12308.4 11809.8 498.639 0 -30.965 -31.032 2 17127.9 362.487 8401 0.00010478
16900 0.905896 0.875293 0.030603 0 0.966218 12399.4 11897.3 502.106 0 -30.9681 -31.3857 2 17227.9 363.543 8451 0.000103573
17000 0.843448 0.816459 0.0269887 0 0.968002 12484.1 11978.9 505.141 0 -30.9748 -31.9484 2 17327.9 364.597 8501 9.60427e-05
17100 0.820482 0.795168 0.0253145 0 0.969147 12566.2 12058.5 507.787 0 -30.9817 -32.0308 2 17427.9 365.647 8551 9.29912e-05
17200 0.840099 0.815598 0.0245005 0 0.970836 12650.5 12140 510.461 0 -30.9897 -32.1942 2 17527.9 366.695 8601 9.4826e-05
17300 0.85174 0.823487 0.0282535 0 0.966829 12735.6 12222.4 513.19 0 -30.9957 -31.8825 2 17627.9 367.739 8651 9.51898e-05
17400 0.901079 0.869028 0.0320511 0 0.96443 12825.6 12309.3 516.304 0 -31.0009 -31.7306 2 17727.9 368.781 8701 9.98768e-05
17500 0.852603 0.821967 0.0306361 0 0.964068 12910.8 12391.5 519.329 0 -31.0078 -32.0487 2 17827.9 369.82 8751 9.39283e-05
17600 0.924467 0.890884 0.0335832 0 0.963673 13003.3 12480.6 522.784 0 -31.0112 -31.4854 2 17927.9 370.855 8801 0.000101225
17700 0.87565 0.845237 0.0304129 0 0.965268 13091.2 12565.1 526.132 0 -31.0178 -32.0005 2 18027.9 371.888 8851 9.54962e-05
17800 0.905865 0.873851 0.0320139 0 0.964659 13182 12652.5 529.567 0 -31.0223 -31.6727 2 18127.9 372.918 8901 9.81745e-05
17900 0.936613 0.904388 0.0322252 0 0.965594 13276.1 12742.9 533.177 0 -31.0288 -31.9308 2 18227.9 373.945 8951 0.000101038
18000 0.933535 0.898877 0.0346586 0 0.962874 13369.5 12832.8 536.663 0 -31.0352 -31.9435 2 18327.9 374.97 9001 9.98641e-05
18100 0.945302 0.909081 0.0362212 0 0.961683 13463.9 12923.7 540.207 0 -31.0406 -31.8106 2 18427.9 375.991 9051 0.00010044
18200 0.92228 0.890629 0.0316512 0 0.965682 13556.5 13012.8 543.697 0 -31.0469 -31.9613 2 18527.9 377.01 9101 9.78605e-05
18300 0.868166 0.837524 0.030642 0 0.964705 13643.5 13096.5 547.009 0 -31.0544 -32.223 2 18627.9 378.026 9151 9.15226e-05
18400 0.872978 0.842955 0.0300229 0 0.965609 13730.9 13180.8 550.125 0 -31.0606 -32.0237 2 18727.9 379.039 9201 9.16156e-05
18500 0.819973 0.794251 0.0257223 0 0.96863 13813.1 13260.2 552.836 0 -31.0682 -32.349 2 18827.9 380.05 9251 8.58557e-05
18600 0.853588 0.825859 0.0277295 0 0.967514 13898.4 13342.8 555.55 0 -31.0747 -32.1276 2 18927.9 381.058 9301 8.87925e-05
18700 0.811016 0.78452 0.0264966 0 0.967329 13979.5 13421.3 558.237 0 -31.0833 -32.5598 2 19027.9 382.063 9351 8.38969e-05
18800 0.818977 0.792434 0.0265433 0 0.96759 14061.3 13500.5 560.785 0 -31.0911 -32.4144 2 19127.9 383.066 9401 8.42925e-05
18900 0.794955 0.769652 0.0253034 0 0.96817 14140.8 13577.5 563.297 0 -31.0995 -32.5818 2 19227.9 384.066 9451 8.1436e-05
19000 0.81449 0.790698 0.0237911 0 0.97079 14222.3 13656.6 565.721 0 -31.1065 -32.3231 2 19327.9 385.063 9501 8.32227e-05
19100 0.815847 0.789904 0.0259421 0 0.968202 14303.7 13735.5 568.132 0 -31.1134 -32.3327 2 19427.9 386.058 9551 8.27038e-05
19200 0.851378 0.824011 0.0273671 0 0.967856 14388.8 13817.9 570.86 0 -31.1207 -32.3312 2 19527.9 387.051 9601 8.58256e-05
19300 0.846005 0.81501 0.030994 0 0.963364 14473.3 13899.4 573.85 0 -31.1248 -31.8234 2 19627.9 388.04 9651 8.44483e-05
19400 0.814412 0.78583 0.0285816 0 0.964905 14554.9 13978 576.828 0 -31.1299 -32.0397 2 19727.9 389.027 9701 8.1005e-05
19500 0.840703 0.811064 0.0296388 0 0.964745 14639 14059.1 579.829 0 -31.135 -32.0142 2 19827.9 390.012 9751 8.31775e-05
19600 0.834676 0.804088 0.0305886 0 0.963353 14722.3 14139.5 582.777 0 -31.1396 -31.9476 2 19927.9 390.994 9801 8.20414e-05
19700 0.850857 0.821393 0.0294641 0 0.965371 14807.6 14221.7 585.913 0 -31.1457 -32.1994 2 20027.9 391.974 9851 8.33816e-05
19800 0.810912 0.784515 0.026397 0 0.967448 14888.8 14300.1 588.701 0 -31.1517 -32.2424 2 20127.9 392.952 9901 7.92359e-05
19900 0.852344 0.823905 0.0284394 0 0.966634 14974.2 14382.5 591.658 0 -31.1566 -32.0126 2 20227.9 393.927 9951 8.27962e-05
20000 0.842882 0.811778 0.0311049 0 0.963097 15058.2 14463.7 594.532 0 -31.1592 -31.6381 2 20327.9 394.899 10001 8.11696e-05
