100 0.0359563 0.0320062 0.00395013 0 0.890141 3.45268 3.20062 0.252057 0 -27.0968 -27.0968 8 429.882 57.4268 13 0.00246201
200 0.0475439 0.0418819 0.00566198 0 0.88091 8.06112 7.38881 0.672318 0 -26.9291 -26.8035 8 533.882 63.9974 26 0.00161084
300 0.0883803 0.0822821 0.0060982 0 0.931 16.9492 15.617 1.33222 0 -28.0051 -28.981 8 629.882 69.5136 38 0.00216532
400 0.103737 0.0948513 0.00888594 0 0.914342 27.1694 25.1021 2.06726 0 -28.0671 -28.1698 8 733.882 75.0331 51 0.00185983
500 0.115716 0.106697 0.00901894 0 0.92206 38.7172 35.7719 2.94534 0 -28.4465 -29.3391 8 829.882 79.7899 63 0.00169361
600 0.0931834 0.0864818 0.00670165 0 0.928081 48.0934 44.42 3.67331 0 -28.7567 -30.0378 8 933.882 84.642 76 0.00113792
700 0.140197 0.132998 0.00719872 0 0.948653 62.2458 57.7199 4.52596 0 -28.604 -28.085 8 1029.88 88.8861 88 0.00151134
800 0.118624 0.112209 0.00641412 0 0.945929 74.2089 68.9408 5.26811 0 -28.6599 -28.9506 8 1133.88 93.2661 101 0.00111098
900 0.121598 0.113655 0.00794339 0 0.934675 86.2853 80.3063 5.97903 0 -28.62 -28.375 8 1229.88 97.1341 113 0.00100579
1000 0.122839 0.115927 0.0069119 0 0.943732 98.608 91.8989 6.70907 0 -28.5649 -28.1793 8 1333.88 101.158 126 0.000920053
1100 0.150357 0.142285 0.00807155 0 0.946317 113.689 106.127 7.56104 0 -28.6257 -29.0233 8 1429.88 104.735 138 0.00103105
1200 0.143899 0.13517 0.00872957 0 0.939336 128.026 119.644 8.38177 0 -28.538 -27.8425 8 1533.88 108.477 151 0.000895165
1300 0.14335 0.134961 0.00838935 0 0.941476 142.373 133.141 9.23269 0 -28.5435 -28.5925 8 1629.88 111.82 163 0.000827979
1400 0.132103 0.125152 0.00695108 0 0.947381 155.675 145.656 10.0195 0 -28.62 -29.4386 8 1733.88 115.332 176 0.000711089
1500 0.149709 0.140415 0.00929454 0 0.937916 170.459 159.697 10.7623 0 -28.6554 -29.028 8 1829.88 118.482 188 0.000746887
1600 0.146185 0.13926 0.00692545 0 0.952625 185.18 173.623 11.5566 0 -28.7757 -30.1692 8 1933.88 121.802 201 0.000692834
1700 0.130568 0.12342 0.00714821 0 0.945253 198.214 185.965 12.2492 0 -28.8154 -29.3788 8 2029.88 124.789 213 0.000579435
1800 0.155565 0.148731 0.00683399 0 0.95607 213.855 200.838 13.0164 0 -28.7547 -27.9859 8 2133.88 127.946 226 0.0006581
1900 0.149431 0.142497 0.00693319 0 0.953603 228.793 215.088 13.7053 0 -28.8448 -30.1344 8 2229.88 130.792 238 0.000598728
2000 0.13312 0.127452 0.00566859 0 0.957418 242.233 227.833 14.3998 0 -28.9387 -30.5377 8 2333.88 133.807 251 0.000507776
2100 0.144414 0.13824 0.00617339 0 0.957252 256.711 241.657 15.054 0 -29.0243 -30.4564 8 2429.88 136.531 263 0.000525629
2200 0.136709 0.131209 0.00550045 0 0.959765 270.46 254.778 15.6817 0 -29.0804 -30.1281 8 2533.88 139.423 276 0.000475394
2300 0.152161 0.144949 0.00721173 0 0.952605 285.598 269.273 16.3247 0 -29.0781 -29.0368 8 2629.88 142.039 288 0.000503295
2400 0.187862 0.178589 0.009273 0 0.950639 304.347 287.132 17.2157 0 -29.042 -28.4924 8 2733.88 144.82 301 0.000593318
2500 0.174156 0.164104 0.0100522 0 0.942281 321.636 303.542 18.0935 0 -29.0083 -28.4143 8 2829.88 147.341 313 0.000524293
2600 0.179623 0.171141 0.00848215 0 0.952778 339.743 320.656 19.0867 0 -29.015 -29.1336 8 2933.88 150.024 326 0.000524972
2700 0.163735 0.155347 0.00838801 0 0.948771 356.148 336.191 19.9573 0 -29.0112 -28.9321 8 3029.88 152.459 338 0.000459605
2800 0.142267 0.136618 0.00564888 0 0.960294 370.542 349.853 20.6897 0 -29.0341 -29.6009 8 3133.88 155.053 351 0.000389224
2900 0.166547 0.158622 0.00792582 0 0.952411 387.185 365.715 21.4698 0 -29.0595 -29.6253 8 3229.88 157.41 363 0.000436974
3000 0.1609 0.152439 0.00846042 0 0.947418 403.286 380.959 22.3276 0 -29.0688 -29.2929 8 3333.88 159.925 376 0.000405424
3100 0.17439 0.166343 0.00804704 0 0.953856 420.814 397.593 23.2211 0 -29.0604 -28.8669 8 3429.88 162.211 388 0.000428719
3200 0.148354 0.141372 0.00698162 0 0.952939 435.688 411.73 23.9581 0 -29.0644 -29.1767 8 3533.88 164.652 401 0.00035255
3300 0.172698 0.165483 0.00721466 0 0.958224 453.014 428.279 24.7351 0 -29.0947 -29.8565 8 3629.88 166.873 413 0.000400686
3400 0.158442 0.151404 0.00703803 0 0.95558 468.851 443.419 25.4321 0 -29.1201 -29.847 8 3733.88 169.247 426 0.000355409
3500 0.150133 0.144135 0.00599864 0 0.960045 483.849 457.832 26.017 0 -29.1397 -29.7524 8 3829.88 171.409 438 0.000329075
3600 0.153062 0.147542 0.0055198 0 0.963938 499.183 472.587 26.5963 0 -29.1659 -29.993 8 3933.88 173.72 451 0.000327145
3700 0.155087 0.1488 0.00628661 0 0.959464 514.743 487.467 27.2759 0 -29.1817 -29.689 8 4029.88 175.827 463 0.000321383
3800 0.140063 0.135441 0.00462206 0 0.967 528.854 501.011 27.8436 0 -29.2197 -30.6067 8 4133.88 178.082 476 0.00028454
3900 0.127264 0.121764 0.00549957 0 0.956786 541.474 513.187 28.2866 0 -29.2505 -30.5428 8 4229.88 180.138 488 0.000249517
4000 0.140399 0.134164 0.00623479 0 0.955592 555.425 526.604 28.8218 0 -29.266 -29.8668 8 4333.88 182.339 501 0.000267792
4100 0.167642 0.157847 0.00979539 0 0.94157 571.964 542.388 29.5759 0 -29.2598 -29.0498 8 4429.88 184.347 513 0.000307694
4200 0.192775 0.183145 0.00963037 0 0.950043 591.227 560.703 30.5243 0 -29.2634 -29.3701 8 4533.88 186.498 526 0.000348184
4300 0.170538 0.162787 0.00775157 0 0.954546 608.363 576.981 31.3821 0 -29.2803 -29.8629 8 4629.88 188.463 538 0.000302578
4400 0.143702 0.138086 0.00561564 0 0.960921 622.848 590.79 32.058 0 -29.3139 -30.7258 8 4733.88 190.567 551 0.00025061
4500 0.144277 0.139256 0.0050209 0 0.9652 637.365 604.716 32.6496 0 -29.3578 -31.2444 8 4829.88 192.49 563 0.000247346
4600 0.147864 0.142835 0.00502896 0 0.965989 652.215 618.999 33.216 0 -29.4029 -31.3356 8 4933.88 194.551 576 0.000247978
4700 0.127623 0.123645 0.00397801 0 0.96883 665.024 631.364 33.6603 0 -29.4476 -31.725 8 5029.88 196.435 588 0.000210281
4800 0.147267 0.140891 0.00637527 0 0.956709 679.694 645.453 34.2415 0 -29.4829 -31.0826 8 5133.88 198.455 601 0.000234428
4900 0.169052 0.161299 0.00775313 0 0.954138 696.607 661.583 35.0244 0 -29.5332 -31.5556 8 5229.88 200.302 613 0.000263131
5000 0.158162 0.150825 0.00733703 0 0.953611 712.432 676.665 35.7672 0 -29.5627 -30.862 8 5333.88 202.284 626 0.000240935
5100 0.161969 0.154863 0.00710522 0 0.956132 728.617 692.152 36.4656 0 -29.5988 -31.1848 8 5429.88 204.096 638 0.000242733
5200 0.200616 0.191924 0.00869195 0 0.956674 748.75 711.344 37.4064 0 -29.605 -29.8322 8 5533.88 206.042 651 0.000294814
5300 0.183875 0.175997 0.00787778 0 0.957157 767.192 728.944 38.2484 0 -29.6209 -30.2654 8 5629.88 207.821 663 0.000265455
5400 0.169027 0.163314 0.0057126 0 0.966203 784.28 745.275 39.005 0 -29.6565 -31.2529 8 5733.88 209.732 676 0.000241589
5500 0.179283 0.172271 0.00701145 0 0.960892 802.156 762.502 39.6536 0 -29.688 -31.0716 8 5829.88 211.48 688 0.000250394
5600 0.19514 0.186559 0.00858042 0 0.956029 821.617 781.158 40.459 0 -29.7095 -30.5972 8 5933.88 213.358 701 0.000266133
5700 0.220583 0.209101 0.0114824 0 0.947945 843.525 802.068 41.4569 0 -29.7164 -29.9742 8 6029.88 215.077 713 0.000293269
5800 0.208215 0.199562 0.00865298 0 0.958442 864.571 822.024 42.5462 0 -29.7219 -29.9437 8 6133.88 216.924 726 0.000274878
5900 0.208893 0.197153 0.0117397 0 0.9438 885.248 841.74 43.5081 0 -29.734 -30.2393 8 6229.88 218.615 738 0.000267145
6000 0.235987 0.226393 0.00959367 0 0.959347 909.063 864.379 44.684 0 -29.7526 -30.4434 8 6333.88 220.432 751 0.000301456
6100 0.208573 0.199445 0.00912757 0 0.956238 930.007 884.323 45.6835 0 -29.7607 -30.1136 8 6429.88 222.096 763 0.000261396
6200 0.218795 0.208281 0.0105136 0 0.951947 951.924 905.152 46.772 0 -29.7664 -30.0051 8 6533.88 223.885 776 0.000268403
6300 0.204083 0.192986 0.0110977 0 0.945622 972.238 924.45 47.7879 0 -29.7778 -30.3135 8 6629.88 225.524 788 0.000244906
6400 0.207397 0.198582 0.00881467 0 0.957498 993.078 944.308 48.7697 0 -29.7991 -30.792 8 6733.88 227.286 801 0.000247918
6500 0.192604 0.183905 0.00869922 0 0.954834 1012.41 962.699 49.7092 0 -29.8159 -30.6798 8 6829.88 228.9 813 0.000226205
6600 0.196403 0.188191 0.00821206 0 0.958188 1032.14 981.518 50.6253 0 -29.8292 -30.5122 8 6933.88 230.637 826 0.000227834
6700 0.237138 0.225985 0.0111529 0 0.952969 1055.78 1004.12 51.6644 0 -29.8484 -30.6862 8 7029.88 232.228 838 0.000269672
6800 0.248331 0.236588 0.0117431 0 0.952712 1080.59 1027.78 52.8197 0 -29.8384 -29.4144 8 7133.88 233.939 851 0.000278011
6900 0.227944 0.218579 0.00936585 0 0.958912 1103.52 1049.63 53.8822 0 -29.8504 -30.4156 8 7229.88 235.508 863 0.000253278
7000 0.216658 0.207025 0.00963288 0 0.955539 1125.1 1070.34 54.7623 0 -29.8639 -30.5528 8 7333.88 237.196 876 0.00023633
7100 0.243397 0.23331 0.0100863 0 0.95856 1149.38 1093.67 55.7126 0 -29.8647 -29.9023 8 7429.88 238.743 888 0.000262737
7200 0.226815 0.21626 0.0105555 0 0.953462 1171.94 1115.29 56.6456 0 -29.8641 -29.8322 8 7533.88 240.408 901 0.000240022
7300 0.239437 0.228939 0.010498 0 0.956155 1195.85 1138.19 57.6676 0 -29.8747 -30.3959 8 7629.88 241.935 913 0.000250754
7400 0.20923 0.201102 0.00812801 0 0.961153 1216.89 1158.3 58.5935 0 -29.8871 -30.5921 8 7733.88 243.578 926 0.000217173
7500 0.201181 0.19336 0.00782057 0 0.961127 1237.07 1177.63 59.4324 0 -29.893 -30.2496 8 7829.88 245.086 938 0.000206141
7600 0.177437 0.171219 0.00621776 0 0.964958 1254.86 1194.75 60.108 0 -29.9099 -31.0793 8 7933.88 246.708 951 0.000180041
7700 0.18099 0.174826 0.00616366 0 0.965945 1272.97 1212.24 60.7295 0 -29.9288 -31.2437 8 8029.88 248.196 963 0.000181543
7800 0.195572 0.188091 0.0074806 0 0.96175 1292.58 1231.05 61.531 0 -29.9431 -30.8666 8 8133.88 249.798 976 0.000192717
7900 0.257219 0.247167 0.010052 0 0.960921 1318.33 1255.76 62.5628 0 -29.9266 -29.1011 8 8229.88 251.268 988 0.000250169
8000 0.209673 0.202083 0.00759056 0 0.963798 1339.37 1275.97 63.3999 0 -29.9303 -30.1601 8 8333.88 252.85 1001 0.000201881
8100 0.202932 0.194974 0.00795832 0 0.960783 1359.69 1295.47 64.2206 0 -29.9361 -30.3186 8 8429.88 254.303 1013 0.000192472
8200 0.213564 0.204676 0.0088879 0 0.958383 1381.07 1315.94 65.1322 0 -29.9522 -30.9771 8 8533.88 255.866 1026 0.00019949
8300 0.234549 0.222234 0.0123147 0 0.947496 1404.31 1338.16 66.1548 0 -29.9603 -30.4403 8 8629.88 257.302 1038 0.000214099
8400 0.237077 0.227949 0.00912825 0 0.961497 1428.22 1360.95 67.2662 0 -29.9737 -30.7637 8 8733.88 258.847 1051 0.000216888
8500 0.216178 0.206398 0.00978003 0 0.954759 1449.81 1381.59 68.2165 0 -29.9875 -30.8982 8 8829.88 260.266 1063 0.000194166
8600 0.218996 0.210884 0.00811201 0 0.962958 1471.79 1402.68 69.1064 0 -29.9975 -30.6612 8 8933.88 261.794 1076 0.000195989
8700 0.237206 0.227449 0.00975718 0 0.958866 1495.55 1425.43 70.1184 0 -30.0068 -30.5795 8 9029.88 263.197 1088 0.000209052
8800 0.19443 0.188192 0.00623785 0 0.967917 1515.13 1444.25 70.8879 0 -30.026 -31.493 8 9133.88 264.708 1101 0.000170928
8900 0.232569 0.222696 0.00987247 0 0.95755 1538.13 1466.52 71.6119 0 -30.0381 -30.8373 8 9229.88 266.096 1113 0.000200087
9000 0.229975 0.223827 0.00614829 0 0.973265 1561.29 1488.9 72.3881 0 -30.0573 -31.3319 8 9333.88 267.591 1126 0.000198781
9100 0.226304 0.218102 0.00820202 0 0.963757 1583.82 1510.71 73.1101 0 -30.0711 -31.028 8 9429.88 268.963 1138 0.000191654
9200 0.229368 0.222743 0.00662483 0 0.971117 1606.96 1532.98 73.9796 0 -30.0911 -31.4585 8 9533.88 270.443 1151 0.000193521
9300 0.216304 0.209394 0.00690977 0 0.968055 1628.68 1553.92 74.7569 0 -30.1159 -31.9479 8 9629.88 271.801 1163 0.000180047
9400 0.204283 0.197896 0.00638696 0 0.968735 1649.12 1573.71 75.4071 0 -30.1326 -31.4683 8 9733.88 273.264 1176 0.000168279
9500 0.197866 0.191428 0.00643872 0 0.967459 1668.92 1592.86 76.0602 0 -30.151 -31.6817 8 9829.88 274.609 1188 0.000161134
9600 0.193272 0.187189 0.00608275 0 0.968528 1688.2 1611.57 76.6296 0 -30.1711 -31.9088 8 9933.88 276.058 1201 0.000155861
9700 0.210434 0.204347 0.00608619 0 0.971078 1709.25 1632.01 77.2419 0 -30.1869 -31.453 8 10029.9 277.388 1213 0.000168465
9800 0.208481 0.202031 0.00645051 0 0.96906 1730.07 1652.21 77.8619 0 -30.2102 -32.1205 8 10133.9 278.823 1226 0.000164788
9900 0.189806 0.182937 0.00686878 0 0.963812 1749.04 1670.51 78.5345 0 -30.2302 -32.0598 8 10229.9 280.14 1238 0.000147768
10000 0.186187 0.180133 0.00605412 0 0.967484 1767.7 1688.52 79.179 0 -30.2498 -32.0842 8 10333.9 281.561 1251 0.000143991
10100 0.189599 0.183877 0.00572194 0 0.969821 1786.68 1706.91 79.7755 0 -30.2602 -31.2269 8 10429.9 282.865 1263 0.000145587
10200 0.178743 0.1737 0.005043 0 0.971786 1804.62 1724.28 80.3479 0 -30.2722 -31.475 8 10533.9 284.272 1276 0.000136129
10300 0.17391 0.168448 0.00546211 0 0.968592 1822.01 1741.12 80.887 0 -30.2867 -31.7875 8 10629.9 285.565 1288 0.000130782
10400 0.171387 0.166097 0.00529063 0 0.969131 1839.17 1757.73 81.4396 0 -30.2993 -31.6421 8 10733.9 286.958 1301 0.000127669
10500 0.205783 0.195207 0.0105759 0 0.948607 1859.38 1777.25 82.1258 0 -30.2978 -30.1586 8 10829.9 288.238 1313 0.000148672
10600 0.229925 0.221896 0.00802964 0 0.965077 1882.5 1799.44 83.0591 0 -30.2978 -30.2995 8 10933.9 289.619 1326 0.000167342
10700 0.199393 0.191237 0.00815586 0 0.959096 1902.4 1818.57 83.8339 0 -30.3041 -30.8967 8 11029.9 290.888 1338 0.000142927
10800 0.225705 0.218286 0.00741899 0 0.96713 1925.1 1840.39 84.7015 0 -30.3076 -30.597 8 11133.9 292.256 1351 0.000161573
10900 0.211092 0.20449 0.00660194 0 0.968725 1946.27 1860.84 85.4266 0 -30.3148 -30.9716 8 11229.9 293.513 1363 0.00015003
11000 0.197152 0.189542 0.00760924 0 0.961404 1965.88 1879.8 86.0862 0 -30.3232 -31.1554 8 11333.9 294.869 1376 0.000137749
11100 0.197255 0.191187 0.00606782 0 0.969239 1985.73 1898.92 86.8175 0 -30.3324 -31.2467 8 11429.9 296.115 1388 0.000137743
11200 0.195356 0.189938 0.00541816 0 0.972265 2005.37 1917.91 87.4555 0 -30.3437 -31.4881 8 11533.9 297.459 1401 0.000135573
11300 0.201105 0.193526 0.007579 0 0.962313 2025.34 1937.26 88.0748 0 -30.3524 -31.2203 8 11629.9 298.695 1413 0.000136961
11400 0.202279 0.195872 0.00640727 0 0.968325 2045.6 1956.85 88.752 0 -30.3637 -31.4945 8 11733.9 300.027 1426 0.000137358
11500 0.19307 0.186842 0.00622841 0 0.96774 2064.96 1975.53 89.4311 0 -30.3764 -31.7161 8 11829.9 301.252 1438 0.000129932
11600 0.219586 0.212251 0.00733467 0 0.966598 2086.96 1996.76 90.1998 0 -30.3898 -31.6524 8 11933.9 302.574 1451 0.000146279
11700 0.204151 0.197414 0.00673753 0 0.966997 2107.44 2016.5 90.9364 0 -30.4001 -31.4475 8 12029.9 303.788 1463 0.000134938
11800 0.222192 0.213705 0.00848779 0 0.9618 2129.56 2037.87 91.6877 0 -30.4011 -30.4939 8 12133.9 305.098 1476 0.000144786
11900 0.238395 0.229464 0.00893076 0 0.962538 2153.39 2060.82 92.5777 0 -30.4023 -30.5168 8 12229.9 306.303 1488 0.00015421
12000 0.249953 0.240144 0.009809 0 0.960757 2178.42 2084.83 93.5876 0 -30.4132 -31.3448 8 12333.9 307.603 1501 0.000159989
12100 0.227352 0.218059 0.00929389 0 0.959121 2201.19 2106.64 94.55 0 -30.4248 -31.5432 8 12429.9 308.797 1513 0.000144123
12200 0.229668 0.221742 0.00792589 0 0.96549 2224.26 2128.81 95.4456 0 -30.4383 -31.7226 8 12533.9 310.087 1526 0.000145309
12300 0.235005 0.227031 0.00797401 0 0.966069 2247.81 2151.51 96.2985 0 -30.4538 -31.9205 8 12629.9 311.272 1538 0.000147614
12400 0.20961 0.203306 0.00630472 0 0.969922 2268.87 2171.85 97.0298 0 -30.4728 -32.5005 8 12733.9 312.551 1551 0.00013108
12500 0.241079 0.231167 0.00991208 0 0.958885 2292.86 2194.96 97.9027 0 -30.4846 -31.5937 8 12829.9 313.727 1563 0.0001479
12600 0.269712 0.258449 0.0112634 0 0.958239 2319.86 2220.81 99.0566 0 -30.4839 -30.4241 8 12933.9 314.996 1576 0.00016399
12700 0.23463 0.225715 0.0089145 0 0.962006 2343.5 2243.38 100.121 0 -30.4953 -31.6142 8 13029.9 316.162 1588 0.000142138
12800 0.250166 0.241591 0.00857566 0 0.96572 2368.62 2267.54 101.087 0 -30.5 -30.943 8 13133.9 317.422 1601 0.0001509
12900 0.243382 0.235484 0.00789896 0 0.967545 2393.06 2291.09 101.97 0 -30.5099 -31.4681 8 13229.9 318.58 1613 0.000145991
13000 0.23395 0.224988 0.00896279 0 0.961689 2416.44 2313.58 102.857 0 -30.5211 -31.67 8 13333.9 319.829 1626 0.000138369
13100 0.247395 0.239007 0.00838884 0 0.966091 2441.26 2337.49 103.777 0 -30.5296 -31.3527 8 13429.9 320.979 1638 0.000145914
13200 0.221014 0.214733 0.0062813 0 0.97158 2463.5 2358.96 104.542 0 -30.5416 -31.8657 8 13533.9 322.219 1651 0.000130062
13300 0.219774 0.212194 0.00758065 0 0.965507 2485.43 2380.18 105.257 0 -30.5546 -32.0059 8 13629.9 323.36 1663 0.000127597
13400 0.198739 0.192999 0.00574081 0 0.971114 2505.39 2399.48 105.912 0 -30.5697 -32.4574 8 13733.9 324.591 1676 0.000115154
13500 0.200297 0.195252 0.00504459 0 0.974814 2525.47 2419 106.468 0 -30.5854 -32.5396 8 13829.9 325.724 1688 0.000115671
13600 0.245155 0.237035 0.00811946 0 0.96688 2549.86 2442.71 107.15 0 -30.5942 -31.5042 8 13933.9 326.946 1701 0.000139351
13700 0.229999 0.223976 0.00602304 0 0.973813 2572.96 2465.1 107.854 0 -30.6084 -32.1753 8 14029.9 328.07 1713 0.00013075
13800 0.232104 0.224906 0.00719769 0 0.968989 2596.21 2487.59 108.611 0 -30.6213 -32.0482 8 14133.9 329.284 1726 0.000130305
13900 0.219241 0.212563 0.00667828 0 0.969539 2618.2 2508.85 109.346 0 -30.6371 -32.5119 8 14229.9 330.401 1738 0.000122303
14000 0.238886 0.230239 0.00864715 0 0.963802 2641.94 2531.87 110.063 0 -30.6493 -31.99 8 14333.9 331.606 1751 0.00013149
14100 0.238695 0.229706 0.00898949 0 0.962339 2665.82 2554.85 110.978 0 -30.6586 -31.6926 8 14429.9 332.714 1763 0.000130293
14200 0.224778 0.216931 0.00784689 0 0.965091 2688.38 2576.54 111.84 0 -30.6705 -32.0768 8 14533.9 333.911 1776 0.000122146
14300 0.234542 0.226105 0.00843704 0 0.964028 2711.8 2599.15 112.654 0 -30.678 -31.5359 8 14629.9 335.012 1788 0.000126457
14400 0.213048 0.205968 0.00708022 0 0.966767 2733.14 2619.75 113.395 0 -30.6904 -32.2605 8 14733.9 336.201 1801 0.000114363
14500 0.207749 0.200064 0.00768524 0 0.963007 2753.81 2639.75 114.06 0 -30.7001 -31.9806 8 14829.9 337.294 1813 0.00011035
14600 0.214186 0.207014 0.00717216 0 0.966514 2775.3 2660.45 114.843 0 -30.7094 -31.9131 8 14933.9 338.475 1826 0.00011337
14700 0.227523 0.218309 0.0092141 0 0.959503 2797.92 2682.28 115.633 0 -30.7191 -31.908 8 15029.9 339.561 1838 0.000118775
14800 0.223986 0.217831 0.00615425 0 0.972524 2820.52 2704.07 116.449 0 -30.7276 -31.7694 8 15133.9 340.734 1851 0.000117683
14900 0.209254 0.20244 0.00681495 0 0.967432 2841.42 2724.31 117.105 0 -30.7369 -31.999 8 15229.9 341.813 1863 0.000108663
15000 0.190033 0.185605 0.00442773 0 0.9767 2860.46 2742.87 117.584 0 -30.7511 -32.8684 8 15333.9 342.978 1876 9.89365e-05
15100 0.194989 0.189209 0.00577994 0 0.970358 2879.81 2761.79 118.014 0 -30.7641 -32.6888 8 15429.9 344.05 1888 0.000100217
15200 0.207358 0.200867 0.00649107 0 0.968696 2900.48 2781.88 118.603 0 -30.7777 -32.6723 8 15533.9 345.207 1901 0.000105664
15300 0.203398 0.196719 0.00667959 0 0.96716 2920.75 2801.55 119.197 0 -30.789 -32.4001 8 15629.9 346.272 1913 0.000102832
15400 0.216875 0.210603 0.006272 0 0.97108 2942.46 2822.61 119.852 0 -30.7993 -32.1835 8 15733.9 347.423 1926 0.000109347
15500 0.23088 0.222711 0.00816851 0 0.96462 2965.45 2844.88 120.564 0 -30.8035 -31.3518 8 15829.9 348.481 1938 0.000114918
15600 0.229219 0.222062 0.00715661 0 0.968778 2988.43 2867.09 121.341 0 -30.8107 -31.7296 8 15933.9 349.624 1951 0.00011382
15700 0.220232 0.212018 0.0082139 0 0.962703 3010.37 2888.29 122.075 0 -30.8146 -31.3536 8 16029.9 350.675 1963 0.000108007
15800 0.220607 0.211409 0.0091981 0 0.958306 3032.37 2909.43 122.934 0 -30.8171 -31.1519 8 16133.9 351.811 1976 0.000106988
15900 0.193174 0.187087 0.00608652 0 0.968492 3051.81 2928.14 123.671 0 -30.8241 -31.9219 8 16229.9 352.856 1988 9.41082e-05
16000 0.186031 0.180657 0.00537395 0 0.971113 3070.45 2946.21 124.247 0 -30.8328 -32.2597 8 16333.9 353.985 2001 9.02834e-05
16100 0.189305 0.183085 0.00621945 0 0.967146 3089.34 2964.51 124.824 0 -30.8401 -32.0309 8 16429.9 355.024 2013 9.09514e-05
16200 0.188532 0.182516 0.00601597 0 0.96809 3108.13 2982.77 125.366 0 -30.8474 -32.0411 8 16533.9 356.146 2026 9.00869e-05
16300 0.211236 0.204154 0.00708214 0 0.966473 3129.18 3003.18 125.995 0 -30.8507 -31.3398 8 16629.9 357.178 2038 0.000100174
16400 0.209663 0.202742 0.00692098 0 0.96699 3150.2 3023.46 126.742 0 -30.8528 -31.159 8 16733.9 358.293 2051 9.88504e-05
16500 0.190985 0.184865 0.00611997 0 0.967956 3169.27 3041.94 127.33 0 -30.8587 -31.8325 8 16829.9 359.319 2063 8.961e-05
16600 0.215634 0.209658 0.00597557 0 0.972288 3190.88 3062.91 127.967 0 -30.8679 -32.2171 8 16933.9 360.428 2076 0.000100991
16700 0.214747 0.208254 0.00649262 0 0.969766 3212.34 3083.73 128.607 0 -30.8776 -32.3242 8 17029.9 361.448 2088 9.97386e-05
16800 0.207889 0.201547 0.00634231 0 0.969492 3233.17 3103.89 129.281 0 -30.8841 -31.8918 8 17133.9 362.55 2101 9.5929e-05
16900 0.200586 0.19324 0.00734559 0 0.963379 3253.14 3123.21 129.928 0 -30.8892 -31.7071 8 17229.9 363.564 2113 9.14529e-05
17000 0.193388 0.188147 0.0052408 0 0.9729 3272.59 3142.03 130.564 0 -30.8977 -32.3154 8 17333.9 364.66 2126 8.84981e-05
17100 0.198684 0.192182 0.00650158 0 0.967277 3292.4 3161.25 131.151 0 -30.907 -32.4509 8 17429.9 365.668 2138 8.98887e-05
17200 0.201504 0.195835 0.00566858 0 0.971869 3312.59 3180.83 131.766 0 -30.9134 -31.9599 8 17533.9 366.758 2151 9.10437e-05
17300 0.198472 0.192317 0.00615517 0 0.968987 3332.4 3200.06 132.339 0 -30.9208 -32.1566 8 17629.9 367.76 2163 8.8912e-05
17400 0.194343 0.188478 0.00586465 0 0.969823 3351.87 3218.91 132.962 0 -30.9312 -32.7166 8 17733.9 368.843 2176 8.66168e-05
17500 0.202884 0.195107 0.0077766 0 0.96167 3372.02 3238.42 133.6 0 -30.9344 -31.4664 8 17829.9 369.84 2188 8.91714e-05
17600 0.223023 0.215665 0.00735785 0 0.967009 3394.4 3259.99 134.412 0 -30.9345 -30.9432 8 17933.9 370.917 2201 9.79852e-05
17700 0.210381 0.202038 0.00834261 0 0.960345 3415.34 3280.19 135.151 0 -30.9367 -31.2956 8 18029.9 371.909 2213 9.12961e-05
17800 0.197117 0.190516 0.0066004 0 0.966515 3435.09 3299.24 135.85 0 -30.9417 -31.7997 8 18133.9 372.98 2226 8.55868e-05
17900 0.179711 0.174088 0.00562278 0 0.968712 3453.07 3316.65 136.418 0 -30.9487 -32.2869 8 18229.9 373.966 2238 7.77874e-05
18000 0.209089 0.203307 0.00578234 0 0.972345 3474.08 3336.98 137.098 0 -30.9514 -31.3914 8 18333.9 375.031 2251 9.03185e-05
18100 0.211282 0.201342 0.00993946 0 0.952956 3494.88 3357.11 137.77 0 -30.9535 -31.3189 8 18429.9 376.012 2263 8.89713e-05
18200 0.207144 0.20171 0.0054341 0 0.973767 3515.74 3377.29 138.45 0 -30.9638 -32.6855 8 18533.9 377.071 2276 8.86246e-05
18300 0.191795 0.186192 0.00560373 0 0.970783 3534.96 3395.9 139.054 0 -30.9739 -32.8223 8 18629.9 378.046 2288 8.13775e-05
18400 0.185594 0.180664 0.00493031 0 0.973435 3553.59 3413.97 139.623 0 -30.9827 -32.6536 8 18733.9 379.1 2301 7.85155e-05
18500 0.197029 0.192014 0.00501473 0 0.974548 3573.4 3433.17 140.23 0 -30.9889 -32.099 8 18829.9 380.07 2313 8.30153e-05
18600 0.177667 0.172844 0.0048231 0 0.972853 3591.2 3450.46 140.74 0 -30.9975 -32.7217 8 18933.9 381.118 2326 7.43094e-05
18700 0.195701 0.189014 0.006687 0 0.965831 3610.7 3469.36 141.346 0 -31.0004 -31.5377 8 19029.9 382.083 2338 8.08443e-05
18800 0.187765 0.179932 0.00783277 0 0.958284 3629.28 3487.35 141.928 0 -31.0054 -31.9687 8 19133.9 383.126 2351 7.65344e-05
18900 0.196669 0.190379 0.00629056 0 0.968015 3649.04 3506.39 142.647 0 -31.0122 -32.2557 8 19229.9 384.086 2363 8.05665e-05
19000 0.189057 0.183141 0.00591606 0 0.968708 3667.98 3524.7 143.281 0 -31.0197 -32.4817 8 19333.9 385.123 2376 7.70797e-05
19100 0.194077 0.187724 0.00635315 0 0.967265 3687.43 3543.48 143.949 0 -31.0274 -32.4629 8 19429.9 386.078 2388 7.86114e-05
19200 0.180784 0.173791 0.00699298 0 0.961319 3705.42 3560.86 144.567 0 -31.0358 -32.7644 8 19533.9 387.11 2401 7.23828e-05
19300 0.19764 0.190795 0.00684416 0 0.965371 3725.22 3579.93 145.284 0 -31.0475 -33.235 8 19629.9 388.06 2413 7.90698e-05
19400 0.183666 0.177549 0.00611725 0 0.966694 3743.58 3597.69 145.894 0 -31.0564 -32.8578 8 19733.9 389.087 2426 7.31859e-05
19500 0.172909 0.167638 0.005271 0 0.969516 3760.84 3614.45 146.384 0 -31.0652 -32.9737 8 19829.9 390.032 2438 6.87604e-05
19600 0.179778 0.175061 0.00471625 0 0.973766 3778.94 3631.96 146.982 0 -31.0718 -32.4502 8 19933.9 391.053 2451 7.14245e-05
19700 0.180172 0.174754 0.00541841 0 0.969927 3796.96 3649.43 147.529 0 -31.0796 -32.7091 8 20029.9 391.994 2463 7.09516e-05
19800 0.219197 0.212703 0.00649426 0 0.970373 3818.89 3670.71 148.185 0 -31.0843 -31.9076 8 20133.9 393.01 2476 8.59059e-05
19900 0.19852 0.192453 0.00606709 0 0.969438 3838.79 3689.95 148.843 0 -31.0916 -32.4963 8 20229.9 393.946 2488 7.73524e-05
20000 0.211409 0.203782 0.0076265 0 0.963925 3859.88 3710.33 149.548 0 -31.0909 -30.9564 8 20333.9 394.957 2501 8.14803e-05
