100 0.0822057 0.0744406 0.00776505 0 0.905541 7.87106 7.44406 0.426995 0 -25.5853 -25.5853 4 429.882 57.4268 26 0.0028631
200 0.0942497 0.0865689 0.00768075 0 0.918506 17.2662 16.101 1.16521 0 -26.2751 -26.853 4 529.882 63.7572 51 0.00169743
300 0.135748 0.125724 0.0100234 0 0.926162 30.7709 28.6734 2.09757 0 -26.3889 -26.5344 4 629.882 69.5136 76 0.00165427
400 0.187619 0.175445 0.0121737 0 0.935115 49.539 46.2179 3.32113 0 -26.6068 -26.9639 4 729.882 74.8284 101 0.00173708
500 0.158218 0.146062 0.0121557 0 0.923171 65.3195 60.8241 4.49543 0 -26.7716 -27.2893 4 829.882 79.7899 126 0.00115922
600 0.179064 0.167351 0.0117124 0 0.934591 83.2884 77.5592 5.72922 0 -26.9951 -27.8073 4 929.882 84.4605 151 0.00110829
700 0.170074 0.159894 0.0101805 0 0.940141 100.492 93.5486 6.9439 0 -27.1628 -27.975 4 1029.88 88.8861 176 0.000908486
800 0.154346 0.145129 0.00921697 0 0.940284 115.978 108.061 7.9164 0 -27.351 -28.5718 4 1129.88 93.1015 201 0.000722035
900 0.189625 0.178817 0.0108073 0 0.943007 135.002 125.943 9.05847 0 -27.3592 -27.4091 4 1229.88 97.1341 226 0.000791228
1000 0.192674 0.180638 0.0120364 0 0.93753 154.244 144.007 10.2373 0 -27.4464 -28.0587 4 1329.88 101.006 251 0.000719673
1100 0.207439 0.19635 0.0110893 0 0.946542 175.143 163.642 11.5008 0 -27.5506 -28.3191 4 1429.88 104.735 276 0.000711411
1200 0.225786 0.21073 0.015056 0 0.933317 197.551 184.715 12.836 0 -27.5635 -27.6648 4 1529.88 108.335 301 0.000700101
1300 0.249564 0.234076 0.0154883 0 0.937939 222.496 208.123 14.3736 0 -27.6152 -28.0241 4 1629.88 111.82 326 0.000718025
1400 0.284182 0.267021 0.0171611 0 0.939612 250.964 234.825 16.1389 0 -27.7171 -28.5137 4 1729.88 115.199 351 0.000760744
1500 0.25229 0.236896 0.0153948 0 0.93898 276.435 258.514 17.9206 0 -27.8126 -28.7534 4 1829.88 118.482 376 0.000630041
1600 0.217193 0.204032 0.0131608 0 0.939405 298.288 278.918 19.3707 0 -27.9047 -29.0702 4 1929.88 121.676 401 0.000508808
1700 0.208789 0.196256 0.0125326 0 0.939975 319.255 298.543 20.7122 0 -28.0037 -29.4126 4 2029.88 124.789 426 0.000460695
1800 0.227698 0.215492 0.0122054 0 0.946396 342.091 320.092 21.999 0 -28.1551 -30.2717 4 2129.88 127.826 451 0.00047781
1900 0.259936 0.245303 0.0146328 0 0.943706 368.03 344.623 23.407 0 -28.2759 -29.8693 4 2229.88 130.792 476 0.000515342
2000 0.258137 0.242151 0.0159864 0 0.93807 393.823 368.838 24.9854 0 -28.3393 -29.2425 4 2329.88 133.692 501 0.000483335
2100 0.275636 0.26054 0.0150951 0 0.945235 421.587 394.892 26.6951 0 -28.4018 -29.2896 4 2429.88 136.531 526 0.000495324
2200 0.270296 0.253909 0.0163867 0 0.939375 448.517 420.283 28.2349 0 -28.4808 -29.717 4 2529.88 139.313 551 0.000460815
2300 0.261579 0.248242 0.0133374 0 0.949012 474.796 445.107 29.6894 0 -28.5836 -30.3377 4 2629.88 142.039 576 0.000430976
2400 0.273289 0.259021 0.0142687 0 0.947789 502.041 471.009 31.0317 0 -28.6454 -29.7235 4 2729.88 144.714 601 0.000430983
2500 0.32159 0.305293 0.0162974 0 0.949323 534.185 501.538 32.6467 0 -28.6974 -29.5086 4 2829.88 147.341 626 0.000487689
2600 0.311806 0.295552 0.0162539 0 0.947872 565.295 531.093 34.2021 0 -28.7554 -29.7508 4 2929.88 149.922 651 0.000453997
2700 0.316443 0.301869 0.014574 0 0.953944 597.159 561.28 35.8789 0 -28.806 -29.7035 4 3029.88 152.459 676 0.000446552
2800 0.290702 0.275426 0.0152755 0 0.947453 626.078 588.823 37.2546 0 -28.8552 -29.8732 4 3129.88 154.954 701 0.000392905
2900 0.294402 0.282712 0.0116892 0 0.960295 655.787 617.094 38.6929 0 -28.9146 -30.1651 4 3229.88 157.41 726 0.000389411
3000 0.299258 0.285323 0.0139358 0 0.953432 685.671 645.626 40.0447 0 -28.9531 -29.7981 4 3329.88 159.829 751 0.000379923
3100 0.336993 0.322938 0.0140542 0 0.958295 719.62 677.92 41.6998 0 -29.0204 -30.3801 4 3429.88 162.211 776 0.000416158
3200 0.32593 0.306885 0.0190445 0 0.941569 751.864 708.609 43.2553 0 -29.0538 -29.7988 4 3529.88 164.558 801 0.000383127
3300 0.322959 0.30742 0.0155392 0 0.951885 784.128 739.351 44.7775 0 -29.1004 -30.1856 4 3629.88 166.873 826 0.000372179
3400 0.297083 0.284817 0.0122653 0 0.958714 813.994 767.833 46.1615 0 -29.1416 -30.2243 4 3729.88 169.156 851 0.000334685
3500 0.284197 0.271809 0.012388 0 0.956411 842.419 795.013 47.4051 0 -29.181 -30.3095 4 3829.88 171.409 876 0.000310285
3600 0.273162 0.26255 0.010612 0 0.961151 869.825 821.268 48.5568 0 -29.229 -30.7053 4 3929.88 173.632 901 0.000291398
3700 0.314608 0.301555 0.013053 0 0.95851 901.314 851.424 49.8898 0 -29.2654 -30.2697 4 4029.88 175.827 926 0.000325653
3800 0.382699 0.365361 0.0173384 0 0.954694 939.487 887.96 51.5275 0 -29.2662 -29.2851 4 4129.88 177.995 951 0.000384186
3900 0.334819 0.318909 0.0159105 0 0.95248 973.018 919.851 53.1671 0 -29.2731 -29.4654 4 4229.88 180.138 976 0.000326751
4000 0.346894 0.332083 0.0148114 0 0.957303 1007.83 953.059 54.7727 0 -29.2745 -29.3136 4 4329.88 182.254 1001 0.000331751
4100 0.3847 0.36571 0.0189894 0 0.950638 1046.24 989.63 56.6054 0 -29.2792 -29.4033 4 4429.88 184.347 1026 0.000356443
4200 0.356146 0.340606 0.0155406 0 0.956365 1082 1023.69 58.3074 0 -29.293 -29.6984 4 4529.88 186.416 1051 0.000324078
4300 0.314326 0.300787 0.013539 0 0.956927 1113.59 1053.77 59.8158 0 -29.314 -30.0306 4 4629.88 188.463 1076 0.000279542
4400 0.298814 0.285872 0.012942 0 0.956689 1143.47 1082.36 61.1164 0 -29.3427 -30.4123 4 4729.88 190.487 1101 0.000259647
4500 0.321802 0.306951 0.014851 0 0.95385 1175.63 1113.05 62.5747 0 -29.373 -30.451 4 4829.88 192.49 1126 0.000272603
4600 0.325683 0.311033 0.0146506 0 0.955016 1208.3 1144.15 64.1463 0 -29.3997 -30.3602 4 4929.88 194.473 1151 0.000270228
4700 0.342779 0.326336 0.0164431 0 0.95203 1242.55 1176.79 65.7606 0 -29.4184 -30.0796 4 5029.88 196.435 1176 0.000277497
4800 0.338944 0.324001 0.0149436 0 0.955911 1276.51 1209.19 67.3194 0 -29.4477 -30.5183 4 5129.88 198.378 1201 0.000269776
4900 0.330908 0.315114 0.0157942 0 0.95227 1309.54 1240.7 68.835 0 -29.4792 -30.6989 4 5229.88 200.302 1226 0.000257026
5000 0.358846 0.343417 0.0154291 0 0.957003 1345.48 1275.04 70.4403 0 -29.5049 -30.4411 4 5329.88 202.208 1251 0.000274514
5100 0.389385 0.372576 0.0168096 0 0.956831 1384.47 1312.3 72.1744 0 -29.5229 -30.1412 4 5429.88 204.096 1276 0.000291987
5200 0.397515 0.380695 0.0168195 0 0.957688 1424.41 1350.37 74.0389 0 -29.5323 -29.861 4 5529.88 205.967 1301 0.000292617
5300 0.368776 0.351944 0.0168318 0 0.954358 1461.33 1385.56 75.7624 0 -29.5499 -30.2261 4 5629.88 207.821 1326 0.000265418
5400 0.371299 0.352651 0.0186475 0 0.949778 1498.34 1420.83 77.5072 0 -29.5623 -30.054 4 5729.88 209.659 1351 0.00026103
5500 0.335437 0.32033 0.0151069 0 0.954964 1531.94 1452.86 79.0804 0 -29.5803 -30.3805 4 5829.88 211.48 1376 0.000232798
5600 0.321306 0.307359 0.0139464 0 0.956594 1564.09 1483.6 80.4962 0 -29.6043 -30.751 4 5929.88 213.286 1401 0.000219386
5700 0.325623 0.312491 0.013132 0 0.959671 1596.7 1514.85 81.8495 0 -29.6392 -31.3111 4 6029.88 215.077 1426 0.000219138
5800 0.387165 0.371337 0.015828 0 0.959118 1635.37 1551.98 83.3926 0 -29.6665 -30.7955 4 6129.88 216.853 1451 0.000255918
5900 0.37415 0.358105 0.0160448 0 0.957117 1672.7 1587.79 84.9092 0 -29.6928 -30.8435 4 6229.88 218.615 1476 0.000242619
6000 0.380178 0.365241 0.0149376 0 0.960709 1710.83 1624.31 86.5128 0 -29.7172 -30.7879 4 6329.88 220.363 1501 0.000243332
6100 0.373799 0.359851 0.013948 0 0.962686 1748.42 1660.3 88.1173 0 -29.742 -30.8732 4 6429.88 222.096 1526 0.000235813
6200 0.349209 0.33498 0.0142295 0 0.959252 1783.35 1693.8 89.5564 0 -29.7627 -30.7953 4 6529.88 223.817 1551 0.000215977
6300 0.31604 0.305358 0.0106816 0 0.966202 1815.05 1724.33 90.7126 0 -29.7881 -31.2187 4 6629.88 225.524 1576 0.000193755
6400 0.310997 0.299958 0.0110388 0 0.964505 1846.11 1754.33 91.7776 0 -29.8156 -31.4244 4 6729.88 227.219 1601 0.000187357
6500 0.33014 0.319131 0.011009 0 0.966653 1879.23 1786.24 92.9869 0 -29.8428 -31.356 4 6829.88 228.9 1626 0.000196267
6600 0.318267 0.306949 0.0113182 0 0.964438 1911.04 1816.94 94.101 0 -29.8706 -31.5135 4 6929.88 230.57 1651 0.000185917
6700 0.299124 0.289916 0.00920756 0 0.969218 1941.17 1845.93 95.2455 0 -29.8999 -31.7589 4 7029.88 232.228 1676 0.000172981
6800 0.310231 0.29813 0.0121011 0 0.960993 1972 1875.74 96.2546 0 -29.9241 -31.4461 4 7129.88 233.874 1701 0.000175268
6900 0.33564 0.323896 0.0117445 0 0.965009 2005.72 1908.13 97.5896 0 -29.9582 -31.9546 4 7229.88 235.508 1726 0.000187657
7000 0.306399 0.295747 0.0106525 0 0.965233 2036.52 1937.71 98.8103 0 -29.9875 -31.8926 4 7329.88 237.131 1751 0.000168901
7100 0.336657 0.322908 0.013749 0 0.95916 2070.05 1970 100.054 0 -30.0114 -31.4635 4 7429.88 238.743 1776 0.000181817
7200 0.326963 0.313117 0.0138458 0 0.957653 2102.72 2001.31 101.411 0 -30.0263 -30.9745 4 7529.88 240.344 1801 0.000173857
7300 0.350757 0.336212 0.0145452 0 0.958532 2137.84 2034.93 102.913 0 -30.04 -30.8551 4 7629.88 241.935 1826 0.000184125
7400 0.344189 0.331051 0.0131374 0 0.961831 2172.39 2068.03 104.353 0 -30.0527 -30.8401 4 7729.88 243.515 1851 0.00017885
7500 0.335057 0.319583 0.0154739 0 0.953817 2205.63 2099.99 105.634 0 -30.0582 -30.4199 4 7829.88 245.086 1876 0.000170353
7600 0.34657 0.333039 0.0135307 0 0.960958 2240.41 2133.3 107.114 0 -30.0735 -31.0454 4 7929.88 246.646 1901 0.000175192
7700 0.341259 0.328661 0.0125984 0 0.963083 2274.69 2166.16 108.523 0 -30.0821 -30.6424 4 8029.88 248.196 1926 0.000170644
7800 0.35636 0.34306 0.0132994 0 0.96268 2310.33 2200.47 109.857 0 -30.0882 -30.4782 4 8129.88 249.737 1951 0.000175838
7900 0.348591 0.336918 0.0116728 0 0.966514 2345.27 2234.16 111.111 0 -30.0996 -30.8507 4 8229.88 251.268 1976 0.000170505
8000 0.377168 0.363117 0.0140505 0 0.962747 2383 2270.47 112.532 0 -30.0966 -29.912 4 8329.88 252.79 2001 0.000181468
8100 0.357709 0.344085 0.0136248 0 0.961911 2418.81 2304.88 113.933 0 -30.1087 -30.9142 4 8429.88 254.303 2026 0.000169834
8200 0.359588 0.345735 0.0138531 0 0.961475 2454.7 2339.45 115.244 0 -30.1197 -30.857 4 8529.88 255.806 2051 0.000168569
8300 0.363052 0.349297 0.0137554 0 0.962112 2491.08 2374.38 116.696 0 -30.1264 -30.5818 4 8629.88 257.302 2076 0.000168255
8400 0.413866 0.397213 0.0166535 0 0.959761 2532.52 2414.11 118.417 0 -30.1278 -30.2094 4 8729.88 258.788 2101 0.000189059
8500 0.422303 0.405513 0.0167908 0 0.96024 2574.77 2454.66 120.112 0 -30.1305 -30.2939 4 8829.88 260.266 2126 0.00019074
8600 0.416676 0.402395 0.0142811 0 0.965726 2616.67 2494.9 121.777 0 -30.1464 -31.1247 4 8929.88 261.736 2151 0.000187074
8700 0.415244 0.398202 0.0170422 0 0.958959 2658.17 2534.72 123.454 0 -30.1482 -30.2599 4 9029.88 263.197 2176 0.000182997
8800 0.438735 0.419957 0.0187781 0 0.957199 2701.92 2576.71 125.209 0 -30.1475 -30.1044 4 9129.88 264.65 2201 0.000190803
8900 0.450414 0.432151 0.0182628 0 0.959453 2747.1 2619.93 127.168 0 -30.1484 -30.2031 4 9229.88 266.096 2226 0.000194138
9000 0.424419 0.408267 0.0161515 0 0.961944 2789.82 2660.75 129.061 0 -30.1511 -30.3255 4 9329.88 267.533 2251 0.000181372
9100 0.444178 0.426729 0.0174486 0 0.960717 2834.31 2703.43 130.881 0 -30.1466 -29.8621 4 9429.88 268.963 2276 0.000187491
9200 0.42113 0.403755 0.0173746 0 0.958743 2876.4 2743.8 132.6 0 -30.1446 -30.0139 4 9529.88 270.386 2301 0.000175469
9300 0.426277 0.408729 0.0175485 0 0.958833 2918.94 2784.68 134.269 0 -30.1408 -29.8787 4 9629.88 271.801 2326 0.000175722
9400 0.419273 0.406269 0.013004 0 0.968984 2961.21 2825.3 135.903 0 -30.1482 -30.6635 4 9729.88 273.208 2351 0.000172807
9500 0.374668 0.36357 0.0110976 0 0.97038 2998.85 2861.66 137.191 0 -30.159 -31.0069 4 9829.88 274.609 2376 0.000153018
9600 0.359653 0.348157 0.0114959 0 0.968036 3034.75 2896.48 138.271 0 -30.1747 -31.4836 4 9929.88 276.002 2401 0.000145005
9700 0.411889 0.399028 0.012861 0 0.968776 3075.99 2936.38 139.616 0 -30.1865 -31.0546 4 10029.9 277.388 2426 0.00016448
9800 0.370871 0.3594 0.0114711 0 0.96907 3113.21 2972.32 140.895 0 -30.2007 -31.3799 4 10129.9 278.768 2451 0.000146634
9900 0.364896 0.353433 0.0114635 0 0.968584 3149.67 3007.66 142.009 0 -30.2186 -31.7473 4 10229.9 280.14 2476 0.000142743
10000 0.400855 0.386012 0.0148429 0 0.962972 3189.6 3046.26 143.34 0 -30.2261 -30.8134 4 10329.9 281.506 2501 0.000154343
10100 0.40345 0.389626 0.0138247 0 0.965734 3230.17 3085.23 144.944 0 -30.2345 -30.9007 4 10429.9 282.865 2526 0.000154246
10200 0.406494 0.388595 0.0178986 0 0.955968 3270.6 3124.08 146.512 0 -30.2433 -30.9429 4 10529.9 284.218 2551 0.00015233
10300 0.408597 0.392482 0.0161151 0 0.96056 3311.43 3163.33 148.094 0 -30.2538 -31.0937 4 10629.9 285.565 2576 0.000152361
10400 0.416049 0.400471 0.0155786 0 0.962556 3353.02 3203.38 149.641 0 -30.261 -30.8332 4 10729.9 286.905 2601 0.000153968
10500 0.418868 0.402272 0.0165966 0 0.960377 3394.88 3243.61 151.271 0 -30.2673 -30.7703 4 10829.9 288.238 2626 0.000153188
10600 0.400149 0.384958 0.0151914 0 0.962036 3434.91 3282.1 152.804 0 -30.2751 -30.9389 4 10929.9 289.566 2651 0.000145212
10700 0.417223 0.397869 0.0193546 0 0.953611 3476.29 3321.89 154.396 0 -30.2841 -31.0349 4 11029.9 290.888 2676 0.00014868
10800 0.42294 0.405689 0.0172515 0 0.959211 3518.53 3362.46 156.071 0 -30.2923 -30.9639 4 11129.9 292.203 2701 0.000150199
10900 0.411296 0.397632 0.0136634 0 0.96678 3559.94 3402.22 157.714 0 -30.3021 -31.1319 4 11229.9 293.513 2726 0.000145867
11000 0.430057 0.40997 0.0200871 0 0.953292 3602.47 3443.22 159.25 0 -30.3083 -30.8284 4 11329.9 294.817 2751 0.000149026
11100 0.436569 0.421047 0.0155215 0 0.964447 3646.37 3485.32 161.045 0 -30.3204 -31.3126 4 11429.9 296.115 2776 0.000151674
11200 0.391311 0.376677 0.0146337 0 0.962604 3685.58 3522.99 162.591 0 -30.3309 -31.314 4 11529.9 297.408 2801 0.00013448
11300 0.358845 0.347253 0.0115917 0 0.967697 3721.64 3557.72 163.92 0 -30.3445 -31.7267 4 11629.9 298.695 2826 0.000122878
11400 0.375465 0.361263 0.0142018 0 0.962176 3759.06 3593.84 165.222 0 -30.3549 -31.3958 4 11729.9 299.976 2851 0.000126715
11500 0.402478 0.388264 0.014214 0 0.964684 3799.31 3632.67 166.637 0 -30.3606 -30.8871 4 11829.9 301.252 2876 0.000135001
11600 0.403385 0.388189 0.0151965 0 0.962328 3839.59 3671.49 168.106 0 -30.3624 -30.5385 4 11929.9 302.523 2901 0.000133812
11700 0.400961 0.38539 0.0155708 0 0.961166 3879.75 3710.03 169.721 0 -30.3685 -30.9482 4 12029.9 303.788 2926 0.000131712
11800 0.385983 0.370766 0.0152168 0 0.960576 3918.24 3747.1 171.133 0 -30.3745 -30.985 4 12129.9 305.048 2951 0.000125641
11900 0.416314 0.402055 0.0142595 0 0.965748 3960 3787.31 172.693 0 -30.3809 -30.9819 4 12229.9 306.303 2976 0.000135099
12000 0.376984 0.363981 0.0130036 0 0.965506 3997.82 3823.71 174.117 0 -30.3893 -31.259 4 12329.9 307.553 3001 0.000121286
12100 0.34533 0.33332 0.0120093 0 0.965224 4032.34 3857.04 175.304 0 -30.4011 -31.7674 4 12429.9 308.797 3026 0.000110152
12200 0.359703 0.34628 0.0134235 0 0.962682 4068.21 3891.67 176.539 0 -30.4097 -31.3804 4 12529.9 310.037 3051 0.000113497
12300 0.389754 0.376631 0.0131226 0 0.966331 4107.35 3929.33 178.019 0 -30.4136 -30.8159 4 12629.9 311.272 3076 0.000122442
12400 0.395281 0.381568 0.0137121 0 0.96531 4146.99 3967.49 179.505 0 -30.4154 -30.6035 4 12729.9 312.502 3101 0.000123047
12500 0.411909 0.396014 0.0158942 0 0.961413 4188.23 4007.09 181.136 0 -30.4201 -30.8968 4 12829.9 313.727 3126 0.000126684
12600 0.427735 0.410117 0.0176182 0 0.95881 4231.04 4048.1 182.942 0 -30.424 -30.8071 4 12929.9 314.947 3151 0.000130155
12700 0.423532 0.406224 0.0173072 0 0.959136 4273.36 4088.72 184.635 0 -30.4283 -30.8509 4 13029.9 316.162 3176 0.000127904
12800 0.463365 0.44766 0.0157055 0 0.966106 4319.97 4133.49 186.485 0 -30.4387 -31.3974 4 13129.9 317.373 3201 0.00013985
12900 0.409805 0.39649 0.0133155 0 0.967508 4361.22 4173.14 188.086 0 -30.4491 -31.5366 4 13229.9 318.58 3226 0.000122904
13000 0.366646 0.355534 0.0111116 0 0.969694 4397.97 4208.69 189.279 0 -30.4627 -32.0715 4 13329.9 319.781 3251 0.000109362
13100 0.366042 0.357132 0.00891024 0 0.975658 4434.77 4244.4 190.368 0 -30.4797 -32.512 4 13429.9 320.979 3276 0.000109015
13200 0.40479 0.393105 0.0116851 0 0.971133 4475.23 4283.71 191.519 0 -30.4909 -31.7275 4 13529.9 322.171 3301 0.000119087
13300 0.427362 0.412514 0.0148481 0 0.965256 4517.89 4324.97 192.919 0 -30.4975 -31.189 4 13629.9 323.36 3326 0.000124027
13400 0.405729 0.390633 0.015096 0 0.962793 4558.45 4364.03 194.417 0 -30.5043 -31.257 4 13729.9 324.544 3351 0.000116572
13500 0.428723 0.41486 0.0138632 0 0.967664 4601.36 4405.52 195.844 0 -30.5103 -31.1492 4 13829.9 325.724 3376 0.000122885
13600 0.399834 0.388107 0.0117278 0 0.970668 4641.49 4444.33 197.164 0 -30.52 -31.6349 4 13929.9 326.899 3401 0.000114115
13700 0.440239 0.424364 0.0158746 0 0.963941 4685.41 4486.76 198.644 0 -30.523 -30.8393 4 14029.9 328.07 3426 0.000123866
13800 0.422561 0.409576 0.0129846 0 0.969272 4727.79 4527.72 200.067 0 -30.5344 -31.7876 4 14129.9 329.238 3451 0.000118683
13900 0.425487 0.410039 0.0154481 0 0.963693 4770.23 4568.72 201.509 0 -30.5418 -31.3726 4 14229.9 330.401 3476 0.000117963
14000 0.474656 0.458497 0.0161594 0 0.965956 4817.85 4614.57 203.276 0 -30.5481 -31.175 4 14329.9 331.559 3501 0.000130962
14100 0.43016 0.41531 0.0148496 0 0.965479 4860.9 4656.1 204.794 0 -30.5579 -31.6554 4 14429.9 332.714 3526 0.000117785
14200 0.447115 0.430082 0.0170331 0 0.961904 4905.58 4699.11 206.463 0 -30.5652 -31.358 4 14529.9 333.865 3551 0.000121116
14300 0.410347 0.3964 0.0139466 0 0.966013 4946.72 4738.75 207.969 0 -30.5761 -31.8745 4 14629.9 335.012 3576 0.00011085
14400 0.415862 0.402841 0.0130213 0 0.968688 4988.47 4779.04 209.433 0 -30.5843 -31.5604 4 14729.9 336.155 3601 0.000111869
14500 0.390525 0.375344 0.0151815 0 0.961125 5027.34 4816.57 210.765 0 -30.5934 -31.7606 4 14829.9 337.294 3626 0.000103515
14600 0.393644 0.382028 0.0116156 0 0.970492 5066.94 4854.77 212.171 0 -30.6057 -32.1697 4 14929.9 338.43 3651 0.000104637
14700 0.361003 0.351186 0.00981672 0 0.972807 5103.2 4889.89 213.305 0 -30.6215 -32.8283 4 15029.9 339.561 3676 9.55349e-05
14800 0.354171 0.343212 0.0109582 0 0.969059 5138.59 4924.21 214.374 0 -30.6337 -32.3987 4 15129.9 340.689 3701 9.27351e-05
14900 0.381091 0.366716 0.0143746 0 0.96228 5176.57 4960.89 215.682 0 -30.6434 -31.9462 4 15229.9 341.813 3726 9.84209e-05
15000 0.415905 0.396869 0.019036 0 0.95423 5217.8 5000.57 217.231 0 -30.6437 -30.6801 4 15329.9 342.933 3751 0.000105803
15100 0.453011 0.435901 0.0171101 0 0.96223 5263.19 5044.16 219.03 0 -30.6501 -31.3912 4 15429.9 344.05 3776 0.00011544
15200 0.400037 0.386582 0.013455 0 0.966366 5303.37 5082.82 220.554 0 -30.659 -31.8264 4 15529.9 345.163 3801 0.000101705
15300 0.385871 0.373094 0.0127771 0 0.966888 5342.06 5120.13 221.928 0 -30.6698 -32.1469 4 15629.9 346.272 3826 9.75154e-05
15400 0.393802 0.380227 0.0135754 0 0.965527 5381.42 5158.15 223.267 0 -30.6741 -31.2599 4 15729.9 347.378 3851 9.87346e-05
15500 0.379017 0.365681 0.0133362 0 0.964814 5419.43 5194.72 224.709 0 -30.6797 -31.4727 4 15829.9 348.481 3876 9.4345e-05
15600 0.36886 0.357447 0.0114127 0 0.969059 5456.47 5230.47 226.006 0 -30.6859 -31.5854 4 15929.9 349.58 3901 9.16296e-05
15700 0.35834 0.348913 0.00942719 0 0.973692 5492.54 5265.36 227.187 0 -30.6948 -32.0488 4 16029.9 350.675 3926 8.88723e-05
15800 0.361299 0.351539 0.00975906 0 0.972989 5528.79 5300.51 228.278 0 -30.7022 -31.8218 4 16129.9 351.767 3951 8.89748e-05
15900 0.415373 0.403781 0.0115919 0 0.972093 5570.44 5340.89 229.553 0 -30.7144 -32.3322 4 16229.9 352.856 3976 0.000101555
16000 0.366851 0.356808 0.0100438 0 0.972622 5607.21 5376.57 230.642 0 -30.7273 -32.6914 4 16329.9 353.942 4001 8.91796e-05
16100 0.444555 0.430437 0.0141179 0 0.968243 5651.7 5419.61 232.082 0 -30.7374 -32.0027 4 16429.9 355.024 4026 0.000106914
16200 0.449662 0.434728 0.0149342 0 0.966788 5696.7 5463.09 233.61 0 -30.743 -31.4512 4 16529.9 356.102 4051 0.000107314
16300 0.455757 0.441616 0.0141414 0 0.968972 5742.42 5507.25 235.168 0 -30.7455 -31.054 4 16629.9 357.178 4076 0.000108345
16400 0.42504 0.409834 0.0152055 0 0.964226 5784.87 5548.23 236.635 0 -30.749 -31.2262 4 16729.9 358.25 4101 9.99353e-05
16500 0.458641 0.441942 0.0166989 0 0.96359 5830.67 5592.43 238.248 0 -30.7522 -31.1532 4 16829.9 359.319 4126 0.000107112
16600 0.484823 0.465212 0.0196104 0 0.959551 5879.03 5638.95 240.087 0 -30.7535 -30.9141 4 16929.9 360.385 4151 0.000112072
16700 0.458167 0.442065 0.0161011 0 0.964858 5925.04 5683.15 241.883 0 -30.7568 -31.171 4 17029.9 361.448 4176 0.000105859
16800 0.485653 0.465682 0.0199711 0 0.958878 5973.63 5729.72 243.908 0 -30.7583 -30.9393 4 17129.9 362.508 4201 0.00011085
16900 0.490948 0.473663 0.0172846 0 0.964793 6023.09 5777.09 246.004 0 -30.7607 -31.0544 4 17229.9 363.564 4226 0.000112083
17000 0.446791 0.43052 0.0162704 0 0.963584 6067.85 5820.14 247.709 0 -30.7632 -31.1027 4 17329.9 364.618 4251 0.000101275
17100 0.445099 0.429097 0.0160012 0 0.96405 6112.34 5863.05 249.294 0 -30.7652 -31.0393 4 17429.9 365.668 4276 0.00010035
17200 0.438372 0.425595 0.0127763 0 0.970855 6156.33 5905.61 250.723 0 -30.7696 -31.3753 4 17529.9 366.716 4301 9.89527e-05
17300 0.425338 0.413975 0.0113627 0 0.973285 6199.12 5947.01 252.113 0 -30.7753 -31.5986 4 17629.9 367.76 4326 9.56947e-05
17400 0.408246 0.397452 0.0107945 0 0.973559 6240.1 5986.75 253.344 0 -30.7836 -32.0446 4 17729.9 368.802 4351 9.13473e-05
17500 0.41585 0.404599 0.0112508 0 0.972945 6281.75 6027.21 254.541 0 -30.7873 -31.3324 4 17829.9 369.84 4376 9.24587e-05
17600 0.467507 0.454534 0.0129731 0 0.972251 6328.66 6072.67 255.996 0 -30.7914 -31.3365 4 17929.9 370.876 4401 0.00010328
17700 0.433825 0.419829 0.0139959 0 0.967738 6372.03 6114.65 257.384 0 -30.7938 -31.1459 4 18029.9 371.909 4426 9.48552e-05
17800 0.47486 0.457599 0.0172613 0 0.96365 6419.65 6160.41 259.237 0 -30.7998 -31.6063 4 18129.9 372.939 4451 0.000102808
17900 0.480845 0.463713 0.0171321 0 0.964371 6467.84 6206.78 261.064 0 -30.803 -31.2242 4 18229.9 373.966 4476 0.0001036
18000 0.47801 0.459689 0.0183207 0 0.961673 6515.62 6252.75 262.867 0 -30.8014 -30.5925 4 18329.9 374.99 4501 0.00010213
18100 0.450098 0.435164 0.0149342 0 0.96682 6560.83 6296.26 264.568 0 -30.8047 -31.277 4 18429.9 376.012 4526 9.61475e-05
18200 0.458209 0.440325 0.0178838 0 0.96097 6606.54 6340.3 266.239 0 -30.8097 -31.5321 4 18529.9 377.03 4551 9.67534e-05
18300 0.474717 0.458866 0.0158512 0 0.966609 6654.18 6386.18 267.996 0 -30.812 -31.1266 4 18629.9 378.046 4576 0.000100277
18400 0.475261 0.456826 0.0184349 0 0.961211 6701.61 6431.87 269.746 0 -30.8114 -30.723 4 18729.9 379.06 4601 9.92883e-05
18500 0.444254 0.430249 0.0140053 0 0.968475 6746.26 6474.89 271.368 0 -30.814 -31.2159 4 18829.9 380.07 4626 9.30066e-05
18600 0.426527 0.412889 0.0136384 0 0.968025 6788.86 6516.18 272.681 0 -30.8192 -31.6391 4 18929.9 381.078 4651 8.87742e-05
18700 0.418997 0.407035 0.0119624 0 0.97145 6830.74 6556.88 273.857 0 -30.8276 -32.1832 4 19029.9 382.083 4676 8.70477e-05
18800 0.427605 0.413999 0.0136052 0 0.968183 6873.43 6598.28 275.147 0 -30.8333 -31.7555 4 19129.9 383.086 4701 8.80663e-05
18900 0.406604 0.396425 0.0101791 0 0.974966 6914.29 6637.93 276.361 0 -30.8396 -31.8873 4 19229.9 384.086 4726 8.38818e-05
19000 0.405645 0.394621 0.0110235 0 0.972825 6954.97 6677.39 277.584 0 -30.8465 -32.0309 4 19329.9 385.083 4751 8.30606e-05
19100 0.442656 0.429241 0.0134151 0 0.969694 6999.27 6720.31 278.959 0 -30.8505 -31.4685 4 19429.9 386.078 4776 8.98746e-05
19200 0.416185 0.4045 0.0116848 0 0.971924 7041.1 6760.76 280.341 0 -30.8551 -31.627 4 19529.9 387.07 4801 8.42533e-05
19300 0.387873 0.377317 0.0105563 0 0.972784 7079.99 6798.49 281.495 0 -30.8626 -32.2255 4 19629.9 388.06 4826 7.81841e-05
19400 0.422699 0.408097 0.014602 0 0.965455 7122.15 6839.3 282.841 0 -30.8705 -32.1974 4 19729.9 389.047 4851 8.41264e-05
19500 0.428142 0.412857 0.015285 0 0.964299 7164.82 6880.59 284.231 0 -30.8756 -31.7311 4 19829.9 390.032 4876 8.46713e-05
19600 0.419339 0.405404 0.0139346 0 0.96677 7206.84 6921.13 285.714 0 -30.882 -31.9683 4 19929.9 391.014 4901 8.27187e-05
19700 0.37439 0.363425 0.0109647 0 0.970713 7244.37 6957.47 286.893 0 -30.8902 -32.4722 4 20029.9 391.994 4926 7.3777e-05
19800 0.378519 0.367599 0.0109199 0 0.971151 7282.23 6994.23 287.996 0 -30.8969 -32.1642 4 20129.9 392.971 4951 7.42474e-05
19900 0.400425 0.389668 0.0107564 0 0.973137 7322.31 7033.2 289.107 0 -30.9034 -32.0861 4 20229.9 393.946 4976 7.83096e-05
20000 0.445388 0.426892 0.0184964 0 0.958471 7366.43 7075.89 290.543 0 -30.9085 -31.7635 4 20329.9 394.919 5001 8.53613e-05
20100 0.415383 0.401091 0.0142919 0 0.965594 7408.07 7116 292.073 0 -30.9156 -32.1663 4 20429.9 395.889 5026 7.98032e-05
20200 0.423655 0.405801 0.0178542 0 0.957857 7450.21 7156.58 293.631 0 -30.9192 -31.5599 4 20529.9 396.856 5051 8.03408e-05
20300 0.43839 0.42238 0.0160101 0 0.96348 7494.1 7198.82 295.283 0 -30.9236 -31.6541 4 20629.9 397.822 5076 8.32112e-05
20400 0.428668 0.412681 0.0159871 0 0.962705 7536.93 7240.08 296.848 0 -30.9289 -31.8615 4 20729.9 398.785 5101 8.0902e-05
20500 0.456195 0.436451 0.0197438 0 0.956721 7582.36 7283.73 298.633 0 -30.9327 -31.5602 4 20829.9 399.745 5126 8.51446e-05
20600 0.451178 0.433945 0.0172332 0 0.961804 7627.51 7327.12 300.385 0 -30.9352 -31.3593 4 20929.9 400.704 5151 8.42449e-05
20700 0.481282 0.464576 0.0167063 0 0.965288 7675.92 7373.58 302.337 0 -30.9396 -31.6269 4 21029.9 401.66 5176 8.97558e-05
20800 0.454047 0.43757 0.0164775 0 0.96371 7721.49 7417.34 304.153 0 -30.9464 -32.0984 4 21129.9 402.614 5201 8.41319e-05
20900 0.425228 0.412495 0.0127326 0 0.970057 7764.3 7458.59 305.712 0 -30.9552 -32.5419 4 21229.9 403.565 5226 7.89314e-05
21000 0.407142 0.394442 0.0126999 0 0.968807 7805.07 7498.03 307.039 0 -30.9636 -32.5694 4 21329.9 404.515 5251 7.51176e-05
21100 0.402298 0.389292 0.0130059 0 0.967671 7845.2 7536.96 308.239 0 -30.9709 -32.3923 4 21429.9 405.462 5276 7.37855e-05
21200 0.434892 0.422105 0.0127867 0 0.970598 7888.74 7579.17 309.572 0 -30.9801 -32.6399 4 21529.9 406.407 5301 7.96274e-05
21300 0.519352 0.5007 0.0186513 0 0.964087 7940.53 7629.24 311.289 0 -30.9856 -31.8181 4 21629.9 407.349 5326 9.40106e-05
21400 0.47736 0.457938 0.0194216 0 0.959315 7988.07 7675.04 313.036 0 -30.9915 -31.9707 4 21729.9 408.29 5351 8.558e-05
21500 0.461013 0.442662 0.0183513 0 0.960194 8034.1 7719.3 314.794 0 -30.9972 -31.9849 4 21829.9 409.228 5376 8.23404e-05
21600 0.450355 0.433716 0.0166387 0 0.963054 8079.24 7762.67 316.563 0 -31.0043 -32.2746 4 21929.9 410.165 5401 8.03029e-05
21700 0.464975 0.443563 0.0214116 0 0.953951 8125.39 7807.03 318.364 0 -31.0089 -31.8185 4 22029.9 411.099 5426 8.17478e-05
21800 0.454442 0.436697 0.0177452 0 0.960952 8170.93 7850.7 320.233 0 -31.0146 -32.0356 4 22129.9 412.031 5451 8.01132e-05
21900 0.439422 0.422411 0.017011 0 0.961288 8214.85 7892.94 321.909 0 -31.0203 -32.0781 4 22229.9 412.961 5476 7.71387e-05
22000 0.470821 0.452516 0.0183049 0 0.961121 8261.92 7938.19 323.726 0 -31.0245 -31.7489 4 22329.9 413.888 5501 8.22607e-05
22100 0.466625 0.448726 0.0178984 0 0.961643 8308.65 7983.06 325.587 0 -31.0269 -31.4547 4 22429.9 414.814 5526 8.12027e-05
22200 0.457341 0.440609 0.0167315 0 0.963416 8354.47 8027.13 327.344 0 -31.0301 -31.6111 4 22529.9 415.738 5551 7.93748e-05
22300 0.445973 0.428285 0.0176886 0 0.960337 8399.03 8069.95 329.075 0 -31.0333 -31.6251 4 22629.9 416.659 5576 7.68086e-05
22400 0.42796 0.414763 0.0131976 0 0.969162 8442.15 8111.43 330.719 0 -31.0382 -31.9919 4 22729.9 417.579 5601 7.40515e-05
22500 0.406457 0.394929 0.0115286 0 0.971636 8482.99 8150.92 332.07 0 -31.0436 -32.163 4 22829.9 418.497 5626 7.01971e-05
22600 0.425513 0.41002 0.0154934 0 0.963589 8525.37 8191.93 333.44 0 -31.0479 -31.9089 4 22929.9 419.412 5651 7.2557e-05
22700 0.417069 0.402427 0.0146416 0 0.964894 8567.01 8232.17 334.846 0 -31.0508 -31.6489 4 23029.9 420.326 5676 7.08998e-05
22800 0.431653 0.417293 0.01436 0 0.966732 8610.24 8273.9 336.341 0 -31.054 -31.6963 4 23129.9 421.237 5701 7.31964e-05
22900 0.434803 0.422601 0.0122018 0 0.971937 8653.89 8316.16 337.729 0 -31.0591 -32.0531 4 23229.9 422.147 5726 7.38039e-05
23000 0.447569 0.432316 0.0152534 0 0.965919 8698.45 8359.39 339.064 0 -31.0637 -31.9699 4 23329.9 423.055 5751 7.51723e-05
23100 0.466902 0.451689 0.0152127 0 0.967418 8745.07 8404.56 340.514 0 -31.0642 -31.1531 4 23429.9 423.96 5776 7.82011e-05
23200 0.516108 0.496685 0.0194233 0 0.962366 8796.63 8454.23 342.403 0 -31.0613 -30.5711 4 23529.9 424.864 5801 8.56206e-05
23300 0.474691 0.457639 0.0170524 0 0.964077 8844.27 8499.99 344.279 0 -31.0621 -31.213 4 23629.9 425.766 5826 7.85511e-05
23400 0.48959 0.472947 0.0166423 0 0.966008 8893.36 8547.28 346.077 0 -31.0626 -31.1364 4 23729.9 426.666 5851 8.08319e-05
23500 0.478021 0.459603 0.0184176 0 0.961471 8941 8593.25 347.752 0 -31.0643 -31.3814 4 23829.9 427.564 5876 7.8217e-05
23600 0.472099 0.45566 0.0164389 0 0.965179 8988.23 8638.81 349.416 0 -31.0679 -31.7501 4 23929.9 428.46 5901 7.72174e-05
23700 0.458304 0.442471 0.0158329 0 0.965453 9034.15 8683.06 351.092 0 -31.0712 -31.7284 4 24029.9 429.354 5926 7.4666e-05
23800 0.468364 0.452183 0.0161815 0 0.965451 9081.06 8728.28 352.786 0 -31.0756 -31.9186 4 24129.9 430.247 5951 7.59843e-05
23900 0.47941 0.463433 0.0159769 0 0.966674 9129.19 8774.62 354.569 0 -31.0791 -31.7437 4 24229.9 431.137 5976 7.7549e-05
24000 0.431091 0.415877 0.015214 0 0.964708 9172.25 8816.21 356.044 0 -31.0835 -32.0201 4 24329.9 432.026 6001 6.93013e-05
24100 0.466326 0.450574 0.0157518 0 0.966222 9218.86 8861.26 357.592 0 -31.089 -32.1704 4 24429.9 432.913 6026 7.47717e-05
24200 0.468016 0.449316 0.0187007 0 0.960043 9265.33 8906.2 359.137 0 -31.0942 -32.1144 4 24529.9 433.798 6051 7.42548e-05
24300 0.507459 0.486485 0.020974 0 0.958669 9315.96 8954.85 361.112 0 -31.0983 -31.8557 4 24629.9 434.682 6076 8.00667e-05
24400 0.487584 0.470659 0.0169244 0 0.965289 9365.02 9001.91 363.107 0 -31.102 -31.8027 4 24729.9 435.563 6101 7.71446e-05
24500 0.438817 0.424133 0.0146848 0 0.966535 9409.07 9044.32 364.75 0 -31.1069 -32.1422 4 24829.9 436.443 6126 6.92348e-05
24600 0.432881 0.417381 0.0155002 0 0.964193 9452.26 9086.06 366.193 0 -31.1106 -31.916 4 24929.9 437.321 6151 6.78558e-05
24700 0.461251 0.44424 0.0170107 0 0.963121 9498.38 9130.49 367.892 0 -31.1148 -31.9926 4 25029.9 438.197 6176 7.19301e-05
24800 0.495221 0.477029 0.0181924 0 0.963264 9547.91 9178.19 369.724 0 -31.1155 -31.2339 4 25129.9 439.072 6201 7.69277e-05
24900 0.447305 0.434789 0.0125165 0 0.972018 9592.96 9221.67 371.295 0 -31.1208 -32.2563 4 25229.9 439.944 6226 6.98343e-05
25000 0.426014 0.414528 0.0114862 0 0.973038 9635.72 9263.12 372.603 0 -31.1276 -32.6371 4 25329.9 440.815 6251 6.63139e-05
25100 0.393701 0.383345 0.0103556 0 0.973697 9675.16 9301.46 373.705 0 -31.1346 -32.8476 4 25429.9 441.685 6276 6.10812e-05
25200 0.422879 0.409747 0.0131314 0 0.968948 9717.4 9342.43 374.974 0 -31.1384 -32.0255 4 25529.9 442.552 6301 6.5029e-05
25300 0.410965 0.398181 0.0127837 0 0.968893 9758.42 9382.25 376.171 0 -31.1444 -32.5453 4 25629.9 443.418 6326 6.29435e-05
25400 0.423086 0.408874 0.0142124 0 0.966408 9800.61 9423.14 377.476 0 -31.1498 -32.3993 4 25729.9 444.282 6351 6.43794e-05
25500 0.437701 0.422652 0.015049 0 0.965618 9844.28 9465.4 378.878 0 -31.1547 -32.2714 4 25829.9 445.145 6376 6.6288e-05
25600 0.485187 0.468916 0.0162704 0 0.966466 9892.97 9512.29 380.682 0 -31.1583 -31.8723 4 25929.9 446.006 6401 7.32568e-05
25700 0.45145 0.436476 0.014974 0 0.966831 9938.23 9555.94 382.291 0 -31.1628 -32.156 4 26029.9 446.865 6426 6.79235e-05
25800 0.474368 0.455711 0.0186573 0 0.960669 9985.45 9601.51 383.941 0 -31.1649 -31.6147 4 26129.9 447.722 6451 7.06419e-05
25900 0.447849 0.430811 0.017038 0 0.961956 10030.2 9644.59 385.563 0 -31.1682 -31.8998 4 26229.9 448.578 6476 6.65242e-05
26000 0.463424 0.447818 0.0156052 0 0.966326 10076.4 9689.37 387.068 0 -31.1717 -31.9329 4 26329.9 449.433 6501 6.88845e-05
26100 0.455928 0.441933 0.013995 0 0.969304 10122 9733.57 388.448 0 -31.1748 -31.8587 4 26429.9 450.285 6526 6.77189e-05
26200 0.471825 0.456599 0.0152255 0 0.967731 10169.1 9779.23 389.882 0 -31.1767 -31.573 4 26529.9 451.136 6551 6.96992e-05
26300 0.479761 0.464522 0.0152391 0 0.968236 10217.1 9825.68 391.47 0 -31.1803 -31.9552 4 26629.9 451.986 6576 7.0639e-05
26400 0.461794 0.447501 0.0142929 0 0.969049 10263.4 9870.43 392.997 0 -31.1838 -31.9571 4 26729.9 452.834 6601 6.77929e-05
26500 0.490462 0.475726 0.0147367 0 0.969953 10312.5 9918 394.546 0 -31.1873 -31.9091 4 26829.9 453.68 6626 7.17968e-05
26600 0.459753 0.447384 0.0123686 0 0.973097 10358.7 9962.74 395.995 0 -31.1919 -32.2298 4 26929.9 454.524 6651 6.72657e-05
26700 0.451054 0.437758 0.013296 0 0.970522 10403.9 10006.5 397.372 0 -31.1974 -32.4612 4 27029.9 455.368 6676 6.5572e-05
26800 0.436071 0.423094 0.0129769 0 0.970241 10447.6 10048.8 398.748 0 -31.2038 -32.7093 4 27129.9 456.209 6701 6.31389e-05
26900 0.449951 0.437366 0.0125852 0 0.97203 10492.6 10092.6 400.082 0 -31.2093 -32.4906 4 27229.9 457.049 6726 6.50261e-05
27000 0.437045 0.425595 0.0114502 0 0.973801 10536.5 10135.1 401.379 0 -31.2158 -32.7835 4 27329.9 457.888 6751 6.30417e-05
27100 0.408154 0.397374 0.0107797 0 0.973589 10577.3 10174.9 402.479 0 -31.2222 -32.8696 4 27429.9 458.725 6776 5.86443e-05
27200 0.395215 0.38554 0.00967441 0 0.975521 10616.9 10213.4 403.442 0 -31.2295 -33.1845 4 27529.9 459.56 6801 5.66888e-05
27300 0.410262 0.400799 0.00946323 0 0.976934 10658 10253.5 404.515 0 -31.2352 -32.7074 4 27629.9 460.394 6826 5.87165e-05
27400 0.408889 0.398963 0.00992612 0 0.975724 10698.9 10293.4 405.556 0 -31.2412 -32.7825 4 27729.9 461.226 6851 5.82342e-05
27500 0.369611 0.360917 0.00869404 0 0.976478 10735.9 10329.5 406.426 0 -31.2486 -33.4043 4 27829.9 462.057 6876 5.24894e-05
27600 0.414341 0.403836 0.0105051 0 0.974646 10777.4 10369.9 407.522 0 -31.254 -32.6524 4 27929.9 462.887 6901 5.85185e-05
27700 0.423739 0.409969 0.0137703 0 0.967503 10819.6 10410.9 408.787 0 -31.2578 -32.2352 4 28029.9 463.715 6926 5.91927e-05
27800 0.436999 0.423521 0.0134778 0 0.969158 10863.4 10453.2 410.202 0 -31.261 -32.0421 4 28129.9 464.541 6951 6.09295e-05
27900 0.440865 0.425527 0.0153382 0 0.965209 10907.4 10495.8 411.654 0 -31.2642 -32.0653 4 28229.9 465.366 6976 6.09987e-05
28000 0.471335 0.455701 0.0156346 0 0.966829 10954.6 10541.3 413.291 0 -31.2668 -31.8593 4 28329.9 466.189 7001 6.50908e-05
28100 0.436305 0.423896 0.0124086 0 0.97156 10998.5 10583.7 414.739 0 -31.2711 -32.3548 4 28429.9 467.012 7026 6.03325e-05
28200 0.428488 0.417483 0.0110051 0 0.974316 11041.4 10625.5 415.961 0 -31.2747 -32.1777 4 28529.9 467.832 7051 5.9209e-05
28300 0.411028 0.399727 0.0113008 0 0.972506 11082.6 10665.4 417.113 0 -31.2789 -32.4123 4 28629.9 468.651 7076 5.64905e-05
28400 0.408269 0.395076 0.0131935 0 0.967684 11123.4 10705 418.422 0 -31.2829 -32.3723 4 28729.9 469.469 7101 5.56367e-05
28500 0.40625 0.392728 0.0135212 0 0.966717 11163.9 10744.2 419.719 0 -31.2867 -32.3222 4 28829.9 470.285 7126 5.5112e-05
28600 0.43759 0.425034 0.012556 0 0.971306 11207.8 10786.7 421.108 0 -31.2924 -32.7383 4 28929.9 471.1 7151 5.9437e-05
28700 0.398402 0.38744 0.0109625 0 0.972484 11247.8 10825.5 422.33 0 -31.2986 -33.033 4 29029.9 471.914 7176 5.39911e-05
28800 0.403465 0.390689 0.012776 0 0.968334 11288.1 10864.5 423.532 0 -31.3039 -32.7928 4 29129.9 472.726 7201 5.42548e-05
28900 0.41287 0.398379 0.0144912 0 0.964901 11329.2 10904.4 424.773 0 -31.3073 -32.232 4 29229.9 473.537 7226 5.51313e-05
29000 0.428291 0.415893 0.0123975 0 0.971053 11372 10946 426.078 0 -31.3109 -32.2799 4 29329.9 474.346 7251 5.73567e-05
29100 0.427843 0.415958 0.0118841 0 0.972223 11415 10987.6 427.431 0 -31.3155 -32.5328 4 29429.9 475.154 7276 5.71686e-05
29200 0.407697 0.395341 0.0123559 0 0.969693 11455.7 11027.1 428.604 0 -31.3205 -32.7248 4 29529.9 475.961 7301 5.41488e-05
29300 0.387428 0.37732 0.0101079 0 0.97391 11494.6 11064.8 429.768 0 -31.3258 -32.8893 4 29629.9 476.766 7326 5.15042e-05
29400 0.393572 0.381874 0.0116984 0 0.970276 11533.9 11103 430.922 0 -31.3322 -33.204 4 29729.9 477.57 7351 5.19485e-05
29500 0.383442 0.372766 0.0106765 0 0.972156 11572.3 11140.3 432.044 0 -31.3383 -33.1483 4 29829.9 478.372 7376 5.05377e-05
29600 0.378599 0.368177 0.0104222 0 0.972472 11610.2 11177.1 433.104 0 -31.3448 -33.3538 4 29929.9 479.173 7401 4.97469e-05
29700 0.41773 0.40564 0.0120895 0 0.971059 11652.1 11217.7 434.455 0 -31.3487 -32.4256 4 30029.9 479.973 7426 5.46243e-05
29800 0.427306 0.412342 0.0149635 0 0.964982 11694.7 11258.9 435.754 0 -31.3531 -32.5613 4 30129.9 480.772 7451 5.53405e-05
29900 0.439284 0.425562 0.0137214 0 0.968764 11738.6 11301.5 437.094 0 -31.3568 -32.3294 4 30229.9 481.569 7476 5.69238e-05
30000 0.445301 0.431531 0.0137705 0 0.969076 11783.2 11344.6 438.551 0 -31.3606 -32.3652 4 30329.9 482.365 7501 5.75298e-05
30100 0.427994 0.411742 0.0162514 0 0.962029 11825.8 11385.8 439.99 0 -31.363 -32.0236 4 30429.9 483.159 7526 5.47093e-05
30200 0.401773 0.389271 0.0125023 0 0.968882 11866.2 11424.7 441.496 0 -31.367 -32.5524 4 30529.9 483.952 7551 5.15523e-05
30300 0.383226 0.371968 0.0112579 0 0.970623 11904.5 11461.9 442.623 0 -31.3719 -32.877 4 30629.9 484.744 7576 4.90982e-05
30400 0.410015 0.399633 0.0103817 0 0.97468 11945.6 11501.9 443.764 0 -31.3744 -32.0815 4 30729.9 485.535 7601 5.25764e-05
30500 0.39327 0.382123 0.0111477 0 0.971654 11985 11540.1 444.861 0 -31.3784 -32.6021 4 30829.9 486.324 7626 5.01079e-05
30600 0.423728 0.410659 0.0130695 0 0.969156 12027.3 11581.2 446.172 0 -31.3818 -32.344 4 30929.9 487.112 7651 5.36739e-05
30700 0.485593 0.468983 0.0166096 0 0.965795 12075.8 11628.1 447.699 0 -31.3818 -31.3848 4 31029.9 487.899 7676 6.10973e-05
30800 0.466065 0.450373 0.0156916 0 0.966332 12122.4 11673.1 449.324 0 -31.3838 -31.8983 4 31129.9 488.685 7701 5.84824e-05
30900 0.427083 0.41246 0.0146228 0 0.965761 12165.1 11714.3 450.77 0 -31.3864 -32.1293 4 31229.9 489.469 7726 5.3386e-05
31000 0.462719 0.446571 0.0161477 0 0.965103 12211.5 11759 452.452 0 -31.3889 -32.0463 4 31329.9 490.252 7751 5.76147e-05
31100 0.439698 0.423976 0.0157228 0 0.964242 12255.4 11801.4 454.036 0 -31.3902 -31.7513 4 31429.9 491.034 7776 5.45236e-05
31200 0.439991 0.425127 0.0148645 0 0.966216 12299.6 11843.9 455.712 0 -31.3911 -31.643 4 31529.9 491.814 7801 5.44964e-05
31300 0.400876 0.387486 0.0133902 0 0.966598 12339.8 11882.7 457.164 0 -31.3942 -32.3444 4 31629.9 492.594 7826 4.95126e-05
31400 0.436202 0.422861 0.013341 0 0.969416 12383.6 11924.9 458.666 0 -31.3985 -32.6041 4 31729.9 493.372 7851 5.38607e-05
31500 0.404646 0.392267 0.0123785 0 0.969409 12424.2 11964.2 459.999 0 -31.4034 -32.9092 4 31829.9 494.149 7876 4.98054e-05
31600 0.375615 0.365428 0.0101873 0 0.972878 12461.8 12000.7 461.101 0 -31.4095 -33.4107 4 31929.9 494.924 7901 4.62508e-05
31700 0.372768 0.363374 0.00939359 0 0.9748 12499.2 12037.1 462.193 0 -31.4153 -33.3471 4 32029.9 495.699 7926 4.58458e-05
31800 0.380758 0.369895 0.010863 0 0.97147 12537.3 12074 463.262 0 -31.4201 -32.9896 4 32129.9 496.472 7951 4.65218e-05
31900 0.394415 0.381595 0.0128197 0 0.967497 12576.7 12112.2 464.511 0 -31.4232 -32.4322 4 32229.9 497.244 7976 4.78429e-05
32000 0.384406 0.37259 0.0118161 0 0.969262 12615.2 12149.5 465.746 0 -31.4272 -32.7118 4 32329.9 498.015 8001 4.6568e-05
32100 0.392359 0.379896 0.0124632 0 0.968235 12654.5 12187.4 467.003 0 -31.431 -32.6537 4 32429.9 498.784 8026 4.73332e-05
32200 0.396136 0.383593 0.0125426 0 0.968338 12694.1 12225.8 468.339 0 -31.4338 -32.33 4 32529.9 499.553 8051 4.76454e-05
32300 0.432106 0.419151 0.0129552 0 0.970018 12737.4 12267.7 469.712 0 -31.4382 -32.7276 4 32629.9 500.32 8076 5.19008e-05
32400 0.472226 0.45711 0.0151158 0 0.96799 12784.7 12313.4 471.282 0 -31.4393 -31.7352 4 32729.9 501.086 8101 5.64264e-05
32500 0.454773 0.438882 0.0158912 0 0.965057 12830.1 12357.3 472.818 0 -31.4412 -31.974 4 32829.9 501.851 8126 5.40096e-05
32600 0.4215 0.409953 0.0115469 0 0.972605 12872.4 12398.3 474.103 0 -31.4442 -32.3696 4 32929.9 502.615 8151 5.02948e-05
32700 0.42946 0.416523 0.0129369 0 0.969876 12915.4 12440 475.42 0 -31.4467 -32.1877 4 33029.9 503.377 8176 5.09446e-05
32800 0.421806 0.408853 0.0129526 0 0.969293 12957.7 12480.9 476.847 0 -31.4502 -32.5291 4 33129.9 504.139 8201 4.98541e-05
32900 0.399753 0.38789 0.011863 0 0.970324 12997.8 12519.6 478.12 0 -31.4547 -32.9014 4 33229.9 504.899 8226 4.71541e-05
33000 0.432129 0.417505 0.0146233 0 0.96616 13040.9 12561.4 479.554 0 -31.4578 -32.3909 4 33329.9 505.658 8251 5.06006e-05
33100 0.411347 0.397698 0.0136498 0 0.966817 13082.1 12601.2 480.948 0 -31.4614 -32.6144 4 33429.9 506.416 8276 4.80543e-05
33200 0.438483 0.423768 0.0147147 0 0.966442 13126 12643.5 482.409 0 -31.4634 -32.0373 4 33529.9 507.173 8301 5.10502e-05
33300 0.412712 0.398813 0.0138992 0 0.966322 13167.3 12683.4 483.83 0 -31.4667 -32.5095 4 33629.9 507.929 8326 4.78997e-05
33400 0.44346 0.429014 0.0144459 0 0.967425 13211.6 12726.3 485.298 0 -31.471 -32.7572 4 33729.9 508.683 8351 5.13728e-05
33500 0.444224 0.429192 0.0150326 0 0.96616 13256.1 12769.2 486.83 0 -31.4752 -32.7131 4 33829.9 509.437 8376 5.12406e-05
33600 0.44154 0.427077 0.0144631 0 0.967244 13300.3 12812 488.346 0 -31.4801 -32.9784 4 33929.9 510.189 8401 5.08364e-05
33700 0.449211 0.436262 0.0129495 0 0.971173 13345.4 12855.6 489.797 0 -31.4855 -33.0714 4 34029.9 510.94 8426 5.17757e-05
33800 0.405812 0.395012 0.0107998 0 0.973387 13386.1 12895.1 491.016 0 -31.491 -33.2972 4 34129.9 511.691 8451 4.67415e-05
33900 0.407516 0.395134 0.0123816 0 0.969617 13426.9 12934.6 492.262 0 -31.4958 -33.0624 4 34229.9 512.44 8476 4.6618e-05
34000 0.412784 0.400808 0.0119755 0 0.970988 13468.2 12974.7 493.555 0 -31.4998 -32.8012 4 34329.9 513.188 8501 4.71484e-05
34100 0.423989 0.40975 0.0142392 0 0.966416 13510.6 13015.6 494.91 0 -31.5022 -32.2532 4 34429.9 513.935 8526 4.80588e-05
34200 0.438243 0.423387 0.0148563 0 0.9661 13554.3 13058 496.353 0 -31.5046 -32.2597 4 34529.9 514.68 8551 4.95132e-05
34300 0.421561 0.407609 0.0139512 0 0.966906 13596.6 13098.7 497.815 0 -31.5079 -32.5552 4 34629.9 515.425 8576 4.75291e-05
34400 0.460052 0.443777 0.0162753 0 0.964623 13642.5 13143.1 499.42 0 -31.5126 -32.9056 4 34729.9 516.169 8601 5.1596e-05
34500 0.469983 0.452801 0.0171823 0 0.963441 13689.6 13188.4 501.189 0 -31.5146 -32.1019 4 34829.9 516.911 8626 5.24926e-05
34600 0.445196 0.428886 0.01631 0 0.963364 13734 13231.3 502.744 0 -31.5177 -32.4619 4 34929.9 517.653 8651 4.95765e-05
34700 0.452521 0.436552 0.0159688 0 0.964711 13779.4 13274.9 504.467 0 -31.5208 -32.4598 4 35029.9 518.393 8676 5.03172e-05
34800 0.465838 0.449808 0.0160306 0 0.965588 13826.1 13319.9 506.18 0 -31.5228 -32.1257 4 35129.9 519.133 8701 5.16961e-05
34900 0.479231 0.461766 0.0174653 0 0.963556 13874 13366.1 507.861 0 -31.5253 -32.248 4 35229.9 519.871 8726 5.29184e-05
35000 0.47167 0.456993 0.0146772 0 0.968882 13921.4 13411.8 509.6 0 -31.5265 -31.8661 4 35329.9 520.608 8751 5.22218e-05
35100 0.471476 0.458866 0.0126095 0 0.973255 13968.8 13457.7 511.131 0 -31.5277 -31.878 4 35429.9 521.345 8776 5.22865e-05
35200 0.485987 0.472969 0.0130179 0 0.973214 14017.5 13505 512.557 0 -31.5305 -32.3408 4 35529.9 522.08 8801 5.37404e-05
35300 0.493186 0.477117 0.0160683 0 0.967419 14066.9 13552.7 514.193 0 -31.5323 -32.0445 4 35629.9 522.814 8826 5.40582e-05
35400 0.44311 0.431302 0.0118084 0 0.973351 14111.3 13595.8 515.494 0 -31.5352 -32.4556 4 35729.9 523.547 8851 4.87292e-05
35500 0.482384 0.467256 0.0151283 0 0.968638 14159.4 13642.6 516.875 0 -31.5361 -31.8018 4 35829.9 524.279 8876 5.26426e-05
35600 0.484823 0.470809 0.0140146 0 0.971093 14208.1 13689.6 518.417 0 -31.5388 -32.3142 4 35929.9 525.01 8901 5.28939e-05
35700 0.444494 0.430718 0.0137758 0 0.969008 14252.5 13732.7 519.794 0 -31.5428 -32.8291 4 36029.9 525.741 8926 4.82543e-05
35800 0.534838 0.514692 0.0201461 0 0.962332 14305.7 13784.2 521.561 0 -31.543 -31.5903 4 36129.9 526.47 8951 5.7501e-05
35900 0.517227 0.499866 0.0173613 0 0.966434 14357.7 13834.2 523.527 0 -31.5454 -32.2094 4 36229.9 527.198 8976 5.56891e-05
36000 0.454125 0.440154 0.0139713 0 0.969235 14403.4 13878.2 525.173 0 -31.5497 -32.904 4 36329.9 527.925 9001 4.89005e-05
36100 0.445931 0.431463 0.0144676 0 0.967556 14447.9 13921.3 526.595 0 -31.5536 -32.7939 4 36429.9 528.651 9026 4.78023e-05
36200 0.423992 0.410732 0.0132595 0 0.968727 14490.4 13962.4 527.967 0 -31.5576 -32.9257 4 36529.9 529.376 9051 4.53798e-05
36300 0.406514 0.391901 0.0146128 0 0.964053 14530.8 14001.6 529.222 0 -31.5611 -32.8333 4 36629.9 530.1 9076 4.31799e-05
36400 0.430768 0.417001 0.0137661 0 0.968043 14573.8 14043.3 530.523 0 -31.5637 -32.4493 4 36729.9 530.823 9101 4.58193e-05
36500 0.420597 0.40828 0.0123165 0 0.970717 14615.9 14084.1 531.83 0 -31.5672 -32.7789 4 36829.9 531.545 9126 4.47381e-05
36600 0.400622 0.388529 0.0120927 0 0.969815 14655.9 14123 532.956 0 -31.5711 -32.9909 4 36929.9 532.266 9151 4.24576e-05
36700 0.411046 0.397739 0.0133071 0 0.967626 14696.9 14162.7 534.183 0 -31.574 -32.5955 4 37029.9 532.987 9176 4.33456e-05
36800 0.446988 0.430355 0.0166331 0 0.962789 14741.5 14205.8 535.683 0 -31.5742 -31.6607 4 37129.9 533.706 9201 4.67726e-05
36900 0.445584 0.429481 0.0161034 0 0.96386 14786 14248.7 537.282 0 -31.5757 -32.0441 4 37229.9 534.424 9226 4.65512e-05
37000 0.429911 0.416562 0.0133491 0 0.968949 14829.2 14290.4 538.821 0 -31.5782 -32.4342 4 37329.9 535.141 9251 4.50288e-05
37100 0.42217 0.409635 0.0125353 0 0.970307 14871.5 14331.3 540.19 0 -31.5813 -32.6932 4 37429.9 535.857 9276 4.41607e-05
37200 0.485193 0.462244 0.0229489 0 0.952701 14919.4 14377.6 541.817 0 -31.581 -31.4803 4 37529.9 536.573 9301 4.96983e-05
37300 0.490616 0.472738 0.0178777 0 0.963561 14968.7 14424.8 543.82 0 -31.5823 -31.9587 4 37629.9 537.287 9326 5.06903e-05
37400 0.454367 0.440722 0.0136449 0 0.969969 15014.2 14468.9 545.324 0 -31.5846 -32.3685 4 37729.9 538.001 9351 4.7131e-05
37500 0.461775 0.446567 0.0152077 0 0.967067 15060.5 14513.6 546.914 0 -31.586 -32.0364 4 37829.9 538.713 9376 4.76287e-05
37600 0.416308 0.402987 0.0133209 0 0.968002 15102.2 14553.9 548.369 0 -31.5889 -32.6209 4 37929.9 539.425 9401 4.28664e-05
37700 0.430646 0.417711 0.0129353 0 0.969963 15145.4 14595.6 549.778 0 -31.592 -32.6829 4 38029.9 540.135 9426 4.43147e-05
37800 0.474159 0.45746 0.0166991 0 0.964782 15192.7 14641.4 551.353 0 -31.594 -32.2175 4 38129.9 540.845 9451 4.84033e-05
37900 0.475604 0.457005 0.0185989 0 0.960894 15240.2 14687.1 553.068 0 -31.5951 -31.9655 4 38229.9 541.554 9476 4.82276e-05
38000 0.465688 0.447655 0.0180328 0 0.961277 15286.6 14731.9 554.788 0 -31.5975 -32.3853 4 38329.9 542.262 9501 4.71166e-05
38100 0.442992 0.427065 0.0159275 0 0.964046 15331.1 14774.6 556.534 0 -31.6003 -32.5656 4 38429.9 542.968 9526 4.48315e-05
38200 0.44167 0.427101 0.0145683 0 0.967015 15375.4 14817.3 558.138 0 -31.6032 -32.5834 4 38529.9 543.674 9551 4.4718e-05
38300 0.464081 0.449288 0.0147923 0 0.968126 15421.9 14862.2 559.676 0 -31.6062 -32.6002 4 38629.9 544.379 9576 4.69182e-05
38400 0.482096 0.465464 0.0166318 0 0.965501 15470.1 14908.8 561.331 0 -31.609 -32.5327 4 38729.9 545.084 9601 4.84808e-05
38500 0.483532 0.467456 0.0160757 0 0.966754 15518.6 14955.5 563.124 0 -31.611 -32.221 4 38829.9 545.787 9626 4.85619e-05
38600 0.451981 0.435678 0.0163034 0 0.963929 15563.8 14999.1 564.736 0 -31.6132 -32.3775 4 38929.9 546.489 9651 4.51433e-05
38700 0.436251 0.422737 0.0135148 0 0.969021 15607.6 15041.3 566.249 0 -31.6152 -32.3449 4 39029.9 547.191 9676 4.36892e-05
38800 0.412413 0.400777 0.0116358 0 0.971786 15649 15081.4 567.556 0 -31.6188 -32.9605 4 39129.9 547.891 9701 4.1313e-05
38900 0.479972 0.465853 0.0141184 0 0.970585 15697 15128 569.005 0 -31.6216 -32.5425 4 39229.9 548.591 9726 4.78977e-05
39000 0.423691 0.411127 0.0125637 0 0.970347 15739.4 15169.1 570.336 0 -31.6254 -33.025 4 39329.9 549.29 9751 4.21625e-05
39100 0.499286 0.48326 0.0160257 0 0.967903 15789.4 15217.4 571.962 0 -31.6256 -31.6942 4 39429.9 549.987 9776 4.94333e-05
39200 0.486341 0.468038 0.0183031 0 0.962366 15837.9 15264.2 573.689 0 -31.6272 -32.1309 4 39529.9 550.684 9801 4.77541e-05
39300 0.481074 0.460988 0.020086 0 0.958248 15885.7 15310.3 575.407 0 -31.6288 -32.1606 4 39629.9 551.381 9826 4.69151e-05
39400 0.493248 0.473606 0.0196418 0 0.960179 15935 15357.7 577.261 0 -31.6303 -32.133 4 39729.9 552.076 9851 4.8077e-05
39500 0.486756 0.467771 0.0189848 0 0.960997 15983.6 15404.5 579.121 0 -31.6316 -32.0595 4 39829.9 552.77 9876 4.73644e-05
39600 0.468081 0.451909 0.0161714 0 0.965452 16030.5 15449.7 580.84 0 -31.6334 -32.2331 4 39929.9 553.464 9901 4.56428e-05
39700 0.433812 0.421621 0.012191 0 0.971898 16074.1 15491.8 582.304 0 -31.6364 -32.7255 4 40029.9 554.156 9926 4.24764e-05
39800 0.422446 0.411491 0.0109545 0 0.974069 16116.5 15533 583.525 0 -31.6405 -33.2097 4 40129.9 554.848 9951 4.13517e-05
39900 0.450014 0.43742 0.0125947 0 0.972013 16161.5 15576.7 584.801 0 -31.6432 -32.5999 4 40229.9 555.539 9976 4.38472e-05
40000 0.472753 0.458365 0.0143874 0 0.969567 16208.8 15622.6 586.215 0 -31.6449 -32.2341 4 40329.9 556.229 10001 4.58319e-05
40100 0.462914 0.449361 0.0135533 0 0.970722 16255.2 15667.5 587.676 0 -31.6472 -32.4537 4 40429.9 556.918 10026 4.48196e-05
40200 0.463538 0.445554 0.0179839 0 0.961203 16301.2 15712.1 589.193 0 -31.6484 -32.0658 4 40529.9 557.606 10051 4.43293e-05
40300 0.46947 0.452509 0.0169613 0 0.963871 16348.1 15757.3 590.807 0 -31.6506 -32.4214 4 40629.9 558.294 10076 4.49095e-05
40400 0.480332 0.465066 0.0152661 0 0.968218 16396.3 15803.8 592.447 0 -31.6525 -32.2914 4 40729.9 558.98 10101 4.60416e-05
40500 0.482593 0.467334 0.0152586 0 0.968382 16444.6 15850.5 594.104 0 -31.6559 -32.7947 4 40829.9 559.666 10126 4.61519e-05
40600 0.452343 0.434328 0.0180158 0 0.960172 16489.7 15894 595.718 0 -31.6586 -32.6735 4 40929.9 560.351 10151 4.27867e-05
40700 0.489678 0.47143 0.0182478 0 0.962735 16538.5 15941.1 597.405 0 -31.6598 -32.0642 4 41029.9 561.035 10176 4.63277e-05
40800 0.468266 0.452904 0.0153617 0 0.967194 16585.5 15986.4 599.1 0 -31.6616 -32.296 4 41129.9 561.719 10201 4.4398e-05
40900 0.490521 0.475083 0.0154387 0 0.968526 16634.7 16033.9 600.811 0 -31.6616 -31.6407 4 41229.9 562.401 10226 4.64583e-05
41000 0.457489 0.443252 0.0142368 0 0.968881 16680.5 16078.2 602.267 0 -31.6632 -32.2548 4 41329.9 563.083 10251 4.32399e-05
41100 0.440961 0.429721 0.0112398 0 0.974511 16724.8 16121.2 603.595 0 -31.6661 -32.746 4 41429.9 563.763 10276 4.18179e-05
41200 0.473102 0.45791 0.0151917 0 0.967889 16772 16167 604.968 0 -31.6682 -32.4274 4 41529.9 564.443 10301 4.4453e-05
41300 0.488474 0.473642 0.014832 0 0.969636 16820.9 16214.4 606.518 0 -31.6714 -32.769 4 41629.9 565.123 10326 4.58689e-05
41400 0.440118 0.427027 0.0130914 0 0.970255 16865 16257.1 607.896 0 -31.675 -33.0527 4 41729.9 565.801 10351 4.12547e-05
41500 0.430712 0.418639 0.0120724 0 0.971971 16908.1 16298.9 609.197 0 -31.6792 -33.3256 4 41829.9 566.478 10376 4.03469e-05
41600 0.423183 0.409278 0.0139054 0 0.967141 16950.3 16339.9 610.426 0 -31.6827 -33.0639 4 41929.9 567.155 10401 3.93498e-05
41700 0.46081 0.446893 0.0139173 0 0.969798 16996.4 16384.6 611.857 0 -31.6842 -32.2299 4 42029.9 567.831 10426 4.28633e-05
41800 0.457662 0.442785 0.0148778 0 0.967492 17042.1 16428.8 613.303 0 -31.6865 -32.5718 4 42129.9 568.506 10451 4.23677e-05
41900 0.455269 0.441323 0.0139455 0 0.969369 17087.7 16473 614.732 0 -31.6888 -32.552 4 42229.9 569.18 10476 4.21271e-05
42000 0.499036 0.48359 0.0154469 0 0.969046 17137.6 16521.3 616.286 0 -31.6909 -32.3787 4 42329.9 569.854 10501 4.60518e-05
42100 0.507323 0.490519 0.0168035 0 0.966878 17188.4 16570.4 618.011 0 -31.692 -32.0683 4 42429.9 570.527 10526 4.66007e-05
42200 0.51511 0.497652 0.0174579 0 0.966108 17240 16620.1 619.827 0 -31.6924 -31.8234 4 42529.9 571.199 10551 4.71663e-05
42300 0.489795 0.473099 0.0166964 0 0.965911 17288.9 16667.4 621.494 0 -31.6928 -31.8502 4 42629.9 571.87 10576 4.47332e-05
42400 0.48483 0.469473 0.0153575 0 0.968324 17337.4 16714.4 623.052 0 -31.694 -32.0997 4 42729.9 572.54 10601 4.42857e-05
42500 0.476651 0.460324 0.0163274 0 0.965746 17385 16760.4 624.527 0 -31.6958 -32.3525 4 42829.9 573.21 10626 4.33205e-05
42600 0.487435 0.472996 0.0144386 0 0.970378 17433.9 16807.7 626.193 0 -31.6972 -32.2213 4 42929.9 573.878 10651 4.44086e-05
42700 0.448493 0.435612 0.0128809 0 0.97128 17478.9 16851.3 627.573 0 -31.7003 -32.8753 4 43029.9 574.546 10676 4.08029e-05
42800 0.430586 0.420038 0.0105479 0 0.975503 17522.1 16893.3 628.781 0 -31.704 -33.2129 4 43129.9 575.214 10701 3.92522e-05
42900 0.43156 0.420933 0.0106266 0 0.975376 17565.3 16935.4 629.937 0 -31.7086 -33.5883 4 43229.9 575.88 10726 3.92442e-05
43000 0.434864 0.420717 0.0141468 0 0.967469 17608.5 16977.5 631.079 0 -31.7124 -33.2358 4 43329.9 576.546 10751 3.91328e-05
43100 0.467792 0.454291 0.0135012 0 0.971138 17655.4 17022.9 632.507 0 -31.7158 -32.9968 4 43429.9 577.211 10776 4.21577e-05
43200 0.424787 0.413065 0.011722 0 0.972405 17697.9 17064.2 633.69 0 -31.7197 -33.3601 4 43529.9 577.875 10801 3.82433e-05
43300 0.417299 0.406102 0.011197 0 0.973168 17739.7 17104.8 634.916 0 -31.7239 -33.4853 4 43629.9 578.538 10826 3.75117e-05
43400 0.442862 0.431268 0.0115939 0 0.973821 17784.1 17147.9 636.216 0 -31.7279 -33.3284 4 43729.9 579.201 10851 3.97446e-05
43500 0.419089 0.407415 0.0116747 0 0.972143 17826.1 17188.7 637.415 0 -31.7318 -33.3898 4 43829.9 579.863 10876 3.746e-05
43600 0.449192 0.433582 0.0156097 0 0.965249 17870.9 17232 638.846 0 -31.7339 -32.5664 4 43929.9 580.524 10901 3.97746e-05
43700 0.438437 0.425709 0.0127282 0 0.970969 17914.9 17274.6 640.339 0 -31.7369 -32.9342 4 44029.9 581.184 10926 3.89629e-05
43800 0.423617 0.410856 0.0127605 0 0.969877 17957.3 17315.7 641.649 0 -31.7399 -33.0145 4 44129.9 581.844 10951 3.75177e-05
43900 0.426315 0.413643 0.0126719 0 0.970276 18000.1 17357.1 643.002 0 -31.7426 -32.9049 4 44229.9 582.503 10976 3.76861e-05
44000 0.424333 0.412147 0.0121855 0 0.971283 18042.5 17398.3 644.264 0 -31.7459 -33.1358 4 44329.9 583.161 11001 3.74645e-05
44100 0.442327 0.430207 0.0121201 0 0.972599 18087 17441.3 645.694 0 -31.7483 -32.7126 4 44429.9 583.818 11026 3.90175e-05
44200 0.42024 0.407624 0.0126155 0 0.96998 18129 17482 646.919 0 -31.7511 -32.964 4 44529.9 584.475 11051 3.68857e-05
44300 0.44332 0.430102 0.0132182 0 0.970184 18173.2 17525.1 648.169 0 -31.7545 -33.1631 4 44629.9 585.131 11076 3.88319e-05
44400 0.457444 0.443107 0.0143367 0 0.968659 18218.9 17569.4 649.509 0 -31.7579 -33.0804 4 44729.9 585.786 11101 3.9916e-05
44500 0.457576 0.442591 0.0149849 0 0.967252 18264.8 17613.6 651.164 0 -31.7616 -33.2457 4 44829.9 586.44 11126 3.97799e-05
44600 0.428127 0.416013 0.0121137 0 0.971705 18307.7 17655.2 652.503 0 -31.7651 -33.2487 4 44929.9 587.094 11151 3.73072e-05
44700 0.427751 0.41547 0.0122807 0 0.97129 18350.5 17696.8 653.743 0 -31.7692 -33.5098 4 45029.9 587.747 11176 3.71752e-05
44800 0.477901 0.461624 0.0162774 0 0.96594 18398.1 17742.9 655.204 0 -31.7706 -32.3096 4 45129.9 588.399 11201 4.12128e-05
44900 0.495784 0.478392 0.0173922 0 0.96492 18447.7 17790.8 656.893 0 -31.771 -31.9292 4 45229.9 589.051 11226 4.26146e-05
45000 0.492001 0.471654 0.0203477 0 0.958643 18496.7 17837.9 658.779 0 -31.7713 -31.8745 4 45329.9 589.702 11251 4.1921e-05
45100 0.460828 0.446236 0.0145919 0 0.968335 18543 17882.6 660.464 0 -31.773 -32.4532 4 45429.9 590.352 11276 3.95739e-05
45200 0.487548 0.471444 0.0161031 0 0.966971 18591.9 17929.7 662.219 0 -31.7744 -32.3318 4 45529.9 591.001 11301 4.17171e-05
45300 0.519932 0.498469 0.021463 0 0.95872 18643.7 17979.6 664.109 0 -31.7739 -31.5656 4 45629.9 591.65 11326 4.4011e-05
45400 0.470948 0.45784 0.0131078 0 0.972167 18691.2 18025.3 665.869 0 -31.7757 -32.4973 4 45729.9 592.298 11351 4.03348e-05
45500 0.465418 0.45052 0.0148981 0 0.96799 18737.8 18070.4 667.38 0 -31.7776 -32.5354 4 45829.9 592.945 11376 3.96027e-05
45600 0.531851 0.512539 0.019312 0 0.963689 18790.8 18121.6 669.195 0 -31.7785 -32.0971 4 45929.9 593.592 11401 4.49556e-05
45700 0.499818 0.483752 0.0160663 0 0.967856 18841 18170 670.974 0 -31.7799 -32.3012 4 46029.9 594.237 11426 4.23378e-05
45800 0.495199 0.479407 0.0157921 0 0.96811 18890.7 18218 672.763 0 -31.7826 -32.8021 4 46129.9 594.883 11451 4.1866e-05
45900 0.459521 0.445225 0.0142953 0 0.968891 18936.8 18262.5 674.271 0 -31.7856 -33.0396 4 46229.9 595.527 11476 3.87962e-05
46000 0.445191 0.431694 0.013497 0 0.969683 18981.3 18305.7 675.625 0 -31.7886 -33.0595 4 46329.9 596.171 11501 3.75353e-05
46100 0.459101 0.44276 0.0163409 0 0.964407 19026.9 18349.9 677.012 0 -31.7902 -32.4431 4 46429.9 596.814 11526 3.8414e-05
46200 0.493417 0.478483 0.0149344 0 0.969733 19076.3 18397.8 678.547 0 -31.7924 -32.6558 4 46529.9 597.456 11551 4.14235e-05
46300 0.505412 0.492771 0.0126408 0 0.974989 19127.1 18447.1 680.025 0 -31.7955 -32.9681 4 46629.9 598.098 11576 4.25683e-05
46400 0.548936 0.53357 0.0153658 0 0.972008 19182 18500.4 681.581 0 -31.7957 -31.8404 4 46729.9 598.739 11601 4.59934e-05
46500 0.543967 0.526589 0.0173778 0 0.968054 19236.5 18553.1 683.383 0 -31.7959 -31.8624 4 46829.9 599.379 11626 4.52941e-05
46600 0.48553 0.471469 0.0140611 0 0.97104 19285.1 18600.2 684.869 0 -31.7981 -32.6689 4 46929.9 600.019 11651 4.0466e-05
46700 0.45732 0.445582 0.0117377 0 0.974334 19330.9 18644.8 686.164 0 -31.8016 -33.3033 4 47029.9 600.658 11676 3.81622e-05
46800 0.436252 0.426538 0.00971338 0 0.977734 19374.6 18687.4 687.174 0 -31.8049 -33.2303 4 47129.9 601.296 11701 3.64532e-05
46900 0.446051 0.437065 0.00898681 0 0.979853 19419.4 18731.1 688.235 0 -31.8084 -33.3473 4 47229.9 601.933 11726 3.72731e-05
47000 0.460634 0.44991 0.0107239 0 0.976719 19465.5 18776.1 689.405 0 -31.812 -33.3015 4 47329.9 602.57 11751 3.8287e-05
47100 0.432915 0.421221 0.0116942 0 0.972987 19508.8 18818.3 690.582 0 -31.8151 -33.2139 4 47429.9 603.207 11776 3.57694e-05
47200 0.44787 0.435533 0.0123368 0 0.972455 19553.7 18861.8 691.853 0 -31.8175 -32.8648 4 47529.9 603.842 11801 3.69065e-05
47300 0.421772 0.40947 0.0123021 0 0.970832 19595.9 18902.8 693.112 0 -31.8205 -33.2238 4 47629.9 604.477 11826 3.46245e-05
47400 0.433164 0.421998 0.0111654 0 0.974224 19639.3 18945 694.38 0 -31.8234 -33.1145 4 47729.9 605.111 11851 3.56087e-05
47500 0.454187 0.439324 0.0148624 0 0.967277 19684.5 18988.9 695.626 0 -31.8247 -32.4025 4 47829.9 605.745 11876 3.69926e-05
47600 0.482341 0.468763 0.0135785 0 0.971849 19732.9 19035.8 697.163 0 -31.8252 -32.0124 4 47929.9 606.378 11901 3.93885e-05
47700 0.440592 0.428803 0.0117897 0 0.973241 19777.2 19078.6 698.517 0 -31.8272 -32.7573 4 48029.9 607.01 11926 3.59553e-05
47800 0.445346 0.432219 0.0131278 0 0.970522 19821.7 19121.9 699.838 0 -31.8294 -32.7716 4 48129.9 607.642 11951 3.61659e-05
47900 0.43912 0.427649 0.0114714 0 0.973876 19865.8 19164.6 701.163 0 -31.8323 -33.1559 4 48229.9 608.272 11976 3.57088e-05
48000 0.444734 0.431689 0.0130445 0 0.970669 19910.2 19207.8 702.405 0 -31.8344 -32.7851 4 48329.9 608.903 12001 3.59711e-05
48100 0.447813 0.433862 0.013951 0 0.968846 19954.9 19251.2 703.695 0 -31.8367 -32.8532 4 48429.9 609.532 12026 3.6077e-05
48200 0.485188 0.47148 0.0137079 0 0.971747 20003.5 19298.3 705.197 0 -31.8382 -32.4366 4 48529.9 610.161 12051 3.91237e-05
48300 0.42956 0.417538 0.0120217 0 0.972014 20046.6 19340.1 706.55 0 -31.8408 -33.0456 4 48629.9 610.79 12076 3.45759e-05
48400 0.465048 0.451254 0.0137932 0 0.97034 20093.2 19385.2 708.026 0 -31.8424 -32.5619 4 48729.9 611.417 12101 3.72907e-05
48500 0.461504 0.44575 0.0157539 0 0.965864 20139.3 19429.8 709.464 0 -31.8442 -32.6244 4 48829.9 612.044 12126 3.67599e-05
48600 0.486436 0.470706 0.0157295 0 0.967664 20188 19476.9 711.129 0 -31.8461 -32.624 4 48929.9 612.671 12151 3.87381e-05
48700 0.465107 0.452108 0.0129994 0 0.972051 20234.6 19522.1 712.506 0 -31.8489 -33.0665 4 49029.9 613.297 12176 3.71311e-05
48800 0.442087 0.429921 0.0121656 0 0.972482 20278.8 19565.1 713.767 0 -31.852 -33.2525 4 49129.9 613.922 12201 3.52366e-05
48900 0.422984 0.411889 0.011095 0 0.97377 20321.2 19606.2 714.952 0 -31.8553 -33.4567 4 49229.9 614.546 12226 3.36896e-05
49000 0.455574 0.440152 0.0154215 0 0.966149 20366.5 19650.3 716.272 0 -31.8575 -32.831 4 49329.9 615.17 12251 3.59279e-05
49100 0.474758 0.457232 0.0175263 0 0.963084 20413.7 19696 717.756 0 -31.8585 -32.2954 4 49429.9 615.793 12276 3.7246e-05
49200 0.488103 0.474549 0.013554 0 0.972231 20462.7 19743.4 719.304 0 -31.8599 -32.4571 4 49529.9 616.416 12301 3.8578e-05
49300 0.477874 0.462319 0.0155541 0 0.967451 20510.5 19789.7 720.84 0 -31.8616 -32.5575 4 49629.9 617.038 12326 3.75077e-05
49400 0.479283 0.463181 0.0161017 0 0.966405 20558.4 19836 722.411 0 -31.8628 -32.3888 4 49729.9 617.659 12351 3.75015e-05
49500 0.465763 0.450537 0.0152265 0 0.967309 20605 19881 723.934 0 -31.8642 -32.4686 4 49829.9 618.28 12376 3.64041e-05
49600 0.486061 0.470705 0.015356 0 0.968407 20653.7 19928.1 725.565 0 -31.8649 -32.1888 4 49929.9 618.9 12401 3.7957e-05
49700 0.492341 0.475406 0.0169347 0 0.965604 20702.9 19975.7 727.262 0 -31.865 -31.8835 4 50029.9 619.519 12426 3.8259e-05
49800 0.460911 0.444331 0.0165801 0 0.964028 20748.9 20020.1 728.842 0 -31.8663 -32.4519 4 50129.9 620.138 12451 3.56864e-05
49900 0.468194 0.456072 0.0121225 0 0.974108 20796 20065.7 730.327 0 -31.8683 -32.78 4 50229.9 620.756 12476 3.65559e-05
50000 0.443501 0.431763 0.0117371 0 0.973535 20840.5 20108.9 731.595 0 -31.8704 -32.8408 4 50329.9 621.374 12501 3.45383e-05
