100 0.0107604 0.0100069 0.00075356 0 0.929969 1.05904 1.00069 0.0583544 0 -21.0576 -21.0576 64 453.882 59.0081 2 0.00500343
200 0.0117954 0.00980225 0.00199318 0 0.831021 2.14236 1.98091 0.161454 0 -21.0941 -21.1298 64 581.882 66.8124 4 0.00245056
300 0.014751 0.0130086 0.0017424 0 0.881879 3.61182 3.28177 0.330049 0 -22.6819 -24.9969 64 645.882 70.3909 5 0.00260172
400 0.0114884 0.0100269 0.00146144 0 0.87279 4.7623 4.28446 0.477833 0 -23.2342 -24.9679 64 773.882 77.0508 7 0.00143242
500 0.00887082 0.00826088 0.000609945 0 0.931241 5.69128 5.11055 0.580725 0 -23.9152 -27.4063 64 837.882 80.1736 8 0.00103261
600 0.0108964 0.0102169 0.000679443 0 0.937645 6.79362 6.13224 0.661374 0 -24.7492 -29.055 64 965.882 86.08 10 0.00102169
700 0.00726379 0.0068829 0.000380885 0 0.947564 7.53344 6.82053 0.712911 0 -25.203 -29.3707 64 1029.88 88.8861 11 0.000625718
800 0.0195087 0.0178871 0.00162155 0 0.916881 9.43912 8.60924 0.829878 0 -25.9104 -28.7069 64 1157.88 94.248 13 0.00137593
900 0.0429989 0.040622 0.00237689 0 0.944722 13.7511 12.6714 1.07962 0 -27.6823 -31.5609 64 1285.88 99.3209 15 0.00270813
1000 0.0245537 0.0234392 0.00111453 0 0.954608 16.2669 15.0154 1.25157 0 -28.3125 -31.7574 64 1349.88 101.763 16 0.00146495
1100 0.0201227 0.0189321 0.00119062 0 0.940832 18.2687 16.9086 1.36017 0 -28.6566 -31.4528 64 1477.88 106.478 18 0.00105178
1200 0.0299146 0.028582 0.00133266 0 0.955451 21.2584 19.7668 1.49159 0 -28.6771 -28.8019 64 1541.88 108.759 19 0.00150431
1300 0.02457 0.0235998 0.000970194 0 0.960513 23.7152 22.1267 1.58841 0 -28.8094 -29.9543 64 1669.88 113.183 21 0.0011238
1400 0.0188368 0.0184679 0.000368928 0 0.980415 25.6426 23.9735 1.66911 0 -29.0162 -31.5606 64 1733.88 115.332 22 0.00083945
1500 0.0161402 0.0158344 0.000305792 0 0.981054 27.2666 25.557 1.70959 0 -29.1905 -31.9438 64 1861.88 119.513 24 0.000659768
1600 0.0171914 0.0165801 0.000611246 0 0.964445 28.9846 27.215 1.76958 0 -29.2885 -30.8439 64 1989.88 123.553 26 0.000637697
1700 0.0141578 0.0138916 0.000266217 0 0.981196 30.413 28.6041 1.80888 0 -29.4292 -32.2828 64 2053.88 125.524 27 0.000514503
1800 0.0131169 0.0124308 0.00068612 0 0.947692 31.6801 29.8472 1.83288 0 -29.4953 -31.0827 64 2181.88 129.377 29 0.000428647
1900 0.0140569 0.0136052 0.000451666 0 0.967869 33.0895 31.2077 1.88176 0 -29.5899 -31.7171 64 2245.88 131.26 30 0.000453506
2000 0.0273316 0.0262118 0.00111982 0 0.959029 35.8248 33.8289 1.99591 0 -29.8197 -32.5993 64 2373.88 134.949 32 0.00081912
2100 0.0181657 0.0166638 0.00150193 0 0.917321 37.6186 35.4953 2.12326 0 -29.8783 -31.049 64 2437.88 136.756 33 0.000504964
2200 0.0179512 0.0169481 0.00100306 0 0.944123 39.4465 37.1901 2.25634 0 -29.8964 -30.2684 64 2565.88 140.3 35 0.000484232
2300 0.0137806 0.0132019 0.00057868 0 0.958007 40.865 38.5103 2.3547 0 -29.9573 -31.6506 64 2629.88 142.039 36 0.000366719
2400 0.0225226 0.021289 0.00123358 0 0.945229 43.0899 40.6392 2.45071 0 -29.973 -30.2619 64 2757.88 145.455 38 0.000560236
2500 0.02098 0.0196897 0.00129036 0 0.938496 45.1768 42.6082 2.56867 0 -30.009 -30.7512 64 2885.88 148.792 40 0.000492242
2600 0.0147367 0.0141657 0.000570988 0 0.961254 46.6691 44.0247 2.6444 0 -30.0955 -32.7145 64 2949.88 150.433 41 0.000345505
2700 0.012048 0.011648 0.000399978 0 0.966801 47.8708 45.1895 2.68127 0 -30.1742 -33.2314 64 3077.88 153.662 43 0.000270885
2800 0.010308 0.0102602 4.77562e-05 0 0.995367 48.9176 46.2156 2.70207 0 -30.2597 -34.1708 64 3141.88 155.251 44 0.000233187
2900 0.0102762 0.0100643 0.000211914 0 0.979378 49.9358 47.222 2.71378 0 -30.3138 -32.9132 64 3269.88 158.382 46 0.000218789
3000 0.0133394 0.0128673 0.000472092 0 0.964609 51.2636 48.5087 2.75488 0 -30.3933 -33.3835 64 3333.88 159.925 47 0.000273772
3100 0.0114352 0.0112597 0.000175439 0 0.984658 52.4222 49.6347 2.78754 0 -30.4685 -33.7949 64 3461.88 162.966 49 0.000229791
3200 0.0142249 0.0138233 0.000401569 0 0.97177 53.857 51.017 2.84 0 -30.5438 -33.2945 64 3589.88 165.951 51 0.000271045
3300 0.0184747 0.0178305 0.000644192 0 0.965131 55.7 52.8001 2.89989 0 -30.5577 -30.9636 64 3653.88 167.424 52 0.000342894
3400 0.0286074 0.0271243 0.00148309 0 0.948157 58.5478 55.5125 3.0353 0 -30.4427 -28.1934 64 3781.88 170.331 54 0.000502301
3500 0.0211615 0.0203402 0.000821256 0 0.961191 60.6951 57.5465 3.14854 0 -30.4392 -30.345 64 3845.88 171.766 55 0.000369822
3600 0.0177482 0.0171755 0.000572661 0 0.967734 62.478 59.2641 3.21397 0 -30.44 -30.467 64 3973.88 174.601 57 0.000301325
3700 0.0152896 0.0151047 0.000184851 0 0.98791 64.0239 60.7746 3.24937 0 -30.4489 -30.8067 64 4037.88 176.002 58 0.000260426
3800 0.01452 0.0142125 0.000307455 0 0.978825 65.484 62.1958 3.28824 0 -30.4699 -31.3917 64 4165.88 178.77 60 0.000236876
3900 0.0119134 0.0115357 0.000377789 0 0.968289 66.6903 63.3494 3.34088 0 -30.4984 -32.047 64 4229.88 180.138 61 0.000189109
4000 0.011764 0.0116547 0.000109315 0 0.990708 67.893 64.5148 3.37812 0 -30.5345 -32.5354 64 4357.88 182.843 63 0.000184995
4100 0.0204858 0.0190269 0.00145887 0 0.928786 69.8541 66.4175 3.43655 0 -30.5454 -30.9236 64 4485.88 185.509 65 0.000292722
4200 0.0224557 0.0215711 0.000884624 0 0.960606 72.1319 68.5746 3.55721 0 -30.5093 -29.3998 64 4549.88 186.827 66 0.000326835
4300 0.0171014 0.0158657 0.00123569 0 0.927743 73.8065 70.1612 3.64529 0 -30.4956 -29.9076 64 4677.88 189.437 68 0.00023332
4400 0.0137742 0.0132449 0.00052925 0 0.961577 75.2007 71.4857 3.71504 0 -30.5176 -31.682 64 4741.88 190.728 69 0.000191955
4500 0.0206132 0.0192337 0.00137948 0 0.933078 77.201 73.4091 3.79188 0 -30.4873 -29.3493 64 4869.88 193.285 71 0.000270897
4600 0.022014 0.0210568 0.000957274 0 0.956515 79.4268 75.5148 3.91209 0 -30.4878 -30.5039 64 4933.88 194.551 72 0.000292455
4700 0.0187522 0.0180059 0.000746317 0 0.960201 81.3224 77.3153 4.00703 0 -30.5064 -31.2876 64 5061.88 197.059 74 0.000243323
4800 0.0163372 0.0158753 0.000461852 0 0.97173 82.9782 78.9029 4.07535 0 -30.5499 -32.6815 64 5189.88 199.535 76 0.000208886
4900 0.0161571 0.0158603 0.000296858 0 0.981627 84.6271 80.4889 4.13819 0 -30.5886 -32.5401 64 5253.88 200.761 77 0.000205978
5000 0.0128081 0.0124802 0.000327919 0 0.974398 85.9 81.7369 4.16307 0 -30.6232 -32.9187 64 5381.88 203.192 79 0.000157977
5100 0.0124795 0.0123629 0.00011662 0 0.990655 87.1608 82.9732 4.18757 0 -30.6672 -33.6674 64 5445.88 204.397 80 0.000154536
5200 0.0124329 0.0121884 0.000244594 0 0.980327 88.412 84.192 4.2199 0 -30.6948 -32.6185 64 5573.88 206.785 82 0.000148638
5300 0.00990875 0.00984707 6.16754e-05 0 0.993776 89.411 85.1768 4.2342 0 -30.732 -34.0201 64 5637.88 207.969 83 0.000118639
5400 0.00956173 0.00946003 0.000101697 0 0.989364 90.3667 86.1228 4.24391 0 -30.7673 -34.0754 64 5765.88 210.316 85 0.000111294
5500 0.018115 0.0170872 0.0010278 0 0.943263 92.1681 87.8315 4.33666 0 -30.8176 -33.3409 64 5829.88 211.48 86 0.000198688
5600 0.0179953 0.0174134 0.000581884 0 0.967665 93.9965 89.5728 4.42371 0 -30.8317 -31.5394 64 5957.88 213.789 88 0.000197879
5700 0.015104 0.0141548 0.000949247 0 0.937153 95.4598 90.9883 4.47156 0 -30.8481 -31.9009 64 6085.88 216.074 90 0.000157275
5800 0.0144356 0.0138418 0.000593846 0 0.958862 96.9289 92.3725 4.55646 0 -30.867 -32.0952 64 6149.88 217.207 91 0.000152107
5900 0.0121337 0.0114697 0.000664003 0 0.945276 98.1367 93.5194 4.61722 0 -30.8791 -31.8544 64 6277.88 219.456 93 0.000123331
6000 0.0112654 0.0107758 0.000489632 0 0.956537 99.2731 94.597 4.67609 0 -30.8968 -32.4251 64 6341.88 220.571 94 0.000114636
6100 0.018068 0.0173675 0.000700445 0 0.961233 101.085 96.3338 4.75121 0 -30.8827 -30.1114 64 6469.88 222.786 96 0.000180912
6200 0.0228673 0.0220481 0.000819206 0 0.964176 103.378 98.5386 4.8399 0 -30.8101 -27.6102 64 6533.88 223.885 97 0.0002273
6300 0.0197909 0.0188539 0.000937032 0 0.952653 105.356 100.424 4.93197 0 -30.7648 -28.3979 64 6661.88 226.068 99 0.000190443
6400 0.0153977 0.0148166 0.000581137 0 0.962258 106.904 101.906 4.99845 0 -30.7513 -29.8301 64 6789.88 228.229 101 0.000146699
6500 0.0194026 0.0187043 0.000698278 0 0.964011 108.847 103.776 5.07124 0 -30.75 -30.6758 64 6853.88 229.302 102 0.000183375
6600 0.0197902 0.0177066 0.00208362 0 0.894714 110.685 105.547 5.13869 0 -30.7093 -28.3041 64 6981.88 231.434 104 0.000170256
6700 0.0217072 0.0203403 0.00136684 0 0.937033 112.903 107.581 5.32233 0 -30.6576 -28.0739 64 7045.88 232.492 105 0.000193718
6800 0.0199729 0.0184058 0.00156712 0 0.921537 114.885 109.421 5.46367 0 -30.632 -29.1748 64 7173.88 234.594 107 0.000172016
6900 0.0221371 0.0208257 0.00131136 0 0.940762 117.109 111.504 5.60558 0 -30.6363 -30.8584 64 7237.88 235.638 108 0.000192831
7000 0.0183254 0.016809 0.0015164 0 0.917251 118.925 113.185 5.73997 0 -30.6406 -30.9202 64 7365.88 237.713 110 0.000152809
7100 0.0151888 0.014318 0.000870776 0 0.94267 120.463 114.617 5.84656 0 -30.6565 -31.8835 64 7429.88 238.743 111 0.000128991
7200 0.0150082 0.0142768 0.000731351 0 0.95127 121.992 116.044 5.94746 0 -30.6671 -31.5013 64 7557.88 240.791 113 0.000126343
7300 0.0166581 0.0154458 0.00121228 0 0.927226 123.612 117.589 6.02351 0 -30.6769 -31.4148 64 7685.88 242.821 115 0.000134311
7400 0.0159608 0.0154526 0.000508181 0 0.968161 125.24 119.134 6.10554 0 -30.6841 -31.2328 64 7749.88 243.83 116 0.000133212
7500 0.0147169 0.0141459 0.000571013 0 0.9612 126.702 120.549 6.15354 0 -30.6976 -31.8545 64 7877.88 245.836 118 0.00011988
7600 0.013798 0.01343 0.00036801 0 0.973329 128.087 121.892 6.19558 0 -30.7248 -33.2118 64 7941.88 246.832 119 0.000112857
7700 0.0136759 0.0130417 0.00063421 0 0.953626 129.44 123.196 6.24411 0 -30.7467 -32.8229 64 8069.88 248.813 121 0.000107783
7800 0.0143696 0.0138025 0.000567069 0 0.960537 130.885 124.576 6.30889 0 -30.7735 -33.1719 64 8133.88 249.798 122 0.000113136
7900 0.0126853 0.0120976 0.000587678 0 0.953673 132.152 125.786 6.36611 0 -30.7935 -32.8569 64 8261.88 251.756 124 9.75616e-05
8000 0.0105221 0.0103181 0.000203983 0 0.980614 133.219 126.818 6.40096 0 -30.8188 -33.9564 64 8389.88 253.699 126 8.18899e-05
8100 0.0124611 0.0122294 0.000231665 0 0.981409 134.482 128.041 6.44147 0 -30.85 -34.1422 64 8453.88 254.664 127 9.62946e-05
8200 0.0124038 0.0114969 0.000906927 0 0.926883 135.661 129.19 6.47085 0 -30.859 -31.8846 64 8581.88 256.585 129 8.91232e-05
8300 0.0132481 0.0128016 0.000446528 0 0.966295 136.992 130.47 6.52171 0 -30.8677 -31.7542 64 8645.88 257.54 130 9.84736e-05
8400 0.0278597 0.0265878 0.00127191 0 0.954346 139.795 133.129 6.66611 0 -30.8606 -30.5114 64 8773.88 259.439 132 0.000201422
8500 0.0157965 0.0156164 0.000180077 0 0.9886 141.423 134.691 6.73198 0 -30.8797 -32.524 64 8837.88 260.384 133 0.000117416
8600 0.019474 0.0186763 0.000797745 0 0.959035 143.348 136.559 6.78908 0 -30.8786 -30.7959 64 8965.88 262.263 135 0.000138343
8700 0.015716 0.0152541 0.000461899 0 0.97061 144.934 138.084 6.85046 0 -30.8949 -32.3719 64 9029.88 263.197 136 0.000112162
8800 0.0241422 0.0234367 0.000705468 0 0.970779 147.388 140.428 6.96011 0 -30.912 -31.917 64 9157.88 265.056 138 0.000169832
8900 0.0162622 0.0158675 0.000394739 0 0.975727 149.039 142.014 7.02493 0 -30.9336 -32.8671 64 9285.88 266.902 140 0.000113339
9000 0.0197959 0.0190264 0.000769476 0 0.961129 150.998 143.917 7.08099 0 -30.9165 -29.6159 64 9349.88 267.82 141 0.000134939
9100 0.0166913 0.0162694 0.000421851 0 0.974726 152.681 145.544 7.13731 0 -30.9201 -31.2408 64 9477.88 269.647 143 0.000113772
9200 0.0130919 0.0129808 0.000111082 0 0.991515 154 146.842 7.15799 0 -30.9389 -33.1096 64 9541.88 270.556 144 9.01446e-05
9300 0.0124835 0.0123306 0.000152922 0 0.98775 155.251 148.075 7.17599 0 -30.9634 -33.9884 64 9669.88 272.365 146 8.44563e-05
9400 0.0105294 0.0104289 0.00010056 0 0.99045 156.305 149.118 7.18716 0 -30.9863 -34.3483 64 9733.88 273.264 147 7.09447e-05
9500 0.0190542 0.0184899 0.000564347 0 0.970382 158.22 150.967 7.25272 0 -31.0191 -33.6994 64 9861.88 275.055 149 0.000124093
9600 0.0136605 0.013353 0.000307562 0 0.977485 159.604 152.302 7.30161 0 -31.0426 -33.7304 64 9989.88 276.835 151 8.84302e-05
9700 0.0331582 0.0320275 0.00113071 0 0.9659 163.027 155.505 7.52181 0 -30.9893 -28.5056 64 10053.9 277.72 152 0.000210707
9800 0.0174271 0.0162628 0.00116425 0 0.933193 164.769 157.131 7.63785 0 -30.9794 -30.0528 64 10181.9 279.482 154 0.000105603
9900 0.0146131 0.0136356 0.000977519 0 0.933107 166.24 158.495 7.74533 0 -30.9831 -31.3925 64 10245.9 280.359 155 8.79714e-05
10000 0.0178249 0.0168939 0.000931059 0 0.947766 168.027 160.184 7.84272 0 -30.9615 -28.9506 64 10373.9 282.105 157 0.000107604
10100 0.0282315 0.0268895 0.00134196 0 0.952466 170.837 162.873 7.96415 0 -30.9161 -28.2017 64 10437.9 282.974 158 0.000170187
10200 0.0252786 0.0240853 0.00119331 0 0.952794 173.4 165.282 8.11783 0 -30.8814 -28.5679 64 10565.9 284.704 160 0.000150533
10300 0.0184581 0.0174833 0.000974833 0 0.947187 175.256 167.03 8.22571 0 -30.8674 -29.5638 64 10629.9 285.565 161 0.000108592
10400 0.0220903 0.0212734 0.000816914 0 0.963019 177.479 169.157 8.32173 0 -30.8644 -30.6248 64 10757.9 287.279 163 0.000130512
10500 0.019161 0.0181542 0.00100672 0 0.94746 179.37 170.973 8.39763 0 -30.8636 -30.7869 64 10885.9 288.983 165 0.000110026
10600 0.0178659 0.0169751 0.000890846 0 0.950137 181.157 172.67 8.4869 0 -30.8702 -31.5409 64 10949.9 289.831 166 0.00010226
10700 0.0166078 0.0159027 0.000705046 0 0.957547 182.828 174.261 8.56713 0 -30.8796 -31.8977 64 11077.9 291.52 168 9.46592e-05
10800 0.0149553 0.0144898 0.000465516 0 0.968873 184.337 175.71 8.62758 0 -30.8908 -32.2406 64 11141.9 292.361 169 8.57385e-05
10900 0.0264874 0.0245986 0.00188886 0 0.928689 186.899 178.169 8.72918 0 -30.876 -29.8125 64 11269.9 294.035 171 0.000143851
11000 0.0272623 0.0265203 0.000742036 0 0.972782 189.699 180.821 8.87719 0 -30.8794 -31.1044 64 11333.9 294.869 172 0.000154188
11100 0.0259281 0.0248129 0.00111517 0 0.95699 192.254 183.303 8.95174 0 -30.8608 -29.4848 64 11461.9 296.53 174 0.000142603
11200 0.0259402 0.0254814 0.000458843 0 0.982312 194.901 185.851 9.04994 0 -30.8628 -31.0078 64 11589.9 298.181 176 0.00014478
11300 0.0189771 0.0188228 0.000154337 0 0.991867 196.805 187.733 9.07154 0 -30.8797 -32.6037 64 11653.9 299.003 177 0.000106343
11400 0.0162106 0.0159884 0.000222223 0 0.986292 198.418 189.332 9.08558 0 -30.8988 -33.229 64 11781.9 300.64 179 8.93207e-05
11500 0.0143128 0.0141992 0.000113661 0 0.992059 199.851 190.752 9.09947 0 -30.9165 -33.368 64 11845.9 301.456 180 7.88842e-05
11600 0.015854 0.015093 0.000760938 0 0.952003 201.383 192.261 9.12157 0 -30.9227 -31.7346 64 11973.9 303.08 182 8.29288e-05
11700 0.0157036 0.0154434 0.000260162 0 0.983433 202.973 193.806 9.16749 0 -30.9381 -32.8891 64 12037.9 303.889 183 8.43903e-05
11800 0.0208588 0.0204022 0.000456623 0 0.978109 205.078 195.846 9.23252 0 -30.9666 -33.718 64 12165.9 305.5 185 0.000110282
11900 0.0136011 0.0132797 0.000321405 0 0.976369 206.45 197.174 9.27609 0 -30.9867 -33.9854 64 12229.9 306.303 186 7.13962e-05
12000 0.0248135 0.0238698 0.000943703 0 0.961968 208.919 199.561 9.35812 0 -30.9705 -29.6169 64 12357.9 307.902 188 0.000126967
12100 0.0219632 0.0210792 0.000884036 0 0.959749 211.132 201.669 9.46347 0 -30.9594 -29.9139 64 12485.9 309.492 190 0.000110943
12200 0.0210515 0.0199935 0.001058 0 0.949742 213.227 203.668 9.55921 0 -30.9522 -30.2184 64 12549.9 310.284 191 0.000104678
12300 0.0180284 0.0170699 0.000958459 0 0.946836 215.031 205.375 9.65559 0 -30.9481 -30.4639 64 12677.9 311.863 193 8.84451e-05
12400 0.0166359 0.0158279 0.000807944 0 0.951434 216.693 206.958 9.73502 0 -30.944 -30.4176 64 12741.9 312.649 194 8.15873e-05
12500 0.0150247 0.0144518 0.000572915 0 0.961869 218.209 208.403 9.80592 0 -30.9492 -31.6876 64 12869.9 314.215 196 7.37338e-05
12600 0.0131265 0.0126073 0.000519193 0 0.960447 219.526 209.664 9.86269 0 -30.9561 -32.112 64 12933.9 314.996 197 6.39967e-05
12700 0.0168166 0.015971 0.000845508 0 0.949722 221.195 211.261 9.9345 0 -30.9411 -28.9584 64 13061.9 316.55 199 8.02565e-05
12800 0.0167188 0.0159594 0.000759374 0 0.95458 222.877 212.857 10.0202 0 -30.926 -28.9509 64 13189.9 318.098 201 7.94e-05
12900 0.0143223 0.0137674 0.00055499 0 0.96125 224.318 214.233 10.0846 0 -30.9217 -30.2485 64 13253.9 318.868 202 6.81552e-05
13000 0.0150286 0.0140137 0.00101493 0 0.932467 225.778 215.635 10.143 0 -30.9179 -30.3421 64 13381.9 320.405 204 6.86944e-05
13100 0.0160769 0.015604 0.000472917 0 0.970584 227.393 217.195 10.1975 0 -30.918 -30.928 64 13445.9 321.17 205 7.61169e-05
13200 0.037044 0.0346209 0.00242308 0 0.934589 230.96 220.657 10.3027 0 -30.8763 -28.2193 64 13573.9 322.695 207 0.000167251
13300 0.0512606 0.0495967 0.00166388 0 0.967541 236.146 225.617 10.5286 0 -30.8531 -29.8182 64 13637.9 323.455 208 0.000238446
13400 0.031966 0.0309674 0.000998584 0 0.968761 239.399 228.714 10.6855 0 -30.8478 -30.4604 64 13765.9 324.969 210 0.000147464
13500 0.0256349 0.0248418 0.000793156 0 0.96906 241.976 231.198 10.7782 0 -30.8475 -30.8277 64 13829.9 325.724 211 0.000117733
13600 0.0219478 0.0215232 0.000424628 0 0.980653 244.19 233.35 10.8393 0 -30.8534 -31.4927 64 13957.9 327.228 213 0.000101048
13700 0.0227601 0.0218347 0.000925323 0 0.959344 246.435 235.534 10.9016 0 -30.8533 -30.8464 64 14085.9 328.725 215 0.000101557
13800 0.0200412 0.0198816 0.00015963 0 0.992035 248.464 237.522 10.9426 0 -30.8677 -32.6069 64 14149.9 329.47 216 9.20444e-05
13900 0.0248415 0.024453 0.000388528 0 0.98436 250.967 239.967 10.9998 0 -30.8725 -31.3503 64 14277.9 330.957 218 0.00011217
14000 0.0193264 0.0190683 0.00025805 0 0.986648 252.914 241.874 11.0403 0 -30.8829 -32.2251 64 14341.9 331.698 219 8.707e-05
14100 0.0173932 0.0172331 0.000160154 0 0.990792 254.665 243.597 11.0678 0 -30.8999 -33.3616 64 14469.9 333.175 221 7.79777e-05
14200 0.0187576 0.018436 0.000321604 0 0.982855 256.546 245.441 11.1054 0 -30.9179 -33.3485 64 14533.9 333.911 222 8.30448e-05
14300 0.0173941 0.0169537 0.000440396 0 0.974681 258.291 247.136 11.1548 0 -30.9336 -33.2485 64 14661.9 335.378 224 7.56861e-05
14400 0.0145854 0.0144835 0.000101911 0 0.993013 259.759 248.585 11.1746 0 -30.9523 -34.2458 64 14789.9 336.839 226 6.40862e-05
14500 0.0295874 0.0284504 0.00113703 0 0.96157 262.705 251.43 11.2752 0 -30.9554 -31.2288 64 14853.9 337.567 227 0.000125332
14600 0.0215299 0.0207298 0.000800101 0 0.962838 264.865 253.503 11.3628 0 -30.9632 -31.9093 64 14981.9 339.018 229 9.05231e-05
14700 0.0217124 0.020594 0.00111833 0 0.948493 267.016 255.562 11.4542 0 -30.9757 -32.5107 64 15045.9 339.742 230 8.95393e-05
14800 0.0224846 0.0217309 0.000753673 0 0.96648 269.301 257.735 11.5659 0 -30.9964 -33.4157 64 15173.9 341.184 232 9.36678e-05
14900 0.0169101 0.0165479 0.000362135 0 0.978585 271.003 259.39 11.6135 0 -31.0169 -34.2665 64 15237.9 341.903 233 7.10212e-05
15000 0.015184 0.0149702 0.000213742 0 0.985923 272.525 260.887 11.6382 0 -31.0368 -34.5805 64 15365.9 343.336 235 6.37031e-05
15100 0.0141714 0.0140825 8.88777e-05 0 0.993728 273.955 262.295 11.6595 0 -31.0567 -34.8466 64 15429.9 344.05 236 5.96715e-05
15200 0.0264118 0.0258281 0.000583652 0 0.977902 276.633 264.878 11.7551 0 -31.0639 -31.802 64 15557.9 345.474 238 0.000108522
15300 0.0261376 0.0245753 0.00156226 0 0.940229 279.209 267.336 11.8739 0 -31.0515 -29.7201 64 15685.9 346.892 240 0.000102397
15400 0.0287459 0.027371 0.00137494 0 0.952169 282.085 270.073 12.0127 0 -31.0307 -29.0057 64 15749.9 347.599 241 0.000113573
15500 0.0250941 0.0240114 0.00108267 0 0.956856 284.594 272.474 12.1197 0 -31.019 -29.7075 64 15877.9 349.009 243 9.88124e-05
15600 0.0221419 0.0213505 0.000791378 0 0.964259 286.821 274.609 12.2125 0 -31.0124 -30.174 64 15941.9 349.711 244 8.75022e-05
15700 0.0198 0.0193149 0.000485113 0 0.975499 288.824 276.54 12.2839 0 -31.0171 -31.6891 64 16069.9 351.113 246 7.85157e-05
15800 0.0178382 0.017426 0.000412197 0 0.976892 290.612 278.283 12.3287 0 -31.0228 -31.9381 64 16133.9 351.811 247 7.05508e-05
15900 0.0171841 0.0168427 0.000341355 0 0.980135 292.335 279.967 12.3682 0 -31.0337 -32.8686 64 16261.9 353.204 249 6.76415e-05
16000 0.0170888 0.0168511 0.000237625 0 0.986095 294.057 281.652 12.405 0 -31.0432 -32.6591 64 16389.9 354.591 251 6.7136e-05
16100 0.015077 0.0150557 2.13388e-05 0 0.998585 295.579 283.158 12.4216 0 -31.0579 -33.8919 64 16453.9 355.283 252 5.97447e-05
16200 0.0202913 0.0188006 0.00149071 0 0.926534 297.485 285.038 12.4475 0 -31.0529 -30.2898 64 16581.9 356.662 254 7.40181e-05
16300 0.0268068 0.0250816 0.00172522 0 0.935643 300.145 287.546 12.599 0 -31.0502 -30.7449 64 16645.9 357.35 255 9.83592e-05
16400 0.0214636 0.0206239 0.00083973 0 0.960877 302.333 289.609 12.725 0 -31.0535 -31.5065 64 16773.9 358.721 257 8.02485e-05
16500 0.0158247 0.0153194 0.000505349 0 0.968066 303.919 291.14 12.7788 0 -31.0643 -33.1145 64 16837.9 359.405 258 5.93774e-05
16600 0.0263961 0.0246979 0.00169821 0 0.935664 306.477 293.61 12.8665 0 -31.0625 -30.8522 64 16965.9 360.768 260 9.49919e-05
16700 0.0497953 0.0476496 0.0021457 0 0.95691 311.496 298.375 13.1207 0 -31.076 -31.9019 64 17029.9 361.448 261 0.000182566
16800 0.0441725 0.0416239 0.00254854 0 0.942305 315.918 302.538 13.3808 0 -31.0699 -30.6362 64 17157.9 362.804 263 0.000158266
16900 0.0332499 0.031048 0.00220189 0 0.933778 319.23 305.642 13.5876 0 -31.0716 -31.2395 64 17285.9 364.155 265 0.000117162
17000 0.0292212 0.0277309 0.00149034 0 0.948998 322.173 308.415 13.7577 0 -31.0795 -31.9379 64 17349.9 364.828 266 0.000104252
17100 0.0249842 0.0238895 0.00109471 0 0.956184 324.683 310.804 13.879 0 -31.092 -32.6861 64 17477.9 366.171 268 8.91399e-05
17200 0.0228896 0.0222217 0.000667888 0 0.970821 326.994 313.027 13.9672 0 -31.1094 -33.5529 64 17541.9 366.841 269 8.26087e-05
17300 0.0238197 0.0229736 0.000846101 0 0.964479 329.368 315.324 14.0441 0 -31.1203 -32.6334 64 17669.9 368.177 271 8.47735e-05
17400 0.0289297 0.0279333 0.000996446 0 0.965556 332.263 318.117 14.1461 0 -31.1359 -32.9011 64 17733.9 368.843 272 0.000102696
17500 0.0239247 0.0230858 0.000838925 0 0.964935 334.672 320.426 14.2458 0 -31.1497 -33.0649 64 17861.9 370.172 274 8.42548e-05
17600 0.0285849 0.0278834 0.000701491 0 0.975459 337.553 323.214 14.339 0 -31.1675 -33.2357 64 17989.9 371.496 276 0.000101027
17700 0.0239834 0.0234555 0.000527823 0 0.977992 339.967 325.56 14.4067 0 -31.1883 -34.095 64 18053.9 372.156 277 8.4677e-05
17800 0.0213662 0.0206918 0.000674458 0 0.968433 342.085 327.629 14.4564 0 -31.2059 -34.02 64 18181.9 373.473 279 7.4164e-05
17900 0.0329018 0.0317029 0.00119887 0 0.963562 345.353 330.799 14.5534 0 -31.2239 -33.1081 64 18245.9 374.13 280 0.000113225
18000 0.0378406 0.0361753 0.00166536 0 0.95599 349.1 334.417 14.683 0 -31.2381 -32.5459 64 18373.9 375.44 282 0.000128281
18100 0.0335179 0.0326434 0.000874585 0 0.973907 352.477 337.681 14.7957 0 -31.2621 -33.751 64 18437.9 376.093 283 0.000115348
18200 0.0255299 0.0250817 0.00044825 0 0.982442 355.058 340.189 14.8688 0 -31.2841 -34.2823 64 18565.9 377.396 285 8.80058e-05
18300 0.0228634 0.0226674 0.000195926 0 0.991431 357.36 342.456 14.9038 0 -31.3063 -34.7357 64 18629.9 378.046 286 7.92568e-05
18400 0.0317262 0.0302565 0.00146974 0 0.953674 360.527 345.482 15.0454 0 -31.3224 -33.1393 64 18757.9 379.343 288 0.000105057
18500 0.0277621 0.0262794 0.00148269 0 0.946593 363.293 348.11 15.1836 0 -31.3409 -33.7433 64 18885.9 380.635 290 9.06187e-05
18600 0.0219391 0.0214729 0.00046624 0 0.978748 365.504 350.257 15.2469 0 -31.3668 -35.6311 64 18949.9 381.279 291 7.37899e-05
18700 0.018913 0.0187645 0.000148477 0 0.992149 367.388 352.133 15.2545 0 -31.3912 -36.1274 64 19077.9 382.565 293 6.40427e-05
18800 0.0181403 0.0180492 9.10834e-05 0 0.994979 369.205 353.938 15.2669 0 -31.4147 -36.1703 64 19141.9 383.206 294 6.1392e-05
18900 0.018159 0.0179656 0.000193425 0 0.989348 371.017 355.735 15.282 0 -31.4363 -35.8226 64 19269.9 384.485 296 6.06945e-05
19000 0.017035 0.0169628 7.22217e-05 0 0.99576 372.729 357.431 15.2979 0 -31.4578 -36.1219 64 19333.9 385.123 297 5.71137e-05
19100 0.0159914 0.0158822 0.000109185 0 0.993172 374.326 359.019 15.3065 0 -31.4788 -36.395 64 19461.9 386.396 299 5.31177e-05
19200 0.016827 0.0166219 0.000205138 0 0.987809 376.006 360.682 15.3246 0 -31.4984 -35.8449 64 19589.9 387.664 301 5.52222e-05
19300 0.0196783 0.0191327 0.000545569 0 0.972276 377.967 362.595 15.3725 0 -31.5176 -35.1978 64 19653.9 388.297 302 6.33534e-05
19400 0.0171355 0.0165919 0.000543547 0 0.968279 379.662 364.254 15.4085 0 -31.5342 -35.2449 64 19781.9 389.56 304 5.45787e-05
19500 0.0218275 0.0212291 0.000598391 0 0.972585 381.837 366.377 15.4604 0 -31.5355 -31.7677 64 19845.9 390.189 305 6.96036e-05
19600 0.0198214 0.0193308 0.000490515 0 0.975253 383.823 368.31 15.5133 0 -31.5437 -33.1056 64 19973.9 391.445 307 6.29669e-05
19700 0.0172725 0.017035 0.00023754 0 0.986248 385.562 370.013 15.5487 0 -31.5554 -34.1511 64 20037.9 392.072 308 5.53084e-05
19800 0.0168783 0.0167691 0.000109226 0 0.993529 387.271 371.69 15.5809 0 -31.5696 -34.7749 64 20165.9 393.322 310 5.40938e-05
19900 0.0145016 0.0144231 7.85384e-05 0 0.994584 388.725 373.133 15.5927 0 -31.5853 -35.7528 64 20229.9 393.946 311 4.63764e-05
20000 0.013685 0.0135905 9.45478e-05 0 0.993091 390.09 374.492 15.598 0 -31.6018 -36.3158 64 20357.9 395.19 313 4.342e-05
