100 0.0170359 0.0162798 0.000756088 0 0.955618 1.72068 1.62798 0.0926991 0 -32.2859 -32.2859 128 453.882 59.0081 1 0.0162798
200 0.00717168 0.00669084 0.00048084 0 0.932953 2.45147 2.29707 0.154401 0 -32.3283 -32.428 128 581.882 66.8124 2 0.00334542
300 0.00862315 0.00796407 0.000659075 0 0.923569 3.31446 3.09347 0.22099 0 -32.188 -31.7895 128 709.882 73.796 3 0.00265469
400 0.00644253 0.00587047 0.000572064 0 0.911205 3.96478 3.68052 0.284256 0 -32.0695 -31.4658 128 837.882 80.1736 4 0.00146762
500 0.00472862 0.00442292 0.000305709 0 0.935349 4.44794 4.12281 0.325133 0 -32.0625 -32.0045 128 837.882 80.1736 4 0.00110573
600 0.0251123 0.0241039 0.00100837 0 0.959845 7.01103 6.5332 0.477833 0 -29.1984 -24.2283 128 965.882 86.08 5 0.00482078
700 0.012233 0.0119573 0.000275675 0 0.977465 8.27272 7.72893 0.543795 0 -28.8884 -27.1658 128 1093.88 91.6063 6 0.00199288
800 0.0153506 0.0153445 6.13693e-06 0 0.9996 9.85705 9.26338 0.593675 0 -28.9139 -29.0466 128 1221.88 96.8177 7 0.00219207
900 0.00950779 0.00926763 0.000240151 0 0.974742 10.7858 10.1901 0.5957 0 -29.0121 -30.0544 128 1349.88 101.763 8 0.00115845
1000 0.00652105 0.00648679 3.42581e-05 0 0.994747 11.4439 10.8388 0.605087 0 -29.1475 -31.3678 128 1349.88 101.763 8 0.000810849
1100 0.00560902 0.00560902 0 0 1 12.0107 11.3997 0.611013 0 -29.2279 -30.8496 128 1477.88 106.478 9 0.000623224
1200 0.00490888 0.0048435 6.53801e-05 0 0.986681 12.4989 11.8841 0.614835 0 -29.2946 -30.9378 128 1605.88 110.993 10 0.00048435
1300 0.00559459 0.00527545 0.000319143 0 0.942955 13.0367 12.4116 0.625084 0 -29.3163 -29.8187 128 1733.88 115.332 11 0.000479586
1400 0.00499426 0.00489986 9.44051e-05 0 0.981097 13.5402 12.9016 0.638638 0 -29.3913 -31.3334 128 1733.88 115.332 11 0.000445442
1500 0.0045945 0.00447416 0.000120337 0 0.973808 14.0036 13.349 0.654631 0 -29.4629 -31.5542 128 1861.88 119.513 12 0.000372847
1600 0.00425495 0.00419736 5.75927e-05 0 0.986465 14.4347 13.7688 0.665979 0 -29.5222 -31.4513 128 1989.88 123.553 13 0.000322874
1700 0.00675063 0.00643133 0.000319308 0 0.9527 15.0991 14.4119 0.687171 0 -29.5001 -29.0196 128 2117.88 127.465 14 0.00045938
1800 0.0129283 0.0111465 0.0017819 0 0.862171 16.2559 15.5265 0.729391 0 -29.4268 -28.4702 128 2245.88 131.26 15 0.000743097
1900 0.0208742 0.0198344 0.0010398 0 0.950187 18.3531 17.51 0.843148 0 -29.8127 -32.8041 128 2245.88 131.26 15 0.00132229
2000 0.0224105 0.0212861 0.0011244 0 0.949827 20.629 19.6386 0.990433 0 -29.8444 -30.0995 128 2373.88 134.949 16 0.00133038
2100 0.0123389 0.0117727 0.000566176 0 0.954115 21.8924 20.8159 1.07652 0 -29.9749 -32.1069 128 2501.88 138.539 17 0.000692514
2200 0.00904297 0.00885097 0.000191998 0 0.978768 22.8279 21.7009 1.127 0 -30.1129 -33.3411 128 2629.88 142.039 18 0.00049172
2300 0.00736847 0.00722627 0.000142199 0 0.980702 23.5694 22.4236 1.1458 0 -30.2415 -34.2 128 2629.88 142.039 18 0.000401459
2400 0.00684208 0.00681163 3.04508e-05 0 0.995549 24.2666 23.1047 1.16184 0 -30.3686 -34.6656 128 2757.88 145.455 19 0.000358507
2500 0.00669057 0.00665667 3.39041e-05 0 0.994933 24.9418 23.7704 1.17143 0 -30.5009 -35.2558 128 2885.88 148.792 20 0.000332833
2600 0.00632819 0.00623381 9.43765e-05 0 0.985086 25.5725 24.3938 1.17867 0 -30.5849 -33.909 128 3013.88 152.056 21 0.000296848
2700 0.00601519 0.00581711 0.000198079 0 0.96707 26.1626 24.9755 1.18715 0 -30.6589 -33.8649 128 3141.88 155.251 22 0.000264414
2800 0.0057172 0.00564044 7.67604e-05 0 0.986574 26.7377 25.5395 1.19811 0 -30.7554 -35.1463 128 3141.88 155.251 22 0.000256384
2900 0.00473853 0.00470529 3.32399e-05 0 0.992985 27.214 26.0101 1.20388 0 -30.8512 -36.2269 128 3269.88 158.382 23 0.000204578
3000 0.00485018 0.00485018 0 0 1 27.7051 26.4951 1.21003 0 -30.9365 -35.6646 128 3397.88 161.452 24 0.000202091
3100 0.00442993 0.00435924 7.06858e-05 0 0.984044 28.1435 26.931 1.2125 0 -31.0042 -35.2838 128 3525.88 164.465 25 0.00017437
3200 0.00400496 0.00399229 1.26708e-05 0 0.996836 28.5465 27.3302 1.21622 0 -31.0765 -36.1242 128 3653.88 167.424 26 0.00015355
3300 0.00416179 0.00413066 3.11305e-05 0 0.99252 28.9641 27.7433 1.22082 0 -31.1484 -36.062 128 3653.88 167.424 26 0.000158872
3400 0.00482705 0.00463221 0.000194841 0 0.959636 29.4524 28.2065 1.24588 0 -31.1746 -32.7268 128 3781.88 170.331 27 0.000171563
3500 0.00386021 0.00374277 0.000117445 0 0.969575 29.8431 28.5808 1.26226 0 -31.2238 -34.9342 128 3909.88 173.19 28 0.00013367
3600 0.00376611 0.00358157 0.000184546 0 0.950998 30.2121 28.939 1.27311 0 -31.266 -34.6771 128 4037.88 176.002 29 0.000123502
3700 0.00346213 0.00346213 0 0 1 30.5666 29.2852 1.28144 0 -31.3279 -36.6045 128 4037.88 176.002 29 0.000119384
3800 0.00718856 0.00700492 0.000183646 0 0.974453 31.3031 29.9857 1.31746 0 -31.3786 -33.4821 128 4165.88 178.77 30 0.000233497
3900 0.0184843 0.0177975 0.000686751 0 0.962847 33.1588 31.7654 1.39341 0 -31.3739 -31.2956 128 4293.88 181.495 31 0.000574114
4000 0.0112161 0.010509 0.000707122 0 0.936955 34.2796 32.8163 1.46325 0 -31.389 -31.8336 128 4421.88 184.18 32 0.000328405
4100 0.0181805 0.0150611 0.00311945 0 0.828418 35.863 34.3224 1.54062 0 -31.2016 -27.1455 128 4549.88 186.827 33 0.000456397
4200 0.0328948 0.031133 0.00176181 0 0.946441 39.193 37.4357 1.75729 0 -31.0837 -29.8136 128 4549.88 186.827 33 0.000943423
4300 0.0159948 0.0148109 0.00118393 0 0.92598 40.8161 38.9168 1.89926 0 -31.0254 -29.6178 128 4677.88 189.437 34 0.000435614
4400 0.0121848 0.0111613 0.00102351 0 0.916001 42.036 40.0329 2.00309 0 -30.9877 -29.7255 128 4805.88 192.011 35 0.000318893
4500 0.010073 0.00932834 0.000744696 0 0.92607 43.055 40.9658 2.08925 0 -30.9794 -30.6401 128 4933.88 194.551 36 0.000259121
4600 0.00841288 0.00795844 0.000454435 0 0.945983 43.909 41.7616 2.14734 0 -30.9972 -31.8947 128 4933.88 194.551 36 0.000221068
4700 0.00757055 0.00710552 0.000465023 0 0.938575 44.6702 42.4722 2.19805 0 -31.0195 -32.3058 128 5061.88 197.059 37 0.000192041
4800 0.00854568 0.0079837 0.000561973 0 0.934239 45.5299 43.2705 2.25935 0 -31.0129 -30.6674 128 5189.88 199.535 38 0.000210097
4900 0.0110731 0.0104481 0.000625002 0 0.943557 46.6167 44.3153 2.30133 0 -30.9598 -28.7355 128 5317.88 201.98 39 0.000267899
5000 0.0102915 0.00982936 0.000462187 0 0.955091 47.6431 45.2983 2.34486 0 -30.9304 -29.5947 128 5445.88 204.397 40 0.000245734
5100 0.00792203 0.00766854 0.000253489 0 0.968002 48.4398 46.0651 2.37468 0 -30.9411 -31.5817 128 5445.88 204.397 40 0.000191714
5200 0.0081659 0.00793129 0.000234612 0 0.971269 49.2628 46.8583 2.4045 0 -30.9481 -31.3581 128 5573.88 206.785 41 0.000193446
5300 0.00676695 0.00667361 9.33366e-05 0 0.986207 49.9496 47.5256 2.42395 0 -30.9698 -32.5323 128 5701.88 209.146 42 0.000158895
5400 0.00589928 0.00576759 0.000131693 0 0.977676 50.5366 48.1024 2.43419 0 -30.9908 -32.7733 128 5829.88 211.48 43 0.00013413
5500 0.0051404 0.0051404 0 0 1 51.0526 48.6164 2.43615 0 -31.0217 -34.0454 128 5829.88 211.48 43 0.000119544
5600 0.010832 0.0102361 0.000595923 0 0.944985 52.1627 49.64 2.52269 0 -31.0709 -33.336 128 5957.88 213.789 44 0.000232639
5700 0.00678827 0.00636506 0.000423213 0 0.937655 52.8496 50.2765 2.57305 0 -31.0889 -32.455 128 6085.88 216.074 45 0.000141446
5800 0.00664223 0.00627603 0.000366204 0 0.944867 53.5123 50.9041 2.60818 0 -31.1007 -32.0381 128 6213.88 218.334 46 0.000136435
5900 0.00625608 0.00586885 0.000387229 0 0.938104 54.128 51.491 2.63696 0 -31.1082 -31.762 128 6341.88 220.571 47 0.000124869
6000 0.00544986 0.00541712 3.27407e-05 0 0.993992 54.6845 52.0327 2.65179 0 -31.1366 -33.8978 128 6341.88 220.571 47 0.000115258
6100 0.00561799 0.0055968 2.1189e-05 0 0.996228 55.253 52.5924 2.66061 0 -31.1715 -34.5303 128 6469.88 222.786 48 0.0001166
6200 0.00644861 0.00630021 0.000148399 0 0.976987 55.8989 53.2224 2.6765 0 -31.2013 -33.754 128 6597.88 224.979 49 0.000128576
6300 0.00624523 0.005955 0.00029023 0 0.953528 56.5158 53.8179 2.69787 0 -31.2186 -32.7806 128 6725.88 227.151 50 0.0001191
6400 0.00513918 0.00509202 4.71554e-05 0 0.990824 57.0423 54.3271 2.71516 0 -31.2475 -34.3582 128 6853.88 229.302 51 9.98436e-05
6500 0.00613033 0.00597116 0.000159171 0 0.974035 57.6677 54.9243 2.74341 0 -31.2721 -33.5115 128 6853.88 229.302 51 0.000117082
6600 0.0151287 0.0144403 0.000688452 0 0.954494 59.1852 56.3683 2.81692 0 -31.2268 -29.5071 128 6981.88 231.434 52 0.000277698
6700 0.009809 0.00916417 0.000644824 0 0.934262 60.1735 57.2847 2.88881 0 -31.2366 -31.8187 128 7109.88 233.545 53 0.000172909
6800 0.0107295 0.00963738 0.00109217 0 0.898209 61.1892 58.2484 2.94072 0 -31.1746 -27.5035 128 7237.88 235.638 54 0.00017847
6900 0.0122108 0.0114373 0.000773474 0 0.936656 62.4141 59.3922 3.02197 0 -31.0984 -27.2946 128 7237.88 235.638 54 0.000211802
7000 0.00888748 0.00842063 0.000466853 0 0.947471 63.3204 60.2342 3.08616 0 -31.0773 -29.6207 128 7365.88 237.713 55 0.000153102
7100 0.0074408 0.0070724 0.000368399 0 0.950489 64.0774 60.9415 3.13595 0 -31.0743 -30.823 128 7493.88 239.769 56 0.000126293
7200 0.00629238 0.00586107 0.000431303 0 0.931456 64.7044 61.5276 3.17686 0 -31.0713 -30.7683 128 7621.88 241.808 57 0.000102826
7300 0.00682111 0.00612959 0.000691523 0 0.89862 65.3506 62.1405 3.21007 0 -31.0576 -29.6874 128 7749.88 243.83 58 0.000105683
7400 0.00886527 0.00856427 0.000300994 0 0.966048 66.2498 62.997 3.2528 0 -31.0596 -31.1996 128 7749.88 243.83 58 0.00014766
7500 0.00665505 0.00649851 0.000156545 0 0.976477 66.9354 63.6468 3.28855 0 -31.065 -31.5922 128 7877.88 245.836 59 0.000110144
7600 0.00598669 0.0057672 0.000219488 0 0.963337 67.5324 64.2235 3.30889 0 -31.0667 -31.2553 128 8005.88 247.825 60 9.612e-05
7700 0.00558103 0.00546452 0.000116508 0 0.979124 68.0967 64.77 3.32671 0 -31.0793 -32.5889 128 8133.88 249.798 61 8.95823e-05
7800 0.0047841 0.0047841 0 0 1 68.5797 65.2484 3.33134 0 -31.1007 -34.1205 128 8133.88 249.798 61 7.84279e-05
7900 0.0120822 0.0118954 0.000186817 0 0.984538 69.8099 66.4379 3.372 0 -31.1143 -31.8727 128 8261.88 251.756 62 0.000191861
8000 0.0151051 0.0143729 0.000732135 0 0.951531 71.3137 67.8752 3.43846 0 -31.0279 -27.0123 128 8389.88 253.699 63 0.000228142
8100 0.0105612 0.0100409 0.000520284 0 0.950736 72.3722 68.8793 3.49283 0 -30.9921 -28.5838 128 8517.88 255.626 64 0.000156889
8200 0.0084027 0.00801702 0.000385687 0 0.9541 73.2116 69.681 3.53062 0 -30.9797 -29.906 128 8645.88 257.54 65 0.000123339
8300 0.00716881 0.00695744 0.000211374 0 0.970515 73.9331 70.3768 3.55632 0 -30.9836 -31.3832 128 8645.88 257.54 65 0.000107038
8400 0.00671507 0.00662243 9.26378e-05 0 0.986204 74.6164 71.039 3.57737 0 -30.9962 -32.3618 128 8773.88 259.439 66 0.00010034
8500 0.0100279 0.00938519 0.000642671 0 0.935911 75.6007 71.9775 3.6232 0 -30.9497 -27.4268 128 8901.88 261.325 67 0.000140077
8600 0.0106741 0.00971416 0.000959931 0 0.910069 76.6393 72.9489 3.69039 0 -30.8893 -26.4933 128 9029.88 263.197 68 0.000142855
8700 0.00895586 0.00856379 0.000392072 0 0.956222 77.5549 73.8053 3.74956 0 -30.8582 -28.2528 128 9029.88 263.197 68 0.000125938
8800 0.0116774 0.0114317 0.000245731 0 0.978957 78.7419 74.9485 3.79345 0 -30.8623 -31.1315 128 9157.88 265.056 69 0.000165677
8900 0.00987718 0.00968121 0.000195968 0 0.980159 79.7475 75.9166 3.83085 0 -30.8767 -32.0047 128 9285.88 266.902 70 0.000138303
9000 0.00786254 0.00769299 0.000169548 0 0.978436 80.5307 76.6859 3.84473 0 -30.885 -31.7218 128 9413.88 268.735 71 0.000108352
9100 0.00857675 0.00810151 0.000475232 0 0.944591 81.3593 77.4961 3.86327 0 -30.8841 -30.8036 128 9541.88 270.556 72 0.000112521
9200 0.00939151 0.00910738 0.000284136 0 0.969745 82.3063 78.4068 3.89946 0 -30.8971 -32.0132 128 9541.88 270.556 72 0.000126491
9300 0.00991732 0.00962256 0.000294753 0 0.970279 83.3045 79.3691 3.93542 0 -30.8884 -30.1723 128 9669.88 272.365 73 0.000131816
9400 0.00840662 0.00825084 0.000155785 0 0.981469 84.1575 80.1941 3.96335 0 -30.8969 -31.7222 128 9797.88 274.161 74 0.000111498
9500 0.00736578 0.00709007 0.000275707 0 0.962569 84.8849 80.9032 3.98177 0 -30.9047 -31.8132 128 9925.88 275.946 75 9.45343e-05
9600 0.005954 0.005954 0 0 1 85.4939 81.4986 3.99533 0 -30.9233 -33.5146 128 10053.9 277.72 76 7.83421e-05
9700 0.00540322 0.00540322 0 0 1 86.0367 82.0389 3.9978 0 -30.9448 -34.3188 128 10053.9 277.72 76 7.1095e-05
9800 0.0047531 0.0047531 0 0 1 86.5126 82.5142 3.99843 0 -30.9642 -34.4728 128 10181.9 279.482 77 6.17286e-05
9900 0.00580534 0.00562287 0.000182472 0 0.968568 87.0874 83.0765 4.01091 0 -30.9835 -33.8907 128 10309.9 281.233 78 7.20881e-05
10000 0.0061397 0.00580507 0.000334633 0 0.945497 87.6871 83.657 4.03011 0 -30.9924 -32.2924 128 10437.9 282.974 79 7.34818e-05
10100 0.00562259 0.00552889 9.37028e-05 0 0.983335 88.2594 84.2099 4.0495 0 -31.007 -33.2408 128 10437.9 282.974 79 6.9986e-05
10200 0.00549629 0.00546754 2.87463e-05 0 0.99477 88.8173 84.7566 4.0607 0 -31.0244 -33.7734 128 10565.9 284.704 80 6.83443e-05
10300 0.0174104 0.0163735 0.00103695 0 0.940441 90.5175 86.394 4.12356 0 -30.9779 -28.5476 128 10693.9 286.423 81 0.000202142
10400 0.0121739 0.0114679 0.00070602 0 0.942005 91.7519 87.5408 4.21119 0 -30.9697 -30.3694 128 10821.9 288.132 82 0.000139852
10500 0.00998506 0.00845287 0.00153219 0 0.846552 92.656 88.386 4.26996 0 -30.9507 -29.0201 128 10949.9 289.831 83 0.000101842
10600 0.00871433 0.00856639 0.000147945 0 0.983023 93.5529 89.2427 4.31019 0 -30.9942 -35.4894 128 10949.9 289.831 83 0.000103209
10700 0.00796349 0.00779385 0.000169634 0 0.978698 94.3561 90.0221 4.33399 0 -31.015 -33.4416 128 11077.9 291.52 84 9.2784e-05
10800 0.0121553 0.0114534 0.000701886 0 0.942257 95.5499 91.1674 4.38248 0 -31.0188 -31.3219 128 11205.9 293.199 85 0.000134746
10900 0.00954057 0.00920532 0.000335259 0 0.96486 96.5147 92.0879 4.42677 0 -31.0333 -32.4666 128 11333.9 294.869 86 0.000107039
11000 0.00717499 0.0071426 3.23883e-05 0 0.995486 97.2433 92.8022 4.44112 0 -31.0543 -33.8304 128 11333.9 294.869 86 8.30535e-05
11100 0.00642071 0.00638832 3.23883e-05 0 0.994956 97.8888 93.441 4.44779 0 -31.0743 -34.0853 128 11461.9 296.53 87 7.3429e-05
11200 0.00625257 0.00611018 0.000142394 0 0.977226 98.5097 94.0521 4.45769 0 -31.0885 -33.337 128 11589.9 298.181 88 6.94339e-05
11300 0.00755627 0.00721349 0.000342779 0 0.954636 99.2627 94.7734 4.48929 0 -31.088 -31.0224 128 11717.9 299.823 89 8.10504e-05
11400 0.0104718 0.00960527 0.000866493 0 0.917254 100.25 95.7339 4.5162 0 -31.0525 -27.4817 128 11845.9 301.456 90 0.000106725
11500 0.0143576 0.0138711 0.000486502 0 0.966115 101.699 97.121 4.57771 0 -30.9948 -27.0031 128 11845.9 301.456 90 0.000154123
11600 0.0104385 0.0100775 0.000360982 0 0.965418 102.752 98.1288 4.62371 0 -30.9735 -28.9204 128 11973.9 303.08 91 0.000110742
11700 0.00793714 0.00773386 0.000203285 0 0.974388 103.558 98.9022 4.6559 0 -30.9686 -30.3412 128 12101.9 304.696 92 8.40636e-05
11800 0.00673829 0.00655285 0.00018544 0 0.97248 104.232 99.5575 4.67413 0 -30.9706 -31.2796 128 12229.9 306.303 93 7.04608e-05
11900 0.00576948 0.00574283 2.66539e-05 0 0.99538 104.821 100.132 4.68912 0 -30.9795 -32.5566 128 12229.9 306.303 93 6.17509e-05
12000 0.00645265 0.00641246 4.0191e-05 0 0.993771 105.471 100.773 4.69842 0 -30.99 -32.6753 128 12357.9 307.902 94 6.82177e-05
12100 0.00636595 0.00628507 8.08758e-05 0 0.987296 106.109 101.401 4.70786 0 -31.0029 -33.134 128 12485.9 309.492 95 6.61586e-05
12200 0.00550445 0.00541766 8.67905e-05 0 0.984233 106.659 101.943 4.71572 0 -31.0152 -33.3967 128 12613.9 311.075 96 5.64339e-05
12300 0.00522241 0.00498694 0.000235469 0 0.954912 107.164 102.442 4.72252 0 -31.0233 -32.7295 128 12741.9 312.649 97 5.14118e-05
12400 0.00495301 0.0048246 0.000128404 0 0.974076 107.662 102.924 4.73726 0 -31.0336 -33.2447 128 12741.9 312.649 97 4.97382e-05
12500 0.0136313 0.0130271 0.000604162 0 0.955678 109.036 104.227 4.80865 0 -31.0286 -30.6394 128 12869.9 314.215 98 0.00013293
12600 0.0236228 0.0221163 0.00150648 0 0.936228 111.378 106.439 4.93926 0 -31.0543 -32.2503 128 12997.9 315.774 99 0.000223397
12700 0.0173847 0.0167432 0.000641442 0 0.963103 113.168 108.113 5.05481 0 -31.0829 -32.8641 128 13125.9 317.325 100 0.000167432
12800 0.012063 0.0117556 0.000307417 0 0.974516 114.401 109.289 5.1128 0 -31.1145 -34.0153 128 13253.9 318.868 101 0.000116392
12900 0.0101669 0.00997193 0.000194989 0 0.980821 115.424 110.286 5.13782 0 -31.1401 -34.0037 128 13253.9 318.868 101 9.8732e-05
13000 0.0108922 0.0106968 0.000195323 0 0.982068 116.516 111.356 5.1606 0 -31.1518 -32.3821 128 13381.9 320.405 102 0.000104871
13100 0.00911121 0.00906849 4.27289e-05 0 0.99531 117.432 112.262 5.16979 0 -31.1727 -33.8341 128 13509.9 321.933 103 8.80435e-05
13200 0.0108481 0.00995296 0.000895131 0 0.917485 118.451 113.258 5.19357 0 -31.1666 -30.4592 128 13637.9 323.455 104 9.57016e-05
13300 0.00958719 0.00957521 1.19813e-05 0 0.99875 119.426 114.215 5.21119 0 -31.1849 -33.4125 128 13637.9 323.455 104 9.20693e-05
13400 0.00890487 0.00872401 0.000180863 0 0.979689 120.334 115.088 5.24651 0 -31.2097 -34.4772 128 13765.9 324.969 105 8.30858e-05
13500 0.00721993 0.00710796 0.000111972 0 0.984491 121.062 115.798 5.26409 0 -31.2344 -35.3128 128 13893.9 326.476 106 6.70562e-05
13600 0.0065175 0.0064452 7.23051e-05 0 0.988906 121.718 116.443 5.27533 0 -31.2587 -35.7416 128 14021.9 327.977 107 6.02355e-05
13700 0.00645806 0.00604374 0.00041432 0 0.935845 122.326 117.047 5.2788 0 -31.2725 -34.0265 128 14149.9 329.47 108 5.59605e-05
13800 0.00637537 0.00637537 0 0 1 122.973 117.685 5.28831 0 -31.2915 -34.8837 128 14149.9 329.47 108 5.90312e-05
13900 0.0170425 0.0163661 0.000676404 0 0.960311 124.671 119.321 5.34918 0 -31.323 -33.6085 128 14277.9 330.957 109 0.000150148
14000 0.0158947 0.0149771 0.000917671 0 0.942266 126.27 120.819 5.45046 0 -31.3163 -30.7937 128 14405.9 332.437 110 0.000136155
14100 0.012079 0.0115008 0.000578218 0 0.95213 127.498 121.969 5.52876 0 -31.3226 -31.9656 128 14533.9 333.911 111 0.00010361
14200 0.00921697 0.00904327 0.000173703 0 0.981154 128.438 122.874 5.5644 0 -31.343 -34.1189 128 14533.9 333.911 111 8.14709e-05
14300 0.00791948 0.00791948 0 0 1 129.234 123.665 5.56822 0 -31.3713 -35.9381 128 14661.9 335.378 112 7.07096e-05
14400 0.00725019 0.00723443 1.57604e-05 0 0.997826 129.96 124.389 5.57147 0 -31.3988 -36.2889 128 14789.9 336.839 113 6.40215e-05
14500 0.00719935 0.00707312 0.000126228 0 0.982467 130.674 125.096 5.57798 0 -31.4174 -34.7991 128 14917.9 338.293 114 6.20449e-05
14600 0.00656794 0.00637666 0.000191274 0 0.970878 131.32 125.734 5.5864 0 -31.4352 -35.0369 128 15045.9 339.742 115 5.54492e-05
14700 0.00596574 0.00594045 2.52896e-05 0 0.995761 131.922 126.328 5.59422 0 -31.4582 -36.4763 128 15045.9 339.742 115 5.16561e-05
14800 0.0067086 0.0066057 0.000102894 0 0.984662 132.596 126.989 5.60742 0 -31.4741 -34.5812 128 15173.9 341.184 116 5.69457e-05
14900 0.00534461 0.00531782 2.67858e-05 0 0.994988 133.134 127.52 5.61322 0 -31.4943 -36.4936 128 15301.9 342.62 117 4.54515e-05
15000 0.00564593 0.00536972 0.000276203 0 0.951079 133.679 128.057 5.62217 0 -31.5062 -34.3924 128 15429.9 344.05 118 4.55061e-05
15100 0.00515789 0.00509058 6.73148e-05 0 0.986949 134.201 128.566 5.63476 0 -31.522 -35.582 128 15429.9 344.05 118 4.31405e-05
15200 0.012917 0.0128497 6.73148e-05 0 0.994789 135.565 129.851 5.71381 0 -31.5669 -35.9799 128 15557.9 345.474 119 0.00010798
15300 0.00833821 0.00819112 0.000147094 0 0.982359 136.4 130.67 5.72972 0 -31.588 -35.0172 128 15685.9 346.892 120 6.82593e-05
15400 0.00715 0.00697652 0.00017348 0 0.975737 137.116 131.368 5.74759 0 -31.6059 -35.0119 128 15813.9 348.305 121 5.76572e-05
15500 0.00680889 0.00652067 0.000288218 0 0.95767 137.784 132.02 5.76423 0 -31.6188 -34.2716 128 15941.9 349.711 122 5.34482e-05
15600 0.00670951 0.00655657 0.00015294 0 0.977205 138.459 132.676 5.78352 0 -31.6333 -34.5982 128 15941.9 349.711 122 5.37424e-05
15700 0.00771062 0.0075483 0.000162323 0 0.978948 139.238 133.431 5.80716 0 -31.6338 -31.7128 128 16069.9 351.113 123 6.13683e-05
15800 0.00634715 0.0062132 0.000133944 0 0.978897 139.875 134.052 5.82276 0 -31.644 -33.8808 128 16197.9 352.508 124 5.01065e-05
15900 0.00635099 0.00623463 0.000116363 0 0.981678 140.509 134.675 5.83321 0 -31.6568 -34.4725 128 16325.9 353.898 125 4.9877e-05
16000 0.00565459 0.00559999 5.46041e-05 0 0.990343 141.078 135.235 5.84253 0 -31.6723 -35.4979 128 16453.9 355.283 126 4.44443e-05
16100 0.00753312 0.0073044 0.000228717 0 0.969639 141.853 135.966 5.8868 0 -31.6873 -34.4342 128 16453.9 355.283 126 5.79714e-05
16200 0.00946566 0.00910448 0.00036118 0 0.961843 142.805 136.876 5.92869 0 -31.6758 -29.9584 128 16581.9 356.662 127 7.16888e-05
16300 0.00708522 0.00699471 9.05142e-05 0 0.987225 143.529 137.576 5.95303 0 -31.6897 -34.4335 128 16709.9 358.036 128 5.46462e-05
16400 0.00521604 0.00521604 0 0 1 144.055 138.097 5.95805 0 -31.7022 -35.1042 128 16837.9 359.405 129 4.04344e-05
16500 0.00450955 0.00450955 0 0 1 144.506 138.548 5.95805 0 -31.7152 -35.8565 128 16837.9 359.405 129 3.49578e-05
16600 0.0217442 0.0209829 0.000761336 0 0.964987 146.686 140.647 6.03933 0 -31.7505 -34.0961 128 16965.9 360.768 130 0.000161407
16700 0.0179812 0.0171136 0.000867646 0 0.951747 148.49 142.358 6.13158 0 -31.7746 -33.7325 128 17093.9 362.127 131 0.000130638
16800 0.0136524 0.0128808 0.000771612 0 0.943482 149.861 143.646 6.21463 0 -31.7948 -33.9862 128 17221.9 363.48 132 9.75819e-05
16900 0.0107731 0.0103131 0.000459979 0 0.957303 150.949 144.677 6.27129 0 -31.8162 -34.7611 128 17349.9 364.828 133 7.75421e-05
17000 0.00924925 0.00896129 0.000287966 0 0.968866 151.879 145.573 6.30576 0 -31.8372 -35.2416 128 17349.9 364.828 133 6.73781e-05
17100 0.00876504 0.00850463 0.000260405 0 0.97029 152.761 146.424 6.33704 0 -31.8582 -35.4717 128 17477.9 366.171 134 6.34674e-05
17200 0.00966183 0.0093261 0.000335728 0 0.965252 153.725 147.357 6.36818 0 -31.8812 -35.5246 128 17605.9 367.51 135 6.90822e-05
17300 0.00857352 0.0083246 0.000248925 0 0.970966 154.587 148.189 6.39764 0 -31.9067 -36.4561 128 17733.9 368.843 136 6.12103e-05
17400 0.00708577 0.00689426 0.000191509 0 0.972973 155.297 148.878 6.41848 0 -31.9296 -36.9102 128 17733.9 368.843 136 5.06931e-05
17500 0.00937833 0.00908649 0.000291841 0 0.968881 156.248 149.787 6.46132 0 -31.9568 -36.4008 128 17861.9 370.172 137 6.63247e-05
17600 0.0102807 0.00977097 0.000509702 0 0.950421 157.274 150.764 6.50939 0 -31.9616 -32.6953 128 17989.9 371.496 138 7.08041e-05
17700 0.00840716 0.00815951 0.000247647 0 0.970543 158.126 151.58 6.54593 0 -31.9744 -34.3361 128 18117.9 372.815 139 5.87015e-05
17800 0.00764085 0.00735691 0.000283946 0 0.962838 158.878 152.316 6.56188 0 -31.9899 -35.2525 128 18245.9 374.13 140 5.25493e-05
17900 0.00740396 0.00734076 6.32025e-05 0 0.991464 159.624 153.05 6.57387 0 -32.0125 -36.8162 128 18245.9 374.13 140 5.2434e-05
18000 0.00627146 0.00624431 2.71449e-05 0 0.995672 160.254 153.674 6.57978 0 -32.0354 -37.832 128 18373.9 375.44 141 4.42859e-05
18100 0.00582892 0.00582892 0 0 1 160.84 154.257 6.58272 0 -32.0573 -38.0549 128 18501.9 376.745 142 4.10488e-05
18200 0.00512868 0.00512868 0 0 1 161.353 154.77 6.58278 0 -32.0783 -38.6776 128 18629.9 378.046 143 3.58649e-05
18300 0.0047193 0.0047193 0 0 1 161.825 155.242 6.58278 0 -32.0983 -38.9292 128 18629.9 378.046 143 3.30021e-05
18400 0.0066196 0.00644262 0.000176979 0 0.973264 162.502 155.886 6.61545 0 -32.1144 -35.955 128 18757.9 379.343 144 4.47404e-05
18500 0.00610918 0.0059932 0.000115985 0 0.981015 163.122 156.486 6.63602 0 -32.1284 -35.8135 128 18885.9 380.635 145 4.13324e-05
18600 0.00740781 0.00740781 0 0 1 163.877 157.226 6.65077 0 -32.1468 -36.1135 128 19013.9 381.923 146 5.07384e-05
18700 0.012437 0.0105741 0.0018629 0 0.850213 164.957 158.284 6.67312 0 -32.1319 -29.867 128 19141.9 383.206 147 7.19326e-05
18800 0.0151987 0.0142407 0.000958009 0 0.936968 166.483 159.708 6.77525 0 -32.1311 -32.0501 128 19141.9 383.206 147 9.68755e-05
18900 0.011284 0.0104356 0.000848374 0 0.924816 167.613 160.751 6.86182 0 -32.124 -31.073 128 19269.9 384.485 148 7.05107e-05
19000 0.00845521 0.00805715 0.000398057 0 0.952922 168.481 161.557 6.92414 0 -32.1333 -33.9284 128 19397.9 385.76 149 5.40748e-05
19100 0.00690219 0.00653299 0.0003692 0 0.94651 169.172 162.21 6.96181 0 -32.1434 -34.602 128 19525.9 387.031 150 4.35532e-05
19200 0.00567956 0.00552492 0.000154643 0 0.972772 169.746 162.763 6.98261 0 -32.1571 -36.2069 128 19653.9 388.297 151 3.65888e-05
19300 0.00707414 0.0068558 0.000218345 0 0.969135 170.456 163.449 7.00759 0 -32.1654 -34.1437 128 19653.9 388.297 151 4.54026e-05
19400 0.0166405 0.0162096 0.00043087 0 0.974107 172.149 165.069 7.07905 0 -32.1501 -30.6059 128 19781.9 389.56 152 0.000106642
19500 0.0103069 0.010272 3.49091e-05 0 0.996613 173.201 166.097 7.104 0 -32.1582 -33.4921 128 19909.9 390.818 153 6.71375e-05
19600 0.010658 0.0100743 0.000583734 0 0.94523 174.222 167.104 7.11755 0 -32.1542 -31.4731 128 20037.9 392.072 154 6.54173e-05
19700 0.0100725 0.00989427 0.000178184 0 0.98231 175.238 168.094 7.14467 0 -32.1553 -32.3374 128 20037.9 392.072 154 6.42485e-05
19800 0.0348951 0.033409 0.00148606 0 0.957414 178.809 171.434 7.37451 0 -32.0976 -29.269 128 20165.9 393.322 155 0.000215542
19900 0.0194226 0.0183545 0.00106817 0 0.945004 180.797 173.27 7.52678 0 -32.0743 -29.9746 128 20293.9 394.569 156 0.000117657
20000 0.0155749 0.014308 0.00126691 0 0.918657 182.338 174.701 7.63766 0 -32.0577 -30.1152 128 20421.9 395.811 157 9.11337e-05
