100 0.0924302 0.0833356 0.0090946 0 0.901606 8.99331 8.33356 0.659747 0 -26.8477 -26.8477 2 427.882 57.293 51 0.00163403
200 0.244452 0.225404 0.0190484 0 0.922077 33.2956 30.874 2.42159 0 -26.4376 -26.2858 2 527.882 63.6368 101 0.00223172
300 0.282294 0.258794 0.0235002 0 0.916753 61.2178 56.7533 4.4645 0 -26.8143 -27.2635 2 627.882 69.4031 151 0.00171386
400 0.403243 0.375684 0.0275592 0 0.931656 101.533 94.3217 7.21103 0 -27.5974 -28.7866 2 727.882 74.7258 201 0.00186907
500 0.35537 0.334288 0.0210819 0 0.940676 137.526 127.75 9.77529 0 -28.0049 -29.1545 2 827.882 79.6937 251 0.00133182
600 0.360062 0.335257 0.0248042 0 0.931111 173.481 161.276 12.2047 0 -28.0968 -28.448 2 927.882 84.3697 301 0.00111381
700 0.428585 0.402577 0.0260077 0 0.939317 216.539 201.534 15.0055 0 -28.3138 -29.188 2 1027.88 88.7997 351 0.00114694
800 0.409374 0.382981 0.0263927 0 0.935529 257.422 239.832 17.5895 0 -28.3129 -28.3087 2 1127.88 93.019 401 0.000955066
900 0.44912 0.417425 0.0316943 0 0.92943 301.86 281.575 20.2857 0 -28.2572 -27.934 2 1227.88 97.0551 451 0.000925555
1000 0.567118 0.529983 0.0371342 0 0.934521 358.333 334.573 23.7601 0 -28.1673 -27.6869 2 1327.88 100.93 501 0.00105785
1100 0.569965 0.534822 0.0351431 0 0.938342 415.507 388.055 27.4515 0 -28.2604 -28.8437 2 1427.88 104.661 551 0.000970638
1200 0.549091 0.516169 0.0329225 0 0.940042 470.66 439.672 30.9883 0 -28.3246 -28.8081 2 1527.88 108.264 601 0.00085885
1300 0.573756 0.536522 0.037234 0 0.935105 527.703 493.324 34.3791 0 -28.3668 -28.7153 2 1627.88 111.751 651 0.000824151
1400 0.544638 0.51375 0.0308879 0 0.943287 582.559 544.699 37.8597 0 -28.4236 -28.9705 2 1727.88 115.132 701 0.000732882
1500 0.510296 0.480868 0.0294281 0 0.942331 633.688 592.786 40.9017 0 -28.4715 -29.0164 2 1827.88 118.417 751 0.000640303
1600 0.503172 0.473667 0.0295048 0 0.941362 683.991 640.153 43.8379 0 -28.5202 -29.1344 2 1927.88 121.613 801 0.000591345
1700 0.56106 0.530014 0.031046 0 0.944665 740.023 693.154 46.869 0 -28.5366 -28.7367 2 2027.88 124.727 851 0.000622813
1800 0.555465 0.527176 0.0282891 0 0.949071 795.844 745.872 49.9726 0 -28.622 -29.7545 2 2127.88 127.766 901 0.000585101
1900 0.545924 0.515689 0.030235 0 0.944617 850.356 797.441 52.9149 0 -28.6913 -29.7028 2 2227.88 130.733 951 0.00054226
2000 0.567013 0.537917 0.0290962 0 0.948685 907.335 851.232 56.1025 0 -28.7595 -29.7767 2 2327.88 133.635 1001 0.000537379
2100 0.555746 0.526386 0.0293594 0 0.947171 962.956 903.871 59.0853 0 -28.8044 -29.5368 2 2427.88 136.475 1051 0.000500843
2200 0.537551 0.510452 0.0270987 0 0.949589 1016.86 954.916 61.9446 0 -28.838 -29.4379 2 2527.88 139.257 1101 0.000463626
2300 0.54497 0.517778 0.0271925 0 0.950103 1071.4 1006.69 64.7035 0 -28.896 -29.979 2 2627.88 141.985 1151 0.000449851
2400 0.545669 0.518473 0.0271959 0 0.95016 1125.98 1058.54 67.4383 0 -28.9431 -29.8669 2 2727.88 144.661 1201 0.000431701
2500 0.519781 0.496028 0.0237536 0 0.954301 1178.14 1108.14 69.9918 0 -28.994 -30.0921 2 2827.88 147.289 1251 0.000396505
2600 0.533554 0.507016 0.0265375 0 0.950263 1231.31 1158.85 72.4597 0 -29.0217 -29.6364 2 2927.88 149.871 1301 0.000389713
2700 0.528966 0.505257 0.0237093 0 0.955178 1284.4 1209.37 75.0286 0 -29.0581 -29.9033 2 3027.88 152.409 1351 0.000373987
2800 0.506397 0.484291 0.0221059 0 0.956347 1335.26 1257.8 77.4548 0 -29.1083 -30.3739 2 3127.88 154.905 1401 0.000345675
2900 0.532511 0.507227 0.0252845 0 0.952518 1388.45 1308.52 79.9261 0 -29.1455 -30.0818 2 3227.88 157.362 1451 0.00034957
3000 0.594085 0.565546 0.0285393 0 0.951961 1447.84 1365.08 82.766 0 -29.1607 -29.5143 2 3327.88 159.781 1501 0.000376779
3100 0.587652 0.559209 0.0284436 0 0.951598 1506.76 1421 85.7631 0 -29.1755 -29.5406 2 3427.88 162.163 1551 0.000360547
3200 0.5821 0.553372 0.0287276 0 0.950648 1565.02 1476.34 88.6856 0 -29.1984 -29.7903 2 3527.88 164.512 1601 0.000345642
3300 0.548421 0.524136 0.0242845 0 0.955719 1620.2 1528.75 91.4509 0 -29.2289 -30.0932 2 3627.88 166.827 1651 0.000317466
3400 0.589394 0.55966 0.0297348 0 0.94955 1678.74 1584.72 94.0294 0 -29.2509 -29.8612 2 3727.88 169.111 1701 0.000329018
3500 0.603127 0.57726 0.0258669 0 0.957112 1739.26 1642.44 96.8182 0 -29.2837 -30.1937 2 3827.88 171.364 1751 0.000329675
3600 0.611498 0.584012 0.0274864 0 0.955051 1800.42 1700.84 99.582 0 -29.2982 -29.7097 2 3927.88 173.588 1801 0.000324271
3700 0.594983 0.568007 0.0269759 0 0.954661 1859.79 1757.64 102.151 0 -29.3138 -29.7872 2 4027.88 175.784 1851 0.000306865
3800 0.658057 0.629254 0.0288034 0 0.95623 1925.53 1820.57 104.961 0 -29.3247 -29.6314 2 4127.88 177.952 1901 0.000331012
3900 0.653748 0.628108 0.0256402 0 0.96078 1991.18 1883.38 107.798 0 -29.3554 -30.2582 2 4227.88 180.095 1951 0.000321941
4000 0.664616 0.636313 0.0283027 0 0.957415 2057.62 1947.01 110.61 0 -29.3818 -30.1718 2 4327.88 182.212 2001 0.000317998
4100 0.679229 0.650339 0.02889 0 0.957467 2125.77 2012.04 113.727 0 -29.4046 -30.0928 2 4427.88 184.305 2051 0.000317084
4200 0.669238 0.640071 0.0291675 0 0.956417 2192.86 2076.05 116.804 0 -29.4228 -29.9988 2 4527.88 186.375 2101 0.00030465
4300 0.690775 0.659263 0.0315119 0 0.954382 2261.83 2141.98 119.849 0 -29.439 -29.9532 2 4627.88 188.422 2151 0.000306491
4400 0.634322 0.609943 0.0243792 0 0.961567 2325.63 2202.97 122.655 0 -29.4655 -30.4062 2 4727.88 190.447 2201 0.000277121
4500 0.614031 0.588961 0.0250706 0 0.959171 2386.95 2261.87 125.083 0 -29.4935 -30.5573 2 4827.88 192.45 2251 0.000261644
4600 0.63465 0.609712 0.0249387 0 0.960705 2450.35 2322.84 127.513 0 -29.5175 -30.4213 2 4927.88 194.433 2301 0.000264977
4700 0.702827 0.66925 0.0335769 0 0.952226 2520.1 2389.76 130.34 0 -29.5242 -29.7587 2 5027.88 196.396 2351 0.000284666
4800 0.765402 0.730552 0.0348506 0 0.954468 2596.84 2462.82 134.02 0 -29.5176 -29.2989 2 5127.88 198.339 2401 0.00030427
4900 0.727282 0.696327 0.0309552 0 0.957437 2670 2532.45 137.551 0 -29.5231 -29.7183 2 5227.88 200.264 2451 0.000284099
5000 0.703169 0.669558 0.0336102 0 0.952202 2740.26 2599.41 140.849 0 -29.529 -29.7562 2 5327.88 202.17 2501 0.000267716
5100 0.674717 0.648547 0.02617 0 0.961213 2808.21 2664.26 143.946 0 -29.5425 -30.0858 2 5427.88 204.059 2551 0.000254232
5200 0.657493 0.627678 0.0298145 0 0.954654 2873.86 2727.03 146.83 0 -29.5535 -30.0238 2 5527.88 205.93 2601 0.000241322
5300 0.698285 0.670243 0.0280426 0 0.959841 2943.71 2794.05 149.655 0 -29.5646 -30.0233 2 5627.88 207.784 2651 0.000252826
5400 0.686768 0.655627 0.031141 0 0.954656 3012.1 2859.62 152.48 0 -29.5743 -29.9907 2 5727.88 209.622 2701 0.000242735
5500 0.690896 0.662945 0.0279504 0 0.959545 3081.34 2925.91 155.433 0 -29.5904 -30.2919 2 5827.88 211.444 2751 0.000240983
5600 0.745893 0.713736 0.0321571 0 0.956888 3155.73 2997.29 158.441 0 -29.6055 -30.229 2 5927.88 213.25 2801 0.000254815
5700 0.75958 0.72515 0.0344304 0 0.954672 3231.46 3069.8 161.662 0 -29.6151 -30.0154 2 6027.88 215.042 2851 0.000254349
5800 0.770654 0.736548 0.0341059 0 0.955744 3308.43 3143.46 164.973 0 -29.6235 -29.9759 2 6127.88 216.818 2901 0.000253895
5900 0.763785 0.727804 0.0359809 0 0.952891 3384.59 3216.24 168.356 0 -29.6343 -30.1051 2 6227.88 218.58 2951 0.00024663
6000 0.766416 0.734366 0.0320509 0 0.958181 3461.54 3289.67 171.87 0 -29.6505 -30.3628 2 6327.88 220.328 3001 0.000244707
6100 0.746461 0.718435 0.028026 0 0.962455 3536.56 3361.52 175.041 0 -29.6648 -30.3236 2 6427.88 222.062 3051 0.000235475
6200 0.795873 0.764083 0.0317903 0 0.960056 3616.17 3437.92 178.25 0 -29.6711 -29.952 2 6527.88 223.783 3101 0.000246399
6300 0.750539 0.720104 0.0304347 0 0.95945 3691.25 3509.93 181.316 0 -29.687 -30.4517 2 6627.88 225.49 3151 0.000228532
6400 0.765723 0.73678 0.0289433 0 0.962201 3768.05 3583.61 184.433 0 -29.7011 -30.3804 2 6727.88 227.185 3201 0.000230172
6500 0.766655 0.738036 0.0286191 0 0.96267 3844.97 3657.42 187.55 0 -29.7224 -30.7629 2 6827.88 228.867 3251 0.000227018
6600 0.702337 0.677191 0.0251463 0 0.964196 3915.37 3725.14 190.234 0 -29.748 -31.1492 2 6927.88 230.537 3301 0.000205147
6700 0.682304 0.659801 0.0225029 0 0.967019 3983.8 3791.12 192.685 0 -29.7697 -31.0092 2 7027.88 232.195 3351 0.000196897
6800 0.632326 0.613154 0.0191721 0 0.96968 4047.4 3852.43 194.967 0 -29.7968 -31.4946 2 7127.88 233.841 3401 0.000180286
6900 0.689327 0.663202 0.0261248 0 0.962101 4116.06 3918.75 197.31 0 -29.8142 -30.8398 2 7227.88 235.475 3451 0.000192177
7000 0.713244 0.687438 0.0258053 0 0.96382 4187.43 3987.49 199.933 0 -29.8372 -31.1624 2 7327.88 237.099 3501 0.000196355
7100 0.736055 0.707729 0.0283262 0 0.961516 4261.1 4058.27 202.837 0 -29.8579 -31.0342 2 7427.88 238.711 3551 0.000199304
7200 0.737935 0.70883 0.0291049 0 0.960559 4335.03 4129.15 205.877 0 -29.876 -30.9228 2 7527.88 240.313 3601 0.000196842
7300 0.709908 0.679856 0.0300521 0 0.957668 4405.93 4197.14 208.795 0 -29.8895 -30.7146 2 7627.88 241.903 3651 0.000186211
7400 0.735119 0.705188 0.0299313 0 0.959284 4479.53 4267.66 211.87 0 -29.9086 -31.0531 2 7727.88 243.484 3701 0.00019054
7500 0.770024 0.738746 0.0312775 0 0.959381 4556.57 4341.53 215.04 0 -29.9225 -30.7272 2 7827.88 245.054 3751 0.000196946
7600 0.760206 0.72863 0.0315763 0 0.958464 4632.54 4414.39 218.15 0 -29.9344 -30.6513 2 7927.88 246.615 3801 0.000191694
7700 0.819531 0.78187 0.0376611 0 0.954046 4714.01 4492.58 221.427 0 -29.9412 -30.327 2 8027.88 248.165 3851 0.00020303
7800 0.810953 0.779787 0.0311665 0 0.961568 4795.35 4570.56 224.793 0 -29.9521 -30.5822 2 8127.88 249.706 3901 0.000199894
7900 0.786617 0.757955 0.0286624 0 0.963562 4874.28 4646.35 227.925 0 -29.9672 -30.8839 2 8227.88 251.237 3951 0.000191839
8000 0.82096 0.789721 0.0312391 0 0.961948 4956.36 4725.33 231.034 0 -29.9819 -30.8551 2 8327.88 252.759 4001 0.000197381
8100 0.864202 0.830388 0.0338143 0 0.960872 5042.84 4808.36 234.477 0 -29.9912 -30.5229 2 8427.88 254.272 4051 0.000204983
8200 0.852572 0.819415 0.0331563 0 0.96111 5128.25 4890.31 237.939 0 -30.0018 -30.6317 2 8527.88 255.777 4101 0.000199809
8300 0.895479 0.855858 0.0396211 0 0.955754 5217.7 4975.89 241.806 0 -30.0103 -30.4932 2 8627.88 257.272 4151 0.000206181
8400 0.847953 0.814256 0.0336971 0 0.960261 5302.72 5057.32 245.407 0 -30.0218 -30.7282 2 8727.88 258.758 4201 0.000193824
8500 0.846245 0.813202 0.0330424 0 0.960954 5387.53 5138.64 248.893 0 -30.0381 -31.062 2 8827.88 260.237 4251 0.000191297
8600 0.843511 0.809355 0.0341561 0 0.959507 5471.79 5219.57 252.218 0 -30.052 -30.9388 2 8927.88 261.706 4301 0.000188178
8700 0.836284 0.803309 0.0329747 0 0.96057 5555.38 5299.9 255.471 0 -30.067 -31.0479 2 9027.88 263.168 4351 0.000184626
8800 0.830328 0.797636 0.0326918 0 0.960628 5638.61 5379.67 258.945 0 -30.0784 -30.8392 2 9127.88 264.621 4401 0.00018124
8900 0.856327 0.823643 0.032684 0 0.961832 5724.31 5462.03 262.274 0 -30.0849 -30.5108 2 9227.88 266.067 4451 0.000185047
9000 0.851121 0.818169 0.0329517 0 0.961284 5809.53 5543.85 265.685 0 -30.0992 -31.0634 2 9327.88 267.505 4501 0.000181775
9100 0.859802 0.82356 0.036242 0 0.957848 5895.33 5626.21 269.121 0 -30.1031 -30.3669 2 9427.88 268.935 4551 0.000180962
9200 0.854666 0.820851 0.0338149 0 0.960435 5980.81 5708.29 272.524 0 -30.109 -30.515 2 9527.88 270.357 4601 0.000178407
9300 0.817557 0.786859 0.0306974 0 0.962452 6062.78 5786.98 275.807 0 -30.1188 -30.8304 2 9627.88 271.772 4651 0.000169181
9400 0.841426 0.807955 0.0334714 0 0.960221 6146.82 5867.77 279.052 0 -30.1255 -30.6078 2 9727.88 273.18 4701 0.000171869
9500 0.818795 0.787562 0.0312329 0 0.961855 6228.71 5946.53 282.179 0 -30.1344 -30.8086 2 9827.88 274.581 4751 0.000165768
9600 0.823646 0.792091 0.0315553 0 0.961688 6310.97 6025.74 285.234 0 -30.1445 -30.9055 2 9927.88 275.974 4801 0.000164985
9700 0.811994 0.780466 0.0315285 0 0.961171 6392.05 6103.78 288.27 0 -30.1557 -31.0291 2 10027.9 277.361 4851 0.000160888
9800 0.828749 0.799413 0.0293358 0 0.964602 6475.14 6183.72 291.42 0 -30.1672 -31.055 2 10127.9 278.74 4901 0.000163112
9900 0.799516 0.771175 0.0283412 0 0.964552 6555.11 6260.84 294.271 0 -30.1769 -30.9606 2 10227.9 280.113 4951 0.000155761
10000 0.801685 0.776613 0.0250712 0 0.968727 6635.5 6338.5 296.998 0 -30.19 -31.2557 2 10327.9 281.479 5001 0.000155292
10100 0.778574 0.750702 0.0278725 0 0.964201 6713.23 6413.57 299.655 0 -30.2039 -31.3945 2 10427.9 282.838 5051 0.000148624
10200 0.81911 0.788701 0.0304093 0 0.962875 6795.19 6492.44 302.748 0 -30.2186 -31.4202 2 10527.9 284.191 5101 0.000154617
10300 0.806937 0.776693 0.0302433 0 0.962521 6875.76 6570.11 305.647 0 -30.2351 -31.6297 2 10627.9 285.538 5151 0.000150785
10400 0.85998 0.828101 0.0318795 0 0.96293 6961.95 6652.92 309.028 0 -30.2469 -31.1862 2 10727.9 286.878 5201 0.00015922
10500 0.813456 0.785079 0.0283767 0 0.965116 7043.56 6731.43 312.127 0 -30.2632 -31.6484 2 10827.9 288.212 5251 0.00014951
10600 0.828028 0.797083 0.030945 0 0.962628 7126.35 6811.14 315.21 0 -30.2782 -31.5602 2 10927.9 289.54 5301 0.000150365
10700 0.858959 0.828471 0.0304879 0 0.964506 7212.34 6893.99 318.356 0 -30.2931 -31.5276 2 11027.9 290.861 5351 0.000154826
10800 0.829977 0.798808 0.0311693 0 0.962446 7295.42 6973.87 321.549 0 -30.3074 -31.5461 2 11127.9 292.177 5401 0.0001479
10900 0.862301 0.827732 0.0345688 0 0.959911 7381.51 7056.64 324.873 0 -30.3194 -31.3345 2 11227.9 293.487 5451 0.00015185
11000 0.890942 0.857037 0.0339049 0 0.961945 7470.74 7142.34 328.4 0 -30.3311 -31.3014 2 11327.9 294.791 5501 0.000155797
11100 0.859784 0.830764 0.0290202 0 0.966247 7557.07 7225.42 331.653 0 -30.3459 -31.6234 2 11427.9 296.089 5551 0.00014966
11200 0.81895 0.789699 0.0292515 0 0.964282 7638.87 7304.39 334.478 0 -30.3577 -31.4486 2 11527.9 297.382 5601 0.000140992
11300 0.788721 0.763804 0.024917 0 0.968408 7718.07 7380.77 337.304 0 -30.3719 -31.7483 2 11627.9 298.669 5651 0.000135163
11400 0.78629 0.759736 0.0265549 0 0.966228 7796.83 7456.74 340.085 0 -30.3844 -31.6027 2 11727.9 299.951 5701 0.000133264
11500 0.749428 0.725114 0.0243136 0 0.967557 7871.8 7529.26 342.541 0 -30.3993 -31.9552 2 11827.9 301.227 5751 0.000126085
11600 0.806638 0.778866 0.0277722 0 0.96557 7952.48 7607.14 345.339 0 -30.4067 -31.1303 2 11927.9 302.497 5801 0.000134264
11700 0.766464 0.739765 0.0266991 0 0.965166 8029.24 7681.12 348.117 0 -30.4181 -31.5982 2 12027.9 303.763 5851 0.000126434
11800 0.764087 0.737004 0.0270829 0 0.964555 8105.62 7754.82 350.801 0 -30.431 -31.7794 2 12127.9 305.023 5901 0.000124895
11900 0.756604 0.731707 0.0248978 0 0.967093 8181.29 7827.99 353.305 0 -30.4437 -31.8096 2 12227.9 306.278 5951 0.000122955
12000 0.789998 0.76339 0.026608 0 0.966319 8260.35 7904.33 356.018 0 -30.4603 -32.1809 2 12327.9 307.528 6001 0.00012721
12100 0.794641 0.762437 0.0322038 0 0.959474 8339.49 7980.57 358.916 0 -30.471 -31.5842 2 12427.9 308.773 6051 0.000126002
12200 0.788495 0.760448 0.0280466 0 0.96443 8418.61 8056.62 361.99 0 -30.4829 -31.7342 2 12527.9 310.012 6101 0.000124643
12300 0.741291 0.715357 0.0259332 0 0.965016 8492.85 8128.15 364.693 0 -30.4971 -32.1067 2 12627.9 311.247 6151 0.000116299
12400 0.741276 0.715695 0.0255808 0 0.965491 8567.06 8199.72 367.341 0 -30.5099 -31.9754 2 12727.9 312.477 6201 0.000115416
12500 0.711217 0.685501 0.025716 0 0.963842 8638.26 8268.27 369.989 0 -30.5228 -32.0751 2 12827.9 313.702 6251 0.000109663
12600 0.736517 0.708549 0.0279682 0 0.962026 8711.79 8339.13 372.658 0 -30.5336 -31.802 2 12927.9 314.923 6301 0.00011245
12700 0.754018 0.728006 0.0260119 0 0.965502 8787.25 8411.93 375.32 0 -30.5455 -31.9233 2 13027.9 316.138 6351 0.000114629
12800 0.734469 0.712203 0.0222663 0 0.969684 8860.87 8483.15 377.726 0 -30.5593 -32.205 2 13127.9 317.349 6401 0.000111264
12900 0.726195 0.701083 0.0251121 0 0.96542 8933.32 8553.26 380.067 0 -30.5733 -32.2848 2 13227.9 318.556 6451 0.000108678
13000 0.73913 0.714661 0.0244695 0 0.966894 9007.23 8624.72 382.51 0 -30.5853 -32.0375 2 13327.9 319.757 6501 0.000109931
13100 0.761391 0.734205 0.027186 0 0.964294 9083.19 8698.14 385.046 0 -30.5969 -31.9736 2 13427.9 320.955 6551 0.000112075
13200 0.745164 0.719115 0.0260483 0 0.965043 9157.53 8770.06 387.475 0 -30.6097 -32.1696 2 13527.9 322.148 6601 0.00010894
13300 0.731235 0.706332 0.0249028 0 0.965944 9230.57 8840.69 389.882 0 -30.6229 -32.2825 2 13627.9 323.336 6651 0.000106199
13400 0.731776 0.705732 0.0260442 0 0.96441 9303.75 8911.26 392.484 0 -30.6356 -32.2336 2 13727.9 324.52 6701 0.000105317
13500 0.716129 0.691416 0.0247136 0 0.96549 9375.39 8980.4 394.988 0 -30.6476 -32.2075 2 13827.9 325.7 6751 0.000102417
13600 0.675335 0.65351 0.0218256 0 0.967682 9443.08 9045.75 397.328 0 -30.6612 -32.5446 2 13927.9 326.876 6801 9.60902e-05
13700 0.804078 0.775191 0.0288872 0 0.964074 9523.38 9123.27 400.103 0 -30.6703 -31.7418 2 14027.9 328.047 6851 0.00011315
13800 0.821872 0.794409 0.0274628 0 0.966585 9605.74 9202.71 403.023 0 -30.6775 -31.5145 2 14127.9 329.214 6901 0.000115115
13900 0.767407 0.736762 0.0306451 0 0.960067 9682.23 9276.39 405.842 0 -30.6854 -31.6754 2 14227.9 330.377 6951 0.000105994
14000 0.762133 0.734305 0.0278278 0 0.963487 9758.64 9349.82 408.824 0 -30.6938 -31.7485 2 14327.9 331.536 7001 0.000104886
14100 0.781897 0.753813 0.0280834 0 0.964083 9836.98 9425.2 411.78 0 -30.7004 -31.5293 2 14427.9 332.691 7051 0.000106909
14200 0.790025 0.761941 0.0280832 0 0.964453 9916.12 9501.4 414.728 0 -30.7058 -31.3775 2 14527.9 333.842 7101 0.000107301
14300 0.735894 0.710886 0.025008 0 0.966017 9989.9 9572.48 417.413 0 -30.7143 -31.8536 2 14627.9 334.989 7151 9.94107e-05
14400 0.6988 0.675428 0.0233713 0 0.966555 10059.9 9640.03 419.858 0 -30.7245 -32.1818 2 14727.9 336.132 7201 9.37965e-05
14500 0.686855 0.665089 0.021766 0 0.968311 10128.7 9706.54 422.144 0 -30.7354 -32.3348 2 14827.9 337.271 7251 9.17237e-05
14600 0.717965 0.692817 0.0251481 0 0.964973 10200.3 9775.82 424.474 0 -30.7427 -31.7748 2 14927.9 338.407 7301 9.48935e-05
14700 0.771498 0.745019 0.0264789 0 0.965679 10277.4 9850.32 427.098 0 -30.7514 -31.897 2 15027.9 339.538 7351 0.000101349
14800 0.736929 0.712724 0.0242047 0 0.967155 10351.2 9921.59 429.625 0 -30.7602 -31.983 2 15127.9 340.666 7401 9.6301e-05
14900 0.733155 0.708929 0.0242263 0 0.966956 10424.7 9992.49 432.22 0 -30.7692 -32.0398 2 15227.9 341.79 7451 9.51454e-05
15000 0.748206 0.720771 0.0274342 0 0.963333 10499.4 10064.6 434.886 0 -30.7771 -31.8818 2 15327.9 342.911 7501 9.609e-05
15100 0.800197 0.771575 0.0286227 0 0.96423 10579.5 10141.7 437.79 0 -30.7839 -31.6674 2 15427.9 344.028 7551 0.000102182
15200 0.80419 0.773304 0.0308852 0 0.961595 10659.8 10219.1 440.79 0 -30.7908 -31.6991 2 15527.9 345.141 7601 0.000101737
15300 0.80346 0.772106 0.0313538 0 0.960976 10740 10296.3 443.786 0 -30.798 -31.7571 2 15627.9 346.25 7651 0.000100916
15400 0.803671 0.777756 0.0259156 0 0.967753 10820.9 10374 446.894 0 -30.8043 -31.6389 2 15727.9 347.356 7701 0.000100994
15500 0.795207 0.762577 0.0326291 0 0.958968 10900.1 10450.3 449.814 0 -30.8082 -31.3453 2 15827.9 348.459 7751 9.83844e-05
15600 0.847166 0.814517 0.0326485 0 0.961462 10984.9 10531.7 453.143 0 -30.8125 -31.3658 2 15927.9 349.558 7801 0.000104412
15700 0.832082 0.800053 0.0320285 0 0.961508 11068.2 10611.8 456.471 0 -30.8187 -31.6395 2 16027.9 350.653 7851 0.000101905
15800 0.758819 0.731003 0.027816 0 0.963343 11144.3 10684.9 459.478 0 -30.8265 -31.9606 2 16127.9 351.746 7901 9.25203e-05
15900 0.752818 0.725814 0.0270037 0 0.96413 11219.7 10757.4 462.298 0 -30.8356 -32.1846 2 16227.9 352.834 7951 9.12859e-05
16000 0.746986 0.719149 0.027837 0 0.962734 11294.4 10829.3 465.07 0 -30.8427 -31.9027 2 16327.9 353.92 8001 8.98823e-05
16100 0.745141 0.717249 0.0278927 0 0.962567 11369 10901.1 467.885 0 -30.8506 -32.042 2 16427.9 355.002 8051 8.90882e-05
16200 0.742083 0.712785 0.0292978 0 0.960519 11442.9 10972.4 470.597 0 -30.8569 -31.8387 2 16527.9 356.081 8101 8.79873e-05
16300 0.800118 0.769452 0.0306662 0 0.961673 11522.9 11049.3 473.623 0 -30.8598 -31.274 2 16627.9 357.156 8151 9.43997e-05
16400 0.761853 0.734759 0.0270936 0 0.964437 11599.4 11122.8 476.611 0 -30.8654 -31.6999 2 16727.9 358.229 8201 8.95939e-05
16500 0.795425 0.763393 0.0320319 0 0.95973 11678.7 11199.1 479.622 0 -30.8683 -31.3016 2 16827.9 359.298 8251 9.25213e-05
16600 0.843212 0.810143 0.033069 0 0.960782 11763 11280.1 482.896 0 -30.8722 -31.4022 2 16927.9 360.364 8301 9.75958e-05
16700 0.857077 0.821985 0.0350915 0 0.959057 11848.5 11362.3 486.218 0 -30.8765 -31.4738 2 17027.9 361.427 8351 9.84296e-05
16800 0.851548 0.818871 0.0326775 0 0.961626 11933.8 11444.2 489.555 0 -30.8817 -31.6003 2 17127.9 362.487 8401 9.7473e-05
16900 0.816656 0.787208 0.0294486 0 0.96394 12015.6 11522.9 492.671 0 -30.8889 -31.9438 2 17227.9 363.543 8451 9.31497e-05
17000 0.774919 0.75005 0.0248689 0 0.967908 12093.4 11597.9 495.414 0 -30.898 -32.3072 2 17327.9 364.597 8501 8.82309e-05
17100 0.797716 0.771251 0.0264646 0 0.966824 12173.3 11675.1 498.234 0 -30.9043 -31.8596 2 17427.9 365.647 8551 9.01943e-05
17200 0.745955 0.723105 0.0228496 0 0.969369 12248.1 11747.4 500.706 0 -30.9117 -32.1045 2 17527.9 366.695 8601 8.40722e-05
17300 0.74299 0.71728 0.0257104 0 0.965396 12322.3 11819.1 503.2 0 -30.917 -31.7958 2 17627.9 367.739 8651 8.29129e-05
17400 0.752338 0.727213 0.0251252 0 0.966604 12397.5 11891.8 505.653 0 -30.9224 -31.8028 2 17727.9 368.781 8701 8.3578e-05
17500 0.712934 0.690937 0.0219962 0 0.969147 12468.8 11960.9 507.865 0 -30.9304 -32.3291 2 17827.9 369.82 8751 7.89553e-05
17600 0.777032 0.749489 0.0275421 0 0.964555 12546.4 12035.9 510.519 0 -30.9381 -32.1665 2 17927.9 370.855 8801 8.51596e-05
17700 0.764571 0.739447 0.0251244 0 0.967139 12623 12109.8 513.232 0 -30.9453 -32.1318 2 18027.9 371.888 8851 8.35438e-05
17800 0.795982 0.766451 0.029531 0 0.9629 12702.4 12186.5 515.938 0 -30.9528 -32.1427 2 18127.9 372.918 8901 8.61084e-05
17900 0.815512 0.785549 0.0299636 0 0.963258 12783.8 12265 518.791 0 -30.9606 -32.1842 2 18227.9 373.945 8951 8.7761e-05
18000 0.846355 0.816759 0.0295959 0 0.965031 12868.6 12346.7 521.889 0 -30.9674 -31.9874 2 18327.9 374.97 9001 9.07409e-05
18100 0.831236 0.79918 0.0320556 0 0.961436 12951.5 12426.6 524.939 0 -30.9737 -31.9511 2 18427.9 375.991 9051 8.82975e-05
18200 0.81019 0.781797 0.0283927 0 0.964956 13032.6 12504.8 527.865 0 -30.9811 -32.1581 2 18527.9 377.01 9101 8.59024e-05
18300 0.757749 0.73302 0.024729 0 0.967365 13108.6 12578.1 530.492 0 -30.9889 -32.3335 2 18627.9 378.026 9151 8.01027e-05
18400 0.739914 0.714867 0.0250467 0 0.966149 13182.4 12649.6 532.859 0 -30.9968 -32.4057 2 18727.9 379.039 9201 7.76945e-05
18500 0.876248 0.842935 0.0333124 0 0.961983 13269.8 12733.9 535.97 0 -31.0042 -32.1203 2 18827.9 380.05 9251 9.11183e-05
18600 0.799818 0.772377 0.0274413 0 0.965691 13350.1 12811.1 539.027 0 -31.0122 -32.3355 2 18927.9 381.058 9301 8.30423e-05
18700 0.79959 0.774458 0.025132 0 0.968569 13430.3 12888.5 541.763 0 -31.0201 -32.3208 2 19027.9 382.063 9351 8.28209e-05
18800 0.836882 0.808629 0.0282533 0 0.96624 13513.8 12969.4 544.421 0 -31.0272 -32.1783 2 19127.9 383.066 9401 8.60152e-05
18900 0.869759 0.838816 0.0309433 0 0.964423 13600.8 13053.3 547.539 0 -31.0319 -31.7612 2 19227.9 384.066 9451 8.87542e-05
19000 0.864532 0.832676 0.031856 0 0.963152 13687.2 13136.6 550.627 0 -31.0354 -31.5816 2 19327.9 385.063 9501 8.76409e-05
19100 0.891792 0.858783 0.0330092 0 0.962986 13776.2 13222.4 553.786 0 -31.0386 -31.5281 2 19427.9 386.058 9551 8.99155e-05
19200 0.882269 0.85307 0.0291995 0 0.966904 13864.7 13307.7 556.988 0 -31.0437 -31.838 2 19527.9 387.051 9601 8.88522e-05
19300 0.813073 0.784804 0.0282687 0 0.965232 13946 13386.2 559.804 0 -31.0505 -32.209 2 19627.9 388.04 9651 8.13184e-05
19400 0.80806 0.78135 0.0267102 0 0.966945 14027.1 13464.4 562.708 0 -31.0577 -32.3 2 19727.9 389.027 9701 8.05432e-05
19500 0.802492 0.776441 0.0260514 0 0.967537 14107.5 13542 565.541 0 -31.063 -31.994 2 19827.9 390.012 9751 7.96268e-05
19600 0.806825 0.780152 0.0266738 0 0.96694 14188.4 13620 568.397 0 -31.0698 -32.2494 2 19927.9 390.994 9801 7.95992e-05
19700 0.830157 0.80038 0.0297769 0 0.964131 14271.3 13700.1 571.213 0 -31.0743 -31.8516 2 20027.9 391.974 9851 8.12486e-05
19800 0.848874 0.818655 0.030219 0 0.964401 14356.2 13781.9 574.316 0 -31.0797 -31.9873 2 20127.9 392.952 9901 8.2684e-05
19900 0.858018 0.822329 0.0356888 0 0.958406 14441.8 13864.2 577.668 0 -31.0848 -31.9297 2 20227.9 393.927 9951 8.26378e-05
20000 0.896326 0.862197 0.0341288 0 0.961924 14531.6 13950.4 581.269 0 -31.0889 -31.7545 2 20327.9 394.899 10001 8.62111e-05
