100 0.350366 0.320474 0.0298923 0 0.914683 33.9397 32.0474 1.89236 0 -26.2166 -26.2166 1 426.882 57.2261 101 0.00317301
200 0.455144 0.419707 0.0354371 0 0.922141 79.0661 74.0181 5.04802 0 -26.2874 -26.3406 1 526.882 63.5765 201 0.00208809
300 0.500714 0.463046 0.0376681 0 0.924771 128.87 120.323 8.54744 0 -26.4921 -26.8172 1 626.882 69.3478 301 0.00153836
400 0.601895 0.556213 0.0456827 0 0.924102 188.546 175.944 12.6021 0 -26.802 -27.4713 1 726.882 74.6744 401 0.00138706
500 0.726371 0.676752 0.049619 0 0.931689 260.951 243.619 17.3319 0 -27.1297 -27.9828 1 826.882 79.6456 501 0.0013508
600 0.856587 0.801471 0.055116 0 0.935656 346.601 323.766 22.8345 0 -27.3993 -28.2208 1 926.882 84.3242 601 0.00133356
700 0.884773 0.828365 0.0564075 0 0.936246 435.05 406.603 28.4471 0 -27.5336 -28.0599 1 1026.88 88.7565 701 0.00118169
800 0.88218 0.823313 0.0588672 0 0.933271 522.852 488.934 33.9179 0 -27.6684 -28.3361 1 1126.88 92.9778 801 0.00102786
900 0.939444 0.877451 0.0619929 0 0.934011 616.631 576.679 39.9517 0 -27.7792 -28.3973 1 1226.88 97.0156 901 0.000973863
1000 0.937814 0.876527 0.0612867 0 0.934649 710.453 664.332 46.121 0 -27.8435 -28.2656 1 1326.88 100.892 1001 0.000875651
1100 0.962984 0.900947 0.0620366 0 0.935579 806.832 754.427 52.4055 0 -27.9361 -28.6189 1 1426.88 104.625 1101 0.000818299
1200 0.928903 0.870365 0.058538 0 0.936982 899.661 841.463 58.1983 0 -28.0154 -28.705 1 1526.88 108.229 1201 0.0007247
1300 1.06937 1.00537 0.0639926 0 0.940158 1006.51 942 64.5054 0 -28.0761 -28.5871 1 1626.88 111.717 1301 0.00077277
1400 1.04005 0.979538 0.0605118 0 0.941818 1110.51 1039.95 70.5531 0 -28.1668 -29.0451 1 1726.88 115.099 1401 0.000699171
1500 1.03733 0.981158 0.0561733 0 0.945848 1214.35 1138.07 76.2809 0 -28.243 -29.057 1 1826.88 118.385 1501 0.000653669
1600 1.0753 1.01839 0.0569038 0 0.947081 1321.89 1239.91 81.9817 0 -28.2985 -28.9252 1 1926.88 121.582 1601 0.000636099
1700 1.11483 1.05547 0.0593611 0 0.946753 1433.04 1345.46 87.5846 0 -28.3692 -29.2109 1 2026.88 124.696 1701 0.000620501
1800 1.09597 1.03995 0.0560199 0 0.948886 1542.88 1449.45 93.4244 0 -28.4195 -29.0757 1 2126.88 127.736 1801 0.000577432
1900 1.02358 0.970547 0.0530309 0 0.948191 1645.36 1546.51 98.8514 0 -28.4737 -29.2897 1 2226.88 130.704 1901 0.000510545
2000 1.06815 1.01202 0.0561261 0 0.947455 1752.08 1647.71 104.375 0 -28.5044 -28.9764 1 2326.88 133.606 2001 0.000505758
2100 1.16479 1.10579 0.0590049 0 0.949343 1868.55 1758.29 110.261 0 -28.5296 -28.9088 1 2426.88 136.447 2101 0.000526315
2200 1.19883 1.1369 0.0619288 0 0.948342 1988.21 1871.98 116.235 0 -28.5693 -29.1898 1 2526.88 139.23 2201 0.000516538
2300 1.16638 1.10764 0.0587404 0 0.949639 2104.88 1982.74 122.136 0 -28.6074 -29.2563 1 2626.88 141.958 2301 0.000481375
2400 1.29893 1.23848 0.0604503 0 0.953461 2234.93 2106.59 128.337 0 -28.6645 -29.589 1 2726.88 144.635 2401 0.000515819
2500 1.29704 1.23068 0.0663645 0 0.948834 2364.2 2229.66 134.54 0 -28.7127 -29.5459 1 2826.88 147.263 2501 0.000492075
2600 1.28609 1.22131 0.0647846 0 0.949627 2492.75 2351.79 140.961 0 -28.7603 -29.6354 1 2926.88 149.845 2601 0.000469552
2700 1.22921 1.17148 0.0577348 0 0.953031 2615.94 2468.94 146.999 0 -28.8131 -29.8825 1 3026.88 152.383 2701 0.000433721
2800 1.24994 1.19057 0.059372 0 0.9525 2740.94 2587.99 152.945 0 -28.8516 -29.6575 1 3126.88 154.88 2801 0.000425051
2900 1.21484 1.15554 0.0592974 0 0.951189 2862.15 2703.55 158.607 0 -28.8826 -29.5837 1 3226.88 157.337 2901 0.000398326
3000 1.29021 1.22753 0.0626747 0 0.951423 2990.86 2826.3 164.563 0 -28.9132 -29.5926 1 3326.88 159.757 3001 0.000409041
3100 1.28648 1.22431 0.0621664 0 0.951677 3119.68 2948.73 170.945 0 -28.9358 -29.4608 1 3426.88 162.14 3101 0.000394813
3200 1.25772 1.19788 0.0598421 0 0.95242 3245.58 3068.52 177.06 0 -28.9615 -29.5979 1 3526.88 164.488 3201 0.000374221
3300 1.28942 1.22931 0.0601021 0 0.953388 3374.32 3191.45 182.866 0 -28.9984 -29.9293 1 3626.88 166.804 3301 0.000372407
3400 1.25815 1.20553 0.0526158 0 0.95818 3500.49 3312.01 188.489 0 -29.0476 -30.3637 1 3726.88 169.088 3401 0.000354464
3500 1.29697 1.23714 0.0598289 0 0.95387 3629.81 3435.72 194.09 0 -29.0822 -30.0185 1 3826.88 171.342 3501 0.000353368
3600 1.25589 1.20111 0.0547767 0 0.956384 3755.43 3555.83 199.601 0 -29.1252 -30.3681 1 3926.88 173.566 3601 0.000333549
3700 1.23335 1.17914 0.0542144 0 0.956043 3878.64 3673.74 204.899 0 -29.1607 -30.2421 1 4026.88 175.762 3701 0.0003186
3800 1.36291 1.30025 0.0626597 0 0.954025 4014.84 3803.77 211.074 0 -29.2096 -30.6027 1 4126.88 177.931 3801 0.000342081
3900 1.33775 1.2761 0.061648 0 0.953916 4148.69 3931.38 217.315 0 -29.2494 -30.4432 1 4226.88 180.074 3901 0.000327121
4000 1.33002 1.26584 0.0641758 0 0.951748 4281.28 4057.96 223.319 0 -29.2778 -30.1659 1 4326.88 182.191 4001 0.000316381
4100 1.4606 1.39538 0.0652259 0 0.955343 4427.68 4197.5 230.176 0 -29.2968 -29.8532 1 4426.88 184.285 4101 0.000340253
4200 1.44869 1.38221 0.0664868 0 0.954106 4572.47 4335.72 236.745 0 -29.3164 -29.9147 1 4526.88 186.354 4201 0.000329018
4300 1.39242 1.32979 0.0626264 0 0.955023 4711.93 4468.7 243.233 0 -29.3309 -29.8067 1 4626.88 188.401 4301 0.000309183
4400 1.39242 1.3262 0.0662208 0 0.952442 4850.88 4601.32 249.562 0 -29.3426 -29.7409 1 4726.88 190.427 4401 0.000301341
4500 1.42106 1.36154 0.0595162 0 0.958118 4993.42 4737.48 255.948 0 -29.3619 -30.0163 1 4826.88 192.43 4501 0.000302498
4600 1.43163 1.36483 0.0668012 0 0.953339 5136.11 4873.96 262.147 0 -29.3755 -29.8511 1 4926.88 194.413 4601 0.000296638
4700 1.48493 1.41676 0.0681712 0 0.954091 5284.16 5015.63 268.53 0 -29.3889 -29.8533 1 5026.88 196.376 4701 0.000301374
4800 1.45646 1.39647 0.0599835 0 0.958815 5430.23 5155.28 274.949 0 -29.4032 -29.9235 1 5126.88 198.32 4801 0.000290871
4900 1.48064 1.41679 0.0638519 0 0.956876 5578.36 5296.96 281.398 0 -29.42 -30.0337 1 5226.88 200.245 4901 0.000289082
5000 1.49046 1.42571 0.0647513 0 0.956556 5727.24 5439.53 287.711 0 -29.4378 -30.1046 1 5326.88 202.151 5001 0.000285085
5100 1.45806 1.39602 0.0620362 0 0.957453 5873.11 5579.13 293.974 0 -29.451 -29.97 1 5426.88 204.04 5101 0.000273676
5200 1.37302 1.31973 0.0532932 0 0.961185 6010.78 5711.11 299.672 0 -29.4721 -30.3704 1 5526.88 205.911 5201 0.000253745
5300 1.44261 1.38812 0.054493 0 0.962226 6155.33 5849.92 305.409 0 -29.5007 -30.6905 1 5626.88 207.766 5301 0.000261859
5400 1.55445 1.49092 0.063529 0 0.959131 6310.57 5999.01 311.558 0 -29.5176 -30.1898 1 5726.88 209.604 5401 0.000276046
5500 1.49841 1.43943 0.0589754 0 0.960641 6460.77 6142.95 317.812 0 -29.539 -30.4364 1 5826.88 211.426 5501 0.000261667
5600 1.50949 1.44856 0.0609298 0 0.959636 6611.76 6287.81 323.949 0 -29.5612 -30.5104 1 5926.88 213.232 5601 0.000258625
5700 1.5311 1.4695 0.0615956 0 0.95977 6764.94 6434.76 330.178 0 -29.5881 -30.751 1 6026.88 215.024 5701 0.000257762
5800 1.46433 1.40444 0.0598894 0 0.959101 6911.34 6575.2 336.132 0 -29.6136 -30.791 1 6126.88 216.8 5801 0.000242103
5900 1.42769 1.37423 0.0534578 0 0.962556 7054.49 6712.63 341.861 0 -29.6405 -30.9405 1 6226.88 218.562 5901 0.000232882
6000 1.36216 1.31202 0.0501433 0 0.963189 7190.96 6843.83 347.132 0 -29.6698 -31.182 1 6326.88 220.31 6001 0.000218634
6100 1.36415 1.31225 0.0519016 0 0.961953 7327.21 6975.05 352.159 0 -29.6964 -31.1009 1 6426.88 222.045 6101 0.000215087
6200 1.34953 1.29998 0.0495467 0 0.963286 7462.23 7105.05 357.179 0 -29.7275 -31.4143 1 6526.88 223.765 6201 0.000209641
6300 1.35891 1.30542 0.053493 0 0.960635 7597.94 7235.59 362.348 0 -29.7513 -31.0646 1 6626.88 225.473 6301 0.000207177
6400 1.35006 1.30021 0.0498472 0 0.963078 7733.14 7365.62 367.523 0 -29.7725 -30.9639 1 6726.88 227.168 6401 0.000203126
6500 1.43644 1.37911 0.057321 0 0.960095 7876.53 7503.53 372.999 0 -29.7874 -30.5889 1 6826.88 228.85 6501 0.000212139
6600 1.45513 1.39888 0.0562528 0 0.961342 8022.12 7643.42 378.708 0 -29.8082 -30.9312 1 6926.88 230.52 6601 0.00021192
6700 1.51668 1.45917 0.0575189 0 0.962076 8173.93 7789.33 384.594 0 -29.8229 -30.6041 1 7026.88 232.178 6701 0.000217753
6800 1.48257 1.42497 0.0576012 0 0.961148 8322.12 7931.83 390.288 0 -29.8426 -30.9291 1 7126.88 233.824 6801 0.000209523
6900 1.51396 1.45517 0.0587922 0 0.961167 8473.67 8077.35 396.32 0 -29.8621 -30.9295 1 7226.88 235.459 6901 0.000210863
7000 1.50115 1.44016 0.0609888 0 0.959372 8623.62 8221.36 402.257 0 -29.8763 -30.6783 1 7326.88 237.083 7001 0.000205708
7100 1.5107 1.45302 0.0576832 0 0.961817 8774.99 8366.66 408.329 0 -29.8921 -30.7909 1 7426.88 238.695 7101 0.000204622
7200 1.45902 1.39893 0.0600977 0 0.95881 8920.7 8506.56 414.146 0 -29.9066 -30.7825 1 7526.88 240.297 7201 0.000194268
7300 1.46947 1.41014 0.0593365 0 0.959621 9067.57 8647.57 419.996 0 -29.9233 -30.9385 1 7626.88 241.888 7301 0.000193143
7400 1.50693 1.44639 0.0605351 0 0.959829 9218.18 8792.21 425.969 0 -29.9369 -30.7521 1 7726.88 243.468 7401 0.000195432
7500 1.50171 1.44412 0.0575911 0 0.96165 9368.51 8936.62 431.888 0 -29.9528 -30.9296 1 7826.88 245.039 7501 0.000192524
7600 1.51785 1.46239 0.0554656 0 0.963458 9520.58 9082.86 437.724 0 -29.9689 -30.9647 1 7926.88 246.599 7601 0.000192394
7700 1.54792 1.49121 0.0567151 0 0.963361 9675.73 9231.98 443.752 0 -29.9832 -30.8593 1 8026.88 248.15 7701 0.000193638
7800 1.51142 1.4539 0.0575239 0 0.961941 9826.81 9377.37 449.442 0 -29.9938 -30.6732 1 8126.88 249.691 7801 0.000186373
7900 1.50595 1.44905 0.0569032 0 0.962214 9977.62 9522.28 455.347 0 -30.0078 -30.9177 1 8226.88 251.222 7901 0.0001834
8000 1.46659 1.41472 0.0518652 0 0.964636 10124.7 9663.75 460.998 0 -30.0234 -31.081 1 8326.88 252.744 8001 0.000176818
8100 1.4138 1.36038 0.0534248 0 0.962212 10265.9 9799.79 466.145 0 -30.0385 -31.122 1 8426.88 254.257 8101 0.000167927
8200 1.52266 1.46519 0.0574641 0 0.962261 10418.1 9946.3 471.773 0 -30.0517 -30.9454 1 8526.88 255.762 8201 0.00017866
8300 1.51223 1.45712 0.0551089 0 0.963558 10569.6 10092 477.566 0 -30.0661 -31.052 1 8626.88 257.257 8301 0.000175536
8400 1.4387 1.38105 0.0576538 0 0.959926 10713 10230.1 482.919 0 -30.0821 -31.2643 1 8726.88 258.744 8401 0.000164391
8500 1.50044 1.44324 0.0572017 0 0.961877 10863 10374.4 488.588 0 -30.0983 -31.2557 1 8826.88 260.222 8501 0.000169773
8600 1.44739 1.39392 0.0534733 0 0.963055 11008 10513.8 494.15 0 -30.1159 -31.4317 1 8926.88 261.692 8601 0.000162065
8700 1.43493 1.37705 0.0578762 0 0.959666 11151.2 10651.5 499.622 0 -30.1302 -31.2288 1 9026.88 263.153 8701 0.000158264
8800 1.42027 1.37001 0.0502631 0 0.96461 11293.7 10788.5 505.126 0 -30.1451 -31.3101 1 9126.88 264.607 8801 0.000155665
8900 1.39477 1.34483 0.0499456 0 0.964191 11433.3 10923 510.235 0 -30.1623 -31.5588 1 9226.88 266.053 8901 0.000151087
9000 1.4821 1.4289 0.0532038 0 0.964102 11581.6 11065.9 515.639 0 -30.1731 -31.0019 1 9326.88 267.49 9001 0.000158749
9100 1.48079 1.42436 0.0564318 0 0.961891 11729.7 11208.4 521.299 0 -30.1822 -30.8923 1 9426.88 268.921 9101 0.000156506
9200 1.51084 1.44772 0.0631152 0 0.958225 11880.2 11353.1 527.069 0 -30.1898 -30.7847 1 9526.88 270.343 9201 0.000157344
9300 1.54719 1.4899 0.057288 0 0.962973 12035.2 11502.1 533.085 0 -30.1986 -30.8715 1 9626.88 271.758 9301 0.000160187
9400 1.4928 1.4378 0.055002 0 0.963155 12184.7 11645.9 538.841 0 -30.2075 -30.9297 1 9726.88 273.166 9401 0.000152941
9500 1.39528 1.34651 0.0487658 0 0.965049 12324.6 11780.5 544.03 0 -30.2183 -31.1537 1 9826.88 274.567 9501 0.000141723
9600 1.44983 1.39814 0.0516926 0 0.964346 12469.5 11920.4 549.189 0 -30.2288 -31.1263 1 9926.88 275.96 9601 0.000145625
9700 1.45486 1.40098 0.0538725 0 0.962971 12615 12060.5 554.503 0 -30.2411 -31.2901 1 10026.9 277.347 9701 0.000144416
9800 1.54201 1.48646 0.0555511 0 0.963975 12769.3 12209.1 560.217 0 -30.2514 -31.0966 1 10126.9 278.726 9801 0.000151664
9900 1.54358 1.48551 0.0580761 0 0.962376 12923.6 12357.7 565.896 0 -30.2641 -31.3128 1 10226.9 280.099 9901 0.000150036
10000 1.57197 1.51414 0.0578332 0 0.96321 13081 12509.1 571.912 0 -30.2763 -31.2784 1 10326.9 281.465 10001 0.000151398
10100 1.50889 1.45386 0.05503 0 0.963529 13232 12654.5 577.549 0 -30.2881 -31.3086 1 10426.9 282.825 10101 0.000143932
10200 1.60978 1.5498 0.0599788 0 0.962741 13393.1 12809.4 583.64 0 -30.295 -30.8664 1 10526.9 284.178 10201 0.000151927
10300 1.59397 1.53759 0.0563855 0 0.964626 13552.8 12963.2 589.643 0 -30.3039 -31.0483 1 10626.9 285.524 10301 0.000149266
10400 1.56445 1.50611 0.058341 0 0.962708 13709.3 13113.8 595.525 0 -30.3109 -30.9135 1 10726.9 286.865 10401 0.000144804
10500 1.58223 1.52197 0.0602562 0 0.961917 13867.3 13266 601.326 0 -30.3201 -31.1202 1 10826.9 288.199 10501 0.000144936
10600 1.57746 1.51493 0.0625255 0 0.960363 14024.9 13417.5 607.447 0 -30.3294 -31.1457 1 10926.9 289.526 10601 0.000142905
10700 1.55418 1.49446 0.0597228 0 0.961573 14180.6 13566.9 613.665 0 -30.3396 -31.2613 1 11026.9 290.848 10701 0.000139656
10800 1.59545 1.53538 0.060074 0 0.962347 14340.4 13720.5 619.912 0 -30.349 -31.1851 1 11126.9 292.164 10801 0.000142152
10900 1.58882 1.52508 0.063739 0 0.959883 14499.1 13873 626.081 0 -30.3586 -31.227 1 11226.9 293.474 10901 0.000139903
11000 1.61409 1.5524 0.0616934 0 0.961778 14660.5 14028.2 632.314 0 -30.3687 -31.2766 1 11326.9 294.778 11001 0.000141114
11100 1.56451 1.50962 0.0548859 0 0.964918 14817.5 14179.2 638.269 0 -30.3817 -31.5916 1 11426.9 296.076 11101 0.00013599
11200 1.57578 1.51585 0.0599212 0 0.961974 14974.9 14330.8 644.122 0 -30.3939 -31.5445 1 11526.9 297.369 11201 0.000135332
11300 1.53039 1.47345 0.056941 0 0.962793 15128.2 14478.1 650.044 0 -30.4057 -31.5591 1 11626.9 298.656 11301 0.000130382
11400 1.55499 1.49819 0.0568003 0 0.963472 15284 14627.9 656.1 0 -30.4181 -31.6243 1 11726.9 299.938 11401 0.000131409
11500 1.52993 1.46877 0.0611563 0 0.960027 15436.7 14774.8 661.91 0 -30.4301 -31.632 1 11826.9 301.214 11501 0.000127708
11600 1.55235 1.49316 0.0591874 0 0.961872 15592 14924.1 667.849 0 -30.442 -31.6184 1 11926.9 302.485 11601 0.00012871
11700 1.47036 1.41679 0.0535685 0 0.963568 15739.1 15065.8 673.322 0 -30.4553 -31.8703 1 12026.9 303.75 11701 0.000121083
11800 1.51689 1.46217 0.0547187 0 0.963927 15890.7 15212 678.665 0 -30.4695 -31.9386 1 12126.9 305.01 11801 0.000123902
11900 1.52746 1.47118 0.0562825 0 0.963153 16043.6 15359.1 684.473 0 -30.4833 -31.9236 1 12226.9 306.265 11901 0.000123618
12000 1.55968 1.49931 0.0603771 0 0.961289 16199.6 15509.1 690.567 0 -30.4959 -31.7859 1 12326.9 307.515 12001 0.000124932
12100 1.57787 1.51599 0.0618766 0 0.960785 16357.3 15660.7 696.667 0 -30.5063 -31.5734 1 12426.9 308.76 12101 0.000125278
12200 1.62164 1.5598 0.06184 0 0.961866 16519.7 15816.7 703.039 0 -30.5157 -31.4631 1 12526.9 310 12201 0.000127842
12300 1.56057 1.50371 0.0568685 0 0.963559 16676.1 15967 709.059 0 -30.5238 -31.3799 1 12626.9 311.235 12301 0.000122243
12400 1.549 1.49073 0.0582726 0 0.962381 16830.9 16116.1 714.754 0 -30.5334 -31.5748 1 12726.9 312.465 12401 0.00012021
12500 1.56248 1.50419 0.0582832 0 0.962698 16987.3 16266.5 720.791 0 -30.5402 -31.2666 1 12826.9 313.69 12501 0.000120326
12600 1.55856 1.49884 0.0597228 0 0.961681 17143.1 16416.4 726.718 0 -30.5466 -31.2407 1 12926.9 314.91 12601 0.000118946
12700 1.55412 1.49712 0.0570049 0 0.96332 17298.7 16566.1 732.604 0 -30.5553 -31.518 1 13026.9 316.126 12701 0.000117874
12800 1.51598 1.45651 0.0594637 0 0.960775 17449.9 16711.8 738.126 0 -30.5646 -31.63 1 13126.9 317.337 12801 0.000113781
12900 1.67113 1.60833 0.0628078 0 0.962416 17617.2 16872.6 744.558 0 -30.571 -31.2411 1 13226.9 318.544 12901 0.000124667
13000 1.66864 1.60798 0.0606639 0 0.963645 17784.4 17033.4 750.985 0 -30.5765 -31.1555 1 13326.9 319.745 13001 0.000123681
13100 1.58208 1.51958 0.062504 0 0.960493 17942.5 17185.4 757.177 0 -30.5842 -31.445 1 13426.9 320.943 13101 0.000115989
13200 1.6314 1.56189 0.0695099 0 0.957393 18104.7 17341.5 763.19 0 -30.59 -31.2325 1 13526.9 322.136 13201 0.000118316
13300 1.65077 1.58736 0.063405 0 0.961591 18269.7 17500.3 769.435 0 -30.5991 -31.5961 1 13626.9 323.324 13301 0.000119341
13400 1.62125 1.56277 0.0584755 0 0.963932 18432.5 17656.6 775.907 0 -30.6103 -31.8706 1 13726.9 324.508 13401 0.000116616
13500 1.50236 1.45285 0.0495123 0 0.967044 18583.3 17801.8 781.466 0 -30.6235 -32.2297 1 13826.9 325.688 13501 0.00010761
13600 1.53199 1.47564 0.0563481 0 0.963219 18736 17949.4 786.615 0 -30.6334 -31.8478 1 13926.9 326.864 13601 0.000108495
13700 1.57099 1.51218 0.058802 0 0.96257 18892.9 18100.6 792.229 0 -30.6434 -31.8376 1 14026.9 328.035 13701 0.00011037
13800 1.58775 1.52841 0.0593428 0 0.962625 19051.6 18253.5 798.098 0 -30.6501 -31.4405 1 14126.9 329.203 13801 0.000110746
13900 1.59327 1.536 0.0572733 0 0.964053 19210.9 18407.1 803.845 0 -30.6581 -31.6189 1 14226.9 330.366 13901 0.000110495
14000 1.56973 1.5132 0.0565275 0 0.963989 19367.9 18558.4 809.565 0 -30.6665 -31.6962 1 14326.9 331.525 14001 0.000108078
14100 1.52833 1.47477 0.0535636 0 0.964953 19521 18705.9 815.154 0 -30.6751 -31.7558 1 14426.9 332.68 14101 0.000104586
14200 1.59604 1.53653 0.0595105 0 0.962714 19680.6 18859.5 821.078 0 -30.682 -31.5329 1 14526.9 333.831 14201 0.000108199
14300 1.7096 1.64088 0.0687165 0 0.959805 19851.2 19023.6 827.643 0 -30.6835 -30.8571 1 14626.9 334.978 14301 0.000114739
14400 1.68511 1.62228 0.0628252 0 0.962717 20020.2 19185.8 834.346 0 -30.687 -31.0965 1 14726.9 336.121 14401 0.000112651
14500 1.67134 1.60669 0.0646523 0 0.961317 20187.3 19346.5 840.827 0 -30.6906 -31.1217 1 14826.9 337.26 14501 0.000110798
14600 1.73444 1.66908 0.0653612 0 0.962316 20360.8 19513.4 847.396 0 -30.6937 -31.051 1 14926.9 338.396 14601 0.000114313
14700 1.78042 1.70944 0.0709764 0 0.960135 20538.7 19684.4 854.345 0 -30.6962 -30.9809 1 15026.9 339.527 14701 0.000116281
14800 1.79416 1.72589 0.0682677 0 0.96195 20718.5 19856.9 861.542 0 -30.7006 -31.2119 1 15126.9 340.655 14801 0.000116607
14900 1.80621 1.73663 0.0695785 0 0.961478 20899.4 20030.6 868.754 0 -30.7055 -31.2619 1 15226.9 341.779 14901 0.000116544
15000 1.73939 1.66912 0.0702768 0 0.959597 21073 20197.5 875.455 0 -30.7092 -31.1572 1 15326.9 342.9 15001 0.000111267
15100 1.69452 1.62667 0.0678452 0 0.959962 21242.2 20360.2 882.061 0 -30.7141 -31.3207 1 15426.9 344.016 15101 0.00010772
15200 1.62577 1.5669 0.058869 0 0.96379 21405.1 20516.9 888.255 0 -30.7203 -31.5334 1 15526.9 345.13 15201 0.000103079
15300 1.65806 1.60216 0.0558961 0 0.966288 21571.3 20677.1 894.17 0 -30.7266 -31.5343 1 15626.9 346.239 15301 0.00010471
15400 1.58269 1.52832 0.0543714 0 0.965646 21729.5 20829.9 899.565 0 -30.7328 -31.5742 1 15726.9 347.345 15401 9.92352e-05
15500 1.59701 1.54303 0.0539888 0 0.966194 21889.4 20984.2 905.172 0 -30.74 -31.7194 1 15826.9 348.448 15501 9.95436e-05
15600 1.54427 1.49578 0.0484917 0 0.968599 22044.1 21133.8 910.291 0 -30.749 -32.0237 1 15926.9 349.547 15601 9.58773e-05
15700 1.51245 1.46386 0.0485912 0 0.967872 22195.2 21280.2 915.025 0 -30.7592 -32.2514 1 16026.9 350.643 15701 9.32333e-05
15800 1.53625 1.48893 0.047321 0 0.969197 22349.1 21429.1 919.99 0 -30.7683 -32.0843 1 16126.9 351.735 15801 9.42303e-05
15900 1.65094 1.59406 0.0568812 0 0.965546 22514 21588.5 925.49 0 -30.7737 -31.4972 1 16226.9 352.824 15901 0.000100249
16000 1.70559 1.64253 0.0630598 0 0.963028 22684.1 21752.7 931.358 0 -30.7784 -31.41 1 16326.9 353.909 16001 0.000102652
16100 1.70372 1.64048 0.0632392 0 0.962882 22854.3 21916.8 937.546 0 -30.7833 -31.4311 1 16426.9 354.991 16101 0.000101887
16200 1.70099 1.63918 0.0618169 0 0.963658 23024.6 22080.7 943.872 0 -30.7891 -31.5631 1 16526.9 356.07 16201 0.000101177
16300 1.64391 1.58248 0.0614367 0 0.962628 23188.9 22239 949.971 0 -30.7949 -31.6108 1 16626.9 357.146 16301 9.70785e-05
16400 1.61841 1.55468 0.0637346 0 0.960619 23350.2 22394.4 955.787 0 -30.8004 -31.586 1 16726.9 358.218 16401 9.47915e-05
16500 1.70598 1.64459 0.0613896 0 0.964015 23520.9 22558.9 961.983 0 -30.8049 -31.4276 1 16826.9 359.287 16501 9.9666e-05
16600 1.65298 1.5913 0.0616812 0 0.962685 23685.9 22718 967.919 0 -30.8109 -31.6651 1 16926.9 360.353 16601 9.58556e-05
16700 1.67533 1.61 0.0653369 0 0.961001 23853.1 22879 974.046 0 -30.8169 -31.6614 1 17026.9 361.416 16701 9.64012e-05
16800 1.61517 1.55918 0.0559965 0 0.965331 24014.8 23034.9 979.913 0 -30.8253 -32.0663 1 17126.9 362.476 16801 9.28025e-05
16900 1.66494 1.60613 0.0588182 0 0.964673 24181.3 23195.5 985.722 0 -30.8315 -31.7321 1 17226.9 363.533 16901 9.50314e-05
17000 1.71953 1.65553 0.0640055 0 0.962777 24352.9 23361.1 991.826 0 -30.8366 -31.5469 1 17326.9 364.586 17001 9.73783e-05
17100 1.72188 1.65932 0.0625545 0 0.963671 24525 23527 998.024 0 -30.8401 -31.3382 1 17426.9 365.637 17101 9.70308e-05
17200 1.66081 1.60368 0.0571234 0 0.965605 24691.3 23687.4 1003.91 0 -30.8446 -31.516 1 17526.9 366.684 17201 9.3232e-05
17300 1.70908 1.64941 0.0596732 0 0.965085 24862.2 23852.3 1009.89 0 -30.8488 -31.447 1 17626.9 367.729 17301 9.5336e-05
17400 1.71414 1.65489 0.0592423 0 0.965439 25033.9 24017.8 1016.07 0 -30.8545 -31.6831 1 17726.9 368.771 17401 9.51034e-05
17500 1.74083 1.67656 0.0642662 0 0.963083 25207.8 24185.5 1022.35 0 -30.8583 -31.4113 1 17826.9 369.809 17501 9.57981e-05
17600 1.7791 1.71578 0.063318 0 0.96441 25386 24357.1 1028.95 0 -30.8611 -31.2549 1 17926.9 370.845 17601 9.74818e-05
17700 1.7711 1.70734 0.0637648 0 0.963997 25563.4 24527.8 1035.57 0 -30.866 -31.5619 1 18026.9 371.878 17701 9.64542e-05
17800 1.85417 1.78754 0.0666385 0 0.96406 25749 24706.5 1042.47 0 -30.8695 -31.3506 1 18126.9 372.908 17801 0.000100418
17900 1.80894 1.73837 0.0705725 0 0.960987 25929.7 24880.4 1049.36 0 -30.8723 -31.2723 1 18226.9 373.935 17901 9.71101e-05
18000 1.84641 1.77572 0.0706887 0 0.961716 26114.6 25058 1056.63 0 -30.8741 -31.133 1 18326.9 374.959 18001 9.86458e-05
18100 1.7672 1.70095 0.0662523 0 0.96251 26291.5 25228 1063.42 0 -30.8782 -31.4762 1 18426.9 375.981 18101 9.39699e-05
18200 1.76055 1.69313 0.0674223 0 0.961704 26467.4 25397.4 1070.02 0 -30.8819 -31.4341 1 18526.9 377 18201 9.3024e-05
18300 1.90065 1.82252 0.0781319 0 0.958892 26657 25579.6 1077.39 0 -30.8846 -31.2615 1 18626.9 378.016 18301 9.95858e-05
18400 1.87549 1.80299 0.0725061 0 0.96134 26844.8 25759.9 1084.85 0 -30.8878 -31.3462 1 18726.9 379.029 18401 9.79831e-05
18500 1.84201 1.76766 0.0743551 0 0.959634 27028.7 25936.7 1092.01 0 -30.89 -31.2132 1 18826.9 380.04 18501 9.55439e-05
18600 1.86726 1.79547 0.071791 0 0.961553 27215.6 26116.2 1099.34 0 -30.895 -31.611 1 18926.9 381.048 18601 9.65255e-05
18700 1.79427 1.72896 0.0653042 0 0.963604 27395.3 26289.1 1106.21 0 -30.9003 -31.7087 1 19026.9 382.053 18701 9.2453e-05
18800 1.83343 1.76693 0.0665001 0 0.963729 27578.7 26465.8 1112.93 0 -30.9052 -31.6386 1 19126.9 383.056 18801 9.39807e-05
18900 1.81448 1.74556 0.0689115 0 0.962021 27760.2 26640.4 1119.85 0 -30.9104 -31.7039 1 19226.9 384.056 18901 9.2353e-05
19000 1.75215 1.68541 0.0667364 0 0.961912 27935.2 26808.9 1126.26 0 -30.9166 -31.8925 1 19326.9 385.053 19001 8.87014e-05
19100 1.77244 1.71167 0.0607645 0 0.965717 28112.7 26980.1 1132.67 0 -30.9212 -31.6443 1 19426.9 386.048 19101 8.96116e-05
19200 1.77271 1.70867 0.0640396 0 0.963875 28289.8 27150.9 1138.88 0 -30.9246 -31.4681 1 19526.9 387.041 19201 8.89885e-05
19300 1.83126 1.7678 0.0634591 0 0.965347 28473.3 27327.7 1145.54 0 -30.9295 -31.6871 1 19626.9 388.03 19301 9.1591e-05
19400 1.77248 1.70406 0.0684209 0 0.961398 28649.8 27498.1 1151.71 0 -30.934 -31.6551 1 19726.9 389.018 19401 8.78338e-05
19500 1.84917 1.78463 0.0645401 0 0.965098 28834.9 27676.6 1158.34 0 -30.9384 -31.6196 1 19826.9 390.002 19501 9.15147e-05
19600 1.75856 1.69598 0.062586 0 0.964411 29010.9 27846.2 1164.69 0 -30.9436 -31.7876 1 19926.9 390.985 19601 8.6525e-05
19700 1.70745 1.64874 0.0587056 0 0.965618 29181.6 28011.1 1170.55 0 -30.9493 -31.9312 1 20026.9 391.964 19701 8.36883e-05
19800 1.73314 1.67091 0.0622356 0 0.964091 29354.6 28178.2 1176.45 0 -30.9543 -31.7913 1 20126.9 392.942 19801 8.43849e-05
19900 1.78411 1.72184 0.0622638 0 0.965101 29533.1 28350.3 1182.74 0 -30.9593 -31.7843 1 20226.9 393.917 19901 8.65205e-05
20000 1.72894 1.66934 0.0596018 0 0.965527 29706.2 28517.3 1188.88 0 -30.9667 -32.2266 1 20325.9 394.88 20000 8.3467e-05
