100 0.116516 0.104964 0.0115519 0 0.900856 11.1394 10.4964 0.642939 0 -27.4606 -27.4606 2 427.882 57.293 51 0.00205812
200 0.257947 0.236761 0.0211857 0 0.917868 36.516 34.1725 2.34345 0 -27.226 -27.123 2 527.882 63.6368 101 0.00234417
300 0.306101 0.282335 0.0237657 0 0.92236 67.0766 62.4061 4.67053 0 -27.3102 -27.4108 2 627.882 69.4031 151 0.00186977
400 0.342819 0.316927 0.0258913 0 0.924475 101.24 94.0988 7.14097 0 -27.418 -27.6297 2 727.882 74.7258 201 0.00157675
500 0.361323 0.334433 0.0268903 0 0.925578 137.3 127.542 9.75757 0 -27.4947 -27.7099 2 827.882 79.6937 251 0.0013324
600 0.361015 0.333833 0.0271825 0 0.924705 173.291 160.925 12.3661 0 -27.6075 -28.0382 2 927.882 84.3697 301 0.00110908
700 0.418355 0.390511 0.0278432 0 0.933446 215.158 199.976 15.1816 0 -27.712 -28.1445 2 1027.88 88.7997 351 0.00111257
800 0.47572 0.447274 0.0284454 0 0.940206 262.924 244.704 18.2196 0 -27.8081 -28.2406 2 1127.88 93.019 401 0.0011154
900 0.494391 0.466276 0.0281152 0 0.943132 312.528 291.332 21.1969 0 -27.9809 -28.8973 2 1227.88 97.0551 451 0.00103387
1000 0.460517 0.433966 0.0265503 0 0.942347 358.722 334.728 23.994 0 -28.074 -28.7032 2 1327.88 100.93 501 0.0008662
1100 0.485277 0.456874 0.0284028 0 0.941471 407.235 380.416 26.8198 0 -28.1512 -28.7224 2 1427.88 104.661 551 0.000829172
1200 0.495691 0.46893 0.0267611 0 0.946013 456.902 427.309 29.5935 0 -28.264 -29.1891 2 1527.88 108.264 601 0.000780249
1300 0.475065 0.449519 0.0255458 0 0.946227 504.505 472.26 32.2442 0 -28.329 -28.9526 2 1627.88 111.751 651 0.000690505
1400 0.472215 0.447899 0.0243155 0 0.948508 551.883 517.05 34.8328 0 -28.4242 -29.4381 2 1727.88 115.132 701 0.000638943
1500 0.464259 0.439871 0.0243876 0 0.94747 598.385 561.037 37.3471 0 -28.4971 -29.3621 2 1827.88 118.417 751 0.000585714
1600 0.527597 0.502016 0.0255811 0 0.951514 651.346 611.239 40.1074 0 -28.6389 -30.2405 2 1927.88 121.613 801 0.000626736
1700 0.484752 0.458977 0.0257756 0 0.946827 699.732 657.137 42.595 0 -28.7318 -29.9835 2 2027.88 124.727 851 0.000539338
1800 0.473443 0.450186 0.0232567 0 0.950878 747.251 702.155 45.0955 0 -28.8297 -30.2715 2 2127.88 127.766 901 0.000499651
1900 0.502905 0.477942 0.0249623 0 0.950364 797.572 749.95 47.6225 0 -28.8988 -29.9243 2 2227.88 130.733 951 0.000502568
2000 0.557713 0.530668 0.0270454 0 0.951507 853.294 803.016 50.2776 0 -28.9118 -29.0985 2 2327.88 133.635 1001 0.000530138
2100 0.585288 0.556497 0.0287915 0 0.950808 911.734 858.666 53.0678 0 -28.9067 -28.8314 2 2427.88 136.475 1051 0.000529492
2200 0.549341 0.523172 0.0261684 0 0.952364 966.877 910.983 55.8942 0 -28.9374 -29.4454 2 2527.88 139.257 1101 0.000475179
2300 0.57959 0.548778 0.0308119 0 0.946838 1024.8 965.861 58.9426 0 -28.9254 -28.7251 2 2627.88 141.985 1151 0.000476784
2400 0.542939 0.515602 0.0273366 0 0.949651 1079.27 1017.42 61.8508 0 -28.968 -29.7704 2 2727.88 144.661 1201 0.000429311
2500 0.533684 0.508862 0.0248221 0 0.953489 1132.84 1068.31 64.5343 0 -29.0146 -29.9531 2 2827.88 147.289 1251 0.000406764
2600 0.541454 0.515172 0.0262817 0 0.951461 1187.08 1119.82 67.2506 0 -29.0502 -29.7922 2 2927.88 149.871 1301 0.000395982
2700 0.543983 0.51465 0.0293332 0 0.946077 1241.29 1171.29 70.0048 0 -29.0928 -30.0265 2 3027.88 152.409 1351 0.00038094
2800 0.583062 0.550478 0.0325833 0 0.944117 1299.27 1226.34 72.9307 0 -29.1166 -29.6257 2 3127.88 154.905 1401 0.000392918
2900 0.558247 0.532217 0.0260298 0 0.953372 1355.4 1279.56 75.8432 0 -29.1468 -29.8456 2 3227.88 157.362 1451 0.000366794
3000 0.539967 0.511058 0.0289088 0 0.946462 1409.11 1330.66 78.4489 0 -29.1765 -29.9274 2 3327.88 159.781 1501 0.000340478
3100 0.535524 0.511886 0.0236374 0 0.955861 1462.87 1381.85 81.021 0 -29.2094 -30.0714 2 3427.88 162.163 1551 0.000330036
3200 0.610453 0.579237 0.0312164 0 0.948864 1523.78 1439.78 84.0063 0 -29.228 -29.6752 2 3527.88 164.512 1601 0.000361797
3300 0.598844 0.570625 0.0282195 0 0.952877 1583.95 1496.84 87.1118 0 -29.252 -29.8599 2 3627.88 166.827 1651 0.000345624
3400 0.610512 0.580476 0.0300357 0 0.950803 1645.04 1554.89 90.1497 0 -29.2664 -29.6394 2 3727.88 169.111 1701 0.000341256
3500 0.614679 0.581467 0.0332118 0 0.945969 1706.26 1613.03 93.2254 0 -29.2836 -29.7445 2 3827.88 171.364 1751 0.000332077
3600 0.622753 0.595842 0.0269108 0 0.956787 1769 1672.62 96.3859 0 -29.3014 -29.7862 2 3927.88 173.588 1801 0.00033084
3700 0.619951 0.589197 0.0307542 0 0.950393 1831.11 1731.54 99.5716 0 -29.322 -29.9085 2 4027.88 175.784 1851 0.000318313
3800 0.60844 0.577288 0.031152 0 0.9488 1891.93 1789.27 102.666 0 -29.3302 -29.5772 2 4127.88 177.952 1901 0.000303676
3900 0.571484 0.544046 0.0274386 0 0.951987 1949.18 1843.67 105.508 0 -29.3437 -29.7894 2 4227.88 180.095 1951 0.000278855
4000 0.595596 0.568 0.0275956 0 0.953667 2008.84 1900.47 108.365 0 -29.356 -29.7581 2 4327.88 182.212 2001 0.000283858
4100 0.608873 0.583174 0.0256991 0 0.957792 2070.05 1958.79 111.265 0 -29.3787 -30.1228 2 4427.88 184.305 2051 0.000284337
4200 0.609438 0.583872 0.0255654 0 0.958051 2131.17 2017.18 113.998 0 -29.4063 -30.3419 2 4527.88 186.375 2101 0.000277902
4300 0.624709 0.597462 0.0272465 0 0.956385 2193.77 2076.92 116.845 0 -29.4216 -29.9445 2 4627.88 188.422 2151 0.00027776
4400 0.669745 0.637282 0.0324626 0 0.95153 2260.64 2140.65 119.988 0 -29.4316 -29.7577 2 4727.88 190.447 2201 0.000289542
4500 0.646026 0.61535 0.0306756 0 0.952516 2325.26 2202.19 123.071 0 -29.4466 -29.972 2 4827.88 192.45 2251 0.000273367
4600 0.63472 0.606832 0.0278884 0 0.956062 2388.9 2262.87 126.033 0 -29.4709 -30.3595 2 4927.88 194.433 2301 0.000263725
4700 0.596682 0.570623 0.0260594 0 0.956326 2448.57 2319.93 128.636 0 -29.4903 -30.2649 2 5027.88 196.396 2351 0.000242715
4800 0.632938 0.605627 0.0273112 0 0.95685 2511.95 2380.49 131.458 0 -29.5076 -30.1761 2 5127.88 198.339 2401 0.000252239
4900 0.668967 0.636927 0.03204 0 0.952105 2578.57 2444.19 134.379 0 -29.5203 -29.9987 2 5227.88 200.264 2451 0.000259864
5000 0.649585 0.621404 0.0281813 0 0.956617 2643.54 2506.33 137.216 0 -29.5387 -30.2707 2 5327.88 202.17 2501 0.000248462
5100 0.606129 0.581088 0.0250406 0 0.958688 2704.31 2564.44 139.874 0 -29.5587 -30.4299 2 5427.88 204.059 2551 0.000227788
5200 0.59745 0.574358 0.0230911 0 0.961351 2764.12 2621.87 142.252 0 -29.5747 -30.2968 2 5527.88 205.93 2601 0.000220822
5300 0.661681 0.632917 0.0287639 0 0.956529 2830.04 2685.16 144.872 0 -29.5838 -29.9657 2 5627.88 207.784 2651 0.000238747
5400 0.708599 0.676078 0.0325215 0 0.954104 2900.6 2752.77 147.83 0 -29.5972 -30.1334 2 5727.88 209.622 2701 0.000250306
5500 0.740146 0.708882 0.031264 0 0.95776 2974.74 2823.66 151.084 0 -29.6084 -30.0481 2 5827.88 211.444 2751 0.000257681
5600 0.695714 0.665547 0.0301671 0 0.956639 3044.33 2890.21 154.12 0 -29.618 -30.0264 2 5927.88 213.25 2801 0.000237611
5700 0.707833 0.677419 0.0304143 0 0.957032 3115.08 2957.96 157.127 0 -29.6238 -29.8736 2 6027.88 215.042 2851 0.000237607
5800 0.687462 0.659636 0.0278257 0 0.959524 3184 3023.92 160.086 0 -29.6371 -30.2372 2 6127.88 216.818 2901 0.000227382
5900 0.727935 0.695969 0.0319656 0 0.956087 3256.63 3093.52 163.117 0 -29.652 -30.3073 2 6227.88 218.58 2951 0.000235842
6000 0.758511 0.726969 0.0315427 0 0.958415 3332.5 3166.21 166.284 0 -29.6736 -30.6021 2 6327.88 220.328 3001 0.000242242
6100 0.7681 0.736668 0.0314315 0 0.959079 3409.35 3239.88 169.47 0 -29.6909 -30.4405 2 6427.88 222.062 3051 0.000241451
6200 0.762381 0.731247 0.0311336 0 0.959163 3485.6 3313 172.597 0 -29.7069 -30.4215 2 6527.88 223.783 3101 0.00023581
6300 0.760145 0.727004 0.0331408 0 0.956402 3561.5 3385.7 175.796 0 -29.7204 -30.3388 2 6627.88 225.49 3151 0.000230722
6400 0.723284 0.694475 0.028809 0 0.960169 3634.13 3455.15 178.979 0 -29.7441 -30.9077 2 6727.88 227.185 3201 0.000216956
6500 0.699879 0.668188 0.0316915 0 0.954719 3703.85 3521.97 181.881 0 -29.7651 -30.86 2 6827.88 228.867 3251 0.000205533
6600 0.727217 0.697281 0.0299366 0 0.958834 3776.76 3591.7 185.063 0 -29.782 -30.6396 2 6927.88 230.537 3301 0.000211233
6700 0.730887 0.700557 0.0303301 0 0.958502 3849.86 3661.75 188.106 0 -29.7972 -30.5834 2 7027.88 232.195 3351 0.000209059
6800 0.79995 0.769483 0.0304663 0 0.961915 3930.2 3738.7 191.497 0 -29.8138 -30.6113 2 7127.88 233.841 3401 0.000226252
6900 0.762176 0.732185 0.0299909 0 0.960651 4006.62 3811.92 194.701 0 -29.8326 -30.7955 2 7227.88 235.475 3451 0.000212166
7000 0.741884 0.710428 0.0314565 0 0.957599 4080.82 3882.96 197.852 0 -29.8523 -30.9191 2 7327.88 237.099 3501 0.000202921
7100 0.696737 0.66932 0.0274169 0 0.96065 4150.61 3949.9 200.714 0 -29.8785 -31.4085 2 7427.88 238.711 3551 0.000188488
7200 0.726225 0.69673 0.0294951 0 0.959386 4223.17 4019.57 203.595 0 -29.9024 -31.2685 2 7527.88 240.313 3601 0.000193482
7300 0.692804 0.667852 0.0249523 0 0.963984 4292.72 4086.35 206.369 0 -29.929 -31.5445 2 7627.88 241.903 3651 0.000182923
7400 0.679302 0.65567 0.0236313 0 0.965212 4360.94 4151.92 209.018 0 -29.9538 -31.5153 2 7727.88 243.484 3701 0.00017716
7500 0.701072 0.676468 0.0246042 0 0.964905 4431.11 4219.57 211.539 0 -29.9796 -31.5833 2 7827.88 245.054 3751 0.000180343
7600 0.758247 0.727264 0.0309835 0 0.959138 4506.55 4292.3 214.251 0 -29.9937 -30.8201 2 7927.88 246.615 3801 0.000191335
7700 0.797982 0.766357 0.0316257 0 0.960368 4586.31 4368.93 217.38 0 -30.0049 -30.6379 2 8027.88 248.165 3851 0.000199002
7800 0.741001 0.712037 0.0289639 0 0.960913 4660.58 4440.13 220.442 0 -30.0203 -30.9741 2 8127.88 249.706 3901 0.000182527
7900 0.664134 0.640461 0.0236727 0 0.964356 4727.23 4504.18 223.046 0 -30.0382 -31.2902 2 8227.88 251.237 3951 0.000162101
8000 0.698488 0.670866 0.027622 0 0.960455 4796.95 4571.27 225.684 0 -30.0534 -31.0831 2 8327.88 252.759 4001 0.000167675
8100 0.740432 0.706976 0.0334568 0 0.954814 4870.73 4641.96 228.762 0 -30.0618 -30.6051 2 8427.88 254.272 4051 0.000174519
8200 0.751141 0.720676 0.0304645 0 0.959442 4946.02 4714.03 231.988 0 -30.0739 -30.8619 2 8527.88 255.777 4101 0.000175732
8300 0.699104 0.674164 0.0249397 0 0.964326 5016.31 4781.45 234.856 0 -30.0878 -31.0646 2 8627.88 257.272 4151 0.00016241
8400 0.711645 0.683344 0.0283009 0 0.960232 5087.32 4849.78 237.541 0 -30.0919 -30.3818 2 8727.88 258.758 4201 0.000162662
8500 0.664925 0.639518 0.0254066 0 0.96179 5153.86 4913.73 240.128 0 -30.1031 -30.9588 2 8827.88 260.237 4251 0.000150439
8600 0.705663 0.680146 0.025517 0 0.96384 5224.7 4981.75 242.947 0 -30.1144 -30.9317 2 8927.88 261.706 4301 0.000158137
8700 0.704591 0.676257 0.0283348 0 0.959785 5294.93 5049.38 245.559 0 -30.1249 -30.9122 2 9027.88 263.168 4351 0.000155426
8800 0.756269 0.728806 0.0274633 0 0.963686 5370.81 5122.26 248.554 0 -30.13 -30.4818 2 9127.88 264.621 4401 0.0001656
8900 0.743874 0.71767 0.0262033 0 0.964775 5445.49 5194.02 251.471 0 -30.1413 -30.9543 2 9227.88 266.067 4451 0.000161238
9000 0.704581 0.678175 0.0264057 0 0.962523 5516.02 5261.84 254.182 0 -30.1517 -30.9536 2 9327.88 267.505 4501 0.000150672
9100 0.776232 0.745652 0.03058 0 0.960605 5593.43 5336.41 257.023 0 -30.1611 -30.8313 2 9427.88 268.935 4551 0.000163844
9200 0.821176 0.786612 0.034564 0 0.957909 5675.19 5415.07 260.121 0 -30.1646 -30.4051 2 9527.88 270.357 4601 0.000170965
9300 0.779702 0.751109 0.0285935 0 0.963328 5753.29 5490.18 263.116 0 -30.1728 -30.7689 2 9627.88 271.772 4651 0.000161494
9400 0.786277 0.754436 0.0318408 0 0.959504 5831.72 5565.62 266.099 0 -30.1842 -31.0219 2 9727.88 273.18 4701 0.000160484
9500 0.865523 0.833423 0.0320994 0 0.962913 5918.48 5648.96 269.512 0 -30.1937 -30.8344 2 9827.88 274.581 4751 0.000175421
9600 0.775601 0.747721 0.0278805 0 0.964053 5996.26 5723.74 272.528 0 -30.2085 -31.3302 2 9927.88 275.974 4801 0.000155743
9700 0.797381 0.766131 0.0312503 0 0.960809 6076.03 5800.35 275.677 0 -30.2215 -31.2014 2 10027.9 277.361 4851 0.000157933
9800 0.76195 0.733225 0.0287249 0 0.962301 6152.44 5873.67 278.77 0 -30.2351 -31.3183 2 10127.9 278.74 4901 0.000149607
9900 0.788901 0.760144 0.0287566 0 0.963549 6231.41 5949.69 281.723 0 -30.2466 -31.1392 2 10227.9 280.113 4951 0.000153533
10000 0.736185 0.710466 0.0257194 0 0.965064 6305.23 6020.73 284.5 0 -30.2586 -31.2753 2 10327.9 281.479 5001 0.000142065
10100 0.770399 0.742384 0.0280144 0 0.963637 6382.24 6094.97 287.274 0 -30.2659 -30.8562 2 10427.9 282.838 5051 0.000146978
10200 0.785755 0.754765 0.0309893 0 0.960561 6460.59 6170.45 290.144 0 -30.2773 -31.2114 2 10527.9 284.191 5101 0.000147964
10300 0.774611 0.746728 0.0278833 0 0.964004 6538.16 6245.12 293.045 0 -30.2932 -31.616 2 10627.9 285.538 5151 0.000144968
10400 0.775641 0.749151 0.0264905 0 0.965847 6616.22 6320.04 296.19 0 -30.3078 -31.5271 2 10727.9 286.878 5201 0.00014404
10500 0.771923 0.742991 0.028932 0 0.96252 6693.49 6394.33 299.16 0 -30.3194 -31.3126 2 10827.9 288.212 5251 0.000141495
10600 0.782018 0.753275 0.0287429 0 0.963245 6771.7 6469.66 302.036 0 -30.3341 -31.5945 2 10927.9 289.54 5301 0.000142101
10700 0.857257 0.818971 0.0382861 0 0.955339 6856.74 6551.56 305.182 0 -30.3463 -31.3194 2 11027.9 290.861 5351 0.00015305
10800 0.867973 0.831441 0.0365326 0 0.95791 6943.29 6634.7 308.585 0 -30.3556 -31.0888 2 11127.9 292.177 5401 0.000153942
10900 0.898209 0.861315 0.0368938 0 0.958925 7033.13 6720.83 312.292 0 -30.3649 -31.0884 2 11227.9 293.487 5451 0.00015801
11000 0.831323 0.795657 0.035666 0 0.957097 7116.26 6800.4 315.86 0 -30.3772 -31.4197 2 11327.9 294.791 5501 0.000144639
11100 0.801787 0.770526 0.0312616 0 0.96101 7196.53 6877.45 319.082 0 -30.3896 -31.4848 2 11427.9 296.089 5551 0.000138808
11200 0.871807 0.835948 0.0358591 0 0.958868 7283.46 6961.05 322.41 0 -30.3972 -31.0248 2 11527.9 297.382 5601 0.00014925
11300 0.881267 0.847863 0.0334034 0 0.962096 7371.81 7045.83 325.979 0 -30.407 -31.219 2 11627.9 298.669 5651 0.000150038
11400 0.856186 0.821213 0.0349727 0 0.959153 7457.38 7127.96 329.424 0 -30.4167 -31.2523 2 11727.9 299.951 5701 0.000144047
11500 0.878418 0.841862 0.0365564 0 0.958384 7545.29 7212.14 333.154 0 -30.4233 -30.9827 2 11827.9 301.227 5751 0.000146385
11600 0.863346 0.829622 0.0337235 0 0.960939 7631.69 7295.1 336.588 0 -30.4319 -31.1773 2 11927.9 302.497 5801 0.000143014
11700 0.84567 0.812108 0.0335618 0 0.960313 7716.34 7376.31 340.027 0 -30.4449 -31.6241 2 12027.9 303.763 5851 0.000138798
11800 0.850542 0.819477 0.0310648 0 0.963476 7801.81 7458.26 343.551 0 -30.4591 -31.7342 2 12127.9 305.023 5901 0.000138871
11900 0.874297 0.838837 0.0354598 0 0.959442 7889.01 7542.15 346.864 0 -30.4681 -31.2778 2 12227.9 306.278 5951 0.000140957
12000 0.904776 0.86777 0.0370054 0 0.9591 7979.34 7628.92 350.413 0 -30.4772 -31.2713 2 12327.9 307.528 6001 0.000144604
12100 0.872815 0.838294 0.0345214 0 0.960448 8066.6 7712.75 353.849 0 -30.4872 -31.3983 2 12427.9 308.773 6051 0.000138538
12200 0.868784 0.835804 0.03298 0 0.962039 8153.7 7796.33 357.371 0 -30.4998 -31.6678 2 12527.9 310.012 6101 0.000136995
12300 0.890444 0.853903 0.0365419 0 0.958962 8242.67 7881.72 360.946 0 -30.5117 -31.6052 2 12627.9 311.247 6151 0.000138823
12400 0.860478 0.828396 0.0320818 0 0.962716 8328.94 7964.56 364.377 0 -30.523 -31.6019 2 12727.9 312.477 6201 0.000133591
12500 0.873642 0.839379 0.0342623 0 0.960782 8416.28 8048.5 367.78 0 -30.5342 -31.5994 2 12827.9 313.702 6251 0.000134279
12600 0.896773 0.860558 0.0362147 0 0.959617 8506.06 8134.56 371.506 0 -30.5461 -31.6657 2 12927.9 314.923 6301 0.000136575
12700 0.893847 0.858058 0.0357893 0 0.95996 8595.44 8220.36 375.077 0 -30.5587 -31.7539 2 13027.9 316.138 6351 0.000135106
12800 0.849355 0.817759 0.0315956 0 0.962801 8680.6 8302.14 378.462 0 -30.5702 -31.7374 2 13127.9 317.349 6401 0.000127755
12900 0.863438 0.831305 0.032133 0 0.962785 8767.04 8385.27 381.776 0 -30.5791 -31.4711 2 13227.9 318.556 6451 0.000128864
13000 0.865335 0.830624 0.0347118 0 0.959886 8853.5 8468.33 385.172 0 -30.5905 -31.7487 2 13327.9 319.757 6501 0.000127769
13100 0.835963 0.805566 0.0303969 0 0.963638 8937.48 8548.89 388.59 0 -30.6027 -31.8865 2 13427.9 320.955 6551 0.000122968
13200 0.817576 0.789968 0.027608 0 0.966232 9019.63 8627.88 391.743 0 -30.6138 -31.816 2 13527.9 322.148 6601 0.000119674
13300 0.873365 0.84167 0.031695 0 0.963709 9106.88 8712.05 394.829 0 -30.6207 -31.338 2 13627.9 323.336 6651 0.000126548
13400 0.897082 0.860434 0.0366483 0 0.959147 9196.34 8798.09 398.243 0 -30.6262 -31.1886 2 13727.9 324.52 6701 0.000128404
13500 0.893133 0.862049 0.0310837 0 0.965197 9285.86 8884.3 401.56 0 -30.6328 -31.3065 2 13827.9 325.7 6751 0.000127692
13600 0.890695 0.859349 0.0313467 0 0.964806 9375.09 8970.23 404.854 0 -30.6411 -31.5053 2 13927.9 326.876 6801 0.000126356
13700 0.841328 0.812669 0.0286592 0 0.965936 9459.4 9051.5 407.897 0 -30.6498 -31.6195 2 14027.9 328.047 6851 0.00011862
13800 0.807696 0.78229 0.0254064 0 0.968545 9540.47 9129.73 410.741 0 -30.6605 -31.9093 2 14127.9 329.214 6901 0.000113359
13900 0.834909 0.807124 0.0277852 0 0.966721 9623.91 9210.44 413.463 0 -30.6695 -31.6968 2 14227.9 330.377 6951 0.000116116
14000 0.814208 0.788551 0.0256565 0 0.968489 9705.44 9289.3 416.145 0 -30.6789 -31.7848 2 14327.9 331.536 7001 0.000112634
14100 0.871692 0.844792 0.0268995 0 0.969141 9792.67 9373.78 418.896 0 -30.6858 -31.4592 2 14427.9 332.691 7051 0.000119812
14200 0.891857 0.861567 0.0302905 0 0.966037 9881.7 9459.93 421.763 0 -30.689 -31.0347 2 14527.9 333.842 7101 0.00012133
14300 0.824181 0.798714 0.0254667 0 0.969101 9964.3 9539.8 424.492 0 -30.6968 -31.6343 2 14627.9 334.989 7151 0.000111693
14400 0.897094 0.863385 0.0337088 0 0.962424 10053.7 9626.14 427.527 0 -30.7031 -31.4054 2 14727.9 336.132 7201 0.000119898
14500 0.889406 0.854228 0.0351783 0 0.960447 10142.3 9711.57 430.772 0 -30.7102 -31.5186 2 14827.9 337.271 7251 0.000117808
14600 0.842089 0.810245 0.0318436 0 0.962185 10226.5 9792.59 433.915 0 -30.7177 -31.6203 2 14927.9 338.407 7301 0.000110977
14700 0.860511 0.828136 0.0323754 0 0.962377 10312.4 9875.4 437.013 0 -30.7259 -31.6947 2 15027.9 339.538 7351 0.000112656
14800 0.858642 0.824381 0.0342613 0 0.960098 10398.1 9957.84 440.273 0 -30.7328 -31.565 2 15127.9 340.666 7401 0.000111388
14900 0.871 0.83508 0.0359194 0 0.958761 10485.1 10041.4 443.749 0 -30.739 -31.4832 2 15227.9 341.79 7451 0.000112076
15000 0.911667 0.876145 0.0355229 0 0.961035 10576.2 10129 447.265 0 -30.7428 -31.1817 2 15327.9 342.911 7501 0.000116804
15100 0.947261 0.911074 0.0361871 0 0.961798 10670.9 10220.1 450.874 0 -30.7451 -31.0041 2 15427.9 344.028 7551 0.000120656
15200 0.944835 0.910231 0.0346034 0 0.963376 10765.7 10311.1 454.57 0 -30.7487 -31.1554 2 15527.9 345.141 7601 0.000119752
15300 0.916284 0.882568 0.0337155 0 0.963204 10857.5 10399.4 458.109 0 -30.7533 -31.2893 2 15627.9 346.25 7651 0.000115353
15400 0.891644 0.860699 0.0309447 0 0.965295 10946.9 10485.4 461.445 0 -30.7607 -31.6525 2 15727.9 347.356 7701 0.000111765
15500 0.855301 0.826145 0.0291559 0 0.965912 11032.6 10568 464.541 0 -30.7696 -31.9107 2 15827.9 348.459 7751 0.000106586
15600 0.844742 0.814992 0.0297505 0 0.964782 11116.9 10649.5 467.384 0 -30.7774 -31.8038 2 15927.9 349.558 7801 0.000104473
15700 0.857272 0.83208 0.0251921 0 0.970614 11203 10732.7 470.255 0 -30.7868 -31.9961 2 16027.9 350.653 7851 0.000105984
15800 0.912545 0.883482 0.029063 0 0.968152 11294.3 10821.1 473.2 0 -30.7958 -31.9036 2 16127.9 351.746 7901 0.000111819
15900 0.88238 0.849343 0.0330365 0 0.96256 11382.5 10906 476.481 0 -30.8028 -31.6918 2 16227.9 352.834 7951 0.000106822
16000 0.869964 0.838409 0.0315547 0 0.963729 11469.4 10989.9 479.512 0 -30.8106 -31.8366 2 16327.9 353.92 8001 0.000104788
16100 0.941821 0.90654 0.0352814 0 0.962539 11563.2 11080.5 482.724 0 -30.8185 -31.7786 2 16427.9 355.002 8051 0.0001126
16200 0.952598 0.918189 0.0344098 0 0.963878 11658.7 11172.3 486.38 0 -30.8268 -31.8414 2 16527.9 356.081 8101 0.000113343
16300 0.913427 0.878647 0.0347794 0 0.961924 11749.9 11260.2 489.691 0 -30.8337 -31.7146 2 16627.9 357.156 8151 0.000107796
16400 0.903718 0.874361 0.0293573 0 0.967515 11840.5 11347.6 492.812 0 -30.8412 -31.8048 2 16727.9 358.229 8201 0.000106616
16500 0.892629 0.862843 0.0297863 0 0.966631 11929.8 11433.9 495.856 0 -30.8502 -32.0447 2 16827.9 359.298 8251 0.000104574
16600 0.970025 0.93627 0.0337551 0 0.965202 12026.8 11527.6 499.251 0 -30.8571 -31.7051 2 16927.9 360.364 8301 0.00011279
16700 0.987474 0.953764 0.0337106 0 0.965862 12125.9 11622.9 502.934 0 -30.8655 -31.8866 2 17027.9 361.427 8351 0.00011421
16800 0.893419 0.861846 0.0315733 0 0.96466 12215.3 11709.1 506.197 0 -30.8736 -31.9704 2 17127.9 362.487 8401 0.000102588
16900 0.914789 0.879914 0.0348744 0 0.961877 12306.7 11797.1 509.559 0 -30.8798 -31.7067 2 17227.9 363.543 8451 0.00010412
17000 0.919476 0.885194 0.0342824 0 0.962715 12398.7 11885.6 513.078 0 -30.8871 -31.8631 2 17327.9 364.597 8501 0.000104128
17100 0.875194 0.847494 0.0276999 0 0.96835 12486.6 11970.4 516.243 0 -30.8954 -32.075 2 17427.9 365.647 8551 9.91105e-05
17200 0.821092 0.796823 0.0242688 0 0.970443 12568.8 12050.1 518.723 0 -30.9061 -32.5333 2 17527.9 366.695 8601 9.26431e-05
17300 0.807294 0.78495 0.0223432 0 0.972323 12649.6 12128.6 521.057 0 -30.9164 -32.5215 2 17627.9 367.739 8651 9.07352e-05
17400 0.796662 0.776376 0.0202857 0 0.974537 12729.4 12206.2 523.217 0 -30.9273 -32.6463 2 17727.9 368.781 8701 8.92284e-05
17500 0.80607 0.78428 0.0217899 0 0.972968 12810 12284.6 525.397 0 -30.939 -32.7888 2 17827.9 369.82 8751 8.96217e-05
17600 0.837468 0.811127 0.0263404 0 0.968548 12893.7 12365.7 527.924 0 -30.9479 -32.3087 2 17927.9 370.855 8801 9.21631e-05
17700 0.872357 0.842227 0.0301299 0 0.965461 12980.7 12450 530.731 0 -30.953 -31.7176 2 18027.9 371.888 8851 9.51562e-05
17800 0.851219 0.823182 0.0280377 0 0.967062 13065.8 12532.3 533.537 0 -30.9582 -31.7488 2 18127.9 372.918 8901 9.24819e-05
17900 0.901476 0.870327 0.0311494 0 0.965446 13155.9 12619.3 536.57 0 -30.9637 -31.7548 2 18227.9 373.945 8951 9.72323e-05
18000 0.924676 0.893731 0.0309447 0 0.966534 13248.5 12708.7 539.855 0 -30.9708 -31.9809 2 18327.9 374.97 9001 9.92924e-05
18100 0.869972 0.840746 0.0292256 0 0.966406 13335.7 12792.8 542.96 0 -30.9789 -32.2086 2 18427.9 375.991 9051 9.28899e-05
18200 0.823057 0.800349 0.022708 0 0.97241 13418.3 12872.8 545.485 0 -30.9887 -32.5649 2 18527.9 377.01 9101 8.79407e-05
18300 0.814731 0.793098 0.0216335 0 0.973447 13499.8 12952.1 547.749 0 -30.9981 -32.56 2 18627.9 378.026 9151 8.66679e-05
18400 0.795405 0.774972 0.0204334 0 0.974311 13579.5 13029.6 549.916 0 -31.0079 -32.6531 2 18727.9 379.039 9201 8.42269e-05
18500 0.818304 0.793537 0.024767 0 0.969734 13661.2 13108.9 552.288 0 -31.017 -32.5331 2 18827.9 380.05 9251 8.57785e-05
18600 0.871962 0.845567 0.0263947 0 0.969729 13748.5 13193.5 555.04 0 -31.0249 -32.2616 2 18927.9 381.058 9301 9.09114e-05
18700 0.86801 0.838153 0.0298574 0 0.965603 13835.2 13277.3 557.856 0 -31.0316 -32.0914 2 19027.9 382.063 9351 8.96324e-05
18800 0.843533 0.814786 0.0287471 0 0.965921 13919.5 13358.8 560.673 0 -31.039 -32.2664 2 19127.9 383.066 9401 8.66701e-05
18900 0.849363 0.820886 0.0284779 0 0.966471 14004.5 13440.9 563.603 0 -31.0444 -31.9255 2 19227.9 384.066 9451 8.6857e-05
19000 0.802115 0.77683 0.0252846 0 0.968478 14085 13518.6 566.415 0 -31.0524 -32.4475 2 19327.9 385.063 9501 8.1763e-05
19100 0.81541 0.790201 0.0252089 0 0.969084 14166.6 13597.6 568.988 0 -31.0584 -32.0853 2 19427.9 386.058 9551 8.27349e-05
19200 0.784493 0.75796 0.0265324 0 0.966179 14244.8 13673.4 571.445 0 -31.0655 -32.3499 2 19527.9 387.051 9601 7.8946e-05
19300 0.804257 0.776168 0.0280887 0 0.965075 14325.1 13751 574.054 0 -31.0703 -31.9185 2 19627.9 388.04 9651 8.04236e-05
19400 0.807791 0.779112 0.0286795 0 0.964496 14405.8 13828.9 576.879 0 -31.0762 -32.137 2 19727.9 389.027 9701 8.03125e-05
19500 0.794339 0.766106 0.0282326 0 0.964458 14485.3 13905.5 579.808 0 -31.0812 -31.9849 2 19827.9 390.012 9751 7.8567e-05
19600 0.819275 0.790354 0.0289209 0 0.964699 14567.4 13984.6 582.799 0 -31.0862 -31.9659 2 19927.9 390.994 9801 8.06402e-05
19700 0.793659 0.766486 0.0271725 0 0.965763 14646.8 14061.2 585.641 0 -31.093 -32.3284 2 20027.9 391.974 9851 7.78079e-05
19800 0.778906 0.752233 0.0266729 0 0.965756 14724.8 14136.4 588.394 0 -31.1001 -32.4476 2 20127.9 392.952 9901 7.59754e-05
19900 0.813511 0.788986 0.024525 0 0.969853 14806.5 14215.3 591.131 0 -31.1063 -32.2226 2 20227.9 393.927 9951 7.92871e-05
20000 0.796087 0.77161 0.0244766 0 0.969254 14886.2 14292.5 593.735 0 -31.1129 -32.3391 2 20327.9 394.899 10001 7.71533e-05
