100 0.00264439 0.00264439 0 0 1 0.282516 0.264439 0.0180765 0 -27.0471 -27.0471 128 453.882 59.0081 1 0.00264439
200 0.00205187 0.00198391 6.79631e-05 0 0.966878 0.489207 0.46283 0.0263775 0 -26.6709 -26.1567 128 581.882 66.8124 2 0.000991955
300 0.0010787 0.00103937 3.93323e-05 0 0.963537 0.598811 0.566767 0.0320441 0 -26.7438 -27.0693 128 709.882 73.796 3 0.000346457
400 0.00246134 0.00206644 0.000394902 0 0.839558 0.815449 0.773411 0.042038 0 -25.8004 -23.1925 128 837.882 80.1736 4 0.00051661
500 0.00266274 0.00254619 0.000116545 0 0.956231 1.08772 1.02803 0.0596876 0 -25.9395 -26.3563 128 837.882 80.1736 4 0.000636548
600 0.00273851 0.00268197 5.65446e-05 0 0.979352 1.36979 1.29623 0.0735606 0 -26.5015 -28.6684 128 965.882 86.08 5 0.000536393
700 0.00730931 0.00691006 0.000399244 0 0.945379 2.09467 1.98723 0.107433 0 -26.8453 -27.4951 128 1093.88 91.6063 6 0.00115168
800 0.00583845 0.00534866 0.000489795 0 0.916109 2.67837 2.5221 0.156276 0 -26.9712 -27.423 128 1221.88 96.8177 7 0.000764094
900 0.00433636 0.00383156 0.000504792 0 0.883591 3.10777 2.90526 0.202516 0 -26.9551 -26.855 128 1349.88 101.763 8 0.000478946
1000 0.00356464 0.00326266 0.000301981 0 0.915284 3.46821 3.23152 0.236693 0 -27.0284 -27.6598 128 1349.88 101.763 8 0.000407833
1100 0.00569551 0.00545141 0.000244101 0 0.957141 4.05775 3.77666 0.281085 0 -27.7947 -32.303 128 1477.88 106.478 9 0.000605712
1200 0.00872104 0.00827428 0.000446762 0 0.948772 4.9316 4.60409 0.327512 0 -27.757 -27.5821 128 1605.88 110.993 10 0.000827428
1300 0.00852591 0.00796987 0.000556043 0 0.934782 5.77838 5.40108 0.377301 0 -27.7989 -28.0427 128 1733.88 115.332 11 0.000724534
1400 0.00777092 0.00733934 0.000431571 0 0.944463 6.5638 6.13501 0.428785 0 -28.0175 -29.6259 128 1733.88 115.332 11 0.000667213
1500 0.0111689 0.0105341 0.00063472 0 0.943171 7.70161 7.18843 0.513187 0 -28.1369 -28.8259 128 1861.88 119.513 12 0.000877845
1600 0.00730264 0.00681781 0.000484829 0 0.933609 8.44875 7.87021 0.578544 0 -28.2643 -29.5768 128 1989.88 123.553 13 0.000524447
1700 0.0118112 0.0108197 0.000991469 0 0.916057 9.59689 8.95218 0.644711 0 -28.5384 -30.5561 128 2117.88 127.465 14 0.000772835
1800 0.0106302 0.0097934 0.000836818 0 0.921279 10.6482 9.93152 0.716659 0 -28.7814 -30.9995 128 2245.88 131.26 15 0.000652893
1900 0.00840474 0.00811293 0.00029181 0 0.96528 11.5096 10.7428 0.766816 0 -29.0719 -32.6618 128 2245.88 131.26 15 0.000540862
2000 0.0189781 0.0173746 0.00160349 0 0.915509 13.4054 12.4803 0.925099 0 -29.4036 -31.4174 128 2373.88 134.949 16 0.00108592
2100 0.0308272 0.0288311 0.00199609 0 0.935249 16.4748 15.3634 1.11143 0 -29.8166 -31.6205 128 2501.88 138.539 17 0.00169595
2200 0.0343805 0.0320292 0.00235131 0 0.931609 19.8968 18.5663 1.33053 0 -29.5917 -28.5087 128 2629.88 142.039 18 0.0017794
2300 0.0295224 0.0277136 0.00180885 0 0.93873 22.8735 21.3377 1.53585 0 -29.3799 -27.9645 128 2629.88 142.039 18 0.00153964
2400 0.0205245 0.0195394 0.000985073 0 0.952005 24.9936 23.2916 1.70201 0 -29.3702 -29.2659 128 2757.88 145.455 19 0.00102839
2500 0.0181437 0.0171025 0.00104126 0 0.942611 26.8093 25.0019 1.80743 0 -29.42 -30.1055 128 2885.88 148.792 20 0.000855125
2600 0.0185095 0.0175942 0.000915314 0 0.950549 28.6715 26.7613 1.91023 0 -29.3975 -29.0726 128 3013.88 152.056 21 0.000837817
2700 0.0152911 0.0148341 0.000456997 0 0.970113 30.2155 28.2447 1.97086 0 -29.4362 -30.1561 128 3141.88 155.251 22 0.000674277
2800 0.0129379 0.0127676 0.000170372 0 0.986832 31.5234 29.5214 2.00197 0 -29.5047 -31.0856 128 3141.88 155.251 22 0.000580344
2900 0.011178 0.0109849 0.000193117 0 0.982724 32.6427 30.6199 2.02275 0 -29.5867 -31.8965 128 3269.88 158.382 23 0.000477604
3000 0.010064 0.00987605 0.000187925 0 0.981327 33.6514 31.6075 2.04384 0 -29.6677 -32.289 128 3397.88 161.452 24 0.000411502
3100 0.00907062 0.00902867 4.19493e-05 0 0.995375 34.5633 32.5104 2.05288 0 -29.7523 -32.8762 128 3525.88 164.465 25 0.000361147
3200 0.00812713 0.00812713 0 0 1 35.3779 33.3231 2.05479 0 -29.837 -33.4278 128 3653.88 167.424 26 0.000312582
3300 0.00994613 0.00984865 9.74836e-05 0 0.990199 36.3791 34.308 2.07116 0 -29.8903 -31.7763 128 3653.88 167.424 26 0.000378794
3400 0.0165702 0.0158748 0.000695416 0 0.958032 38.0418 35.8954 2.14635 0 -29.9697 -31.7071 128 3781.88 170.331 27 0.000587954
3500 0.0161509 0.0151361 0.00101476 0 0.93717 39.6472 37.4091 2.23813 0 -30.0113 -30.9963 128 3909.88 173.19 28 0.000540576
3600 0.0141409 0.0131878 0.000953032 0 0.932604 41.0547 38.7278 2.32687 0 -30.0504 -31.1515 128 4037.88 176.002 29 0.000454753
3700 0.0119638 0.0112949 0.000668896 0 0.94409 42.2612 39.8573 2.40383 0 -30.1001 -31.7913 128 4037.88 176.002 29 0.000389481
3800 0.0100869 0.00965923 0.000427666 0 0.957602 43.286 40.8233 2.46273 0 -30.1622 -32.7245 128 4165.88 178.77 30 0.000321974
3900 0.0182684 0.0175833 0.000685087 0 0.962499 45.1114 42.5816 2.52984 0 -30.111 -28.8975 128 4293.88 181.495 31 0.000567204
4000 0.013773 0.0128549 0.000918058 0 0.933344 46.4729 43.8671 2.60581 0 -30.1038 -29.8638 128 4421.88 184.18 32 0.000401717
4100 0.0176013 0.0151203 0.00248104 0 0.859042 48.065 45.3791 2.68593 0 -29.9704 -26.0774 128 4549.88 186.827 33 0.00045819
4200 0.0313875 0.0305201 0.000867455 0 0.972363 51.2531 48.4311 2.82196 0 -29.7388 -26.2467 128 4549.88 186.827 33 0.00092485
4300 0.0188128 0.0180828 0.000730002 0 0.961197 53.1514 50.2394 2.91197 0 -29.6657 -27.6913 128 4677.88 189.437 34 0.000531848
4400 0.0177066 0.0168223 0.000884357 0 0.950055 54.9139 51.9216 2.99227 0 -29.5999 -27.6157 128 4805.88 192.011 35 0.000480636
4500 0.0195424 0.0181588 0.00138356 0 0.929202 56.8161 53.7375 3.07859 0 -29.488 -26.2568 128 4933.88 194.551 36 0.000504411
4600 0.0190806 0.0183949 0.000685691 0 0.964064 58.7519 55.577 3.17491 0 -29.404 -26.9407 128 4933.88 194.551 36 0.000510971
4700 0.0156656 0.0152141 0.000451512 0 0.971178 60.3394 57.0984 3.24099 0 -29.372 -28.1863 128 5061.88 197.059 37 0.000411192
4800 0.0139115 0.0135337 0.00037782 0 0.972841 61.7427 58.4518 3.29092 0 -29.3705 -29.3083 128 5189.88 199.535 38 0.00035615
4900 0.0123054 0.0120484 0.000257019 0 0.979113 62.9832 59.6566 3.32655 0 -29.3802 -29.8593 128 5317.88 201.98 39 0.000308932
5000 0.0112854 0.0109777 0.000307614 0 0.972742 64.1034 60.7544 3.34899 0 -29.3915 -30.0313 128 5445.88 204.397 40 0.000274444
5100 0.0103363 0.0102476 8.87223e-05 0 0.991416 65.1485 61.7792 3.36935 0 -29.4142 -30.807 128 5445.88 204.397 40 0.00025619
5200 0.0109581 0.0106514 0.000306667 0 0.972015 66.2437 62.8443 3.39944 0 -29.4301 -30.3757 128 5573.88 206.785 41 0.000259791
5300 0.00989287 0.0097753 0.000117566 0 0.988116 67.2463 63.8218 3.42443 0 -29.4526 -30.9383 128 5701.88 209.146 42 0.000232745
5400 0.0179622 0.0163403 0.00162192 0 0.909704 68.9323 65.4559 3.47646 0 -29.4855 -30.7976 128 5829.88 211.48 43 0.000380007
5500 0.0170046 0.0164159 0.000588681 0 0.965381 70.6598 67.0975 3.56239 0 -29.5804 -33.3667 128 5829.88 211.48 43 0.000381765
5600 0.0132351 0.0131155 0.000119692 0 0.990956 72.0059 68.409 3.59686 0 -29.6625 -33.97 128 5957.88 213.789 44 0.000298078
5700 0.0113625 0.0112512 0.000111276 0 0.990207 73.1472 69.5341 3.61304 0 -29.7252 -33.6811 128 6085.88 216.074 45 0.000250026
5800 0.0101284 0.0100781 5.03226e-05 0 0.995032 74.1653 70.5419 3.62336 0 -29.7912 -34.5337 128 6213.88 218.334 46 0.000219089
5900 0.0107116 0.0103292 0.000382399 0 0.9643 75.2081 71.5748 3.63327 0 -29.8408 -33.3673 128 6341.88 220.571 47 0.000219769
6000 0.0116291 0.0113998 0.000229272 0 0.980285 76.3786 72.7148 3.6638 0 -29.9056 -34.0722 128 6341.88 220.571 47 0.000242549
6100 0.00937721 0.00924579 0.000131414 0 0.985986 77.3234 73.6394 3.68396 0 -29.9593 -34.2992 128 6469.88 222.786 48 0.000192621
6200 0.00968386 0.00954935 0.000134507 0 0.98611 78.3045 74.5943 3.71018 0 -30.0137 -34.3026 128 6597.88 224.979 49 0.000194885
6300 0.0124442 0.0119627 0.000481451 0 0.961311 79.5234 75.7906 3.73283 0 -30.0687 -33.6006 128 6725.88 227.151 50 0.000239254
6400 0.0104597 0.010316 0.000143758 0 0.986256 80.5837 76.8222 3.76146 0 -30.1288 -34.6336 128 6853.88 229.302 51 0.000202274
6500 0.0092438 0.00916424 7.95584e-05 0 0.991393 81.5201 77.7386 3.78144 0 -30.1823 -34.789 128 6853.88 229.302 51 0.000179691
6600 0.0234815 0.0226158 0.00086575 0 0.963131 83.8957 80.0002 3.89551 0 -30.2866 -33.8643 128 6981.88 231.434 52 0.000434918
6700 0.0154323 0.0145225 0.000909831 0 0.941044 85.4364 81.4525 3.98392 0 -30.3388 -33.1855 128 7109.88 233.545 53 0.000274009
6800 0.0118117 0.0113392 0.000472483 0 0.959999 86.6235 82.5864 4.03716 0 -30.389 -33.9978 128 7237.88 235.638 54 0.000209986
6900 0.00970135 0.0095066 0.000194752 0 0.979925 87.6153 83.537 4.07825 0 -30.4407 -34.9572 128 7237.88 235.638 54 0.000176048
7000 0.0119118 0.011591 0.000320849 0 0.973065 88.8136 84.6961 4.11748 0 -30.4726 -32.8065 128 7365.88 237.713 55 0.000210745
7100 0.0203973 0.0191361 0.0012612 0 0.938169 90.8361 86.6097 4.22635 0 -30.3962 -27.0417 128 7493.88 239.769 56 0.000341717
7200 0.0163039 0.0154772 0.000826639 0 0.949298 92.4809 88.1575 4.32343 0 -30.3606 -28.3959 128 7621.88 241.808 57 0.000271531
7300 0.0157952 0.0145079 0.00128723 0 0.918505 93.9922 89.6083 4.38393 0 -30.3173 -27.6665 128 7749.88 243.83 58 0.000250137
7400 0.0193937 0.0190951 0.000298648 0 0.984601 95.9854 91.5178 4.46763 0 -30.2658 -27.837 128 7749.88 243.83 58 0.000329226
7500 0.0138273 0.01347 0.000357305 0 0.97416 97.3719 92.8648 4.50717 0 -30.2599 -29.8526 128 7877.88 245.836 59 0.000228305
7600 0.0140552 0.0137317 0.000323564 0 0.976979 98.7897 94.2379 4.55171 0 -30.252 -29.7056 128 8005.88 247.825 60 0.000228861
7700 0.0178393 0.0162744 0.00156488 0 0.912279 100.472 95.8654 4.60659 0 -30.2278 -28.8101 128 8133.88 249.798 61 0.000266793
7800 0.0181111 0.0172942 0.000816863 0 0.954897 102.309 97.5948 4.71465 0 -30.2349 -30.6225 128 8133.88 249.798 61 0.000283512
7900 0.0300889 0.0287381 0.00135078 0 0.955107 105.388 100.469 4.91927 0 -30.3 -32.4619 128 8261.88 251.756 62 0.000463518
8000 0.0212587 0.0202782 0.00098046 0 0.95388 107.575 102.496 5.07862 0 -30.3344 -31.9923 128 8389.88 253.699 63 0.000321877
8100 0.0299367 0.02737 0.00256669 0 0.914263 110.465 105.233 5.23186 0 -30.3473 -30.8299 128 8517.88 255.626 64 0.000427657
8200 0.0337379 0.0309127 0.00282519 0 0.916261 113.735 108.325 5.41019 0 -30.3309 -29.7769 128 8645.88 257.54 65 0.00047558
8300 0.0360268 0.0345163 0.00151047 0 0.958074 117.403 111.776 5.62678 0 -30.301 -29.3733 128 8645.88 257.54 65 0.000531021
8400 0.0271226 0.0257486 0.00137392 0 0.949344 120.146 114.351 5.79451 0 -30.3186 -31.071 128 8773.88 259.439 66 0.000390131
8500 0.022109 0.0208307 0.00127837 0 0.942179 122.366 116.434 5.93144 0 -30.3404 -31.5229 128 8901.88 261.325 67 0.000310906
8600 0.0186944 0.0178503 0.000844137 0 0.954845 124.234 118.219 6.01489 0 -30.3648 -31.9601 128 9029.88 263.197 68 0.000262504
8700 0.0164254 0.0158963 0.000529034 0 0.967792 125.9 119.809 6.0913 0 -30.3946 -32.6127 128 9029.88 263.197 68 0.00023377
8800 0.0294699 0.0284883 0.000981609 0 0.966691 128.887 122.658 6.22907 0 -30.3424 -28.146 128 9157.88 265.056 69 0.000412874
8900 0.0206219 0.0196322 0.000989723 0 0.952006 130.955 124.621 6.33354 0 -30.3357 -29.9149 128 9285.88 266.902 70 0.00028046
9000 0.0261833 0.0247801 0.00140326 0 0.946407 133.54 127.099 6.44102 0 -30.296 -28.2874 128 9413.88 268.735 71 0.000349015
9100 0.0243364 0.0228609 0.00147548 0 0.939371 135.943 129.385 6.55789 0 -30.2634 -28.4505 128 9541.88 270.556 72 0.000317512
9200 0.0195223 0.0189163 0.000605999 0 0.968959 137.91 131.277 6.63372 0 -30.2656 -30.4131 128 9541.88 270.556 72 0.000262726
9300 0.0175095 0.0170481 0.00046148 0 0.973644 139.681 132.982 6.69966 0 -30.2861 -31.8883 128 9669.88 272.365 73 0.000233535
9400 0.014733 0.0145143 0.000218669 0 0.985158 141.17 134.433 6.73691 0 -30.3083 -32.3932 128 9797.88 274.161 74 0.00019614
9500 0.0164961 0.0159215 0.000574545 0 0.965171 142.788 136.025 6.76264 0 -30.3191 -31.2602 128 9925.88 275.946 75 0.000212287
9600 0.0150609 0.0148892 0.000171642 0 0.988603 144.309 137.514 6.79484 0 -30.3413 -32.4208 128 10053.9 277.72 76 0.000195911
9700 0.0168101 0.0166803 0.000129786 0 0.992279 146.009 139.182 6.82646 0 -30.3707 -32.8682 128 10053.9 277.72 76 0.000219478
9800 0.0166661 0.0162322 0.000433875 0 0.973967 147.685 140.805 6.87941 0 -30.3992 -32.8824 128 10181.9 279.482 77 0.000210808
9900 0.0214664 0.0205246 0.000941768 0 0.956128 149.827 142.858 6.96877 0 -30.396 -30.1724 128 10309.9 281.233 78 0.000263136
10000 0.0184914 0.0174357 0.00105568 0 0.942909 151.67 144.601 7.06841 0 -30.3949 -30.3071 128 10437.9 282.974 79 0.000220705
10100 0.0156277 0.014947 0.000680673 0 0.956444 153.239 146.096 7.14305 0 -30.4047 -31.3553 128 10437.9 282.974 79 0.000189203
10200 0.0155173 0.0148896 0.000627674 0 0.95955 154.811 147.585 7.22567 0 -30.4252 -32.426 128 10565.9 284.704 80 0.00018612
10300 0.0144916 0.0139193 0.000572312 0 0.960507 156.276 148.977 7.29919 0 -30.4475 -32.7996 128 10693.9 286.423 81 0.000171843
10400 0.0131174 0.0126523 0.000465085 0 0.964544 157.592 150.242 7.35007 0 -30.467 -32.7804 128 10821.9 288.132 82 0.000154296
10500 0.0135994 0.012754 0.000845427 0 0.937834 158.903 151.518 7.38581 0 -30.4749 -31.4219 128 10949.9 289.831 83 0.000153663
10600 0.0159843 0.0154007 0.000583557 0 0.963492 160.508 153.058 7.45027 0 -30.4772 -30.7114 128 10949.9 289.831 83 0.000185551
10700 0.0170879 0.0165823 0.000505589 0 0.970412 162.239 154.716 7.52329 0 -30.5059 -33.1633 128 11077.9 291.52 84 0.000197408
10800 0.0140383 0.0137328 0.000305447 0 0.978242 163.672 156.089 7.58292 0 -30.5295 -33.2023 128 11205.9 293.199 85 0.000161563
10900 0.0130021 0.0125595 0.000442627 0 0.965957 164.964 157.345 7.61931 0 -30.5494 -33.0649 128 11333.9 294.869 86 0.000146041
11000 0.011341 0.0112593 8.17053e-05 0 0.992796 166.113 158.471 7.64248 0 -30.576 -34.4047 128 11333.9 294.869 86 0.000130922
11100 0.0103254 0.0103054 1.99767e-05 0 0.998065 167.152 159.502 7.65022 0 -30.6038 -35.0492 128 11461.9 296.53 87 0.000118453
11200 0.00928567 0.00918215 0.000103523 0 0.988851 168.081 160.42 7.66077 0 -30.6291 -35.1723 128 11589.9 298.181 88 0.000104343
11300 0.0279171 0.0265731 0.00134404 0 0.951856 170.808 163.077 7.73137 0 -30.6613 -32.6484 128 11717.9 299.823 89 0.000298574
11400 0.0214969 0.0206689 0.000828018 0 0.961482 172.987 165.144 7.84299 0 -30.6938 -33.2444 128 11845.9 301.456 90 0.000229655
11500 0.0156135 0.0148469 0.000766605 0 0.950901 174.55 166.629 7.92174 0 -30.7171 -33.2959 128 11845.9 301.456 90 0.000164966
11600 0.0131431 0.0127207 0.000422379 0 0.967863 175.892 167.901 7.99145 0 -30.7406 -33.7981 128 11973.9 303.08 91 0.000139788
11700 0.0139667 0.0134062 0.000560515 0 0.959868 177.291 169.241 8.04997 0 -30.7571 -32.8265 128 12101.9 304.696 92 0.000145719
11800 0.0143704 0.0135827 0.00078766 0 0.945189 178.709 170.6 8.10893 0 -30.7679 -32.1235 128 12229.9 306.303 93 0.000146051
11900 0.0128224 0.012519 0.000303407 0 0.976338 180.02 171.851 8.16856 0 -30.7872 -33.4094 128 12229.9 306.303 93 0.000134613
12000 0.0112088 0.0109772 0.000231573 0 0.97934 181.149 172.949 8.19951 0 -30.8113 -34.6523 128 12357.9 307.902 94 0.000116779
12100 0.0108277 0.0105387 0.000289043 0 0.973305 182.234 174.003 8.23079 0 -30.8268 -33.4207 128 12485.9 309.492 95 0.000110933
12200 0.0097661 0.00948723 0.00027887 0 0.971445 183.21 174.952 8.25856 0 -30.8431 -33.88 128 12613.9 311.075 96 9.88253e-05
12300 0.00926729 0.00880864 0.000458656 0 0.950508 184.117 175.833 8.28476 0 -30.8573 -33.725 128 12741.9 312.649 97 9.08107e-05
12400 0.00848243 0.00844564 3.67925e-05 0 0.995663 184.983 176.677 8.30585 0 -30.8781 -35.3051 128 12741.9 312.649 97 8.70684e-05
12500 0.0218765 0.0213173 0.000559204 0 0.974438 187.182 178.809 8.37268 0 -30.9154 -34.0517 128 12869.9 314.215 98 0.000217524
12600 0.0147503 0.0141992 0.000551048 0 0.962642 188.666 180.229 8.43713 0 -30.9411 -34.1884 128 12997.9 315.774 99 0.000143427
12700 0.011762 0.0113572 0.000404807 0 0.965584 189.845 181.365 8.48044 0 -30.9635 -34.5492 128 13125.9 317.325 100 0.000113572
12800 0.0102199 0.00987701 0.000342872 0 0.96645 190.869 182.352 8.51659 0 -30.9851 -34.9813 128 13253.9 318.868 101 9.77922e-05
12900 0.0121825 0.0118764 0.000306048 0 0.974878 192.102 183.54 8.56237 0 -31.0015 -33.5486 128 13253.9 318.868 101 0.000117588
13000 0.00985944 0.00957885 0.000280592 0 0.971541 193.09 184.498 8.59212 0 -31.0206 -34.7249 128 13381.9 320.405 102 9.39103e-05
13100 0.0104891 0.0100641 0.00042497 0 0.959485 194.133 185.504 8.62862 0 -31.0392 -34.4902 128 13509.9 321.933 103 9.771e-05
13200 0.0093713 0.00909356 0.00027774 0 0.970363 195.079 186.414 8.66494 0 -31.059 -35.1257 128 13637.9 323.455 104 8.74381e-05
13300 0.00828137 0.00813259 0.000148774 0 0.982035 195.913 187.227 8.68639 0 -31.0792 -35.792 128 13637.9 323.455 104 7.8198e-05
13400 0.0161248 0.0156704 0.000454423 0 0.971818 197.535 188.794 8.74158 0 -31.0974 -33.2941 128 13765.9 324.969 105 0.000149242
13500 0.0115746 0.0112176 0.000357062 0 0.969151 198.705 189.916 8.78952 0 -31.1141 -33.9294 128 13893.9 326.476 106 0.000105826
13600 0.0108403 0.0103341 0.000506161 0 0.953307 199.778 190.949 8.82936 0 -31.1289 -33.8771 128 14021.9 327.977 107 9.65807e-05
13700 0.00990822 0.00955057 0.000357651 0 0.963904 200.771 191.904 8.86675 0 -31.146 -34.5959 128 14149.9 329.47 108 8.84312e-05
13800 0.00936285 0.00917615 0.000186707 0 0.980059 201.712 192.822 8.89003 0 -31.1651 -35.2262 128 14149.9 329.47 108 8.49643e-05
13900 0.00883865 0.00875993 7.87215e-05 0 0.991093 202.604 193.698 8.90633 0 -31.1877 -36.2931 128 14277.9 330.957 109 8.03663e-05
14000 0.00955715 0.00936758 0.000189565 0 0.980165 203.559 194.634 8.92471 0 -31.2065 -35.2111 128 14405.9 332.437 110 8.51598e-05
14100 0.0107939 0.0101608 0.000633144 0 0.941342 204.602 195.651 8.95121 0 -31.2198 -33.8036 128 14533.9 333.911 111 9.15383e-05
14200 0.0108456 0.010427 0.000418558 0 0.961408 205.697 196.693 9.00326 0 -31.2374 -34.5246 128 14533.9 333.911 111 9.39373e-05
14300 0.009277 0.00902874 0.00024826 0 0.973239 206.636 197.596 9.03977 0 -31.2569 -35.5254 128 14661.9 335.378 112 8.06138e-05
14400 0.00797385 0.00794239 3.14593e-05 0 0.996055 207.444 198.39 9.05381 0 -31.2789 -36.9096 128 14789.9 336.839 113 7.02867e-05
14500 0.00801518 0.00789975 0.000115427 0 0.985599 208.243 199.18 9.0628 0 -31.2968 -35.9435 128 14917.9 338.293 114 6.92961e-05
14600 0.00741246 0.00729362 0.000118837 0 0.983968 208.982 199.91 9.07194 0 -31.3146 -36.3511 128 15045.9 339.742 115 6.34228e-05
14700 0.00686624 0.00680814 5.80972e-05 0 0.991539 209.67 200.591 9.07943 0 -31.3337 -37.1191 128 15045.9 339.742 115 5.92012e-05
14800 0.0104583 0.0100275 0.0004308 0 0.958808 210.718 201.593 9.12483 0 -31.3445 -33.5136 128 15173.9 341.184 116 8.64438e-05
14900 0.0106905 0.0102636 0.000426923 0 0.960065 211.792 202.62 9.17244 0 -31.3519 -32.7991 128 15301.9 342.62 117 8.77227e-05
15000 0.0310652 0.0285884 0.00247676 0 0.920272 214.733 205.478 9.2542 0 -31.2778 -25.943 128 15429.9 344.05 118 0.000242275
15100 0.0353227 0.0339806 0.00134212 0 0.962004 218.274 208.877 9.39792 0 -31.2115 -27.1902 128 15429.9 344.05 118 0.000287971
15200 0.028076 0.0270907 0.000985266 0 0.964907 221.114 211.586 9.52889 0 -31.1732 -28.2262 128 15557.9 345.474 119 0.000227653
15300 0.0201828 0.0195766 0.000606224 0 0.969963 223.162 213.543 9.61872 0 -31.1561 -29.3095 128 15685.9 346.892 120 0.000163138
15400 0.0166332 0.0161676 0.00046566 0 0.972004 224.83 215.16 9.67046 0 -31.1491 -30.2137 128 15813.9 348.305 121 0.000133616
15500 0.0143197 0.0141075 0.00021217 0 0.985183 226.279 216.571 9.70813 0 -31.1493 -31.1779 128 15941.9 349.711 122 0.000115636
15600 0.0128879 0.0126758 0.00021217 0 0.983537 227.568 217.838 9.72935 0 -31.1522 -31.6641 128 15941.9 349.711 122 0.0001039
15700 0.0121429 0.0121047 3.81932e-05 0 0.996855 228.798 219.049 9.74949 0 -31.1573 -32.1031 128 16069.9 351.113 123 9.84119e-05
15800 0.0118009 0.0117913 9.65076e-06 0 0.999182 229.985 220.228 9.75749 0 -31.1648 -32.61 128 16197.9 352.508 124 9.50908e-05
15900 0.0111387 0.0110375 0.000101271 0 0.990908 231.094 221.332 9.7624 0 -31.1732 -32.9189 128 16325.9 353.898 125 8.82998e-05
16000 0.0102094 0.0101888 2.05619e-05 0 0.997986 232.119 222.351 9.7682 0 -31.1835 -33.5043 128 16453.9 355.283 126 8.08638e-05
16100 0.010738 0.0107174 2.05619e-05 0 0.998085 233.199 223.422 9.77694 0 -31.1977 -34.2438 128 16453.9 355.283 126 8.50589e-05
16200 0.0110453 0.0109728 7.24266e-05 0 0.993443 234.307 224.52 9.78781 0 -31.209 -33.6012 128 16581.9 356.662 127 8.64002e-05
16300 0.00974595 0.00957327 0.000172679 0 0.982282 235.279 225.477 9.80183 0 -31.2184 -33.473 128 16709.9 358.036 128 7.47912e-05
16400 0.00922232 0.00906897 0.000153349 0 0.983372 236.194 226.384 9.81024 0 -31.2275 -33.5773 128 16837.9 359.405 129 7.03021e-05
16500 0.00867714 0.00864158 3.55527e-05 0 0.995903 237.068 227.248 9.81965 0 -31.2381 -34.0982 128 16837.9 359.405 129 6.6989e-05
16600 0.0101293 0.0101115 1.77317e-05 0 0.998249 238.089 228.259 9.82962 0 -31.2524 -34.5733 128 16965.9 360.768 130 7.77811e-05
16700 0.00865487 0.00855335 0.000101527 0 0.988269 238.952 229.114 9.83717 0 -31.2632 -34.2267 128 17093.9 362.127 131 6.52927e-05
16800 0.00803134 0.00795778 7.35661e-05 0 0.99084 239.756 229.91 9.84608 0 -31.2742 -34.5583 128 17221.9 363.48 132 6.02862e-05
16900 0.00779034 0.00755244 0.000237908 0 0.969461 240.516 230.665 9.85012 0 -31.2837 -34.2848 128 17349.9 364.828 133 5.67852e-05
17000 0.00783143 0.00779969 3.17478e-05 0 0.995946 241.304 231.445 9.8584 0 -31.2967 -35.271 128 17349.9 364.828 133 5.86443e-05
17100 0.00734898 0.00728182 6.71642e-05 0 0.990861 242.04 232.174 9.86586 0 -31.309 -35.3142 128 17477.9 366.171 134 5.43419e-05
17200 0.0078063 0.00773365 7.26526e-05 0 0.990693 242.822 232.947 9.87485 0 -31.3196 -34.6233 128 17605.9 367.51 135 5.72863e-05
17300 0.0069801 0.0069801 0 0 1 243.526 233.645 9.8808 0 -31.3318 -35.5134 128 17733.9 368.843 136 5.13243e-05
17400 0.00635077 0.00635077 0 0 1 244.161 234.28 9.8808 0 -31.344 -36.0566 128 17733.9 368.843 136 4.66969e-05
17500 0.00596399 0.00596399 0 0 1 244.757 234.876 9.88084 0 -31.3562 -36.3356 128 17861.9 370.172 137 4.35328e-05
17600 0.00609907 0.00609907 0 0 1 245.37 235.486 9.88398 0 -31.3683 -36.1924 128 17989.9 371.496 138 4.41962e-05
17700 0.00760821 0.00747707 0.000131145 0 0.982763 246.125 236.234 9.89062 0 -31.3791 -34.8855 128 18117.9 372.815 139 5.37918e-05
17800 0.0093711 0.00884334 0.000527761 0 0.943682 247.023 237.118 9.9049 0 -31.3812 -31.9634 128 18245.9 374.13 140 6.31667e-05
17900 0.0111301 0.010966 0.000164151 0 0.985252 248.146 238.215 9.93064 0 -31.3812 -31.3902 128 18245.9 374.13 140 7.83283e-05
18000 0.04975 0.0485053 0.00124469 0 0.974981 253.174 243.066 10.1082 0 -31.3007 -27.3238 128 18373.9 375.44 141 0.000344009
18100 0.0334371 0.0317375 0.0016996 0 0.94917 256.512 246.239 10.2725 0 -31.2603 -28.1985 128 18501.9 376.745 142 0.000223504
18200 0.025557 0.0244052 0.00115176 0 0.954934 259.102 248.68 10.4222 0 -31.2392 -29.1556 128 18629.9 378.046 143 0.000170666
18300 0.0204941 0.0195232 0.000970928 0 0.952624 261.16 250.632 10.528 0 -31.2282 -29.8434 128 18629.9 378.046 143 0.000136526
18400 0.0174154 0.0169522 0.000463198 0 0.973403 262.919 252.327 10.5912 0 -31.2268 -31.0095 128 18757.9 379.343 144 0.000117724
18500 0.0157317 0.0154456 0.000286081 0 0.981815 264.512 253.872 10.6401 0 -31.2309 -31.9024 128 18885.9 380.635 145 0.000106521
18600 0.0169953 0.0165197 0.00047562 0 0.972015 266.211 255.524 10.6867 0 -31.2375 -32.2655 128 19013.9 381.923 146 0.000113149
18700 0.0149811 0.0146173 0.000363827 0 0.975714 267.713 256.986 10.7272 0 -31.2443 -32.4648 128 19141.9 383.206 147 9.94375e-05
18800 0.0131144 0.0129094 0.000204992 0 0.984369 269.027 258.277 10.7503 0 -31.253 -33.0192 128 19141.9 383.206 147 8.78193e-05
18900 0.0125659 0.0125199 4.59795e-05 0 0.996341 270.294 259.529 10.7659 0 -31.2612 -33.0054 128 19269.9 384.485 148 8.45938e-05
19000 0.0167897 0.0163594 0.000430289 0 0.974372 271.965 261.165 10.8006 0 -31.2733 -33.2331 128 19397.9 385.76 149 0.000109795
19100 0.0145706 0.0142362 0.000334317 0 0.977055 273.415 262.588 10.8273 0 -31.283 -33.0887 128 19525.9 387.031 150 9.49083e-05
19200 0.0128003 0.0126376 0.000162686 0 0.98729 274.698 263.852 10.8462 0 -31.2936 -33.5561 128 19653.9 388.297 151 8.36926e-05
19300 0.0299103 0.0291449 0.000765402 0 0.97441 277.724 266.766 10.9578 0 -31.3072 -32.5434 128 19653.9 388.297 151 0.000193012
19400 0.0182634 0.0175214 0.000742072 0 0.959368 279.551 268.519 11.0326 0 -31.318 -32.9663 128 19781.9 389.56 152 0.000115272
19500 0.0155865 0.0150649 0.000521612 0 0.966534 281.118 270.025 11.0932 0 -31.3299 -33.4514 128 19909.9 390.818 153 9.84631e-05
19600 0.0144761 0.014037 0.000439059 0 0.96967 282.572 271.429 11.1438 0 -31.3399 -33.2666 128 20037.9 392.072 154 9.11497e-05
19700 0.013672 0.0133331 0.000338842 0 0.975216 283.942 272.762 11.1804 0 -31.3494 -33.3171 128 20037.9 392.072 154 8.65787e-05
19800 0.0127811 0.0126028 0.000178292 0 0.98605 285.236 274.022 11.2136 0 -31.3615 -34.0009 128 20165.9 393.322 155 8.13086e-05
19900 0.0123264 0.0121692 0.000157197 0 0.987247 286.474 275.239 11.2343 0 -31.3765 -34.8446 128 20293.9 394.569 156 7.80076e-05
20000 0.0114273 0.0113602 6.70691e-05 0 0.994131 287.62 276.375 11.2443 0 -31.3921 -35.2906 128 20421.9 395.811 157 7.23582e-05
