100 0.00929435 0.00854255 0.000751799 0 0.919112 0.900194 0.854255 0.045939 0 -28.7803 -28.7803 32 453.882 59.0081 4 0.00213564
200 0.00906277 0.00856464 0.000498127 0 0.945036 1.82017 1.71072 0.109453 0 -28.7495 -28.7195 32 549.882 64.9493 7 0.00122352
300 0.0138093 0.0126611 0.00114823 0 0.916851 3.15685 2.97683 0.180015 0 -28.1642 -27.3671 32 645.882 70.3909 10 0.00126611
400 0.0177361 0.0170726 0.000663456 0 0.962593 4.95622 4.68409 0.272129 0 -28.3143 -28.5777 32 741.882 75.441 13 0.00131328
500 0.0260598 0.024436 0.00162372 0 0.937692 7.53373 7.1277 0.406035 0 -27.0992 -24.7626 32 837.882 80.1736 16 0.00152725
600 0.0247943 0.0233945 0.00139974 0 0.943546 10.0515 9.46715 0.584338 0 -26.7969 -25.8926 32 933.882 84.642 19 0.00123129
700 0.0314166 0.0295787 0.00183789 0 0.941499 13.2135 12.425 0.788505 0 -26.7527 -26.6121 32 1029.88 88.8861 22 0.00134449
800 0.0263729 0.0246536 0.00171932 0 0.934807 15.8624 14.8904 0.972038 0 -26.9137 -27.717 32 1157.88 94.248 26 0.000948215
900 0.0274942 0.0248545 0.00263976 0 0.903989 18.5391 17.3758 1.16328 0 -27.0424 -27.805 32 1253.88 98.0773 29 0.000857051
1000 0.0240602 0.0226933 0.00136686 0 0.94319 20.9757 19.6452 1.33058 0 -27.4455 -30.5126 32 1349.88 101.763 32 0.000709166
1100 0.0372183 0.0345692 0.0026491 0 0.928823 24.6285 23.1021 1.52645 0 -27.1923 -25.7381 32 1445.88 105.319 35 0.000987691
1200 0.0495379 0.0469583 0.00257965 0 0.947926 29.5857 27.7979 1.78776 0 -27.1592 -26.9951 32 1541.88 108.759 38 0.00123574
1300 0.0505544 0.0481106 0.00244377 0 0.951661 34.6758 32.609 2.06688 0 -27.1659 -27.2048 32 1637.88 112.094 41 0.00117343
1400 0.0463987 0.0442003 0.00219838 0 0.95262 39.356 37.029 2.32697 0 -27.3802 -28.9677 32 1733.88 115.332 44 0.00100455
1500 0.0421709 0.0398823 0.00228853 0 0.945732 43.6042 41.0172 2.587 0 -27.3994 -27.5768 32 1829.88 118.482 47 0.00084856
1600 0.0350256 0.0330969 0.0019287 0 0.944934 47.1414 44.3269 2.81453 0 -27.4541 -28.1288 32 1957.88 122.556 51 0.000648958
1700 0.0308973 0.0292471 0.00165016 0 0.946592 50.255 47.2516 3.00338 0 -27.551 -29.0186 32 2053.88 125.524 54 0.000541614
1800 0.0262573 0.0252873 0.000970037 0 0.963057 52.9236 49.7804 3.14319 0 -27.6695 -29.9012 32 2149.88 128.424 57 0.000443637
1900 0.0231085 0.0220777 0.00103081 0 0.955393 55.2191 51.9881 3.23095 0 -27.769 -30.062 32 2245.88 131.26 60 0.000367961
2000 0.0270795 0.0260766 0.00100295 0 0.962963 57.9261 54.5958 3.33029 0 -27.9102 -30.7917 32 2341.88 134.036 63 0.000413914
2100 0.0305511 0.0295543 0.000996799 0 0.967373 61.0099 57.5512 3.45869 0 -28.0913 -31.4923 32 2437.88 136.756 66 0.000447792
2200 0.0279103 0.0266773 0.00123305 0 0.955821 63.8116 60.2189 3.59269 0 -28.2129 -30.8618 32 2533.88 139.423 69 0.000386627
2300 0.0249616 0.0241565 0.000805123 0 0.967746 66.3226 62.6346 3.68801 0 -28.3459 -31.7242 32 2629.88 142.039 72 0.000335506
2400 0.0209337 0.020563 0.000370712 0 0.982291 68.4423 64.6909 3.75142 0 -28.4702 -32.359 32 2757.88 145.455 76 0.000270565
2500 0.0216858 0.0209616 0.000724186 0 0.966606 70.6232 66.787 3.83617 0 -28.5569 -31.2778 32 2853.88 147.965 79 0.000265337
2600 0.0181583 0.0175756 0.00058271 0 0.96791 72.4338 68.5446 3.88919 0 -28.6439 -32.0401 32 2949.88 150.433 82 0.000214337
2700 0.0155058 0.0153504 0.000155345 0 0.989981 74.008 70.0797 3.92832 0 -28.738 -33.065 32 3045.88 152.861 85 0.000180593
2800 0.0242222 0.0233882 0.000833995 0 0.965569 76.4284 72.4185 4.00997 0 -28.8872 -33.4513 32 3141.88 155.251 88 0.000265775
2900 0.0426363 0.0405239 0.00211245 0 0.950454 80.607 76.4709 4.13615 0 -28.88 -28.747 32 3237.88 157.605 91 0.000445317
3000 0.0407689 0.0393014 0.00146757 0 0.964003 84.7231 80.401 4.3221 0 -28.9294 -29.8974 32 3333.88 159.925 94 0.000418099
3100 0.0343117 0.0327226 0.00158913 0 0.953685 88.1967 83.6733 4.52348 0 -28.9483 -29.4099 32 3429.88 162.211 97 0.000337346
3200 0.0538848 0.051622 0.0022628 0 0.958007 93.6288 88.8355 4.79335 0 -29.0923 -31.4295 32 3557.88 165.21 101 0.000511109
3300 0.0559543 0.0521449 0.00380946 0 0.931918 99.1933 94.0499 5.1434 0 -29.1673 -30.4293 32 3653.88 167.424 104 0.000501393
3400 0.0623175 0.0588847 0.00343276 0 0.944915 105.479 99.9384 5.54035 0 -29.2608 -30.7367 32 3749.88 169.609 107 0.000550325
3500 0.0583465 0.0543003 0.00404625 0 0.930651 111.267 105.368 5.89844 0 -29.2686 -29.4111 32 3845.88 171.766 110 0.000493639
3600 0.0645532 0.0602179 0.00433536 0 0.932841 117.629 111.39 6.23836 0 -29.2347 -28.6421 32 3941.88 173.897 113 0.000532901
3700 0.0794159 0.0742553 0.00516066 0 0.935017 125.498 118.816 6.68209 0 -29.1349 -27.643 32 4037.88 176.002 116 0.000640132
3800 0.0799186 0.0758659 0.00405279 0 0.949289 133.536 126.402 7.13381 0 -29.0252 -27.3117 32 4133.88 178.082 119 0.000637528
3900 0.0752917 0.0707339 0.00455773 0 0.939466 141.061 133.476 7.58541 0 -28.9252 -27.1502 32 4229.88 180.138 122 0.000579786
4000 0.094309 0.0886019 0.00570711 0 0.939485 150.494 142.336 8.15792 0 -28.8772 -28.1605 32 4357.88 182.843 126 0.00070319
4100 0.0707121 0.066294 0.00441805 0 0.937521 157.614 148.965 8.64909 0 -28.8655 -28.618 32 4453.88 184.846 129 0.000513907
4200 0.0703213 0.0657972 0.00452412 0 0.935665 164.617 155.545 9.07163 0 -28.8382 -28.2239 32 4549.88 186.827 132 0.000498464
4300 0.0653464 0.0611616 0.00418483 0 0.935959 171.157 161.661 9.49543 0 -28.8087 -28.0659 32 4645.88 188.788 135 0.000453049
4400 0.0555146 0.0530377 0.00247691 0 0.955383 176.789 166.965 9.82417 0 -28.8168 -29.0638 32 4741.88 190.728 138 0.000384331
4500 0.0481476 0.0460704 0.00207723 0 0.956857 181.613 171.572 10.0412 0 -28.8396 -29.6735 32 4837.88 192.649 141 0.00032674
4600 0.0561381 0.0537889 0.00234911 0 0.958155 187.235 176.951 10.2837 0 -28.8759 -30.0494 32 4933.88 194.551 144 0.000373534
4700 0.0497377 0.0481695 0.00156827 0 0.968469 192.237 181.768 10.4689 0 -28.9226 -30.6712 32 5029.88 196.435 147 0.000327683
4800 0.0442646 0.0427691 0.0014955 0 0.966214 196.71 186.045 10.6652 0 -28.9685 -30.9396 32 5157.88 198.919 151 0.000283239
4900 0.0427468 0.0413065 0.00144023 0 0.966308 201.014 190.175 10.839 0 -29.011 -30.9545 32 5253.88 200.761 154 0.000268224
5000 0.0542466 0.0521362 0.00211042 0 0.961096 206.445 195.389 11.056 0 -29.0215 -29.4089 32 5349.88 202.587 157 0.000332078
5100 0.0431412 0.0416139 0.00152729 0 0.964598 210.771 199.55 11.221 0 -29.0511 -30.4639 32 5445.88 204.397 160 0.000260087
5200 0.0435575 0.0417852 0.00177236 0 0.95931 215.113 203.729 11.3844 0 -29.0858 -30.7684 32 5541.88 206.191 163 0.000256351
5300 0.0493937 0.0479622 0.00143152 0 0.971018 220.072 208.525 11.547 0 -29.1227 -30.7267 32 5637.88 207.969 166 0.000288929
5400 0.0560402 0.0537663 0.0022739 0 0.959424 225.676 213.902 11.7739 0 -29.1408 -29.8509 32 5733.88 209.732 169 0.000318144
5500 0.0586629 0.0562533 0.00240962 0 0.958924 231.595 219.527 12.0674 0 -29.1796 -30.6569 32 5829.88 211.48 172 0.000327054
5600 0.0781586 0.074772 0.00338661 0 0.95667 239.412 227.004 12.4073 0 -29.1706 -28.9045 32 5957.88 213.789 176 0.000424841
5700 0.0591627 0.0566373 0.00252542 0 0.957314 245.341 232.668 12.673 0 -29.1746 -29.3349 32 6053.88 215.505 179 0.000316409
5800 0.0550848 0.0526945 0.00239035 0 0.956606 250.841 237.938 12.9036 0 -29.1892 -29.8411 32 6149.88 217.207 182 0.00028953
5900 0.0561328 0.0537905 0.0023423 0 0.958272 256.449 243.317 13.132 0 -29.217 -30.4603 32 6245.88 218.896 185 0.00029076
6000 0.0528701 0.0514835 0.00138667 0 0.973772 261.803 248.465 13.3385 0 -29.2708 -31.8473 32 6341.88 220.571 188 0.000273848
6100 0.0465035 0.0451604 0.00134304 0 0.97112 266.47 252.981 13.4888 0 -29.3074 -31.3644 32 6437.88 222.235 191 0.000236442
6200 0.0415273 0.0405505 0.000976804 0 0.976478 270.652 257.036 13.6164 0 -29.344 -31.671 32 6533.88 223.885 194 0.000209023
6300 0.0381515 0.0373328 0.000818729 0 0.97854 274.482 260.769 13.7128 0 -29.3841 -32.2234 32 6629.88 225.524 197 0.000189507
6400 0.0386915 0.0376502 0.00104129 0 0.973087 278.338 264.534 13.8039 0 -29.4207 -32.0265 32 6757.88 227.691 201 0.000187315
6500 0.040067 0.0388556 0.00121143 0 0.969765 282.327 268.42 13.9068 0 -29.4471 -31.2871 32 6853.88 229.302 204 0.000190468
6600 0.0389327 0.0376386 0.00129417 0 0.966759 286.201 272.184 14.0172 0 -29.4718 -31.274 32 6949.88 230.903 207 0.000181829
6700 0.0445639 0.0428521 0.00171182 0 0.961587 290.616 276.469 14.1469 0 -29.4734 -29.5779 32 7045.88 232.492 210 0.000204058
6800 0.0418587 0.0402852 0.00157356 0 0.962408 294.797 280.497 14.2992 0 -29.4798 -29.9187 32 7141.88 234.07 213 0.000189132
6900 0.0349075 0.034089 0.000818533 0 0.976551 298.322 283.906 14.4159 0 -29.5006 -31.2454 32 7237.88 235.638 216 0.000157819
7000 0.0411674 0.0401871 0.000980238 0 0.976189 302.466 287.925 14.5413 0 -29.5132 -30.417 32 7333.88 237.196 219 0.000183503
7100 0.046906 0.0450537 0.00185239 0 0.960509 307.123 292.43 14.6929 0 -29.5074 -29.1336 32 7429.88 238.743 222 0.000202944
7200 0.0807333 0.0772771 0.00345629 0 0.957189 315.225 300.158 15.0668 0 -29.475 -28.2445 32 7557.88 240.791 226 0.000341934
7300 0.0642725 0.0604382 0.00383439 0 0.940342 321.618 306.202 15.4162 0 -29.4674 -29.0932 32 7653.88 242.315 229 0.000263922
7400 0.0611357 0.0578118 0.00332382 0 0.945632 327.742 311.983 15.7592 0 -29.4633 -29.2513 32 7749.88 243.83 232 0.000249189
7500 0.094397 0.0905182 0.00387884 0 0.958909 337.235 321.035 16.2001 0 -29.4167 -27.8054 32 7845.88 245.336 235 0.000385184
7600 0.0748621 0.0713252 0.00353697 0 0.952754 344.698 328.167 16.5305 0 -29.4079 -29.0119 32 7941.88 246.832 238 0.000299686
7700 0.0771186 0.0739307 0.00318787 0 0.958663 352.416 335.561 16.8552 0 -29.4082 -29.4222 32 8037.88 248.32 241 0.000306766
7800 0.0703678 0.0677663 0.00260154 0 0.963029 359.503 342.337 17.1654 0 -29.4173 -29.8694 32 8133.88 249.798 244 0.000277731
7900 0.0541856 0.0527058 0.00147983 0 0.97269 364.967 347.608 17.3591 0 -29.4391 -30.8743 32 8229.88 251.268 247 0.000213384
8000 0.0466945 0.0460449 0.000649644 0 0.986087 369.689 352.212 17.4773 0 -29.4679 -31.6936 32 8357.88 253.214 251 0.000183446
8100 0.053492 0.0520361 0.00145594 0 0.972782 375.056 357.416 17.6403 0 -29.5026 -31.89 32 8453.88 254.664 254 0.000204866
8200 0.0489911 0.0473841 0.00160695 0 0.967199 379.959 362.154 17.8044 0 -29.5317 -31.7568 32 8549.88 256.106 257 0.000184374
8300 0.0477159 0.0463321 0.00138384 0 0.970998 384.725 366.787 17.9371 0 -29.5636 -32.107 32 8645.88 257.54 260 0.0001782
8400 0.0519751 0.050864 0.00111109 0 0.978623 389.949 371.874 18.0754 0 -29.5797 -30.7683 32 8741.88 258.966 263 0.000193399
8500 0.0431711 0.0424114 0.000759666 0 0.982403 394.28 376.115 18.1646 0 -29.6048 -31.8673 32 8837.88 260.384 266 0.000159441
8600 0.0405119 0.0400122 0.000499653 0 0.987667 398.35 380.116 18.2338 0 -29.6338 -32.4381 32 8933.88 261.794 269 0.000148744
8700 0.0380607 0.0374028 0.000657946 0 0.982713 402.154 383.856 18.2971 0 -29.6603 -32.4336 32 9029.88 263.197 272 0.00013751
8800 0.0421061 0.0413988 0.000707258 0 0.983203 406.381 387.996 18.3846 0 -29.6869 -32.2244 32 9157.88 265.056 276 0.000149996
8900 0.0432453 0.0419921 0.00125327 0 0.97102 410.658 392.196 18.4628 0 -29.7198 -32.8443 32 9253.88 266.442 279 0.000150509
9000 0.0439973 0.042584 0.00141334 0 0.967877 415.027 396.454 18.5733 0 -29.7464 -32.244 32 9349.88 267.82 282 0.000151007
9100 0.0399047 0.0389365 0.000968178 0 0.975738 419.034 400.348 18.6861 0 -29.7697 -32.182 32 9445.88 269.191 285 0.000136619
9200 0.0387248 0.0378555 0.000869314 0 0.977551 422.924 404.133 18.7908 0 -29.7966 -32.6933 32 9541.88 270.556 288 0.000131443
9300 0.0412277 0.0393042 0.00192357 0 0.953343 426.969 408.064 18.9052 0 -29.8067 -30.8655 32 9637.88 271.914 291 0.000135066
9400 0.0437773 0.0423936 0.00138375 0 0.968391 431.368 412.303 19.0646 0 -29.8136 -30.4851 32 9733.88 273.264 294 0.000144196
9500 0.0716085 0.0688902 0.00271829 0 0.96204 438.512 419.192 19.3203 0 -29.8508 -32.0936 32 9829.88 274.609 297 0.000231954
9600 0.0543904 0.0525139 0.0018765 0 0.965499 444.008 424.443 19.5646 0 -29.8771 -31.9784 32 9957.88 276.391 301 0.000174465
9700 0.0772158 0.072256 0.00495981 0 0.935767 451.537 431.669 19.8677 0 -29.8442 -27.9035 32 10053.9 277.72 304 0.000237684
9800 0.0689684 0.0665653 0.0024031 0 0.965157 458.516 438.325 20.1907 0 -29.8509 -30.282 32 10149.9 279.043 307 0.000216825
9900 0.0532591 0.051672 0.00158706 0 0.970201 463.884 443.493 20.3909 0 -29.8664 -31.1966 32 10245.9 280.359 310 0.000166684
10000 0.0555174 0.0537926 0.00172486 0 0.968931 469.473 448.872 20.6006 0 -29.8819 -31.1648 32 10341.9 281.67 313 0.000171861
10100 0.0563372 0.0547133 0.00162391 0 0.971175 475.123 454.343 20.7795 0 -29.9062 -31.9284 32 10437.9 282.974 316 0.000173143
10200 0.0555805 0.0539211 0.00165938 0 0.970145 480.685 459.735 20.9501 0 -29.9206 -31.1455 32 10533.9 284.272 319 0.000169032
10300 0.0592267 0.0578601 0.00136662 0 0.976926 486.66 465.521 21.1385 0 -29.9452 -31.9264 32 10629.9 285.565 322 0.00017969
10400 0.0489273 0.0480531 0.00087418 0 0.982133 491.615 470.327 21.2883 0 -29.9714 -32.5485 32 10757.9 287.279 326 0.000147402
10500 0.04481 0.0439385 0.000871446 0 0.980552 496.081 474.721 21.3606 0 -29.9931 -32.3801 32 10853.9 288.558 329 0.000133552
10600 0.0402083 0.0397774 0.000430848 0 0.989285 500.11 478.698 21.4113 0 -30.0181 -33.0977 32 10949.9 289.831 332 0.000119812
10700 0.0380557 0.0377156 0.000340076 0 0.991064 503.925 482.47 21.4556 0 -30.0415 -33.106 32 11045.9 291.099 335 0.000112584
10800 0.0343826 0.0342119 0.000170625 0 0.995037 507.369 485.891 21.4781 0 -30.0673 -33.8373 32 11141.9 292.361 338 0.000101219
10900 0.0612551 0.0593424 0.00191269 0 0.968775 513.48 491.825 21.6547 0 -30.0992 -32.7508 32 11237.9 293.618 341 0.000174025
11000 0.0451979 0.0440158 0.00118212 0 0.973846 518.017 496.227 21.7896 0 -30.1229 -32.7999 32 11333.9 294.869 344 0.000127953
11100 0.0419559 0.0407558 0.00120011 0 0.971396 522.226 500.302 21.9231 0 -30.1477 -33.209 32 11429.9 296.115 347 0.000117452
11200 0.036981 0.0361904 0.000790616 0 0.978621 525.957 503.922 22.0358 0 -30.1753 -34.0339 32 11557.9 297.769 351 0.000103107
11300 0.0411753 0.0390923 0.00208295 0 0.949413 530.017 507.831 22.1862 0 -30.1931 -32.5015 32 11653.9 299.003 354 0.00011043
11400 0.0379978 0.0366093 0.00138848 0 0.963459 533.823 511.492 22.3314 0 -30.2117 -32.8034 32 11749.9 300.232 357 0.000102547
11500 0.0534507 0.0509718 0.00247891 0 0.953622 539.123 516.589 22.534 0 -30.2126 -30.3047 32 11845.9 301.456 360 0.000141588
11600 0.0460312 0.0450612 0.00096998 0 0.978928 543.799 521.095 22.7042 0 -30.2302 -32.2594 32 11941.9 302.675 363 0.000124136
11700 0.0421542 0.0408767 0.00127748 0 0.969695 547.994 525.183 22.8109 0 -30.2471 -32.4388 32 12037.9 303.889 366 0.000111685
11800 0.0386237 0.0377136 0.000910165 0 0.976435 551.867 528.954 22.9135 0 -30.2647 -32.7442 32 12133.9 305.098 369 0.000102205
11900 0.035301 0.0346985 0.000602485 0 0.982933 555.41 532.424 22.9864 0 -30.2846 -33.3953 32 12229.9 306.303 372 9.32755e-05
12000 0.0350027 0.0343031 0.00069963 0 0.980012 558.923 535.854 23.0691 0 -30.3067 -33.7916 32 12357.9 307.902 376 9.12317e-05
12100 0.0483727 0.0456161 0.00275664 0 0.943012 563.619 540.416 23.2027 0 -30.3139 -31.1764 32 12453.9 309.095 379 0.000120359
12200 0.0463978 0.0445228 0.00187501 0 0.959588 568.282 544.868 23.4141 0 -30.3245 -31.6073 32 12549.9 310.284 382 0.000116552
12300 0.0450874 0.0430984 0.00198893 0 0.955887 572.805 549.178 23.6275 0 -30.3395 -32.2239 32 12645.9 311.469 385 0.000111944
12400 0.0420558 0.0399435 0.00211229 0 0.949774 577.003 553.172 23.8308 0 -30.3525 -32.1137 32 12741.9 312.649 388 0.000102947
12500 0.0459904 0.0440665 0.00192389 0 0.958168 581.627 557.579 24.0479 0 -30.3629 -31.6685 32 12837.9 313.824 391 0.000112702
12600 0.0436578 0.04161 0.00204776 0 0.953095 586.012 561.74 24.2718 0 -30.3764 -32.1598 32 12933.9 314.996 394 0.000105609
12700 0.0531699 0.0505877 0.00258221 0 0.951435 591.322 566.799 24.5231 0 -30.38 -30.7782 32 13029.9 316.162 397 0.000127425
12800 0.0534302 0.0512968 0.00213345 0 0.96007 596.709 571.928 24.7802 0 -30.3873 -31.1944 32 13157.9 317.712 401 0.000127922
12900 0.0526195 0.0504614 0.00215801 0 0.958988 602.006 576.974 25.0318 0 -30.4058 -32.4827 32 13253.9 318.868 404 0.000124905
13000 0.0454233 0.0436563 0.00176694 0 0.961101 606.568 581.34 25.2277 0 -30.4182 -32.0608 32 13349.9 320.021 407 0.000107264
13100 0.0451224 0.0435964 0.00152606 0 0.96618 611.109 585.7 25.4091 0 -30.4324 -32.3228 32 13445.9 321.17 410 0.000106333
13200 0.0390728 0.0380037 0.00106909 0 0.972638 615.042 589.5 25.5421 0 -30.4494 -33.0922 32 13541.9 322.314 413 9.20187e-05
13300 0.038642 0.0371067 0.00153535 0 0.960267 618.86 593.211 25.6491 0 -30.4628 -32.6254 32 13637.9 323.455 416 8.91987e-05
13400 0.0382843 0.0375066 0.000777699 0 0.979686 622.726 596.961 25.7649 0 -30.4788 -33.0385 32 13733.9 324.591 419 8.95145e-05
13500 0.0357617 0.0349864 0.0007753 0 0.97832 626.314 600.46 25.8536 0 -30.4955 -33.3897 32 13829.9 325.724 422 8.29062e-05
13600 0.0339386 0.0333276 0.000610992 0 0.981997 629.723 603.793 25.9301 0 -30.5128 -33.7001 32 13957.9 327.228 426 7.82338e-05
13700 0.0408347 0.0386345 0.00220024 0 0.946118 633.68 607.656 26.0239 0 -30.523 -32.1491 32 14053.9 328.351 429 9.00571e-05
13800 0.0622992 0.0596789 0.00262032 0 0.95794 639.89 613.624 26.2663 0 -30.5329 -31.5404 32 14149.9 329.47 432 0.000138146
13900 0.0480103 0.0459968 0.00201354 0 0.95806 644.713 618.224 26.4893 0 -30.5448 -32.1275 32 14245.9 330.586 435 0.00010574
14000 0.0448334 0.0426672 0.00216612 0 0.951685 649.132 622.491 26.6417 0 -30.5568 -32.2985 32 14341.9 331.698 438 9.74138e-05
14100 0.0428557 0.0413112 0.00154451 0 0.96396 653.436 626.622 26.8143 0 -30.5726 -32.9635 32 14437.9 332.807 441 9.36762e-05
14200 0.0465538 0.0441566 0.00239712 0 0.948509 658.167 631.037 27.1294 0 -30.5761 -31.05 32 14533.9 333.911 444 9.94519e-05
14300 0.0413666 0.0395254 0.00184121 0 0.95549 662.359 634.99 27.3687 0 -30.5825 -31.5936 32 14629.9 335.012 447 8.84237e-05
14400 0.0470981 0.0449909 0.00210726 0 0.955258 667.063 639.489 27.5744 0 -30.5933 -32.1084 32 14757.9 336.474 451 9.9758e-05
14500 0.0406808 0.0391199 0.00156083 0 0.961632 671.165 643.401 27.7641 0 -30.6078 -32.9682 32 14853.9 337.567 454 8.61673e-05
14600 0.0361865 0.035149 0.00103757 0 0.971327 674.806 646.916 27.8904 0 -30.6226 -33.3646 32 14949.9 338.656 457 7.69124e-05
14700 0.0332657 0.0323207 0.000944993 0 0.971593 678.135 650.148 27.987 0 -30.6387 -33.8938 32 15045.9 339.742 460 7.02623e-05
14800 0.0484941 0.0467347 0.00175944 0 0.963718 682.95 654.821 28.1286 0 -30.6466 -31.7539 32 15141.9 340.824 463 0.000100939
14900 0.053315 0.0509136 0.00240145 0 0.954957 688.283 659.913 28.3697 0 -30.648 -30.8308 32 15237.9 341.903 466 0.000109257
15000 0.0542627 0.0527652 0.00149756 0 0.972402 693.769 665.189 28.5794 0 -30.6517 -31.1227 32 15333.9 342.978 469 0.000112506
15100 0.0441725 0.0428744 0.00129812 0 0.970613 698.219 669.477 28.7418 0 -30.6615 -32.1889 32 15429.9 344.05 472 9.08356e-05
15200 0.0389467 0.0379758 0.000970892 0 0.975071 702.139 673.274 28.8648 0 -30.6742 -32.9329 32 15557.9 345.474 476 7.97812e-05
15300 0.0397292 0.0378671 0.0018621 0 0.95313 706.036 677.061 28.9747 0 -30.6815 -31.9878 32 15653.9 346.538 479 7.90545e-05
15400 0.0658805 0.0626891 0.00319134 0 0.951559 712.542 683.33 29.2118 0 -30.6709 -29.5227 32 15749.9 347.599 482 0.00013006
15500 0.0514414 0.0492109 0.00223055 0 0.956639 717.695 688.251 29.4437 0 -30.6741 -31.1181 32 15845.9 348.657 485 0.000101466
15600 0.053816 0.0516476 0.00216839 0 0.959707 723.072 693.416 29.6557 0 -30.6823 -31.7773 32 15941.9 349.711 488 0.000105835
15700 0.0519194 0.0501572 0.00176226 0 0.966058 728.305 698.432 29.8735 0 -30.6832 -30.8085 32 16037.9 350.763 491 0.000102153
15800 0.0612484 0.0585524 0.002696 0 0.955982 734.41 704.287 30.1232 0 -30.6747 -29.6634 32 16133.9 351.811 494 0.000118527
15900 0.0515056 0.050011 0.00149463 0 0.970981 739.635 709.288 30.347 0 -30.6754 -30.7665 32 16229.9 352.856 497 0.000100626
16000 0.0420602 0.0411499 0.000910306 0 0.978357 743.876 713.403 30.4734 0 -30.6829 -31.9873 32 16357.9 354.245 501 8.21354e-05
16100 0.0621261 0.0602478 0.00187832 0 0.969766 750.148 719.428 30.7204 0 -30.6897 -31.4984 32 16453.9 355.283 504 0.000119539
16200 0.0407674 0.0397442 0.00102319 0 0.974902 754.265 723.402 30.8633 0 -30.6998 -32.5372 32 16549.9 356.318 507 7.8391e-05
16300 0.0405817 0.0385025 0.0020792 0 0.948765 758.231 727.252 30.9785 0 -30.7036 -31.4349 32 16645.9 357.35 510 7.54951e-05
16400 0.0505717 0.0488727 0.00169903 0 0.966404 763.336 732.14 31.1966 0 -30.6997 -30.1233 32 16741.9 358.379 513 9.52684e-05
16500 0.0497369 0.0474807 0.0022562 0 0.954637 768.271 736.888 31.3829 0 -30.6941 -29.826 32 16837.9 359.405 516 9.20168e-05
16600 0.047984 0.0463178 0.00166617 0 0.965276 773.096 741.519 31.5767 0 -30.6923 -30.4091 32 16933.9 360.428 519 8.92443e-05
16700 0.0458855 0.0441944 0.00169112 0 0.963145 777.704 745.939 31.7653 0 -30.6905 -30.375 32 17029.9 361.448 522 8.46635e-05
16800 0.0418797 0.0407483 0.00113146 0 0.972983 781.928 750.014 31.9147 0 -30.6917 -30.9234 32 17157.9 362.804 526 7.74682e-05
16900 0.0528475 0.0507096 0.0021379 0 0.959546 787.157 755.085 32.0726 0 -30.6908 -30.5486 32 17253.9 363.817 529 9.58594e-05
17000 0.0467081 0.0455215 0.00118663 0 0.974595 791.859 759.637 32.2218 0 -30.696 -31.5753 32 17349.9 364.828 532 8.55667e-05
17100 0.0636713 0.0616829 0.00198846 0 0.96877 798.222 765.805 32.4165 0 -30.6801 -28.7037 32 17445.9 365.836 535 0.000115295
17200 0.0609182 0.058292 0.00262623 0 0.956889 804.255 771.634 32.6207 0 -30.6634 -28.4528 32 17541.9 366.841 538 0.000108349
17300 0.0805304 0.0763485 0.0041819 0 0.948071 812.246 779.269 32.9769 0 -30.6351 -27.7808 32 17637.9 367.844 541 0.000141125
17400 0.0757769 0.0721281 0.00364884 0 0.951848 819.86 786.482 33.3778 0 -30.6148 -28.4517 32 17733.9 368.843 544 0.000132588
17500 0.0569548 0.0544302 0.00252461 0 0.955674 825.61 791.925 33.6852 0 -30.6078 -29.6135 32 17829.9 369.84 547 9.95068e-05
17600 0.0495293 0.0478276 0.00170175 0 0.965642 830.623 796.708 33.9148 0 -30.6081 -30.6534 32 17957.9 371.166 551 8.68014e-05
17700 0.0616869 0.0593479 0.00233899 0 0.962083 836.794 802.642 34.1517 0 -30.6077 -30.5552 32 18053.9 372.156 554 0.000107126
17800 0.049483 0.0475603 0.00192264 0 0.961145 841.747 807.399 34.3489 0 -30.609 -30.8216 32 18149.9 373.144 557 8.53866e-05
17900 0.0457008 0.0442599 0.00144087 0 0.968472 846.349 811.825 34.5243 0 -30.6123 -31.2262 32 18245.9 374.13 560 7.90355e-05
18000 0.0522089 0.0500884 0.00212047 0 0.959385 851.556 816.833 34.723 0 -30.6122 -30.5929 32 18341.9 375.113 563 8.89669e-05
18100 0.0444107 0.0431259 0.0012848 0 0.97107 856.03 821.146 34.8845 0 -30.6177 -31.6669 32 18437.9 376.093 566 7.61941e-05
18200 0.0457249 0.0442651 0.00145974 0 0.968076 860.606 825.572 35.034 0 -30.622 -31.427 32 18533.9 377.071 569 7.77946e-05
18300 0.0518529 0.0503605 0.00149245 0 0.971218 865.822 830.609 35.2131 0 -30.628 -31.6126 32 18629.9 378.046 572 8.80428e-05
18400 0.0424585 0.04142 0.00103856 0 0.97554 870.103 834.751 35.3524 0 -30.6376 -32.5888 32 18757.9 379.343 576 7.19097e-05
18500 0.0425989 0.0411884 0.00141045 0 0.96689 874.35 838.869 35.4809 0 -30.6437 -31.8824 32 18853.9 380.312 579 7.11372e-05
18600 0.045263 0.0414901 0.00377293 0 0.916644 878.615 843.018 35.597 0 -30.6404 -29.9601 32 18949.9 381.279 582 7.12888e-05
18700 0.0526037 0.0507069 0.00189679 0 0.963942 883.922 848.089 35.8331 0 -30.6394 -30.477 32 19045.9 382.244 585 8.66785e-05
18800 0.0418867 0.0406483 0.0012384 0 0.970434 888.14 852.154 35.9863 0 -30.6438 -31.57 32 19141.9 383.206 588 6.91298e-05
18900 0.0410805 0.0402354 0.000845124 0 0.979428 892.294 856.177 36.1166 0 -30.65 -31.9858 32 19237.9 384.166 591 6.80802e-05
19000 0.0533167 0.0507511 0.00256564 0 0.951879 897.511 861.253 36.258 0 -30.6493 -30.5155 32 19333.9 385.123 594 8.54396e-05
19100 0.0525248 0.0509593 0.00156545 0 0.970196 902.773 866.348 36.4243 0 -30.6522 -31.161 32 19429.9 386.078 597 8.5359e-05
19200 0.0470724 0.0458449 0.00122749 0 0.973923 907.515 870.933 36.5819 0 -30.657 -31.5715 32 19557.9 387.348 601 7.62811e-05
19300 0.0466329 0.0450429 0.00159005 0 0.965903 912.166 875.437 36.7287 0 -30.6633 -31.8778 32 19653.9 388.297 604 7.45743e-05
19400 0.056548 0.0525077 0.00404022 0 0.928552 917.574 880.688 36.8865 0 -30.6541 -29.1123 32 19749.9 389.244 607 8.65037e-05
19500 0.0739837 0.0719502 0.00203348 0 0.972514 925.053 887.883 37.1701 0 -30.6358 -28.3817 32 19845.9 390.189 610 0.000117951
19600 0.0555368 0.053864 0.00167283 0 0.969879 930.632 893.269 37.3627 0 -30.6308 -29.8133 32 19941.9 391.132 613 8.78694e-05
19700 0.0485721 0.0474873 0.00108486 0 0.977665 935.519 898.018 37.5012 0 -30.6317 -30.8064 32 20037.9 392.072 616 7.70897e-05
19800 0.0488598 0.0473636 0.00149626 0 0.969377 940.389 902.755 37.6346 0 -30.6334 -30.96 32 20133.9 393.01 619 7.65163e-05
19900 0.045527 0.0446604 0.000866591 0 0.980965 944.974 907.221 37.7531 0 -30.6366 -31.2899 32 20229.9 393.946 622 7.18013e-05
20000 0.069293 0.0672295 0.0020635 0 0.970221 951.898 913.944 37.9544 0 -30.641 -31.2377 32 20357.9 395.19 626 0.000107395
