100 0.014977 0.013772 0.00120495 0 0.919547 1.44331 1.3772 0.0661075 0 -30.6872 -30.6872 16 437.882 57.9587 7 0.00196743
200 0.0281013 0.0259011 0.00220019 0 0.921705 4.20399 3.96731 0.236682 0 -29.5839 -29.0071 16 533.882 63.9974 13 0.00199239
300 0.0265023 0.0247021 0.00180016 0 0.932075 6.88338 6.43752 0.445859 0 -29.1698 -28.5201 16 629.882 69.5136 19 0.00130011
400 0.0224909 0.0207476 0.00174329 0 0.922489 9.1638 8.51228 0.651516 0 -28.7846 -27.6217 16 741.882 75.441 26 0.000797986
500 0.0259084 0.0225262 0.0033822 0 0.869455 11.6188 10.7649 0.853862 0 -28.2816 -26.404 16 837.882 80.1736 32 0.000703945
600 0.0353228 0.0330489 0.00227383 0 0.935627 15.1461 14.0698 1.07625 0 -28.302 -28.3693 16 933.882 84.642 38 0.000869709
700 0.0707128 0.0662089 0.0045039 0 0.936307 22.1234 20.6907 1.43272 0 -28.0697 -27.5655 16 1029.88 88.8861 44 0.00150475
800 0.0656107 0.0603884 0.00522234 0 0.920404 28.5846 26.7295 1.85508 0 -28.0062 -27.7885 16 1141.88 93.5946 51 0.00118409
900 0.0813613 0.0746579 0.00670336 0 0.91761 36.5151 34.1953 2.31974 0 -27.8915 -27.4781 16 1237.88 97.4495 57 0.00130979
1000 0.0862895 0.0816469 0.00464251 0 0.946198 45.1711 42.36 2.81106 0 -28.1541 -29.262 16 1333.88 101.158 63 0.00129598
1100 0.0596588 0.0566479 0.00301096 0 0.94953 51.2082 48.0248 3.18336 0 -28.2992 -29.3851 16 1429.88 104.735 69 0.000820984
1200 0.0519052 0.0487688 0.00313648 0 0.939573 56.3823 52.9017 3.48065 0 -28.3954 -29.3472 16 1541.88 108.759 76 0.000641694
1300 0.0763442 0.0717667 0.00457743 0 0.940042 64.0477 60.0783 3.96939 0 -28.2166 -26.9017 16 1637.88 112.094 82 0.000875204
1400 0.0639833 0.0605649 0.0034184 0 0.946574 70.521 66.1348 4.38619 0 -28.2481 -28.5596 16 1733.88 115.332 88 0.000688238
1500 0.0658801 0.061735 0.00414512 0 0.937081 77.07 72.3083 4.76171 0 -28.3243 -29.1453 16 1829.88 118.482 94 0.000656755
1600 0.0860903 0.0808133 0.00527697 0 0.938704 85.6254 80.3897 5.23578 0 -28.4739 -29.8214 16 1941.88 122.054 101 0.000800132
1700 0.0698765 0.0661779 0.00369861 0 0.947069 92.6771 87.0074 5.66962 0 -28.6353 -30.5951 16 2037.88 125.034 107 0.000618485
1800 0.0703936 0.0661899 0.00420367 0 0.940283 99.6997 93.6264 6.07326 0 -28.7525 -30.2996 16 2133.88 127.946 113 0.000585751
1900 0.0766494 0.0719968 0.00465261 0 0.9393 107.316 100.826 6.4898 0 -28.8204 -29.7092 16 2229.88 130.792 119 0.000605015
2000 0.0692471 0.06581 0.00343706 0 0.950365 114.326 107.407 6.91843 0 -28.8905 -29.9628 16 2341.88 134.036 126 0.000522302
2100 0.0689023 0.0651452 0.00375711 0 0.945472 121.265 113.922 7.34289 0 -28.9448 -29.84 16 2437.88 136.756 132 0.000493524
2200 0.0583869 0.0553131 0.00307383 0 0.947354 127.127 119.453 7.67447 0 -29.0049 -30.2483 16 2533.88 139.423 138 0.000400819
2300 0.0529538 0.0503013 0.0026525 0 0.949909 132.43 124.483 7.9467 0 -29.067 -30.5555 16 2629.88 142.039 144 0.000349315
2400 0.0645732 0.0613828 0.00319046 0 0.950592 138.863 130.621 8.242 0 -29.1375 -30.5895 16 2741.88 145.032 151 0.000406508
2500 0.0650781 0.0623501 0.002728 0 0.958081 145.378 136.856 8.52145 0 -29.2616 -31.9053 16 2837.88 147.549 157 0.000397134
2600 0.0654113 0.0624876 0.00292369 0 0.955303 151.923 143.105 8.81748 0 -29.3789 -31.9848 16 2933.88 150.024 163 0.00038336
2700 0.0620119 0.0601917 0.00182021 0 0.970647 158.192 149.124 9.0675 0 -29.4939 -32.2812 16 3029.88 152.459 169 0.000356164
2800 0.0508908 0.0494889 0.00140197 0 0.972451 163.314 154.073 9.24071 0 -29.5956 -32.7348 16 3141.88 155.251 176 0.000281187
2900 0.0519491 0.050447 0.00150205 0 0.971086 168.521 159.118 9.40354 0 -29.6652 -31.849 16 3237.88 157.605 182 0.000277181
3000 0.0538591 0.0518261 0.00203294 0 0.962254 173.916 164.3 9.61549 0 -29.7397 -32.0659 16 3333.88 159.925 188 0.000275671
3100 0.0609861 0.0583242 0.00266191 0 0.956352 180.095 170.133 9.96254 0 -29.8003 -31.5058 16 3429.88 162.211 194 0.00030064
3200 0.0614069 0.0572165 0.00419034 0 0.931761 186.193 175.855 10.3384 0 -29.8339 -30.8269 16 3541.88 164.838 201 0.000284659
3300 0.0752964 0.0696293 0.00566706 0 0.924737 193.604 182.817 10.787 0 -29.8719 -30.8277 16 3637.88 167.057 207 0.000336373
3400 0.0740132 0.0696337 0.00437944 0 0.940829 201.082 189.781 11.3015 0 -29.9124 -30.9599 16 3733.88 169.247 213 0.000326919
3500 0.0630031 0.0587627 0.00424032 0 0.932697 207.377 195.657 11.72 0 -29.9574 -31.3949 16 3829.88 171.409 219 0.000268323
3600 0.0662753 0.0622291 0.00404611 0 0.93895 214.043 201.88 12.1634 0 -29.986 -30.8759 16 3941.88 173.897 226 0.00027535
3700 0.0662576 0.0627353 0.00352235 0 0.946838 220.728 208.154 12.5745 0 -30.0135 -30.8945 16 4037.88 176.002 232 0.000270411
3800 0.0721212 0.0684202 0.00370104 0 0.948683 227.96 214.996 12.9643 0 -30.0221 -30.2854 16 4133.88 178.082 238 0.00028748
3900 0.0621589 0.0593638 0.00279502 0 0.955034 234.24 220.932 13.3079 0 -30.0497 -31.0522 16 4229.88 180.138 244 0.000243294
4000 0.0680451 0.0653062 0.00273896 0 0.959748 241.089 227.463 13.6266 0 -30.0694 -30.7431 16 4341.88 182.507 251 0.000260184
4100 0.0757842 0.0724708 0.00331341 0 0.956278 248.664 234.71 13.9539 0 -30.13 -32.0579 16 4437.88 184.513 257 0.000281988
4200 0.0832897 0.0792501 0.00403958 0 0.9515 256.981 242.635 14.3465 0 -30.1966 -32.1865 16 4533.88 186.498 263 0.000301331
4300 0.0731339 0.0703934 0.00274046 0 0.962528 264.397 249.674 14.7228 0 -30.2576 -32.3722 16 4629.88 188.463 269 0.000261686
4400 0.0660911 0.0632075 0.00288363 0 0.956369 271.031 255.995 15.0361 0 -30.3089 -32.3545 16 4741.88 190.728 276 0.000229013
4500 0.0658749 0.0632818 0.00259304 0 0.960637 277.649 262.323 15.3256 0 -30.3424 -31.7144 16 4837.88 192.649 282 0.000224404
4600 0.0739224 0.0699653 0.00395713 0 0.946469 284.955 269.319 15.6356 0 -30.3621 -31.1092 16 4933.88 194.551 288 0.000242935
4700 0.0902121 0.0861175 0.00409468 0 0.954611 293.951 277.931 16.0202 0 -30.3855 -31.1266 16 5029.88 196.435 294 0.000292917
4800 0.0737998 0.0709969 0.00280284 0 0.962021 301.39 285.031 16.3588 0 -30.4244 -31.9615 16 5141.88 198.61 301 0.00023587
4900 0.0609741 0.0594557 0.00151836 0 0.975098 307.565 290.977 16.5882 0 -30.4792 -33.1575 16 5237.88 200.455 307 0.000193667
5000 0.0809493 0.0769941 0.00395526 0 0.951139 315.552 298.676 16.876 0 -30.4845 -30.6876 16 5333.88 202.284 313 0.000245987
5100 0.0751518 0.0728254 0.00232636 0 0.969045 323.2 305.958 17.2419 0 -30.4985 -31.0772 16 5429.88 204.096 319 0.000228293
5200 0.0827978 0.0785963 0.00420144 0 0.949257 331.403 313.818 17.5847 0 -30.4864 -30.0092 16 5541.88 206.191 326 0.000241093
5300 0.0711357 0.0678737 0.00326201 0 0.954144 338.542 320.605 17.9368 0 -30.4867 -30.4982 16 5637.88 207.969 332 0.000204439
5400 0.0703484 0.0669718 0.00337668 0 0.952001 345.578 327.303 18.2758 0 -30.5055 -31.4115 16 5733.88 209.732 338 0.000198141
5500 0.0865172 0.082223 0.00429419 0 0.950366 354.205 335.525 18.6803 0 -30.4891 -29.8307 16 5829.88 211.48 344 0.00023902
5600 0.0831593 0.079513 0.00364634 0 0.956152 362.578 343.476 19.1013 0 -30.453 -28.9282 16 5941.88 213.502 351 0.000226533
5700 0.0681419 0.0651128 0.00302911 0 0.955547 369.448 349.988 19.4606 0 -30.4497 -30.2718 16 6037.88 215.22 357 0.000182389
5800 0.0995863 0.0939682 0.00561809 0 0.943586 379.304 359.384 19.9195 0 -30.4322 -29.7778 16 6133.88 216.924 363 0.000258866
5900 0.0864749 0.0825207 0.00395426 0 0.954273 387.99 367.636 20.3536 0 -30.437 -30.6479 16 6229.88 218.615 369 0.000223633
6000 0.0696634 0.0667542 0.00290916 0 0.95824 395.017 374.312 20.7051 0 -30.4519 -31.2718 16 6341.88 220.571 376 0.000177538
6100 0.0659581 0.0631022 0.00285592 0 0.956701 401.649 380.622 21.0271 0 -30.4707 -31.5893 16 6437.88 222.235 382 0.000165189
6200 0.0633367 0.0605454 0.00279123 0 0.95593 407.983 386.677 21.3066 0 -30.4868 -31.5122 16 6533.88 223.885 388 0.000156045
6300 0.0849123 0.0804517 0.00446062 0 0.947468 416.382 394.722 21.6602 0 -30.4879 -30.5401 16 6629.88 225.524 394 0.000204192
6400 0.0768727 0.0736825 0.00319019 0 0.9585 424.131 402.09 22.0412 0 -30.4986 -31.0752 16 6741.88 227.421 401 0.000183747
6500 0.0778288 0.0744674 0.00336143 0 0.95681 431.971 409.537 22.4344 0 -30.4955 -30.3243 16 6837.88 229.034 407 0.000182967
6600 0.0792946 0.0749766 0.00431793 0 0.945546 439.856 417.034 22.8218 0 -30.5015 -30.8314 16 6933.88 230.637 413 0.000181541
6700 0.0761873 0.0713032 0.00488415 0 0.935893 447.391 424.165 23.2264 0 -30.5004 -30.4371 16 7029.88 232.228 419 0.000170175
6800 0.0704792 0.067009 0.00347018 0 0.950763 454.486 430.866 23.6208 0 -30.5123 -31.2589 16 7141.88 234.07 426 0.000157298
6900 0.0683806 0.0654013 0.00297928 0 0.956431 461.342 437.406 23.9358 0 -30.5243 -31.3215 16 7237.88 235.638 432 0.000151392
7000 0.0835468 0.0802093 0.00333755 0 0.960052 469.78 445.427 24.3529 0 -30.5276 -30.7067 16 7333.88 237.196 438 0.000183126
7100 0.077287 0.0732068 0.00408017 0 0.947208 477.473 452.747 24.726 0 -30.5211 -30.1269 16 7429.88 238.743 444 0.00016488
7200 0.0825201 0.0789338 0.00358629 0 0.95654 485.811 460.641 25.1704 0 -30.5124 -30.0156 16 7541.88 240.536 451 0.00017502
7300 0.114097 0.106824 0.00727257 0 0.93626 497.03 471.323 25.7065 0 -30.5068 -30.2627 16 7637.88 242.062 457 0.000233751
7400 0.100163 0.0953923 0.00477083 0 0.952369 507.1 480.862 26.2374 0 -30.5043 -30.3805 16 7733.88 243.578 463 0.000206031
7500 0.0842092 0.0811694 0.00303982 0 0.963902 515.627 488.979 26.6474 0 -30.5207 -31.4981 16 7829.88 245.086 469 0.000173069
7600 0.0901673 0.0866844 0.00348286 0 0.961373 524.648 497.648 27.0002 0 -30.5145 -30.1606 16 7941.88 246.832 476 0.00018211
7700 0.104314 0.0981367 0.00617776 0 0.940778 534.903 507.461 27.4412 0 -30.4972 -29.6111 16 8037.88 248.32 482 0.000203603
7800 0.112234 0.107221 0.005013 0 0.955334 546.216 518.184 28.032 0 -30.5 -30.6315 16 8133.88 249.798 488 0.000219715
7900 0.0968792 0.0928768 0.0040024 0 0.958687 555.977 527.471 28.5055 0 -30.514 -31.2992 16 8229.88 251.268 494 0.00018801
8000 0.0840414 0.0811388 0.00290257 0 0.965463 564.466 535.585 28.8805 0 -30.5325 -31.7426 16 8341.88 252.972 501 0.000161954
8100 0.0933766 0.0895888 0.00378777 0 0.959436 573.802 544.544 29.2577 0 -30.5319 -30.4987 16 8437.88 254.423 507 0.000176704
8200 0.097866 0.0926854 0.00518061 0 0.947064 583.486 553.813 29.6739 0 -30.5144 -29.4778 16 8533.88 255.866 513 0.000180673
8300 0.0898035 0.0863664 0.00343709 0 0.961727 592.541 562.449 30.0921 0 -30.5149 -30.5429 16 8629.88 257.302 519 0.000166409
8400 0.0750923 0.0729604 0.00213188 0 0.97161 600.105 569.745 30.3594 0 -30.5269 -31.4666 16 8741.88 258.966 526 0.000138708
8500 0.094609 0.0898547 0.00475423 0 0.949749 609.438 578.731 30.7074 0 -30.5349 -31.0479 16 8837.88 260.384 532 0.0001689
8600 0.104287 0.0990608 0.00522654 0 0.949883 619.866 588.637 31.2296 0 -30.5576 -31.8853 16 8933.88 261.794 538 0.000184128
8700 0.0980718 0.0951564 0.00291542 0 0.970273 629.864 598.152 31.712 0 -30.574 -31.5946 16 9029.88 263.197 544 0.00017492
8800 0.0788042 0.0756152 0.00318904 0 0.959532 637.7 605.714 31.9856 0 -30.5871 -31.6385 16 9141.88 264.824 551 0.000137233
8900 0.0709554 0.068626 0.00232938 0 0.967171 644.791 612.577 32.214 0 -30.6009 -31.8386 16 9237.88 266.211 557 0.000123207
9000 0.0833304 0.077093 0.00623738 0 0.925149 652.786 620.286 32.4998 0 -30.5932 -29.9702 16 9333.88 267.591 563 0.000136933
9100 0.0776929 0.0745525 0.00314042 0 0.959579 660.658 627.741 32.9172 0 -30.5974 -30.9503 16 9429.88 268.963 569 0.000131024
9200 0.073689 0.0706834 0.00300558 0 0.959213 668.043 634.809 33.2337 0 -30.604 -31.197 16 9541.88 270.556 576 0.000122714
9300 0.0904782 0.0841717 0.00630654 0 0.930298 676.836 643.227 33.6094 0 -30.5942 -29.849 16 9637.88 271.914 582 0.000144625
9400 0.108791 0.102918 0.00587377 0 0.946009 687.667 653.518 34.1482 0 -30.5851 -30.0172 16 9733.88 273.264 588 0.00017503
9500 0.111087 0.105233 0.00585363 0 0.947306 698.727 664.042 34.6856 0 -30.5778 -30.121 16 9829.88 274.609 594 0.00017716
9600 0.110185 0.106185 0.00399926 0 0.963704 709.824 674.66 35.1635 0 -30.5778 -30.5805 16 9941.88 276.169 601 0.000176681
9700 0.117063 0.112362 0.004701 0 0.959842 721.594 685.896 35.6977 0 -30.5802 -30.7257 16 10037.9 277.499 607 0.00018511
9800 0.0873468 0.0838138 0.00353299 0 0.959552 730.388 694.278 36.1106 0 -30.588 -31.2269 16 10133.9 278.823 613 0.000136727
9900 0.0903246 0.0867413 0.0035833 0 0.960329 739.449 702.952 36.4972 0 -30.6029 -31.8042 16 10229.9 280.14 619 0.000140131
10000 0.0777363 0.0748487 0.00288756 0 0.962854 747.265 710.437 36.8285 0 -30.6178 -32.0267 16 10341.9 281.67 626 0.000119567
10100 0.0712766 0.0682627 0.0030139 0 0.957715 754.35 717.263 37.0872 0 -30.633 -32.2361 16 10437.9 282.974 632 0.000108011
10200 0.0691142 0.0669998 0.00211435 0 0.969408 761.311 723.963 37.3484 0 -30.6507 -32.5669 16 10533.9 284.272 638 0.000105015
10300 0.0806582 0.0777135 0.00294474 0 0.963491 769.359 731.734 37.625 0 -30.6657 -32.0791 16 10629.9 285.565 644 0.000120673
10400 0.080485 0.0780532 0.0024318 0 0.969786 777.487 739.54 37.9475 0 -30.682 -32.2272 16 10741.9 287.065 651 0.000119897
10500 0.0759315 0.0722086 0.00372289 0 0.95097 784.999 746.761 38.2381 0 -30.6971 -32.2593 16 10837.9 288.345 657 0.000109907
10600 0.0841474 0.080918 0.00322936 0 0.961623 793.439 754.852 38.5869 0 -30.7093 -31.8451 16 10933.9 289.619 663 0.000122048
10700 0.0729204 0.0704442 0.00247623 0 0.966042 800.77 761.897 38.8734 0 -30.7216 -32.0596 16 11029.9 290.888 669 0.000105298
10800 0.0737325 0.0713411 0.00239138 0 0.967567 808.14 769.031 39.1089 0 -30.7387 -32.593 16 11141.9 292.361 676 0.000105534
10900 0.0844915 0.0809984 0.0034931 0 0.958657 816.562 777.131 39.4309 0 -30.7452 -31.3688 16 11237.9 293.618 682 0.000118766
11000 0.0777047 0.074795 0.00290967 0 0.962555 824.372 784.61 39.7621 0 -30.7565 -31.9397 16 11333.9 294.869 688 0.000108714
11100 0.0738577 0.0714355 0.00242227 0 0.967204 831.807 791.754 40.053 0 -30.7728 -32.5754 16 11429.9 296.115 694 0.000102933
11200 0.0835709 0.080805 0.00276595 0 0.966903 840.244 799.834 40.41 0 -30.7974 -33.2293 16 11541.9 297.563 701 0.000115271
11300 0.0765557 0.0734552 0.00310047 0 0.9595 847.914 807.18 40.7342 0 -30.8153 -32.7724 16 11637.9 298.798 707 0.000103897
11400 0.0750841 0.0719793 0.00310476 0 0.95865 855.384 814.378 41.0062 0 -30.833 -32.8422 16 11733.9 300.027 713 0.000100953
11500 0.0725628 0.0698165 0.00274625 0 0.962153 862.654 821.359 41.2944 0 -30.851 -32.9716 16 11829.9 301.252 719 9.71023e-05
11600 0.090204 0.0861989 0.00400514 0 0.955599 871.565 829.979 41.5856 0 -30.8486 -30.6125 16 11941.9 302.675 726 0.000118731
11700 0.094323 0.0905293 0.00379368 0 0.95978 881.026 839.032 41.9941 0 -30.8413 -30.1732 16 12037.9 303.889 732 0.000123674
11800 0.0876002 0.0832494 0.00435082 0 0.950333 889.74 847.357 42.3825 0 -30.8351 -30.1986 16 12133.9 305.098 738 0.000112804
11900 0.0877307 0.0833176 0.00441307 0 0.949698 898.521 855.689 42.8318 0 -30.8281 -30.1213 16 12229.9 306.303 744 0.000111986
12000 0.0928241 0.0887137 0.00411041 0 0.955718 907.813 864.56 43.2523 0 -30.819 -29.9416 16 12341.9 307.702 751 0.000118127
12100 0.103062 0.096519 0.00654256 0 0.936518 917.944 874.212 43.7319 0 -30.7984 -28.9568 16 12437.9 308.897 757 0.000127502
12200 0.122865 0.115837 0.007028 0 0.942799 930.131 885.796 44.3353 0 -30.7899 -30.1497 16 12533.9 310.087 763 0.000151818
12300 0.143434 0.135989 0.0074446 0 0.948097 944.504 899.395 45.1093 0 -30.7697 -29.4617 16 12629.9 311.272 769 0.000176839
12400 0.119847 0.114301 0.00554629 0 0.953722 956.661 910.825 45.8366 0 -30.7581 -29.8553 16 12741.9 312.649 776 0.000147295
12500 0.106403 0.101712 0.00469131 0 0.95591 967.375 920.996 46.3786 0 -30.7628 -31.1829 16 12837.9 313.824 782 0.000130066
12600 0.0922346 0.0883062 0.00392846 0 0.957408 976.604 929.827 46.777 0 -30.7727 -31.8048 16 12933.9 314.996 788 0.000112064
12700 0.0897837 0.0863896 0.00339415 0 0.962196 985.611 938.466 47.145 0 -30.7767 -31.2191 16 13029.9 316.162 794 0.000108803
12800 0.0844799 0.0816283 0.00285162 0 0.966245 994.09 946.628 47.4614 0 -30.7857 -31.8245 16 13141.9 317.518 801 0.000101908
12900 0.103866 0.099447 0.00441879 0 0.957457 1004.54 956.573 47.9673 0 -30.7873 -30.9364 16 13237.9 318.676 807 0.000123231
13000 0.0895129 0.0857133 0.00379959 0 0.957553 1013.5 965.144 48.3535 0 -30.7941 -31.5588 16 13333.9 319.829 813 0.000105428
13100 0.0810028 0.0783549 0.00264792 0 0.967311 1021.67 972.98 48.6866 0 -30.8037 -31.9961 16 13429.9 320.979 819 9.56714e-05
13200 0.0862339 0.0831445 0.00308934 0 0.964175 1030.32 981.294 49.0275 0 -30.8088 -31.4086 16 13541.9 322.314 826 0.000100659
13300 0.089949 0.0859545 0.0039945 0 0.955591 1039.25 989.89 49.3603 0 -30.8041 -30.262 16 13637.9 323.455 832 0.000103311
13400 0.0905951 0.0875594 0.00303571 0 0.966491 1048.35 998.646 49.703 0 -30.8025 -30.6249 16 13733.9 324.591 838 0.000104486
13500 0.0850637 0.0824286 0.00263506 0 0.969023 1056.91 1006.89 50.0179 0 -30.8025 -30.8036 16 13829.9 325.724 844 9.76642e-05
13600 0.10807 0.102641 0.00542942 0 0.94976 1067.6 1017.15 50.448 0 -30.7981 -30.3624 16 13941.9 327.04 851 0.000120612
13700 0.107909 0.1016 0.00630813 0 0.941542 1078.29 1027.31 50.9764 0 -30.7915 -30.1282 16 14037.9 328.164 857 0.000118554
13800 0.109607 0.104321 0.00528574 0 0.951775 1089.27 1037.74 51.5258 0 -30.7882 -30.4714 16 14133.9 329.284 863 0.000120882
13900 0.114734 0.107699 0.00703498 0 0.938684 1100.56 1048.51 52.0497 0 -30.7801 -29.9924 16 14229.9 330.401 869 0.000123935
14000 0.107525 0.102469 0.0050557 0 0.952981 1111.4 1058.76 52.6365 0 -30.783 -31.0755 16 14341.9 331.698 876 0.000116974
14100 0.107324 0.103101 0.00422299 0 0.960652 1122.21 1069.07 53.1383 0 -30.7771 -30.1792 16 14437.9 332.807 882 0.000116895
14200 0.108516 0.10274 0.00577521 0 0.94678 1132.91 1079.35 53.5689 0 -30.7653 -29.5197 16 14533.9 333.911 888 0.000115699
14300 0.133198 0.127539 0.0056584 0 0.957519 1146.23 1092.1 54.1293 0 -30.755 -29.8828 16 14629.9 335.012 894 0.000142661
14400 0.115138 0.110643 0.0044947 0 0.960962 1157.82 1103.16 54.6598 0 -30.7543 -30.6864 16 14741.9 336.292 901 0.0001228
14500 0.189205 0.181676 0.00752922 0 0.960206 1176.75 1121.33 55.4214 0 -30.7624 -31.2571 16 14837.9 337.385 907 0.000200304
14600 0.135045 0.129417 0.00562835 0 0.958322 1190.34 1134.27 56.0661 0 -30.7724 -31.6413 16 14933.9 338.475 913 0.000141749
14700 0.151208 0.145692 0.00551596 0 0.963521 1205.58 1148.84 56.7354 0 -30.7754 -31.0043 16 15029.9 339.561 919 0.000158534
14800 0.136678 0.132121 0.0045573 0 0.966657 1219.36 1162.05 57.3079 0 -30.7819 -31.3547 16 15141.9 340.824 926 0.000142679
14900 0.144467 0.137233 0.00723341 0 0.94993 1233.74 1175.78 57.9652 0 -30.7822 -30.8044 16 15237.9 341.903 932 0.000147246
15000 0.123745 0.119215 0.00453017 0 0.963391 1246.24 1187.7 58.5369 0 -30.7884 -31.4039 16 15333.9 342.978 938 0.000127094
15100 0.127124 0.122083 0.00504101 0 0.960346 1258.99 1199.91 59.079 0 -30.7986 -31.7897 16 15429.9 344.05 944 0.000129326
15200 0.111043 0.107239 0.00380326 0 0.965749 1270.15 1210.63 59.5191 0 -30.812 -32.3261 16 15541.9 345.296 951 0.000112765
15300 0.137496 0.12957 0.00792523 0 0.94236 1283.64 1223.59 60.0504 0 -30.8221 -31.7721 16 15637.9 346.361 957 0.000135392
15400 0.131315 0.126207 0.00510834 0 0.961099 1296.85 1236.21 60.6366 0 -30.8373 -32.3197 16 15733.9 347.423 963 0.000131056
15500 0.11524 0.111632 0.00360877 0 0.968685 1308.45 1247.37 61.0822 0 -30.8523 -32.5237 16 15829.9 348.481 969 0.000115203
15600 0.0998841 0.0972464 0.00263772 0 0.973592 1318.52 1257.1 61.4213 0 -30.8681 -32.9248 16 15941.9 349.711 976 9.96377e-05
15700 0.108708 0.104857 0.00385063 0 0.964578 1329.36 1267.58 61.7771 0 -30.8821 -32.5897 16 16037.9 350.763 982 0.000106779
15800 0.104388 0.1004 0.00398798 0 0.961797 1339.77 1277.62 62.1449 0 -30.8968 -32.7738 16 16133.9 351.811 988 0.00010162
15900 0.099221 0.0964072 0.00281381 0 0.971641 1349.73 1287.26 62.4661 0 -30.9106 -32.7641 16 16229.9 352.856 994 9.69891e-05
16000 0.113038 0.109934 0.00310386 0 0.972541 1361.06 1298.26 62.8008 0 -30.9246 -32.5872 16 16341.9 354.072 1001 0.000109824
16100 0.100127 0.0965262 0.0036009 0 0.964037 1371.03 1307.91 63.1233 0 -30.938 -32.7768 16 16437.9 355.11 1007 9.58552e-05
16200 0.107951 0.104039 0.00391218 0 0.96376 1381.83 1318.31 63.5184 0 -30.9496 -32.4193 16 16533.9 356.146 1013 0.000102703
16300 0.101147 0.0981437 0.00300277 0 0.970313 1392.02 1328.13 63.8901 0 -30.965 -33.0459 16 16629.9 357.178 1019 9.63138e-05
16400 0.120282 0.114 0.00628182 0 0.947774 1403.79 1339.53 64.2591 0 -30.9642 -30.8697 16 16741.9 358.379 1026 0.000111111
16500 0.128331 0.123218 0.00511375 0 0.960152 1416.6 1351.85 64.7532 0 -30.96 -30.5059 16 16837.9 359.405 1032 0.000119397
16600 0.110539 0.107011 0.00352752 0 0.968088 1427.74 1362.55 65.193 0 -30.9622 -31.2341 16 16933.9 360.428 1038 0.000103094
16700 0.106318 0.102904 0.00341437 0 0.967885 1438.41 1372.84 65.5667 0 -30.9649 -31.3329 16 17029.9 361.448 1044 9.85667e-05
16800 0.103673 0.100166 0.00350704 0 0.966172 1448.73 1382.86 65.8744 0 -30.9694 -31.5901 16 17141.9 362.635 1051 9.53052e-05
16900 0.105413 0.101916 0.00349649 0 0.96683 1459.24 1393.05 66.1888 0 -30.9752 -31.7734 16 17237.9 363.649 1057 9.64202e-05
17000 0.11262 0.108878 0.00374252 0 0.966769 1470.5 1403.94 66.5608 0 -30.9782 -31.3743 16 17333.9 364.66 1063 0.000102425
17100 0.095214 0.0927118 0.00250227 0 0.97372 1480.08 1413.21 66.8766 0 -30.9869 -32.3223 16 17429.9 365.668 1069 8.67276e-05
17200 0.0918462 0.0894377 0.00240845 0 0.973777 1489.29 1422.15 67.1369 0 -31.0001 -33.1239 16 17541.9 366.841 1076 8.31206e-05
17300 0.114024 0.110921 0.00310365 0 0.972781 1500.71 1433.24 67.4618 0 -31.0053 -31.6853 16 17637.9 367.844 1082 0.000102515
17400 0.133292 0.127294 0.00599883 0 0.954995 1513.87 1445.97 67.8952 0 -30.9989 -30.2687 16 17733.9 368.843 1088 0.000116998
17500 0.132744 0.12857 0.004174 0 0.968556 1527.22 1458.83 68.391 0 -30.9978 -30.8694 16 17829.9 369.84 1094 0.000117523
17600 0.120572 0.11702 0.00355206 0 0.97054 1539.42 1470.53 68.8854 0 -30.9975 -30.9589 16 17941.9 371 1101 0.000106285
17700 0.113821 0.109894 0.00392797 0 0.96549 1550.83 1481.52 69.3032 0 -31.0035 -31.8174 16 18037.9 371.991 1107 9.92715e-05
17800 0.0993893 0.0962115 0.00317778 0 0.968027 1560.8 1491.14 69.6555 0 -31.0127 -32.4456 16 18133.9 372.98 1113 8.64434e-05
17900 0.103423 0.0992042 0.00421898 0 0.959207 1571.04 1501.06 69.9722 0 -31.0208 -32.257 16 18229.9 373.966 1119 8.86544e-05
18000 0.107313 0.104468 0.00284472 0 0.973491 1581.84 1511.51 70.3301 0 -31.0329 -32.7916 16 18341.9 375.113 1126 9.27782e-05
18100 0.0961418 0.0934031 0.0027387 0 0.971514 1591.46 1520.85 70.6142 0 -31.0445 -32.9454 16 18437.9 376.093 1132 8.25116e-05
18200 0.0978565 0.095029 0.00282753 0 0.971105 1601.26 1530.35 70.9064 0 -31.0563 -32.9811 16 18533.9 377.071 1138 8.35053e-05
18300 0.102566 0.0989872 0.00357898 0 0.965106 1611.52 1540.25 71.2659 0 -31.0634 -32.1693 16 18629.9 378.046 1144 8.65273e-05
18400 0.0969585 0.0947455 0.00221296 0 0.977176 1621.31 1549.73 71.5826 0 -31.0752 -33.0044 16 18741.9 379.181 1151 8.23158e-05
18500 0.0924269 0.0893613 0.00306565 0 0.966832 1630.5 1558.66 71.8353 0 -31.0857 -32.9496 16 18837.9 380.151 1157 7.72353e-05
18600 0.0886763 0.0869452 0.00173109 0 0.980479 1639.45 1567.36 72.0922 0 -31.1011 -33.8974 16 18933.9 381.118 1163 7.47594e-05
18700 0.082732 0.080849 0.00188297 0 0.97724 1647.72 1575.44 72.2824 0 -31.1127 -33.419 16 19029.9 382.083 1169 6.91608e-05
18800 0.115816 0.112895 0.00292108 0 0.974778 1659.38 1586.73 72.6531 0 -31.1137 -31.2486 16 19141.9 383.206 1176 9.59988e-05
18900 0.098422 0.0953814 0.00304056 0 0.969107 1669.23 1596.27 72.9578 0 -31.1215 -32.4394 16 19237.9 384.166 1182 8.06949e-05
19000 0.101925 0.0984594 0.00346613 0 0.965994 1679.38 1606.12 73.2617 0 -31.1224 -31.2805 16 19333.9 385.123 1188 8.28782e-05
19100 0.101025 0.0978832 0.00314227 0 0.968896 1689.51 1615.9 73.6037 0 -31.1248 -31.5175 16 19429.9 386.078 1194 8.19792e-05
19200 0.0929876 0.0902523 0.00273525 0 0.970585 1698.82 1624.93 73.8904 0 -31.1332 -32.6582 16 19541.9 387.189 1201 7.51476e-05
19300 0.0938423 0.0907823 0.00306008 0 0.967391 1708.15 1634.01 74.1475 0 -31.1386 -32.1201 16 19637.9 388.139 1207 7.52131e-05
19400 0.0988783 0.0963972 0.00248112 0 0.974907 1718.09 1643.65 74.4393 0 -31.1439 -32.0595 16 19733.9 389.087 1213 7.947e-05
19500 0.122477 0.119086 0.00339121 0 0.972311 1730.37 1655.56 74.818 0 -31.1555 -32.7737 16 19829.9 390.032 1219 9.76913e-05
19600 0.106069 0.101796 0.00427343 0 0.959711 1740.94 1665.74 75.2071 0 -31.1633 -32.4434 16 19941.9 391.132 1226 8.30307e-05
19700 0.0987711 0.0956176 0.00315356 0 0.968072 1750.9 1675.3 75.6034 0 -31.1732 -32.9025 16 20037.9 392.072 1232 7.76117e-05
19800 0.101323 0.095877 0.00544618 0 0.946249 1760.83 1684.88 75.9448 0 -31.18 -32.3776 16 20133.9 393.01 1238 7.74451e-05
19900 0.104889 0.100307 0.00458111 0 0.956324 1771.33 1694.92 76.4136 0 -31.1889 -32.6878 16 20229.9 393.946 1244 8.0633e-05
20000 0.0944064 0.0907141 0.0036923 0 0.960889 1780.81 1703.99 76.8244 0 -31.1974 -32.7832 16 20341.9 395.035 1251 7.25133e-05
