100 0.262447 0.235013 0.0274333 0 0.895471 24.8377 23.5013 1.3364 0 -26.5061 -26.5061 1 426.882 57.2261 101 0.00232686
200 0.530323 0.489801 0.0405222 0 0.92359 77.3767 72.4814 4.89527 0 -27.3656 -27.772 1 526.882 63.5765 201 0.00243682
300 0.619739 0.572727 0.0470122 0 0.924142 138.939 129.754 9.1849 0 -27.7501 -28.2333 1 626.882 69.3478 301 0.00190275
400 0.657062 0.607707 0.0493545 0 0.924886 204.447 190.525 13.9218 0 -27.9845 -28.4818 1 726.882 74.6744 401 0.00151548
500 0.726392 0.675338 0.0510532 0 0.929717 276.993 258.059 18.934 0 -27.9511 -27.8571 1 826.882 79.6456 501 0.00134798
600 0.805127 0.750539 0.0545885 0 0.932199 357.325 333.113 24.2121 0 -28.016 -28.2396 1 926.882 84.3242 601 0.00124882
700 0.816948 0.767209 0.0497392 0 0.939116 439.306 409.833 29.4725 0 -28.0314 -28.0987 1 1026.88 88.7565 701 0.00109445
800 0.889195 0.832927 0.0562684 0 0.93672 528.074 493.126 34.9483 0 -28.0112 -27.9113 1 1126.88 92.9778 801 0.00103986
900 0.939597 0.8789 0.0606973 0 0.935401 621.624 581.016 40.6078 0 -28.0547 -28.3002 1 1226.88 97.0156 901 0.000975471
1000 0.911042 0.852955 0.058087 0 0.936241 712.475 666.312 46.1629 0 -28.1458 -28.7687 1 1326.88 100.892 1001 0.000852103
1100 0.944453 0.888241 0.0562129 0 0.940481 806.828 755.136 51.6919 0 -28.2697 -29.2052 1 1426.88 104.625 1101 0.000806758
1200 0.996625 0.940563 0.0560619 0 0.943748 906.411 849.192 57.2188 0 -28.3719 -29.2002 1 1526.88 108.229 1201 0.00078315
1300 1.01537 0.957758 0.057612 0 0.94326 1007.88 944.968 62.9109 0 -28.4439 -29.0868 1 1626.88 111.717 1301 0.00073617
1400 1.03058 0.978468 0.0521157 0 0.949431 1111.48 1042.81 68.6613 0 -28.5213 -29.2748 1 1726.88 115.099 1401 0.000698407
1500 0.939172 0.893212 0.0459604 0 0.951063 1205.69 1132.14 73.5574 0 -28.6072 -29.621 1 1826.88 118.385 1501 0.000595078
1600 0.972673 0.925896 0.0467774 0 0.951908 1302.95 1224.73 78.2296 0 -28.6966 -29.8045 1 1926.88 121.582 1601 0.000578323
1700 1.0851 1.02544 0.0596574 0 0.945021 1410.72 1327.27 83.4488 0 -28.7419 -29.2894 1 2026.88 124.696 1701 0.000602847
1800 1.0492 0.996255 0.0529498 0 0.949533 1515.84 1426.9 88.9478 0 -28.8041 -29.6382 1 2126.88 127.736 1801 0.000553168
1900 1.10234 1.03823 0.0641117 0 0.94184 1625.7 1530.72 94.9856 0 -28.8398 -29.3325 1 2226.88 130.704 1901 0.000546149
2000 1.048 0.989247 0.0587554 0 0.943936 1730.54 1629.64 100.895 0 -28.8709 -29.3531 1 2326.88 133.606 2001 0.000494376
2100 1.12721 1.06814 0.0590673 0 0.947598 1843.57 1736.46 107.11 0 -28.9106 -29.5182 1 2426.88 136.447 2101 0.000508395
2200 1.13155 1.06535 0.0661945 0 0.941501 1956.37 1842.99 113.381 0 -28.922 -29.1083 1 2526.88 139.23 2201 0.000484031
2300 1.17491 1.11416 0.0607473 0 0.948296 2074.35 1954.41 119.943 0 -28.9575 -29.5466 1 2626.88 141.958 2301 0.000484208
2400 1.07373 1.01812 0.0556155 0 0.948204 2181.88 2056.22 125.659 0 -29.0076 -29.9747 1 2726.88 144.635 2401 0.000424038
2500 1.12428 1.06987 0.0544132 0 0.951602 2294.54 2163.21 131.334 0 -29.0645 -30.1656 1 2826.88 147.263 2501 0.000427775
2600 1.05162 1.00249 0.0491298 0 0.953282 2400.05 2263.45 136.592 0 -29.1326 -30.6153 1 2926.88 149.845 2601 0.000385424
2700 1.13339 1.08393 0.0494585 0 0.956362 2513.74 2371.85 141.891 0 -29.1865 -30.3235 1 3026.88 152.383 2701 0.000401308
2800 1.12787 1.07798 0.049891 0 0.955765 2626.74 2479.65 147.097 0 -29.23 -30.1975 1 3126.88 154.88 2801 0.000384857
2900 1.19958 1.14489 0.0546934 0 0.954406 2746.65 2594.14 152.511 0 -29.2595 -29.9068 1 3226.88 157.337 2901 0.000394652
3000 1.20739 1.15061 0.056774 0 0.952978 2867.14 2709.2 157.947 0 -29.2957 -30.1188 1 3326.88 159.757 3001 0.00038341
3100 1.2664 1.21031 0.05609 0 0.955709 2993.98 2830.23 163.754 0 -29.3145 -29.7403 1 3426.88 162.14 3101 0.000390298
3200 1.21796 1.16357 0.054388 0 0.955345 3115.88 2946.58 169.292 0 -29.3432 -30.0472 1 3526.88 164.488 3201 0.000363503
3300 1.25029 1.19428 0.0560036 0 0.955207 3240.94 3066.01 174.929 0 -29.3664 -29.9452 1 3626.88 166.804 3301 0.000361794
3400 1.26989 1.20804 0.061843 0 0.9513 3367.41 3186.82 180.592 0 -29.3881 -29.9435 1 3726.88 169.088 3401 0.000355203
3500 1.35852 1.29156 0.0669608 0 0.95071 3502.88 3315.97 186.904 0 -29.4107 -29.9728 1 3826.88 171.342 3501 0.000368912
3600 1.33513 1.2724 0.0627247 0 0.95302 3636.72 3443.21 193.509 0 -29.4409 -30.2318 1 3926.88 173.566 3601 0.000353348
3700 1.28787 1.23011 0.0577546 0 0.955155 3765.96 3566.23 199.734 0 -29.4676 -30.2181 1 4026.88 175.762 3701 0.000332373
3800 1.33982 1.27853 0.0612805 0 0.954262 3900.09 3694.08 206.016 0 -29.4867 -30.0251 1 4126.88 177.931 3801 0.000336368
3900 1.32323 1.26301 0.0602194 0 0.954491 4032.82 3820.38 212.44 0 -29.5031 -29.9823 1 4226.88 180.074 3901 0.000323765
4000 1.34737 1.28787 0.0594952 0 0.955843 4167.74 3949.17 218.577 0 -29.5141 -29.8449 1 4326.88 182.191 4001 0.000321887
4100 1.35822 1.29793 0.0602937 0 0.955608 4303.94 4078.96 224.978 0 -29.5336 -30.1297 1 4426.88 184.285 4101 0.000316491
4200 1.34619 1.28352 0.062664 0 0.953451 4438.45 4207.31 231.142 0 -29.5447 -29.9003 1 4526.88 186.354 4201 0.000305528
4300 1.38071 1.31932 0.0613931 0 0.955535 4576.62 4339.24 237.374 0 -29.5543 -29.8624 1 4626.88 188.401 4301 0.000306746
4400 1.39751 1.33659 0.0609167 0 0.95641 4716.4 4472.9 243.502 0 -29.5681 -30.0189 1 4726.88 190.427 4401 0.000303701
4500 1.32337 1.2681 0.055271 0 0.958235 4848.97 4599.71 249.263 0 -29.5878 -30.2913 1 4826.88 192.43 4501 0.000281737
4600 1.31112 1.25897 0.0521455 0 0.960228 4980.21 4725.61 254.598 0 -29.6077 -30.3405 1 4926.88 194.413 4601 0.00027363
4700 1.36317 1.30776 0.0554093 0 0.959353 5116.7 4856.39 260.316 0 -29.625 -30.2585 1 5026.88 196.376 4701 0.000278188
4800 1.31404 1.26167 0.0523719 0 0.960144 5248.33 4982.55 265.777 0 -29.6455 -30.4405 1 5126.88 198.32 4801 0.000262793
4900 1.32834 1.27019 0.0581501 0 0.956223 5380.92 5109.57 271.348 0 -29.6702 -30.6495 1 5226.88 200.245 4901 0.00025917
5000 1.43709 1.36812 0.0689702 0 0.952007 5523.98 5246.38 277.6 0 -29.6827 -30.1519 1 5326.88 202.151 5001 0.00027357
5100 1.43521 1.36606 0.0691571 0 0.951814 5667.21 5382.99 284.221 0 -29.7015 -30.4268 1 5426.88 204.04 5101 0.000267802
5200 1.42314 1.36241 0.0607273 0 0.957329 5809.86 5519.23 290.626 0 -29.7136 -30.1921 1 5526.88 205.911 5201 0.000261951
5300 1.47384 1.40681 0.0670294 0 0.95452 5956.91 5659.91 297.002 0 -29.726 -30.2157 1 5626.88 207.766 5301 0.000265385
5400 1.4813 1.41911 0.0621825 0 0.958022 6105.66 5801.82 303.833 0 -29.7409 -30.3407 1 5726.88 209.604 5401 0.00026275
5500 1.37732 1.31728 0.0600414 0 0.956407 6243.43 5933.55 309.884 0 -29.7565 -30.4465 1 5826.88 211.426 5501 0.000239461
5600 1.44139 1.37957 0.0618197 0 0.957111 6387.63 6071.51 316.122 0 -29.7764 -30.6383 1 5926.88 213.232 5601 0.000246308
5700 1.38597 1.33044 0.0555326 0 0.959932 6526.65 6204.55 322.101 0 -29.7905 -30.44 1 6026.88 215.024 5701 0.00023337
5800 1.42012 1.36668 0.0534395 0 0.96237 6669.1 6341.22 327.885 0 -29.8087 -30.6411 1 6126.88 216.8 5801 0.000235594
5900 1.42393 1.37187 0.0520575 0 0.963441 6811.83 6478.41 333.426 0 -29.8288 -30.7684 1 6226.88 218.562 5901 0.000232481
6000 1.39254 1.33877 0.0537711 0 0.961386 6951.02 6612.28 338.733 0 -29.8479 -30.7829 1 6326.88 220.31 6001 0.000223091
6100 1.38411 1.33229 0.0518201 0 0.962561 7089.44 6745.51 343.924 0 -29.8679 -30.8704 1 6426.88 222.045 6101 0.000218373
6200 1.36803 1.31572 0.0523184 0 0.961757 7226.24 6877.08 349.158 0 -29.8886 -30.9641 1 6526.88 223.765 6201 0.000212178
6300 1.41398 1.35665 0.0573232 0 0.95946 7367.62 7012.75 354.87 0 -29.9123 -31.1227 1 6626.88 225.473 6301 0.000215308
6400 1.47167 1.41282 0.0588505 0 0.960011 7514.86 7154.03 360.83 0 -29.9316 -30.8953 1 6726.88 227.168 6401 0.000220719
6500 1.46202 1.40059 0.061429 0 0.957984 7660.97 7294.09 366.884 0 -29.9505 -30.9248 1 6826.88 228.85 6501 0.000215442
6600 1.46441 1.39572 0.0686904 0 0.953094 7806.68 7433.66 373.017 0 -29.969 -30.9396 1 6926.88 230.52 6601 0.000211441
6700 1.49167 1.4309 0.0607711 0 0.95926 7956.05 7576.75 379.302 0 -29.9846 -30.8006 1 7026.88 232.178 6701 0.000213535
6800 1.44527 1.3855 0.0597675 0 0.958646 8100.37 7715.3 385.068 0 -29.9988 -30.7843 1 7126.88 233.824 6801 0.000203721
6900 1.56144 1.50221 0.0592326 0 0.962065 8256.92 7865.52 391.399 0 -30.0118 -30.6821 1 7226.88 235.459 6901 0.000217679
7000 1.56252 1.49978 0.0627357 0 0.95985 8413.29 8015.5 397.786 0 -30.0224 -30.5837 1 7326.88 237.083 7001 0.000214224
7100 1.5164 1.45805 0.0583551 0 0.961517 8565.18 8161.31 403.869 0 -30.033 -30.6192 1 7426.88 238.695 7101 0.00020533
7200 1.54223 1.4821 0.06013 0 0.961011 8719.53 8309.52 410.016 0 -30.0473 -30.8394 1 7526.88 240.297 7201 0.000205818
7300 1.50734 1.45264 0.0546959 0 0.963714 8870.82 8454.78 416.035 0 -30.0634 -30.9912 1 7626.88 241.888 7301 0.000198965
7400 1.44134 1.38357 0.0577699 0 0.959919 9014.66 8593.14 421.522 0 -30.0797 -31.086 1 7726.88 243.468 7401 0.000186944
7500 1.47215 1.41603 0.0561267 0 0.961874 9162 8734.74 427.263 0 -30.095 -31.0331 1 7826.88 245.039 7501 0.000188778
7600 1.5063 1.4488 0.0574962 0 0.961829 9312.65 8879.62 433.028 0 -30.1088 -30.9461 1 7926.88 246.599 7601 0.000190607
7700 1.49542 1.4421 0.0533207 0 0.964344 9462.63 9023.83 438.802 0 -30.1251 -31.1364 1 8026.88 248.15 7701 0.000187261
7800 1.52431 1.46181 0.0624968 0 0.959 9614.36 9170.01 444.344 0 -30.1391 -31.0143 1 8126.88 249.691 7801 0.000187388
7900 1.54287 1.48273 0.0601445 0 0.961018 9768.47 9318.28 450.186 0 -30.1521 -30.9622 1 8226.88 251.222 7901 0.000187663
8000 1.50022 1.44256 0.0576553 0 0.961569 9918.49 9462.54 455.951 0 -30.1686 -31.2402 1 8326.88 252.744 8001 0.000180298
8100 1.45187 1.39752 0.05435 0 0.962566 10063.9 9602.29 461.632 0 -30.1883 -31.5345 1 8426.88 254.257 8101 0.000172512
8200 1.54935 1.49132 0.0580282 0 0.962547 10219.2 9751.42 467.768 0 -30.2089 -31.5415 1 8526.88 255.762 8201 0.000181846
8300 1.51751 1.46089 0.056621 0 0.962688 10371.2 9897.51 473.671 0 -30.2271 -31.4515 1 8626.88 257.257 8301 0.00017599
8400 1.591 1.52585 0.0651472 0 0.959053 10530 10050.1 479.879 0 -30.2383 -30.9743 1 8726.88 258.744 8401 0.000181628
8500 1.53027 1.46296 0.0673138 0 0.956012 10682.6 10196.4 486.212 0 -30.2502 -31.07 1 8826.88 260.222 8501 0.000172093
8600 1.59372 1.53079 0.062933 0 0.960512 10842.2 10349.5 492.705 0 -30.2613 -31.0054 1 8926.88 261.692 8601 0.000177978
8700 1.57334 1.51623 0.0571024 0 0.963706 11000.1 10501.1 499.042 0 -30.272 -31.0031 1 9026.88 263.153 8701 0.00017426
8800 1.55786 1.49875 0.0591074 0 0.962059 11155.8 10651 504.859 0 -30.2841 -31.1425 1 9126.88 264.607 8801 0.000170293
8900 1.59354 1.53048 0.063062 0 0.960427 11314.8 10804 510.812 0 -30.2936 -30.958 1 9226.88 266.053 8901 0.000171945
9000 1.5872 1.53055 0.056653 0 0.964306 11473.8 10957.1 516.737 0 -30.308 -31.3348 1 9326.88 267.49 9001 0.000170042
9100 1.5364 1.47852 0.0578786 0 0.962328 11627.2 11104.9 522.247 0 -30.3222 -31.3844 1 9426.88 268.921 9101 0.000162457
9200 1.64323 1.58005 0.0631862 0 0.961548 11791.3 11262.9 528.339 0 -30.332 -31.0247 1 9526.88 270.343 9201 0.000171726
9300 1.654 1.59256 0.0614357 0 0.962856 11956.7 11422.2 534.464 0 -30.3437 -31.1803 1 9626.88 271.758 9301 0.000171225
9400 1.71896 1.65948 0.0594817 0 0.965397 12129 11588.1 540.875 0 -30.3584 -31.3755 1 9726.88 273.166 9401 0.000176521
9500 1.62073 1.55138 0.0693546 0 0.957208 12290.5 11743.3 547.242 0 -30.3696 -31.2092 1 9826.88 274.567 9501 0.000163286
9600 1.67496 1.61279 0.0621679 0 0.962884 12458.5 11904.6 553.931 0 -30.3803 -31.1619 1 9926.88 275.96 9601 0.000167981
9700 1.64032 1.576 0.0643204 0 0.960788 12622.6 12062.2 560.416 0 -30.3878 -30.9597 1 10026.9 277.347 9701 0.000162457
9800 1.75342 1.68018 0.0732384 0 0.958231 12797.6 12230.2 567.392 0 -30.3945 -30.8809 1 10126.9 278.726 9801 0.00017143
9900 1.77017 1.70407 0.066102 0 0.962658 12975.1 12400.6 574.56 0 -30.4007 -30.8448 1 10226.9 280.099 9901 0.000172111
10000 1.65502 1.59379 0.0612335 0 0.963001 13141 12560 580.996 0 -30.4118 -31.2776 1 10326.9 281.465 10001 0.000159363
10100 1.68053 1.61626 0.0642722 0 0.961755 13309.1 12721.6 587.502 0 -30.4202 -31.0761 1 10426.9 282.825 10101 0.00016001
10200 1.66504 1.6006 0.06444 0 0.961298 13475.9 12881.6 594.278 0 -30.4303 -31.2371 1 10526.9 284.178 10201 0.000156906
10300 1.55668 1.49679 0.0598865 0 0.961529 13631.5 13031.3 600.222 0 -30.4441 -31.643 1 10626.9 285.524 10301 0.000145306
10400 1.63031 1.57169 0.0586232 0 0.964042 13794.7 13188.5 606.234 0 -30.4546 -31.3288 1 10726.9 286.865 10401 0.000151109
10500 1.7039 1.64126 0.0626452 0 0.963234 13965.2 13352.6 612.607 0 -30.4649 -31.2954 1 10826.9 288.199 10501 0.000156295
10600 1.60797 1.53952 0.0684433 0 0.957435 14125.2 13506.6 618.665 0 -30.4754 -31.3946 1 10926.9 289.526 10601 0.000145224
10700 1.75807 1.69357 0.0644995 0 0.963312 14301.2 13675.9 625.303 0 -30.4857 -31.3144 1 11026.9 290.848 10701 0.000158263
10800 1.67388 1.6116 0.0622848 0 0.96279 14468.9 13837.1 631.777 0 -30.4971 -31.4668 1 11126.9 292.164 10801 0.000149208
10900 1.57679 1.52097 0.0558143 0 0.964603 14626.9 13989.2 637.696 0 -30.5102 -31.7086 1 11226.9 293.474 10901 0.000139526
11000 1.64879 1.58705 0.0617413 0 0.962554 14791.4 14147.9 643.486 0 -30.5189 -31.2971 1 11326.9 294.778 11001 0.000144264
11100 1.69367 1.62567 0.0679974 0 0.959852 14960.3 14310.5 649.867 0 -30.5257 -31.1223 1 11426.9 296.076 11101 0.000146444
11200 1.63841 1.57719 0.0612166 0 0.962637 15124.3 14468.2 656.11 0 -30.535 -31.3781 1 11526.9 297.369 11201 0.000140808
11300 1.714 1.64981 0.0641896 0 0.96255 15295.7 14633.2 662.58 0 -30.5436 -31.3018 1 11626.9 298.656 11301 0.000145988
11400 1.70444 1.64566 0.0587792 0 0.965514 15466.6 14797.7 668.857 0 -30.5537 -31.4647 1 11726.9 299.938 11401 0.000144343
11500 1.62352 1.56636 0.0571594 0 0.964793 15629.1 14954.4 674.767 0 -30.567 -31.8303 1 11826.9 301.214 11501 0.000136193
11600 1.69823 1.63388 0.0643507 0 0.962107 15798.6 15117.7 680.836 0 -30.5766 -31.4629 1 11926.9 302.485 11601 0.00014084
11700 1.73306 1.66988 0.0631724 0 0.963549 15972.2 15284.7 687.495 0 -30.583 -31.1658 1 12026.9 303.75 11701 0.000142713
11800 1.69942 1.63667 0.0627531 0 0.963074 16142.4 15448.4 694.02 0 -30.5909 -31.3252 1 12126.9 305.01 11801 0.000138689
11900 1.64671 1.58677 0.0599387 0 0.963601 16307.2 15607.1 700.102 0 -30.5996 -31.4554 1 12226.9 306.265 11901 0.000133331
12000 1.69909 1.62733 0.0717573 0 0.957767 16476.4 15769.8 706.597 0 -30.6069 -31.3119 1 12326.9 307.515 12001 0.000135599
12100 1.75722 1.6887 0.0685179 0 0.961008 16652.2 15938.7 713.566 0 -30.6126 -31.1488 1 12426.9 308.76 12101 0.000139551
12200 1.76459 1.68902 0.0755748 0 0.957172 16827.9 16107.6 720.341 0 -30.6174 -31.0706 1 12526.9 310 12201 0.000138433
12300 1.74503 1.68109 0.0639401 0 0.963359 17003 16275.7 727.316 0 -30.6245 -31.3086 1 12626.9 311.235 12301 0.000136663
12400 1.64926 1.59138 0.0578756 0 0.964908 17168.3 16434.8 733.483 0 -30.6339 -31.5995 1 12726.9 312.465 12401 0.000128327
12500 1.6197 1.56372 0.0559766 0 0.96544 17330.5 16591.2 739.296 0 -30.6435 -31.6594 1 12826.9 313.69 12501 0.000125087
12600 1.6787 1.61782 0.0608807 0 0.963733 17498.2 16753 745.194 0 -30.6496 -31.2788 1 12926.9 314.91 12601 0.000128388
12700 1.73499 1.67075 0.0642383 0 0.962975 17671.4 16920.1 751.388 0 -30.6568 -31.3817 1 13026.9 316.126 12701 0.000131545
12800 1.79245 1.73137 0.0610845 0 0.965921 17850.8 17093.2 757.578 0 -30.6645 -31.4216 1 13126.9 317.337 12801 0.000135253
12900 1.75862 1.69823 0.0603887 0 0.965661 18026.6 17263 763.611 0 -30.6731 -31.5464 1 13226.9 318.544 12901 0.000131636
13000 1.78901 1.72724 0.0617675 0 0.965474 18205.8 17435.7 770.068 0 -30.6814 -31.5177 1 13326.9 319.745 13001 0.000132854
13100 1.70285 1.64286 0.0599884 0 0.964772 18376.2 17600 776.135 0 -30.6894 -31.5417 1 13426.9 320.943 13101 0.0001254
13200 1.82785 1.76199 0.0658665 0 0.963965 18559.1 17776.2 782.858 0 -30.6953 -31.2921 1 13526.9 322.136 13201 0.000133474
13300 1.67709 1.61516 0.0619229 0 0.963077 18726.7 17937.7 788.948 0 -30.704 -31.673 1 13626.9 323.324 13301 0.000121432
13400 1.77517 1.70883 0.0663436 0 0.962627 18903.9 18108.6 795.243 0 -30.7098 -31.3142 1 13726.9 324.508 13401 0.000127515
13500 1.751 1.69011 0.0608925 0 0.965224 19079.3 18277.6 801.618 0 -30.7169 -31.482 1 13826.9 325.688 13501 0.000125184
13600 1.78352 1.72004 0.0634866 0 0.964404 19257.8 18449.6 808.123 0 -30.724 -31.4835 1 13926.9 326.864 13601 0.000126464
13700 1.76449 1.70239 0.0621 0 0.964806 19434.3 18619.9 814.437 0 -30.7286 -31.2378 1 14026.9 328.035 13701 0.000124253
13800 1.72799 1.66948 0.0585111 0 0.966139 19607.3 18786.8 820.52 0 -30.7362 -31.5898 1 14126.9 329.203 13801 0.000120968
13900 1.68735 1.6315 0.0558525 0 0.966899 19776.4 18950 826.434 0 -30.7453 -31.7959 1 14226.9 330.366 13901 0.000117366
14000 1.73327 1.6735 0.0597735 0 0.965514 19950 19117.3 832.65 0 -30.7507 -31.3695 1 14326.9 331.525 14001 0.000119527
14100 1.70214 1.64618 0.0559593 0 0.967124 20120.4 19281.9 838.478 0 -30.7581 -31.6173 1 14426.9 332.68 14101 0.000116742
14200 1.6723 1.61812 0.0541812 0 0.967601 20288 19443.8 844.211 0 -30.767 -31.8398 1 14526.9 333.831 14201 0.000113944
14300 1.67587 1.61695 0.058923 0 0.96484 20455.4 19605.5 849.911 0 -30.7757 -31.8307 1 14626.9 334.978 14301 0.000113066
14400 1.66562 1.61011 0.0555116 0 0.966672 20622.3 19766.5 855.827 0 -30.7849 -31.9134 1 14726.9 336.121 14401 0.000111806
14500 1.61273 1.55681 0.0559238 0 0.965324 20783.5 19922.1 861.391 0 -30.7945 -32.0194 1 14826.9 337.26 14501 0.000107359
14600 1.61625 1.56113 0.0551224 0 0.965895 20945.3 20078.3 867.059 0 -30.8031 -31.9111 1 14926.9 338.396 14601 0.000106919
14700 1.64456 1.58703 0.0575321 0 0.965017 21109.6 20237 872.674 0 -30.8135 -32.1412 1 15026.9 339.527 14701 0.000107954
14800 1.67438 1.61794 0.0564438 0 0.96629 21277.3 20398.8 878.509 0 -30.8233 -32.0592 1 15126.9 340.655 14801 0.000109313
14900 1.67574 1.61887 0.0568641 0 0.966066 21444.8 20560.6 884.129 0 -30.831 -31.7986 1 15226.9 341.779 14901 0.000108642
15000 1.65124 1.59739 0.0538475 0 0.96739 21610.2 20720.4 889.794 0 -30.8385 -31.8186 1 15326.9 342.9 15001 0.000106486
15100 1.71271 1.65229 0.0604259 0 0.964719 21781.2 20885.6 895.615 0 -30.8448 -31.6377 1 15426.9 344.016 15101 0.000109416
15200 1.691 1.63084 0.060165 0 0.964421 21950.3 21048.7 901.563 0 -30.8521 -31.7902 1 15526.9 345.13 15201 0.000107285
15300 1.78148 1.71346 0.0680186 0 0.961819 22128.1 21220 908.107 0 -30.8588 -31.6887 1 15626.9 346.239 15301 0.000111983
15400 1.75401 1.68629 0.06772 0 0.961391 22303.3 21388.7 914.613 0 -30.8645 -31.5796 1 15726.9 347.345 15401 0.000109493
15500 1.72527 1.6623 0.0629715 0 0.9635 22476 21554.9 921.101 0 -30.8693 -31.4998 1 15826.9 348.448 15501 0.000107238
15600 1.79022 1.72295 0.0672625 0 0.962428 22655.1 21727.2 927.897 0 -30.8721 -31.2174 1 15926.9 349.547 15601 0.000110439
15700 1.74625 1.68474 0.0615161 0 0.964772 22830.1 21895.7 934.478 0 -30.8766 -31.4652 1 16026.9 350.643 15701 0.000107301
15800 1.65313 1.59743 0.055697 0 0.966308 22995.9 22055.4 940.521 0 -30.8845 -31.9706 1 16126.9 351.735 15801 0.000101097
15900 1.68565 1.62508 0.060571 0 0.964067 23164.5 22217.9 946.596 0 -30.8903 -31.6754 1 16226.9 352.824 15901 0.0001022
16000 1.72057 1.66217 0.0584066 0 0.966054 23336.9 22384.1 952.787 0 -30.8965 -31.7304 1 16326.9 353.909 16001 0.000103879
16100 1.64238 1.58297 0.0594147 0 0.963824 23500.9 22542.4 958.47 0 -30.9035 -31.8981 1 16426.9 354.991 16101 9.83149e-05
16200 1.77902 1.71042 0.0686026 0 0.961438 23678.1 22713.5 964.619 0 -30.9083 -31.5426 1 16526.9 356.07 16201 0.000105575
16300 1.78052 1.7204 0.0601198 0 0.966235 23856.6 22885.5 971.057 0 -30.913 -31.5348 1 16626.9 357.146 16301 0.000105539
16400 1.69418 1.63456 0.059622 0 0.964808 24026.1 23049 977.137 0 -30.9198 -31.8823 1 16726.9 358.218 16401 9.96623e-05
16500 1.71795 1.65739 0.0605634 0 0.964747 24198 23214.7 983.279 0 -30.9255 -31.7175 1 16826.9 359.287 16501 0.000100442
16600 1.65283 1.59848 0.0543452 0 0.96712 24363.7 23374.6 989.101 0 -30.9321 -31.9064 1 16926.9 360.353 16601 9.62884e-05
16700 1.66793 1.61135 0.0565747 0 0.966081 24530.6 23535.7 994.905 0 -30.9405 -32.1686 1 17026.9 361.416 16701 9.64825e-05
16800 1.69872 1.63619 0.0625285 0 0.963191 24700 23699.3 1000.73 0 -30.947 -31.878 1 17126.9 362.476 16801 9.73864e-05
16900 1.73732 1.676 0.0613166 0 0.964706 24874 23866.9 1007.08 0 -30.9513 -31.5599 1 17226.9 363.533 16901 9.91659e-05
17000 1.68135 1.62424 0.0571113 0 0.966032 25042.4 24029.3 1013.11 0 -30.9559 -31.6368 1 17326.9 364.586 17001 9.55377e-05
17100 1.61953 1.56692 0.0526134 0 0.967513 25204.6 24186 1018.58 0 -30.9617 -31.8542 1 17426.9 365.637 17101 9.16272e-05
17200 1.67385 1.62202 0.0518328 0 0.969034 25372.3 24348.2 1024.08 0 -30.9668 -31.7479 1 17526.9 366.684 17201 9.4298e-05
17300 1.7798 1.71773 0.062067 0 0.965127 25549.9 24520 1029.87 0 -30.9685 -31.2041 1 17626.9 367.729 17301 9.9285e-05
17400 1.80706 1.74463 0.0624318 0 0.965451 25730.4 24694.5 1035.94 0 -30.9696 -31.1216 1 17726.9 368.771 17401 0.00010026
17500 1.76418 1.70108 0.0630978 0 0.964234 25906.9 24864.6 1042.34 0 -30.9724 -31.381 1 17826.9 369.809 17501 9.71989e-05
17600 1.75984 1.69748 0.0623542 0 0.964568 26083 25034.3 1048.65 0 -30.9764 -31.5737 1 17926.9 370.845 17601 9.64425e-05
17700 1.69947 1.63899 0.0604834 0 0.96441 26252.9 25198.2 1054.69 0 -30.982 -31.8292 1 18026.9 371.878 17701 9.2593e-05
17800 1.68939 1.63232 0.0570673 0 0.96622 26422.1 25361.5 1060.68 0 -30.9865 -31.6969 1 18126.9 372.908 17801 9.16984e-05
17900 1.73315 1.67196 0.0611882 0 0.964695 26595.1 25528.6 1066.47 0 -30.992 -31.8262 1 18226.9 373.935 17901 9.34006e-05
18000 1.72086 1.66677 0.0540925 0 0.968567 26767.7 25695.3 1072.42 0 -30.999 -32.0803 1 18326.9 374.959 18001 9.25929e-05
18100 1.66428 1.60727 0.0570078 0 0.965746 26933.8 25856.1 1077.77 0 -31.0043 -31.8523 1 18426.9 375.981 18101 8.87946e-05
18200 1.7632 1.70247 0.0607231 0 0.965561 27110.1 26026.3 1083.76 0 -31.0079 -31.5582 1 18526.9 377 18201 9.35374e-05
18300 1.72376 1.66523 0.0585317 0 0.966044 27282.4 26192.8 1089.63 0 -31.0119 -31.6467 1 18626.9 378.016 18301 9.09912e-05
18400 1.72879 1.67017 0.0586184 0 0.966093 27455.5 26359.8 1095.71 0 -31.0166 -31.7628 1 18726.9 379.029 18401 9.07653e-05
18500 1.74335 1.68491 0.0584353 0 0.966481 27630 26528.3 1101.68 0 -31.0213 -31.7605 1 18826.9 380.04 18501 9.10715e-05
18600 1.7421 1.67945 0.0626548 0 0.964035 27803.8 26696.3 1107.53 0 -31.0252 -31.6366 1 18926.9 381.048 18601 9.02879e-05
18700 1.81979 1.75396 0.0658361 0 0.963822 27985.8 26871.7 1114.14 0 -31.0272 -31.337 1 19026.9 382.053 18701 9.37894e-05
18800 1.71299 1.65253 0.0604527 0 0.964709 28157.5 27036.9 1120.6 0 -31.0316 -31.7497 1 19126.9 383.056 18801 8.7896e-05
18900 1.67052 1.60988 0.0606416 0 0.963699 28324.5 27197.9 1126.62 0 -31.0369 -31.9188 1 19226.9 384.056 18901 8.51745e-05
19000 1.77632 1.71429 0.0620311 0 0.965079 28502.2 27369.3 1132.88 0 -31.0408 -31.6646 1 19326.9 385.053 19001 9.02208e-05
19100 1.7122 1.6555 0.0566931 0 0.966889 28673.7 27534.9 1138.81 0 -31.0471 -32.1003 1 19426.9 386.048 19101 8.6671e-05
19200 1.66364 1.60914 0.0544993 0 0.967241 28840.3 27695.8 1144.51 0 -31.0537 -32.1823 1 19526.9 387.041 19201 8.38048e-05
19300 1.66639 1.60857 0.0578131 0 0.965306 29006.7 27856.7 1150.03 0 -31.0602 -32.1974 1 19626.9 388.03 19301 8.33414e-05
19400 1.72912 1.67099 0.0581266 0 0.966384 29179.9 28023.8 1156.14 0 -31.0667 -32.1454 1 19726.9 389.018 19401 8.61292e-05
19500 1.70558 1.65066 0.0549211 0 0.967799 29350.8 28188.8 1161.97 0 -31.0726 -32.0793 1 19826.9 390.002 19501 8.46448e-05
19600 1.65145 1.59762 0.0538237 0 0.967408 29516.1 28348.6 1167.5 0 -31.0787 -32.1772 1 19926.9 390.985 19601 8.15072e-05
19700 1.73667 1.67128 0.0653961 0 0.962344 29689.2 28515.7 1173.48 0 -31.0839 -31.964 1 20026.9 391.964 19701 8.4832e-05
19800 1.84993 1.77346 0.0764647 0 0.958666 29873.5 28693.1 1180.45 0 -31.0876 -31.6779 1 20126.9 392.942 19801 8.95644e-05
19900 1.75727 1.68992 0.0673468 0 0.961675 30049.5 28862.1 1187.4 0 -31.0924 -31.918 1 20226.9 393.917 19901 8.49164e-05
20000 1.75482 1.69162 0.0631935 0 0.963989 30225.4 29031.2 1194.16 0 -31.0969 -31.8614 1 20325.9 394.88 20000 8.45812e-05
