100 0.0302034 0.0285556 0.00164776 0 0.945445 3.00329 2.85556 0.147726 0 -30.9478 -30.9478 32 453.882 59.0081 4 0.00713891
200 0.0204616 0.0187662 0.00169542 0 0.917142 5.04118 4.73218 0.309004 0 -30.1715 -29.0273 32 549.882 64.9493 7 0.00268088
300 0.0240978 0.0227244 0.0013734 0 0.943007 7.48297 7.00462 0.47835 0 -29.6034 -28.4307 32 645.882 70.3909 10 0.00227244
400 0.0318338 0.029865 0.00196883 0 0.938153 10.6738 9.99112 0.682659 0 -29.3167 -28.6441 32 741.882 75.441 13 0.00229731
500 0.0314223 0.0292403 0.00218203 0 0.930558 13.8041 12.9151 0.888978 0 -29.1196 -28.4478 32 837.882 80.1736 16 0.00182752
600 0.0261676 0.0244235 0.00174409 0 0.933349 16.4278 15.3575 1.07029 0 -29.0909 -28.9397 32 933.882 84.642 19 0.00128545
700 0.0240241 0.0227459 0.00127822 0 0.946794 18.8506 17.6321 1.21849 0 -29.2146 -30.053 32 1029.88 88.8861 22 0.0010339
800 0.0224201 0.0215242 0.000895904 0 0.96004 21.1269 19.7845 1.34243 0 -29.3809 -30.7581 32 1157.88 94.248 26 0.000827856
900 0.0308627 0.0294659 0.00139679 0 0.954742 24.2305 22.7311 1.49938 0 -29.3565 -29.1908 32 1253.88 98.0773 29 0.00101607
1000 0.0449213 0.0429123 0.00200894 0 0.955279 28.7244 27.0223 1.70204 0 -28.8056 -25.835 32 1349.88 101.763 32 0.00134101
1100 0.0569775 0.0545612 0.00241626 0 0.957593 34.4716 32.4785 1.99312 0 -28.8 -28.7719 32 1445.88 105.319 35 0.00155889
1200 0.0606069 0.0570721 0.00353483 0 0.941676 40.4783 38.1857 2.29266 0 -28.6076 -27.5038 32 1541.88 108.759 38 0.0015019
1300 0.0819618 0.0780508 0.00391095 0 0.952283 48.6807 45.9907 2.68993 0 -28.6148 -28.6503 32 1637.88 112.094 41 0.00190368
1400 0.0674051 0.0637368 0.00366838 0 0.945577 55.439 52.3644 3.07455 0 -28.7129 -29.4196 32 1733.88 115.332 44 0.00144856
1500 0.0562736 0.0531935 0.00308012 0 0.945265 61.0967 57.6838 3.41292 0 -28.8059 -29.7166 32 1829.88 118.482 47 0.00113178
1600 0.0519474 0.0490437 0.00290373 0 0.944102 66.2747 62.5881 3.68656 0 -28.9166 -30.2239 32 1957.88 122.556 51 0.000961641
1700 0.0541736 0.0510356 0.00313799 0 0.942075 71.6648 67.6917 3.97309 0 -28.988 -29.8659 32 2053.88 125.524 54 0.000945104
1800 0.0508834 0.0487661 0.00211726 0 0.95839 76.8004 72.5683 4.23212 0 -29.0548 -29.9869 32 2149.88 128.424 57 0.000855546
1900 0.0525162 0.0503011 0.00221514 0 0.95782 82.032 77.5984 4.43358 0 -29.1085 -29.8962 32 2245.88 131.26 60 0.000838351
2000 0.0497112 0.0479681 0.0017431 0 0.964936 87.0468 82.3952 4.65155 0 -29.177 -30.2973 32 2341.88 134.036 63 0.000761398
2100 0.0545391 0.0516583 0.00288089 0 0.947178 92.4302 87.5611 4.86911 0 -29.1307 -28.3817 32 2437.88 136.756 66 0.000782701
2200 0.046534 0.044652 0.00188202 0 0.959556 97.1248 92.0263 5.09858 0 -29.1243 -28.999 32 2533.88 139.423 69 0.00064713
2300 0.037771 0.0367587 0.00101229 0 0.973199 100.948 95.7021 5.24636 0 -29.1707 -30.3496 32 2629.88 142.039 72 0.000510538
2400 0.0366793 0.0353868 0.00129255 0 0.964761 104.618 99.2408 5.37762 0 -29.2123 -30.3555 32 2757.88 145.455 76 0.000465615
2500 0.0460526 0.0431647 0.0028879 0 0.937291 109.118 103.557 5.56035 0 -29.1819 -28.4762 32 2853.88 147.965 79 0.000546388
2600 0.0498772 0.0480146 0.00186258 0 0.962657 114.147 108.359 5.7886 0 -29.2046 -29.6972 32 2949.88 150.433 82 0.000585544
2700 0.0414122 0.0394661 0.00194608 0 0.953007 118.261 112.305 5.95559 0 -29.2439 -30.3326 32 3045.88 152.861 85 0.000464307
2800 0.0462168 0.0440885 0.00212837 0 0.953948 122.839 116.714 6.12493 0 -29.2363 -29.0402 32 3141.88 155.251 88 0.000501005
2900 0.0496365 0.0478313 0.00180515 0 0.963633 127.827 121.497 6.33015 0 -29.2072 -28.4919 32 3237.88 157.605 91 0.000525619
3000 0.0526402 0.050333 0.00230717 0 0.956171 133.121 126.531 6.59005 0 -29.2338 -29.8767 32 3333.88 159.925 94 0.000535458
3100 0.0468008 0.0449841 0.00181665 0 0.961183 137.852 131.029 6.82281 0 -29.2876 -30.8006 32 3429.88 162.211 97 0.000463754
3200 0.0460016 0.0439622 0.00203942 0 0.955666 142.473 135.425 7.04752 0 -29.3319 -30.6521 32 3557.88 165.21 101 0.000435269
3300 0.0427548 0.0398417 0.00291309 0 0.931865 146.659 139.409 7.24939 0 -29.3541 -30.1119 32 3653.88 167.424 104 0.000383094
3400 0.0377484 0.036702 0.00104641 0 0.972279 150.504 143.08 7.42428 0 -29.4089 -31.4983 32 3749.88 169.609 107 0.000343009
3500 0.0345819 0.0334272 0.00115472 0 0.966609 153.943 146.422 7.52084 0 -29.4729 -32.2711 32 3845.88 171.766 110 0.000303884
3600 0.033936 0.0329802 0.000955775 0 0.971836 157.346 149.72 7.6252 0 -29.5369 -32.4338 32 3941.88 173.897 113 0.00029186
3700 0.0283909 0.0278092 0.000581702 0 0.979511 160.195 152.501 7.69351 0 -29.6018 -33.1892 32 4037.88 176.002 116 0.000239735
3800 0.0256941 0.0253874 0.000306678 0 0.988064 162.781 155.04 7.74104 0 -29.669 -33.8267 32 4133.88 178.082 119 0.00021334
3900 0.0312832 0.0303985 0.000884757 0 0.971718 165.9 158.08 7.82035 0 -29.7358 -33.2239 32 4229.88 180.138 122 0.000249168
4000 0.0371182 0.0351761 0.00194208 0 0.947678 169.566 161.597 7.96879 0 -29.7829 -31.9128 32 4357.88 182.843 126 0.000279175
4100 0.0357949 0.0339244 0.00187054 0 0.947743 173.149 164.99 8.15872 0 -29.8112 -31.1539 32 4453.88 184.846 129 0.00026298
4200 0.0346974 0.0322216 0.00247589 0 0.928643 176.533 168.212 8.32057 0 -29.8319 -30.8912 32 4549.88 186.827 132 0.000244103
4300 0.0349531 0.0334469 0.00150624 0 0.956907 180.053 171.557 8.49604 0 -29.8805 -32.315 32 4645.88 188.788 135 0.000247755
4400 0.0315919 0.0304859 0.00110603 0 0.96499 183.248 174.605 8.64228 0 -29.9256 -32.4689 32 4741.88 190.728 138 0.000220912
4500 0.0292479 0.0283018 0.000946067 0 0.967653 186.179 177.436 8.7438 0 -29.9673 -32.5709 32 4837.88 192.649 141 0.000200722
4600 0.0262316 0.0255146 0.000716996 0 0.972667 188.81 179.987 8.82306 0 -30.0144 -33.3523 32 4933.88 194.551 144 0.000177185
4700 0.0524163 0.0509449 0.00147147 0 0.971927 194.085 185.081 9.00323 0 -30.0967 -33.0412 32 5029.88 196.435 147 0.000346564
4800 0.0370132 0.0359993 0.00101388 0 0.972608 197.82 188.681 9.13829 0 -30.1635 -33.6328 32 5157.88 198.919 151 0.000238406
4900 0.0334124 0.0322846 0.00112783 0 0.966245 201.163 191.91 9.25341 0 -30.2183 -33.4637 32 5253.88 200.761 154 0.00020964
5000 0.031022 0.0299715 0.0010505 0 0.966137 204.267 194.907 9.36008 0 -30.262 -33.0966 32 5349.88 202.587 157 0.000190901
5100 0.0447961 0.0432906 0.00150554 0 0.966391 208.769 199.236 9.53341 0 -30.2774 -30.9739 32 5445.88 204.397 160 0.000270566
5200 0.0393593 0.0375501 0.00180924 0 0.954033 212.695 202.991 9.70417 0 -30.3084 -31.9562 32 5541.88 206.191 163 0.000230368
5300 0.0362946 0.0341966 0.00209791 0 0.942198 216.362 206.411 9.95117 0 -30.3357 -31.9188 32 5637.88 207.969 166 0.000206004
5400 0.0589407 0.0561332 0.00280753 0 0.952367 222.302 212.024 10.278 0 -30.2918 -28.6927 32 5733.88 209.732 169 0.000332149
5500 0.042867 0.0401609 0.00270615 0 0.936871 226.565 216.04 10.5253 0 -30.273 -29.2922 32 5829.88 211.48 172 0.000233493
5600 0.0432537 0.0412186 0.00203504 0 0.952951 230.941 220.162 10.7794 0 -30.2839 -30.8505 32 5957.88 213.789 176 0.000234197
5700 0.0340281 0.0323169 0.00171123 0 0.949711 234.357 223.394 10.9634 0 -30.3015 -31.4888 32 6053.88 215.505 179 0.000180541
5800 0.0521496 0.04973 0.00241965 0 0.953602 239.533 228.367 11.166 0 -30.2749 -29.0742 32 6149.88 217.207 182 0.000273242
5900 0.0522545 0.049563 0.00269157 0 0.948491 244.742 233.323 11.4194 0 -30.2594 -29.5458 32 6245.88 218.896 185 0.000267908
6000 0.0460149 0.0440834 0.00193155 0 0.958023 249.407 237.731 11.6755 0 -30.2493 -29.7172 32 6341.88 220.571 188 0.000234486
6100 0.0352808 0.0343199 0.000960872 0 0.972765 253.013 241.163 11.8501 0 -30.2662 -31.4359 32 6437.88 222.235 191 0.000179685
6200 0.0389449 0.0378292 0.00111566 0 0.971353 256.919 244.946 11.9723 0 -30.2943 -32.1141 32 6533.88 223.885 194 0.000194996
6300 0.0391812 0.038071 0.00111017 0 0.971666 260.848 248.753 12.0943 0 -30.3353 -33.0189 32 6629.88 225.524 197 0.000193254
6400 0.0343909 0.0337569 0.000633921 0 0.981567 264.325 252.129 12.1961 0 -30.374 -33.271 32 6757.88 227.691 201 0.000167945
6500 0.0602558 0.0586397 0.00161611 0 0.973179 270.384 257.993 12.3914 0 -30.4447 -33.53 32 6853.88 229.302 204 0.000287449
6600 0.0432563 0.0416535 0.00160283 0 0.962946 274.684 262.158 12.526 0 -30.4915 -33.4348 32 6949.88 230.903 207 0.000201225
6700 0.0443798 0.0427029 0.0016769 0 0.962215 279.097 266.429 12.6681 0 -30.5375 -33.4023 32 7045.88 232.492 210 0.000203347
6800 0.0463827 0.0447679 0.00161486 0 0.965184 283.737 270.905 12.832 0 -30.579 -33.0726 32 7141.88 234.07 213 0.000210178
6900 0.0398446 0.0387498 0.00109485 0 0.972522 287.753 274.78 12.9721 0 -30.6177 -33.3559 32 7237.88 235.638 216 0.000179397
7000 0.0405341 0.039396 0.00113806 0 0.971923 291.821 278.72 13.1009 0 -30.658 -33.5085 32 7333.88 237.196 219 0.00017989
7100 0.0507399 0.0488832 0.00185664 0 0.963409 296.903 283.608 13.2943 0 -30.6923 -32.6638 32 7429.88 238.743 222 0.000220195
7200 0.055846 0.0536641 0.00218192 0 0.96093 302.479 288.975 13.5045 0 -30.721 -32.2489 32 7557.88 240.791 226 0.000237452
7300 0.0609354 0.0584942 0.00244122 0 0.959938 308.555 294.824 13.7307 0 -30.7356 -31.4582 32 7653.88 242.315 229 0.000255433
7400 0.0676441 0.064608 0.00303607 0 0.955117 315.276 301.285 13.9912 0 -30.7198 -29.9983 32 7749.88 243.83 232 0.000278483
7500 0.0604076 0.0579177 0.00248998 0 0.95878 321.325 307.077 14.2482 0 -30.7099 -30.1903 32 7845.88 245.336 235 0.000246458
7600 0.0506064 0.0491712 0.00143514 0 0.971641 326.429 311.994 14.4353 0 -30.7185 -31.2635 32 7941.88 246.832 238 0.000206602
7700 0.0467665 0.0456943 0.00107216 0 0.977074 331.12 316.563 14.5572 0 -30.7387 -32.1431 32 8037.88 248.32 241 0.000189603
7800 0.0469649 0.0459067 0.00105822 0 0.977468 335.81 321.154 14.6558 0 -30.7646 -32.5952 32 8133.88 249.798 244 0.000188142
7900 0.057338 0.0559142 0.00142376 0 0.975169 341.592 326.745 14.8464 0 -30.7836 -31.8863 32 8229.88 251.268 247 0.000226373
8000 0.0482112 0.0469657 0.0012455 0 0.974166 346.466 331.442 15.024 0 -30.8008 -32.0028 32 8357.88 253.214 251 0.000187114
8100 0.0455275 0.0435824 0.00194504 0 0.957278 350.984 335.8 15.1839 0 -30.8145 -31.8697 32 8453.88 254.664 254 0.000171584
8200 0.05295 0.0496305 0.00331942 0 0.93731 356.166 340.763 15.4027 0 -30.8135 -30.7416 32 8549.88 256.106 257 0.000193115
8300 0.0490589 0.0477134 0.00134548 0 0.972574 361.158 345.535 15.6239 0 -30.8458 -33.1529 32 8645.88 257.54 260 0.000183513
8400 0.0456013 0.044194 0.00140733 0 0.969138 365.7 349.954 15.7464 0 -30.8756 -33.2457 32 8741.88 258.966 263 0.000168038
8500 0.0497269 0.0481908 0.00153612 0 0.969109 370.702 354.773 15.9289 0 -30.9089 -33.3452 32 8837.88 260.384 266 0.000181168
8600 0.0394016 0.0387718 0.000629797 0 0.984016 374.69 358.65 16.0401 0 -30.9448 -34.2737 32 8933.88 261.794 269 0.000144133
8700 0.0414062 0.0399989 0.00140728 0 0.966013 378.791 362.65 16.1406 0 -30.9661 -32.9193 32 9029.88 263.197 272 0.000147055
8800 0.0395845 0.0389817 0.000602818 0 0.984771 382.784 366.548 16.236 0 -30.9936 -33.5982 32 9157.88 265.056 276 0.000141238
8900 0.0458639 0.0445008 0.00136313 0 0.970279 387.331 370.998 16.3324 0 -30.995 -31.1169 32 9253.88 266.442 279 0.000159501
9000 0.0444243 0.0429292 0.00149513 0 0.966344 391.752 375.291 16.4605 0 -30.9945 -30.9469 32 9349.88 267.82 282 0.000152231
9100 0.0423952 0.0414639 0.00093129 0 0.978033 396.023 379.438 16.5855 0 -31.0082 -32.2625 32 9445.88 269.191 285 0.000145487
9200 0.0541856 0.0523665 0.00181902 0 0.96643 401.441 384.674 16.7666 0 -30.9897 -29.6397 32 9541.88 270.556 288 0.000181828
9300 0.0462626 0.0447157 0.0015469 0 0.966563 406.095 389.146 16.9487 0 -30.9887 -30.9045 32 9637.88 271.914 291 0.000153662
9400 0.0418097 0.0408958 0.000913853 0 0.978143 410.328 393.236 17.0929 0 -31.0011 -32.1855 32 9733.88 273.264 294 0.000139102
9500 0.0444112 0.0430481 0.00136306 0 0.969308 414.79 397.54 17.2496 0 -31.0187 -32.6408 32 9829.88 274.609 297 0.000144943
9600 0.0398532 0.0387367 0.00111655 0 0.971983 418.781 401.414 17.3674 0 -31.0318 -32.3939 32 9957.88 276.391 301 0.000128693
9700 0.0486649 0.0471408 0.00152411 0 0.968681 423.685 406.128 17.5566 0 -31.0371 -31.4906 32 10053.9 277.72 304 0.000155068
9800 0.0409709 0.0390159 0.00195503 0 0.952282 427.74 410.03 17.7098 0 -31.0438 -31.744 32 10149.9 279.043 307 0.000127088
9900 0.0362392 0.0356012 0.000638013 0 0.982394 431.403 413.59 17.8132 0 -31.0601 -32.9629 32 10245.9 280.359 310 0.000114843
10000 0.0617569 0.0596634 0.00209349 0 0.966101 437.563 419.556 18.0068 0 -31.0064 -27.2473 32 10341.9 281.67 313 0.000190618
10100 0.0543894 0.0523637 0.00202574 0 0.962755 443.013 424.792 18.2203 0 -30.9967 -30.2129 32 10437.9 282.974 316 0.000165708
10200 0.0428583 0.0416004 0.00125788 0 0.97065 447.329 428.953 18.3769 0 -30.9967 -31 32 10533.9 284.272 319 0.000130409
10300 0.0374193 0.0365419 0.000877375 0 0.976553 451.096 432.607 18.4894 0 -31.0024 -31.676 32 10629.9 285.565 322 0.000113484
10400 0.0456472 0.0441715 0.0014757 0 0.967672 455.654 437.024 18.6302 0 -31.0047 -31.2291 32 10757.9 287.279 326 0.000135495
10500 0.0497655 0.0475007 0.00226481 0 0.95449 460.585 441.774 18.811 0 -31.0022 -30.7753 32 10853.9 288.558 329 0.000144379
10600 0.0443061 0.0428823 0.00142374 0 0.967866 465.043 446.062 18.981 0 -31.0071 -31.5137 32 10949.9 289.831 332 0.000129164
10700 0.0466383 0.0431314 0.0035069 0 0.924806 469.528 450.375 19.1529 0 -31.0067 -30.967 32 11045.9 291.099 335 0.000128751
10800 0.0477487 0.0459127 0.00183604 0 0.961548 474.368 454.967 19.4015 0 -31.0133 -31.6554 32 11141.9 292.361 338 0.000135836
10900 0.0421963 0.040497 0.00169928 0 0.959729 478.582 459.016 19.5662 0 -31.0198 -31.7458 32 11237.9 293.618 341 0.000118759
11000 0.0414199 0.0401724 0.00124751 0 0.969881 482.771 463.034 19.7378 0 -31.0253 -31.6531 32 11333.9 294.869 344 0.00011678
11100 0.0377265 0.0368296 0.000896845 0 0.976228 486.573 466.716 19.8563 0 -31.0391 -32.7927 32 11429.9 296.115 347 0.000106137
11200 0.0356721 0.0346777 0.000994434 0 0.972123 490.144 470.184 19.9601 0 -31.0526 -32.8937 32 11557.9 297.769 351 9.87967e-05
11300 0.0339926 0.0327862 0.00120639 0 0.96451 493.511 473.463 20.0484 0 -31.0648 -32.8463 32 11653.9 299.003 354 9.26165e-05
11400 0.0441172 0.0429574 0.0011598 0 0.973711 497.945 477.759 20.1868 0 -31.0766 -32.3869 32 11749.9 300.232 357 0.000120329
11500 0.0369084 0.0365011 0.000407351 0 0.988963 501.682 481.409 20.273 0 -31.0939 -33.3945 32 11845.9 301.456 360 0.000101392
11600 0.0364032 0.0360053 0.000397933 0 0.989069 505.345 485.009 20.3359 0 -31.1164 -34.2035 32 11941.9 302.675 363 9.9188e-05
11700 0.042176 0.0410842 0.00109176 0 0.974114 509.537 489.118 20.4198 0 -31.1178 -31.28 32 12037.9 303.889 366 0.000112252
11800 0.043283 0.0427618 0.000521176 0 0.987959 513.919 493.394 20.5254 0 -31.1227 -31.693 32 12133.9 305.098 369 0.000115886
11900 0.0374141 0.0367817 0.000632473 0 0.983095 517.681 497.072 20.609 0 -31.1319 -32.3862 32 12229.9 306.303 372 9.88754e-05
12000 0.0417679 0.0407763 0.000991551 0 0.97626 521.871 501.15 20.7213 0 -31.1306 -30.9762 32 12357.9 307.902 376 0.000108448
12100 0.0429453 0.0410198 0.00192544 0 0.955165 526.094 505.252 20.8423 0 -31.124 -30.3097 32 12453.9 309.095 379 0.000108232
12200 0.0434974 0.0423892 0.0011082 0 0.974523 530.476 509.491 20.9855 0 -31.1213 -30.7963 32 12549.9 310.284 382 0.000110966
12300 0.0441949 0.041254 0.00294088 0 0.933457 534.734 513.616 21.1182 0 -31.1189 -30.8219 32 12645.9 311.469 385 0.000107153
12400 0.0485861 0.0476584 0.000927771 0 0.980905 539.673 518.382 21.2915 0 -31.1424 -33.6817 32 12741.9 312.649 388 0.000122831
12500 0.0421864 0.0414166 0.000769819 0 0.981752 543.906 522.523 21.383 0 -31.1529 -32.4938 32 12837.9 313.824 391 0.000105925
12600 0.0410486 0.0397007 0.0013479 0 0.967163 547.987 526.494 21.4938 0 -31.1531 -31.1802 32 12933.9 314.996 394 0.000100763
12700 0.0384206 0.0372887 0.00113184 0 0.970541 551.845 530.222 21.6225 0 -31.1537 -31.2355 32 13029.9 316.162 397 9.39262e-05
12800 0.0457499 0.0442791 0.00147081 0 0.967851 556.455 534.65 21.8044 0 -31.1674 -32.8107 32 13157.9 317.712 401 0.000110422
12900 0.04526 0.0434253 0.00183475 0 0.959462 561.05 538.993 22.0573 0 -31.1792 -32.6051 32 13253.9 318.868 404 0.000107488
13000 0.0447039 0.0414292 0.00327467 0 0.926748 565.387 543.136 22.2515 0 -31.1827 -31.637 32 13349.9 320.021 407 0.000101792
13100 0.0613714 0.058763 0.00260841 0 0.957498 571.588 549.012 22.5755 0 -31.1818 -31.1011 32 13445.9 321.17 410 0.000143324
13200 0.0529171 0.0483813 0.0045358 0 0.914285 576.697 553.85 22.8466 0 -31.1721 -30.0889 32 13541.9 322.314 413 0.000117146
13300 0.0566857 0.053502 0.00318371 0 0.943836 582.407 559.2 23.2062 0 -31.1699 -30.9406 32 13637.9 323.455 416 0.000128611
13400 0.0483667 0.045601 0.00276569 0 0.942818 587.274 563.76 23.5137 0 -31.1711 -31.3208 32 13733.9 324.591 419 0.000108833
13500 0.0450957 0.0428966 0.00219907 0 0.951236 591.824 568.05 23.7737 0 -31.1745 -31.6093 32 13829.9 325.724 422 0.000101651
13600 0.063232 0.059942 0.00329 0 0.947969 598.123 574.044 24.0785 0 -31.1701 -30.7633 32 13957.9 327.228 426 0.000140709
13700 0.0574601 0.0541999 0.00326027 0 0.94326 603.838 579.464 24.3735 0 -31.1631 -30.4306 32 14053.9 328.351 429 0.00012634
13800 0.0639267 0.0593956 0.00453102 0 0.929122 610.084 585.404 24.6798 0 -31.1532 -30.1962 32 14149.9 329.47 432 0.00013749
13900 0.0806779 0.077612 0.00306582 0 0.961999 618.234 593.165 25.0689 0 -31.1526 -31.1055 32 14245.9 330.586 435 0.000178418
14000 0.0619148 0.0595821 0.00233277 0 0.962323 624.449 599.123 25.3253 0 -31.1495 -30.8412 32 14341.9 331.698 438 0.000136032
14100 0.0541893 0.0520007 0.00218863 0 0.959611 629.872 604.323 25.5491 0 -31.1526 -31.5101 32 14437.9 332.807 441 0.000117915
14200 0.0584299 0.0545212 0.00390872 0 0.933104 635.572 609.775 25.7962 0 -31.1482 -30.6596 32 14533.9 333.911 444 0.000122795
14300 0.0550849 0.052478 0.0026069 0 0.952675 641.084 615.023 26.0608 0 -31.151 -31.4785 32 14629.9 335.012 447 0.0001174
14400 0.052733 0.050898 0.00183504 0 0.965201 646.374 620.113 26.261 0 -31.1622 -32.5152 32 14757.9 336.474 451 0.000112856
14500 0.0449696 0.0436484 0.00132118 0 0.970621 650.893 624.478 26.4154 0 -31.1745 -32.926 32 14853.9 337.567 454 9.61419e-05
14600 0.0422721 0.0409128 0.00135922 0 0.967846 655.11 628.569 26.5408 0 -31.186 -32.9655 32 14949.9 338.656 457 8.95248e-05
14700 0.051996 0.05009 0.00190604 0 0.963343 660.282 633.578 26.7037 0 -31.1877 -31.4108 32 15045.9 339.742 460 0.000108891
14800 0.0457141 0.0442092 0.00150486 0 0.967081 664.85 637.999 26.8506 0 -31.1964 -32.4526 32 15141.9 340.824 463 9.54842e-05
14900 0.044703 0.0434365 0.00126657 0 0.971667 669.328 642.343 26.9848 0 -31.2078 -32.9012 32 15237.9 341.903 466 9.32113e-05
15000 0.0456449 0.0444348 0.00121014 0 0.973488 673.914 646.786 27.1276 0 -31.2161 -32.4155 32 15333.9 342.978 469 9.47437e-05
15100 0.0627271 0.0604255 0.00230167 0 0.963307 680.184 652.829 27.355 0 -31.224 -32.0734 32 15429.9 344.05 472 0.00012802
15200 0.0522449 0.050456 0.00178896 0 0.965758 685.441 657.874 27.5665 0 -31.2368 -32.8921 32 15557.9 345.474 476 0.000106
15300 0.054311 0.0519489 0.00236216 0 0.956507 690.835 663.069 27.7661 0 -31.2448 -32.2694 32 15653.9 346.538 479 0.000108453
15400 0.0481397 0.046601 0.0015387 0 0.968037 695.677 667.729 27.9478 0 -31.2582 -33.1617 32 15749.9 347.599 482 9.66827e-05
15500 0.0461691 0.0447298 0.00143932 0 0.968825 700.305 672.202 28.1025 0 -31.2749 -33.7872 32 15845.9 348.657 485 9.22264e-05
15600 0.0411489 0.0402776 0.000871243 0 0.978827 704.45 676.23 28.2195 0 -31.2907 -33.9621 32 15941.9 349.711 488 8.25361e-05
15700 0.0408276 0.0402296 0.00059799 0 0.985353 708.553 680.253 28.2995 0 -31.3081 -34.3011 32 16037.9 350.763 491 8.19341e-05
15800 0.0445758 0.0434657 0.00111008 0 0.975097 713.015 684.6 28.4154 0 -31.3229 -33.6684 32 16133.9 351.811 494 8.79873e-05
15900 0.0487338 0.0473311 0.00140279 0 0.971215 717.907 689.333 28.5746 0 -31.3342 -32.9891 32 16229.9 352.856 497 9.52335e-05
16000 0.0500915 0.0486471 0.00144441 0 0.971165 722.966 694.197 28.7683 0 -31.3358 -31.5603 32 16357.9 354.245 501 9.71e-05
16100 0.0468987 0.0451597 0.00173899 0 0.96292 727.633 698.713 28.9199 0 -31.3416 -32.2329 32 16453.9 355.283 504 8.96026e-05
16200 0.0443039 0.0431107 0.00119316 0 0.973069 732.083 703.025 29.0583 0 -31.3518 -33.018 32 16549.9 356.318 507 8.50311e-05
16300 0.0401375 0.0391616 0.000975911 0 0.975686 736.104 706.941 29.1635 0 -31.362 -33.2217 32 16645.9 357.35 510 7.67875e-05
16400 0.0366227 0.0361639 0.000458856 0 0.987471 739.787 710.557 29.2301 0 -31.3763 -34.2336 32 16741.9 358.379 513 7.04949e-05
16500 0.0512306 0.0495698 0.00166082 0 0.967581 744.869 715.514 29.3547 0 -31.378 -31.6265 32 16837.9 359.405 516 9.60654e-05
16600 0.039939 0.0388658 0.00107323 0 0.973128 748.884 719.401 29.4836 0 -31.3875 -33.1473 32 16933.9 360.428 519 7.48859e-05
16700 0.0511184 0.048826 0.00229244 0 0.955154 754.005 724.283 29.7221 0 -31.3906 -31.8475 32 17029.9 361.448 522 9.35364e-05
16800 0.0512653 0.0489057 0.00235962 0 0.953972 759.169 729.174 29.9947 0 -31.3903 -31.3449 32 17157.9 362.804 526 9.29765e-05
16900 0.0439649 0.0418433 0.00212167 0 0.951742 763.566 733.358 30.2079 0 -31.3955 -32.2975 32 17253.9 363.817 529 7.90988e-05
17000 0.0418223 0.0402379 0.00158442 0 0.962115 767.754 737.382 30.3717 0 -31.4059 -33.2943 32 17349.9 364.828 532 7.56352e-05
17100 0.0418764 0.0407008 0.00117555 0 0.971928 771.963 741.452 30.5115 0 -31.4205 -34.0812 32 17445.9 365.836 535 7.60764e-05
17200 0.0418443 0.0406685 0.00117584 0 0.9719 776.165 745.519 30.6462 0 -31.4325 -33.6465 32 17541.9 366.841 538 7.5592e-05
17300 0.0393592 0.0383697 0.000989443 0 0.974861 780.104 749.356 30.748 0 -31.4429 -33.4903 32 17637.9 367.844 541 7.09237e-05
17400 0.0481134 0.0469035 0.00120989 0 0.974853 784.934 754.046 30.8876 0 -31.4507 -32.7119 32 17733.9 368.843 544 8.62196e-05
17500 0.0587161 0.0563053 0.0024108 0 0.958941 790.757 759.677 31.0807 0 -31.4509 -31.4817 32 17829.9 369.84 547 0.000102935
17600 0.0594659 0.0575287 0.00193717 0 0.967424 796.734 765.43 31.3046 0 -31.4507 -31.4142 32 17957.9 371.166 551 0.000104408
17700 0.04774 0.0459141 0.00182593 0 0.961753 801.511 770.021 31.4904 0 -31.4558 -32.3112 32 18053.9 372.156 554 8.28774e-05
17800 0.0460246 0.0447863 0.00123838 0 0.973093 806.169 774.5 31.6694 0 -31.4618 -32.5044 32 18149.9 373.144 557 8.04062e-05
17900 0.0414961 0.0404773 0.00101877 0 0.975449 810.326 778.547 31.7785 0 -31.4705 -33.15 32 18245.9 374.13 560 7.2281e-05
18000 0.0517674 0.0504824 0.00128498 0 0.975178 815.535 783.596 31.9393 0 -31.4759 -32.3118 32 18341.9 375.113 563 8.96668e-05
18100 0.0488751 0.0474298 0.00144526 0 0.970429 820.465 788.339 32.1263 0 -31.4783 -31.8836 32 18437.9 376.093 566 8.37983e-05
18200 0.0519391 0.0503545 0.00158465 0 0.96949 825.706 793.374 32.3318 0 -31.4877 -32.9602 32 18533.9 377.071 569 8.84965e-05
18300 0.064678 0.0623943 0.00228369 0 0.964691 832.208 799.613 32.5943 0 -31.4863 -31.2988 32 18629.9 378.046 572 0.000109081
18400 0.0801676 0.0762369 0.00393075 0 0.950968 840.186 807.237 32.9484 0 -31.4817 -31.0113 32 18757.9 379.343 576 0.000132356
18500 0.069291 0.0661748 0.00311619 0 0.955028 847.161 813.855 33.3067 0 -31.483 -31.6306 32 18853.9 380.312 579 0.000114292
18600 0.0580318 0.0555729 0.00245889 0 0.957629 852.986 819.412 33.5739 0 -31.4852 -31.816 32 18949.9 381.279 582 9.54861e-05
18700 0.0547868 0.0529518 0.00183497 0 0.966507 858.494 824.707 33.7866 0 -31.4892 -32.0936 32 19045.9 382.244 585 9.0516e-05
18800 0.0514646 0.0499789 0.00148572 0 0.971131 863.634 829.705 33.9295 0 -31.4949 -32.4484 32 19141.9 383.206 588 8.49981e-05
18900 0.0461809 0.0454739 0.000706969 0 0.984691 868.279 834.252 34.0266 0 -31.5057 -33.5203 32 19237.9 384.166 591 7.6944e-05
19000 0.0424164 0.0415247 0.000891785 0 0.978975 872.517 838.405 34.112 0 -31.5166 -33.7559 32 19333.9 385.123 594 6.99068e-05
19100 0.0452219 0.0441628 0.00105907 0 0.976581 877.047 842.821 34.2254 0 -31.5248 -33.1069 32 19429.9 386.078 597 7.39746e-05
19200 0.0410869 0.0403323 0.000754612 0 0.981634 881.183 846.854 34.3288 0 -31.537 -34.1171 32 19557.9 387.348 601 6.71087e-05
19300 0.0530855 0.0516229 0.00146268 0 0.972447 886.484 852.017 34.4673 0 -31.5495 -33.6281 32 19653.9 388.297 604 8.54683e-05
19400 0.0455125 0.0445924 0.000920084 0 0.979784 891.063 856.476 34.5867 0 -31.5608 -33.7442 32 19749.9 389.244 607 7.34635e-05
19500 0.0420503 0.0410609 0.000989456 0 0.97647 895.266 860.582 34.6844 0 -31.5745 -34.4906 32 19845.9 390.189 610 6.73129e-05
19600 0.0424093 0.041012 0.00139734 0 0.967051 899.466 864.683 34.7833 0 -31.587 -34.2474 32 19941.9 391.132 613 6.69037e-05
19700 0.0395022 0.0387 0.000802251 0 0.979691 903.443 868.553 34.8903 0 -31.5984 -34.1674 32 20037.9 392.072 616 6.28246e-05
19800 0.0390929 0.0384907 0.000602173 0 0.984596 907.392 872.402 34.9894 0 -31.6111 -34.5109 32 20133.9 393.01 619 6.21821e-05
19900 0.0524424 0.0505574 0.00188499 0 0.964056 912.599 877.458 35.1413 0 -31.6078 -31.0403 32 20229.9 393.946 622 8.1282e-05
20000 0.0501272 0.0485886 0.00153865 0 0.969305 917.626 882.317 35.3088 0 -31.6106 -32.1278 32 20357.9 395.19 626 7.76175e-05
