100 0.00305804 0.0030213 3.674e-05 0 0.987986 0.317683 0.30213 0.0155528 0 -34.836 -34.836 64 453.882 59.0081 2 0.00151065
200 0.00486454 0.00450702 0.000357525 0 0.926504 0.792711 0.752832 0.0398788 0 -29.5799 -26.0649 64 581.882 66.8124 4 0.00112675
300 0.00431955 0.00418398 0.000135573 0 0.968614 1.23202 1.17123 0.0607887 0 -29.6878 -29.8825 64 645.882 70.3909 5 0.000836796
400 0.00391435 0.00357667 0.000337686 0 0.913731 1.60467 1.5289 0.0757769 0 -29.2966 -28.003 64 773.882 77.0508 7 0.000510952
500 0.00297014 0.00297014 0 0 1 1.91275 1.82591 0.0868359 0 -29.569 -30.9881 64 837.882 80.1736 8 0.000371268
600 0.00950075 0.00850312 0.000997633 0 0.894994 2.82082 2.67622 0.144596 0 -28.9696 -27.7069 64 965.882 86.08 10 0.000850312
700 0.00600635 0.00593006 7.62893e-05 0 0.987299 3.44434 3.26923 0.175114 0 -29.5054 -31.9297 64 1029.88 88.8861 11 0.000539097
800 0.00528519 0.00506038 0.000224803 0 0.957466 3.96971 3.77527 0.194445 0 -29.9327 -32.7339 64 1157.88 94.248 13 0.00038926
900 0.00442849 0.00407752 0.000350967 0 0.920748 4.38898 4.18302 0.205958 0 -29.9757 -30.3825 64 1285.88 99.3209 15 0.000271835
1000 0.00475136 0.0046393 0.000112058 0 0.976416 4.87485 4.64695 0.227897 0 -29.9449 -29.6674 64 1349.88 101.763 16 0.000289956
1100 0.00792386 0.00738697 0.000536892 0 0.932244 5.65586 5.38565 0.270217 0 -29.285 -25.1659 64 1477.88 106.478 18 0.000410387
1200 0.0116426 0.0108988 0.000743793 0 0.936115 6.8221 6.47553 0.346567 0 -29.0716 -28.0365 64 1541.88 108.759 19 0.000573623
1300 0.0111404 0.0103757 0.000764764 0 0.931352 7.93986 7.51309 0.426764 0 -28.8188 -27.2761 64 1669.88 113.183 21 0.000494079
1400 0.00767968 0.00741526 0.000264416 0 0.965569 8.72686 8.25462 0.472239 0 -28.9669 -30.461 64 1733.88 115.332 22 0.000337057
1500 0.0104594 0.00995675 0.000502656 0 0.951942 9.77022 9.2503 0.519929 0 -28.8883 -28.2313 64 1861.88 119.513 24 0.000414864
1600 0.00842007 0.00822074 0.000199329 0 0.976327 10.6273 10.0724 0.5549 0 -28.9647 -29.8346 64 1989.88 123.553 26 0.000316182
1700 0.00591541 0.00587074 4.46768e-05 0 0.992447 11.2241 10.6594 0.564688 0 -29.1008 -31.5243 64 2053.88 125.524 27 0.000217435
1800 0.0066765 0.00617598 0.000500525 0 0.925032 11.856 11.277 0.578918 0 -29.0322 -27.814 64 2181.88 129.377 29 0.000212965
1900 0.0131279 0.0122737 0.000854233 0 0.93493 13.1518 12.5044 0.647355 0 -29.0442 -29.1535 64 2245.88 131.26 30 0.000409123
2000 0.0209936 0.0199444 0.00104919 0 0.950023 15.2764 14.4988 0.777571 0 -28.9708 -28.517 64 2373.88 134.949 32 0.000623262
2100 0.0132255 0.0123943 0.000831201 0 0.937152 16.6055 15.7383 0.867257 0 -28.9702 -28.9634 64 2437.88 136.756 33 0.000375585
2200 0.0162775 0.0155515 0.000725922 0 0.955403 18.2553 17.2934 0.961878 0 -28.9124 -28.3304 64 2565.88 140.3 35 0.00044433
2300 0.0161701 0.0151994 0.000970695 0 0.93997 19.8653 18.8134 1.05197 0 -28.9208 -29.0163 64 2629.88 142.039 36 0.000422206
2400 0.0402534 0.0380158 0.00223766 0 0.944411 23.9258 22.615 1.31083 0 -28.1902 -24.6159 64 2757.88 145.455 38 0.00100041
2500 0.0257978 0.0235203 0.00227753 0 0.911716 26.4851 24.967 1.51812 0 -27.98 -26.0147 64 2885.88 148.792 40 0.000588008
2600 0.0354453 0.0334716 0.00197369 0 0.944317 30.0316 28.3141 1.71747 0 -28.2139 -29.9605 64 2949.88 150.433 41 0.00081638
2700 0.0293858 0.0277027 0.00168309 0 0.942724 32.9878 31.0844 1.90341 0 -28.3758 -30.0209 64 3077.88 153.662 43 0.00064425
2800 0.0339594 0.0313305 0.00262885 0 0.922588 36.3347 34.2175 2.11718 0 -28.2047 -26.5183 64 3141.88 155.251 44 0.000712058
2900 0.0285783 0.0266512 0.00192712 0 0.932567 39.2 36.8826 2.31742 0 -28.1164 -26.9964 64 3269.88 158.382 46 0.000579374
3000 0.0223282 0.0209743 0.00135386 0 0.939365 41.4505 38.98 2.47048 0 -28.0937 -27.6979 64 3333.88 159.925 47 0.000446262
3100 0.0236184 0.0219212 0.00169724 0 0.928139 43.8088 41.1721 2.63662 0 -28.0182 -26.6918 64 3461.88 162.966 49 0.000447371
3200 0.0180112 0.0172297 0.000781445 0 0.956613 45.6396 42.8951 2.74452 0 -28.0364 -28.4713 64 3589.88 165.951 51 0.000337838
3300 0.0234374 0.0225577 0.000879739 0 0.962464 48.0351 45.1509 2.88426 0 -28.0479 -28.2674 64 3653.88 167.424 52 0.000433801
3400 0.0185175 0.0179045 0.000613003 0 0.966896 49.9005 46.9413 2.95915 0 -28.0739 -28.7428 64 3781.88 170.331 54 0.000331565
3500 0.0167046 0.0161433 0.000561263 0 0.966401 51.5751 48.5557 3.01948 0 -28.1071 -29.0969 64 3845.88 171.766 55 0.000293515
3600 0.0209799 0.0196321 0.00134779 0 0.935758 53.6055 50.5189 3.08667 0 -28.1707 -29.7869 64 3973.88 174.601 57 0.000344423
3700 0.0228164 0.0219145 0.00090191 0 0.960471 55.9017 52.7103 3.19138 0 -28.2941 -31.1751 64 4037.88 176.002 58 0.000377836
3800 0.0174637 0.0168184 0.000645294 0 0.963049 57.6553 54.3922 3.26313 0 -28.3793 -31.0944 64 4165.88 178.77 60 0.000280306
3900 0.0147207 0.0145477 0.000173021 0 0.988246 59.1539 55.8469 3.30699 0 -28.4782 -32.2839 64 4229.88 180.138 61 0.000238487
4000 0.0166566 0.0164593 0.000197279 0 0.988156 60.8371 57.4929 3.34423 0 -28.5582 -31.369 64 4357.88 182.843 63 0.000261259
4100 0.0137104 0.0133525 0.000357949 0 0.973892 62.1854 58.8281 3.35725 0 -28.6302 -31.8775 64 4485.88 185.509 65 0.000205423
4200 0.0126181 0.0125464 7.17659e-05 0 0.994312 63.4537 60.0827 3.37091 0 -28.7057 -32.4066 64 4549.88 186.827 66 0.000190097
4300 0.013427 0.0131716 0.000255373 0 0.980981 64.795 61.3999 3.3951 0 -28.784 -32.491 64 4677.88 189.437 68 0.000193701
4400 0.0122249 0.0121 0.000124914 0 0.989782 66.0238 62.6099 3.41386 0 -28.8484 -32.2446 64 4741.88 190.728 69 0.000175363
4500 0.0124806 0.0123471 0.000133475 0 0.989305 67.2749 63.8446 3.43029 0 -28.9225 -32.8316 64 4869.88 193.285 71 0.000173903
4600 0.0146032 0.0143106 0.000292578 0 0.979965 68.7393 65.2757 3.46362 0 -28.9379 -29.6443 64 4933.88 194.551 72 0.000198759
4700 0.0149726 0.0146738 0.000298808 0 0.980043 70.2581 66.7431 3.51504 0 -28.9958 -31.6176 64 5061.88 197.059 74 0.000198295
4800 0.0112194 0.0110502 0.000169225 0 0.984917 71.3898 67.8481 3.54172 0 -29.0437 -32.0176 64 5189.88 199.535 76 0.000145398
4900 0.0110684 0.0108799 0.000188508 0 0.982969 72.5021 68.9361 3.56607 0 -29.089 -31.9963 64 5253.88 200.761 77 0.000141297
5000 0.0120231 0.0117294 0.000293616 0 0.975579 73.6983 70.109 3.58928 0 -29.1501 -32.854 64 5381.88 203.192 79 0.000148474
5100 0.0110942 0.0108376 0.000256624 0 0.976869 74.809 71.1928 3.6162 0 -29.1976 -32.3461 64 5445.88 204.397 80 0.00013547
5200 0.00991514 0.00983293 8.22069e-05 0 0.991709 75.8066 72.1761 3.63052 0 -29.2439 -32.7213 64 5573.88 206.785 82 0.000119914
5300 0.0112894 0.0110392 0.000250131 0 0.977844 76.9296 73.28 3.64957 0 -29.2727 -31.2126 64 5637.88 207.969 83 0.000133003
5400 0.0188426 0.0182805 0.000562085 0 0.970169 78.8326 75.108 3.72459 0 -29.3464 -32.3264 64 5765.88 210.316 85 0.000215065
5500 0.0125236 0.0119509 0.000572655 0 0.954274 80.0867 76.3031 3.78356 0 -29.3815 -31.5888 64 5829.88 211.48 86 0.000138964
5600 0.0124305 0.0119079 0.000522558 0 0.957962 81.3367 77.4939 3.84277 0 -29.4218 -32.0013 64 5957.88 213.789 88 0.000135317
5700 0.0180773 0.0169802 0.00109712 0 0.93931 83.1481 79.1919 3.9562 0 -29.5001 -33.0179 64 6085.88 216.074 90 0.000188668
5800 0.0126559 0.0120351 0.000620793 0 0.950948 84.4228 80.3955 4.02734 0 -29.5544 -33.0949 64 6149.88 217.207 91 0.000132254
5900 0.0122627 0.011824 0.000438675 0 0.964227 85.648 81.5779 4.07018 0 -29.6036 -32.9966 64 6277.88 219.456 93 0.00012714
6000 0.0100339 0.00988338 0.000150504 0 0.985 86.6653 82.5662 4.09912 0 -29.6593 -34.3502 64 6341.88 220.571 94 0.000105142
6100 0.0110735 0.0104905 0.00058305 0 0.947347 87.7489 83.6152 4.13369 0 -29.6915 -32.267 64 6469.88 222.786 96 0.000109276
6200 0.0150022 0.0143786 0.000623568 0 0.958435 89.2543 85.0531 4.20116 0 -29.7011 -30.2603 64 6533.88 223.885 97 0.000148233
6300 0.0328624 0.0313321 0.00153033 0 0.953432 92.5587 88.1863 4.37241 0 -29.8075 -32.6796 64 6661.88 226.068 99 0.000316486
6400 0.0180327 0.0171124 0.00092035 0 0.948962 94.3731 89.8975 4.47559 0 -29.8634 -32.7137 64 6789.88 228.229 101 0.000169429
6500 0.0244997 0.0227077 0.00179202 0 0.926855 96.8085 92.1683 4.64022 0 -29.8208 -28.1705 64 6853.88 229.302 102 0.000222624
6600 0.0275175 0.0248936 0.00262391 0 0.904646 99.5089 94.6577 4.85121 0 -29.7711 -27.9889 64 6981.88 231.434 104 0.000239362
6700 0.0230844 0.0217704 0.001314 0 0.943078 101.885 96.8347 5.05066 0 -29.7812 -30.2064 64 7045.88 232.492 105 0.000207338
6800 0.0251013 0.0235392 0.0015621 0 0.937768 104.399 99.1886 5.21037 0 -29.779 -29.6893 64 7173.88 234.594 107 0.000219993
6900 0.021695 0.0204762 0.00121878 0 0.943822 106.599 101.236 5.36307 0 -29.7913 -30.3751 64 7237.88 235.638 108 0.000189595
7000 0.0222526 0.0209955 0.00125715 0 0.943506 108.827 103.336 5.4913 0 -29.8286 -31.6145 64 7365.88 237.713 110 0.000190868
7100 0.0195012 0.0186874 0.000813732 0 0.958273 110.784 105.205 5.57932 0 -29.8522 -31.1623 64 7429.88 238.743 111 0.000168355
7200 0.017503 0.0165637 0.000939341 0 0.946333 112.531 106.861 5.67044 0 -29.8642 -30.6235 64 7557.88 240.791 113 0.000146581
7300 0.0191151 0.0174064 0.00170871 0 0.910609 114.354 108.602 5.75234 0 -29.8404 -28.376 64 7685.88 242.821 115 0.00015136
7400 0.0232126 0.0225225 0.000690127 0 0.970269 116.71 110.854 5.85587 0 -29.8027 -27.9696 64 7749.88 243.83 116 0.000194159
7500 0.0167757 0.0162598 0.000515961 0 0.969244 118.396 112.48 5.91573 0 -29.8032 -29.8403 64 7877.88 245.836 118 0.000137795
7600 0.0148683 0.0145694 0.000298959 0 0.979893 119.892 113.937 5.9553 0 -29.8208 -31.2109 64 7941.88 246.832 119 0.000122432
7700 0.0303647 0.0292711 0.00109361 0 0.963984 122.95 116.864 6.08647 0 -29.7283 -26.1015 64 8069.88 248.813 121 0.00024191
7800 0.0243255 0.0233168 0.00100873 0 0.958532 125.402 119.196 6.20682 0 -29.6693 -26.7113 64 8133.88 249.798 122 0.000191121
7900 0.0249061 0.0240043 0.000901791 0 0.963792 127.935 121.596 6.33934 0 -29.6621 -29.3085 64 8261.88 251.756 124 0.000193583
8000 0.0256637 0.0248401 0.000823602 0 0.967908 130.518 124.08 6.43767 0 -29.6538 -29.2388 64 8389.88 253.699 126 0.000197144
8100 0.0212663 0.020693 0.00057327 0 0.973043 132.66 126.149 6.51049 0 -29.6533 -29.6265 64 8453.88 254.664 127 0.000162937
8200 0.0206606 0.0200928 0.000567813 0 0.972517 134.725 128.159 6.56631 0 -29.6432 -28.9916 64 8581.88 256.585 129 0.000155758
8300 0.0313902 0.0302029 0.00118737 0 0.962174 137.826 131.179 6.64764 0 -29.6818 -31.3581 64 8645.88 257.54 130 0.00023233
8400 0.0332926 0.0319897 0.0013029 0 0.960865 141.177 134.378 6.79953 0 -29.7358 -31.9562 64 8773.88 259.439 132 0.000242347
8500 0.0296827 0.0285908 0.00109188 0 0.963215 144.157 137.237 6.91964 0 -29.7813 -31.9378 64 8837.88 260.384 133 0.000214969
8600 0.0244692 0.0236428 0.000826355 0 0.966229 146.624 139.601 7.02232 0 -29.8181 -31.9739 64 8965.88 262.263 135 0.000175132
8700 0.0227799 0.0222233 0.000556599 0 0.975566 148.918 141.824 7.09443 0 -29.8622 -32.6782 64 9029.88 263.197 136 0.000163407
8800 0.0220591 0.0215159 0.000543147 0 0.975378 151.145 143.975 7.16958 0 -29.8965 -32.1888 64 9157.88 265.056 138 0.000155913
8900 0.0194745 0.0190543 0.000420173 0 0.978424 153.106 145.881 7.22549 0 -29.9341 -32.8352 64 9285.88 266.902 140 0.000136102
9000 0.0256564 0.0248558 0.000800524 0 0.968798 155.651 148.366 7.2853 0 -29.9793 -32.696 64 9349.88 267.82 141 0.000176283
9100 0.0252528 0.0244529 0.000799898 0 0.968324 158.167 150.811 7.3559 0 -30.0142 -32.1722 64 9477.88 269.647 143 0.000170999
9200 0.0268409 0.0258964 0.000944535 0 0.96481 160.846 153.401 7.44518 0 -30.0267 -30.7664 64 9541.88 270.556 144 0.000179836
9300 0.0238271 0.0230459 0.00078114 0 0.967216 163.231 155.706 7.52502 0 -30.0483 -31.5053 64 9669.88 272.365 146 0.000157849
9400 0.0226269 0.0221949 0.000432049 0 0.980906 165.517 157.925 7.59178 0 -30.0859 -32.7696 64 9733.88 273.264 147 0.000150985
9500 0.0283308 0.0274165 0.000914267 0 0.967729 168.356 160.667 7.68959 0 -30.1163 -31.8856 64 9861.88 275.055 149 0.000184004
9600 0.0219898 0.0217567 0.000233129 0 0.989398 170.578 162.842 7.73594 0 -30.1506 -32.7491 64 9989.88 276.835 151 0.000144084
9700 0.0264667 0.0257685 0.000698272 0 0.973617 173.226 165.419 7.80703 0 -30.1832 -32.2884 64 10053.9 277.72 152 0.000169529
9800 0.0240161 0.0234149 0.00060121 0 0.974966 175.631 167.761 7.87064 0 -30.2183 -32.7421 64 10181.9 279.482 154 0.000152045
9900 0.0195076 0.0192378 0.000269811 0 0.986169 177.601 169.685 7.91594 0 -30.2587 -33.8669 64 10245.9 280.359 155 0.000124115
10000 0.0321264 0.0310152 0.00111116 0 0.965413 180.821 172.786 8.03454 0 -30.286 -31.7887 64 10373.9 282.105 157 0.000197549
10100 0.0230542 0.022379 0.000675201 0 0.970712 183.154 175.024 8.1303 0 -30.3155 -32.6071 64 10437.9 282.974 158 0.000141639
10200 0.0234175 0.0223986 0.00101883 0 0.956493 185.493 177.264 8.22888 0 -30.3424 -32.4434 64 10565.9 284.704 160 0.000139991
10300 0.0216799 0.0210761 0.000603862 0 0.972146 187.676 179.371 8.30422 0 -30.3816 -33.7139 64 10629.9 285.565 161 0.000130907
10400 0.0183865 0.017805 0.000581535 0 0.968372 189.519 181.152 8.36728 0 -30.4181 -34.131 64 10757.9 287.279 163 0.000109233
10500 0.0189418 0.0179264 0.00101542 0 0.946393 191.367 182.945 8.4224 0 -30.4361 -32.2874 64 10885.9 288.983 165 0.000108645
10600 0.0206786 0.0202588 0.000419804 0 0.979699 193.452 184.97 8.4817 0 -30.4475 -31.4951 64 10949.9 289.831 166 0.000122041
10700 0.0175823 0.0169251 0.000657191 0 0.962622 195.192 186.663 8.52914 0 -30.4642 -32.3153 64 11077.9 291.52 168 0.000100745
10800 0.0172626 0.0170154 0.000247216 0 0.985679 196.944 188.365 8.57946 0 -30.4884 -33.1863 64 11141.9 292.361 169 0.000100683
10900 0.0222266 0.0213946 0.00083204 0 0.962566 199.138 190.504 8.63434 0 -30.5051 -32.0065 64 11269.9 294.035 171 0.000125115
11000 0.0208574 0.0205681 0.000289303 0 0.986129 201.249 192.561 8.6885 0 -30.536 -33.447 64 11333.9 294.869 172 0.000119582
11100 0.0253371 0.0249071 0.000430022 0 0.983028 203.811 195.052 8.75905 0 -30.5423 -31.0384 64 11461.9 296.53 174 0.000143144
11200 0.0193808 0.0189954 0.000385455 0 0.980112 205.754 196.951 8.80326 0 -30.5644 -32.8813 64 11589.9 298.181 176 0.000107928
11300 0.0239521 0.0236458 0.000306289 0 0.987212 208.176 199.316 8.86049 0 -30.6153 -34.9452 64 11653.9 299.003 177 0.000133592
11400 0.0266694 0.0245352 0.00213416 0 0.919977 210.696 201.769 8.92643 0 -30.6154 -30.6176 64 11781.9 300.64 179 0.000137068
11500 0.0299285 0.0291857 0.000742785 0 0.975181 213.742 204.688 9.05387 0 -30.6046 -29.8618 64 11845.9 301.456 180 0.000162143
11600 0.0237241 0.0229903 0.00073375 0 0.969072 216.13 206.987 9.14297 0 -30.6141 -31.4571 64 11973.9 303.08 182 0.000126321
11700 0.0203142 0.0197349 0.000579341 0 0.971481 218.174 208.96 9.21329 0 -30.6262 -31.906 64 12037.9 303.889 183 0.000107841
11800 0.0227326 0.0218691 0.000863558 0 0.962012 220.425 211.147 9.27833 0 -30.6297 -30.9726 64 12165.9 305.5 185 0.000118211
11900 0.0185137 0.0181764 0.000337301 0 0.981781 222.296 212.965 9.33152 0 -30.6451 -32.4623 64 12229.9 306.303 186 9.77224e-05
12000 0.0185016 0.0182351 0.000266495 0 0.985596 224.16 214.788 9.37182 0 -30.6639 -32.899 64 12357.9 307.902 188 9.69952e-05
12100 0.0168568 0.0162058 0.000650994 0 0.961381 225.811 216.409 9.40186 0 -30.6763 -32.3719 64 12485.9 309.492 190 8.52937e-05
12200 0.0226152 0.021758 0.000857205 0 0.962096 228.055 218.585 9.47074 0 -30.6753 -30.5677 64 12549.9 310.284 191 0.000113916
12300 0.0195785 0.0188735 0.000705038 0 0.963989 230.019 220.472 9.54655 0 -30.6817 -31.4248 64 12677.9 311.863 193 9.779e-05
12400 0.0164953 0.0159301 0.000565219 0 0.965735 231.672 222.065 9.60737 0 -30.6925 -32.1933 64 12741.9 312.649 194 8.2114e-05
12500 0.015727 0.0153102 0.000416806 0 0.973498 233.251 223.596 9.65477 0 -30.7064 -32.7524 64 12869.9 314.215 196 7.81135e-05
12600 0.0150152 0.0146405 0.00037468 0 0.975047 234.756 225.06 9.69574 0 -30.7193 -32.725 64 12933.9 314.996 197 7.43172e-05
12700 0.0172807 0.0166229 0.000657779 0 0.961936 236.501 226.722 9.77903 0 -30.7281 -31.8988 64 13061.9 316.55 199 8.35321e-05
12800 0.0167252 0.0164379 0.000287274 0 0.982824 238.204 228.366 9.83775 0 -30.7477 -33.4734 64 13189.9 318.098 201 8.17807e-05
12900 0.0144082 0.01419 0.000218161 0 0.984859 239.65 229.785 9.86467 0 -30.7691 -34.2941 64 13253.9 318.868 202 7.02477e-05
13000 0.0168942 0.0157944 0.00109984 0 0.934898 241.264 231.365 9.89987 0 -30.7824 -32.7621 64 13381.9 320.405 204 7.74233e-05
13100 0.0205725 0.0198959 0.000676565 0 0.967113 243.333 233.354 9.97865 0 -30.8017 -33.0515 64 13445.9 321.17 205 9.70532e-05
13200 0.021421 0.02026 0.00116098 0 0.945802 245.426 235.38 10.0453 0 -30.8109 -31.8811 64 13573.9 322.695 207 9.78745e-05
13300 0.0259006 0.0244077 0.0014929 0 0.94236 248.01 237.821 10.1895 0 -30.8194 -31.6304 64 13637.9 323.455 208 0.000117345
13400 0.0264239 0.0252245 0.00119933 0 0.954612 250.692 240.343 10.3481 0 -30.8238 -31.2262 64 13765.9 324.969 210 0.000120117
13500 0.0204539 0.0198687 0.000585159 0 0.971391 252.766 242.33 10.4353 0 -30.835 -32.1929 64 13829.9 325.724 211 9.41646e-05
13600 0.0194094 0.0188044 0.000604995 0 0.96883 254.715 244.211 10.5038 0 -30.8418 -31.7202 64 13957.9 327.228 213 8.82837e-05
13700 0.0216352 0.0211099 0.000525293 0 0.97572 256.888 246.322 10.5662 0 -30.8581 -32.7724 64 14085.9 328.725 215 9.81857e-05
13800 0.0176464 0.017411 0.000235349 0 0.986663 258.658 248.063 10.5954 0 -30.8756 -33.4035 64 14149.9 329.47 216 8.06066e-05
13900 0.01456 0.0142959 0.000264082 0 0.981863 260.106 249.492 10.6138 0 -30.8929 -33.9898 64 14277.9 330.957 218 6.55777e-05
14000 0.0140175 0.0139292 8.83939e-05 0 0.993694 261.511 250.885 10.6256 0 -30.9087 -33.8404 64 14341.9 331.698 219 6.36034e-05
14100 0.0169847 0.0160647 0.000920009 0 0.945833 263.18 252.492 10.6883 0 -30.911 -31.2738 64 14469.9 333.175 221 7.26908e-05
14200 0.0141953 0.0137486 0.000446721 0 0.96853 264.633 253.867 10.766 0 -30.9263 -33.6904 64 14533.9 333.911 222 6.19307e-05
14300 0.0129791 0.0125472 0.000431881 0 0.966725 265.934 255.121 10.8121 0 -30.9402 -33.7663 64 14661.9 335.378 224 5.60142e-05
14400 0.0118987 0.0114664 0.000432274 0 0.96367 267.128 256.268 10.8595 0 -30.9552 -34.2977 64 14789.9 336.839 226 5.07364e-05
14500 0.0118871 0.0114998 0.000387305 0 0.967418 268.328 257.418 10.9101 0 -30.971 -34.4783 64 14853.9 337.567 227 5.066e-05
14600 0.0124228 0.0119327 0.000490079 0 0.96055 269.566 258.611 10.9548 0 -30.9819 -33.3462 64 14981.9 339.018 229 5.21078e-05
14700 0.0119754 0.0115771 0.000398302 0 0.96674 270.764 259.769 10.9946 0 -30.9951 -33.9816 64 15045.9 339.742 230 5.0335e-05
14800 0.0166987 0.0156797 0.00101897 0 0.938979 272.406 261.337 11.0689 0 -31.0013 -32.0247 64 15173.9 341.184 232 6.75851e-05
14900 0.0165548 0.0160086 0.000546211 0 0.967006 274.081 262.938 11.1427 0 -31.009 -32.2626 64 15237.9 341.903 233 6.87064e-05
15000 0.0185358 0.0177626 0.000773191 0 0.958287 275.94 264.714 11.2256 0 -31.0181 -32.3575 64 15365.9 343.336 235 7.55855e-05
15100 0.0162611 0.0157729 0.000488288 0 0.969972 277.581 266.291 11.2899 0 -31.028 -32.6872 64 15429.9 344.05 236 6.68341e-05
15200 0.0133337 0.0129766 0.000357098 0 0.973218 278.929 267.589 11.3399 0 -31.0387 -33.2351 64 15557.9 345.474 238 5.45235e-05
15300 0.0150787 0.0145387 0.000540086 0 0.964182 280.422 269.043 11.3792 0 -31.0517 -33.4934 64 15685.9 346.892 240 6.05777e-05
15400 0.0128167 0.0125038 0.000312903 0 0.975586 281.715 270.293 11.4221 0 -31.0661 -34.1842 64 15749.9 347.599 241 5.18829e-05
15500 0.0126492 0.0120123 0.000636945 0 0.949646 282.949 271.495 11.455 0 -31.076 -33.3322 64 15877.9 349.009 243 4.94333e-05
15600 0.0126401 0.0124694 0.000170696 0 0.986496 284.227 272.741 11.4856 0 -31.0922 -34.6855 64 15941.9 349.711 244 5.11043e-05
15700 0.0114031 0.0112778 0.000125339 0 0.989008 285.373 273.869 11.5039 0 -31.1118 -35.9674 64 16069.9 351.113 246 4.58446e-05
15800 0.0100951 0.00990973 0.000185375 0 0.981637 286.381 274.86 11.5207 0 -31.1276 -35.5957 64 16133.9 351.811 247 4.01204e-05
15900 0.00890877 0.00886066 4.81128e-05 0 0.994599 287.278 275.746 11.5314 0 -31.1457 -36.9444 64 16261.9 353.204 249 3.5585e-05
16000 0.00877265 0.00868465 8.80047e-05 0 0.989968 288.158 276.615 11.543 0 -31.1615 -36.3006 64 16389.9 354.591 251 3.46002e-05
16100 0.00888924 0.00876094 0.000128302 0 0.985567 289.047 277.491 11.556 0 -31.1757 -35.7666 64 16453.9 355.283 252 3.47656e-05
16200 0.0128413 0.0125135 0.000327718 0 0.974479 290.349 278.742 11.6064 0 -31.1834 -32.9093 64 16581.9 356.662 254 4.92659e-05
16300 0.01165 0.0114062 0.000243817 0 0.979072 291.508 279.883 11.6254 0 -31.1939 -33.8229 64 16645.9 357.35 255 4.47301e-05
16400 0.0116219 0.0113231 0.000298793 0 0.974291 292.682 281.015 11.667 0 -31.2054 -34.0472 64 16773.9 358.721 257 4.40589e-05
16500 0.00955478 0.00942795 0.000126828 0 0.986726 293.641 281.958 11.6829 0 -31.2181 -35.1157 64 16837.9 359.405 258 3.65424e-05
16600 0.0106772 0.0104425 0.000234772 0 0.978012 294.713 283.002 11.7109 0 -31.2279 -33.9044 64 16965.9 360.768 260 4.01633e-05
16700 0.00973453 0.0096081 0.000126431 0 0.987012 295.692 283.963 11.7293 0 -31.2407 -35.0897 64 17029.9 361.448 261 3.68126e-05
16800 0.00928193 0.00911283 0.000169096 0 0.981782 296.623 284.874 11.7486 0 -31.2533 -35.2649 64 17157.9 362.804 263 3.46495e-05
16900 0.0107576 0.0104302 0.000327391 0 0.969567 297.692 285.917 11.7747 0 -31.2605 -33.26 64 17285.9 364.155 265 3.93593e-05
17000 0.0154852 0.0146629 0.00082231 0 0.946897 299.225 287.384 11.8411 0 -31.2676 -32.6338 64 17349.9 364.828 266 5.51236e-05
17100 0.0150728 0.0139487 0.00112405 0 0.925425 300.711 288.778 11.9322 0 -31.2663 -31.002 64 17477.9 366.171 268 5.20475e-05
17200 0.013929 0.0132341 0.000694947 0 0.950108 302.114 290.102 12.0126 0 -31.2676 -31.5596 64 17541.9 366.841 269 4.91974e-05
17300 0.0133036 0.0125671 0.000736507 0 0.944638 303.449 291.359 12.0906 0 -31.2696 -31.7085 64 17669.9 368.177 271 4.6373e-05
17400 0.0106936 0.0102079 0.000485712 0 0.954579 304.528 292.379 12.1485 0 -31.276 -33.0954 64 17733.9 368.843 272 3.75289e-05
17500 0.0111314 0.0107894 0.000341955 0 0.96928 305.661 293.458 12.2023 0 -31.2852 -33.7554 64 17861.9 370.172 274 3.93775e-05
17600 0.0199386 0.0188047 0.00113395 0 0.943128 307.644 295.339 12.3051 0 -31.2567 -26.8559 64 17989.9 371.496 276 6.81328e-05
17700 0.02857 0.0266901 0.00187992 0 0.934199 310.544 298.008 12.5365 0 -31.2373 -29.1896 64 18053.9 372.156 277 9.6354e-05
17800 0.0306535 0.0287059 0.00194761 0 0.936464 313.635 300.878 12.7565 0 -31.2217 -29.6528 64 18181.9 373.473 279 0.000102889
17900 0.022028 0.0204663 0.00156174 0 0.929102 315.855 302.925 12.93 0 -31.2115 -29.767 64 18245.9 374.13 280 7.3094e-05
18000 0.0206362 0.019288 0.00134824 0 0.934666 317.918 304.854 13.0639 0 -31.204 -30.0535 64 18373.9 375.44 282 6.83971e-05
18100 0.0205361 0.0196947 0.000841362 0 0.95903 319.998 306.823 13.1745 0 -31.2043 -31.2488 64 18437.9 376.093 283 6.95925e-05
18200 0.0185573 0.0178351 0.000722165 0 0.961085 321.861 308.607 13.2543 0 -31.2041 -31.1688 64 18565.9 377.396 285 6.25794e-05
18300 0.0160702 0.0157246 0.000345609 0 0.978494 323.496 310.179 13.3172 0 -31.2064 -31.6655 64 18629.9 378.046 286 5.49812e-05
18400 0.0199937 0.0194117 0.000581992 0 0.970891 325.492 312.12 13.3721 0 -31.1985 -29.9093 64 18757.9 379.343 288 6.74018e-05
18500 0.0226939 0.0211725 0.0015214 0 0.93296 327.687 314.238 13.4489 0 -31.1881 -29.6545 64 18885.9 380.635 290 7.30087e-05
18600 0.0218339 0.0207216 0.00111228 0 0.949057 329.847 316.31 13.5367 0 -31.179 -29.7945 64 18949.9 381.279 291 7.12082e-05
18700 0.0231642 0.0219898 0.00117447 0 0.949298 332.148 318.509 13.6392 0 -31.1658 -29.2684 64 19077.9 382.565 293 7.50504e-05
18800 0.0211482 0.0205103 0.000637863 0 0.969838 334.274 320.56 13.7144 0 -31.1614 -30.4837 64 19141.9 383.206 294 6.97629e-05
18900 0.0253275 0.0240456 0.00128189 0 0.949387 336.78 322.964 13.8157 0 -31.1463 -29.1288 64 19269.9 384.485 296 8.12353e-05
19000 0.025167 0.0243665 0.000800548 0 0.968191 339.336 325.401 13.9346 0 -31.1356 -29.7297 64 19333.9 385.123 297 8.2042e-05
19100 0.0202661 0.0196362 0.000629893 0 0.968919 341.386 327.365 14.0211 0 -31.1336 -30.7942 64 19461.9 386.396 299 6.56728e-05
19200 0.0207385 0.0200928 0.000645713 0 0.968864 343.471 329.374 14.0973 0 -31.1314 -30.7759 64 19589.9 387.664 301 6.67534e-05
19300 0.0204347 0.0198834 0.000551243 0 0.973024 345.54 331.362 14.1781 0 -31.1375 -32.1463 64 19653.9 388.297 302 6.58392e-05
19400 0.0168163 0.016435 0.000381337 0 0.977323 347.23 333.006 14.2239 0 -31.1411 -31.8779 64 19781.9 389.56 304 5.40624e-05
19500 0.0147845 0.0145636 0.000220879 0 0.98506 348.723 334.462 14.261 0 -31.1464 -32.3851 64 19845.9 390.189 305 4.77497e-05
19600 0.028741 0.0272334 0.00150763 0 0.947544 351.564 337.185 14.3782 0 -31.1308 -29.2119 64 19973.9 391.445 307 8.8708e-05
19700 0.0297403 0.0287226 0.00101778 0 0.965778 354.552 340.058 14.4945 0 -31.1392 -32.1257 64 20037.9 392.072 308 9.3255e-05
19800 0.0377024 0.0355144 0.00218796 0 0.941968 358.267 343.609 14.6575 0 -31.1226 -29.5376 64 20165.9 393.322 310 0.000114563
19900 0.0304072 0.0290562 0.00135101 0 0.955569 361.352 346.515 14.8371 0 -31.1117 -29.8458 64 20229.9 393.946 311 9.34284e-05
20000 0.0271518 0.0256031 0.00154879 0 0.942958 364.06 349.075 14.9847 0 -31.1081 -30.6312 64 20357.9 395.19 313 8.17989e-05
