100 0.114078 0.103769 0.0103088 0 0.909634 11.0432 10.3769 0.666288 0 -26.6917 -26.6917 2 427.882 57.293 51 0.00203469
200 0.262009 0.244098 0.0179107 0 0.931641 37.0249 34.7867 2.23817 0 -27.1406 -27.3314 2 527.882 63.6368 101 0.00241681
300 0.341517 0.319708 0.0218089 0 0.936141 71.2299 66.7575 4.47242 0 -27.3881 -27.6561 2 627.882 69.4031 151 0.00211727
400 0.355619 0.329997 0.0256215 0 0.927952 106.66 99.7572 6.90306 0 -27.2856 -27.0793 2 727.882 74.7258 201 0.00164178
500 0.357743 0.329912 0.0278313 0 0.922203 142.175 132.748 9.4265 0 -27.4002 -27.7445 2 827.882 79.6937 251 0.00131439
600 0.399734 0.373666 0.0260678 0 0.934787 182.297 170.115 12.1818 0 -27.3908 -27.3573 2 927.882 84.3697 301 0.00124142
700 0.356384 0.332021 0.0243638 0 0.931636 217.944 203.317 14.6266 0 -27.4499 -27.7524 2 1027.88 88.7997 351 0.000945928
800 0.354887 0.33145 0.0234363 0 0.933961 253.486 236.462 17.0239 0 -27.5332 -28.0443 2 1127.88 93.019 401 0.000826559
900 0.456839 0.427406 0.0294325 0 0.935574 299.032 279.203 19.8296 0 -27.6092 -28.0317 2 1227.88 97.0551 451 0.000947686
1000 0.472565 0.443275 0.0292894 0 0.93802 346.251 323.53 22.7211 0 -27.697 -28.2536 2 1327.88 100.93 501 0.000884781
1100 0.446268 0.419279 0.0269889 0 0.939523 390.958 365.458 25.4994 0 -27.7915 -28.5231 2 1427.88 104.661 551 0.000760942
1200 0.51386 0.481581 0.0322786 0 0.937184 442.143 413.616 28.527 0 -27.7643 -27.5563 2 1527.88 108.264 601 0.0008013
1300 0.548189 0.512902 0.0352872 0 0.935629 496.977 464.906 32.071 0 -27.7911 -28.0075 2 1627.88 111.751 651 0.000787867
1400 0.598889 0.55957 0.0393186 0 0.934347 556.658 520.863 35.7949 0 -27.8425 -28.2706 2 1727.88 115.132 701 0.000798246
1500 0.566204 0.532782 0.033422 0 0.940972 613.657 574.142 39.5149 0 -27.9104 -28.5736 2 1827.88 118.417 751 0.00070943
1600 0.486473 0.459177 0.0272966 0 0.943889 662.693 620.059 42.6338 0 -28.0009 -29.1335 2 1927.88 121.613 801 0.000573254
1700 0.474989 0.450016 0.0249725 0 0.947425 710.316 665.061 45.2551 0 -28.1079 -29.5972 2 2027.88 124.727 851 0.000528809
1800 0.553517 0.52281 0.0307069 0 0.944524 765.546 717.342 48.2045 0 -28.17 -28.9686 2 2127.88 127.766 901 0.000580255
1900 0.594994 0.557875 0.0371195 0 0.937614 824.47 773.129 51.3407 0 -28.2226 -28.9051 2 2227.88 130.733 951 0.000586619
2000 0.615626 0.584716 0.0309093 0 0.949792 886.253 831.601 54.6515 0 -28.2843 -29.1086 2 2327.88 133.635 1001 0.000584132
2100 0.654605 0.620131 0.0344733 0 0.947337 951.65 893.614 58.0357 0 -28.3634 -29.4346 2 2427.88 136.475 1051 0.000590039
2200 0.594436 0.56369 0.0307454 0 0.948278 1011.17 949.983 61.1918 0 -28.4358 -29.5945 2 2527.88 139.257 1101 0.00051198
2300 0.616145 0.587636 0.0285084 0 0.953731 1073.02 1008.75 64.2686 0 -28.5217 -29.9253 2 2627.88 141.985 1151 0.000510544
2400 0.636151 0.600114 0.0360368 0 0.943352 1136.16 1068.76 67.4012 0 -28.5727 -29.4395 2 2727.88 144.661 1201 0.000499679
2500 0.675881 0.63877 0.0371116 0 0.945092 1203.38 1132.64 70.7463 0 -28.6177 -29.3781 2 2827.88 147.289 1251 0.000510607
2600 0.719493 0.68353 0.0359631 0 0.950016 1275.38 1200.99 74.3888 0 -28.6668 -29.4879 2 2927.88 149.871 1301 0.000525388
2700 0.722311 0.685097 0.0372149 0 0.948478 1347.66 1269.5 78.1662 0 -28.7207 -29.6719 2 3027.88 152.409 1351 0.000507103
2800 0.751685 0.714621 0.0370639 0 0.950692 1422.89 1340.96 81.9326 0 -28.7715 -29.6814 2 3127.88 154.905 1401 0.000510079
2900 0.671126 0.640184 0.0309423 0 0.953895 1490.32 1404.98 85.3369 0 -28.8257 -29.9689 2 3227.88 157.362 1451 0.000441202
3000 0.659054 0.631532 0.0275215 0 0.958241 1556.48 1468.13 88.3523 0 -28.8859 -30.2433 2 3327.88 159.781 1501 0.000420741
3100 0.641443 0.613871 0.0275719 0 0.957016 1620.7 1529.52 91.1855 0 -28.9347 -30.1156 2 3427.88 162.163 1551 0.00039579
3200 0.69669 0.665167 0.0315226 0 0.954754 1690.44 1596.04 94.4031 0 -28.9812 -30.0624 2 3527.88 164.512 1601 0.00041547
3300 0.698187 0.665399 0.0327881 0 0.953038 1760.45 1662.58 97.87 0 -29.0261 -30.1092 2 3627.88 166.827 1651 0.000403028
3400 0.708997 0.675273 0.0337239 0 0.952434 1831.45 1730.1 101.347 0 -29.0635 -29.9909 2 3727.88 169.111 1701 0.000396986
3500 0.67894 0.645407 0.0335335 0 0.950609 1899.32 1794.64 104.676 0 -29.1063 -30.2624 2 3827.88 171.364 1751 0.000368593
3600 0.685102 0.654866 0.0302359 0 0.955867 1968 1860.13 107.872 0 -29.1355 -29.9417 2 3927.88 173.588 1801 0.000363612
3700 0.669057 0.639177 0.0298804 0 0.95534 2034.83 1924.05 110.786 0 -29.1689 -30.1548 2 4027.88 175.784 1851 0.000345314
3800 0.619331 0.595226 0.0241056 0 0.961078 2097.08 1983.57 113.51 0 -29.2127 -30.6449 2 4127.88 177.952 1901 0.000313112
3900 0.649619 0.624896 0.0247237 0 0.961941 2162.04 2046.06 115.978 0 -29.2526 -30.5392 2 4227.88 180.095 1951 0.000320295
4000 0.643714 0.618133 0.0255813 0 0.96026 2226.38 2107.87 118.504 0 -29.2911 -30.5853 2 4327.88 182.212 2001 0.000308912
4100 0.678935 0.649441 0.0294944 0 0.956558 2293.99 2172.82 121.176 0 -29.3213 -30.314 2 4427.88 184.305 2051 0.000316646
4200 0.70974 0.68129 0.0284502 0 0.959915 2365 2240.95 124.058 0 -29.3478 -30.2066 2 4527.88 186.375 2101 0.000324269
4300 0.693146 0.663056 0.03009 0 0.956589 2434.22 2307.25 126.971 0 -29.3767 -30.3619 2 4627.88 188.422 2151 0.000308255
4400 0.688845 0.658974 0.0298711 0 0.956636 2503.26 2373.15 130.11 0 -29.4082 -30.5188 2 4727.88 190.447 2201 0.000299398
4500 0.667852 0.640986 0.0268653 0 0.959774 2570.27 2437.25 133.022 0 -29.4354 -30.451 2 4827.88 192.45 2251 0.000284756
4600 0.646747 0.62034 0.0264069 0 0.95917 2634.99 2499.28 135.707 0 -29.4687 -30.7939 2 4927.88 194.433 2301 0.000269596
4700 0.643794 0.619843 0.023951 0 0.962797 2699.59 2561.27 138.32 0 -29.4991 -30.7398 2 5027.88 196.396 2351 0.000263651
4800 0.627157 0.604511 0.0226463 0 0.96389 2762.41 2621.72 140.697 0 -29.5324 -30.9628 2 5127.88 198.339 2401 0.000251775
4900 0.666108 0.643623 0.0224843 0 0.966245 2829.33 2686.08 143.255 0 -29.5691 -31.0839 2 5227.88 200.264 2451 0.000262596
5000 0.644142 0.61702 0.0271218 0 0.957895 2893.57 2747.78 145.787 0 -29.5954 -30.7522 2 5327.88 202.17 2501 0.000246709
5100 0.700749 0.673727 0.0270218 0 0.961439 2963.84 2815.15 148.682 0 -29.6187 -30.5804 2 5427.88 204.059 2551 0.000264103
5200 0.672553 0.647522 0.025031 0 0.962782 3031.3 2879.91 151.394 0 -29.6488 -30.9706 2 5527.88 205.93 2601 0.000248951
5300 0.66103 0.636555 0.0244754 0 0.962974 3097.4 2943.56 153.839 0 -29.6802 -31.1199 2 5627.88 207.784 2651 0.000240119
5400 0.699251 0.674069 0.0251817 0 0.963988 3167.21 3010.97 156.243 0 -29.6991 -30.5361 2 5727.88 209.622 2701 0.000249563
5500 0.700539 0.677255 0.0232835 0 0.966763 3237.48 3078.69 158.784 0 -29.7298 -31.115 2 5827.88 211.444 2751 0.000246185
5600 0.667402 0.639623 0.0277795 0 0.958377 3303.91 3142.66 161.257 0 -29.7535 -30.9073 2 5927.88 213.25 2801 0.000228355
5700 0.671545 0.646051 0.0254935 0 0.962038 3371.23 3207.26 163.964 0 -29.7764 -30.901 2 6027.88 215.042 2851 0.000226605
5800 0.671309 0.645212 0.0260975 0 0.961125 3438.45 3271.78 166.663 0 -29.7989 -30.9244 2 6127.88 216.818 2901 0.00022241
5900 0.669988 0.641916 0.0280719 0 0.958101 3505.27 3335.97 169.297 0 -29.8172 -30.7622 2 6227.88 218.58 2951 0.000217525
6000 0.747163 0.718446 0.0287174 0 0.961565 3580.12 3407.82 172.297 0 -29.8295 -30.4033 2 6327.88 220.328 3001 0.000239402
6100 0.685217 0.658694 0.0265225 0 0.961293 3648.86 3473.69 175.174 0 -29.8494 -30.8892 2 6427.88 222.062 3051 0.000215894
6200 0.667103 0.642558 0.0245444 0 0.963207 3715.75 3537.94 177.804 0 -29.8762 -31.3366 2 6527.88 223.783 3101 0.00020721
6300 0.695505 0.671017 0.0244873 0 0.964792 3785.49 3605.05 180.442 0 -29.8986 -31.0942 2 6627.88 225.49 3151 0.000212954
6400 0.709291 0.679032 0.0302586 0 0.95734 3856.11 3672.95 183.164 0 -29.9137 -30.7181 2 6727.88 227.185 3201 0.000212131
6500 0.745619 0.713601 0.0320176 0 0.957059 3930.57 3744.31 186.259 0 -29.9344 -31.0111 2 6827.88 228.867 3251 0.000219502
6600 0.742615 0.712629 0.0299855 0 0.959622 4004.87 3815.57 189.302 0 -29.9529 -30.9287 2 6927.88 230.537 3301 0.000215883
6700 0.716065 0.684835 0.0312305 0 0.956386 4076.38 3884.06 192.323 0 -29.9736 -31.1319 2 7027.88 232.195 3351 0.000204367
6800 0.752884 0.719732 0.0331528 0 0.955966 4151.5 3956.03 195.475 0 -29.9887 -30.8115 2 7127.88 233.841 3401 0.000211624
6900 0.70519 0.676492 0.0286982 0 0.959304 4222.24 4023.68 198.56 0 -30.0073 -31.0979 2 7227.88 235.475 3451 0.000196028
7000 0.691207 0.661955 0.0292524 0 0.957679 4291.29 4089.87 201.418 0 -30.0304 -31.4403 2 7327.88 237.099 3501 0.000189076
7100 0.717933 0.682468 0.0354644 0 0.950602 4362.52 4158.12 204.403 0 -30.0467 -31.0289 2 7427.88 238.711 3551 0.00019219
7200 0.792175 0.754251 0.0379242 0 0.952127 4441.36 4233.55 207.811 0 -30.0599 -30.7932 2 7527.88 240.313 3601 0.000209456
7300 0.805455 0.771463 0.0339915 0 0.957798 4521.92 4310.69 211.231 0 -30.0722 -30.7462 2 7627.88 241.903 3651 0.000211302
7400 0.767906 0.73571 0.0321959 0 0.958073 4598.72 4384.26 214.462 0 -30.085 -30.842 2 7727.88 243.484 3701 0.000198787
7500 0.789815 0.756906 0.0329092 0 0.958333 4677.75 4459.95 217.795 0 -30.0945 -30.6463 2 7827.88 245.054 3751 0.000201788
7600 0.75535 0.725902 0.0294484 0 0.961014 4753.43 4532.54 220.885 0 -30.1085 -30.9768 2 7927.88 246.615 3801 0.000190976
7700 0.739691 0.712457 0.027234 0 0.963182 4827.48 4603.79 223.689 0 -30.1288 -31.4277 2 8027.88 248.165 3851 0.000185006
7800 0.72207 0.697809 0.024261 0 0.966401 4900 4673.57 226.429 0 -30.1506 -31.6005 2 8127.88 249.706 3901 0.000178879
7900 0.675337 0.652363 0.0229739 0 0.965982 4967.64 4738.81 228.836 0 -30.1729 -31.7894 2 8227.88 251.237 3951 0.000165113
8000 0.76574 0.736232 0.0295087 0 0.961464 5043.93 4812.43 231.499 0 -30.1873 -31.1241 2 8327.88 252.759 4001 0.000184012
8100 0.777156 0.748391 0.0287656 0 0.962986 5121.83 4887.27 234.565 0 -30.2021 -31.1638 2 8427.88 254.272 4051 0.000184742
8200 0.729092 0.699254 0.0298385 0 0.959074 5194.47 4957.19 237.273 0 -30.2148 -31.1058 2 8527.88 255.777 4101 0.000170508
8300 0.781474 0.750083 0.0313912 0 0.959831 5272.52 5032.2 240.313 0 -30.2265 -31.0097 2 8627.88 257.272 4151 0.000180699
8400 0.819451 0.784502 0.0349489 0 0.957351 5354.31 5110.65 243.656 0 -30.2272 -30.2716 2 8727.88 258.758 4201 0.000186742
8500 0.803407 0.771568 0.0318385 0 0.960371 5434.84 5187.81 247.034 0 -30.2332 -30.6297 2 8827.88 260.237 4251 0.000181503
8600 0.773109 0.746146 0.0269635 0 0.965123 5512.49 5262.42 250.064 0 -30.2471 -31.2227 2 8927.88 261.706 4301 0.000173482
8700 0.725864 0.699937 0.0259268 0 0.964281 5585.17 5332.42 252.754 0 -30.2636 -31.5177 2 9027.88 263.168 4351 0.000160868
8800 0.71293 0.68832 0.0246102 0 0.96548 5656.47 5401.25 255.218 0 -30.279 -31.4856 2 9127.88 264.621 4401 0.000156401
8900 0.701725 0.681283 0.0204424 0 0.970868 5726.93 5469.38 257.547 0 -30.2974 -31.7695 2 9227.88 266.067 4451 0.000153063
9000 0.699796 0.676106 0.0236903 0 0.966147 5796.68 5536.99 259.696 0 -30.3131 -31.6053 2 9327.88 267.505 4501 0.000150212
9100 0.721273 0.697084 0.0241891 0 0.966463 5868.64 5606.7 261.943 0 -30.3274 -31.475 2 9427.88 268.935 4551 0.000153172
9200 0.734317 0.705397 0.0289196 0 0.960617 5941.77 5677.24 264.537 0 -30.3373 -31.1353 2 9527.88 270.357 4601 0.000153314
9300 0.742775 0.715776 0.0269986 0 0.963652 6015.94 5748.81 267.127 0 -30.3488 -31.2677 2 9627.88 271.772 4651 0.000153897
9400 0.7727 0.74269 0.0300101 0 0.961162 6093.23 5823.08 270.151 0 -30.3583 -31.1027 2 9727.88 273.18 4701 0.000157986
9500 0.82139 0.790679 0.0307111 0 0.962611 6175.37 5902.15 273.214 0 -30.3653 -30.878 2 9827.88 274.581 4751 0.000166424
9600 0.812195 0.77824 0.0339549 0 0.958194 6256.34 5979.98 276.361 0 -30.3753 -31.1394 2 9927.88 275.974 4801 0.0001621
9700 0.815764 0.783211 0.0325526 0 0.960096 6337.87 6058.3 279.575 0 -30.3871 -31.2927 2 10027.9 277.361 4851 0.000161454
9800 0.759346 0.729934 0.0294123 0 0.961266 6413.85 6131.29 282.56 0 -30.3995 -31.4352 2 10127.9 278.74 4901 0.000148936
9900 0.775222 0.74645 0.0287728 0 0.962884 6491.52 6205.93 285.589 0 -30.4151 -31.6995 2 10227.9 280.113 4951 0.000150767
10000 0.790267 0.763016 0.0272508 0 0.965517 6570.73 6282.24 288.491 0 -30.4313 -31.7609 2 10327.9 281.479 5001 0.000152573
10100 0.777914 0.750642 0.0272724 0 0.964942 6648.62 6357.3 291.321 0 -30.4438 -31.5026 2 10427.9 282.838 5051 0.000148613
10200 0.7711 0.743712 0.0273875 0 0.964482 6725.79 6431.67 294.12 0 -30.4571 -31.6049 2 10527.9 284.191 5101 0.000145797
10300 0.732396 0.706567 0.0258293 0 0.964733 6799.21 6502.33 296.879 0 -30.4728 -31.9089 2 10627.9 285.538 5151 0.000137171
10400 0.775399 0.744161 0.0312375 0 0.959714 6876.38 6576.74 299.634 0 -30.4839 -31.4555 2 10727.9 286.878 5201 0.00014308
10500 0.777987 0.753332 0.0246549 0 0.968309 6954.51 6652.08 302.434 0 -30.4957 -31.5376 2 10827.9 288.212 5251 0.000143464
10600 0.793639 0.765124 0.0285148 0 0.964071 7033.69 6728.59 305.101 0 -30.5006 -30.9305 2 10927.9 289.54 5301 0.000144336
10700 0.830572 0.802162 0.0284103 0 0.965794 7116.81 6808.81 308 0 -30.5063 -30.9866 2 11027.9 290.861 5351 0.000149909
10800 0.784175 0.756484 0.0276915 0 0.964687 7195.24 6884.45 310.787 0 -30.5141 -31.2255 2 11127.9 292.177 5401 0.000140064
10900 0.844539 0.813599 0.0309402 0 0.963364 7279.7 6965.81 313.889 0 -30.5217 -31.1663 2 11227.9 293.487 5451 0.000149257
11000 0.781379 0.753041 0.0283384 0 0.963733 7357.95 7041.12 316.833 0 -30.5296 -31.2696 2 11327.9 294.791 5501 0.000136892
11100 0.815085 0.786264 0.0288203 0 0.964641 7439.57 7119.75 319.822 0 -30.536 -31.1098 2 11427.9 296.089 5551 0.000141644
11200 0.856494 0.825349 0.0311447 0 0.963637 7525.31 7202.28 323.033 0 -30.5456 -31.3837 2 11527.9 297.382 5601 0.000147357
11300 0.77131 0.744696 0.0266145 0 0.965494 7602.65 7276.75 325.903 0 -30.5549 -31.4555 2 11627.9 298.669 5651 0.000131781
11400 0.820782 0.790217 0.0305646 0 0.962762 7684.5 7355.77 328.727 0 -30.5662 -31.6167 2 11727.9 299.951 5701 0.00013861
11500 0.86375 0.831183 0.0325668 0 0.962296 7770.78 7438.89 331.895 0 -30.5761 -31.4526 2 11827.9 301.227 5751 0.000144528
11600 0.830322 0.797262 0.03306 0 0.960184 7853.66 7518.62 335.047 0 -30.5882 -31.726 2 11927.9 302.497 5801 0.000137435
11700 0.809665 0.782391 0.0272742 0 0.966314 7934.96 7596.86 338.101 0 -30.6037 -32.1005 2 12027.9 303.763 5851 0.000133719
11800 0.75395 0.729971 0.0239782 0 0.968197 8010.75 7669.85 340.898 0 -30.6165 -31.963 2 12127.9 305.023 5901 0.000123703
11900 0.827149 0.795852 0.0312975 0 0.962162 8093.15 7749.44 343.716 0 -30.6275 -31.6886 2 12227.9 306.278 5951 0.000133734
12000 0.868656 0.838154 0.0305022 0 0.964886 8180.22 7833.25 346.963 0 -30.6368 -31.5058 2 12327.9 307.528 6001 0.000139669
12100 0.814652 0.786383 0.0282697 0 0.965298 8261.8 7911.89 349.907 0 -30.6464 -31.6107 2 12427.9 308.773 6051 0.000129959
12200 0.786209 0.757133 0.0290763 0 0.963017 8340.22 7987.6 352.617 0 -30.6589 -31.9762 2 12527.9 310.012 6101 0.0001241
12300 0.803836 0.776002 0.0278342 0 0.965373 8420.69 8065.2 355.482 0 -30.6701 -31.8263 2 12627.9 311.247 6151 0.000126159
12400 0.792645 0.765236 0.027409 0 0.965421 8500.06 8141.73 358.336 0 -30.6807 -31.8052 2 12727.9 312.477 6201 0.000123405
12500 0.812928 0.784339 0.0285894 0 0.964832 8581.54 8220.16 361.374 0 -30.6907 -31.7357 2 12827.9 313.702 6251 0.000125474
12600 0.782582 0.754191 0.0283913 0 0.963721 8659.82 8295.58 364.237 0 -30.7024 -31.9895 2 12927.9 314.923 6301 0.000119694
12700 0.825133 0.795541 0.0295927 0 0.964136 8742.49 8375.14 367.351 0 -30.7125 -31.766 2 13027.9 316.138 6351 0.000125262
12800 0.79895 0.770524 0.0284257 0 0.964421 8822.54 8452.19 370.351 0 -30.7241 -31.9878 2 13127.9 317.349 6401 0.000120376
12900 0.812168 0.783358 0.0288099 0 0.964527 8903.83 8530.52 373.306 0 -30.737 -32.1381 2 13227.9 318.556 6451 0.000121432
13000 0.819849 0.790567 0.0292829 0 0.964283 8985.79 8609.58 376.209 0 -30.7469 -31.825 2 13327.9 319.757 6501 0.000121607
13100 0.833756 0.803874 0.0298818 0 0.96416 9069.24 8689.97 379.27 0 -30.7528 -31.3875 2 13427.9 320.955 6551 0.00012271
13200 0.781814 0.753222 0.0285918 0 0.963429 9147.35 8765.29 382.065 0 -30.7595 -31.5359 2 13527.9 322.148 6601 0.000114107
13300 0.787311 0.761137 0.0261742 0 0.966755 9226.33 8841.4 384.93 0 -30.7645 -31.3429 2 13627.9 323.336 6651 0.00011444
13400 0.742385 0.71743 0.0249555 0 0.966385 9300.81 8913.15 387.666 0 -30.7737 -31.9139 2 13727.9 324.52 6701 0.000107063
13500 0.732235 0.709306 0.0229292 0 0.968686 9374.21 8984.08 390.13 0 -30.7852 -32.2469 2 13827.9 325.7 6751 0.000105067
13600 0.768519 0.742722 0.0257975 0 0.966432 9451.03 9058.35 392.678 0 -30.793 -31.7453 2 13927.9 326.876 6801 0.000109208
13700 0.779422 0.747997 0.0314257 0 0.959681 9528.5 9133.15 395.347 0 -30.7999 -31.6396 2 14027.9 328.047 6851 0.000109181
13800 0.849593 0.819761 0.0298319 0 0.964887 9613.5 9215.12 398.378 0 -30.8029 -31.1441 2 14127.9 329.214 6901 0.000118789
13900 0.83417 0.802969 0.0312012 0 0.962596 9696.94 9295.42 401.522 0 -30.8065 -31.2151 2 14227.9 330.377 6951 0.000115518
14000 0.806486 0.777416 0.02907 0 0.963955 9777.71 9373.16 404.543 0 -30.8131 -31.6072 2 14327.9 331.536 7001 0.000111044
14100 0.82874 0.79379 0.03495 0 0.957828 9860.2 9452.54 407.662 0 -30.8166 -31.2314 2 14427.9 332.691 7051 0.000112578
14200 0.829939 0.796795 0.033144 0 0.960065 9943.18 9532.22 410.953 0 -30.8205 -31.2823 2 14527.9 333.842 7101 0.000112209
14300 0.840368 0.808956 0.0314119 0 0.962621 10027.1 9613.12 413.973 0 -30.8234 -31.1727 2 14627.9 334.989 7151 0.000113125
14400 0.842336 0.813023 0.0293126 0 0.965201 10111.6 9694.42 417.156 0 -30.8262 -31.1551 2 14727.9 336.132 7201 0.000112904
14500 0.811731 0.783764 0.0279673 0 0.965546 10193.1 9772.8 420.289 0 -30.8311 -31.4433 2 14827.9 337.271 7251 0.00010809
14600 0.830615 0.802318 0.0282968 0 0.965933 10276.5 9853.03 423.443 0 -30.8358 -31.406 2 14927.9 338.407 7301 0.000109892
14700 0.806872 0.778775 0.0280963 0 0.965179 10357.2 9930.91 426.31 0 -30.8422 -31.6518 2 15027.9 339.538 7351 0.000105941
14800 0.806408 0.780461 0.0259469 0 0.967824 10438.2 10009 429.219 0 -30.8476 -31.5441 2 15127.9 340.666 7401 0.000105453
14900 0.850097 0.820005 0.0300919 0 0.964602 10523.3 10091 432.324 0 -30.8508 -31.2455 2 15227.9 341.79 7451 0.000110053
15000 0.887193 0.852919 0.0342734 0 0.961369 10612 10176.2 435.734 0 -30.8541 -31.2452 2 15327.9 342.911 7501 0.000113707
15100 0.888009 0.852924 0.0350847 0 0.960491 10700.7 10261.5 439.206 0 -30.8565 -31.1351 2 15427.9 344.028 7551 0.000112955
15200 0.842603 0.814135 0.0284685 0 0.966214 10785.4 10343 442.422 0 -30.8633 -31.7238 2 15527.9 345.141 7601 0.000107109
15300 0.906797 0.866699 0.0400981 0 0.955781 10875.4 10429.6 445.816 0 -30.8658 -31.1733 2 15627.9 346.25 7651 0.000113279
15400 0.94343 0.908654 0.034776 0 0.963139 10970.1 10520.5 449.569 0 -30.8704 -31.3952 2 15727.9 347.356 7701 0.000117992
15500 0.861331 0.831741 0.02959 0 0.965646 11056.5 10603.7 452.86 0 -30.8761 -31.6056 2 15827.9 348.459 7751 0.000107308
15600 0.84666 0.817377 0.0292828 0 0.965414 11141.2 10685.4 455.843 0 -30.8809 -31.5043 2 15927.9 349.558 7801 0.000104779
15700 0.871609 0.838997 0.0326122 0 0.962584 11228.4 10769.3 459.077 0 -30.8839 -31.2654 2 16027.9 350.653 7851 0.000106865
15800 0.855858 0.824076 0.0317823 0 0.962865 11314.1 10851.7 462.396 0 -30.8874 -31.3388 2 16127.9 351.746 7901 0.0001043
15900 0.875166 0.843336 0.0318293 0 0.963631 11401.7 10936 465.648 0 -30.8911 -31.3708 2 16227.9 352.834 7951 0.000106067
16000 0.891831 0.858556 0.0332755 0 0.962689 11491 11021.9 469.134 0 -30.8935 -31.2036 2 16327.9 353.92 8001 0.000107306
16100 0.843101 0.813285 0.0298156 0 0.964636 11575.4 11103.2 472.207 0 -30.9003 -31.8263 2 16427.9 355.002 8051 0.000101017
16200 0.872889 0.842261 0.0306283 0 0.964912 11662.7 11187.4 475.301 0 -30.9053 -31.5613 2 16527.9 356.081 8101 0.00010397
16300 0.873068 0.837961 0.0351069 0 0.959789 11749.7 11271.2 478.467 0 -30.9092 -31.437 2 16627.9 357.156 8151 0.000102805
16400 1.0094 0.969656 0.0397484 0 0.960622 11850.5 11368.2 482.262 0 -30.9113 -31.1616 2 16727.9 358.229 8201 0.000118236
16500 0.971685 0.930147 0.0415379 0 0.957252 11947.4 11461.2 486.126 0 -30.9129 -31.1071 2 16827.9 359.298 8251 0.000112731
16600 0.936822 0.90034 0.0364817 0 0.961058 12041.1 11551.3 489.87 0 -30.9161 -31.325 2 16927.9 360.364 8301 0.000108462
16700 0.946705 0.910992 0.0357132 0 0.962276 12136 11642.4 493.675 0 -30.9179 -31.137 2 17027.9 361.427 8351 0.000109088
16800 0.987801 0.946357 0.0414446 0 0.958044 12234.6 11737 497.652 0 -30.9195 -31.1202 2 17127.9 362.487 8401 0.000112648
16900 0.964308 0.928211 0.0360968 0 0.962567 12331.3 11829.8 501.462 0 -30.9231 -31.3865 2 17227.9 363.543 8451 0.000109834
17000 0.950441 0.916585 0.0338566 0 0.964378 12426.6 11921.5 505.144 0 -30.9281 -31.5738 2 17327.9 364.597 8501 0.000107821
17100 0.911053 0.879359 0.0316943 0 0.965211 12518 12009.4 508.55 0 -30.9317 -31.4161 2 17427.9 365.647 8551 0.000102837
17200 0.909316 0.877672 0.0316445 0 0.9652 12608.9 12097.2 511.697 0 -30.935 -31.3887 2 17527.9 366.695 8601 0.000102043
17300 0.975261 0.942524 0.0327373 0 0.966432 12706.6 12191.4 515.153 0 -30.9363 -31.1024 2 17627.9 367.739 8651 0.00010895
17400 0.949495 0.917142 0.0323531 0 0.965926 12801.6 12283.1 518.495 0 -30.9385 -31.2364 2 17727.9 368.781 8701 0.000105407
17500 0.990074 0.954887 0.0351873 0 0.96446 12900.6 12378.6 521.954 0 -30.939 -30.9994 2 17827.9 369.82 8751 0.000109117
17600 0.97381 0.939247 0.0345628 0 0.964508 12998.2 12472.6 525.613 0 -30.9413 -31.2527 2 17927.9 370.855 8801 0.000106721
17700 0.943456 0.908325 0.035131 0 0.962764 13092.5 12563.4 529.068 0 -30.944 -31.3111 2 18027.9 371.888 8851 0.000102624
17800 0.946275 0.916577 0.0296988 0 0.968615 13187.5 12655 532.49 0 -30.9459 -31.2058 2 18127.9 372.918 8901 0.000102975
17900 0.881726 0.853002 0.0287242 0 0.967423 13275.7 12740.3 535.363 0 -30.9496 -31.5019 2 18227.9 373.945 8951 9.52968e-05
18000 0.892532 0.862351 0.0301811 0 0.966185 13364.7 12826.6 538.15 0 -30.9525 -31.3936 2 18327.9 374.97 9001 9.58062e-05
18100 0.91336 0.883929 0.0294305 0 0.967778 13456.1 12915 541.127 0 -30.9553 -31.3659 2 18427.9 375.991 9051 9.7661e-05
18200 0.909184 0.880919 0.0282648 0 0.968912 13547.1 13003.1 544.053 0 -30.9599 -31.6307 2 18527.9 377.01 9101 9.67937e-05
18300 0.930399 0.897479 0.0329209 0 0.964616 13639.9 13092.8 547.123 0 -30.9625 -31.3395 2 18627.9 378.026 9151 9.80744e-05
18400 0.925764 0.894095 0.0316687 0 0.965792 13732.6 13182.2 550.421 0 -30.9643 -31.2303 2 18727.9 379.039 9201 9.71737e-05
18500 0.904024 0.874059 0.0299651 0 0.966854 13823.3 13269.6 553.712 0 -30.9674 -31.4447 2 18827.9 380.05 9251 9.44826e-05
18600 0.889243 0.856587 0.0326564 0 0.963276 13912 13355.3 556.759 0 -30.9713 -31.5807 2 18927.9 381.058 9301 9.20962e-05
18700 0.91975 0.887777 0.031973 0 0.965237 14004.1 13444.1 560.073 0 -30.9749 -31.5207 2 19027.9 382.063 9351 9.49393e-05
18800 0.862355 0.836172 0.0261831 0 0.969638 14090.8 13527.7 563.085 0 -30.9821 -32.144 2 19127.9 383.066 9401 8.8945e-05
18900 0.868906 0.841996 0.0269101 0 0.96903 14177.8 13611.9 565.93 0 -30.9882 -31.9661 2 19227.9 384.066 9451 8.90907e-05
19000 0.843568 0.81378 0.0297872 0 0.964689 14261.8 13693.3 568.575 0 -30.9945 -32.0615 2 19327.9 385.063 9501 8.56521e-05
19100 0.849836 0.822856 0.02698 0 0.968253 14346.8 13775.5 571.218 0 -31.0013 -32.1397 2 19427.9 386.058 9551 8.61539e-05
19200 0.853795 0.826477 0.0273185 0 0.968004 14432.2 13858.2 574.012 0 -31.0068 -31.9318 2 19527.9 387.051 9601 8.60824e-05
19300 0.878969 0.852438 0.0265305 0 0.969816 14520.4 13943.4 576.975 0 -31.0103 -31.5862 2 19627.9 388.04 9651 8.83264e-05
19400 0.869891 0.842634 0.0272575 0 0.968666 14607.4 14027.7 579.687 0 -31.0155 -31.8797 2 19727.9 389.027 9701 8.68605e-05
19500 0.862457 0.836891 0.0255657 0 0.970357 14693.8 14111.4 582.376 0 -31.0224 -32.1912 2 19827.9 390.012 9751 8.58262e-05
19600 0.855981 0.83129 0.0246907 0 0.971155 14779.6 14194.5 585.034 0 -31.0293 -32.2209 2 19927.9 390.994 9801 8.48169e-05
19700 0.846322 0.818837 0.0274842 0 0.967525 14863.9 14276.4 587.542 0 -31.0365 -32.2881 2 20027.9 391.974 9851 8.31223e-05
19800 0.831623 0.808715 0.0229082 0 0.972454 14947.3 14357.3 590.056 0 -31.0447 -32.5026 2 20127.9 392.952 9901 8.16801e-05
19900 0.81407 0.789158 0.0249125 0 0.969398 15028.7 14436.2 592.467 0 -31.0513 -32.2599 2 20227.9 393.927 9951 7.93044e-05
20000 0.839605 0.815837 0.0237682 0 0.971691 15112.9 14517.8 595.083 0 -31.0576 -32.1837 2 20327.9 394.899 10001 8.15755e-05
