100 0.173433 0.156199 0.0172335 0 0.900633 16.668 15.6199 1.04806 0 -27.2051 -27.2051 2 427.882 57.293 51 0.00306273
200 0.279376 0.25765 0.0217261 0 0.922233 44.4635 41.3849 3.07856 0 -27.7876 -28.137 2 527.882 63.6368 101 0.00255099
300 0.358241 0.329248 0.0289924 0 0.91907 79.8299 74.3098 5.5201 0 -27.7283 -27.6538 2 627.882 69.4031 151 0.00218045
400 0.356812 0.332909 0.0239024 0 0.933011 115.703 107.601 8.10218 0 -27.8358 -28.0748 2 727.882 74.7258 201 0.00165626
500 0.400761 0.374673 0.0260884 0 0.934903 155.896 145.068 10.8284 0 -27.8103 -27.7368 2 827.882 79.6937 251 0.00149272
600 0.393361 0.366699 0.0266617 0 0.932221 195.424 181.738 13.6864 0 -27.8391 -27.953 2 927.882 84.3697 301 0.00121827
700 0.465115 0.432299 0.0328159 0 0.929446 241.662 224.968 16.6945 0 -27.7714 -27.4851 2 1027.88 88.7997 351 0.00123162
800 0.467617 0.439869 0.0277477 0 0.940661 288.7 268.955 19.7456 0 -27.8332 -28.151 2 1127.88 93.019 401 0.00109693
900 0.41228 0.387731 0.0245486 0 0.940456 330.178 307.728 22.4501 0 -27.9092 -28.4377 2 1227.88 97.0551 451 0.000859714
1000 0.445906 0.421043 0.0248633 0 0.944241 374.898 349.832 25.0659 0 -27.9743 -28.4552 2 1327.88 100.93 501 0.000840404
1100 0.5034 0.472746 0.0306544 0 0.939105 425.02 397.107 27.9132 0 -28.0482 -28.6008 2 1427.88 104.661 551 0.000857978
1200 0.503094 0.475536 0.027558 0 0.945223 475.479 444.66 30.8184 0 -28.1727 -29.2211 2 1527.88 108.264 601 0.000791241
1300 0.491016 0.466652 0.024364 0 0.95038 524.776 491.325 33.4504 0 -28.2483 -28.9774 2 1627.88 111.751 651 0.000716824
1400 0.52463 0.495746 0.0288834 0 0.944945 577.173 540.9 36.273 0 -28.2673 -28.4584 2 1727.88 115.132 701 0.000707199
1500 0.451252 0.428515 0.0227366 0 0.949614 622.61 583.752 38.8583 0 -28.3367 -29.2184 2 1827.88 118.417 751 0.000570593
1600 0.457041 0.430135 0.0269057 0 0.941131 668.011 626.765 41.2457 0 -28.3484 -28.5087 2 1927.88 121.613 801 0.000536998
1700 0.508394 0.481629 0.0267649 0 0.947354 718.856 674.928 43.9276 0 -28.3858 -28.8769 2 2027.88 124.727 851 0.000565957
1800 0.496186 0.470755 0.0254305 0 0.948748 768.68 722.004 46.6769 0 -28.421 -28.9285 2 2127.88 127.766 901 0.000522481
1900 0.516165 0.489299 0.0268662 0 0.94795 820.409 770.933 49.4756 0 -28.4698 -29.1945 2 2227.88 130.733 951 0.00051451
2000 0.601264 0.571909 0.0293552 0 0.951178 880.576 828.124 52.4513 0 -28.5306 -29.3605 2 2327.88 133.635 1001 0.000571338
2100 0.564471 0.536536 0.027935 0 0.950511 937.039 881.778 55.2608 0 -28.5664 -29.1237 2 2427.88 136.475 1051 0.000510501
2200 0.591926 0.562793 0.0291327 0 0.950783 996.202 938.057 58.1451 0 -28.5791 -28.7811 2 2527.88 139.257 1101 0.000511165
2300 0.562356 0.536134 0.0262219 0 0.953371 1052.74 991.671 61.0664 0 -28.6143 -29.235 2 2627.88 141.985 1151 0.000465798
2400 0.592053 0.56064 0.0314124 0 0.946943 1111.86 1047.73 64.1248 0 -28.6433 -29.1584 2 2727.88 144.661 1201 0.000466811
2500 0.582448 0.552246 0.0302015 0 0.948147 1170.01 1102.96 67.0528 0 -28.6684 -29.1484 2 2827.88 147.289 1251 0.000441444
2600 0.577576 0.550956 0.02662 0 0.953911 1227.87 1158.05 69.8105 0 -28.6873 -29.0711 2 2927.88 149.871 1301 0.000423487
2700 0.593675 0.564276 0.0293987 0 0.95048 1286.95 1214.48 72.4724 0 -28.7025 -29.0179 2 3027.88 152.409 1351 0.000417673
2800 0.635271 0.604824 0.0304469 0 0.952073 1350.45 1274.97 75.486 0 -28.7228 -29.1338 2 3127.88 154.905 1401 0.000431709
2900 0.598125 0.571187 0.0269376 0 0.954963 1410.42 1332.08 78.334 0 -28.7574 -29.5358 2 3227.88 157.362 1451 0.000393651
3000 0.583142 0.559274 0.023868 0 0.95907 1468.87 1388.01 80.8572 0 -28.7959 -29.726 2 3327.88 159.781 1501 0.000372601
3100 0.546284 0.520856 0.0254282 0 0.953452 1523.32 1440.1 83.2221 0 -28.8317 -29.797 2 3427.88 162.163 1551 0.000335819
3200 0.599335 0.573796 0.0255385 0 0.957389 1583.27 1497.48 85.792 0 -28.8682 -29.7961 2 3527.88 164.512 1601 0.000358399
3300 0.57435 0.548247 0.026103 0 0.954552 1640.58 1552.3 88.2836 0 -28.9113 -30.1018 2 3627.88 166.827 1651 0.00033207
3400 0.636063 0.611745 0.0243175 0 0.961769 1704.36 1613.48 90.8875 0 -28.9395 -29.6634 2 3727.88 169.111 1701 0.000359638
3500 0.671141 0.642132 0.0290095 0 0.956776 1771.28 1677.69 93.5955 0 -28.966 -29.6434 2 3827.88 171.364 1751 0.000366723
3600 0.662582 0.635609 0.0269733 0 0.959291 1837.76 1741.25 96.5073 0 -29.0002 -29.9108 2 3927.88 173.588 1801 0.00035292
3700 0.637503 0.612902 0.0246005 0 0.961411 1901.79 1802.54 99.2465 0 -29.038 -30.1228 2 4027.88 175.784 1851 0.00033112
3800 0.638728 0.615872 0.0228555 0 0.964217 1965.97 1864.13 101.843 0 -29.0833 -30.4262 2 4127.88 177.952 1901 0.000323973
3900 0.655373 0.631663 0.0237106 0 0.963821 2031.66 1927.29 104.369 0 -29.1158 -30.0865 2 4227.88 180.095 1951 0.000323763
4000 0.695217 0.663087 0.0321306 0 0.953783 2100.79 1993.6 107.189 0 -29.1412 -29.8872 2 4327.88 182.212 2001 0.000331378
4100 0.752658 0.720729 0.0319291 0 0.957578 2176.26 2065.67 110.583 0 -29.1718 -30.0234 2 4427.88 184.305 2051 0.000351404
4200 0.716947 0.681124 0.0358231 0 0.950034 2247.5 2133.79 113.715 0 -29.195 -29.9064 2 4527.88 186.375 2101 0.000324191
4300 0.708767 0.677816 0.0309507 0 0.956332 2318.59 2201.57 117.023 0 -29.2194 -29.9906 2 4627.88 188.422 2151 0.000315117
4400 0.656988 0.628169 0.0288192 0 0.956134 2384.47 2264.39 120.081 0 -29.257 -30.5785 2 4727.88 190.447 2201 0.000285401
4500 0.685171 0.654064 0.0311078 0 0.954598 2452.82 2329.79 123.03 0 -29.2857 -30.2863 2 4827.88 192.45 2251 0.000290566
4600 0.701935 0.670887 0.0310479 0 0.955768 2523.08 2396.88 126.197 0 -29.299 -29.7628 2 4927.88 194.433 2301 0.000291563
4700 0.718441 0.686227 0.0322141 0 0.955161 2595 2465.5 129.497 0 -29.3066 -29.5745 2 5027.88 196.396 2351 0.000291887
4800 0.759811 0.725339 0.0344722 0 0.954631 2670.94 2538.04 132.905 0 -29.3122 -29.5031 2 5127.88 198.339 2401 0.000302099
4900 0.743651 0.711802 0.0318489 0 0.957172 2745.5 2609.22 136.285 0 -29.3249 -29.7819 2 5227.88 200.264 2451 0.000290413
5000 0.694283 0.666749 0.0275339 0 0.960342 2815.32 2675.89 139.427 0 -29.341 -29.9726 2 5327.88 202.17 2501 0.000266593
5100 0.699891 0.665461 0.03443 0 0.950807 2884.97 2742.44 142.529 0 -29.356 -29.9633 2 5427.88 204.059 2551 0.000260863
5200 0.692298 0.665258 0.0270402 0 0.960941 2954.6 2808.96 145.638 0 -29.3783 -30.3012 2 5527.88 205.93 2601 0.00025577
5300 0.662904 0.63436 0.0285445 0 0.95694 3020.79 2872.4 148.386 0 -29.4056 -30.6256 2 5627.88 207.784 2651 0.000239291
5400 0.689833 0.662062 0.0277704 0 0.959743 3089.93 2938.61 151.328 0 -29.4357 -30.7479 2 5727.88 209.622 2701 0.000245117
5500 0.697292 0.67102 0.0262721 0 0.962323 3159.79 3005.71 154.086 0 -29.4605 -30.5593 2 5827.88 211.444 2751 0.000243919
5600 0.707096 0.674256 0.0328401 0 0.953556 3230.14 3073.13 157.002 0 -29.4819 -30.4432 2 5927.88 213.25 2801 0.00024072
5700 0.704539 0.678171 0.0263685 0 0.962573 3301.01 3140.95 160.062 0 -29.5094 -30.7634 2 6027.88 215.042 2851 0.000237871
5800 0.678043 0.651063 0.0269809 0 0.960208 3368.95 3206.06 162.896 0 -29.5382 -30.9377 2 6127.88 216.818 2901 0.000224427
5900 0.744223 0.712108 0.0321154 0 0.956847 3443.11 3277.27 165.838 0 -29.5555 -30.3385 2 6227.88 218.58 2951 0.000241311
6000 0.695547 0.66584 0.0297071 0 0.95729 3512.61 3343.85 168.762 0 -29.5794 -30.7653 2 6327.88 220.328 3001 0.000221873
6100 0.648014 0.624701 0.0233128 0 0.964024 3577.8 3406.32 171.475 0 -29.608 -31.1513 2 6427.88 222.062 3051 0.000204753
6200 0.677043 0.650042 0.0270015 0 0.960119 3645.37 3471.33 174.044 0 -29.6252 -30.5342 2 6527.88 223.783 3101 0.000209623
6300 0.68751 0.664222 0.0232878 0 0.966127 3714.45 3537.75 176.701 0 -29.6458 -30.7345 2 6627.88 225.49 3151 0.000210797
6400 0.689165 0.661599 0.0275655 0 0.960002 3783.2 3603.91 179.291 0 -29.6622 -30.5483 2 6727.88 227.185 3201 0.000206685
6500 0.691333 0.662486 0.028847 0 0.958273 3852.11 3670.16 181.952 0 -29.6809 -30.7084 2 6827.88 228.867 3251 0.000203779
6600 0.633937 0.608008 0.0259294 0 0.959098 3915.35 3730.96 184.388 0 -29.7013 -30.9391 2 6927.88 230.537 3301 0.000184189
6700 0.649328 0.625918 0.0234102 0 0.963947 3980.35 3793.55 186.799 0 -29.7196 -30.8255 2 7027.88 232.195 3351 0.000186785
6800 0.708763 0.681147 0.0276164 0 0.961036 4051.06 3861.66 189.393 0 -29.7253 -30.0468 2 7127.88 233.841 3401 0.000200278
6900 0.718315 0.691876 0.026439 0 0.963193 4122.95 3930.85 192.101 0 -29.7315 -30.0789 2 7227.88 235.475 3451 0.000200486
7000 0.734881 0.701018 0.0338623 0 0.953921 4195.96 4000.95 195.007 0 -29.7381 -30.113 2 7327.88 237.099 3501 0.000200234
7100 0.71747 0.690639 0.0268315 0 0.962603 4268.06 4070.02 198.039 0 -29.749 -30.383 2 7427.88 238.711 3551 0.000194491
7200 0.701188 0.671818 0.0293703 0 0.958113 4338.12 4137.2 200.921 0 -29.7592 -30.3767 2 7527.88 240.313 3601 0.000186564
7300 0.763481 0.728671 0.0348095 0 0.954407 4414.31 4210.07 204.245 0 -29.7603 -29.826 2 7627.88 241.903 3651 0.000199581
7400 0.785415 0.752262 0.0331521 0 0.95779 4492.84 4285.29 207.551 0 -29.7735 -30.5148 2 7727.88 243.484 3701 0.000203259
7500 0.737169 0.704926 0.0322427 0 0.956261 4566.51 4355.79 210.725 0 -29.7839 -30.4197 2 7827.88 245.054 3751 0.00018793
7600 0.745184 0.712679 0.0325053 0 0.95638 4641.1 4427.05 214.046 0 -29.7962 -30.5483 2 7927.88 246.615 3801 0.000187498
7700 0.696807 0.666584 0.0302232 0 0.956626 4710.83 4493.71 217.121 0 -29.8083 -30.6132 2 8027.88 248.165 3851 0.000173094
7800 0.73444 0.703458 0.0309814 0 0.957816 4784.34 4564.06 220.278 0 -29.8151 -30.2488 2 8127.88 249.706 3901 0.000180328
7900 0.701875 0.672499 0.029376 0 0.958146 4854.61 4631.31 223.301 0 -29.8251 -30.5051 2 8227.88 251.237 3951 0.00017021
8000 0.743453 0.715237 0.0282154 0 0.962048 4929.21 4702.83 226.379 0 -29.8336 -30.3865 2 8327.88 252.759 4001 0.000178765
8100 0.704968 0.677866 0.0271021 0 0.961556 4999.84 4770.62 229.226 0 -29.8431 -30.5104 2 8427.88 254.272 4051 0.000167333
8200 0.692567 0.663471 0.0290957 0 0.957989 5068.83 4836.97 231.865 0 -29.8535 -30.6041 2 8527.88 255.777 4101 0.000161783
8300 0.773112 0.744192 0.0289195 0 0.962593 5146.38 4911.38 234.993 0 -29.8657 -30.6609 2 8627.88 257.272 4151 0.00017928
8400 0.694253 0.667915 0.0263379 0 0.962063 5215.89 4978.18 237.715 0 -29.879 -30.8655 2 8727.88 258.758 4201 0.00015899
8500 0.725605 0.69889 0.0267146 0 0.963183 5288.56 5048.07 240.496 0 -29.8954 -31.0769 2 8827.88 260.237 4251 0.000164406
8600 0.688312 0.663609 0.0247035 0 0.96411 5357.43 5114.43 243.005 0 -29.9098 -31.0133 2 8927.88 261.706 4301 0.000154292
8700 0.688492 0.663123 0.0253688 0 0.963153 5426.25 5180.74 245.509 0 -29.9272 -31.2831 2 9027.88 263.168 4351 0.000152407
8800 0.734469 0.707206 0.0272626 0 0.962881 5499.74 5251.46 248.278 0 -29.9421 -31.0431 2 9127.88 264.621 4401 0.000160692
8900 0.801068 0.76769 0.0333782 0 0.958333 5579.7 5328.23 251.475 0 -29.9531 -30.7053 2 9227.88 266.067 4451 0.000172476
9000 0.728801 0.701912 0.0268886 0 0.963106 5652.99 5398.42 254.57 0 -29.968 -31.103 2 9327.88 267.505 4501 0.000155946
9100 0.745736 0.714787 0.0309485 0 0.958499 5727.4 5469.9 257.497 0 -29.9805 -30.9318 2 9427.88 268.935 4551 0.000157062
9200 0.796783 0.765444 0.0313393 0 0.960668 5807.21 5546.44 260.769 0 -29.9922 -30.8344 2 9527.88 270.357 4601 0.000166365
9300 0.76273 0.732111 0.0306193 0 0.959856 5883.47 5619.65 263.813 0 -30.0011 -30.6786 2 9627.88 271.772 4651 0.000157409
9400 0.729437 0.701735 0.0277027 0 0.962022 5956.53 5689.83 266.703 0 -30.0141 -31.06 2 9727.88 273.18 4701 0.000149273
9500 0.716028 0.688029 0.0279993 0 0.960896 6028.06 5758.63 269.433 0 -30.0256 -30.9797 2 9827.88 274.581 4751 0.000144818
9600 0.787703 0.758873 0.0288295 0 0.963401 6106.93 5834.52 272.415 0 -30.0325 -30.5638 2 9927.88 275.974 4801 0.000158066
9700 0.761306 0.735854 0.0254514 0 0.966569 6183.37 5908.1 275.27 0 -30.0439 -30.9562 2 10027.9 277.361 4851 0.000151691
9800 0.78122 0.750122 0.0310984 0 0.960193 6261.26 5983.11 278.148 0 -30.0531 -30.777 2 10127.9 278.74 4901 0.000153055
9900 0.81548 0.783807 0.0316728 0 0.961161 6342.84 6061.5 281.342 0 -30.0632 -30.8437 2 10227.9 280.113 4951 0.000158313
10000 0.758295 0.727746 0.0305487 0 0.959714 6418.64 6134.27 284.367 0 -30.0753 -31.0824 2 10327.9 281.479 5001 0.00014552
10100 0.806072 0.774588 0.0314841 0 0.960941 6499.42 6211.73 287.693 0 -30.0847 -30.8362 2 10427.9 282.838 5051 0.000153353
10200 0.802365 0.770971 0.0313938 0 0.960873 6579.78 6288.83 290.956 0 -30.0941 -30.8535 2 10527.9 284.191 5101 0.000151141
10300 0.752342 0.72289 0.0294513 0 0.960854 6655.05 6361.11 293.938 0 -30.1073 -31.2579 2 10627.9 285.538 5151 0.00014034
10400 0.79079 0.761515 0.0292753 0 0.96298 6734.37 6437.27 297.103 0 -30.1224 -31.3874 2 10727.9 286.878 5201 0.000146417
10500 0.83329 0.799982 0.0333083 0 0.960028 6817.86 6517.26 300.591 0 -30.1332 -31.0071 2 10827.9 288.212 5251 0.000152348
10600 0.793837 0.76159 0.0322469 0 0.959378 6897.21 6593.42 303.791 0 -30.1475 -31.3727 2 10927.9 289.54 5301 0.000143669
10700 0.848908 0.813613 0.0352949 0 0.958423 6982 6674.78 307.215 0 -30.1549 -30.7573 2 11027.9 290.861 5351 0.000152049
10800 0.7854 0.757509 0.0278916 0 0.964487 7060.7 6750.54 310.166 0 -30.1668 -31.2237 2 11127.9 292.177 5401 0.000140253
10900 0.823451 0.789399 0.0340518 0 0.958647 7142.83 6829.48 313.352 0 -30.1768 -31.0397 2 11227.9 293.487 5451 0.000144817
11000 0.830622 0.794772 0.0358501 0 0.956839 7225.73 6908.95 316.773 0 -30.1847 -30.8629 2 11327.9 294.791 5501 0.000144478
11100 0.882894 0.847871 0.0350239 0 0.960331 7314.07 6993.74 320.334 0 -30.1948 -31.0209 2 11427.9 296.089 5551 0.000152742
11200 0.877656 0.8453 0.0323558 0 0.963134 7402.14 7078.27 323.874 0 -30.2054 -31.0878 2 11527.9 297.382 5601 0.00015092
11300 0.895825 0.86325 0.0325754 0 0.963636 7491.94 7164.59 327.343 0 -30.2108 -30.6586 2 11627.9 298.669 5651 0.00015276
11400 0.848586 0.818048 0.030538 0 0.964013 7576.98 7246.4 330.584 0 -30.2203 -31.0567 2 11727.9 299.951 5701 0.000143492
11500 0.792675 0.764626 0.0280483 0 0.964616 7656.28 7322.86 333.421 0 -30.2285 -31.0062 2 11827.9 301.227 5751 0.000132955
11600 0.855418 0.821935 0.0334825 0 0.960858 7741.54 7405.06 336.483 0 -30.2343 -30.7562 2 11927.9 302.497 5801 0.000141689
11700 0.941666 0.904973 0.0366931 0 0.961034 7835.56 7495.55 340.01 0 -30.2391 -30.6383 2 12027.9 303.763 5851 0.00015467
11800 0.896741 0.861302 0.0354393 0 0.96048 7925.33 7581.68 343.65 0 -30.2456 -30.8074 2 12127.9 305.023 5901 0.000145959
11900 0.956113 0.915507 0.0406056 0 0.957531 8020.71 7673.23 347.477 0 -30.2452 -30.2175 2 12227.9 306.278 5951 0.000153841
12000 0.890904 0.857209 0.0336945 0 0.962179 8110.08 7758.96 351.121 0 -30.2503 -30.7048 2 12327.9 307.528 6001 0.000142844
12100 0.828019 0.794499 0.0335201 0 0.959518 8192.87 7838.4 354.465 0 -30.259 -31.1156 2 12427.9 308.773 6051 0.000131301
12200 0.895879 0.859696 0.0361832 0 0.959611 8282.44 7924.37 358.061 0 -30.2644 -30.7534 2 12527.9 310.012 6101 0.000140911
12300 0.896531 0.860061 0.0364701 0 0.959321 8372.12 8010.38 361.742 0 -30.27 -30.7885 2 12627.9 311.247 6151 0.000139825
12400 0.870715 0.835501 0.0352144 0 0.959557 8459.27 8093.93 365.339 0 -30.2778 -31.0238 2 12727.9 312.477 6201 0.000134736
12500 0.906874 0.869984 0.0368894 0 0.959322 8549.99 8180.93 369.062 0 -30.2805 -30.538 2 12827.9 313.702 6251 0.000139175
12600 0.8667 0.830338 0.036362 0 0.958045 8636.78 8263.96 372.819 0 -30.2891 -31.1338 2 12927.9 314.923 6301 0.000131779
12700 0.851743 0.819511 0.0322321 0 0.962158 8722.21 8345.91 376.297 0 -30.2991 -31.3108 2 13027.9 316.138 6351 0.000129037
12800 0.846547 0.813218 0.0333296 0 0.960629 8806.83 8427.24 379.594 0 -30.3069 -31.1133 2 13127.9 317.349 6401 0.000127045
12900 0.833538 0.802427 0.0311106 0 0.962676 8890.21 8507.48 382.735 0 -30.3177 -31.4565 2 13227.9 318.556 6451 0.000124388
13000 0.840869 0.812684 0.0281846 0 0.966482 8974.68 8588.75 385.931 0 -30.3312 -31.7537 2 13327.9 319.757 6501 0.000125009
13100 0.762887 0.735599 0.0272881 0 0.96423 9050.79 8662.31 388.48 0 -30.3453 -32.0018 2 13427.9 320.955 6551 0.000112288
13200 0.823048 0.797354 0.0256944 0 0.968781 9133.31 8742.04 391.265 0 -30.3587 -31.8301 2 13527.9 322.148 6601 0.000120793
13300 0.789948 0.764768 0.0251798 0 0.968125 9212.21 8818.52 393.695 0 -30.3704 -31.7253 2 13627.9 323.336 6651 0.000114985
13400 0.845302 0.817696 0.0276053 0 0.967343 9296.71 8900.29 396.419 0 -30.3787 -31.2825 2 13727.9 324.52 6701 0.000122026
13500 0.842069 0.812173 0.0298963 0 0.964497 9380.92 8981.51 399.412 0 -30.3868 -31.2859 2 13827.9 325.7 6751 0.000120304
13600 0.830799 0.801372 0.0294275 0 0.964579 9464.1 9061.64 402.453 0 -30.3942 -31.2193 2 13927.9 326.876 6801 0.000117831
13700 0.815268 0.784384 0.0308845 0 0.962117 9545.56 9140.08 405.474 0 -30.4016 -31.273 2 14027.9 328.047 6851 0.000114492
13800 0.828623 0.797535 0.0310876 0 0.962483 9628.37 9219.83 408.532 0 -30.4108 -31.4608 2 14127.9 329.214 6901 0.000115568
13900 0.805086 0.778213 0.0268727 0 0.966621 9709.01 9297.66 411.349 0 -30.4213 -31.6802 2 14227.9 330.377 6951 0.000111957
14000 0.813352 0.78226 0.0310914 0 0.961774 9790.04 9375.88 414.16 0 -30.4305 -31.5349 2 14327.9 331.536 7001 0.000111736
14100 0.827403 0.798408 0.0289952 0 0.964956 9872.8 9455.72 417.075 0 -30.4415 -31.7416 2 14427.9 332.691 7051 0.000113233
14200 0.872951 0.841652 0.0312994 0 0.964145 9960.1 9539.89 420.212 0 -30.4521 -31.6455 2 14527.9 333.842 7101 0.000118526
14300 0.856845 0.825624 0.0312208 0 0.963563 10045.8 9622.45 423.36 0 -30.4613 -31.5375 2 14627.9 334.989 7151 0.000115456
14400 0.815418 0.786735 0.028683 0 0.964824 10127.4 9701.12 426.268 0 -30.4714 -31.7168 2 14727.9 336.132 7201 0.000109254
14500 0.841889 0.811765 0.0301236 0 0.964219 10211.5 9782.3 429.199 0 -30.4823 -31.7933 2 14827.9 337.271 7251 0.000111952
14600 0.894228 0.862975 0.0312528 0 0.965051 10300.9 9868.6 432.276 0 -30.4903 -31.4051 2 14927.9 338.407 7301 0.0001182
14700 0.840598 0.81187 0.0287283 0 0.965824 10385.1 9949.79 435.32 0 -30.4993 -31.5994 2 15027.9 339.538 7351 0.000110443
14800 0.844518 0.813976 0.0305422 0 0.963835 10469.4 10031.2 438.248 0 -30.5095 -31.7615 2 15127.9 340.666 7401 0.000109982
14900 0.798004 0.772698 0.0253061 0 0.968288 10549.5 10108.5 441.072 0 -30.523 -32.2861 2 15227.9 341.79 7451 0.000103704
15000 0.842541 0.814538 0.0280035 0 0.966763 10633.9 10189.9 443.954 0 -30.5336 -31.8564 2 15327.9 342.911 7501 0.000108591
15100 0.832573 0.803955 0.0286179 0 0.965627 10717.2 10270.3 446.9 0 -30.5424 -31.6672 2 15427.9 344.028 7551 0.00010647
15200 0.828393 0.801984 0.0264093 0 0.96812 10800.3 10350.5 449.815 0 -30.5529 -31.9069 2 15527.9 345.141 7601 0.00010551
15300 0.88596 0.852291 0.0336683 0 0.961998 10888.7 10435.7 452.957 0 -30.561 -31.5551 2 15627.9 346.25 7651 0.000111396
15400 0.868926 0.839995 0.0289307 0 0.966705 10975.9 10519.7 456.143 0 -30.5699 -31.6774 2 15727.9 347.356 7701 0.000109076
15500 0.807609 0.779606 0.028003 0 0.965326 11056.6 10597.7 458.89 0 -30.5802 -31.98 2 15827.9 348.459 7751 0.000100581
15600 0.842942 0.814803 0.0281382 0 0.966619 11140.9 10679.2 461.709 0 -30.5896 -31.821 2 15927.9 349.558 7801 0.000104449
15700 0.858458 0.82863 0.0298286 0 0.965253 11226.7 10762 464.674 0 -30.5991 -31.8404 2 16027.9 350.653 7851 0.000105544
15800 0.806494 0.77803 0.0284641 0 0.964706 11307.4 10839.8 467.539 0 -30.6098 -32.0909 2 16127.9 351.746 7901 9.84724e-05
15900 0.809183 0.782105 0.0270782 0 0.966536 11388.3 10918 470.206 0 -30.6205 -32.1159 2 16227.9 352.834 7951 9.83656e-05
16000 0.8332 0.80802 0.0251799 0 0.969779 11471.9 10998.8 473.002 0 -30.632 -32.2033 2 16327.9 353.92 8001 0.00010099
16100 0.762315 0.736761 0.0255542 0 0.966478 11548.1 11072.5 475.574 0 -30.6427 -32.248 2 16427.9 355.002 8051 9.15117e-05
16200 0.776368 0.752418 0.023949 0 0.969152 11626 11147.8 478.195 0 -30.6544 -32.3958 2 16527.9 356.081 8101 9.28797e-05
16300 0.76251 0.738892 0.0236179 0 0.969026 11702.4 11221.7 480.758 0 -30.6644 -32.1844 2 16627.9 357.156 8151 9.06505e-05
16400 0.753906 0.729742 0.024164 0 0.967948 11777.9 11294.6 483.234 0 -30.6743 -32.2082 2 16727.9 358.229 8201 8.8982e-05
16500 0.74117 0.717516 0.0236537 0 0.968086 11851.9 11366.4 485.563 0 -30.6853 -32.4315 2 16827.9 359.298 8251 8.69612e-05
16600 0.76683 0.741851 0.0249785 0 0.967426 11928.5 11440.6 487.928 0 -30.6934 -31.9456 2 16927.9 360.364 8301 8.93689e-05
16700 0.781011 0.752674 0.0283365 0 0.963718 12006.3 11515.8 490.429 0 -30.6996 -31.6543 2 17027.9 361.427 8351 9.01298e-05
16800 0.832209 0.801265 0.0309444 0 0.962817 12089.3 11596 493.388 0 -30.7056 -31.572 2 17127.9 362.487 8401 9.53773e-05
16900 0.819606 0.789316 0.0302904 0 0.963043 12171.3 11674.9 496.449 0 -30.7123 -31.7002 2 17227.9 363.543 8451 9.33991e-05
17000 0.805397 0.775722 0.0296748 0 0.963155 12251.8 11752.5 499.376 0 -30.7205 -31.9596 2 17327.9 364.597 8501 9.12507e-05
17100 0.835308 0.804175 0.031133 0 0.962729 12335.3 11832.9 502.465 0 -30.7293 -32.0257 2 17427.9 365.647 8551 9.40446e-05
17200 0.779629 0.752926 0.0267028 0 0.965749 12413.5 11908.2 505.31 0 -30.7401 -32.4377 2 17527.9 366.695 8601 8.75394e-05
17300 0.797873 0.768316 0.0295562 0 0.962956 12493.2 11985 508.149 0 -30.7492 -32.1726 2 17627.9 367.739 8651 8.88124e-05
17400 0.772786 0.745011 0.027775 0 0.964059 12570.4 12059.5 510.926 0 -30.7593 -32.3988 2 17727.9 368.781 8701 8.56236e-05
17500 0.788443 0.761611 0.0268324 0 0.965968 12649.2 12135.7 513.554 0 -30.77 -32.4735 2 17827.9 369.82 8751 8.70313e-05
17600 0.800841 0.77238 0.0284612 0 0.964461 12729.2 12212.9 516.336 0 -30.7784 -32.0973 2 17927.9 370.855 8801 8.77605e-05
17700 0.824815 0.794835 0.0299804 0 0.963652 12811.7 12292.4 519.33 0 -30.7854 -31.879 2 18027.9 371.888 8851 8.98017e-05
17800 0.884307 0.851873 0.032434 0 0.963323 12900.3 12377.6 522.743 0 -30.7909 -31.5772 2 18127.9 372.918 8901 9.57053e-05
17900 0.867743 0.835553 0.0321892 0 0.962905 12987.3 12461.1 526.124 0 -30.7963 -31.6057 2 18227.9 373.945 8951 9.33475e-05
18000 0.907781 0.874241 0.0335399 0 0.963053 13078.1 12548.6 529.577 0 -30.7993 -31.2275 2 18327.9 374.97 9001 9.71271e-05
18100 0.8755 0.843266 0.0322337 0 0.963182 13165.8 12632.9 532.934 0 -30.8032 -31.3822 2 18427.9 375.991 9051 9.31682e-05
18200 0.885189 0.85171 0.0334791 0 0.962179 13254.3 12718.1 536.221 0 -30.8085 -31.5885 2 18527.9 377.01 9101 9.35842e-05
18300 0.925553 0.89572 0.0298337 0 0.967767 13347 12807.6 539.415 0 -30.8122 -31.3492 2 18627.9 378.026 9151 9.78821e-05
18400 0.89385 0.863574 0.0302765 0 0.966128 13436.6 12894 542.616 0 -30.8157 -31.3276 2 18727.9 379.039 9201 9.38565e-05
18500 0.941011 0.906385 0.034626 0 0.963203 13530.8 12984.6 546.138 0 -30.8156 -30.8133 2 18827.9 380.05 9251 9.7977e-05
18600 0.868728 0.837912 0.0308165 0 0.964527 13617.9 13068.4 549.453 0 -30.819 -31.3391 2 18927.9 381.058 9301 9.00883e-05
18700 0.870687 0.841258 0.0294291 0 0.9662 13705.1 13152.5 552.554 0 -30.8237 -31.558 2 19027.9 382.063 9351 8.99645e-05
18800 0.853924 0.82452 0.0294045 0 0.965565 13790.6 13235 555.595 0 -30.8287 -31.6354 2 19127.9 383.066 9401 8.77055e-05
18900 0.83663 0.809306 0.0273244 0 0.96734 13874.2 13315.9 558.319 0 -30.8335 -31.6265 2 19227.9 384.066 9451 8.56318e-05
19000 0.82766 0.800088 0.027572 0 0.966687 13957 13395.9 561.046 0 -30.8382 -31.6253 2 19327.9 385.063 9501 8.42109e-05
19100 0.86583 0.837148 0.0286823 0 0.966873 14043.6 13479.6 563.949 0 -30.8422 -31.488 2 19427.9 386.058 9551 8.76503e-05
19200 0.841591 0.81448 0.0271114 0 0.967786 14127.9 13561.1 566.802 0 -30.8481 -31.8224 2 19527.9 387.051 9601 8.48328e-05
19300 0.867366 0.836686 0.0306798 0 0.964629 14214.5 13644.8 569.77 0 -30.8532 -31.6931 2 19627.9 388.04 9651 8.66942e-05
19400 0.876955 0.849414 0.0275409 0 0.968595 14302.6 13729.7 572.89 0 -30.8587 -31.7345 2 19727.9 389.027 9701 8.75594e-05
19500 0.821771 0.795379 0.0263919 0 0.967884 14385 13809.2 575.792 0 -30.8648 -31.9381 2 19827.9 390.012 9751 8.1569e-05
19600 0.802131 0.777136 0.0249949 0 0.968839 14465.3 13887 578.39 0 -30.8708 -31.9456 2 19927.9 390.994 9801 7.92915e-05
19700 0.84066 0.811779 0.0288813 0 0.965644 14549.3 13968.1 581.161 0 -30.8749 -31.5819 2 20027.9 391.974 9851 8.24057e-05
19800 0.864209 0.837297 0.0269124 0 0.968859 14635.9 14051.9 584.002 0 -30.8819 -32.0587 2 20127.9 392.952 9901 8.45669e-05
19900 0.837547 0.811568 0.0259791 0 0.968982 14719.8 14133 586.752 0 -30.8893 -32.1714 2 20227.9 393.927 9951 8.15564e-05
20000 0.799298 0.775985 0.023313 0 0.970833 14799.9 14210.6 589.33 0 -30.8975 -32.4056 2 20327.9 394.899 10001 7.75908e-05
