100 0.0105262 0.00944573 0.00108043 0 0.897358 1.03722 0.944573 0.0926443 0 -27.1623 -27.1623 32 453.882 59.0081 4 0.00236143
200 0.0120175 0.0105737 0.00144383 0 0.879856 2.20523 2.00194 0.203286 0 -26.1174 -25.1896 32 549.882 64.9493 7 0.00151053
300 0.0138733 0.0125119 0.00136136 0 0.901871 3.60327 3.25313 0.350138 0 -26.3586 -26.7391 32 645.882 70.3909 10 0.00125119
400 0.0211717 0.0179999 0.00317177 0 0.850188 5.60918 5.05312 0.556054 0 -26.3209 -26.2533 32 741.882 75.441 13 0.00138461
500 0.0256034 0.0233499 0.00225352 0 0.911984 8.17096 7.38811 0.782845 0 -27.1108 -28.8403 32 837.882 80.1736 16 0.00145937
600 0.0221774 0.0208345 0.00134284 0 0.93945 10.436 9.47156 0.964462 0 -27.6009 -29.3687 32 933.882 84.642 19 0.00109655
700 0.0520046 0.05015 0.00185459 0 0.964338 15.6654 14.4866 1.17881 0 -28.0379 -28.9101 32 1029.88 88.8861 22 0.00227955
800 0.0372504 0.0355773 0.00167309 0 0.955085 19.4171 18.0443 1.37282 0 -28.3371 -29.5865 32 1157.88 94.248 26 0.00136836
900 0.0311107 0.0295606 0.00155014 0 0.950173 22.5534 21.0004 1.55305 0 -28.5522 -29.884 32 1253.88 98.0773 29 0.00101933
1000 0.0244503 0.0232379 0.0012124 0 0.950414 25.0045 23.3241 1.68035 0 -28.7194 -30.2579 32 1349.88 101.763 32 0.000726184
1100 0.0349129 0.032731 0.00218193 0 0.937504 28.476 26.5972 1.87874 0 -28.7923 -29.3168 32 1445.88 105.319 35 0.000935171
1200 0.0419578 0.0399935 0.00196433 0 0.953183 32.7191 30.5966 2.12252 0 -28.7226 -28.2547 32 1541.88 108.759 38 0.00105246
1300 0.0352011 0.0328074 0.00239364 0 0.932001 36.1881 33.8773 2.31076 0 -28.714 -28.6329 32 1637.88 112.094 41 0.000800182
1400 0.0326786 0.0308827 0.00179587 0 0.945044 39.5019 36.9656 2.5363 0 -28.7498 -29.1408 32 1733.88 115.332 44 0.000701879
1500 0.0301261 0.0284596 0.00166643 0 0.944685 42.5278 39.8116 2.71626 0 -28.8147 -29.6626 32 1829.88 118.482 47 0.000605524
1600 0.0226868 0.0216576 0.00102927 0 0.954631 44.8232 41.9773 2.84584 0 -28.8959 -30.3995 32 1957.88 122.556 51 0.000424658
1700 0.052946 0.0498118 0.00313415 0 0.940805 50.0389 46.9585 3.08038 0 -28.7681 -27.6699 32 2053.88 125.524 54 0.000922442
1800 0.0487807 0.0463279 0.00245285 0 0.949717 54.9349 51.5913 3.34361 0 -28.6768 -27.7442 32 2149.88 128.424 57 0.000812769
1900 0.0562518 0.0514837 0.00476806 0 0.915237 60.3937 56.7397 3.65407 0 -28.5752 -27.5526 32 2245.88 131.26 60 0.000858062
2000 0.0529831 0.0497411 0.00324208 0 0.938809 65.7377 61.7138 4.02393 0 -28.6397 -29.3682 32 2341.88 134.036 63 0.000789541
2100 0.0465116 0.0446101 0.0019015 0 0.959118 70.4796 66.1748 4.30483 0 -28.7434 -30.1816 32 2437.88 136.756 66 0.000675911
2200 0.0444804 0.0420992 0.00238115 0 0.946467 74.9145 70.3847 4.52979 0 -28.7595 -29.0154 32 2533.88 139.423 69 0.000610134
2300 0.0416038 0.0398094 0.00179445 0 0.956868 79.1175 74.3656 4.75183 0 -28.8083 -29.677 32 2629.88 142.039 72 0.000552908
2400 0.0461763 0.0443439 0.00183246 0 0.960316 83.7346 78.8 4.93462 0 -28.9155 -30.7535 32 2757.88 145.455 76 0.000583472
2500 0.0525759 0.0480298 0.00454605 0 0.913534 88.7056 83.603 5.1026 0 -28.8678 -28.0636 32 2853.88 147.965 79 0.000607972
2600 0.0612173 0.0587945 0.00242274 0 0.960424 94.8145 89.4825 5.33208 0 -28.7911 -27.6777 32 2949.88 150.433 82 0.000717006
2700 0.0456458 0.0436944 0.00195145 0 0.957248 99.3934 93.8519 5.54149 0 -28.7812 -28.5764 32 3045.88 152.861 85 0.000514051
2800 0.0532185 0.0509454 0.00227313 0 0.957287 104.746 98.9464 5.79907 0 -28.8534 -30.1938 32 3141.88 155.251 88 0.000578925
2900 0.0567367 0.0545463 0.00219039 0 0.961394 110.447 104.401 6.04612 0 -28.8703 -29.1802 32 3237.88 157.605 91 0.000599409
3000 0.0452257 0.0435958 0.00162988 0 0.963961 115.017 108.761 6.25667 0 -28.9074 -29.8051 32 3333.88 159.925 94 0.000463785
3100 0.0404471 0.0394008 0.00104632 0 0.974131 119.131 112.701 6.43066 0 -28.9707 -30.7399 32 3429.88 162.211 97 0.000406194
3200 0.0372598 0.0361515 0.00110829 0 0.970255 122.848 116.316 6.53237 0 -29.0332 -31.0349 32 3557.88 165.21 101 0.000357936
3300 0.0483882 0.0455031 0.00288518 0 0.940374 127.533 120.866 6.66664 0 -29.0486 -29.4546 32 3653.88 167.424 104 0.000437529
3400 0.0670412 0.0651192 0.00192195 0 0.971332 134.275 127.378 6.89733 0 -28.9478 -27.0409 32 3749.88 169.609 107 0.000608591
3500 0.0542575 0.0513753 0.00288218 0 0.94688 139.619 132.516 7.10348 0 -28.9325 -28.5468 32 3845.88 171.766 110 0.000467048
3600 0.0508387 0.0488699 0.00196886 0 0.961273 144.748 137.403 7.34567 0 -28.9532 -29.5184 32 3941.88 173.897 113 0.000432477
3700 0.0483232 0.0460542 0.00226899 0 0.953046 149.544 142.008 7.53568 0 -28.9616 -29.2153 32 4037.88 176.002 116 0.000397019
3800 0.0510525 0.0491804 0.00187212 0 0.96333 154.689 146.926 7.76254 0 -28.9582 -28.8599 32 4133.88 178.082 119 0.000413281
3900 0.0524273 0.0502509 0.00217635 0 0.958488 159.965 151.951 8.01405 0 -28.9709 -29.343 32 4229.88 180.138 122 0.000411893
4000 0.0500095 0.0476638 0.00234562 0 0.953096 164.947 156.718 8.2295 0 -28.9534 -28.3903 32 4357.88 182.843 126 0.000378284
4100 0.0924462 0.087674 0.00477224 0 0.948378 174.16 165.485 8.67469 0 -28.978 -29.4182 32 4453.88 184.846 129 0.000679643
4200 0.0671501 0.0637279 0.00342216 0 0.949037 180.939 171.858 9.08096 0 -28.9929 -29.3772 32 4549.88 186.827 132 0.000482787
4300 0.0669252 0.0629949 0.00393039 0 0.941272 187.577 178.157 9.41976 0 -29.0081 -29.4199 32 4645.88 188.788 135 0.000466629
4400 0.0715777 0.0682406 0.0033371 0 0.953378 194.788 184.981 9.80664 0 -29.0617 -30.4565 32 4741.88 190.728 138 0.000494497
4500 0.0576755 0.0550854 0.00259014 0 0.955091 200.581 190.49 10.0911 0 -29.1175 -30.9952 32 4837.88 192.649 141 0.000390676
4600 0.0574554 0.0553589 0.00209653 0 0.96351 206.37 196.026 10.3445 0 -29.1719 -31.0552 32 4933.88 194.551 144 0.000384437
4700 0.0497318 0.0486108 0.00112098 0 0.97746 211.412 200.887 10.5254 0 -29.2329 -31.7287 32 5029.88 196.435 147 0.000330686
4800 0.0698032 0.068548 0.00125524 0 0.982017 218.468 207.742 10.7262 0 -29.2559 -29.9468 32 5157.88 198.919 151 0.00045396
4900 0.0459497 0.0448018 0.00114792 0 0.975018 223.066 212.222 10.8445 0 -29.2976 -31.2765 32 5253.88 200.761 154 0.000290921
5000 0.0422458 0.0410351 0.00121064 0 0.971343 227.264 216.325 10.9385 0 -29.3373 -31.4501 32 5349.88 202.587 157 0.00026137
5100 0.0556645 0.0543512 0.00131337 0 0.976406 232.856 221.76 11.0954 0 -29.351 -29.9062 32 5445.88 204.397 160 0.000339695
5200 0.0488366 0.0474514 0.0013852 0 0.971636 237.738 226.506 11.2329 0 -29.3809 -30.8051 32 5541.88 206.191 163 0.000291113
5300 0.0423638 0.0417271 0.00063667 0 0.984971 242.033 230.678 11.3543 0 -29.4315 -32.233 32 5637.88 207.969 166 0.000251368
5400 0.0391495 0.0382812 0.000868331 0 0.97782 245.948 234.506 11.4414 0 -29.4699 -31.8488 32 5733.88 209.732 169 0.000226516
5500 0.0370557 0.0364871 0.000568633 0 0.984655 249.686 238.155 11.5306 0 -29.5139 -32.4037 32 5829.88 211.48 172 0.000212134
5600 0.0350564 0.0343297 0.000726756 0 0.979269 253.192 241.588 11.6035 0 -29.5501 -32.1294 32 5957.88 213.789 176 0.000195055
5700 0.0404382 0.0388641 0.00157412 0 0.961073 257.188 245.474 11.7139 0 -29.5712 -30.9102 32 6053.88 215.505 179 0.000217118
5800 0.0383035 0.036753 0.00155046 0 0.959522 260.979 249.15 11.8296 0 -29.5888 -30.7837 32 6149.88 217.207 182 0.00020194
5900 0.0361186 0.0353074 0.000811164 0 0.977542 264.62 252.681 11.9395 0 -29.612 -31.2703 32 6245.88 218.896 185 0.000190851
6000 0.0319679 0.0313969 0.000570968 0 0.982139 267.828 255.82 12.008 0 -29.6408 -32.0169 32 6341.88 220.571 188 0.000167005
6100 0.0293296 0.0287863 0.000543305 0 0.981476 270.764 258.699 12.065 0 -29.6729 -32.6015 32 6437.88 222.235 191 0.000150714
6200 0.0299763 0.0293393 0.000637009 0 0.97875 273.76 261.633 12.1272 0 -29.6981 -31.982 32 6533.88 223.885 194 0.000151233
6300 0.0556074 0.053171 0.00243644 0 0.956185 279.272 266.95 12.322 0 -29.7335 -31.488 32 6629.88 225.524 197 0.000269903
6400 0.0445371 0.0429453 0.00159181 0 0.964259 283.772 271.244 12.5272 0 -29.7596 -31.3818 32 6757.88 227.691 201 0.000213658
6500 0.0338222 0.0327573 0.00106485 0 0.968516 287.181 274.52 12.6612 0 -29.7893 -32.2581 32 6853.88 229.302 204 0.000160575
6600 0.0307704 0.0295876 0.0011828 0 0.961561 290.223 277.479 12.7441 0 -29.8144 -32.1918 32 6949.88 230.903 207 0.000142935
6700 0.045189 0.0434146 0.00177433 0 0.960735 294.758 281.82 12.9374 0 -29.8376 -31.3192 32 7045.88 232.492 210 0.000206736
6800 0.0510376 0.0477802 0.00325737 0 0.936177 299.753 286.598 13.1549 0 -29.8288 -29.3068 32 7141.88 234.07 213 0.00022432
6900 0.0449989 0.0430818 0.00191704 0 0.957398 304.306 290.907 13.3995 0 -29.8355 -30.283 32 7237.88 235.638 216 0.000199453
7000 0.0399313 0.0383547 0.00157658 0 0.960518 308.343 294.742 13.6011 0 -29.8519 -31.0847 32 7333.88 237.196 219 0.000175136
7100 0.0491721 0.0466302 0.00254186 0 0.948307 313.206 299.405 13.801 0 -29.8417 -29.1931 32 7429.88 238.743 222 0.000210046
7200 0.0421299 0.040687 0.00144285 0 0.965752 317.464 303.474 13.9907 0 -29.8413 -29.8167 32 7557.88 240.791 226 0.000180031
7300 0.0711643 0.0677254 0.00343889 0 0.951677 324.499 310.246 14.2527 0 -29.7512 -25.6828 32 7653.88 242.315 229 0.000295744
7400 0.0661148 0.0624104 0.00370436 0 0.943971 331.034 316.487 14.5465 0 -29.6934 -26.824 32 7749.88 243.83 232 0.00026901
7500 0.0702159 0.065925 0.00429091 0 0.93889 337.984 323.08 14.9041 0 -29.6315 -26.6841 32 7845.88 245.336 235 0.000280532
7600 0.0804738 0.0766017 0.00387201 0 0.951885 346.087 330.74 15.3473 0 -29.5931 -27.9904 32 7941.88 246.832 238 0.000321856
7700 0.0622602 0.0590582 0.00320198 0 0.948571 352.348 336.646 15.7026 0 -29.5783 -28.7625 32 8037.88 248.32 241 0.000245055
7800 0.0620654 0.0584031 0.00366227 0 0.940993 358.578 342.486 16.0918 0 -29.5732 -29.2806 32 8133.88 249.798 244 0.000239357
7900 0.052799 0.0504448 0.00235419 0 0.955412 363.924 347.531 16.3933 0 -29.5797 -30.0186 32 8229.88 251.268 247 0.00020423
8000 0.0482764 0.0463606 0.00191581 0 0.960316 368.797 352.167 16.6303 0 -29.5892 -30.301 32 8357.88 253.214 251 0.000184704
8100 0.0454619 0.0434221 0.00203976 0 0.955132 373.347 356.509 16.8376 0 -29.6012 -30.573 32 8453.88 254.664 254 0.000170953
8200 0.0416046 0.0406392 0.000965399 0 0.976796 377.535 360.573 16.9623 0 -29.6233 -31.5909 32 8549.88 256.106 257 0.000158129
8300 0.0773811 0.0747696 0.0026115 0 0.966251 385.241 368.05 17.1913 0 -29.6418 -30.5464 32 8645.88 257.54 260 0.000287575
8400 0.0650156 0.0625674 0.00244817 0 0.962345 391.754 374.307 17.4472 0 -29.6591 -30.6822 32 8741.88 258.966 263 0.000237899
8500 0.0594645 0.0578562 0.00160831 0 0.972953 397.749 380.092 17.6564 0 -29.6815 -31.1452 32 8837.88 260.384 266 0.000217505
8600 0.0508874 0.049644 0.00124339 0 0.975566 402.867 385.057 17.8108 0 -29.7076 -31.7347 32 8933.88 261.794 269 0.00018455
8700 0.0520211 0.0500985 0.00192268 0 0.96304 408.056 390.066 17.9901 0 -29.7305 -31.5087 32 9029.88 263.197 272 0.000184185
8800 0.0504764 0.049369 0.00110747 0 0.97806 413.149 395.003 18.1453 0 -29.7616 -32.258 32 9157.88 265.056 276 0.000178873
8900 0.0503717 0.0483982 0.00197346 0 0.960822 418.096 399.843 18.2525 0 -29.776 -30.977 32 9253.88 266.442 279 0.00017347
9000 0.0502874 0.0491347 0.00115267 0 0.977078 423.168 404.757 18.4116 0 -29.7907 -30.9997 32 9349.88 267.82 282 0.000174237
9100 0.0428876 0.0420311 0.000856534 0 0.980028 427.48 408.96 18.52 0 -29.8136 -32.0623 32 9445.88 269.191 285 0.000147478
9200 0.0400479 0.0390597 0.000988139 0 0.975326 431.46 412.866 18.5941 0 -29.8357 -32.2129 32 9541.88 270.556 288 0.000135624
9300 0.0403144 0.0393006 0.00101387 0 0.974851 435.488 416.796 18.6925 0 -29.8603 -32.4988 32 9637.88 271.914 291 0.000135053
9400 0.0396266 0.038811 0.000815688 0 0.979416 439.465 420.677 18.7885 0 -29.8871 -32.8206 32 9733.88 273.264 294 0.00013201
9500 0.069002 0.0668205 0.00218152 0 0.968385 446.343 427.359 18.9845 0 -29.8806 -29.4629 32 9829.88 274.609 297 0.000224985
9600 0.0651832 0.0626028 0.00258033 0 0.960414 452.888 433.619 19.2689 0 -29.8939 -30.8036 32 9957.88 276.391 301 0.000207983
9700 0.0831263 0.0788734 0.00425289 0 0.948838 461.179 441.506 19.6722 0 -29.857 -27.8412 32 10053.9 277.72 304 0.000259452
9800 0.0629282 0.0605889 0.00233931 0 0.962826 467.512 447.565 19.947 0 -29.8547 -29.6891 32 10149.9 279.043 307 0.000197358
9900 0.0604723 0.0575872 0.00288511 0 0.95229 473.511 453.324 20.1866 0 -29.8595 -30.2321 32 10245.9 280.359 310 0.000185765
10000 0.0620949 0.0600031 0.00209181 0 0.966313 479.782 459.324 20.4579 0 -29.8798 -31.4065 32 10341.9 281.67 313 0.000191703
10100 0.0559402 0.0537619 0.00217832 0 0.96106 485.387 464.701 20.6864 0 -29.8883 -30.6192 32 10437.9 282.974 316 0.000170133
10200 0.0560222 0.053628 0.00239422 0 0.957263 490.966 470.063 20.903 0 -29.891 -30.1282 32 10533.9 284.272 319 0.000168113
10300 0.057803 0.0558375 0.00196554 0 0.965996 496.75 475.647 21.1028 0 -29.8876 -29.6007 32 10629.9 285.565 322 0.000173408
10400 0.0521713 0.0506165 0.00155487 0 0.970197 501.985 480.709 21.2765 0 -29.8904 -30.1525 32 10757.9 287.279 326 0.000155265
10500 0.0932181 0.0895021 0.00371606 0 0.960136 511.321 489.659 21.6622 0 -29.8615 -28.3096 32 10853.9 288.558 329 0.000272043
10600 0.0739127 0.0710132 0.00289948 0 0.960772 518.778 496.76 22.0174 0 -29.8392 -28.3069 32 10949.9 289.831 332 0.000213895
10700 0.0650537 0.0617326 0.00332112 0 0.948948 525.251 502.934 22.317 0 -29.828 -28.9274 32 11045.9 291.099 335 0.000184276
10800 0.0618635 0.0598482 0.00201531 0 0.967423 531.502 508.918 22.584 0 -29.8376 -30.6511 32 11141.9 292.361 338 0.000177066
10900 0.0603724 0.058009 0.00236332 0 0.960854 537.52 514.719 22.8003 0 -29.8486 -30.8185 32 11237.9 293.618 341 0.000170114
11000 0.0636125 0.0615037 0.00210874 0 0.96685 543.934 520.87 23.0644 0 -29.8715 -31.79 32 11333.9 294.869 344 0.00017879
11100 0.0531712 0.0519113 0.00125987 0 0.976305 549.298 526.061 23.2369 0 -29.8907 -31.8399 32 11429.9 296.115 347 0.0001496
11200 0.0489706 0.0479003 0.00107024 0 0.978145 554.227 530.851 23.3758 0 -29.9138 -32.4792 32 11557.9 297.769 351 0.000136468
11300 0.0564513 0.0549968 0.00145452 0 0.974234 559.901 536.351 23.5504 0 -29.9337 -31.887 32 11653.9 299.003 354 0.000155358
11400 0.055681 0.0532351 0.00244586 0 0.956074 565.344 541.674 23.6698 0 -29.9473 -31.3407 32 11749.9 300.232 357 0.000149118
11500 0.082835 0.0802972 0.00253778 0 0.969363 573.643 549.704 23.9393 0 -29.9638 -31.0877 32 11845.9 301.456 360 0.000223048
11600 0.0760716 0.0726751 0.00339653 0 0.955351 581.196 556.971 24.2246 0 -29.9722 -30.6107 32 11941.9 302.675 363 0.000200207
11700 0.0739818 0.071418 0.00256379 0 0.965346 588.63 564.113 24.5168 0 -29.9805 -30.6321 32 12037.9 303.889 366 0.000195131
11800 0.0603098 0.0581837 0.00212609 0 0.964747 594.71 569.931 24.7781 0 -29.9922 -31.1237 32 12133.9 305.098 369 0.000157679
11900 0.0539344 0.0521586 0.00177583 0 0.967074 600.123 575.147 24.9759 0 -30.0056 -31.4788 32 12229.9 306.303 372 0.000140211
12000 0.0643584 0.0616796 0.00267874 0 0.958378 606.57 581.315 25.2551 0 -30.0154 -30.9226 32 12357.9 307.902 376 0.000164042
12100 0.0620516 0.059092 0.00295962 0 0.952304 612.72 587.224 25.4955 0 -30.0216 -30.636 32 12453.9 309.095 379 0.000155916
12200 0.0659192 0.0635617 0.0023575 0 0.964237 619.347 593.581 25.7662 0 -30.0232 -30.1726 32 12549.9 310.284 382 0.000166392
12300 0.059436 0.0573815 0.00205448 0 0.965434 625.314 599.319 25.9949 0 -30.0331 -31.0591 32 12645.9 311.469 385 0.000149043
12400 0.0556671 0.0532174 0.00244972 0 0.955993 630.824 604.641 26.1832 0 -30.0406 -30.8926 32 12741.9 312.649 388 0.000137158
12500 0.060601 0.0576885 0.00291251 0 0.95194 636.874 610.409 26.4643 0 -30.0373 -29.6939 32 12837.9 313.824 391 0.000147541
12600 0.0541987 0.0518422 0.00235648 0 0.956521 642.336 615.594 26.7423 0 -30.0407 -30.436 32 12933.9 314.996 394 0.000131579
12700 0.0583329 0.0562228 0.00211017 0 0.963825 648.216 621.216 27.0002 0 -30.0484 -30.8908 32 13029.9 316.162 397 0.000141619
12800 0.0561854 0.0539136 0.00227187 0 0.959565 653.839 626.607 27.2316 0 -30.0578 -31.1349 32 13157.9 317.712 401 0.000134448
12900 0.0475016 0.0459142 0.00158733 0 0.966584 658.613 631.199 27.4146 0 -30.0709 -31.8735 32 13253.9 318.868 404 0.000113649
13000 0.0472735 0.0458736 0.00139986 0 0.970388 663.35 635.786 27.5637 0 -30.0848 -32.0135 32 13349.9 320.021 407 0.000112712
13100 0.0454994 0.0443906 0.00110877 0 0.975631 667.924 640.225 27.699 0 -30.1028 -32.714 32 13445.9 321.17 410 0.00010827
13200 0.0421343 0.0412387 0.000895604 0 0.978744 672.15 644.349 27.801 0 -30.1207 -32.9441 32 13541.9 322.314 413 9.98515e-05
13300 0.0371416 0.0366909 0.00045069 0 0.987866 675.881 648.018 27.8633 0 -30.1398 -33.5843 32 13637.9 323.455 416 8.81992e-05
13400 0.0433652 0.0422081 0.00115711 0 0.973317 680.185 652.239 27.9463 0 -30.1516 -31.9996 32 13733.9 324.591 419 0.000100735
13500 0.0588551 0.0568592 0.00199596 0 0.966087 686.043 657.925 28.1178 0 -30.161 -31.2585 32 13829.9 325.724 422 0.000134737
13600 0.0594949 0.0577618 0.00173305 0 0.970871 692.033 663.701 28.3324 0 -30.1729 -31.5331 32 13957.9 327.228 426 0.000135591
13700 0.0635258 0.0601488 0.00337699 0 0.946841 698.319 669.716 28.6034 0 -30.1883 -31.8874 32 14053.9 328.351 429 0.000140207
13800 0.0557682 0.0529814 0.00278684 0 0.950028 703.901 675.014 28.8866 0 -30.1992 -31.5626 32 14149.9 329.47 432 0.000122642
13900 0.0582284 0.0558089 0.00241953 0 0.958448 709.749 680.595 29.1545 0 -30.2089 -31.378 32 14245.9 330.586 435 0.000128296
14000 0.052824 0.0501653 0.00265878 0 0.949667 714.999 685.611 29.388 0 -30.2147 -31.0002 32 14341.9 331.698 438 0.000114533
14100 0.0718247 0.0685022 0.00332252 0 0.953741 722.206 692.462 29.7445 0 -30.2119 -29.9311 32 14437.9 332.807 441 0.000155334
14200 0.0790174 0.074954 0.00406342 0 0.948576 730.212 699.957 30.2546 0 -30.2252 -31.4196 32 14533.9 333.911 444 0.000168815
14300 0.0874368 0.0834743 0.00396256 0 0.954681 739.02 708.304 30.7156 0 -30.205 -28.5304 32 14629.9 335.012 447 0.000186743
14400 0.0703587 0.0671488 0.00320992 0 0.954378 746.101 715.019 31.0819 0 -30.2092 -30.6489 32 14757.9 336.474 451 0.000148889
14500 0.0727968 0.0689263 0.00387043 0 0.946832 753.295 721.912 31.3834 0 -30.2095 -30.2448 32 14853.9 337.567 454 0.00015182
14600 0.0701951 0.0675068 0.00268831 0 0.961702 760.33 728.663 31.6671 0 -30.217 -31.0143 32 14949.9 338.656 457 0.000147717
14700 0.0685005 0.0654762 0.00302426 0 0.955851 767.119 735.21 31.9085 0 -30.2211 -30.691 32 15045.9 339.742 460 0.00014234
14800 0.0634796 0.0615316 0.00194792 0 0.969314 773.515 741.363 32.1516 0 -30.23 -31.2912 32 15141.9 340.824 463 0.000132898
14900 0.0544521 0.0534017 0.00105038 0 0.98071 779.027 746.704 32.3237 0 -30.2437 -32.1611 32 15237.9 341.903 466 0.000114596
15000 0.0533806 0.0518374 0.00154317 0 0.971091 784.319 751.887 32.4313 0 -30.2529 -31.6077 32 15333.9 342.978 469 0.000110528
15100 0.0608726 0.0597596 0.00111301 0 0.981716 790.451 757.863 32.5875 0 -30.2625 -31.492 32 15429.9 344.05 472 0.000126609
15200 0.053089 0.0521247 0.000964292 0 0.981836 795.781 763.076 32.705 0 -30.2753 -32.1811 32 15557.9 345.474 476 0.000109506
15300 0.047833 0.0468989 0.000934071 0 0.980472 800.56 767.766 32.794 0 -30.2904 -32.7953 32 15653.9 346.538 479 9.79101e-05
15400 0.0466547 0.0457926 0.000862142 0 0.981521 805.227 772.345 32.8819 0 -30.3057 -32.9424 32 15749.9 347.599 482 9.50053e-05
15500 0.0459668 0.0449239 0.00104293 0 0.977311 809.817 776.837 32.9793 0 -30.3177 -32.4185 32 15845.9 348.657 485 9.26266e-05
15600 0.0447366 0.0439363 0.00080023 0 0.982112 814.303 781.231 33.0723 0 -30.3291 -32.3872 32 15941.9 349.711 488 9.00335e-05
15700 0.0452115 0.0443321 0.000879345 0 0.98055 818.824 785.664 33.1603 0 -30.3424 -32.7331 32 16037.9 350.763 491 9.02895e-05
15800 0.0559732 0.0542137 0.00175948 0 0.968566 824.412 791.085 33.3266 0 -30.3582 -32.6822 32 16133.9 351.811 494 0.000109744
15900 0.0495684 0.0482106 0.00135779 0 0.972608 829.395 795.907 33.4887 0 -30.3738 -32.9433 32 16229.9 352.856 497 9.70033e-05
16000 0.0434661 0.0427337 0.000732389 0 0.98315 833.777 800.18 33.5967 0 -30.3899 -33.4396 32 16357.9 354.245 501 8.52969e-05
16100 0.0525152 0.0499851 0.00253007 0 0.951822 838.906 805.178 33.7278 0 -30.3934 -30.9628 32 16453.9 355.283 504 9.91768e-05
16200 0.0611647 0.0595232 0.00164149 0 0.973163 845.068 811.131 33.9371 0 -30.3925 -30.2772 32 16549.9 356.318 507 0.000117403
16300 0.0687737 0.065557 0.00321666 0 0.953228 851.882 817.686 34.1951 0 -30.3985 -31.1391 32 16645.9 357.35 510 0.000128543
16400 0.0609468 0.0580861 0.00286069 0 0.953062 857.985 823.495 34.4895 0 -30.4053 -31.353 32 16741.9 358.379 513 0.000113228
16500 0.0622807 0.0595892 0.0026915 0 0.956784 864.218 829.454 34.7643 0 -30.4165 -31.9562 32 16837.9 359.405 516 0.000115483
16600 0.0791731 0.0752979 0.00387516 0 0.951055 872.157 836.984 35.1731 0 -30.4267 -31.5391 32 16933.9 360.428 519 0.000145083
16700 0.0596964 0.0574288 0.00226768 0 0.962013 878.23 842.727 35.5029 0 -30.4414 -32.5443 32 17029.9 361.448 522 0.000110017
16800 0.0493705 0.0479885 0.00138205 0 0.972007 883.19 847.526 35.6641 0 -30.4569 -33.2147 32 17157.9 362.804 526 9.12328e-05
16900 0.0671081 0.0642724 0.00283575 0 0.957744 889.849 853.953 35.8967 0 -30.4719 -32.4601 32 17253.9 363.817 529 0.000121498
17000 0.052935 0.0511661 0.00176893 0 0.966583 895.179 859.069 36.1099 0 -30.4884 -33.2332 32 17349.9 364.828 532 9.61768e-05
17100 0.0452695 0.0438631 0.00140637 0 0.968933 899.707 863.456 36.2513 0 -30.5035 -33.4886 32 17445.9 365.836 535 8.19871e-05
17200 0.0593468 0.0574292 0.00191768 0 0.967687 905.618 869.199 36.4193 0 -30.5187 -32.843 32 17541.9 366.841 538 0.000106746
17300 0.0656013 0.0633401 0.00226121 0 0.965531 912.177 875.533 36.6442 0 -30.5313 -32.2628 32 17637.9 367.844 541 0.00011708
17400 0.0613837 0.0592012 0.00218251 0 0.964445 918.36 881.453 36.9075 0 -30.5436 -32.3594 32 17733.9 368.843 544 0.000108826
17500 0.0650845 0.0630988 0.00198567 0 0.969491 924.946 887.763 37.1836 0 -30.5539 -31.9928 32 17829.9 369.84 547 0.000115354
17600 0.0531666 0.0518426 0.00132402 0 0.975097 930.319 892.947 37.3722 0 -30.5677 -32.944 32 17957.9 371.166 551 9.40882e-05
17700 0.0457367 0.0449932 0.000743566 0 0.983742 934.911 897.446 37.4648 0 -30.584 -33.885 32 18053.9 372.156 554 8.12151e-05
17800 0.0497121 0.0471935 0.00251856 0 0.949337 939.71 902.166 37.5447 0 -30.5927 -32.2802 32 18149.9 373.144 557 8.47281e-05
17900 0.0555533 0.0540354 0.00151793 0 0.972676 945.284 907.569 37.7147 0 -30.5934 -30.7185 32 18245.9 374.13 560 9.64917e-05
18000 0.0489078 0.0475074 0.00140032 0 0.971368 950.185 912.32 37.8647 0 -30.602 -32.2628 32 18341.9 375.113 563 8.43827e-05
18100 0.0513663 0.0500673 0.00129899 0 0.974711 955.35 917.327 38.0235 0 -30.61 -32.0771 32 18437.9 376.093 566 8.84582e-05
18200 0.0435326 0.0428192 0.000713389 0 0.983613 959.735 921.608 38.1261 0 -30.6237 -33.6023 32 18533.9 377.071 569 7.52534e-05
18300 0.0504299 0.0490137 0.00141623 0 0.971917 964.746 926.51 38.2359 0 -30.6339 -32.6035 32 18629.9 378.046 572 8.56883e-05
18400 0.0494807 0.0483158 0.00116486 0 0.976458 969.726 931.341 38.3843 0 -30.6413 -32.0626 32 18757.9 379.343 576 8.38817e-05
18500 0.066068 0.0642659 0.00180209 0 0.972724 976.389 937.768 38.6211 0 -30.6374 -30.0797 32 18853.9 380.312 579 0.000110995
18600 0.0671548 0.0646891 0.00246565 0 0.963284 983.112 944.237 38.8749 0 -30.6379 -30.7081 32 18949.9 381.279 582 0.00011115
18700 0.0564501 0.0542319 0.00221824 0 0.960704 988.762 949.66 39.1023 0 -30.6412 -31.2131 32 19045.9 382.244 585 9.27041e-05
18800 0.0479091 0.04615 0.00175911 0 0.963282 993.574 954.275 39.2989 0 -30.6482 -32.0741 32 19141.9 383.206 588 7.84864e-05
18900 0.0433337 0.0421897 0.00114401 0 0.9736 997.938 958.494 39.4444 0 -30.6591 -33.1457 32 19237.9 384.166 591 7.13869e-05
19000 0.0425965 0.0418367 0.000759785 0 0.982163 1002.22 962.678 39.5429 0 -30.6713 -33.5245 32 19333.9 385.123 594 7.04322e-05
19100 0.0384299 0.0378743 0.000555603 0 0.985542 1006.08 966.465 39.612 0 -30.6845 -34.106 32 19429.9 386.078 597 6.34411e-05
19200 0.052766 0.051132 0.00163403 0 0.969032 1011.32 971.578 39.7378 0 -30.7011 -33.8865 32 19557.9 387.348 601 8.50781e-05
19300 0.0485452 0.047162 0.00138315 0 0.971508 1016.2 976.295 39.9071 0 -30.7175 -34.1274 32 19653.9 388.297 604 7.80828e-05
19400 0.0427918 0.0417746 0.00101714 0 0.97623 1020.48 980.472 40.011 0 -30.7338 -34.5991 32 19749.9 389.244 607 6.88215e-05
19500 0.0401651 0.0394075 0.00075768 0 0.981136 1024.52 984.413 40.1059 0 -30.7498 -34.7921 32 19845.9 390.189 610 6.46024e-05
19600 0.040743 0.0398934 0.000849632 0 0.979147 1028.58 988.402 40.1797 0 -30.7639 -34.309 32 19941.9 391.132 613 6.50789e-05
19700 0.0428118 0.0419622 0.000849605 0 0.980155 1032.87 992.598 40.2747 0 -30.7767 -33.8445 32 20037.9 392.072 616 6.81204e-05
19800 0.0367502 0.0364191 0.000331101 0 0.990991 1036.56 996.24 40.3202 0 -30.7912 -34.8583 32 20133.9 393.01 619 5.88354e-05
19900 0.0429292 0.0415087 0.00142044 0 0.966912 1040.8 1000.39 40.4095 0 -30.7985 -32.5938 32 20229.9 393.946 622 6.67343e-05
20000 0.0421923 0.0413251 0.000867198 0 0.979447 1045.05 1004.52 40.5304 0 -30.808 -33.1289 32 20357.9 395.19 626 6.60145e-05
