100 0.0019558 0.0019558 0 0 1 0.206707 0.19558 0.0111261 0 -31.3247 -31.3247 64 453.882 59.0081 2 0.000977902
200 0.00372451 0.00330936 0.000415151 0 0.888535 0.567787 0.526516 0.0412709 0 -27.883 -25.9128 64 581.882 66.8124 4 0.000827339
300 0.00501124 0.00453714 0.0004741 0 0.905393 1.07045 0.98023 0.0902233 0 -26.6177 -25.1885 64 645.882 70.3909 5 0.000907427
400 0.00451555 0.00398743 0.000528116 0 0.883045 1.52231 1.37897 0.143339 0 -26.472 -26.1266 64 773.882 77.0508 7 0.000569633
500 0.0219011 0.0205487 0.00135236 0 0.938251 3.70065 3.43385 0.266808 0 -26.4086 -26.3643 64 837.882 80.1736 8 0.00256859
600 0.015842 0.0145437 0.00129831 0 0.918047 5.28511 4.88822 0.396894 0 -26.5217 -26.7859 64 965.882 86.08 10 0.00145437
700 0.0123468 0.0114028 0.000943988 0 0.923544 6.52599 6.0285 0.497492 0 -26.4422 -26.1037 64 1029.88 88.8861 11 0.00103662
800 0.0101797 0.00945261 0.000727053 0 0.928578 7.56256 6.97376 0.588798 0 -26.5127 -26.9564 64 1157.88 94.248 13 0.000727124
900 0.011595 0.00992033 0.00167471 0 0.855567 8.64074 7.9658 0.674943 0 -26.5116 -26.5042 64 1285.88 99.3209 15 0.000661355
1000 0.0109494 0.0101492 0.000800263 0 0.926913 9.76606 8.98071 0.785342 0 -26.7585 -28.6537 64 1349.88 101.763 16 0.000634322
1100 0.00800815 0.0075394 0.000468751 0 0.941466 10.5983 9.73465 0.863661 0 -26.9184 -28.7958 64 1477.88 106.478 18 0.000418856
1200 0.00632158 0.00604831 0.000273266 0 0.956772 11.2459 10.3395 0.906409 0 -27.0787 -29.7017 64 1541.88 108.759 19 0.000318332
1300 0.00823799 0.00708049 0.0011575 0 0.859493 12.0116 11.0475 0.964033 0 -27.0333 -26.3665 64 1669.88 113.183 21 0.000337166
1400 0.0293495 0.0277793 0.00157017 0 0.946501 14.9473 13.8255 1.12188 0 -26.3255 -23.4294 64 1733.88 115.332 22 0.0012627
1500 0.034808 0.0327439 0.00206414 0 0.940699 18.479 17.0999 1.37918 0 -26.623 -27.8824 64 1861.88 119.513 24 0.00136433
1600 0.019397 0.0180625 0.00133445 0 0.931203 20.4407 18.9061 1.53463 0 -26.6245 -26.6382 64 1989.88 123.553 26 0.000694712
1700 0.0178603 0.0167921 0.00106817 0 0.940193 22.2693 20.5853 1.68397 0 -26.6509 -26.9465 64 2053.88 125.524 27 0.000621929
1800 0.01756 0.0164582 0.00110173 0 0.937259 24.0265 22.2311 1.79536 0 -26.7594 -28.1344 64 2181.88 129.377 29 0.000567526
1900 0.0179175 0.0166063 0.00131123 0 0.926818 25.8325 23.8918 1.94071 0 -26.7401 -26.4829 64 2245.88 131.26 30 0.000553542
2000 0.0146591 0.0137276 0.000931494 0 0.936456 27.3244 25.2645 2.05983 0 -26.7517 -26.9535 64 2373.88 134.949 32 0.000428988
2100 0.0119497 0.0114072 0.000542438 0 0.954606 28.5406 26.4053 2.13536 0 -26.788 -27.6029 64 2437.88 136.756 33 0.000345674
2200 0.0106844 0.0102596 0.00042487 0 0.960235 29.6145 27.4312 2.18328 0 -26.8425 -28.2903 64 2565.88 140.3 35 0.00029313
2300 0.019642 0.0186741 0.000967866 0 0.950725 31.5675 29.2986 2.26889 0 -27.0295 -29.8655 64 2629.88 142.039 36 0.000518725
2400 0.0266178 0.0249081 0.00170966 0 0.93577 34.2492 31.7894 2.45974 0 -27.0934 -27.8457 64 2757.88 145.455 38 0.000655476
2500 0.019256 0.0178149 0.00144107 0 0.925162 36.1517 33.5709 2.58077 0 -27.1435 -28.0448 64 2885.88 148.792 40 0.000445372
2600 0.0155453 0.0151539 0.000391423 0 0.97482 37.7387 35.0863 2.65242 0 -27.2528 -29.7416 64 2949.88 150.433 41 0.000369607
2700 0.0145905 0.0140193 0.000571218 0 0.96085 39.1807 36.4882 2.69244 0 -27.344 -29.732 64 3077.88 153.662 43 0.00032603
2800 0.0120948 0.0119165 0.000178357 0 0.985253 40.3969 37.6799 2.71703 0 -27.4622 -31.2701 64 3141.88 155.251 44 0.000270829
2900 0.0312545 0.0303792 0.000875224 0 0.971997 43.53 40.7178 2.81221 0 -27.8049 -32.2242 64 3269.88 158.382 46 0.000660418
3000 0.0403007 0.0388059 0.00149481 0 0.962909 47.5663 44.5984 2.96793 0 -28.1867 -32.3033 64 3333.88 159.925 47 0.000825657
3100 0.0347155 0.0331361 0.00157939 0 0.954505 51.0513 47.912 3.13925 0 -28.4433 -31.9459 64 3461.88 162.966 49 0.000676246
3200 0.0249839 0.0240113 0.000972634 0 0.96107 53.5703 50.3131 3.25722 0 -28.6093 -31.9743 64 3589.88 165.951 51 0.00047081
3300 0.0240977 0.023305 0.000792682 0 0.967106 56.0188 52.6436 3.37519 0 -28.7576 -32.0011 64 3653.88 167.424 52 0.000448174
3400 0.0234632 0.0216384 0.00182483 0 0.922226 58.273 54.8075 3.46557 0 -28.8498 -31.1411 64 3781.88 170.331 54 0.000400711
3500 0.0250107 0.0238385 0.00117223 0 0.953131 60.7951 57.1913 3.60381 0 -28.971 -31.772 64 3845.88 171.766 55 0.000433428
3600 0.0199201 0.0190593 0.000860844 0 0.956785 62.79 59.0973 3.69271 0 -29.0694 -32.0678 64 3973.88 174.601 57 0.000334374
3700 0.01752 0.0168296 0.000690448 0 0.960591 64.5509 60.7802 3.77066 0 -29.1638 -32.5319 64 4037.88 176.002 58 0.000290165
3800 0.017256 0.0170945 0.000161527 0 0.990639 66.3286 62.4897 3.83897 0 -29.2636 -32.8842 64 4165.88 178.77 60 0.000284908
3900 0.0164024 0.0161414 0.000260943 0 0.984091 67.9794 64.1038 3.87562 0 -29.3812 -34.1065 64 4229.88 180.138 61 0.000264614
4000 0.0139065 0.0139065 0 0 1 69.3846 65.4945 3.89011 0 -29.4997 -35.2351 64 4357.88 182.843 63 0.000220738
4100 0.0166582 0.0162456 0.000412626 0 0.97523 71.0399 67.119 3.92092 0 -29.6167 -34.5197 64 4485.88 185.509 65 0.000249932
4200 0.0178208 0.0172784 0.000542451 0 0.969561 72.8148 68.8469 3.96795 0 -29.694 -32.7872 64 4549.88 186.827 66 0.000261794
4300 0.0158831 0.0154349 0.000448246 0 0.971778 74.4112 70.3903 4.02085 0 -29.7694 -33.2104 64 4677.88 189.437 68 0.000226983
4400 0.0144969 0.0142475 0.000249388 0 0.982797 75.8839 71.8151 4.06885 0 -29.8561 -34.2368 64 4741.88 190.728 69 0.000206486
4500 0.0216472 0.0197764 0.0018708 0 0.913578 77.9135 73.7927 4.1208 0 -29.8202 -28.4759 64 4869.88 193.285 71 0.000278541
4600 0.027206 0.0250654 0.00214062 0 0.921318 80.6286 76.2993 4.32933 0 -29.7371 -27.3546 64 4933.88 194.551 72 0.00034813
4700 0.0211096 0.0196612 0.00144843 0 0.931385 82.7604 78.2654 4.49503 0 -29.7378 -29.7636 64 5061.88 197.059 74 0.000265691
4800 0.0173596 0.0159484 0.00141128 0 0.918704 84.4993 79.8602 4.63905 0 -29.7401 -29.8502 64 5189.88 199.535 76 0.000209847
4900 0.0172085 0.0157983 0.00141018 0 0.918053 86.2251 81.4401 4.78502 0 -29.7485 -30.1606 64 5253.88 200.761 77 0.000205173
5000 0.0154994 0.0145031 0.000996311 0 0.935719 87.7826 82.8904 4.89224 0 -29.7606 -30.4255 64 5381.88 203.192 79 0.000183584
5100 0.0382494 0.0357613 0.00248803 0 0.934952 91.5254 86.4665 5.0589 0 -29.7643 -29.8519 64 5445.88 204.397 80 0.000447017
5200 0.0330153 0.0312779 0.0017374 0 0.947376 94.8507 89.5943 5.25639 0 -29.8013 -30.8205 64 5573.88 206.785 82 0.000381438
5300 0.0287569 0.0273009 0.00145595 0 0.94937 97.7594 92.3244 5.43503 0 -29.8254 -30.6118 64 5637.88 207.969 83 0.000328926
5400 0.023631 0.022358 0.00127296 0 0.946132 100.138 94.5602 5.57764 0 -29.8677 -31.6047 64 5765.88 210.316 85 0.000263036
5500 0.0222258 0.0214002 0.000825674 0 0.962851 102.387 96.7002 5.68664 0 -29.8893 -30.8492 64 5829.88 211.48 86 0.000248839
5600 0.021032 0.0202514 0.000780567 0 0.962887 104.504 98.7253 5.77901 0 -29.9308 -31.9401 64 5957.88 213.789 88 0.000230129
5700 0.0191621 0.0187317 0.000430456 0 0.977536 106.442 100.599 5.84326 0 -29.9738 -32.2935 64 6085.88 216.074 90 0.00020813
5800 0.0170311 0.0169177 0.00011345 0 0.993339 108.158 102.29 5.86779 0 -30.0258 -33.2467 64 6149.88 217.207 91 0.000185908
5900 0.0157154 0.0155618 0.000153514 0 0.990232 109.726 103.846 5.87993 0 -30.0803 -33.84 64 6277.88 219.456 93 0.000167332
6000 0.0189347 0.0185256 0.00040907 0 0.978396 111.606 105.699 5.90702 0 -30.1334 -33.2372 64 6341.88 220.571 94 0.000197081
6100 0.0165162 0.0162695 0.000246714 0 0.985062 113.264 107.326 5.93824 0 -30.1922 -34.1506 64 6469.88 222.786 96 0.000169474
6200 0.0200476 0.0192589 0.000788609 0 0.960663 115.265 109.252 6.01334 0 -30.2275 -32.2208 64 6533.88 223.885 97 0.000198546
6300 0.0248797 0.0235733 0.00130635 0 0.947493 117.749 111.609 6.13988 0 -30.2593 -31.7354 64 6661.88 226.068 99 0.000238114
6400 0.0224727 0.0215679 0.000904815 0 0.959737 120.023 113.766 6.25681 0 -30.307 -32.7785 64 6789.88 228.229 101 0.000213543
6500 0.0209392 0.0203093 0.000629819 0 0.969921 122.151 115.797 6.35403 0 -30.3623 -33.4806 64 6853.88 229.302 102 0.000199111
6600 0.0324679 0.0313879 0.00107996 0 0.966737 125.413 118.936 6.47751 0 -30.4622 -34.2048 64 6981.88 231.434 104 0.000301807
6700 0.0305775 0.0295328 0.00104476 0 0.965832 128.471 121.889 6.58193 0 -30.5202 -32.8989 64 7045.88 232.492 105 0.000281264
6800 0.0304998 0.0291796 0.00132028 0 0.956712 131.483 124.807 6.67651 0 -30.5555 -32.0595 64 7173.88 234.594 107 0.000272706
6900 0.0276871 0.0266054 0.00108172 0 0.960931 134.26 127.467 6.79241 0 -30.5776 -31.6248 64 7237.88 235.638 108 0.000246347
7000 0.0219918 0.0213624 0.000629356 0 0.971382 136.481 129.604 6.87709 0 -30.6169 -32.9916 64 7365.88 237.713 110 0.000194204
7100 0.0262698 0.0251226 0.00114719 0 0.956331 139.112 132.116 6.99575 0 -30.6691 -33.3796 64 7429.88 238.743 111 0.00022633
7200 0.0245223 0.0229848 0.00153749 0 0.937302 141.549 134.414 7.13457 0 -30.7049 -32.7439 64 7557.88 240.791 113 0.000203405
7300 0.0270435 0.0252395 0.001804 0 0.933293 144.22 136.938 7.28125 0 -30.7213 -31.5918 64 7685.88 242.821 115 0.000219474
7400 0.0253282 0.0245857 0.000742433 0 0.970687 146.787 139.397 7.38977 0 -30.7542 -32.602 64 7749.88 243.83 116 0.000211946
7500 0.0247444 0.0231294 0.00161502 0 0.934732 149.183 141.71 7.47291 0 -30.7796 -32.3372 64 7877.88 245.836 118 0.000196012
7600 0.0307721 0.029536 0.00123611 0 0.95983 152.263 144.664 7.59984 0 -30.8244 -32.9934 64 7941.88 246.832 119 0.000248202
7700 0.0259653 0.0248827 0.00108264 0 0.958304 154.857 147.152 7.70508 0 -30.8523 -32.4917 64 8069.88 248.813 121 0.000205642
7800 0.0214961 0.0209154 0.000580759 0 0.972983 157.032 149.243 7.78901 0 -30.8878 -33.4164 64 8133.88 249.798 122 0.000171438
7900 0.0287081 0.0276694 0.00103866 0 0.96382 159.914 152.01 7.9034 0 -30.9117 -32.2091 64 8261.88 251.756 124 0.000223141
8000 0.0259026 0.0250604 0.000842273 0 0.967483 162.52 154.516 8.00354 0 -30.9379 -32.5512 64 8389.88 253.699 126 0.000198892
8100 0.0393448 0.0379037 0.00144111 0 0.963372 166.46 158.307 8.15355 0 -30.9577 -31.774 64 8453.88 254.664 127 0.000298455
8200 0.0347786 0.032123 0.00265567 0 0.923641 169.788 161.519 8.26931 0 -30.9516 -30.646 64 8581.88 256.585 129 0.000249015
8300 0.0402075 0.0390951 0.00111244 0 0.972332 173.851 165.428 8.42288 0 -30.9603 -31.325 64 8645.88 257.54 130 0.000300731
8400 0.0293704 0.028503 0.000867383 0 0.970467 176.805 168.279 8.52654 0 -30.9857 -32.48 64 8773.88 259.439 132 0.000215932
8500 0.0327093 0.0318587 0.000850582 0 0.973996 180.077 171.465 8.61197 0 -30.9763 -30.4686 64 8837.88 260.384 133 0.000239539
8600 0.0319415 0.0307515 0.00119003 0 0.962743 183.233 174.54 8.69338 0 -30.9789 -31.1217 64 8965.88 262.263 135 0.000227789
8700 0.029401 0.0288245 0.000576517 0 0.980391 186.204 177.422 8.78166 0 -30.9992 -32.2519 64 9029.88 263.197 136 0.000211945
8800 0.0257673 0.0250839 0.00068331 0 0.973481 188.787 179.931 8.85648 0 -31.0238 -32.8023 64 9157.88 265.056 138 0.000181768
8900 0.0287872 0.0279729 0.000814262 0 0.971714 191.655 182.728 8.92737 0 -31.0352 -31.7822 64 9285.88 266.902 140 0.000199807
9000 0.0322208 0.0311095 0.00111129 0 0.96551 194.858 185.839 9.01944 0 -31.0274 -30.5602 64 9349.88 267.82 141 0.000220635
9100 0.0294437 0.0286423 0.000801396 0 0.972782 197.821 188.703 9.11774 0 -31.0289 -31.1309 64 9477.88 269.647 143 0.000200296
9200 0.0239955 0.0235948 0.000400653 0 0.983303 200.243 191.063 9.1804 0 -31.0473 -32.5445 64 9541.88 270.556 144 0.000163853
9300 0.0235383 0.0230235 0.000514804 0 0.978129 202.597 193.365 9.23208 0 -31.0699 -32.9962 64 9669.88 272.365 146 0.000157695
9400 0.019886 0.0197375 0.000148477 0 0.992534 204.595 195.339 9.25669 0 -31.1001 -34.1572 64 9733.88 273.264 147 0.000134269
9500 0.0184001 0.0182332 0.000166908 0 0.990929 206.439 197.162 9.27663 0 -31.1296 -34.4121 64 9861.88 275.055 149 0.00012237
9600 0.0166661 0.016628 3.80918e-05 0 0.997714 208.111 198.825 9.28638 0 -31.1601 -34.9224 64 9989.88 276.835 151 0.000110119
9700 0.0198703 0.0195188 0.000351493 0 0.982311 210.106 200.777 9.32923 0 -31.186 -33.889 64 10053.9 277.72 152 0.000128413
9800 0.0276781 0.0270093 0.000668859 0 0.975834 212.882 203.478 9.40459 0 -31.2085 -32.9079 64 10181.9 279.482 154 0.000175385
9900 0.0212291 0.0207995 0.000429554 0 0.979766 215.01 205.558 9.45252 0 -31.2324 -33.6277 64 10245.9 280.359 155 0.00013419
10000 0.0203976 0.0201457 0.000251914 0 0.98765 217.063 207.572 9.49034 0 -31.2573 -33.8605 64 10373.9 282.105 157 0.000128316
10100 0.017731 0.0175888 0.000142223 0 0.991979 218.841 209.331 9.51029 0 -31.2858 -34.7646 64 10437.9 282.974 158 0.000111321
10200 0.0162032 0.0160233 0.000179942 0 0.988895 220.46 210.933 9.52641 0 -31.3155 -35.3346 64 10565.9 284.704 160 0.000100145
10300 0.0192815 0.0187706 0.000510905 0 0.973503 222.377 212.81 9.56623 0 -31.3311 -33.1244 64 10629.9 285.565 161 0.000116587
10400 0.0188367 0.0182553 0.000581466 0 0.969131 224.261 214.636 9.62513 0 -31.3481 -33.3584 64 10757.9 287.279 163 0.000111996
10500 0.0402431 0.0388853 0.00135787 0 0.966258 228.288 218.524 9.76369 0 -31.2697 -26.9032 64 10885.9 288.983 165 0.000235668
10600 0.0316694 0.0307349 0.000934516 0 0.970492 231.472 221.598 9.87397 0 -31.234 -28.6712 64 10949.9 289.831 166 0.00018515
10700 0.0248751 0.024208 0.000667082 0 0.973183 233.973 224.019 9.95391 0 -31.2222 -30.1321 64 11077.9 291.52 168 0.000144095
10800 0.0213434 0.0209923 0.000351038 0 0.983553 236.121 226.118 10.0027 0 -31.2234 -31.3536 64 11141.9 292.361 169 0.000124215
10900 0.0265642 0.0258223 0.000741867 0 0.972073 238.764 228.7 10.0633 0 -31.2297 -31.7973 64 11269.9 294.035 171 0.000151008
11000 0.0229546 0.0225238 0.00043081 0 0.981232 241.083 230.953 10.1302 0 -31.2413 -32.4274 64 11333.9 294.869 172 0.000130952
11100 0.0356086 0.0338198 0.00178879 0 0.949765 244.559 234.335 10.2239 0 -31.2165 -29.4992 64 11461.9 296.53 174 0.000194366
11200 0.0362924 0.0350286 0.00126377 0 0.965178 248.208 237.837 10.3705 0 -31.2024 -30.2544 64 11589.9 298.181 176 0.000199026
11300 0.03829 0.0371859 0.00110408 0 0.971165 252.087 241.556 10.531 0 -31.2152 -32.0359 64 11653.9 299.003 177 0.00021009
11400 0.0351738 0.0322925 0.00288129 0 0.918084 255.429 244.785 10.6436 0 -31.1942 -29.6146 64 11781.9 300.64 179 0.000180405
11500 0.0400379 0.0392248 0.00081307 0 0.979692 259.5 248.708 10.7926 0 -31.185 -30.6078 64 11845.9 301.456 180 0.000217916
11600 0.0522359 0.0502513 0.00198455 0 0.962008 264.688 253.733 10.9554 0 -31.1769 -30.768 64 11973.9 303.08 182 0.000276106
11700 0.0374725 0.036346 0.00112656 0 0.969936 268.479 257.367 11.1114 0 -31.1884 -31.9907 64 12037.9 303.889 183 0.000198612
11800 0.0484674 0.0462702 0.00219722 0 0.954666 273.342 261.995 11.3475 0 -31.1881 -31.1762 64 12165.9 305.5 185 0.000250109
11900 0.037609 0.0356609 0.00194808 0 0.948202 277.118 265.561 11.5576 0 -31.1923 -31.4953 64 12229.9 306.303 186 0.000191725
12000 0.0328978 0.0313603 0.00153753 0 0.953263 280.425 268.697 11.7283 0 -31.2036 -32.1444 64 12357.9 307.902 188 0.00016681
12100 0.0287399 0.027636 0.00110391 0 0.96159 283.32 271.46 11.86 0 -31.2194 -32.7492 64 12485.9 309.492 190 0.000145452
12200 0.0259224 0.0250918 0.000830546 0 0.96796 285.938 273.969 11.9689 0 -31.2388 -33.3404 64 12549.9 310.284 191 0.000131371
12300 0.0263347 0.0254571 0.000877632 0 0.966674 288.578 276.515 12.063 0 -31.2571 -33.2424 64 12677.9 311.863 193 0.000131902
12400 0.0227308 0.0222292 0.000501614 0 0.977932 290.857 278.738 12.1188 0 -31.279 -34.051 64 12741.9 312.649 194 0.000114583
12500 0.0228294 0.0223321 0.000497337 0 0.978215 293.152 280.971 12.1806 0 -31.2974 -33.6334 64 12869.9 314.215 196 0.000113939
12600 0.0355035 0.0346933 0.000810237 0 0.977179 296.717 284.441 12.2762 0 -31.3051 -31.9382 64 12933.9 314.996 197 0.000176108
12700 0.0290545 0.0281714 0.000883087 0 0.969606 299.62 287.258 12.3619 0 -31.32 -32.8433 64 13061.9 316.55 199 0.000141565
12800 0.024094 0.0238577 0.000236353 0 0.99019 302.068 289.643 12.4247 0 -31.3437 -34.2427 64 13189.9 318.098 201 0.000118695
12900 0.0225091 0.022308 0.00020109 0 0.991066 304.333 291.874 12.4591 0 -31.3667 -34.4342 64 13253.9 318.868 202 0.000110436
13000 0.0344389 0.032214 0.00222494 0 0.935395 307.594 295.096 12.4984 0 -31.3482 -29.62 64 13381.9 320.405 204 0.000157912
13100 0.0562326 0.0546132 0.00161937 0 0.971202 313.228 300.557 12.6712 0 -31.2993 -28.6312 64 13445.9 321.17 205 0.000266406
13200 0.0497919 0.046804 0.00298795 0 0.939991 318.127 305.237 12.8898 0 -31.2698 -29.3837 64 13573.9 322.695 207 0.000226106
13300 0.0393779 0.0376416 0.00173628 0 0.955907 322.117 309.002 13.1158 0 -31.2644 -30.8304 64 13637.9 323.455 208 0.000180969
13400 0.0398632 0.038522 0.00134128 0 0.966353 326.131 312.854 13.2776 0 -31.2571 -30.6727 64 13765.9 324.969 210 0.000183438
13500 0.0343948 0.0337353 0.000659497 0 0.980826 329.601 316.227 13.3733 0 -31.2691 -32.3967 64 13829.9 325.724 211 0.000159883
13600 0.0359754 0.0349306 0.00104481 0 0.970958 333.188 319.72 13.4679 0 -31.2619 -30.6032 64 13957.9 327.228 213 0.000163993
13700 0.0348163 0.0333867 0.0014296 0 0.958939 336.603 323.059 13.544 0 -31.2522 -30.2996 64 14085.9 328.725 215 0.000155287
13800 0.0387325 0.0382164 0.000516039 0 0.986677 340.513 326.881 13.6323 0 -31.2534 -31.3553 64 14149.9 329.47 216 0.000176928
13900 0.034296 0.0331217 0.00117421 0 0.965763 343.883 330.193 13.6904 0 -31.2517 -31.0843 64 14277.9 330.957 218 0.000151935
14000 0.0327279 0.0324074 0.00032055 0 0.990206 347.197 333.434 13.7633 0 -31.2564 -31.7476 64 14341.9 331.698 219 0.000147979
14100 0.0454752 0.0435445 0.00193075 0 0.957543 351.66 337.788 13.8717 0 -31.2476 -30.564 64 14469.9 333.175 221 0.000197034
14200 0.0465966 0.0453725 0.00122407 0 0.973731 356.364 342.325 14.0384 0 -31.25 -31.4283 64 14533.9 333.911 222 0.000204381
14300 0.0348081 0.0341108 0.00069728 0 0.979968 359.885 345.736 14.1484 0 -31.2616 -32.4306 64 14661.9 335.378 224 0.000152281
14400 0.0393108 0.0378568 0.00145396 0 0.963014 363.824 349.522 14.3022 0 -31.2744 -32.4459 64 14789.9 336.839 226 0.000167508
14500 0.0324184 0.0315746 0.000843775 0 0.973972 367.107 352.68 14.4272 0 -31.2899 -33.0092 64 14853.9 337.567 227 0.000139095
14600 0.0353031 0.0341091 0.00119396 0 0.96618 370.676 356.09 14.5856 0 -31.295 -31.821 64 14981.9 339.018 229 0.000148948
14700 0.0312579 0.0307101 0.00054783 0 0.982474 373.844 359.161 14.6823 0 -31.313 -33.4203 64 15045.9 339.742 230 0.000133522
14800 0.0304046 0.0294075 0.00099712 0 0.967205 376.859 362.102 14.7567 0 -31.3223 -32.4771 64 15173.9 341.184 232 0.000126756
14900 0.0279672 0.0273979 0.000569282 0 0.979645 379.671 364.842 14.8291 0 -31.3377 -33.396 64 15237.9 341.903 233 0.000117588
15000 0.0263112 0.025664 0.000647266 0 0.9754 382.296 367.408 14.8878 0 -31.3531 -33.5857 64 15365.9 343.336 235 0.000109208
15100 0.0272849 0.0268195 0.000465388 0 0.982943 385.051 370.09 14.9607 0 -31.372 -33.9874 64 15429.9 344.05 236 0.000113642
15200 0.0252448 0.0248448 0.000400031 0 0.984154 387.588 372.575 15.0128 0 -31.3904 -34.1917 64 15557.9 345.474 238 0.00010439
15300 0.0300975 0.0286976 0.00139997 0 0.953486 390.525 375.445 15.0801 0 -31.4092 -33.8845 64 15685.9 346.892 240 0.000119573
15400 0.0274894 0.0271552 0.000334143 0 0.987845 393.302 378.16 15.1421 0 -31.4374 -35.3997 64 15749.9 347.599 241 0.000112677
15500 0.0256204 0.024617 0.0010034 0 0.960836 395.803 380.622 15.181 0 -31.4517 -33.7023 64 15877.9 349.009 243 0.000101305
15600 0.0264756 0.0259775 0.000498075 0 0.981187 398.481 383.22 15.2612 0 -31.4664 -33.6439 64 15941.9 349.711 244 0.000106465
15700 0.0238016 0.0235591 0.000242499 0 0.989812 400.876 385.575 15.3006 0 -31.4855 -34.6508 64 16069.9 351.113 246 9.57688e-05
15800 0.0321642 0.0314041 0.00076009 0 0.976368 404.094 388.716 15.3784 0 -31.5004 -33.3681 64 16133.9 351.811 247 0.000127142
15900 0.0339747 0.0336238 0.000350923 0 0.989671 407.518 392.078 15.4402 0 -31.5254 -34.4744 64 16261.9 353.204 249 0.000135035
16000 0.0255182 0.0252733 0.000244947 0 0.990401 410.079 394.606 15.4731 0 -31.5452 -34.6899 64 16389.9 354.591 251 0.00010069
16100 0.0322577 0.0316259 0.000631869 0 0.980412 413.297 397.768 15.5286 0 -31.5586 -33.2672 64 16453.9 355.283 252 0.000125499
16200 0.0316482 0.0305167 0.00113149 0 0.964248 416.452 400.82 15.6317 0 -31.5639 -32.2636 64 16581.9 356.662 254 0.000120145
16300 0.0321734 0.0310259 0.00114749 0 0.964334 419.688 403.922 15.7658 0 -31.5758 -33.1072 64 16645.9 357.35 255 0.00012167
16400 0.0435577 0.0419843 0.00157342 0 0.963877 424.059 408.121 15.938 0 -31.5857 -32.5348 64 16773.9 358.721 257 0.000163363
16500 0.0311998 0.0302788 0.000921026 0 0.97048 427.203 411.149 16.0542 0 -31.6001 -33.5393 64 16837.9 359.405 258 0.00011736
16600 0.0263428 0.0256804 0.00066238 0 0.974855 429.854 413.717 16.1372 0 -31.6166 -34.2789 64 16965.9 360.768 260 9.87707e-05
16700 0.0228255 0.0225211 0.000304431 0 0.986663 432.163 415.969 16.1939 0 -31.6358 -35.2081 64 17029.9 361.448 261 8.62876e-05
16800 0.0225055 0.0221008 0.000404698 0 0.982018 434.412 418.179 16.2329 0 -31.653 -34.9609 64 17157.9 362.804 263 8.40335e-05
16900 0.0230666 0.0226509 0.000415761 0 0.981976 436.712 420.444 16.2675 0 -31.6663 -34.178 64 17285.9 364.155 265 8.54749e-05
17000 0.0238581 0.023388 0.000470085 0 0.980297 439.09 422.783 16.307 0 -31.6791 -34.0318 64 17349.9 364.828 266 8.79249e-05
17100 0.0255902 0.0249088 0.000681392 0 0.973373 441.643 425.274 16.3689 0 -31.6895 -33.4675 64 17477.9 366.171 268 9.29434e-05
17200 0.0281137 0.0273142 0.000799503 0 0.971562 444.453 428.005 16.448 0 -31.6931 -32.2643 64 17541.9 366.841 269 0.00010154
17300 0.0264522 0.0258703 0.000581889 0 0.978002 447.125 430.592 16.5329 0 -31.7055 -33.7611 64 17669.9 368.177 271 9.54624e-05
17400 0.0326028 0.0316586 0.000944174 0 0.97104 450.389 433.758 16.6314 0 -31.7253 -34.4384 64 17733.9 368.843 272 0.000116392
17500 0.027499 0.0268525 0.000646492 0 0.97649 453.147 436.443 16.7039 0 -31.74 -34.15 64 17861.9 370.172 274 9.80018e-05
17600 0.0265387 0.0257467 0.000792037 0 0.970155 455.807 439.018 16.7892 0 -31.7517 -33.7397 64 17989.9 371.496 276 9.32852e-05
17700 0.022864 0.0222446 0.000619421 0 0.972909 458.098 441.242 16.8557 0 -31.7654 -34.4996 64 18053.9 372.156 277 8.03055e-05
17800 0.0259465 0.0247664 0.0011801 0 0.954518 460.682 443.719 16.9631 0 -31.7687 -32.3542 64 18181.9 373.473 279 8.87684e-05
17900 0.0223197 0.0220749 0.000244718 0 0.989036 462.952 445.927 17.0256 0 -31.7838 -34.8393 64 18245.9 374.13 280 7.88391e-05
18000 0.0212928 0.0208289 0.000463989 0 0.978209 465.071 448.009 17.0612 0 -31.7952 -34.2878 64 18373.9 375.44 282 7.38612e-05
18100 0.0263893 0.0259042 0.000485102 0 0.981617 467.727 450.6 17.1268 0 -31.8125 -34.8409 64 18437.9 376.093 283 9.15342e-05
18200 0.0335406 0.0326651 0.000875515 0 0.973897 471.11 453.866 17.2439 0 -31.8134 -31.934 64 18565.9 377.396 285 0.000114614
18300 0.0325814 0.0316991 0.000882289 0 0.97292 474.411 457.036 17.3747 0 -31.8069 -30.8839 64 18629.9 378.046 286 0.000110836
18400 0.0248996 0.0243343 0.0005653 0 0.977297 476.914 459.47 17.4441 0 -31.8126 -32.8824 64 18757.9 379.343 288 8.44941e-05
18500 0.0304054 0.0279048 0.00250062 0 0.917758 479.767 462.26 17.5071 0 -31.8069 -30.8622 64 18885.9 380.635 290 9.62235e-05
18600 0.0418745 0.040473 0.00140147 0 0.966532 483.979 466.307 17.6714 0 -31.8108 -32.2584 64 18949.9 381.279 291 0.000139083
18700 0.0289045 0.0280201 0.000884386 0 0.969403 486.87 469.109 17.76 0 -31.8198 -33.3208 64 19077.9 382.565 293 9.56318e-05
18800 0.0266983 0.0257161 0.000982254 0 0.963209 489.54 471.681 17.8587 0 -31.828 -33.321 64 19141.9 383.206 294 8.74696e-05
18900 0.0259092 0.0254088 0.000500374 0 0.980687 492.172 474.222 17.9496 0 -31.8427 -34.5771 64 19269.9 384.485 296 8.58405e-05
19000 0.0217736 0.0215086 0.000264952 0 0.987831 494.372 476.373 17.9987 0 -31.8576 -35.1846 64 19333.9 385.123 297 7.24197e-05
19100 0.021523 0.0210701 0.000452932 0 0.978956 496.517 478.48 18.037 0 -31.8706 -34.8715 64 19461.9 386.396 299 7.04685e-05
19200 0.0195061 0.0192469 0.000259234 0 0.98671 498.471 480.405 18.0667 0 -31.8851 -35.5774 64 19589.9 387.664 301 6.39432e-05
19300 0.0337137 0.0328497 0.00086394 0 0.974374 501.854 483.69 18.1641 0 -31.8818 -31.3918 64 19653.9 388.297 302 0.000108774
19400 0.0245379 0.0236936 0.000844318 0 0.965591 504.297 486.059 18.238 0 -31.8877 -33.1101 64 19781.9 389.56 304 7.79395e-05
19500 0.040579 0.0393034 0.00127554 0 0.968567 508.35 489.989 18.3605 0 -31.8893 -32.0844 64 19845.9 390.189 305 0.000128864
19600 0.0372164 0.0357386 0.00147778 0 0.960292 512.058 493.563 18.4947 0 -31.8923 -32.3074 64 19973.9 391.445 307 0.000116412
19700 0.0316827 0.0306011 0.00108163 0 0.965861 515.255 496.623 18.6316 0 -31.8965 -32.5676 64 20037.9 392.072 308 9.93543e-05
19800 0.02909 0.0281062 0.000983865 0 0.966179 518.179 499.434 18.7454 0 -31.9057 -33.5145 64 20165.9 393.322 310 9.06651e-05
19900 0.0255725 0.0247837 0.000788744 0 0.969157 520.746 501.912 18.8337 0 -31.9158 -33.9606 64 20229.9 393.946 311 7.96904e-05
20000 0.0377485 0.0358019 0.00194656 0 0.948433 524.493 505.492 19.0008 0 -31.9269 -33.4661 64 20357.9 395.19 313 0.000114383
