100 0.0102119 0.00973339 0.000478541 0 0.953139 1.04509 0.973339 0.071747 0 -31.1296 -31.1296 128 453.882 59.0081 1 0.00973339
200 0.0126427 0.0120164 0.000626258 0 0.950465 2.32574 2.17498 0.15076 0 -27.8473 -25.1687 128 581.882 66.8124 2 0.00600822
300 0.0108608 0.00973117 0.00112964 0 0.895989 3.38734 3.1481 0.239243 0 -26.6998 -24.1858 128 709.882 73.796 3 0.00324372
400 0.00739089 0.00686491 0.000525978 0 0.928834 4.14502 3.83459 0.310429 0 -26.58 -26.0443 128 837.882 80.1736 4 0.00171623
500 0.00485976 0.00463559 0.000224169 0 0.953872 4.64374 4.29815 0.345592 0 -26.7112 -27.802 128 837.882 80.1736 4 0.0011589
600 0.00773188 0.00743541 0.000296473 0 0.961656 5.43503 5.04169 0.393341 0 -27.0362 -28.9433 128 965.882 86.08 5 0.00148708
700 0.00697514 0.00656863 0.000406513 0 0.94172 6.12634 5.69855 0.427784 0 -27.1092 -27.6828 128 1093.88 91.6063 6 0.00109477
800 0.00574129 0.0054559 0.000285391 0 0.950291 6.69925 6.24414 0.455106 0 -27.2729 -29.0237 128 1221.88 96.8177 7 0.000779414
900 0.00808344 0.00647117 0.00161227 0 0.800546 7.37611 6.89126 0.484853 0 -26.8797 -22.9886 128 1349.88 101.763 8 0.000808896
1000 0.014025 0.0132087 0.000816274 0 0.941799 8.79995 8.21213 0.58782 0 -26.3708 -23.7345 128 1349.88 101.763 8 0.00165109
1100 0.0282606 0.0262726 0.00198801 0 0.929654 11.6097 10.8394 0.770345 0 -25.427 -22.4712 128 1477.88 106.478 9 0.00291917
1200 0.0136035 0.0124882 0.00111532 0 0.918012 12.9899 12.0882 0.901651 0 -25.2008 -23.2972 128 1605.88 110.993 10 0.00124882
1300 0.00985303 0.00906336 0.000789663 0 0.919856 13.9868 12.9945 0.992262 0 -25.1403 -24.3532 128 1733.88 115.332 11 0.000823942
1400 0.00765035 0.007115 0.00053535 0 0.930023 14.764 13.706 1.05793 0 -25.1683 -25.6717 128 1733.88 115.332 11 0.000646818
1500 0.005698 0.00545954 0.00023846 0 0.95815 15.3374 14.252 1.08544 0 -25.2159 -26.4405 128 1861.88 119.513 12 0.000454962
1600 0.00612375 0.00583632 0.000287432 0 0.953063 15.9512 14.8356 1.11557 0 -25.2909 -27.1641 128 1989.88 123.553 13 0.000448947
1700 0.0112049 0.0105905 0.000614408 0 0.945166 17.0448 15.8947 1.15012 0 -25.3213 -25.7656 128 2117.88 127.465 14 0.000756463
1800 0.0129395 0.0116314 0.00130809 0 0.898907 18.2568 17.0578 1.19895 0 -25.3421 -25.6341 128 2245.88 131.26 15 0.000775424
1900 0.0115768 0.0113884 0.000188408 0 0.983725 19.4672 18.1967 1.27053 0 -25.6025 -29.5298 128 2245.88 131.26 15 0.000759228
2000 0.00688808 0.00680606 8.20229e-05 0 0.988092 20.1628 18.8773 1.28558 0 -25.7427 -29.6662 128 2373.88 134.949 16 0.000425379
2100 0.00598866 0.00591374 7.4917e-05 0 0.98749 20.7651 19.4686 1.2965 0 -25.867 -30.031 128 2501.88 138.539 17 0.000347867
2200 0.00945081 0.00900519 0.000445618 0 0.952849 21.685 20.3692 1.31586 0 -25.9488 -27.7931 128 2629.88 142.039 18 0.000500288
2300 0.00935095 0.0090899 0.000261046 0 0.972083 22.628 21.2781 1.34987 0 -26.0567 -28.5395 128 2629.88 142.039 18 0.000504994
2400 0.0144302 0.0140974 0.000332789 0 0.976938 24.0911 22.6879 1.40325 0 -26.3462 -30.8236 128 2757.88 145.455 19 0.000741967
2500 0.00795676 0.00781081 0.000145948 0 0.981657 24.8981 23.469 1.42912 0 -26.4848 -30.6222 128 2885.88 148.792 20 0.00039054
2600 0.0185752 0.0175973 0.000977962 0 0.947351 26.7233 25.2287 1.49457 0 -26.3356 -24.3008 128 3013.88 152.056 21 0.000837966
2700 0.0186071 0.0175462 0.00106092 0 0.942983 28.5708 26.9833 1.58745 0 -26.2762 -25.4168 128 3141.88 155.251 22 0.000797554
2800 0.0156741 0.0151631 0.000510994 0 0.967399 30.1674 28.4996 1.66776 0 -26.361 -27.8778 128 3141.88 155.251 22 0.000689233
2900 0.0144576 0.0141111 0.000346484 0 0.976034 31.6572 29.9107 1.74647 0 -26.5116 -29.5623 128 3269.88 158.382 23 0.000613526
3000 0.0103184 0.0101597 0.000158685 0 0.984621 32.6924 30.9267 1.76574 0 -26.623 -30.0266 128 3397.88 161.452 24 0.000423322
3100 0.0124143 0.0118441 0.000570181 0 0.954071 33.8991 32.1111 1.78798 0 -26.6493 -27.3636 128 3525.88 164.465 25 0.000473765
3200 0.011445 0.0112082 0.000236758 0 0.979313 35.0518 33.2319 1.81985 0 -26.6981 -28.1336 128 3653.88 167.424 26 0.000431084
3300 0.00901671 0.00891778 9.8928e-05 0 0.989028 35.9657 34.1237 1.84203 0 -26.7676 -29.4306 128 3653.88 167.424 26 0.000342992
3400 0.00936297 0.00922407 0.000138895 0 0.985165 36.9121 35.0461 1.86597 0 -26.8116 -28.4858 128 3781.88 170.331 27 0.000341632
3500 0.00769515 0.00764919 4.59528e-05 0 0.994028 37.6843 35.811 1.87328 0 -26.867 -29.5123 128 3909.88 173.19 28 0.000273185
3600 0.00750318 0.00734879 0.000154389 0 0.979424 38.4261 36.5459 1.88015 0 -26.9281 -30.0357 128 4037.88 176.002 29 0.000253407
3700 0.00725608 0.00716122 9.48607e-05 0 0.986927 39.1543 37.262 1.89229 0 -27.0066 -31.1486 128 4037.88 176.002 29 0.000246939
3800 0.00618216 0.0061439 3.82572e-05 0 0.993812 39.7773 37.8764 1.90086 0 -27.0755 -31.4051 128 4165.88 178.77 30 0.000204797
3900 0.0079313 0.00783007 0.00010123 0 0.987237 40.5744 38.6594 1.91495 0 -27.178 -32.2909 128 4293.88 181.495 31 0.000252583
4000 0.00729014 0.00712523 0.000164911 0 0.977379 41.2997 39.372 1.92777 0 -27.2486 -31.1983 128 4421.88 184.18 32 0.000222663
4100 0.00695894 0.00654308 0.000415869 0 0.94024 41.9635 40.0263 1.93727 0 -27.2982 -30.383 128 4549.88 186.827 33 0.000198275
4200 0.00659003 0.00659003 0 0 1 42.641 40.6853 1.95574 0 -27.3827 -32.6213 128 4549.88 186.827 33 0.000199698
4300 0.0102404 0.00986805 0.000372399 0 0.963634 43.6615 41.6721 1.98943 0 -27.4992 -32.365 128 4677.88 189.437 34 0.000290237
4400 0.00738019 0.00711106 0.000269126 0 0.963534 44.3999 42.3832 2.01676 0 -27.5697 -31.7402 128 4805.88 192.011 35 0.000203173
4500 0.00853886 0.00783789 0.000700963 0 0.917909 45.2173 43.167 2.05029 0 -27.6017 -29.3393 128 4933.88 194.551 36 0.000217719
4600 0.00782895 0.00758363 0.000245325 0 0.968664 46.0169 43.9253 2.09152 0 -27.6602 -30.9674 128 4933.88 194.551 36 0.000210656
4700 0.00576066 0.0056864 7.42558e-05 0 0.98711 46.5968 44.494 2.10286 0 -27.7199 -32.459 128 5061.88 197.059 37 0.000153687
4800 0.0175965 0.0169298 0.00066665 0 0.962115 48.3624 46.187 2.17542 0 -27.8531 -31.3669 128 5189.88 199.535 38 0.000445522
4900 0.0140008 0.0132183 0.000782483 0 0.944112 49.7539 47.5088 2.2451 0 -27.9203 -30.259 128 5317.88 201.98 39 0.000338932
5000 0.011838 0.0112235 0.000614571 0 0.948085 50.9322 48.6311 2.30106 0 -27.9724 -30.172 128 5445.88 204.397 40 0.000280586
5100 0.0113592 0.0109865 0.000372633 0 0.967195 52.0811 49.7298 2.35133 0 -28.0294 -30.5553 128 5445.88 204.397 40 0.000274663
5200 0.0182364 0.0176102 0.000626268 0 0.965658 53.9325 51.4908 2.44171 0 -28.1744 -32.2522 128 5573.88 206.785 41 0.000429516
5300 0.0162285 0.015087 0.00114152 0 0.92966 55.5727 52.9995 2.5732 0 -28.2375 -30.3124 128 5701.88 209.146 42 0.000359214
5400 0.0213688 0.019295 0.00207375 0 0.902954 57.6255 54.929 2.69649 0 -28.3015 -30.0335 128 5829.88 211.48 43 0.000448722
5500 0.0182323 0.0171095 0.00112283 0 0.938416 59.475 56.64 2.83508 0 -28.409 -31.7598 128 5829.88 211.48 43 0.000397895
5600 0.0135357 0.0123812 0.00115449 0 0.914708 60.834 57.8781 2.95591 0 -28.4862 -31.8669 128 5957.88 213.789 44 0.000281391
5700 0.0107732 0.0101101 0.000663052 0 0.938453 61.9333 58.8891 3.04421 0 -28.5561 -32.4213 128 6085.88 216.074 45 0.000224669
5800 0.0103269 0.00948333 0.000843603 0 0.91831 62.9603 59.8374 3.12283 0 -28.6144 -32.1315 128 6213.88 218.334 46 0.000206159
5900 0.00863445 0.00795849 0.000675957 0 0.921714 63.8125 60.6333 3.1792 0 -28.6666 -32.5241 128 6341.88 220.571 47 0.00016933
6000 0.00772541 0.00725952 0.000465889 0 0.939694 64.5934 61.3592 3.23415 0 -28.7221 -33.2567 128 6341.88 220.571 47 0.000154458
6100 0.010097 0.00933575 0.000761251 0 0.924606 65.6082 62.2928 3.3154 0 -28.7493 -30.4788 128 6469.88 222.786 48 0.000194495
6200 0.0199578 0.0184771 0.00148064 0 0.925812 67.6083 64.1405 3.46774 0 -28.647 -25.291 128 6597.88 224.979 49 0.000377085
6300 0.0149656 0.0138815 0.00108413 0 0.927559 69.1274 65.5287 3.59873 0 -28.6018 -26.5908 128 6725.88 227.151 50 0.00027763
6400 0.0113839 0.0107236 0.000660296 0 0.941997 70.2905 66.601 3.68944 0 -28.5949 -28.1873 128 6853.88 229.302 51 0.000210266
6500 0.0094536 0.00908426 0.000369344 0 0.960931 71.2398 67.5094 3.73039 0 -28.6108 -29.7879 128 6853.88 229.302 51 0.000178123
6600 0.00912661 0.00906831 5.82932e-05 0 0.993613 72.1836 68.4163 3.7673 0 -28.6476 -31.4208 128 6981.88 231.434 52 0.000174391
6700 0.00792059 0.00771253 0.00020806 0 0.973732 72.9744 69.1875 3.7869 0 -28.6767 -31.3372 128 7109.88 233.545 53 0.000145519
6800 0.00712962 0.00698797 0.000141653 0 0.980132 73.6887 69.8863 3.80241 0 -28.7105 -32.1562 128 7237.88 235.638 54 0.000129407
6900 0.00621873 0.00621873 0 0 1 74.3126 70.5082 3.80438 0 -28.7507 -33.5058 128 7237.88 235.638 54 0.000115162
7000 0.0152381 0.0146152 0.000622885 0 0.959123 75.8727 71.9697 3.90297 0 -28.71 -26.7697 128 7365.88 237.713 55 0.000265732
7100 0.00957628 0.00895339 0.000622885 0 0.934955 76.8342 72.8651 3.96916 0 -28.7064 -28.4257 128 7493.88 239.769 56 0.000159882
7200 0.00916583 0.00861795 0.000547883 0 0.940226 77.7445 73.7269 4.0176 0 -28.7009 -28.2315 128 7621.88 241.808 57 0.000151192
7300 0.00938951 0.00801785 0.00137166 0 0.853916 78.6001 74.5286 4.07146 0 -28.683 -27.0591 128 7749.88 243.83 58 0.000138239
7400 0.00918323 0.00883895 0.000344284 0 0.962509 79.5443 75.4125 4.13179 0 -28.7173 -31.5746 128 7749.88 243.83 58 0.000152396
7500 0.00852646 0.00824518 0.000281281 0 0.967011 80.4047 76.2371 4.16763 0 -28.7458 -31.378 128 7877.88 245.836 59 0.000139749
7600 0.00745731 0.00722666 0.00023065 0 0.969071 81.1527 76.9597 4.19302 0 -28.7688 -31.242 128 8005.88 247.825 60 0.000120444
7700 0.006491 0.00636065 0.00013035 0 0.979918 81.8074 77.5958 4.21161 0 -28.7946 -31.9983 128 8133.88 249.798 61 0.000104273
7800 0.00553455 0.00549947 3.50743e-05 0 0.993663 82.3615 78.1457 4.21576 0 -28.8221 -32.8833 128 8133.88 249.798 61 9.01553e-05
7900 0.00884165 0.00865619 0.00018546 0 0.979024 83.2489 79.0114 4.23752 0 -28.8446 -30.9301 128 8261.88 251.756 62 0.000139616
8000 0.0109665 0.0105169 0.000449533 0 0.959008 84.3452 80.063 4.28215 0 -28.8359 -28.1762 128 8389.88 253.699 63 0.000166935
8100 0.00804913 0.00784454 0.000204589 0 0.974582 85.1618 80.8475 4.31434 0 -28.8451 -29.7912 128 8517.88 255.626 64 0.000122571
8200 0.00629787 0.00626557 3.22984e-05 0 0.994872 85.8015 81.4741 4.32748 0 -28.865 -31.5213 128 8645.88 257.54 65 9.63934e-05
8300 0.00542361 0.00539131 3.22984e-05 0 0.994045 86.3439 82.0132 4.33071 0 -28.8862 -32.234 128 8645.88 257.54 65 8.29432e-05
8400 0.00950257 0.00931222 0.000190351 0 0.979968 87.3096 82.9444 4.36523 0 -28.9355 -33.3445 128 8773.88 259.439 66 0.000141094
8500 0.00584593 0.00576617 7.97629e-05 0 0.986356 87.9035 83.521 4.38247 0 -28.9651 -33.3082 128 8901.88 261.325 67 8.60622e-05
8600 0.00762052 0.00710948 0.000511041 0 0.932939 88.6415 84.232 4.40955 0 -28.9802 -30.7835 128 9029.88 263.197 68 0.000104551
8700 0.00618446 0.00618446 0 0 1 89.2715 84.8504 4.42108 0 -29.0124 -33.5387 128 9029.88 263.197 68 9.0948e-05
8800 0.00488362 0.00488362 0 0 1 89.7622 85.3388 4.42339 0 -29.0399 -34.0566 128 9157.88 265.056 69 7.07772e-05
8900 0.00450734 0.00450734 0 0 1 90.2165 85.7895 4.42695 0 -29.0684 -34.692 128 9285.88 266.902 70 6.43905e-05
9000 0.00450887 0.00444779 6.10781e-05 0 0.986454 90.6671 86.2343 4.43281 0 -29.0908 -33.5762 128 9413.88 268.735 71 6.26449e-05
9100 0.00565426 0.005225 0.000429255 0 0.924083 91.1988 86.7568 4.44205 0 -29.0998 -30.6424 128 9541.88 270.556 72 7.25695e-05
9200 0.00637203 0.00624177 0.000130255 0 0.979558 91.8428 87.381 4.4618 0 -29.119 -31.8288 128 9541.88 270.556 72 8.66913e-05
9300 0.0093856 0.00909175 0.00029385 0 0.968691 92.7967 88.2902 4.50659 0 -29.1586 -32.9772 128 9669.88 272.365 73 0.000124545
9400 0.0122036 0.0118349 0.000368705 0 0.969787 94.0339 89.4736 4.56024 0 -29.2224 -34.0042 128 9797.88 274.161 74 0.000159931
9500 0.00880467 0.00852566 0.000279012 0 0.968311 94.9169 90.3262 4.59066 0 -29.2616 -33.4402 128 9925.88 275.946 75 0.000113675
9600 0.00651331 0.00651331 0 0 1 95.5757 90.9775 4.5982 0 -29.2998 -34.795 128 10053.9 277.72 76 8.57015e-05
9700 0.00606019 0.00606019 0 0 1 96.1875 91.5836 4.60395 0 -29.3411 -35.7971 128 10053.9 277.72 76 7.97393e-05
9800 0.0105926 0.0102658 0.000326786 0 0.96915 97.2436 92.6101 4.63347 0 -29.3953 -34.3276 128 10181.9 279.482 77 0.000133322
9900 0.00876836 0.00836036 0.000407998 0 0.953469 98.118 93.4462 4.67181 0 -29.4397 -34.3805 128 10309.9 281.233 78 0.000107184
10000 0.00810588 0.00754545 0.000560438 0 0.93086 98.9074 94.2007 4.70669 0 -29.4677 -32.9507 128 10437.9 282.974 79 9.5512e-05
10100 0.00726661 0.00692367 0.000342938 0 0.952806 99.6395 94.8931 4.74639 0 -29.4962 -33.3454 128 10437.9 282.974 79 8.76414e-05
10200 0.0142792 0.0137188 0.000560392 0 0.960755 101.066 96.265 4.80106 0 -29.5133 -30.7092 128 10565.9 284.704 80 0.000171485
10300 0.019961 0.0191814 0.000779559 0 0.960946 103.083 98.1831 4.89975 0 -29.4686 -27.2259 128 10693.9 286.423 81 0.000236808
10400 0.0131228 0.0127586 0.000364211 0 0.972246 104.425 99.459 4.96644 0 -29.463 -29.0379 128 10821.9 288.132 82 0.000155592
10500 0.0117425 0.0105489 0.00119367 0 0.898346 105.521 100.514 5.00707 0 -29.4475 -27.9641 128 10949.9 289.831 83 0.000127095
10600 0.0106077 0.0105109 9.68174e-05 0 0.990873 106.599 101.565 5.03382 0 -29.462 -30.8847 128 10949.9 289.831 83 0.000126637
10700 0.00854955 0.00845273 9.68174e-05 0 0.988676 107.46 102.41 5.04942 0 -29.4825 -32.0221 128 11077.9 291.52 84 0.000100628
10800 0.00704337 0.00699256 5.08077e-05 0 0.992786 108.165 103.109 5.05572 0 -29.5039 -32.7677 128 11205.9 293.199 85 8.22654e-05
10900 0.00879354 0.00836312 0.000430418 0 0.951053 109.02 103.946 5.07379 0 -29.5266 -32.3969 128 11333.9 294.869 86 9.72456e-05
11000 0.0082693 0.00816578 0.000103514 0 0.987482 109.859 104.762 5.0968 0 -29.5622 -34.1873 128 11333.9 294.869 86 9.4951e-05
11100 0.00721625 0.00721625 0 0 1 110.589 105.484 5.10486 0 -29.5961 -34.6893 128 11461.9 296.53 87 8.29454e-05
11200 0.0265655 0.0250972 0.00146825 0 0.944731 113.193 107.994 5.19882 0 -29.4762 -24.3838 128 11589.9 298.181 88 0.000285195
11300 0.0345592 0.0323245 0.00223469 0 0.935337 116.567 111.226 5.34083 0 -29.4331 -27.9889 128 11717.9 299.823 89 0.000363196
11400 0.0301619 0.0279157 0.00224624 0 0.925527 119.582 114.018 5.56446 0 -29.4147 -28.7013 128 11845.9 301.456 90 0.000310174
11500 0.0220466 0.0206393 0.00140736 0 0.936164 121.795 116.082 5.71315 0 -29.411 -29.2132 128 11845.9 301.456 90 0.000229325
11600 0.021456 0.0199246 0.00153135 0 0.928628 123.952 118.074 5.87788 0 -29.4174 -29.7805 128 11973.9 303.08 91 0.000218952
11700 0.0189933 0.0175809 0.00141237 0 0.925638 125.864 119.832 6.03169 0 -29.4176 -29.432 128 12101.9 304.696 92 0.000191097
11800 0.028065 0.0260332 0.00203173 0 0.927606 128.611 122.436 6.17507 0 -29.4218 -29.6105 128 12229.9 306.303 93 0.000279927
11900 0.0302175 0.0287793 0.00143822 0 0.952405 131.663 125.313 6.34953 0 -29.4537 -30.7986 128 12229.9 306.303 93 0.000309455
12000 0.022182 0.0211558 0.00102624 0 0.953735 133.905 127.429 6.4758 0 -29.4837 -31.2449 128 12357.9 307.902 94 0.000225062
12100 0.0194809 0.0188329 0.000647914 0 0.966741 135.887 129.312 6.57458 0 -29.5261 -32.39 128 12485.9 309.492 95 0.000198241
12200 0.0173013 0.0167576 0.00054367 0 0.968576 137.617 130.988 6.62857 0 -29.5636 -32.5094 128 12613.9 311.075 96 0.000174559
12300 0.0156005 0.0150943 0.000506155 0 0.967555 139.176 132.498 6.67832 0 -29.5981 -32.6443 128 12741.9 312.649 97 0.000155612
12400 0.0140385 0.0136637 0.000374872 0 0.973297 140.585 133.864 6.72064 0 -29.6326 -33.0437 128 12741.9 312.649 97 0.000140862
12500 0.0137878 0.01358 0.000207806 0 0.984928 141.976 135.222 6.75448 0 -29.6652 -32.9623 128 12869.9 314.215 98 0.000138571
12600 0.0317902 0.0301428 0.00164741 0 0.948179 145.121 138.236 6.88478 0 -29.7252 -32.432 128 12997.9 315.774 99 0.000304473
12700 0.0239353 0.0228355 0.00109986 0 0.954049 147.558 140.52 7.03828 0 -29.7757 -32.7848 128 13125.9 317.325 100 0.000228355
12800 0.0190045 0.0181054 0.000899131 0 0.952688 149.474 142.33 7.14364 0 -29.8157 -32.8949 128 13253.9 318.868 101 0.000179261
12900 0.0165222 0.0156557 0.000866498 0 0.947555 151.128 143.896 7.23177 0 -29.8506 -33.0036 128 13253.9 318.868 101 0.000155007
13000 0.0157875 0.0152514 0.000536134 0 0.966041 152.71 145.421 7.28896 0 -29.8858 -33.2443 128 13381.9 320.405 102 0.000149524
13100 0.0148801 0.0144004 0.000479656 0 0.967765 154.209 146.861 7.34759 0 -29.9178 -33.1866 128 13509.9 321.933 103 0.00013981
13200 0.0137604 0.0132069 0.000553558 0 0.959772 155.579 148.182 7.39733 0 -29.9491 -33.4636 128 13637.9 323.455 104 0.000126989
13300 0.0126107 0.0123725 0.000238218 0 0.98111 156.848 149.419 7.42906 0 -29.9849 -34.3835 128 13637.9 323.455 104 0.000118966
13400 0.0132832 0.0128264 0.000456756 0 0.965614 158.178 150.702 7.47684 0 -30.0099 -32.9485 128 13765.9 324.969 105 0.000122157
13500 0.0130795 0.0127257 0.000353854 0 0.972946 159.495 151.974 7.52061 0 -30.046 -34.3848 128 13893.9 326.476 106 0.000120053
13600 0.0308003 0.02935 0.00145023 0 0.952915 162.499 154.909 7.59012 0 -29.995 -27.2908 128 14021.9 327.977 107 0.000274299
13700 0.0312581 0.0302376 0.00102046 0 0.967354 165.605 157.933 7.67193 0 -29.9575 -27.9933 128 14149.9 329.47 108 0.000279978
13800 0.0228673 0.0223673 0.000499976 0 0.978136 167.912 160.17 7.74211 0 -29.9531 -29.6338 128 14149.9 329.47 108 0.000207105
13900 0.0196811 0.0192397 0.000441377 0 0.977574 169.887 162.094 7.79321 0 -29.9569 -30.2847 128 14277.9 330.957 109 0.000176511
14000 0.0174663 0.0171839 0.000282417 0 0.983831 171.642 163.812 7.82995 0 -29.9671 -30.9534 128 14405.9 332.437 110 0.000156217
14100 0.0182676 0.0175526 0.000714997 0 0.96086 173.436 165.567 7.86901 0 -29.979 -31.1162 128 14533.9 333.911 111 0.000158132
14200 0.0171401 0.0168569 0.000283233 0 0.983475 175.171 167.253 7.91833 0 -30.0023 -32.3363 128 14533.9 333.911 111 0.000151864
14300 0.0153291 0.0150984 0.000230733 0 0.984948 176.709 168.763 7.94633 0 -30.0234 -32.4258 128 14661.9 335.378 112 0.000134807
14400 0.015536 0.0152971 0.000238939 0 0.98462 178.265 170.293 7.97264 0 -30.0487 -32.9226 128 14789.9 336.839 113 0.000135373
14500 0.0242813 0.0231205 0.00116077 0 0.952195 180.649 172.605 8.04475 0 -30.0388 -29.2997 128 14917.9 338.293 114 0.000202812
14600 0.022921 0.021662 0.00125906 0 0.94507 182.929 174.771 8.1586 0 -30.0335 -29.607 128 15045.9 339.742 115 0.000188365
14700 0.0183955 0.0175873 0.000808174 0 0.956067 184.778 176.529 8.24853 0 -30.0413 -30.8192 128 15045.9 339.742 115 0.000152933
14800 0.0177752 0.0172959 0.000479396 0 0.97303 186.582 178.259 8.32319 0 -30.0551 -31.471 128 15173.9 341.184 116 0.000149102
14900 0.0153413 0.01486 0.000481283 0 0.968628 188.117 179.745 8.37172 0 -30.0702 -31.8982 128 15301.9 342.62 117 0.000127009
15000 0.0147351 0.0143528 0.000382218 0 0.974061 189.595 181.18 8.415 0 -30.0852 -31.9967 128 15429.9 344.05 118 0.000121634
15100 0.0137617 0.0135097 0.000252071 0 0.981683 190.978 182.531 8.44646 0 -30.1028 -32.51 128 15429.9 344.05 118 0.000114489
15200 0.0139633 0.0136948 0.000268539 0 0.980768 192.382 183.901 8.481 0 -30.1222 -32.7652 128 15557.9 345.474 119 0.000115082
15300 0.0144084 0.0142056 0.000202851 0 0.985921 193.829 185.321 8.50796 0 -30.1478 -33.5503 128 15685.9 346.892 120 0.00011838
15400 0.0131451 0.0130393 0.000105828 0 0.991949 195.148 186.625 8.52286 0 -30.1714 -33.6429 128 15813.9 348.305 121 0.000107763
15500 0.0131041 0.0127429 0.000361199 0 0.972436 196.439 187.9 8.53895 0 -30.187 -32.5449 128 15941.9 349.711 122 0.00010445
15600 0.0130596 0.0128537 0.000205954 0 0.98423 197.755 189.185 8.57004 0 -30.2014 -32.3493 128 15941.9 349.711 122 0.000105358
15700 0.0172084 0.0168661 0.000342317 0 0.980108 199.496 190.872 8.62442 0 -30.2052 -30.6353 128 16069.9 351.113 123 0.000137123
15800 0.014005 0.0135884 0.000416548 0 0.970257 200.895 192.23 8.66442 0 -30.2146 -31.5599 128 16197.9 352.508 124 0.000109584
15900 0.0126402 0.0123618 0.000278423 0 0.977973 202.16 193.467 8.69373 0 -30.2283 -32.4005 128 16325.9 353.898 125 9.88942e-05
16000 0.0113916 0.0112807 0.000110928 0 0.990262 203.304 194.595 8.70934 0 -30.246 -33.3709 128 16453.9 355.283 126 8.9529e-05
16100 0.0116034 0.0116034 0 0 1 204.477 195.755 8.72223 0 -30.2693 -34.3069 128 16453.9 355.283 126 9.20903e-05
16200 0.0102484 0.0102484 0 0 1 205.503 196.78 8.72296 0 -30.2911 -34.6487 128 16581.9 356.662 127 8.06963e-05
16300 0.0121443 0.01205 9.42891e-05 0 0.992236 206.723 197.985 8.73839 0 -30.3124 -33.8944 128 16709.9 358.036 128 9.41409e-05
16400 0.0159155 0.0147092 0.00120633 0 0.924204 208.217 199.456 8.76126 0 -30.3183 -31.1367 128 16837.9 359.405 129 0.000114024
16500 0.0157717 0.0154071 0.000364604 0 0.976882 209.808 200.996 8.81166 0 -30.3353 -32.56 128 16837.9 359.405 129 0.000119435
16600 0.0143083 0.0140497 0.000258578 0 0.981928 211.251 202.401 8.84955 0 -30.3577 -33.6064 128 16965.9 360.768 130 0.000108074
16700 0.0120591 0.0119957 6.33496e-05 0 0.994747 212.462 203.601 8.86088 0 -30.3789 -34.0798 128 17093.9 362.127 131 9.15704e-05
16800 0.0112346 0.0111333 0.000101259 0 0.990987 213.581 204.714 8.86711 0 -30.3969 -33.823 128 17221.9 363.48 132 8.43434e-05
16900 0.0109748 0.0106657 0.000309118 0 0.971834 214.658 205.781 8.87728 0 -30.4126 -33.5297 128 17349.9 364.828 133 8.0193e-05
17000 0.010654 0.0105418 0.000112169 0 0.989472 215.732 206.835 8.89653 0 -30.4332 -34.5511 128 17349.9 364.828 133 7.9262e-05
17100 0.00982378 0.00970978 0.000114003 0 0.988395 216.715 207.806 8.90903 0 -30.4509 -34.318 128 17477.9 366.171 134 7.2461e-05
17200 0.00920521 0.00916045 4.47609e-05 0 0.995137 217.641 208.722 8.9185 0 -30.4699 -34.9378 128 17605.9 367.51 135 6.78552e-05
17300 0.00911036 0.0089618 0.000148551 0 0.983694 218.544 209.618 8.92538 0 -30.4861 -34.3854 128 17733.9 368.843 136 6.58956e-05
17400 0.00879944 0.0087317 6.77457e-05 0 0.992301 219.425 210.491 8.93385 0 -30.5032 -34.7288 128 17733.9 368.843 136 6.42036e-05
17500 0.0111682 0.0109885 0.000179706 0 0.983909 220.546 211.59 8.95588 0 -30.5155 -32.938 128 17861.9 370.172 137 8.0208e-05
17600 0.00970151 0.00960178 9.97215e-05 0 0.989721 221.537 212.55 8.98642 0 -30.5313 -34.033 128 17989.9 371.496 138 6.95781e-05
17700 0.010028 0.00982281 0.000205185 0 0.979539 222.54 213.533 9.00726 0 -30.5471 -34.0377 128 18117.9 372.815 139 7.06677e-05
17800 0.0103309 0.0096567 0.000674236 0 0.934736 223.52 214.498 9.02169 0 -30.5565 -32.6975 128 18245.9 374.13 140 6.89765e-05
17900 0.0107979 0.0105837 0.000214144 0 0.980168 224.614 215.557 9.05717 0 -30.5703 -33.3881 128 18245.9 374.13 140 7.55979e-05
18000 0.0104245 0.0102425 0.000181961 0 0.982545 225.673 216.581 9.09173 0 -30.5872 -34.1749 128 18373.9 375.44 141 7.26418e-05
18100 0.00929332 0.00913525 0.000158078 0 0.98299 226.602 217.495 9.10743 0 -30.6002 -33.7533 128 18501.9 376.745 142 6.43327e-05
18200 0.00994428 0.00960182 0.000342457 0 0.965562 227.585 218.455 9.13014 0 -30.6128 -33.5108 128 18629.9 378.046 143 6.71456e-05
18300 0.00904527 0.00904527 0 0 1 228.501 219.359 9.14203 0 -30.632 -35.4004 128 18629.9 378.046 143 6.32536e-05
18400 0.0135229 0.0133821 0.000140788 0 0.989589 229.864 220.697 9.16616 0 -30.6445 -32.7479 128 18757.9 379.343 144 9.29313e-05
18500 0.0101472 0.0100162 0.000131066 0 0.987084 230.885 221.699 9.18591 0 -30.6564 -33.3357 128 18885.9 380.635 145 6.90769e-05
18600 0.010632 0.0103106 0.00032144 0 0.969767 231.941 222.73 9.21053 0 -30.668 -33.1918 128 19013.9 381.923 146 7.06203e-05
18700 0.0100495 0.00972978 0.000319715 0 0.968186 232.943 223.703 9.23959 0 -30.6809 -33.6764 128 19141.9 383.206 147 6.6189e-05
18800 0.00947514 0.00921593 0.000259206 0 0.972644 233.892 224.625 9.26705 0 -30.6954 -34.2634 128 19141.9 383.206 147 6.26934e-05
18900 0.00873917 0.00858339 0.000155775 0 0.982175 234.774 225.483 9.29066 0 -30.7116 -34.9884 128 19269.9 384.485 148 5.79959e-05
19000 0.00845046 0.00829069 0.000159772 0 0.981093 235.624 226.312 9.31158 0 -30.725 -34.4327 128 19397.9 385.76 149 5.56422e-05
19100 0.00867742 0.00850229 0.000175131 0 0.979818 236.492 227.162 9.32941 0 -30.7361 -33.7533 128 19525.9 387.031 150 5.66819e-05
19200 0.00784328 0.0077825 6.07839e-05 0 0.99225 237.28 227.941 9.33969 0 -30.7499 -34.8877 128 19653.9 388.297 151 5.15397e-05
19300 0.0241733 0.0235843 0.000588991 0 0.975635 239.744 230.299 9.44519 0 -30.7165 -27.5003 128 19653.9 388.297 151 0.000156187
19400 0.0128498 0.0125487 0.000301045 0 0.976572 241.04 231.554 9.48594 0 -30.7135 -30.1588 128 19781.9 389.56 152 8.25574e-05
19500 0.0111087 0.011044 6.46922e-05 0 0.994176 242.166 232.658 9.50781 0 -30.7189 -31.866 128 19909.9 390.818 153 7.2183e-05
19600 0.0111233 0.0106669 0.000456409 0 0.958968 243.252 233.725 9.52652 0 -30.72 -30.98 128 20037.9 392.072 154 6.92657e-05
19700 0.00971944 0.00971944 0 0 1 244.23 234.697 9.53313 0 -30.7293 -33.0312 128 20037.9 392.072 154 6.31132e-05
19800 0.00862129 0.00862129 0 0 1 245.098 235.559 9.53854 0 -30.7417 -34.2365 128 20165.9 393.322 155 5.56212e-05
19900 0.00941981 0.00941981 0 0 1 246.053 236.501 9.55154 0 -30.7578 -34.8969 128 20293.9 394.569 156 6.03834e-05
20000 0.00886613 0.00868053 0.0001856 0 0.979066 246.93 237.369 9.56055 0 -30.7688 -33.8365 128 20421.9 395.811 157 5.529e-05
