100 0.163185 0.148352 0.0148331 0 0.909103 15.7371 14.8352 0.901904 0 -26.9483 -26.9483 2 427.882 57.293 51 0.00290887
200 0.209598 0.194958 0.0146397 0 0.930154 36.8088 34.3311 2.4777 0 -27.3646 -27.6755 2 527.882 63.6368 101 0.00193028
300 0.251102 0.230259 0.0208425 0 0.916996 61.5324 57.357 4.17545 0 -27.2013 -26.9581 2 627.882 69.4031 151 0.0015249
400 0.303608 0.280549 0.023059 0 0.92405 91.7707 85.4119 6.3588 0 -27.0969 -26.8844 2 727.882 74.7258 201 0.00139577
500 0.423634 0.39381 0.0298238 0 0.9296 133.837 124.793 9.04385 0 -27.0658 -26.998 2 827.882 79.6937 251 0.00156897
600 0.398081 0.370798 0.0272825 0 0.931465 173.558 161.873 11.6855 0 -27.155 -27.4556 2 927.882 84.3697 301 0.00123189
700 0.41941 0.392719 0.0266909 0 0.936361 215.623 201.145 14.4785 0 -27.3156 -27.9784 2 1027.88 88.7997 351 0.00111886
800 0.402688 0.378504 0.0241845 0 0.939942 256.052 238.995 17.0574 0 -27.4812 -28.3643 2 1127.88 93.019 401 0.000943899
900 0.435529 0.406726 0.028803 0 0.933867 299.221 279.668 19.5533 0 -27.6296 -28.5097 2 1227.88 97.0551 451 0.000901832
1000 0.5091 0.479601 0.0294993 0 0.942056 349.946 327.628 22.3181 0 -27.7991 -28.7993 2 1327.88 100.93 501 0.000957286
1100 0.527943 0.495467 0.0324763 0 0.938485 402.326 377.174 25.1512 0 -27.9184 -28.7149 2 1427.88 104.661 551 0.000899214
1200 0.520489 0.493089 0.0274005 0 0.947356 454.718 426.483 28.2353 0 -28.0959 -29.4589 2 1527.88 108.264 601 0.000820447
1300 0.472565 0.445561 0.0270046 0 0.942855 501.939 471.039 30.8999 0 -28.2124 -29.3346 2 1627.88 111.751 651 0.000684425
1400 0.478417 0.453404 0.0250135 0 0.947716 549.867 516.38 33.487 0 -28.3116 -29.351 2 1727.88 115.132 701 0.000646795
1500 0.490593 0.464164 0.0264286 0 0.946129 598.92 562.796 36.1237 0 -28.4001 -29.3917 2 1827.88 118.417 751 0.000618062
1600 0.508616 0.481385 0.0272302 0 0.946462 649.792 610.935 38.8578 0 -28.477 -29.3818 2 1927.88 121.613 801 0.000600981
1700 0.535023 0.506957 0.0280663 0 0.947542 703.412 661.63 41.7813 0 -28.5674 -29.6639 2 2027.88 124.727 851 0.000595719
1800 0.518387 0.492746 0.0256408 0 0.950537 755.412 710.905 44.5075 0 -28.6291 -29.4635 2 2127.88 127.766 901 0.000546888
1900 0.545474 0.518473 0.027001 0 0.9505 809.949 762.752 47.197 0 -28.6628 -29.1292 2 2227.88 130.733 951 0.000545187
2000 0.541196 0.514312 0.0268839 0 0.950325 864.053 814.183 49.8694 0 -28.6797 -28.9328 2 2327.88 133.635 1001 0.000513799
2100 0.551857 0.524289 0.0275678 0 0.950045 919.152 866.612 52.5397 0 -28.7548 -29.9327 2 2427.88 136.475 1051 0.000498848
2200 0.57641 0.547607 0.0288024 0 0.950031 976.71 921.373 55.3374 0 -28.8109 -29.7069 2 2527.88 139.257 1101 0.000497373
2300 0.578637 0.548823 0.0298141 0 0.948475 1034.51 976.255 58.2512 0 -28.8599 -29.6883 2 2627.88 141.985 1151 0.000476823
2400 0.604437 0.575076 0.0293612 0 0.951424 1095.08 1033.76 61.3156 0 -28.9317 -30.1571 2 2727.88 144.661 1201 0.000478831
2500 0.650668 0.618758 0.0319104 0 0.950958 1160.12 1095.64 64.4848 0 -29.0046 -30.2318 2 2827.88 147.289 1251 0.000494611
2600 0.6226 0.597284 0.0253153 0 0.959339 1222.85 1155.37 67.4801 0 -29.0818 -30.5105 2 2927.88 149.871 1301 0.000459096
2700 0.608411 0.57725 0.0311614 0 0.948782 1283.41 1213.09 70.3154 0 -29.1351 -30.212 2 3027.88 152.409 1351 0.000427276
2800 0.661065 0.628915 0.0321503 0 0.951366 1349.58 1275.98 73.5967 0 -29.1748 -29.9442 2 3127.88 154.905 1401 0.000448904
2900 0.651162 0.618102 0.03306 0 0.949229 1414.51 1337.79 76.7198 0 -29.1995 -29.7115 2 3227.88 157.362 1451 0.000425983
3000 0.695598 0.657462 0.0381354 0 0.945176 1483.63 1403.54 80.0887 0 -29.2003 -29.2172 2 3327.88 159.781 1501 0.000438016
3100 0.681435 0.649426 0.0320094 0 0.953026 1551.97 1468.48 83.4853 0 -29.2151 -29.5361 2 3427.88 162.163 1551 0.000418714
3200 0.675723 0.647138 0.0285852 0 0.957697 1619.85 1533.2 86.6504 0 -29.2459 -29.952 2 3527.88 164.512 1601 0.000404209
3300 0.634796 0.604518 0.0302787 0 0.952302 1683.25 1593.65 89.5984 0 -29.2751 -30.0191 2 3627.88 166.827 1651 0.000366152
3400 0.68656 0.653919 0.032641 0 0.952457 1751.87 1659.04 92.8316 0 -29.2895 -29.6432 2 3727.88 169.111 1701 0.000384432
3500 0.626033 0.598436 0.027597 0 0.955918 1814.71 1718.88 95.825 0 -29.3229 -30.2529 2 3827.88 171.364 1751 0.000341768
3600 0.637994 0.608632 0.0293624 0 0.953977 1878.5 1779.75 98.7567 0 -29.3581 -30.361 2 3927.88 173.588 1801 0.000337941
3700 0.628238 0.60173 0.0265077 0 0.957806 1941.44 1839.92 101.521 0 -29.3995 -30.6338 2 4027.88 175.784 1851 0.000325084
3800 0.613365 0.586446 0.0269192 0 0.956112 2002.68 1898.56 104.119 0 -29.4508 -31.0773 2 4127.88 177.952 1901 0.000308493
3900 0.634784 0.608006 0.0267778 0 0.957816 2066.07 1959.37 106.707 0 -29.4752 -30.2474 2 4227.88 180.095 1951 0.000311638
4000 0.668152 0.641985 0.0261663 0 0.960838 2133 2023.56 109.438 0 -29.5033 -30.3701 2 4327.88 182.212 2001 0.000320832
4100 0.703512 0.669221 0.034291 0 0.951257 2202.8 2090.49 112.317 0 -29.5206 -30.0484 2 4427.88 184.305 2051 0.00032629
4200 0.730848 0.698491 0.0323573 0 0.955726 2276 2160.33 115.662 0 -29.5255 -29.6747 2 4527.88 186.375 2101 0.000332456
4300 0.716884 0.687382 0.0295021 0 0.958847 2347.75 2229.07 118.675 0 -29.5287 -29.6305 2 4627.88 188.422 2151 0.000319564
4400 0.691132 0.657592 0.0335398 0 0.951471 2416.58 2294.83 121.748 0 -29.5324 -29.6582 2 4727.88 190.447 2201 0.00029877
4500 0.71124 0.676252 0.0349886 0 0.950806 2487.56 2362.46 125.105 0 -29.528 -29.3771 2 4827.88 192.45 2251 0.000300423
4600 0.704961 0.671205 0.0337553 0 0.952117 2557.87 2429.58 128.288 0 -29.5266 -29.4786 2 4927.88 194.433 2301 0.000291702
4700 0.692075 0.662518 0.0295563 0 0.957293 2627.34 2495.83 131.508 0 -29.5344 -29.8206 2 5027.88 196.396 2351 0.000281803
4800 0.70353 0.674546 0.0289838 0 0.958802 2698.01 2563.28 134.723 0 -29.55 -30.1301 2 5127.88 198.339 2401 0.000280944
4900 0.704472 0.675404 0.029068 0 0.958738 2768.65 2630.82 137.824 0 -29.5677 -30.2449 2 5227.88 200.264 2451 0.000275563
5000 0.690155 0.665008 0.0251469 0 0.963563 2838.14 2697.33 140.811 0 -29.5923 -30.5715 2 5327.88 202.17 2501 0.000265897
5100 0.69426 0.663043 0.0312169 0 0.955036 2907.3 2763.63 143.665 0 -29.6039 -30.0796 2 5427.88 204.059 2551 0.000259915
5200 0.67319 0.647198 0.025992 0 0.96139 2974.94 2828.35 146.587 0 -29.6251 -30.5345 2 5527.88 205.93 2601 0.000248827
5300 0.72994 0.699144 0.030796 0 0.95781 3047.98 2898.26 149.713 0 -29.6348 -30.032 2 5627.88 207.784 2651 0.000263728
5400 0.715885 0.683802 0.0320833 0 0.955184 3119.61 2966.64 152.961 0 -29.6512 -30.3492 2 5727.88 209.622 2701 0.000253166
5500 0.709536 0.678972 0.0305637 0 0.956924 3190.81 3034.54 156.268 0 -29.6627 -30.1674 2 5827.88 211.444 2751 0.000246809
5600 0.732825 0.699297 0.0335277 0 0.954249 3263.96 3104.47 159.489 0 -29.6824 -30.54 2 5927.88 213.25 2801 0.00024966
5700 0.707268 0.677084 0.0301843 0 0.957323 3334.66 3172.18 162.479 0 -29.706 -30.7961 2 6027.88 215.042 2851 0.00023749
5800 0.70933 0.678447 0.030883 0 0.956462 3405.63 3240.02 165.608 0 -29.723 -30.5221 2 6127.88 216.818 2901 0.000233867
5900 0.686626 0.655619 0.0310067 0 0.954842 3474.09 3305.59 168.5 0 -29.743 -30.7359 2 6227.88 218.58 2951 0.000222169
6000 0.698274 0.671033 0.0272407 0 0.960989 3544.17 3372.69 171.482 0 -29.7632 -30.7683 2 6327.88 220.328 3001 0.000223603
6100 0.721494 0.692271 0.0292236 0 0.959496 3616.36 3441.92 174.44 0 -29.7767 -30.4371 2 6427.88 222.062 3051 0.0002269
6200 0.708494 0.679399 0.0290951 0 0.958934 3687.23 3509.86 177.374 0 -29.786 -30.2606 2 6527.88 223.783 3101 0.00021909
6300 0.744655 0.713482 0.0311727 0 0.958138 3761.66 3581.2 180.457 0 -29.7907 -30.0215 2 6627.88 225.49 3151 0.00022643
6400 0.735416 0.705733 0.0296829 0 0.959638 3835.5 3651.78 183.719 0 -29.7996 -30.2557 2 6727.88 227.185 3201 0.000220473
6500 0.748039 0.714799 0.0332395 0 0.955564 3910.25 3723.26 186.992 0 -29.8074 -30.2048 2 6827.88 228.867 3251 0.000219871
6600 0.746259 0.714959 0.0312997 0 0.958058 3984.98 3794.75 190.226 0 -29.8181 -30.3797 2 6927.88 230.537 3301 0.000216589
6700 0.705654 0.678975 0.0266787 0 0.962193 4055.85 3862.65 193.196 0 -29.8332 -30.6843 2 7027.88 232.195 3351 0.000202619
6800 0.713814 0.683053 0.0307608 0 0.956906 4127.02 3930.96 196.063 0 -29.847 -30.6311 2 7127.88 233.841 3401 0.000200839
6900 0.725661 0.697206 0.0284544 0 0.960788 4199.73 4000.68 199.053 0 -29.8605 -30.625 2 7227.88 235.475 3451 0.00020203
7000 0.692857 0.663746 0.0291103 0 0.957985 4268.98 4067.05 201.926 0 -29.8736 -30.6735 2 7327.88 237.099 3501 0.000189588
7100 0.723383 0.690812 0.032571 0 0.954974 4341.04 4136.13 204.906 0 -29.8853 -30.5764 2 7427.88 238.711 3551 0.00019454
7200 0.71393 0.68118 0.03275 0 0.954127 4412.24 4204.25 207.992 0 -29.9025 -30.9515 2 7527.88 240.313 3601 0.000189164
7300 0.72451 0.695774 0.0287357 0 0.960338 4485 4273.83 211.169 0 -29.9234 -31.1917 2 7627.88 241.903 3651 0.000190571
7400 0.712849 0.683415 0.029434 0 0.958709 4556.34 4342.17 214.165 0 -29.9383 -30.8762 2 7727.88 243.484 3701 0.000184657
7500 0.738818 0.71053 0.0282881 0 0.961712 4630.55 4413.22 217.326 0 -29.9512 -30.7423 2 7827.88 245.054 3751 0.000189424
7600 0.801336 0.768619 0.0327176 0 0.959171 4710.72 4490.08 220.631 0 -29.9599 -30.4627 2 7927.88 246.615 3801 0.000202215
7700 0.727055 0.699046 0.0280091 0 0.961476 4783.57 4559.99 223.582 0 -29.972 -30.7509 2 8027.88 248.165 3851 0.000181523
7800 0.721628 0.689141 0.0324862 0 0.954982 4855.34 4628.9 226.431 0 -29.98 -30.5139 2 8127.88 249.706 3901 0.000176658
7900 0.71541 0.691042 0.0243687 0 0.965937 4927.12 4698.01 229.114 0 -29.9953 -31.0338 2 8227.88 251.237 3951 0.000174903
8000 0.733541 0.707557 0.0259839 0 0.964577 5000.59 4768.76 231.822 0 -30.0117 -31.1084 2 8327.88 252.759 4001 0.000176845
8100 0.747894 0.720231 0.0276627 0 0.963013 5075.38 4840.79 234.598 0 -30.0319 -31.3798 2 8427.88 254.272 4051 0.000177791
8200 0.801361 0.771557 0.029804 0 0.962808 5155.73 4917.94 237.783 0 -30.0405 -30.5873 2 8527.88 255.777 4101 0.000188139
8300 0.797355 0.763421 0.0339341 0 0.957442 5235.21 4994.28 240.927 0 -30.0479 -30.529 2 8627.88 257.272 4151 0.000183912
8400 0.827518 0.793734 0.0337838 0 0.959175 5318.02 5073.66 244.361 0 -30.053 -30.3719 2 8727.88 258.758 4201 0.000188939
8500 0.775491 0.744402 0.0310888 0 0.959911 5395.67 5148.1 247.567 0 -30.0623 -30.6986 2 8827.88 260.237 4251 0.000175112
8600 0.741725 0.7145 0.0272253 0 0.963295 5469.96 5219.55 250.413 0 -30.0729 -30.8484 2 8927.88 261.706 4301 0.000166124
8700 0.76449 0.736729 0.0277615 0 0.963686 5546.43 5293.22 253.205 0 -30.0871 -31.1008 2 9027.88 263.168 4351 0.000169324
8800 0.782544 0.752063 0.0304815 0 0.961048 5624.63 5368.43 256.2 0 -30.0989 -30.9313 2 9127.88 264.621 4401 0.000170884
8900 0.76104 0.732405 0.028635 0 0.962374 5700.82 5441.67 259.155 0 -30.1128 -31.1452 2 9227.88 266.067 4451 0.000164548
9000 0.769524 0.741016 0.0285077 0 0.962954 5777.92 5515.77 262.153 0 -30.1286 -31.2909 2 9327.88 267.505 4501 0.000164634
9100 0.724938 0.699546 0.0253919 0 0.964974 5850.6 5585.72 264.879 0 -30.1486 -31.7435 2 9427.88 268.935 4551 0.000153713
9200 0.755157 0.72802 0.0271375 0 0.964064 5926.05 5658.53 267.527 0 -30.165 -31.4358 2 9527.88 270.357 4601 0.000158231
9300 0.802203 0.773313 0.0288901 0 0.963987 6006.42 5735.86 270.559 0 -30.1793 -31.2349 2 9627.88 271.772 4651 0.000166268
9400 0.786911 0.753897 0.0330137 0 0.958047 6084.78 5811.25 273.534 0 -30.1894 -30.9623 2 9727.88 273.18 4701 0.00016037
9500 0.788588 0.762156 0.0264319 0 0.966482 6164.04 5887.46 276.579 0 -30.2007 -31.0694 2 9827.88 274.581 4751 0.00016042
9600 0.822955 0.788325 0.0346303 0 0.95792 6246.12 5966.29 279.829 0 -30.2117 -31.0399 2 9927.88 275.974 4801 0.0001642
9700 0.766804 0.738222 0.0285816 0 0.962726 6323.1 6040.12 282.982 0 -30.2268 -31.4468 2 10027.9 277.361 4851 0.000152179
9800 0.834258 0.802857 0.0314014 0 0.96236 6406.61 6120.4 286.211 0 -30.2366 -30.9799 2 10127.9 278.74 4901 0.000163815
9900 0.75697 0.728806 0.0281634 0 0.962795 6482.39 6193.28 289.104 0 -30.2509 -31.458 2 10227.9 280.113 4951 0.000147204
10000 0.82411 0.790008 0.0341023 0 0.958619 6564.53 6272.28 292.241 0 -30.2619 -31.1321 2 10327.9 281.479 5001 0.00015797
10100 0.80635 0.775367 0.0309823 0 0.961577 6645.21 6349.82 295.39 0 -30.2714 -31.045 2 10427.9 282.838 5051 0.000153508
10200 0.809681 0.781713 0.0279682 0 0.965458 6726.31 6427.99 298.321 0 -30.28 -30.9851 2 10527.9 284.191 5101 0.000153247
10300 0.781261 0.755229 0.0260324 0 0.966679 6804.63 6503.52 301.112 0 -30.287 -30.8905 2 10627.9 285.538 5151 0.000146618
10400 0.782283 0.753374 0.0289089 0 0.963045 6882.82 6578.85 303.965 0 -30.2967 -31.137 2 10727.9 286.878 5201 0.000144852
10500 0.814176 0.78453 0.0296455 0 0.963588 6964.44 6657.31 307.138 0 -30.3069 -31.167 2 10827.9 288.212 5251 0.000149406
10600 0.830344 0.799844 0.0304994 0 0.963269 7047.74 6737.29 310.447 0 -30.3133 -30.8503 2 10927.9 289.54 5301 0.000150886
10700 0.841648 0.807432 0.0342167 0 0.959346 7131.77 6818.03 313.734 0 -30.317 -30.6255 2 11027.9 290.861 5351 0.000150894
10800 0.873657 0.832432 0.0412246 0 0.952814 7218.6 6901.28 317.326 0 -30.3194 -30.5175 2 11127.9 292.177 5401 0.000154126
10900 0.874992 0.839347 0.0356449 0 0.959263 7306.28 6985.21 321.065 0 -30.3243 -30.7255 2 11227.9 293.487 5451 0.00015398
11000 0.857331 0.826911 0.0304198 0 0.964518 7392.56 7067.9 324.656 0 -30.333 -31.0678 2 11327.9 294.791 5501 0.00015032
11100 0.857747 0.822635 0.0351127 0 0.959064 7478.16 7150.17 327.99 0 -30.3397 -30.9258 2 11427.9 296.089 5551 0.000148196
11200 0.80632 0.776114 0.0302063 0 0.962538 7559.06 7227.78 331.285 0 -30.349 -31.2014 2 11527.9 297.382 5601 0.000138567
11300 0.783481 0.752907 0.030574 0 0.960977 7637.35 7303.07 334.285 0 -30.3587 -31.2973 2 11627.9 298.669 5651 0.000133234
11400 0.799232 0.767057 0.0321746 0 0.959743 7717.07 7379.77 337.297 0 -30.369 -31.3519 2 11727.9 299.951 5701 0.000134548
11500 0.790877 0.763037 0.0278396 0 0.964799 7796.4 7456.08 340.318 0 -30.3783 -31.2897 2 11827.9 301.227 5751 0.000132679
11600 0.757627 0.730826 0.0268015 0 0.964624 7872.21 7529.16 343.053 0 -30.3899 -31.5787 2 11927.9 302.497 5801 0.000125983
11700 0.793104 0.765653 0.0274509 0 0.965388 7951.7 7605.73 345.978 0 -30.3978 -31.1833 2 12027.9 303.763 5851 0.000130858
11800 0.764434 0.738352 0.0260813 0 0.965881 8028.49 7679.56 348.933 0 -30.4081 -31.4742 2 12127.9 305.023 5901 0.000125123
11900 0.75276 0.724584 0.0281765 0 0.962569 8103.62 7752.02 351.605 0 -30.4161 -31.2693 2 12227.9 306.278 5951 0.000121758
12000 0.769049 0.736162 0.0328868 0 0.957237 8180.02 7825.63 354.384 0 -30.4219 -31.0334 2 12327.9 307.528 6001 0.000122673
12100 0.776271 0.747296 0.028975 0 0.962674 8257.73 7900.36 357.368 0 -30.4281 -31.087 2 12427.9 308.773 6051 0.0001235
12200 0.770305 0.745046 0.0252588 0 0.967209 8334.99 7974.87 360.119 0 -30.4401 -31.7225 2 12527.9 310.012 6101 0.000122119
12300 0.728912 0.706425 0.0224864 0 0.969151 8408.11 8045.51 362.602 0 -30.4526 -31.8788 2 12627.9 311.247 6151 0.000114847
12400 0.800179 0.769543 0.030636 0 0.961714 8487.71 8122.47 365.248 0 -30.4617 -31.4205 2 12727.9 312.477 6201 0.0001241
12500 0.784293 0.755993 0.0282999 0 0.963917 8566.2 8198.07 368.135 0 -30.4704 -31.4127 2 12827.9 313.702 6251 0.000120939
12600 0.7828 0.75622 0.0265799 0 0.966045 8644.59 8273.69 370.9 0 -30.4807 -31.6029 2 12927.9 314.923 6301 0.000120016
12700 0.765118 0.739356 0.0257623 0 0.966329 8721.17 8347.62 373.546 0 -30.4892 -31.4525 2 13027.9 316.138 6351 0.000116416
12800 0.803502 0.777726 0.0257766 0 0.96792 8801.59 8425.4 376.191 0 -30.4988 -31.5344 2 13127.9 317.349 6401 0.000121501
12900 0.797263 0.771499 0.0257636 0 0.967685 8881.47 8502.55 378.921 0 -30.5091 -31.6471 2 13227.9 318.556 6451 0.000119594
13000 0.766613 0.743213 0.0234003 0 0.969476 8958.34 8576.87 381.47 0 -30.5189 -31.6541 2 13327.9 319.757 6501 0.000114323
13100 0.757972 0.732071 0.0259012 0 0.965828 9034.06 8650.07 383.987 0 -30.5265 -31.4249 2 13427.9 320.955 6551 0.000111749
13200 0.814415 0.781659 0.0327555 0 0.95978 9115.1 8728.24 386.863 0 -30.5311 -31.0393 2 13527.9 322.148 6601 0.000118415
13300 0.760617 0.732645 0.0279725 0 0.963224 9191.2 8801.5 389.696 0 -30.5396 -31.5577 2 13627.9 323.336 6651 0.000110156
13400 0.770913 0.743693 0.0272198 0 0.964691 9268.27 8875.87 392.394 0 -30.5462 -31.332 2 13727.9 324.52 6701 0.000110982
13500 0.845433 0.813537 0.0318963 0 0.962272 9352.77 8957.23 395.547 0 -30.5493 -30.8976 2 13827.9 325.7 6751 0.000120506
13600 0.825195 0.793783 0.0314119 0 0.961934 9435.18 9036.61 398.573 0 -30.553 -30.9629 2 13927.9 326.876 6801 0.000116716
13700 0.832436 0.799493 0.032943 0 0.960426 9518.37 9116.55 401.81 0 -30.5573 -31.056 2 14027.9 328.047 6851 0.000116697
13800 0.837406 0.804938 0.0324675 0 0.961228 9602.2 9197.05 405.149 0 -30.5613 -31.0067 2 14127.9 329.214 6901 0.000116641
13900 0.82148 0.790993 0.0304867 0 0.962888 9684.58 9276.15 408.433 0 -30.5656 -31.0645 2 14227.9 330.377 6951 0.000113796
14000 0.791268 0.760277 0.0309909 0 0.960834 9763.5 9352.18 411.325 0 -30.5699 -31.1095 2 14327.9 331.536 7001 0.000108595
14100 0.856136 0.825805 0.0303315 0 0.964572 9849.35 9434.76 414.597 0 -30.5715 -30.7531 2 14427.9 332.691 7051 0.000117119
14200 0.821609 0.787721 0.0338883 0 0.958754 9931.33 9513.53 417.806 0 -30.5758 -31.088 2 14527.9 333.842 7101 0.000110931
14300 0.833435 0.804314 0.0291216 0 0.965058 10015.1 9593.96 421.115 0 -30.5808 -31.1728 2 14627.9 334.989 7151 0.000112476
14400 0.821298 0.791645 0.0296533 0 0.963895 10097.3 9673.12 424.204 0 -30.5879 -31.4506 2 14727.9 336.132 7201 0.000109935
14500 0.804762 0.775617 0.0291452 0 0.963784 10177.9 9750.69 427.186 0 -30.5961 -31.6241 2 14827.9 337.271 7251 0.000106967
14600 0.863938 0.829705 0.0342329 0 0.960376 10263.9 9833.66 430.266 0 -30.5999 -31.0551 2 14927.9 338.407 7301 0.000113643
14700 0.86068 0.831045 0.0296346 0 0.965568 10350.1 9916.76 433.369 0 -30.605 -31.2081 2 15027.9 339.538 7351 0.000113052
14800 0.837882 0.808549 0.0293329 0 0.964992 10434 9997.62 436.35 0 -30.6099 -31.2089 2 15127.9 340.666 7401 0.000109249
14900 0.84073 0.811272 0.0294582 0 0.964961 10518 10078.7 439.253 0 -30.6146 -31.2019 2 15227.9 341.79 7451 0.000108881
15000 0.809142 0.78462 0.0245218 0 0.969694 10599.3 10157.2 442.079 0 -30.6225 -31.6473 2 15327.9 342.911 7501 0.000104602
15100 0.761591 0.737539 0.0240523 0 0.968418 10675.5 10231 444.501 0 -30.6322 -31.9853 2 15427.9 344.028 7551 9.76743e-05
15200 0.744083 0.721093 0.0229903 0 0.969103 10749.9 10303.1 446.81 0 -30.6429 -32.1728 2 15527.9 345.141 7601 9.48682e-05
15300 0.769998 0.745511 0.0244873 0 0.968198 10826.8 10377.6 449.186 0 -30.6537 -32.1668 2 15627.9 346.25 7651 9.74397e-05
15400 0.802875 0.776367 0.0265075 0 0.966984 10907.1 10455.3 451.885 0 -30.6613 -31.6865 2 15727.9 347.356 7701 0.000100814
15500 0.837236 0.803981 0.0332545 0 0.960281 10990.6 10535.7 454.945 0 -30.6688 -31.6425 2 15827.9 348.459 7751 0.000103726
15600 0.823009 0.792565 0.0304444 0 0.963008 11072.9 10614.9 457.985 0 -30.6775 -31.8486 2 15927.9 349.558 7801 0.000101598
15700 0.81282 0.785762 0.0270582 0 0.966711 11154.5 10693.5 461.034 0 -30.6846 -31.6407 2 16027.9 350.653 7851 0.000100084
15800 0.782096 0.75474 0.0273562 0 0.965022 11232.8 10769 463.871 0 -30.6922 -31.7703 2 16127.9 351.746 7901 9.55246e-05
15900 0.828031 0.797508 0.0305225 0 0.963138 11315.6 10848.7 466.938 0 -30.6978 -31.4669 2 16227.9 352.834 7951 0.000100303
16000 0.806571 0.779463 0.0271081 0 0.966391 11396.4 10926.7 469.734 0 -30.7052 -31.7391 2 16327.9 353.92 8001 9.74207e-05
16100 0.820818 0.792801 0.0280169 0 0.965867 11478.5 11005.9 472.566 0 -30.712 -31.6525 2 16427.9 355.002 8051 9.84724e-05
16200 0.873457 0.835202 0.0382555 0 0.956202 11565.3 11089.5 475.814 0 -30.7155 -31.1761 2 16527.9 356.081 8101 0.000103099
16300 0.891272 0.855583 0.0356892 0 0.959957 11654.4 11175 479.431 0 -30.7192 -31.1968 2 16627.9 357.156 8151 0.000104967
16400 0.879323 0.843924 0.0353986 0 0.959743 11742.4 11259.4 483.011 0 -30.7219 -31.0799 2 16727.9 358.229 8201 0.000102905
16500 0.854888 0.825221 0.0296669 0 0.965297 11828.3 11341.9 486.345 0 -30.7279 -31.5513 2 16827.9 359.298 8251 0.000100015
16600 0.895113 0.862281 0.0328315 0 0.963321 11917.9 11428.2 489.693 0 -30.7338 -31.5148 2 16927.9 360.364 8301 0.000103877
16700 0.815781 0.78604 0.0297412 0 0.963543 11999.4 11506.8 492.673 0 -30.7414 -31.8582 2 17027.9 361.427 8351 9.41252e-05
16800 0.869804 0.840249 0.0295552 0 0.966021 12086.5 11590.8 495.718 0 -30.7497 -31.8854 2 17127.9 362.487 8401 0.000100018
16900 0.905363 0.87214 0.0332225 0 0.963305 12176.9 11678 498.892 0 -30.756 -31.6054 2 17227.9 363.543 8451 0.0001032
17000 0.854211 0.824243 0.0299676 0 0.964918 12262.5 11760.4 502.114 0 -30.7614 -31.5196 2 17327.9 364.597 8501 9.69584e-05
17100 0.917607 0.884428 0.0331784 0 0.963842 12354.2 11848.9 505.345 0 -30.7677 -31.6196 2 17427.9 365.647 8551 0.00010343
17200 0.874013 0.84609 0.0279231 0 0.968052 12441.8 11933.5 508.32 0 -30.7759 -31.9246 2 17527.9 366.695 8601 9.83712e-05
17300 0.81244 0.785103 0.0273371 0 0.966352 12523 12012 510.966 0 -30.7829 -31.8609 2 17627.9 367.739 8651 9.07529e-05
17400 0.898343 0.868331 0.0300124 0 0.966591 12612.9 12098.8 514.035 0 -30.7894 -31.6991 2 17727.9 368.781 8701 9.97966e-05
17500 0.912278 0.883185 0.0290929 0 0.96811 12704.4 12187.1 517.26 0 -30.7927 -31.2364 2 17827.9 369.82 8751 0.000100924
17600 0.853424 0.823378 0.0300454 0 0.964794 12789.6 12269.5 520.076 0 -30.7971 -31.4559 2 17927.9 370.855 8801 9.35551e-05
17700 0.842677 0.817196 0.0254804 0 0.969763 12874.1 12351.2 522.937 0 -30.8039 -31.8395 2 18027.9 371.888 8851 9.23281e-05
17800 0.795485 0.769575 0.0259099 0 0.967429 12953.7 12428.2 525.53 0 -30.8109 -31.9326 2 18127.9 372.918 8901 8.64594e-05
17900 0.777847 0.754147 0.0237006 0 0.969531 13031.5 12503.6 527.979 0 -30.8192 -32.2076 2 18227.9 373.945 8951 8.42528e-05
18000 0.790402 0.7632 0.0272026 0 0.965584 13110.4 12579.9 530.495 0 -30.8245 -31.6948 2 18327.9 374.97 9001 8.47905e-05
18100 0.807583 0.780324 0.0272591 0 0.966246 13191.2 12657.9 533.304 0 -30.8308 -31.8553 2 18427.9 375.991 9051 8.62141e-05
18200 0.788306 0.76201 0.0262963 0 0.966642 13270.1 12734.1 535.965 0 -30.8364 -31.7821 2 18527.9 377.01 9101 8.37281e-05
18300 0.825264 0.799843 0.0254211 0 0.969196 13352.7 12814.1 538.631 0 -30.8416 -31.6763 2 18627.9 378.026 9151 8.7405e-05
18400 0.809682 0.782099 0.0275828 0 0.965934 13433.8 12892.3 541.488 0 -30.8484 -31.9604 2 18727.9 379.039 9201 8.50015e-05
18500 0.807447 0.780593 0.0268535 0 0.966743 13514.8 12970.4 544.403 0 -30.8542 -31.8259 2 18827.9 380.05 9251 8.43794e-05
18600 0.828853 0.800192 0.0286607 0 0.965421 13597.6 13050.4 547.235 0 -30.8602 -31.8274 2 18927.9 381.058 9301 8.60329e-05
18700 0.817866 0.787313 0.0305538 0 0.962642 13679.1 13129.1 549.991 0 -30.8654 -31.7368 2 19027.9 382.063 9351 8.41955e-05
18800 0.829417 0.802419 0.0269981 0 0.967449 13762.1 13209.4 552.773 0 -30.8709 -31.7827 2 19127.9 383.066 9401 8.53546e-05
18900 0.820667 0.79533 0.0253373 0 0.969126 13844.4 13288.9 555.5 0 -30.8763 -31.7804 2 19227.9 384.066 9451 8.4153e-05
19000 0.841697 0.814481 0.0272165 0 0.967665 13928.6 13370.3 558.285 0 -30.8793 -31.3641 2 19327.9 385.063 9501 8.57258e-05
19100 0.879218 0.846229 0.0329885 0 0.96248 14016.1 13455 561.169 0 -30.8807 -31.1055 2 19427.9 386.058 9551 8.86011e-05
19200 0.841329 0.812699 0.0286301 0 0.96597 14100.3 13536.2 564.085 0 -30.885 -31.6026 2 19527.9 387.051 9601 8.46473e-05
19300 0.828545 0.796442 0.0321031 0 0.961254 14182.7 13615.9 566.845 0 -30.8897 -31.694 2 19627.9 388.04 9651 8.25243e-05
19400 0.810868 0.785661 0.025207 0 0.968914 14264.1 13694.5 569.686 0 -30.8974 -32.2375 2 19727.9 389.027 9701 8.09876e-05
19500 0.832228 0.803038 0.0291905 0 0.964925 14347.2 13774.8 572.439 0 -30.9017 -31.6405 2 19827.9 390.012 9751 8.23544e-05
19600 0.835909 0.808783 0.0271264 0 0.967549 14430.9 13855.6 575.289 0 -30.9064 -31.7193 2 19927.9 390.994 9801 8.25205e-05
19700 0.845484 0.818721 0.0267633 0 0.968346 14515.8 13937.5 578.284 0 -30.9092 -31.383 2 20027.9 391.974 9851 8.31105e-05
19800 0.850445 0.823961 0.0264845 0 0.968858 14600.9 14019.9 581.028 0 -30.9137 -31.6806 2 20127.9 392.952 9901 8.322e-05
19900 0.857283 0.83054 0.0267425 0 0.968806 14686.7 14103 583.734 0 -30.9183 -31.6965 2 20227.9 393.927 9951 8.3463e-05
20000 0.943988 0.911754 0.0322334 0 0.965854 14780.9 14194.1 586.801 0 -30.9213 -31.3968 2 20327.9 394.899 10001 9.11663e-05
