100 0.0175227 0.0160787 0.00144409 0 0.917588 1.66307 1.60787 0.0552064 0 -29.0722 -29.0722 32 453.882 59.0081 4 0.00401967
200 0.0219547 0.0204745 0.00148023 0 0.932578 3.83777 3.65532 0.182457 0 -28.2075 -27.5462 32 549.882 64.9493 7 0.00292493
300 0.0278803 0.02601 0.00187031 0 0.932917 6.62934 6.25632 0.373026 0 -27.6203 -26.8132 32 645.882 70.3909 10 0.002601
400 0.0221828 0.0205767 0.00160611 0 0.927597 8.85671 8.31399 0.542718 0 -27.6219 -27.6265 32 741.882 75.441 13 0.00158283
500 0.025126 0.0235904 0.00153556 0 0.938886 11.4035 10.673 0.730498 0 -27.6338 -27.6751 32 837.882 80.1736 16 0.0014744
600 0.0233714 0.0218719 0.00149945 0 0.935843 13.7633 12.8602 0.903092 0 -27.7433 -28.2724 32 933.882 84.642 19 0.00115116
700 0.0298505 0.0283833 0.00146721 0 0.950848 16.7894 15.6986 1.0908 0 -28.0507 -29.4491 32 1029.88 88.8861 22 0.00129015
800 0.0297315 0.0283764 0.00135507 0 0.954423 19.8017 18.5362 1.26553 0 -28.1827 -28.918 32 1157.88 94.248 26 0.0010914
900 0.0283476 0.0262757 0.00207189 0 0.926911 22.5846 21.1638 1.42087 0 -28.2973 -29.1133 32 1253.88 98.0773 29 0.00090606
1000 0.0284582 0.0265735 0.00188467 0 0.933774 25.4087 23.8211 1.58757 0 -28.3184 -28.4865 32 1349.88 101.763 32 0.000830422
1100 0.0323769 0.0305872 0.00178976 0 0.944721 28.6801 26.8798 1.80023 0 -28.4938 -29.8564 32 1445.88 105.319 35 0.000873919
1200 0.0229323 0.0218183 0.00111396 0 0.951424 31.0075 29.0617 1.94587 0 -28.6325 -30.3411 32 1541.88 108.759 38 0.000574166
1300 0.0194507 0.0187356 0.000715086 0 0.963236 32.9777 30.9352 2.04252 0 -28.7648 -30.8485 32 1637.88 112.094 41 0.000456966
1400 0.0169186 0.0162789 0.000639706 0 0.962189 34.6729 32.5631 2.10975 0 -28.8708 -30.9325 32 1733.88 115.332 44 0.000369976
1500 0.0336702 0.0320484 0.00162179 0 0.951833 38.0404 35.768 2.27244 0 -29.0181 -30.5347 32 1829.88 118.482 47 0.00068188
1600 0.0428725 0.0410817 0.00179074 0 0.958231 42.3002 39.8761 2.42408 0 -28.8478 -27.327 32 1957.88 122.556 51 0.000805524
1700 0.0364815 0.0344692 0.00201222 0 0.944843 45.9117 43.3231 2.58859 0 -28.7784 -27.965 32 2053.88 125.524 54 0.000638319
1800 0.034754 0.0330699 0.00168406 0 0.951543 49.3422 46.63 2.71218 0 -28.7897 -28.9414 32 2149.88 128.424 57 0.000580174
1900 0.0402008 0.0387908 0.00141001 0 0.964926 53.3657 50.5091 2.85655 0 -28.83 -29.3245 32 2245.88 131.26 60 0.000646513
2000 0.0548184 0.052175 0.0026434 0 0.951779 58.809 55.7266 3.08236 0 -28.8838 -29.4106 32 2341.88 134.036 63 0.000828175
2100 0.046535 0.0440516 0.00248337 0 0.946634 63.4812 60.1318 3.34941 0 -28.9594 -29.9113 32 2437.88 136.756 66 0.000667448
2200 0.0495369 0.0470311 0.00250576 0 0.949416 68.4829 64.8349 3.64795 0 -29.0036 -29.5648 32 2533.88 139.423 69 0.000681611
2300 0.0404097 0.038306 0.00210376 0 0.947939 72.5867 68.6655 3.92119 0 -29.0501 -29.8264 32 2629.88 142.039 72 0.000532027
2400 0.0429237 0.0411049 0.00181881 0 0.957627 76.9294 72.776 4.15337 0 -29.0963 -29.8675 32 2757.88 145.455 76 0.000540854
2500 0.0356838 0.0340705 0.00161331 0 0.954789 80.5146 76.183 4.33157 0 -29.1384 -30.0428 32 2853.88 147.965 79 0.000431272
2600 0.033177 0.0323964 0.000780651 0 0.97647 83.8595 79.4227 4.43686 0 -29.2138 -31.0282 32 2949.88 150.433 82 0.000395078
2700 0.0413266 0.0401054 0.00122125 0 0.970449 88.0136 83.4332 4.58038 0 -29.3108 -31.2681 32 3045.88 152.861 85 0.000471828
2800 0.0324965 0.0316065 0.000889991 0 0.972613 91.2414 86.5939 4.64754 0 -29.3925 -31.623 32 3141.88 155.251 88 0.000359165
2900 0.0383619 0.0368403 0.00152165 0 0.960334 95.0531 90.2779 4.77522 0 -29.4276 -30.2666 32 3237.88 157.605 91 0.000404838
3000 0.0572908 0.0554549 0.00183589 0 0.967955 100.828 95.8234 5.00498 0 -29.5164 -30.9785 32 3333.88 159.925 94 0.000589945
3100 0.0449842 0.0435075 0.00147663 0 0.967175 105.35 100.174 5.17584 0 -29.6114 -31.7285 32 3429.88 162.211 97 0.000448531
3200 0.0380249 0.0369979 0.001027 0 0.972991 109.182 103.874 5.30788 0 -29.7026 -32.2119 32 3557.88 165.21 101 0.000366316
3300 0.0578785 0.0520387 0.00583974 0 0.899103 114.597 109.078 5.51939 0 -29.6821 -29.2687 32 3653.88 167.424 104 0.000500372
3400 0.0561939 0.0535531 0.00264072 0 0.953007 120.31 114.433 5.87699 0 -29.7362 -30.8208 32 3749.88 169.609 107 0.000500497
3500 0.0542338 0.0518148 0.00241898 0 0.955397 125.795 119.615 6.18051 0 -29.7549 -30.1658 32 3845.88 171.766 110 0.000471044
3600 0.0469522 0.0442972 0.002655 0 0.943453 130.488 124.044 6.44345 0 -29.7913 -30.7659 32 3941.88 173.897 113 0.000392011
3700 0.0479479 0.0458206 0.0021273 0 0.955633 135.329 128.626 6.70295 0 -29.8064 -30.2141 32 4037.88 176.002 116 0.000395005
3800 0.051281 0.0491905 0.00209052 0 0.959234 140.523 133.545 6.97762 0 -29.7827 -29.1657 32 4133.88 178.082 119 0.000413365
3900 0.0462071 0.0446351 0.00157197 0 0.96598 145.208 138.009 7.19929 0 -29.8377 -31.4849 32 4229.88 180.138 122 0.000365862
4000 0.0430223 0.0413445 0.0016778 0 0.961002 149.531 142.143 7.38773 0 -29.8672 -30.8603 32 4357.88 182.843 126 0.000328131
4100 0.044266 0.0427956 0.00147043 0 0.966782 153.994 146.423 7.5712 0 -29.8935 -30.7728 32 4453.88 184.846 129 0.000331749
4200 0.0449506 0.0433026 0.00164795 0 0.963339 158.478 150.753 7.72505 0 -29.9061 -30.3401 32 4549.88 186.827 132 0.00032805
4300 0.0498948 0.0483574 0.00153735 0 0.969188 163.537 155.589 7.94773 0 -29.895 -29.5483 32 4645.88 188.788 135 0.000358203
4400 0.0424108 0.0403127 0.00209809 0 0.950529 167.729 159.62 8.1091 0 -29.9045 -30.273 32 4741.88 190.728 138 0.000292121
4500 0.0466417 0.045206 0.00143571 0 0.969218 172.437 164.141 8.29644 0 -29.9439 -31.3479 32 4837.88 192.649 141 0.00032061
4600 0.0400534 0.0385967 0.0014567 0 0.963631 176.449 168 8.44859 0 -29.9757 -31.343 32 4933.88 194.551 144 0.000268033
4700 0.0367363 0.0357682 0.000968046 0 0.973649 180.155 171.577 8.57814 0 -30.0248 -32.3609 32 5029.88 196.435 147 0.000243321
4800 0.0547853 0.0523128 0.00247246 0 0.95487 185.584 176.809 8.77563 0 -30.0198 -29.8543 32 5157.88 198.919 151 0.000346443
4900 0.0509576 0.0489498 0.00200778 0 0.960599 190.752 181.704 9.04889 0 -30.0538 -31.2756 32 5253.88 200.761 154 0.000317856
5000 0.0456236 0.0435518 0.00207184 0 0.954588 195.315 186.059 9.25649 0 -30.0626 -30.4298 32 5349.88 202.587 157 0.0002774
5100 0.0460865 0.0439954 0.00209108 0 0.954627 199.902 190.458 9.4439 0 -30.066 -30.2104 32 5445.88 204.397 160 0.000274971
5200 0.0409812 0.0394323 0.00154891 0 0.962204 204.018 194.402 9.61694 0 -30.0907 -31.2932 32 5541.88 206.191 163 0.000241916
5300 0.0409656 0.0398422 0.00112344 0 0.972576 208.147 198.386 9.76094 0 -30.1314 -32.142 32 5637.88 207.969 166 0.000240013
5400 0.0505652 0.0490072 0.00155802 0 0.969188 213.226 203.286 9.93908 0 -30.18 -32.1713 32 5733.88 209.732 169 0.000289983
5500 0.0437161 0.0422481 0.00146797 0 0.96642 217.621 207.511 10.1095 0 -30.221 -32.2085 32 5829.88 211.48 172 0.000245628
5600 0.0456091 0.0435011 0.00210796 0 0.953782 222.172 211.861 10.3106 0 -30.2325 -30.7829 32 5957.88 213.789 176 0.000247165
5700 0.0371966 0.0358212 0.00137545 0 0.963022 225.919 215.443 10.4752 0 -30.2586 -31.8062 32 6053.88 215.505 179 0.000200118
5800 0.0322903 0.0311194 0.00117086 0 0.96374 229.151 218.555 10.5955 0 -30.2891 -32.4208 32 6149.88 217.207 182 0.000170986
5900 0.0294279 0.0286865 0.000741389 0 0.974807 232.123 221.424 10.6989 0 -30.3255 -33.1285 32 6245.88 218.896 185 0.000155062
6000 0.0304516 0.0295265 0.000925024 0 0.969623 235.159 224.377 10.7827 0 -30.3587 -32.8981 32 6341.88 220.571 188 0.000157056
6100 0.0576189 0.0559863 0.00163256 0 0.971666 240.975 229.975 10.9997 0 -30.4127 -32.5983 32 6437.88 222.235 191 0.000293122
6200 0.0591744 0.0558936 0.00328086 0 0.944556 246.882 235.565 11.3172 0 -30.4355 -31.3667 32 6533.88 223.885 194 0.000288111
6300 0.0594289 0.0559534 0.00347553 0 0.941518 252.816 241.16 11.6557 0 -30.444 -30.7975 32 6629.88 225.524 197 0.000284027
6400 0.0587633 0.0561963 0.00256697 0 0.956317 258.804 246.78 12.0244 0 -30.4596 -31.1185 32 6757.88 227.691 201 0.000279584
6500 0.0509319 0.0484162 0.00251575 0 0.950606 263.902 251.621 12.2809 0 -30.49 -32.0329 32 6853.88 229.302 204 0.000237334
6600 0.0472588 0.0448897 0.00236916 0 0.949868 268.644 256.11 12.5336 0 -30.5229 -32.3518 32 6949.88 230.903 207 0.000216858
6700 0.0433869 0.0417818 0.00160515 0 0.963004 272.995 260.288 12.7067 0 -30.5495 -32.1915 32 7045.88 232.492 210 0.000198961
6800 0.0442218 0.0427464 0.00147542 0 0.966636 277.444 264.563 12.8807 0 -30.5806 -32.4923 32 7141.88 234.07 213 0.000200687
6900 0.0410139 0.0390718 0.00194212 0 0.952647 281.506 268.47 13.0355 0 -30.5994 -31.8777 32 7237.88 235.638 216 0.000180888
7000 0.0428067 0.0412681 0.00153857 0 0.964058 285.837 272.597 13.2396 0 -30.6162 -31.712 32 7333.88 237.196 219 0.000188439
7100 0.0361152 0.0351192 0.00099591 0 0.972424 289.491 276.109 13.3824 0 -30.6439 -32.8096 32 7429.88 238.743 222 0.000158195
7200 0.0331394 0.0324902 0.000649185 0 0.98041 292.836 279.358 13.4782 0 -30.6754 -33.4037 32 7557.88 240.791 226 0.000143762
7300 0.0316807 0.0310618 0.000618857 0 0.980466 296.007 282.464 13.5428 0 -30.7069 -33.6119 32 7653.88 242.315 229 0.000135641
7400 0.0456541 0.0443836 0.00127051 0 0.972171 300.561 286.903 13.6588 0 -30.7199 -31.5623 32 7749.88 243.83 232 0.000191309
7500 0.036994 0.0360693 0.00092474 0 0.975003 304.27 290.509 13.7607 0 -30.742 -32.5357 32 7845.88 245.336 235 0.000153486
7600 0.03645 0.0354048 0.0010452 0 0.971325 307.921 294.05 13.8711 0 -30.7624 -32.4631 32 7941.88 246.832 238 0.00014876
7700 0.0398936 0.0385256 0.00136801 0 0.965709 311.874 297.903 13.9718 0 -30.7709 -31.4373 32 8037.88 248.32 241 0.000159857
7800 0.0484288 0.0465843 0.00184456 0 0.961912 316.716 302.561 14.1546 0 -30.7581 -29.9335 32 8133.88 249.798 244 0.000190919
7900 0.0626387 0.0604153 0.00222342 0 0.964504 322.999 308.602 14.3966 0 -30.7045 -28.0027 32 8229.88 251.268 247 0.000244596
8000 0.0492526 0.0476522 0.00160043 0 0.967506 327.969 313.368 14.6016 0 -30.6882 -29.6287 32 8357.88 253.214 251 0.000189849
8100 0.067586 0.0645922 0.00299381 0 0.955704 334.732 319.827 14.905 0 -30.6213 -27.3761 32 8453.88 254.664 254 0.0002543
8200 0.0554381 0.0530856 0.00235248 0 0.957566 340.305 325.135 15.1697 0 -30.601 -29.3789 32 8549.88 256.106 257 0.000206559
8300 0.0499769 0.0481381 0.00183885 0 0.963206 345.33 329.949 15.3802 0 -30.5872 -29.6554 32 8645.88 257.54 260 0.000185146
8400 0.0425202 0.0413668 0.00115332 0 0.972876 349.611 334.086 15.5254 0 -30.5863 -30.5102 32 8741.88 258.966 263 0.000157288
8500 0.0494542 0.0476707 0.00178345 0 0.963937 354.539 338.853 15.6862 0 -30.5831 -30.3593 32 8837.88 260.384 266 0.000179213
8600 0.0458985 0.0446642 0.00123434 0 0.973107 359.172 343.319 15.8526 0 -30.5909 -31.1901 32 8933.88 261.794 269 0.000166038
8700 0.0751857 0.0724455 0.00274017 0 0.963555 366.721 350.564 16.1572 0 -30.6142 -31.7188 32 9029.88 263.197 272 0.000266344
8800 0.0593006 0.0567708 0.00252979 0 0.95734 372.667 356.241 16.4262 0 -30.638 -32.1089 32 9157.88 265.056 276 0.000205691
8900 0.0565349 0.0539858 0.00254911 0 0.954911 378.286 361.64 16.646 0 -30.6448 -31.0966 32 9253.88 266.442 279 0.000193498
9000 0.0493066 0.0473928 0.00191376 0 0.961186 383.227 366.379 16.8483 0 -30.6575 -31.631 32 9349.88 267.82 282 0.00016806
9100 0.0483076 0.0465572 0.00175042 0 0.963765 388.069 371.035 17.0341 0 -30.6749 -32.051 32 9445.88 269.191 285 0.000163359
9200 0.0455228 0.0440045 0.00151825 0 0.966648 392.634 375.435 17.1986 0 -30.6902 -31.9882 32 9541.88 270.556 288 0.000152793
9300 0.0417848 0.0407591 0.00102569 0 0.975453 396.855 379.511 17.3439 0 -30.7123 -32.7674 32 9637.88 271.914 291 0.000140066
9400 0.0616574 0.0591418 0.00251564 0 0.9592 403.044 385.425 17.6188 0 -30.7318 -31.9835 32 9733.88 273.264 294 0.000201162
9500 0.0592288 0.0562228 0.003006 0 0.949248 408.936 391.048 17.8883 0 -30.7261 -30.3345 32 9829.88 274.609 297 0.000189302
9600 0.0545562 0.0522146 0.0023416 0 0.957079 414.461 396.269 18.1922 0 -30.7168 -30.032 32 9957.88 276.391 301 0.000173471
9700 0.04883 0.0464237 0.00240637 0 0.950719 419.343 400.911 18.4315 0 -30.7152 -30.575 32 10053.9 277.72 304 0.000152709
9800 0.0573029 0.0548439 0.00245904 0 0.957087 425.076 406.396 18.6798 0 -30.7119 -30.4754 32 10149.9 279.043 307 0.000178645
9900 0.0551957 0.0527983 0.00239749 0 0.956564 430.594 411.676 18.9188 0 -30.7053 -30.1928 32 10245.9 280.359 310 0.000170317
10000 0.0591287 0.0554587 0.00367003 0 0.937932 436.39 417.221 19.1684 0 -30.6867 -29.3037 32 10341.9 281.67 313 0.000177184
10100 0.0627384 0.0602146 0.00252378 0 0.959773 442.713 423.243 19.4703 0 -30.6695 -29.483 32 10437.9 282.974 316 0.000190553
10200 0.0510662 0.0489951 0.00207105 0 0.959444 447.858 428.142 19.7157 0 -30.6683 -30.5697 32 10533.9 284.272 319 0.00015359
10300 0.0517059 0.0496581 0.0020478 0 0.960395 453.017 433.108 19.9088 0 -30.6717 -30.967 32 10629.9 285.565 322 0.000154218
10400 0.0526247 0.0508236 0.00180105 0 0.965776 458.29 438.191 20.0995 0 -30.6755 -30.9987 32 10757.9 287.279 326 0.000155901
10500 0.0490104 0.0475592 0.00145121 0 0.97039 463.228 442.946 20.2814 0 -30.6819 -31.2784 32 10853.9 288.558 329 0.000144557
10600 0.0572531 0.0553582 0.00189491 0 0.966903 468.952 448.482 20.4702 0 -30.6813 -30.6316 32 10949.9 289.831 332 0.000166742
10700 0.0619595 0.0577275 0.00423199 0 0.931697 474.94 454.255 20.6845 0 -30.6636 -29.2794 32 11045.9 291.099 335 0.000172321
10800 0.092269 0.0888991 0.00336998 0 0.963477 484.206 463.145 21.0608 0 -30.6039 -27.5426 32 11141.9 292.361 338 0.000263015
10900 0.075533 0.0718324 0.00370058 0 0.951007 491.688 470.328 21.3594 0 -30.5644 -28.0078 32 11237.9 293.618 341 0.000210652
11000 0.0662612 0.0639146 0.00234657 0 0.964586 498.394 476.72 21.6738 0 -30.5389 -28.6667 32 11333.9 294.869 344 0.000185798
11100 0.0546859 0.05278 0.00190592 0 0.965148 503.888 481.998 21.8899 0 -30.5319 -29.9004 32 11429.9 296.115 347 0.000152104
11200 0.0663405 0.0638616 0.00247886 0 0.962634 510.594 488.384 22.2103 0 -30.5073 -28.6564 32 11557.9 297.769 351 0.000181942
11300 0.0555077 0.0535835 0.00192421 0 0.965334 516.204 493.742 22.4621 0 -30.5024 -30.0586 32 11653.9 299.003 354 0.000151366
11400 0.0537818 0.0504441 0.00333764 0 0.937941 521.422 498.787 22.6356 0 -30.4965 -29.9166 32 11749.9 300.232 357 0.0001413
11500 0.0592161 0.0571119 0.00210423 0 0.964465 527.376 504.498 22.8781 0 -30.5034 -31.1065 32 11845.9 301.456 360 0.000158644
11600 0.0480768 0.0467697 0.00130707 0 0.972813 532.221 509.175 23.0464 0 -30.5153 -31.8024 32 11941.9 302.675 363 0.000128842
11700 0.0562384 0.0538417 0.00239672 0 0.957383 537.816 514.559 23.2573 0 -30.5264 -31.5827 32 12037.9 303.889 366 0.000147108
11800 0.0565997 0.054298 0.00230169 0 0.959334 543.47 519.989 23.4816 0 -30.5354 -31.3936 32 12133.9 305.098 369 0.000147149
11900 0.0554331 0.0527461 0.00268694 0 0.951528 548.95 525.263 23.6863 0 -30.5378 -30.7804 32 12229.9 306.303 372 0.000141791
12000 0.0503165 0.0486778 0.00163869 0 0.967432 554.012 530.131 23.8804 0 -30.545 -31.3251 32 12357.9 307.902 376 0.000129462
12100 0.0469872 0.0457648 0.00122239 0 0.973985 558.75 534.708 24.0426 0 -30.551 -31.2527 32 12453.9 309.095 379 0.000120751
12200 0.0460219 0.0439413 0.00208061 0 0.954791 563.267 539.102 24.165 0 -30.5557 -31.1362 32 12549.9 310.284 382 0.00011503
12300 0.0514623 0.0493871 0.00207516 0 0.959676 568.409 544.04 24.3682 0 -30.5613 -31.1712 32 12645.9 311.469 385 0.000128278
12400 0.0531807 0.0515627 0.00161799 0 0.969576 573.805 549.197 24.6086 0 -30.561 -30.5298 32 12741.9 312.649 388 0.000132894
12500 0.046102 0.0444609 0.00164116 0 0.964401 578.429 553.643 24.7864 0 -30.5666 -31.2617 32 12837.9 313.824 391 0.000113711
12600 0.0407175 0.0392716 0.0014459 0 0.96449 582.503 557.57 24.9334 0 -30.5755 -31.8405 32 12933.9 314.996 394 9.96742e-05
12700 0.0442628 0.0430794 0.00118348 0 0.973262 586.947 561.878 25.0689 0 -30.5837 -31.6624 32 13029.9 316.162 397 0.000108512
12800 0.0426986 0.0415483 0.00115037 0 0.973058 591.229 566.033 25.1966 0 -30.5893 -31.352 32 13157.9 317.712 401 0.000103612
12900 0.038721 0.0379151 0.000805966 0 0.979185 595.111 569.824 25.2872 0 -30.5986 -32.0146 32 13253.9 318.868 404 9.38492e-05
13000 0.0401589 0.0386984 0.00146044 0 0.963633 599.086 573.694 25.3917 0 -30.6055 -31.6453 32 13349.9 320.021 407 9.50822e-05
13100 0.0588397 0.0554024 0.0034373 0 0.941582 604.761 579.234 25.5271 0 -30.5961 -29.6003 32 13445.9 321.17 410 0.000135128
13200 0.0676804 0.0652421 0.00243825 0 0.963974 611.546 585.759 25.7872 0 -30.5964 -30.6226 32 13541.9 322.314 413 0.000157971
13300 0.0581892 0.0556597 0.00252954 0 0.956529 617.37 591.324 26.0453 0 -30.5986 -30.8297 32 13637.9 323.455 416 0.000133797
13400 0.0585383 0.0555423 0.00299608 0 0.948819 623.164 596.879 26.2854 0 -30.5908 -29.7602 32 13733.9 324.591 419 0.000132559
13500 0.0568567 0.0549549 0.00190181 0 0.966551 628.92 602.374 26.5453 0 -30.5867 -30.1471 32 13829.9 325.724 422 0.000130225
13600 0.0620532 0.0593671 0.0026861 0 0.956713 635.125 608.311 26.814 0 -30.5738 -29.2585 32 13957.9 327.228 426 0.000139359
13700 0.0615597 0.0582981 0.00326158 0 0.947018 641.235 614.141 27.0946 0 -30.572 -30.3847 32 14053.9 328.351 429 0.000135893
13800 0.0712119 0.0681387 0.00307325 0 0.956844 648.338 620.955 27.3831 0 -30.5564 -29.1549 32 14149.9 329.47 432 0.000157728
13900 0.0867858 0.0832515 0.00353428 0 0.959276 657.041 629.28 27.7611 0 -30.5505 -30.1066 32 14245.9 330.586 435 0.000191383
14000 0.0644454 0.0623772 0.00206827 0 0.967907 663.525 635.517 28.0075 0 -30.5552 -31.0311 32 14341.9 331.698 438 0.000142414
14100 0.063255 0.0612183 0.00203672 0 0.967801 669.881 641.639 28.242 0 -30.5665 -31.7513 32 14437.9 332.807 441 0.000138817
14200 0.0721998 0.0695867 0.00261309 0 0.963808 677.121 648.598 28.5225 0 -30.5761 -31.46 32 14533.9 333.911 444 0.000156727
14300 0.0594947 0.0577735 0.00172118 0 0.97107 683.145 654.375 28.7699 0 -30.5912 -32.293 32 14629.9 335.012 447 0.000129247
14400 0.0533509 0.051842 0.00150886 0 0.971718 688.509 659.56 28.9498 0 -30.6062 -32.5082 32 14757.9 336.474 451 0.000114949
14500 0.0489756 0.0479071 0.00106849 0 0.978183 693.445 664.35 29.095 0 -30.623 -32.9678 32 14853.9 337.567 454 0.000105522
14600 0.0440583 0.0432804 0.000777895 0 0.982344 697.872 668.678 29.1933 0 -30.6405 -33.3837 32 14949.9 338.656 457 9.47054e-05
14700 0.0446482 0.0437807 0.00086753 0 0.98057 702.332 673.056 29.2755 0 -30.6577 -33.3482 32 15045.9 339.742 460 9.51754e-05
14800 0.047348 0.0461205 0.00122748 0 0.974075 707.04 677.668 29.3721 0 -30.6716 -32.751 32 15141.9 340.824 463 9.96123e-05
14900 0.0418605 0.0414614 0.00039907 0 0.990467 711.268 681.815 29.4534 0 -30.6889 -33.5786 32 15237.9 341.903 466 8.89729e-05
15000 0.0584541 0.0573126 0.00114156 0 0.980471 717.128 687.546 29.5825 0 -30.6927 -31.1525 32 15333.9 342.978 469 0.000122202
15100 0.0657846 0.0630673 0.00271733 0 0.958694 723.655 693.853 29.8027 0 -30.6936 -30.7905 32 15429.9 344.05 472 0.000133617
15200 0.0609776 0.0589588 0.00201881 0 0.966893 729.77 699.748 30.0216 0 -30.7001 -31.4796 32 15557.9 345.474 476 0.000123863
15300 0.0526664 0.051233 0.00143344 0 0.972783 735.053 704.872 30.1817 0 -30.7103 -32.1192 32 15653.9 346.538 479 0.000106958
15400 0.0468782 0.0455743 0.00130389 0 0.972186 739.717 709.429 30.2882 0 -30.7228 -32.6921 32 15749.9 347.599 482 9.45526e-05
15500 0.0536638 0.052883 0.000780821 0 0.98545 745.158 714.717 30.441 0 -30.7445 -33.6852 32 15845.9 348.657 485 0.000109037
15600 0.0519311 0.0501216 0.00180942 0 0.965157 750.248 719.73 30.5181 0 -30.7603 -33.0846 32 15941.9 349.711 488 0.000102708
15700 0.0639279 0.0623487 0.0015792 0 0.975297 756.65 725.964 30.6854 0 -30.7803 -33.1162 32 16037.9 350.763 491 0.000126983
15800 0.0633079 0.061226 0.00208188 0 0.967115 763.014 732.087 30.9268 0 -30.7966 -32.7427 32 16133.9 351.811 494 0.000123939
15900 0.0538883 0.0521918 0.00169655 0 0.968517 768.409 737.306 31.1027 0 -30.8162 -33.5763 32 16229.9 352.856 497 0.000105014
16000 0.0560986 0.0544152 0.00168334 0 0.969993 774.049 742.748 31.3017 0 -30.8265 -32.2283 32 16357.9 354.245 501 0.000108613
16100 0.0658996 0.06247 0.00342962 0 0.947957 780.545 748.995 31.5505 0 -30.8291 -31.1416 32 16453.9 355.283 504 0.000123948
16200 0.0663994 0.0634219 0.00297752 0 0.955157 787.135 755.337 31.7978 0 -30.8349 -31.5239 32 16549.9 356.318 507 0.000125093
16300 0.0692971 0.0662781 0.00301907 0 0.956433 794.067 761.965 32.102 0 -30.8437 -31.8469 32 16645.9 357.35 510 0.000129957
16400 0.0530878 0.0514533 0.0016345 0 0.969211 799.424 767.11 32.3137 0 -30.8582 -33.0029 32 16741.9 358.379 513 0.000100299
16500 0.0474865 0.0458415 0.00164505 0 0.965358 804.166 771.694 32.4722 0 -30.8726 -33.2921 32 16837.9 359.405 516 8.88401e-05
16600 0.0475427 0.046036 0.00150673 0 0.968308 808.931 776.298 32.6335 0 -30.888 -33.4995 32 16933.9 360.428 519 8.87013e-05
16700 0.0671083 0.0634942 0.00361405 0 0.946146 815.583 782.647 32.9359 0 -30.9026 -32.6688 32 17029.9 361.448 522 0.000121636
16800 0.0573527 0.0547093 0.00264342 0 0.953909 821.376 788.118 33.2575 0 -30.9202 -33.3995 32 17157.9 362.804 526 0.00010401
16900 0.0716229 0.0672483 0.00437466 0 0.938921 828.489 794.843 33.6456 0 -30.911 -29.8489 32 17253.9 363.817 529 0.000127123
17000 0.0973652 0.0905807 0.00678455 0 0.930319 838.068 803.901 34.1669 0 -30.8869 -28.8064 32 17349.9 364.828 532 0.000170264
17100 0.0985775 0.0936952 0.00488234 0 0.950472 847.937 813.271 34.6662 0 -30.86 -28.5735 32 17445.9 365.836 535 0.000175131
17200 0.087745 0.0849096 0.0028354 0 0.967686 856.839 821.762 35.0772 0 -30.8426 -29.1855 32 17541.9 366.841 538 0.000157825
17300 0.0739052 0.0715985 0.00230675 0 0.968788 864.286 828.921 35.3644 0 -30.8359 -30.0649 32 17637.9 367.844 541 0.000132345
17400 0.0640654 0.0625931 0.00147232 0 0.977018 870.752 835.181 35.571 0 -30.8391 -31.2739 32 17733.9 368.843 544 0.000115061
17500 0.0571632 0.0559082 0.00125506 0 0.978044 876.488 840.772 35.7163 0 -30.8463 -31.9299 32 17829.9 369.84 547 0.000102209
17600 0.0568047 0.0557562 0.00104855 0 0.981541 882.211 846.347 35.8641 0 -30.8545 -32.1173 32 17957.9 371.166 551 0.000101191
17700 0.0519356 0.0505923 0.00134333 0 0.974135 887.354 851.406 35.9472 0 -30.863 -32.3259 32 18053.9 372.156 554 9.13218e-05
17800 0.0705469 0.0681717 0.00237523 0 0.966331 894.379 858.224 36.1555 0 -30.8557 -29.9287 32 18149.9 373.144 557 0.000122391
17900 0.0696199 0.0669123 0.00270761 0 0.961109 901.338 864.915 36.4233 0 -30.8477 -29.816 32 18245.9 374.13 560 0.000119486
18000 0.0574153 0.0560006 0.00141466 0 0.975361 907.146 870.515 36.6313 0 -30.8521 -31.5343 32 18341.9 375.113 563 9.94683e-05
18100 0.0747299 0.0728081 0.00192189 0 0.974282 914.639 877.796 36.8432 0 -30.8471 -30.2457 32 18437.9 376.093 566 0.000128636
18200 0.0616212 0.0603017 0.00131952 0 0.978587 920.829 883.826 37.0027 0 -30.8485 -31.0604 32 18533.9 377.071 569 0.000105978
18300 0.0541611 0.0531928 0.000968293 0 0.982122 926.276 889.145 37.1306 0 -30.8528 -31.5703 32 18629.9 378.046 572 9.29945e-05
18400 0.0539278 0.0530061 0.000921681 0 0.982909 931.7 894.446 37.254 0 -30.8608 -32.2218 32 18757.9 379.343 576 9.20245e-05
18500 0.0503179 0.0492067 0.00111111 0 0.977918 936.742 899.366 37.3761 0 -30.869 -32.3864 32 18853.9 380.312 579 8.49857e-05
18600 0.0497063 0.0483927 0.00131363 0 0.973572 941.692 904.206 37.486 0 -30.8755 -32.1047 32 18949.9 381.279 582 8.3149e-05
18700 0.0629437 0.0602361 0.00270763 0 0.956983 947.864 910.229 37.6351 0 -30.8666 -29.52 32 19045.9 382.244 585 0.000102968
18800 0.0623581 0.0605356 0.00182246 0 0.970774 954.125 916.283 37.8426 0 -30.8633 -30.3505 32 19141.9 383.206 588 0.000102952
18900 0.0587152 0.0569718 0.00174336 0 0.970308 960.007 921.98 38.0271 0 -30.8663 -31.3674 32 19237.9 384.166 591 9.6399e-05
19000 0.0654474 0.0627983 0.00264911 0 0.959523 966.494 928.26 38.2339 0 -30.866 -30.8211 32 19333.9 385.123 594 0.000105721
19100 0.0667641 0.0644936 0.00227047 0 0.965993 973.193 934.709 38.4834 0 -30.8716 -31.6676 32 19429.9 386.078 597 0.000108029
19200 0.0633789 0.0607669 0.00261202 0 0.958787 979.481 940.786 38.6948 0 -30.8733 -31.1501 32 19557.9 387.348 601 0.00010111
19300 0.0726192 0.0700177 0.00260148 0 0.964176 986.743 947.788 38.9554 0 -30.8701 -30.4382 32 19653.9 388.297 604 0.000115923
19400 0.0663847 0.0637245 0.00266015 0 0.959928 993.393 954.16 39.2331 0 -30.8689 -30.6867 32 19749.9 389.244 607 0.000104983
19500 0.0582756 0.0560116 0.00226406 0 0.961149 999.216 959.761 39.4544 0 -30.8725 -31.4884 32 19845.9 390.189 610 9.18222e-05
19600 0.0541566 0.052243 0.0019137 0 0.964664 1004.63 964.986 39.6461 0 -30.878 -31.8936 32 19941.9 391.132 613 8.5225e-05
19700 0.0513296 0.0498004 0.00152919 0 0.970208 1009.78 969.966 39.815 0 -30.8838 -32.0136 32 20037.9 392.072 616 8.08448e-05
19800 0.0487278 0.0475202 0.00120758 0 0.975218 1014.66 974.718 39.9438 0 -30.8926 -32.7059 32 20133.9 393.01 619 7.67693e-05
19900 0.05012 0.0489309 0.00118909 0 0.976275 1019.69 979.611 40.08 0 -30.8984 -32.0748 32 20229.9 393.946 622 7.8667e-05
20000 0.0445247 0.043739 0.000785719 0 0.982353 1024.17 983.985 40.1824 0 -30.9069 -32.845 32 20357.9 395.19 626 6.98706e-05
