100 0.00918135 0.00881301 0.000368342 0 0.959882 0.936593 0.881301 0.0552914 0 -34.0252 -34.0252 128 453.882 59.0081 1 0.00881301
200 0.00560653 0.00523185 0.000374677 0 0.933171 1.50464 1.40449 0.10015 0 -32.4736 -29.9155 128 581.882 66.8124 2 0.00261593
300 0.00583308 0.00529726 0.000535818 0 0.908141 2.08172 1.93421 0.147509 0 -31.884 -30.3468 128 709.882 73.796 3 0.00176575
400 0.00469748 0.00440551 0.000291971 0 0.937845 2.5606 2.37476 0.185833 0 -31.9478 -32.2251 128 837.882 80.1736 4 0.00110138
500 0.0036081 0.0034667 0.000141405 0 0.960809 2.93044 2.72143 0.209006 0 -32.1707 -33.7135 128 837.882 80.1736 4 0.000866675
600 0.00452496 0.0044267 9.82549e-05 0 0.978286 3.40373 3.1641 0.239629 0 -32.0518 -31.3155 128 965.882 86.08 5 0.000885341
700 0.0194166 0.0173315 0.00208504 0 0.892615 5.33874 4.89726 0.441485 0 -31.8511 -31.4981 128 1093.88 91.6063 6 0.00288859
800 0.0119473 0.0112834 0.000663868 0 0.944434 6.58847 6.0256 0.562866 0 -32.2909 -34.1696 128 1221.88 96.8177 7 0.00161192
900 0.00974908 0.00873437 0.00101471 0 0.895917 7.4711 6.89904 0.572063 0 -32.2146 -31.6452 128 1349.88 101.763 8 0.0010918
1000 0.0121431 0.0115418 0.000601324 0 0.95048 8.70767 8.05322 0.654454 0 -31.6201 -28.0286 128 1349.88 101.763 8 0.00144272
1100 0.00866108 0.00801037 0.000650713 0 0.924869 9.57483 8.85425 0.720575 0 -31.4963 -30.2533 128 1477.88 106.478 9 0.000890041
1200 0.00817508 0.00761215 0.000562925 0 0.931141 10.3917 9.61547 0.776276 0 -31.4406 -30.7874 128 1605.88 110.993 10 0.000761215
1300 0.00705952 0.0064334 0.000626126 0 0.911308 11.0877 10.2588 0.828888 0 -31.3474 -29.9563 128 1733.88 115.332 11 0.000584854
1400 0.00565174 0.00533016 0.000321583 0 0.9431 11.6571 10.7918 0.865302 0 -31.3371 -31.1353 128 1733.88 115.332 11 0.00048456
1500 0.00477189 0.00447356 0.000298328 0 0.937482 12.1368 11.2392 0.897595 0 -31.3607 -31.935 128 1861.88 119.513 12 0.000372797
1600 0.00608898 0.0057198 0.000369172 0 0.93937 12.742 11.8112 0.930853 0 -31.2458 -28.9424 128 1989.88 123.553 13 0.000439985
1700 0.0051224 0.00481463 0.000307774 0 0.939916 13.2548 12.2926 0.962223 0 -31.2223 -30.6378 128 2117.88 127.465 14 0.000343902
1800 0.00546132 0.00507155 0.000389772 0 0.928631 13.7815 12.7998 0.981754 0 -31.235 -31.5532 128 2245.88 131.26 15 0.000338103
1900 0.00543476 0.00534426 9.0503e-05 0 0.983347 14.3386 13.3342 1.00439 0 -31.3403 -33.9466 128 2245.88 131.26 15 0.000356284
2000 0.00530123 0.00521072 9.0503e-05 0 0.982928 14.8756 13.8553 1.02032 0 -31.4555 -34.5299 128 2373.88 134.949 16 0.00032567
2100 0.00454595 0.00444641 9.95412e-05 0 0.978103 15.3311 14.2999 1.0312 0 -31.4804 -32.2934 128 2501.88 138.539 17 0.000261554
2200 0.00444035 0.00418734 0.000253008 0 0.943021 15.7659 14.7187 1.04721 0 -31.4761 -31.3265 128 2629.88 142.039 18 0.00023263
2300 0.00349451 0.00341635 7.81589e-05 0 0.977634 16.1228 15.0603 1.06254 0 -31.5126 -33.1225 128 2629.88 142.039 18 0.000189797
2400 0.00474377 0.00458195 0.000161821 0 0.965888 16.6059 15.5185 1.08741 0 -31.5347 -32.2744 128 2757.88 145.455 19 0.000241155
2500 0.0101543 0.00978619 0.000368132 0 0.963746 17.6279 16.4971 1.13075 0 -31.3358 -28.1033 128 2885.88 148.792 20 0.00048931
2600 0.00615946 0.00604443 0.000115026 0 0.981325 18.2595 17.1015 1.15799 0 -31.2997 -30.2922 128 3013.88 152.056 21 0.00028783
2700 0.00443813 0.00443813 0 0 1 18.7113 17.5454 1.16593 0 -31.3182 -32.0685 128 3141.88 155.251 22 0.000201733
2800 0.00363968 0.00363968 0 0 1 19.0753 17.9093 1.16593 0 -31.3492 -32.938 128 3141.88 155.251 22 0.00016544
2900 0.00371414 0.00371414 0 0 1 19.4494 18.2807 1.16871 0 -31.3843 -33.1748 128 3269.88 158.382 23 0.000161484
3000 0.0138784 0.0132189 0.000659433 0 0.952485 20.8187 19.6026 1.21606 0 -31.522 -33.4777 128 3397.88 161.452 24 0.000550788
3100 0.00876255 0.00839002 0.000372524 0 0.957487 21.6931 20.4416 1.25145 0 -31.6 -33.4593 128 3525.88 164.465 25 0.000335601
3200 0.00582501 0.00569393 0.000131077 0 0.977498 22.2793 21.011 1.26828 0 -31.6752 -34.4559 128 3653.88 167.424 26 0.000218997
3300 0.035191 0.0339453 0.0012457 0 0.964602 25.861 24.4056 1.45543 0 -31.067 -27.2841 128 3653.88 167.424 26 0.00130559
3400 0.0182958 0.0171325 0.0011633 0 0.936417 27.6942 26.1188 1.57538 0 -30.8447 -27.7076 128 3781.88 170.331 27 0.000634538
3500 0.0174894 0.0159759 0.00151348 0 0.913463 29.4261 27.7164 1.7097 0 -30.6359 -27.2975 128 3909.88 173.19 28 0.000570567
3600 0.0138418 0.0128958 0.000945917 0 0.931662 30.8151 29.006 1.80913 0 -30.5292 -28.2692 128 4037.88 176.002 29 0.000444684
3700 0.010994 0.0104731 0.000520813 0 0.952627 31.9475 30.0533 1.89419 0 -30.4873 -29.3464 128 4037.88 176.002 29 0.000361143
3800 0.017667 0.0169353 0.000731718 0 0.958583 33.7326 31.7468 1.9858 0 -30.3167 -27.2647 128 4165.88 178.77 30 0.00056451
3900 0.0113824 0.0111489 0.000233537 0 0.979483 34.9046 32.8617 2.04288 0 -30.2888 -29.4858 128 4293.88 181.495 31 0.000359642
4000 0.0117574 0.0111165 0.000640913 0 0.945489 36.0554 33.9734 2.08207 0 -30.2602 -29.3926 128 4421.88 184.18 32 0.000347391
4100 0.0105864 0.0101138 0.000472617 0 0.955356 37.1035 34.9847 2.11878 0 -30.2634 -30.3712 128 4549.88 186.827 33 0.000306478
4200 0.00913746 0.00913746 0 0 1 38.029 35.8985 2.13056 0 -30.3196 -32.5739 128 4549.88 186.827 33 0.000276893
4300 0.00783188 0.00780086 3.10221e-05 0 0.996039 38.814 36.6786 2.13539 0 -30.3542 -32.031 128 4677.88 189.437 34 0.000229437
4400 0.00851176 0.0084471 6.46642e-05 0 0.992403 39.671 37.5233 2.14776 0 -30.3667 -30.9329 128 4805.88 192.011 35 0.000241346
4500 0.00714571 0.00710137 4.43481e-05 0 0.993794 40.3846 38.2334 2.15119 0 -30.3988 -32.1851 128 4933.88 194.551 36 0.00019726
4600 0.00598302 0.00598302 0 0 1 40.983 38.8317 2.15123 0 -30.4389 -33.1392 128 4933.88 194.551 36 0.000166195
4700 0.00807345 0.00807345 0 0 1 41.799 39.6391 2.15989 0 -30.514 -34.2905 128 5061.88 197.059 37 0.000218201
4800 0.00593769 0.0059026 3.50912e-05 0 0.99409 42.3939 40.2293 2.16456 0 -30.549 -33.0053 128 5189.88 199.535 38 0.000155332
4900 0.00645088 0.00624115 0.000209729 0 0.967488 43.0321 40.8534 2.17862 0 -30.57 -31.9654 128 5317.88 201.98 39 0.000160029
5000 0.00718042 0.00678086 0.000399564 0 0.944354 43.725 41.5315 2.19346 0 -30.5698 -30.5569 128 5445.88 204.397 40 0.000169521
5100 0.0081404 0.00789887 0.000241524 0 0.97033 44.5462 42.3214 2.2248 0 -30.5665 -30.3916 128 5445.88 204.397 40 0.000197472
5200 0.0065703 0.00637352 0.000196771 0 0.970051 45.2115 42.9588 2.25273 0 -30.5776 -31.3203 128 5573.88 206.785 41 0.000155452
5300 0.00604968 0.00581085 0.000238833 0 0.960521 45.8157 43.5399 2.27581 0 -30.5857 -31.1924 128 5701.88 209.146 42 0.000138354
5400 0.00642193 0.00608254 0.000339397 0 0.94715 46.4476 44.1481 2.2995 0 -30.5867 -30.6592 128 5829.88 211.48 43 0.000141454
5500 0.00597963 0.00579135 0.000188284 0 0.968512 47.0532 44.7272 2.32599 0 -30.6001 -31.6254 128 5829.88 211.48 43 0.000134683
5600 0.00481813 0.00469767 0.000120464 0 0.974998 47.5359 45.197 2.33889 0 -30.6203 -32.5947 128 5957.88 213.789 44 0.000106765
5700 0.00842844 0.00839452 3.39211e-05 0 0.995975 48.408 46.0365 2.37153 0 -30.5987 -29.4198 128 6085.88 216.074 45 0.000186545
5800 0.00667123 0.00646084 0.00021039 0 0.968463 49.0663 46.6825 2.3837 0 -30.6115 -31.5544 128 6213.88 218.334 46 0.000140453
5900 0.00996366 0.00857578 0.00138788 0 0.860706 49.9608 47.5401 2.42072 0 -30.5806 -28.885 128 6341.88 220.571 47 0.000182463
6000 0.0110547 0.0105732 0.000481527 0 0.956441 51.0931 48.5974 2.49562 0 -30.6155 -32.1545 128 6341.88 220.571 47 0.000224962
6100 0.0258951 0.0242536 0.00164141 0 0.936613 53.6723 51.0228 2.64952 0 -30.439 -26.9437 128 6469.88 222.786 48 0.000505284
6200 0.0155304 0.0142852 0.00124519 0 0.919823 55.2284 52.4513 2.77708 0 -30.3674 -27.8958 128 6597.88 224.979 49 0.000291535
6300 0.0124592 0.0115821 0.000877043 0 0.929607 56.4881 53.6095 2.87852 0 -30.3261 -28.5164 128 6725.88 227.151 50 0.000231643
6400 0.0102039 0.00968128 0.000522618 0 0.948782 57.5236 54.5777 2.94594 0 -30.3128 -29.5873 128 6853.88 229.302 51 0.000189829
6500 0.00938514 0.00909782 0.000287317 0 0.969386 58.4735 55.4875 2.98609 0 -30.3257 -31.1074 128 6853.88 229.302 51 0.000178389
6600 0.00956248 0.00942846 0.000134018 0 0.985985 59.4328 56.4303 3.00245 0 -30.324 -30.2178 128 6981.88 231.434 52 0.000181317
6700 0.00800784 0.00789972 0.000108118 0 0.986499 60.2338 57.2203 3.01357 0 -30.3372 -31.317 128 7109.88 233.545 53 0.000149051
6800 0.00811048 0.00780984 0.000300641 0 0.962932 61.0284 58.0013 3.0271 0 -30.3424 -30.7368 128 7237.88 235.638 54 0.000144627
6900 0.00761906 0.00744113 0.000177926 0 0.976647 61.796 58.7454 3.05068 0 -30.3559 -31.4268 128 7237.88 235.638 54 0.000137799
7000 0.0076489 0.00755659 9.23065e-05 0 0.987932 62.5699 59.501 3.06888 0 -30.3793 -32.252 128 7365.88 237.713 55 0.000137393
7100 0.00909695 0.0087604 0.000336548 0 0.963004 63.4781 60.3771 3.10101 0 -30.3792 -30.3705 128 7493.88 239.769 56 0.000156436
7200 0.00738578 0.00718393 0.000201853 0 0.97267 64.2192 61.0955 3.12376 0 -30.3968 -31.9094 128 7621.88 241.808 57 0.000126034
7300 0.00779324 0.00703603 0.000757212 0 0.902837 64.9375 61.7991 3.13839 0 -30.3957 -30.2976 128 7749.88 243.83 58 0.000121311
7400 0.00958789 0.00938152 0.000206379 0 0.978475 65.9145 62.7372 3.17725 0 -30.4228 -32.2238 128 7749.88 243.83 58 0.00016175
7500 0.00910577 0.00881501 0.000290758 0 0.968069 66.8336 63.6187 3.21491 0 -30.4391 -31.6056 128 7877.88 245.836 59 0.000149407
7600 0.00835608 0.00806267 0.000293412 0 0.964886 67.673 64.425 3.24805 0 -30.4518 -31.4635 128 8005.88 247.825 60 0.000134378
7700 0.0188097 0.0175044 0.00130528 0 0.930606 69.4778 66.1754 3.30238 0 -30.4809 -31.57 128 8133.88 249.798 61 0.000286957
7800 0.0220515 0.0213069 0.000744566 0 0.966235 71.7197 68.3061 3.41361 0 -30.5772 -33.5627 128 8133.88 249.798 61 0.000349294
7900 0.0148518 0.0140841 0.000767709 0 0.948309 73.2091 69.7145 3.49458 0 -30.6232 -32.8387 128 8261.88 251.756 62 0.000227163
8000 0.012444 0.0117854 0.000658555 0 0.947078 74.4498 70.8931 3.55674 0 -30.6503 -32.2503 128 8389.88 253.699 63 0.00018707
8100 0.0138177 0.0130044 0.000813321 0 0.941139 75.8286 72.1935 3.63505 0 -30.6872 -32.6768 128 8517.88 255.626 64 0.000203194
8200 0.0135625 0.0128006 0.000761942 0 0.94382 77.1675 73.4736 3.69398 0 -30.7192 -32.5319 128 8645.88 257.54 65 0.000196932
8300 0.0133664 0.0130164 0.000349982 0 0.973816 78.5231 74.7752 3.74785 0 -30.7547 -32.7756 128 8645.88 257.54 65 0.000200253
8400 0.0103827 0.0103112 7.14994e-05 0 0.993114 79.5725 75.8063 3.76619 0 -30.8086 -34.8434 128 8773.88 259.439 66 0.000156231
8500 0.0091973 0.00914839 4.8909e-05 0 0.994682 80.4941 76.7212 3.7729 0 -30.858 -35.1189 128 8901.88 261.325 67 0.000136543
8600 0.0083508 0.00824602 0.000104778 0 0.987453 81.3252 77.5458 3.77943 0 -30.9019 -35.1576 128 9029.88 263.197 68 0.000121265
8700 0.00728464 0.00728464 0 0 1 82.0577 78.2742 3.78347 0 -30.9475 -36.0155 128 9029.88 263.197 68 0.000107127
8800 0.00766918 0.0076192 4.99757e-05 0 0.993484 82.8266 79.0362 3.79044 0 -30.9818 -34.6418 128 9157.88 265.056 69 0.000110423
8900 0.00689697 0.00689697 0 0 1 83.5237 79.7259 3.79779 0 -31.0191 -35.4415 128 9285.88 266.902 70 9.85281e-05
9000 0.0164207 0.0157513 0.000669392 0 0.959235 85.1456 81.301 3.84459 0 -30.9427 -27.0112 128 9413.88 268.735 71 0.00022185
9100 0.0140548 0.0132028 0.000851966 0 0.939382 86.5375 82.6213 3.91628 0 -30.8939 -27.9089 128 9541.88 270.556 72 0.000183372
9200 0.0107492 0.0102385 0.000510749 0 0.952485 87.6268 83.6451 3.98168 0 -30.8811 -29.8646 128 9541.88 270.556 72 0.000142201
9300 0.00877726 0.00829211 0.000485152 0 0.944726 88.5094 84.4743 4.03507 0 -30.8781 -30.5768 128 9669.88 272.365 73 0.000113591
9400 0.00799748 0.00767335 0.000324127 0 0.959471 89.3188 85.2417 4.07714 0 -30.8869 -31.8526 128 9797.88 274.161 74 0.000103694
9500 0.00730261 0.00688348 0.000419125 0 0.942606 90.0452 85.93 4.11522 0 -30.8958 -31.9936 128 9925.88 275.946 75 9.17798e-05
9600 0.00618285 0.00606832 0.000114522 0 0.981477 90.6725 86.5368 4.13564 0 -30.916 -33.8077 128 10053.9 277.72 76 7.98464e-05
9700 0.00864499 0.00846157 0.000183419 0 0.978783 91.5535 87.383 4.17052 0 -30.9342 -32.8131 128 10053.9 277.72 76 0.000111336
9800 0.00629289 0.00627192 2.09739e-05 0 0.996667 92.199 88.0102 4.18877 0 -30.9537 -33.7135 128 10181.9 279.482 77 8.14535e-05
9900 0.00863181 0.00829859 0.000333218 0 0.961396 93.0484 88.8401 4.20838 0 -30.9675 -32.4639 128 10309.9 281.233 78 0.000106392
10000 0.00726243 0.00706062 0.000201808 0 0.972212 93.7805 89.5461 4.23437 0 -30.9884 -33.65 128 10437.9 282.974 79 8.93749e-05
10100 0.00609558 0.00599219 0.00010339 0 0.983039 94.3961 90.1453 4.25076 0 -31.0129 -34.7384 128 10437.9 282.974 79 7.58505e-05
10200 0.0104408 0.0102574 0.000183403 0 0.982434 95.4482 91.1711 4.27711 0 -30.997 -29.5747 128 10565.9 284.704 80 0.000128217
10300 0.00749108 0.00734598 0.000145106 0 0.980629 96.2019 91.9057 4.2962 0 -31.0053 -32.0594 128 10693.9 286.423 81 9.06911e-05
10400 0.00642534 0.0062898 0.000135543 0 0.978905 96.8451 92.5346 4.31047 0 -31.0153 -32.5017 128 10821.9 288.132 82 7.67049e-05
10500 0.00958166 0.00800968 0.00157199 0 0.835938 97.6608 93.3356 4.32519 0 -30.9812 -26.9388 128 10949.9 289.831 83 9.65021e-05
10600 0.0175168 0.016604 0.000912873 0 0.947886 99.4532 94.996 4.45715 0 -30.9147 -27.2914 128 10949.9 289.831 83 0.000200048
10700 0.0137901 0.0127162 0.00107388 0 0.922127 100.835 96.2676 4.56745 0 -30.8828 -28.5874 128 11077.9 291.52 84 0.000151383
10800 0.0122537 0.0114054 0.000848267 0 0.930775 102.07 97.4082 4.66172 0 -30.8705 -29.863 128 11205.9 293.199 85 0.000134182
10900 0.0130034 0.0118312 0.00117223 0 0.909852 103.34 98.5913 4.74844 0 -30.8495 -29.161 128 11333.9 294.869 86 0.000137572
11000 0.0125479 0.0118148 0.000733018 0 0.941582 104.614 99.7728 4.84079 0 -30.8386 -29.9546 128 11333.9 294.869 86 0.000137382
11100 0.0148893 0.0139965 0.000892747 0 0.940041 106.128 101.172 4.95592 0 -30.8305 -30.2697 128 11461.9 296.53 87 0.00016088
11200 0.01115 0.0106066 0.000543346 0 0.951269 107.256 102.233 5.02261 0 -30.8312 -30.9 128 11589.9 298.181 88 0.00012053
11300 0.00951144 0.00918173 0.000329704 0 0.965336 108.222 103.151 5.07045 0 -30.8387 -31.6717 128 11717.9 299.823 89 0.000103166
11400 0.00885 0.00850998 0.000340022 0 0.961579 109.09 104.002 5.08805 0 -30.8471 -31.8935 128 11845.9 301.456 90 9.45553e-05
11500 0.00870203 0.00864311 5.89226e-05 0 0.993229 109.973 104.867 5.10658 0 -30.864 -32.9562 128 11845.9 301.456 90 9.60346e-05
11600 0.00823917 0.00815941 7.97531e-05 0 0.99032 110.8 105.683 5.11704 0 -30.8788 -32.8473 128 11973.9 303.08 91 8.96639e-05
11700 0.00778107 0.00771325 6.78104e-05 0 0.991285 111.579 106.454 5.1253 0 -30.8965 -33.4058 128 12101.9 304.696 92 8.38397e-05
11800 0.00725335 0.00716757 8.57761e-05 0 0.988174 112.303 107.171 5.1319 0 -30.9135 -33.5388 128 12229.9 306.303 93 7.70707e-05
11900 0.0065381 0.00652648 1.16209e-05 0 0.998223 112.959 107.823 5.13554 0 -30.9329 -34.2548 128 12229.9 306.303 93 7.01772e-05
12000 0.00856979 0.00844024 0.000129556 0 0.984882 113.826 108.667 5.15855 0 -30.9406 -31.9342 128 12357.9 307.902 94 8.97898e-05
12100 0.00694042 0.00688902 5.13931e-05 0 0.992595 114.529 109.356 5.17263 0 -30.9556 -33.3977 128 12485.9 309.492 95 7.2516e-05
12200 0.0120971 0.0116769 0.000420178 0 0.965266 115.723 110.524 5.19885 0 -30.977 -33.0313 128 12613.9 311.075 96 0.000121635
12300 0.0104231 0.0101692 0.00025388 0 0.975642 116.782 111.541 5.24074 0 -31.004 -33.9488 128 12741.9 312.649 97 0.000104837
12400 0.0078707 0.00761682 0.00025388 0 0.967744 117.569 112.302 5.26613 0 -31.0246 -34.0828 128 12741.9 312.649 97 7.85239e-05
12500 0.0071967 0.00705047 0.00014623 0 0.979681 118.301 113.008 5.2932 0 -31.0432 -34.0318 128 12869.9 314.215 98 7.19435e-05
12600 0.012138 0.0115812 0.0005568 0 0.954127 119.496 114.166 5.33082 0 -31.0531 -32.0333 128 12997.9 315.774 99 0.000116981
12700 0.00998137 0.00955547 0.000425901 0 0.95733 120.503 115.121 5.3818 0 -31.0677 -32.7935 128 13125.9 317.325 100 9.55547e-05
12800 0.00816398 0.00781896 0.000345015 0 0.957739 121.322 115.903 5.41905 0 -31.083 -33.3403 128 13253.9 318.868 101 7.74155e-05
12900 0.00820596 0.00790485 0.000301115 0 0.963305 122.145 116.694 5.45188 0 -31.1006 -33.689 128 13253.9 318.868 101 7.82658e-05
13000 0.00888449 0.00840657 0.000477922 0 0.946207 123.036 117.534 5.50185 0 -31.1037 -31.5269 128 13381.9 320.405 102 8.24173e-05
13100 0.0122261 0.0115359 0.000690143 0 0.943551 124.258 118.688 5.56985 0 -31.1028 -31.019 128 13509.9 321.933 103 0.000111999
13200 0.0101042 0.00982109 0.000283128 0 0.971979 125.269 119.67 5.59945 0 -31.1229 -33.5867 128 13637.9 323.455 104 9.44336e-05
13300 0.00790872 0.00780621 0.000102519 0 0.987037 126.067 120.451 5.61624 0 -31.1477 -35.0518 128 13637.9 323.455 104 7.50597e-05
13400 0.0105118 0.0104093 0.000102519 0 0.990247 127.14 121.491 5.64896 0 -31.1537 -31.8495 128 13765.9 324.969 105 9.91357e-05
13500 0.0138744 0.0130836 0.000790848 0 0.943 128.508 122.8 5.70778 0 -31.1167 -27.6763 128 13893.9 326.476 106 0.00012343
13600 0.0102804 0.00989158 0.000388846 0 0.962176 129.544 123.789 5.7554 0 -31.1094 -30.2131 128 14021.9 327.977 107 9.24447e-05
13700 0.00806467 0.00801138 5.32814e-05 0 0.993393 130.358 124.59 5.76792 0 -31.1187 -32.5871 128 14149.9 329.47 108 7.41795e-05
13800 0.00713795 0.00712394 1.40079e-05 0 0.998038 131.073 125.303 5.77062 0 -31.1317 -33.5039 128 14149.9 329.47 108 6.59624e-05
13900 0.0101412 0.0101354 5.80251e-06 0 0.999428 132.113 126.316 5.79699 0 -31.1345 -31.4923 128 14277.9 330.957 109 9.29852e-05
14000 0.00821425 0.00814206 7.21899e-05 0 0.991212 132.933 127.13 5.8023 0 -31.1447 -32.7802 128 14405.9 332.437 110 7.40187e-05
14100 0.00698242 0.00693884 4.35736e-05 0 0.99376 133.633 127.824 5.80909 0 -31.159 -33.8834 128 14533.9 333.911 111 6.25121e-05
14200 0.00605791 0.00603144 2.64701e-05 0 0.99563 134.24 128.427 5.8132 0 -31.1747 -34.6315 128 14533.9 333.911 111 5.43373e-05
14300 0.00598687 0.00597457 1.23062e-05 0 0.997944 134.846 129.025 5.82115 0 -31.1904 -34.6578 128 14661.9 335.378 112 5.33444e-05
14400 0.00610119 0.00604204 5.91496e-05 0 0.990305 135.457 129.629 5.82771 0 -31.2063 -34.726 128 14789.9 336.839 113 5.34694e-05
14500 0.00538953 0.00534465 4.48703e-05 0 0.991675 135.996 130.163 5.83224 0 -31.2225 -35.2884 128 14917.9 338.293 114 4.68829e-05
14600 0.00523431 0.00512907 0.000105245 0 0.979893 136.512 130.676 5.83529 0 -31.2361 -34.8253 128 15045.9 339.742 115 4.46006e-05
14700 0.00513072 0.0051155 1.52224e-05 0 0.997033 137.027 131.188 5.83954 0 -31.2509 -35.161 128 15045.9 339.742 115 4.44826e-05
14800 0.00577491 0.00571833 5.65791e-05 0 0.990203 137.608 131.76 5.84785 0 -31.2681 -35.3322 128 15173.9 341.184 116 4.9296e-05
14900 0.00762229 0.00746055 0.000161733 0 0.978782 138.368 132.506 5.86201 0 -31.2772 -32.9308 128 15301.9 342.62 117 6.37654e-05
15000 0.0115866 0.0108054 0.000781239 0 0.932574 139.478 133.586 5.89155 0 -31.2637 -29.584 128 15429.9 344.05 118 9.15711e-05
15100 0.0107275 0.0102799 0.000447605 0 0.958275 140.556 134.614 5.94143 0 -31.2594 -30.6937 128 15429.9 344.05 118 8.71181e-05
15200 0.0132594 0.0126917 0.000567716 0 0.957184 141.895 135.883 6.012 0 -31.2763 -33.0572 128 15557.9 345.474 119 0.000106653
15300 0.0157936 0.0149094 0.000884279 0 0.94401 143.475 137.374 6.10075 0 -31.2835 -31.9288 128 15685.9 346.892 120 0.000124245
15400 0.0310195 0.0281668 0.00285278 0 0.908033 146.456 140.191 6.26449 0 -31.17 -25.7061 128 15813.9 348.305 121 0.000232783
15500 0.0261445 0.0243588 0.00178568 0 0.931699 149.08 142.627 6.4534 0 -31.0933 -26.8111 128 15941.9 349.711 122 0.000199662
15600 0.0184278 0.0174 0.00102779 0 0.944226 150.969 144.367 6.60172 0 -31.0577 -28.2453 128 15941.9 349.711 122 0.000142623
15700 0.0154997 0.0144875 0.00101216 0 0.934698 152.524 145.816 6.70797 0 -31.0339 -28.7239 128 16069.9 351.113 123 0.000117785
15800 0.0170814 0.0161866 0.000894871 0 0.947612 154.24 147.434 6.80581 0 -31.0055 -28.4838 128 16197.9 352.508 124 0.000130537
15900 0.0136608 0.0129381 0.000722749 0 0.947093 155.61 148.728 6.88174 0 -30.9904 -29.2888 128 16325.9 353.898 125 0.000103505
16000 0.0112837 0.0109532 0.000330442 0 0.970715 156.747 149.823 6.92392 0 -30.987 -30.5245 128 16453.9 355.283 126 8.69304e-05
16100 0.0424853 0.0408094 0.00167593 0 0.960553 161.03 153.904 7.12585 0 -30.838 -25.3866 128 16453.9 355.283 126 0.000323884
16200 0.0231691 0.0222437 0.000925364 0 0.96006 163.373 156.129 7.2444 0 -30.7824 -26.9549 128 16581.9 356.662 127 0.000175147
16300 0.0203504 0.0195628 0.000787588 0 0.961299 165.418 158.085 7.33333 0 -30.745 -27.7585 128 16709.9 358.036 128 0.000152834
16400 0.0170278 0.0165466 0.000481227 0 0.971739 167.14 159.74 7.40021 0 -30.7242 -28.7305 128 16837.9 359.405 129 0.000128268
16500 0.0144399 0.0143232 0.000116642 0 0.991922 168.61 161.172 7.43828 0 -30.7165 -29.8397 128 16837.9 359.405 129 0.000111033
16600 0.0150523 0.0148569 0.000195404 0 0.987018 170.126 162.658 7.46815 0 -30.7073 -29.6805 128 16965.9 360.768 130 0.000114284
16700 0.0141802 0.0139643 0.000215922 0 0.984773 171.549 164.054 7.49452 0 -30.708 -30.8006 128 17093.9 362.127 131 0.000106598
16800 0.0126803 0.0125062 0.000174099 0 0.98627 172.818 165.305 7.51319 0 -30.7078 -30.6812 128 17221.9 363.48 132 9.47443e-05
16900 0.0119604 0.0116913 0.000269094 0 0.977501 173.996 166.474 7.52217 0 -30.71 -31.0219 128 17349.9 364.828 133 8.79042e-05
17000 0.0129059 0.0128106 9.53245e-05 0 0.992614 175.296 167.755 7.54111 0 -30.7217 -32.2878 128 17349.9 364.828 133 9.63201e-05
17100 0.0121268 0.0120688 5.80154e-05 0 0.995216 176.521 168.962 7.55917 0 -30.7341 -32.5071 128 17477.9 366.171 134 9.00654e-05
17200 0.0133278 0.0130186 0.000309273 0 0.976795 177.853 170.264 7.58925 0 -30.7402 -31.5492 128 17605.9 367.51 135 9.64338e-05
17300 0.013337 0.0127017 0.000635337 0 0.952363 179.155 171.534 7.62096 0 -30.7422 -31.0148 128 17733.9 368.843 136 9.33948e-05
17400 0.0112606 0.0112606 0 0 1 180.289 172.66 7.62866 0 -30.758 -33.2527 128 17733.9 368.843 136 8.27982e-05
17500 0.00986678 0.009848 1.87797e-05 0 0.998097 181.277 173.645 7.63259 0 -30.7728 -33.4757 128 17861.9 370.172 137 7.18832e-05
17600 0.0213783 0.0204607 0.000917668 0 0.957075 183.42 175.691 7.72885 0 -30.7343 -27.4806 128 17989.9 371.496 138 0.000148266
17700 0.0168229 0.0164625 0.000360424 0 0.978575 185.127 177.337 7.78959 0 -30.7215 -29.3481 128 18117.9 372.815 139 0.000118435
17800 0.0133771 0.0132096 0.000167516 0 0.987477 186.469 178.658 7.81071 0 -30.7222 -30.8162 128 18245.9 374.13 140 9.4354e-05
17900 0.0108396 0.0108396 0 0 1 187.558 179.742 7.81582 0 -30.7301 -32.0764 128 18245.9 374.13 140 7.74257e-05
18000 0.0114463 0.0114463 0 0 1 188.721 180.887 7.83425 0 -30.7442 -33.0192 128 18373.9 375.44 141 8.11797e-05
18100 0.0109712 0.0108313 0.000139919 0 0.987247 189.82 181.97 7.8507 0 -30.7596 -33.4078 128 18501.9 376.745 142 7.62769e-05
18200 0.00989225 0.00968769 0.000204562 0 0.979321 190.802 182.939 7.8633 0 -30.7717 -33.1086 128 18629.9 378.046 143 6.77461e-05
18300 0.00892838 0.00885175 7.66213e-05 0 0.991418 191.7 183.824 7.8761 0 -30.7853 -33.6713 128 18629.9 378.046 143 6.19004e-05
18400 0.0239837 0.0232985 0.000685237 0 0.971429 194.099 186.154 7.94577 0 -30.7824 -30.5498 128 18757.9 379.343 144 0.000161795
18500 0.0184339 0.017857 0.000576867 0 0.968706 195.948 187.939 8.00841 0 -30.7811 -30.6423 128 18885.9 380.635 145 0.000123152
18600 0.0164194 0.0156525 0.0007669 0 0.953293 197.579 189.504 8.07437 0 -30.7728 -29.779 128 19013.9 381.923 146 0.000107209
18700 0.0177577 0.01588 0.00187771 0 0.894259 199.25 191.092 8.15788 0 -30.7628 -29.5769 128 19141.9 383.206 147 0.000108027
18800 0.0176556 0.016787 0.000868549 0 0.950806 201.057 192.771 8.28576 0 -30.7779 -32.4513 128 19141.9 383.206 147 0.000114197
18900 0.0166988 0.0159945 0.000704327 0 0.957822 202.75 194.371 8.37902 0 -30.7891 -32.1123 128 19269.9 384.485 148 0.000108071
19000 0.0139562 0.0136099 0.000346305 0 0.975186 204.167 195.732 8.43514 0 -30.8054 -33.1489 128 19397.9 385.76 149 9.13415e-05
19100 0.0144433 0.0136901 0.000753189 0 0.947852 205.58 197.101 8.47947 0 -30.8039 -30.5748 128 19525.9 387.031 150 9.12672e-05
19200 0.0129556 0.0125385 0.000417042 0 0.96781 206.883 198.354 8.52895 0 -30.8068 -31.2675 128 19653.9 388.297 151 8.30366e-05
19300 0.0110638 0.010745 0.000318776 0 0.971187 207.993 199.429 8.56403 0 -30.8172 -32.7671 128 19653.9 388.297 151 7.11588e-05
19400 0.0113274 0.0111509 0.000176434 0 0.984424 209.141 200.544 8.59676 0 -30.8313 -33.3837 128 19781.9 389.56 152 7.33615e-05
19500 0.034056 0.0329049 0.00115107 0 0.966201 212.513 203.835 8.67824 0 -30.8141 -29.7435 128 19909.9 390.818 153 0.000215065
19600 0.0330739 0.0314278 0.00164607 0 0.95023 215.778 206.977 8.80021 0 -30.7925 -29.3918 128 20037.9 392.072 154 0.000204077
19700 0.0279134 0.0266503 0.00126317 0 0.954747 218.583 209.642 8.94048 0 -30.775 -29.4273 128 20037.9 392.072 154 0.000173054
19800 0.0466862 0.0452419 0.00144431 0 0.969063 223.319 214.167 9.15225 0 -30.6837 -26.4698 128 20165.9 393.322 155 0.000291883
19900 0.0306654 0.0292211 0.00144431 0 0.952901 226.385 217.089 9.29675 0 -30.6457 -27.8801 128 20293.9 394.569 156 0.000187315
20000 0.026079 0.0247212 0.00135776 0 0.947937 228.989 219.561 9.42848 0 -30.6203 -28.4104 128 20421.9 395.811 157 0.00015746
