100 0.0062316 0.00598678 0.000244819 0 0.960713 0.630374 0.598678 0.0316955 0 -26.7867 -26.7867 32 453.882 59.0081 4 0.0014967
200 0.00623997 0.00570129 0.000538682 0 0.913672 1.23106 1.16881 0.0622529 0 -27.7572 -28.7758 32 549.882 64.9493 7 0.00081447
300 0.0177194 0.0162788 0.00144065 0 0.918697 2.98562 2.79669 0.188933 0 -25.9926 -24.7544 32 645.882 70.3909 10 0.00162788
400 0.0253912 0.0235009 0.00189026 0 0.925554 5.52108 5.14678 0.374301 0 -25.6799 -25.3118 32 741.882 75.441 13 0.00180776
500 0.0207378 0.0191945 0.00154328 0 0.925581 7.62029 7.06623 0.554067 0 -25.4351 -24.7912 32 837.882 80.1736 16 0.00119966
600 0.0183854 0.0172714 0.00111399 0 0.939409 9.49561 8.79337 0.702246 0 -25.5183 -25.8562 32 933.882 84.642 19 0.000909021
700 0.0271729 0.0249605 0.00221242 0 0.91858 12.2295 11.2894 0.940074 0 -25.8415 -26.9643 32 1029.88 88.8861 22 0.00113457
800 0.0186923 0.017385 0.00130731 0 0.930062 14.1559 13.0279 1.12796 0 -25.9455 -26.6055 32 1157.88 94.248 26 0.000668652
900 0.0168376 0.0156023 0.00123528 0 0.926636 15.8362 14.5881 1.24803 0 -26.0905 -27.3125 32 1253.88 98.0773 29 0.000538011
1000 0.0358172 0.0340039 0.00181328 0 0.949374 19.3736 17.9885 1.38509 0 -26.3097 -27.2907 32 1349.88 101.763 32 0.00106262
1100 0.0379265 0.0362289 0.0016976 0 0.95524 23.1732 21.6114 1.56179 0 -26.6078 -28.1277 32 1445.88 105.319 35 0.00103511
1200 0.0276696 0.0260491 0.00162049 0 0.941434 25.9288 24.2163 1.71246 0 -26.8061 -28.4737 32 1541.88 108.759 38 0.000685503
1300 0.0254501 0.024018 0.00143207 0 0.94373 28.4884 26.6181 1.87029 0 -26.9751 -28.6869 32 1637.88 112.094 41 0.000585805
1400 0.0360596 0.0344023 0.0016573 0 0.95404 32.0799 30.0584 2.02156 0 -26.8973 -26.2806 32 1733.88 115.332 44 0.000781871
1500 0.0289161 0.0275903 0.00132577 0 0.954151 34.9914 32.8174 2.17397 0 -26.9001 -26.9304 32 1829.88 118.482 47 0.000587028
1600 0.0314597 0.0302001 0.0012596 0 0.959961 38.2022 35.8374 2.3648 0 -26.9042 -26.9498 32 1957.88 122.556 51 0.000592159
1700 0.0284848 0.0261897 0.00229507 0 0.919428 40.9417 38.4564 2.48531 0 -26.9078 -26.9577 32 2053.88 125.524 54 0.000484995
1800 0.0324914 0.031039 0.00145235 0 0.955301 44.2125 41.5603 2.65219 0 -27.0335 -28.6064 32 2149.88 128.424 57 0.000544544
1900 0.025972 0.0250337 0.000938335 0 0.963871 46.8382 44.0637 2.77454 0 -27.1632 -29.3482 32 2245.88 131.26 60 0.000417228
2000 0.0221781 0.0213882 0.000789847 0 0.964386 49.0688 46.2025 2.86632 0 -27.2559 -29.2027 32 2341.88 134.036 63 0.000339495
2100 0.0265338 0.0253233 0.00121058 0 0.954376 51.7745 48.7348 3.03969 0 -27.2777 -27.6731 32 2437.88 136.756 66 0.000383686
2200 0.0233275 0.022461 0.00086658 0 0.962852 54.1301 50.9809 3.14917 0 -27.3812 -29.6553 32 2533.88 139.423 69 0.000325521
2300 0.0503672 0.0480991 0.00226816 0 0.954968 59.1287 55.7908 3.3379 0 -27.1779 -24.9767 32 2629.88 142.039 72 0.000668043
2400 0.0680096 0.0649296 0.00307997 0 0.954713 65.9531 62.2838 3.66934 0 -26.9569 -25.0422 32 2757.88 145.455 76 0.000854337
2500 0.0530984 0.0494923 0.00360614 0 0.932086 71.2285 67.233 3.99549 0 -26.9446 -26.7902 32 2853.88 147.965 79 0.000626485
2600 0.0460696 0.0438243 0.00224523 0 0.951264 75.8459 71.6154 4.23051 0 -26.9925 -27.7312 32 2949.88 150.433 82 0.000534443
2700 0.0437283 0.0416767 0.00205151 0 0.953085 80.225 75.7831 4.44189 0 -27.0627 -28.2785 32 3045.88 152.861 85 0.000490315
2800 0.0480202 0.045642 0.00237815 0 0.950476 85.0828 80.3473 4.7355 0 -27.0748 -27.2757 32 3141.88 155.251 88 0.000518659
2900 0.0459586 0.0433003 0.0026583 0 0.942159 89.6902 84.6773 5.01285 0 -27.152 -28.5776 32 3237.88 157.605 91 0.000475828
3000 0.0364357 0.0346628 0.00177289 0 0.951342 93.3843 88.1436 5.24071 0 -27.215 -28.7433 32 3333.88 159.925 94 0.000368753
3100 0.0342804 0.032619 0.00166135 0 0.951537 96.8258 91.4055 5.42028 0 -27.2646 -28.6109 32 3429.88 162.211 97 0.000336279
3200 0.0357315 0.0344554 0.00127607 0 0.964287 100.442 94.8511 5.59097 0 -27.3382 -29.3097 32 3557.88 165.21 101 0.000341143
3300 0.0412469 0.03939 0.00185691 0 0.954981 104.555 98.7901 5.76471 0 -27.3616 -27.9329 32 3653.88 167.424 104 0.00037875
3400 0.0375644 0.0364112 0.00115321 0 0.9693 108.374 102.431 5.94273 0 -27.4245 -29.1455 32 3749.88 169.609 107 0.000340292
3500 0.0448138 0.0431226 0.00169113 0 0.962263 112.851 106.743 6.10796 0 -27.4963 -29.235 32 3845.88 171.766 110 0.000392024
3600 0.0351282 0.0337309 0.00139724 0 0.960225 116.365 110.117 6.24895 0 -27.5634 -29.7162 32 3941.88 173.897 113 0.000298504
3700 0.0428026 0.0408731 0.00192952 0 0.954921 120.669 114.204 6.46515 0 -27.6352 -29.5789 32 4037.88 176.002 116 0.000352354
3800 0.0556407 0.0529246 0.00271615 0 0.951184 126.246 119.496 6.74953 0 -27.5806 -26.3991 32 4133.88 178.082 119 0.000444744
3900 0.0518059 0.0491853 0.00262053 0 0.949416 131.449 124.415 7.03438 0 -27.5354 -26.4384 32 4229.88 180.138 122 0.000403158
4000 0.0427991 0.0409827 0.0018164 0 0.95756 135.793 128.513 7.2794 0 -27.538 -27.616 32 4357.88 182.843 126 0.000325259
4100 0.0358046 0.0343154 0.00148918 0 0.958408 139.384 131.945 7.43971 0 -27.563 -28.5087 32 4453.88 184.846 129 0.000266011
4200 0.0369859 0.034878 0.0021079 0 0.943008 143.007 135.432 7.57488 0 -27.5709 -27.8748 32 4549.88 186.827 132 0.000264227
4300 0.0614298 0.0590136 0.00241614 0 0.960668 149.16 141.334 7.82644 0 -27.5595 -27.2938 32 4645.88 188.788 135 0.000437138
4400 0.0471598 0.0451326 0.00202724 0 0.957013 153.916 145.847 8.06906 0 -27.5771 -28.1305 32 4741.88 190.728 138 0.000327048
4500 0.0401841 0.0386116 0.00157247 0 0.960868 157.948 149.708 8.23934 0 -27.6107 -28.8936 32 4837.88 192.649 141 0.000273841
4600 0.0363261 0.0350758 0.00125029 0 0.965581 161.599 153.216 8.38289 0 -27.6566 -29.6413 32 4933.88 194.551 144 0.000243582
4700 0.0377005 0.0360623 0.00163821 0 0.956547 165.435 156.822 8.61296 0 -27.692 -29.1823 32 5029.88 196.435 147 0.000245322
4800 0.0334219 0.0324163 0.00100563 0 0.969911 168.823 160.064 8.75966 0 -27.734 -29.7864 32 5157.88 198.919 151 0.000214677
4900 0.0389123 0.0372669 0.00164534 0 0.957717 172.697 163.79 8.90713 0 -27.7882 -30.1492 32 5253.88 200.761 154 0.000241993
5000 0.0353424 0.0338781 0.00146432 0 0.958568 176.181 167.178 9.00236 0 -27.8409 -30.4557 32 5349.88 202.587 157 0.000215784
5100 0.0316073 0.0309623 0.000644912 0 0.979596 179.364 170.274 9.08958 0 -27.9011 -31.2314 32 5445.88 204.397 160 0.000193515
5200 0.0422728 0.0412194 0.00105343 0 0.97508 183.612 174.396 9.21576 0 -27.9173 -28.6 32 5541.88 206.191 163 0.00025288
5300 0.0374956 0.0363171 0.00117844 0 0.968571 187.362 178.028 9.33367 0 -27.9643 -30.2688 32 5637.88 207.969 166 0.000218778
5400 0.0462812 0.044317 0.00196423 0 0.957559 191.969 182.46 9.50937 0 -28.0288 -30.6491 32 5733.88 209.732 169 0.00026223
5500 0.0425916 0.0412743 0.00131729 0 0.969072 196.265 186.587 9.67796 0 -28.0992 -31.2456 32 5829.88 211.48 172 0.000239967
5600 0.0594902 0.0564247 0.00306547 0 0.948471 202.117 192.23 9.88758 0 -28.15 -29.8539 32 5957.88 213.789 176 0.000320595
5700 0.0530188 0.0509477 0.00207109 0 0.960937 207.459 197.324 10.1343 0 -28.2046 -30.2699 32 6053.88 215.505 179 0.000284624
5800 0.0437441 0.0415845 0.00215956 0 0.950632 211.81 201.483 10.3269 0 -28.2475 -30.2954 32 6149.88 217.207 182 0.000228486
5900 0.0407738 0.0391741 0.00159973 0 0.960766 215.88 205.4 10.4793 0 -28.2962 -30.8319 32 6245.88 218.896 185 0.000211752
6000 0.0363808 0.0353142 0.00106664 0 0.970681 219.544 208.932 10.6123 0 -28.3436 -31.1343 32 6341.88 220.571 188 0.000187841
6100 0.0543428 0.0516181 0.00272467 0 0.949861 224.95 214.094 10.8565 0 -28.4035 -30.8362 32 6437.88 222.235 191 0.000270252
6200 0.0494991 0.047842 0.00165711 0 0.966523 229.953 218.878 11.0757 0 -28.4747 -31.6743 32 6533.88 223.885 194 0.000246608
6300 0.0400513 0.0385414 0.00150988 0 0.962301 233.973 222.732 11.2408 0 -28.5256 -31.4389 32 6629.88 225.524 197 0.000195642
6400 0.0379578 0.0367865 0.0011713 0 0.969142 237.818 226.41 11.4079 0 -28.5687 -31.1895 32 6757.88 227.691 201 0.000183017
6500 0.0630861 0.0606224 0.00246371 0 0.960947 244.141 232.473 11.668 0 -28.6036 -29.9187 32 6853.88 229.302 204 0.000297168
6600 0.0531762 0.0501056 0.00307056 0 0.942257 249.417 237.483 11.9337 0 -28.6466 -30.6341 32 6949.88 230.903 207 0.000242056
6700 0.0476731 0.044716 0.00295711 0 0.937971 254.179 241.955 12.2243 0 -28.6754 -30.1854 32 7045.88 232.492 210 0.000212933
6800 0.0424722 0.0405007 0.00197155 0 0.95358 258.473 246.005 12.4679 0 -28.7088 -30.6871 32 7141.88 234.07 213 0.000190144
6900 0.0557656 0.0512477 0.00451786 0 0.918985 263.864 251.13 12.7343 0 -28.712 -28.8636 32 7237.88 235.638 216 0.000237258
7000 0.0751972 0.0709037 0.00429351 0 0.942903 271.424 258.22 13.2039 0 -28.7234 -29.1216 32 7333.88 237.196 219 0.000323761
7100 0.0636158 0.0598101 0.00380571 0 0.940177 277.853 264.201 13.652 0 -28.7376 -29.3367 32 7429.88 238.743 222 0.000269415
7200 0.0501848 0.047673 0.00251177 0 0.949949 282.913 268.968 13.9446 0 -28.772 -30.6608 32 7557.88 240.791 226 0.000210942
7300 0.048745 0.0462349 0.00251006 0 0.948506 287.787 273.592 14.1953 0 -28.7965 -30.218 32 7653.88 242.315 229 0.000201899
7400 0.0501684 0.0474984 0.00267004 0 0.946778 292.789 278.342 14.4473 0 -28.8293 -30.7171 32 7749.88 243.83 232 0.000204734
7500 0.0533463 0.051154 0.00219228 0 0.958905 298.165 283.457 14.708 0 -28.8504 -29.9988 32 7845.88 245.336 235 0.000217677
7600 0.0530052 0.0509378 0.00206746 0 0.960995 303.498 288.551 14.9467 0 -28.8628 -29.5554 32 7941.88 246.832 238 0.000214024
7700 0.0533296 0.0508103 0.00251927 0 0.95276 308.834 293.632 15.2025 0 -28.8894 -30.4022 32 8037.88 248.32 241 0.000210831
7800 0.0521216 0.0500843 0.0020373 0 0.960913 314.061 298.64 15.4209 0 -28.9204 -30.753 32 8133.88 249.798 244 0.000205264
7900 0.0491286 0.04685 0.00227855 0 0.953621 318.927 303.325 15.6021 0 -28.9424 -30.3623 32 8229.88 251.268 247 0.000189676
8000 0.0425959 0.0413125 0.00128339 0 0.969871 323.227 307.457 15.7707 0 -28.9729 -31.234 32 8357.88 253.214 251 0.000164592
8100 0.0435353 0.0419971 0.00153826 0 0.964666 327.576 311.656 15.9196 0 -29.0046 -31.3596 32 8453.88 254.664 254 0.000165343
8200 0.0516154 0.0482931 0.00332238 0 0.935632 332.549 316.486 16.0629 0 -29.0114 -29.4644 32 8549.88 256.106 257 0.000187911
8300 0.0905004 0.08728 0.00322039 0 0.964416 341.651 325.214 16.4374 0 -29.0161 -29.1859 32 8645.88 257.54 260 0.000335692
8400 0.0614459 0.0594409 0.00200507 0 0.967369 347.9 331.158 16.7424 0 -29.0399 -30.3417 32 8741.88 258.966 263 0.000226011
8500 0.0539583 0.0515802 0.00237808 0 0.955927 353.267 336.316 16.9508 0 -29.0634 -30.5849 32 8837.88 260.384 266 0.00019391
8600 0.053627 0.0513358 0.00229123 0 0.957275 358.624 341.449 17.1746 0 -29.089 -30.7784 32 8933.88 261.794 269 0.000190839
8700 0.0539987 0.0517718 0.00222688 0 0.95876 364.059 346.627 17.4323 0 -29.1041 -30.0986 32 9029.88 263.197 272 0.000190338
8800 0.0490306 0.047577 0.00145359 0 0.970353 369 351.384 17.6159 0 -29.1297 -31.0223 32 9157.88 265.056 276 0.00017238
8900 0.0478423 0.0456974 0.00214497 0 0.955166 373.733 355.954 17.779 0 -29.152 -30.8901 32 9253.88 266.442 279 0.00016379
9000 0.0448783 0.042333 0.00254536 0 0.943283 378.152 360.187 17.9645 0 -29.1713 -30.7973 32 9349.88 267.82 282 0.000150117
9100 0.0383213 0.0369654 0.0013559 0 0.964617 382.013 363.884 18.1291 0 -29.1996 -31.9734 32 9445.88 269.191 285 0.000129703
9200 0.0460007 0.0448625 0.00113817 0 0.975257 386.691 368.37 18.321 0 -29.2349 -32.1209 32 9541.88 270.556 288 0.000155773
9300 0.0471594 0.0456568 0.00150257 0 0.968138 391.424 372.936 18.4882 0 -29.267 -31.8884 32 9637.88 271.914 291 0.000156896
9400 0.0457449 0.0441641 0.00158077 0 0.965444 396.035 377.352 18.6825 0 -29.2948 -31.6543 32 9733.88 273.264 294 0.000150218
9500 0.0374438 0.0365077 0.000936116 0 0.974999 399.82 381.003 18.8171 0 -29.3274 -32.7419 32 9829.88 274.609 297 0.000122921
9600 0.0372316 0.0365021 0.000729514 0 0.980406 403.563 384.653 18.9099 0 -29.362 -33.0525 32 9957.88 276.391 301 0.00012127
9700 0.039082 0.0373197 0.00176229 0 0.954908 407.372 388.385 18.9866 0 -29.3942 -32.8043 32 10053.9 277.72 304 0.000122762
9800 0.0404945 0.0396528 0.000841747 0 0.979213 411.437 392.35 19.0863 0 -29.432 -33.2225 32 10149.9 279.043 307 0.000129162
9900 0.0502568 0.0480006 0.00225617 0 0.955107 416.409 397.15 19.2584 0 -29.4403 -30.1241 32 10245.9 280.359 310 0.000154841
10000 0.0423773 0.0409205 0.00145676 0 0.965624 420.71 401.242 19.4675 0 -29.4672 -32.0761 32 10341.9 281.67 313 0.000130736
10100 0.0456147 0.0438373 0.00177733 0 0.961036 425.286 405.626 19.6602 0 -29.485 -31.125 32 10437.9 282.974 316 0.000138726
10200 0.0445249 0.0433777 0.00114724 0 0.974234 429.796 409.964 19.832 0 -29.5009 -30.9948 32 10533.9 284.272 319 0.00013598
10300 0.0401467 0.0387159 0.0014308 0 0.964361 433.824 413.836 19.9883 0 -29.5177 -31.3086 32 10629.9 285.565 322 0.000120236
10400 0.055981 0.0533467 0.00263433 0 0.952942 439.404 419.17 20.234 0 -29.5496 -32.0329 32 10757.9 287.279 326 0.00016364
10500 0.0569776 0.0524811 0.00449651 0 0.921083 444.932 424.418 20.5141 0 -29.569 -31.1115 32 10853.9 288.558 329 0.000159517
10600 0.0533156 0.0509237 0.00239197 0 0.955136 450.32 429.511 20.8097 0 -29.5936 -31.6208 32 10949.9 289.831 332 0.000153385
10700 0.0467495 0.0440362 0.00271336 0 0.94196 454.907 433.914 20.9925 0 -29.6149 -31.7069 32 11045.9 291.099 335 0.000131451
10800 0.0505655 0.0488579 0.00170763 0 0.966229 460.022 438.8 21.2219 0 -29.6453 -32.3534 32 11141.9 292.361 338 0.00014455
10900 0.0422254 0.0409809 0.00124451 0 0.970527 464.272 442.898 21.3738 0 -29.6718 -32.5392 32 11237.9 293.618 341 0.000120179
11000 0.0402534 0.0390934 0.00115999 0 0.971183 468.312 446.808 21.5044 0 -29.6998 -32.916 32 11333.9 294.869 344 0.000113644
11100 0.0475598 0.0463799 0.00117988 0 0.975192 473.042 451.446 21.5966 0 -29.7308 -32.7989 32 11429.9 296.115 347 0.00013366
11200 0.0463314 0.0455959 0.000735524 0 0.984125 477.719 456.005 21.7139 0 -29.7676 -33.4872 32 11557.9 297.769 351 0.000129903
11300 0.0682566 0.0656455 0.00261109 0 0.961746 484.497 462.57 21.9278 0 -29.7837 -30.923 32 11653.9 299.003 354 0.000185439
11400 0.0535236 0.0517877 0.00173591 0 0.967567 489.884 467.748 22.1357 0 -29.8039 -31.6178 32 11749.9 300.232 357 0.000145064
11500 0.0461767 0.0449197 0.00125701 0 0.972778 494.535 472.24 22.2942 0 -29.8289 -32.4575 32 11845.9 301.456 360 0.000124777
11600 0.0413109 0.0402965 0.00101432 0 0.975447 498.678 476.27 22.4076 0 -29.8563 -33.1275 32 11941.9 302.675 363 0.00011101
11700 0.0419419 0.0410049 0.00093697 0 0.97766 502.89 480.371 22.519 0 -29.8908 -33.9802 32 12037.9 303.889 366 0.000112035
11800 0.05047 0.0485142 0.00195575 0 0.961249 507.898 485.222 22.6761 0 -29.9078 -31.6146 32 12133.9 305.098 369 0.000131475
11900 0.0635904 0.0615191 0.00207137 0 0.967426 514.3 491.374 22.9263 0 -29.9249 -31.2846 32 12229.9 306.303 372 0.000165374
12000 0.0527363 0.0512904 0.00144593 0 0.972582 519.623 496.503 23.1199 0 -29.9535 -32.7162 32 12357.9 307.902 376 0.000136411
12100 0.0492343 0.0463644 0.00286993 0 0.941709 524.409 501.139 23.2699 0 -29.9619 -30.8719 32 12453.9 309.095 379 0.000122333
12200 0.0526815 0.0506388 0.0020427 0 0.961225 529.688 506.203 23.4844 0 -29.9743 -31.2033 32 12549.9 310.284 382 0.000132562
12300 0.0457108 0.0443231 0.00138767 0 0.969643 534.286 510.636 23.65 0 -29.9936 -32.215 32 12645.9 311.469 385 0.000115125
12400 0.0417239 0.0407123 0.00101163 0 0.975754 538.488 514.707 23.7813 0 -30.0166 -32.9468 32 12741.9 312.649 388 0.000104929
12500 0.0454182 0.0442534 0.00116482 0 0.974354 543.043 519.132 23.9104 0 -30.0386 -32.6414 32 12837.9 313.824 391 0.00011318
12600 0.0453758 0.0437811 0.00159463 0 0.964857 547.56 523.51 24.0502 0 -30.0608 -32.728 32 12933.9 314.996 394 0.00011112
12700 0.0452733 0.0441366 0.00113673 0 0.974892 552.122 527.924 24.1982 0 -30.0868 -33.2048 32 13029.9 316.162 397 0.000111175
12800 0.0394483 0.0384146 0.00103369 0 0.973796 556.081 531.765 24.3155 0 -30.1134 -33.8245 32 13157.9 317.712 401 9.57971e-05
12900 0.039748 0.0385175 0.00123048 0 0.969043 560.026 535.617 24.4087 0 -30.1339 -33.0296 32 13253.9 318.868 404 9.53403e-05
13000 0.0394597 0.0382159 0.00124375 0 0.96848 563.941 539.439 24.5025 0 -30.1537 -32.9761 32 13349.9 320.021 407 9.38966e-05
13100 0.0379731 0.0368179 0.00115514 0 0.96958 567.707 543.12 24.5866 0 -30.1742 -33.2421 32 13445.9 321.17 410 8.97999e-05
13200 0.0475597 0.0460036 0.00155614 0 0.96728 572.404 547.721 24.6831 0 -30.1789 -30.7574 32 13541.9 322.314 413 0.000111389
13300 0.0531297 0.0518664 0.00126329 0 0.976223 577.748 552.908 24.8401 0 -30.1761 -29.874 32 13637.9 323.455 416 0.000124679
13400 0.0574258 0.0553871 0.00203872 0 0.964498 583.482 558.446 25.0355 0 -30.186 -31.1848 32 13733.9 324.591 419 0.000132189
13500 0.0452334 0.0438062 0.00142728 0 0.968446 588.039 562.827 25.2119 0 -30.2009 -32.1076 32 13829.9 325.724 422 0.000103806
13600 0.0407954 0.0395635 0.0012319 0 0.969803 592.145 566.783 25.3623 0 -30.2182 -32.689 32 13957.9 327.228 426 9.28721e-05
13700 0.0424605 0.040399 0.00206148 0 0.951449 596.325 570.823 25.5021 0 -30.2267 -31.4389 32 14053.9 328.351 429 9.41703e-05
13800 0.0431821 0.0412547 0.00192742 0 0.955365 600.646 574.949 25.6979 0 -30.2415 -32.2831 32 14149.9 329.47 432 9.5497e-05
13900 0.0519623 0.0497377 0.00222465 0 0.957187 605.817 579.922 25.8945 0 -30.2651 -33.0004 32 14245.9 330.586 435 0.00011434
14000 0.0561169 0.054346 0.00177096 0 0.968442 611.478 585.357 26.1213 0 -30.2812 -32.0035 32 14341.9 331.698 438 0.000124078
14100 0.0508478 0.0486281 0.00221971 0 0.956346 616.52 590.22 26.3 0 -30.2909 -31.4641 32 14437.9 332.807 441 0.000110268
14200 0.0469932 0.0460802 0.000913034 0 0.980571 621.294 594.828 26.4658 0 -30.3062 -32.2858 32 14533.9 333.911 444 0.000103784
14300 0.0398144 0.0391665 0.000647921 0 0.983726 625.297 598.744 26.5527 0 -30.3262 -33.427 32 14629.9 335.012 447 8.76208e-05
14400 0.0362891 0.0359094 0.000379758 0 0.989535 628.953 602.335 26.6179 0 -30.3472 -33.9485 32 14757.9 336.474 451 7.96216e-05
14500 0.05158 0.047693 0.00388698 0 0.924642 633.801 607.105 26.6969 0 -30.3463 -30.2267 32 14853.9 337.567 454 0.000105051
14600 0.0640494 0.0626476 0.0014018 0 0.978114 640.236 613.369 26.8664 0 -30.3444 -30.1607 32 14949.9 338.656 457 0.000137084
14700 0.0501373 0.0486684 0.00146887 0 0.970703 645.258 618.236 27.0219 0 -30.3553 -31.7437 32 15045.9 339.742 460 0.000105801
14800 0.0465845 0.0451513 0.00143315 0 0.969236 649.92 622.751 27.1688 0 -30.3678 -32.0924 32 15141.9 340.824 463 9.75191e-05
14900 0.0496925 0.0479093 0.00178326 0 0.964114 654.9 627.542 27.3579 0 -30.3808 -32.0778 32 15237.9 341.903 466 0.00010281
15000 0.0437186 0.0422584 0.00146018 0 0.966601 659.297 631.768 27.5288 0 -30.3949 -32.4988 32 15333.9 342.978 469 9.01032e-05
15100 0.0578527 0.0553595 0.00249322 0 0.956904 665.026 637.304 27.7223 0 -30.4078 -31.8873 32 15429.9 344.05 472 0.000117287
15200 0.0629942 0.0606826 0.00231156 0 0.963305 671.407 643.372 28.0344 0 -30.4162 -31.2898 32 15557.9 345.474 476 0.000127485
15300 0.0598883 0.0569186 0.00296966 0 0.950413 677.411 649.064 28.3466 0 -30.4139 -30.1624 32 15653.9 346.538 479 0.000118828
15400 0.0469988 0.0450752 0.00192359 0 0.959071 682.139 653.572 28.567 0 -30.4227 -31.6871 32 15749.9 347.599 482 9.3517e-05
15500 0.0587509 0.0564003 0.00235059 0 0.959991 688.008 659.212 28.7966 0 -30.4216 -30.2868 32 15845.9 348.657 485 0.000116289
15600 0.0529934 0.0510534 0.00194 0 0.963392 693.343 664.317 29.0262 0 -30.4271 -31.1361 32 15941.9 349.711 488 0.000104618
15700 0.0546024 0.0522717 0.00233072 0 0.957315 698.824 669.544 29.28 0 -30.4235 -29.9726 32 16037.9 350.763 491 0.00010646
15800 0.0610955 0.0583681 0.00272742 0 0.955358 704.913 675.381 29.5318 0 -30.4187 -29.8718 32 16133.9 351.811 494 0.000118154
15900 0.054568 0.0527193 0.00184871 0 0.966121 710.419 680.653 29.7656 0 -30.4188 -30.4332 32 16229.9 352.856 497 0.000106075
16000 0.046823 0.0456422 0.00118087 0 0.97478 715.162 685.217 29.9444 0 -30.4276 -31.7388 32 16357.9 354.245 501 9.11021e-05
16100 0.0431948 0.0417807 0.0014141 0 0.967262 719.453 689.395 30.0577 0 -30.4357 -31.7935 32 16453.9 355.283 504 8.28982e-05
16200 0.0447344 0.0428989 0.00183557 0 0.958967 723.865 693.685 30.1794 0 -30.4422 -31.4925 32 16549.9 356.318 507 8.46131e-05
16300 0.0403253 0.0393413 0.000984005 0 0.975598 727.888 697.619 30.2687 0 -30.453 -32.3969 32 16645.9 357.35 510 7.71399e-05
16400 0.0394642 0.0383899 0.00107432 0 0.972777 731.832 701.458 30.3733 0 -30.463 -32.3184 32 16741.9 358.379 513 7.4834e-05
16500 0.04218 0.0404806 0.00169942 0 0.95971 736.022 705.506 30.5156 0 -30.4683 -31.3824 32 16837.9 359.405 516 7.84507e-05
16600 0.0489303 0.0469824 0.00194787 0 0.960191 740.899 710.205 30.6946 0 -30.4695 -30.661 32 16933.9 360.428 519 9.05248e-05
16700 0.0446035 0.0433 0.00130352 0 0.970775 745.398 714.535 30.8632 0 -30.4743 -31.2648 32 17029.9 361.448 522 8.29502e-05
16800 0.0423928 0.0413364 0.00105641 0 0.97508 749.661 718.668 30.9932 0 -30.4851 -32.3695 32 17157.9 362.804 526 7.85864e-05
16900 0.0667442 0.0642925 0.00245169 0 0.963267 756.369 725.097 31.2716 0 -30.4856 -30.5364 32 17253.9 363.817 529 0.000121536
17000 0.0637361 0.0604129 0.00332322 0 0.94786 762.678 731.139 31.5389 0 -30.4801 -29.8282 32 17349.9 364.828 532 0.000113558
17100 0.0658113 0.0632294 0.00258191 0 0.960768 769.317 737.462 31.8549 0 -30.4753 -29.9155 32 17445.9 365.836 535 0.000118186
17200 0.0534243 0.0517985 0.00162584 0 0.969567 774.708 742.642 32.0664 0 -30.4814 -31.3618 32 17541.9 366.841 538 9.62797e-05
17300 0.0461317 0.0450206 0.00111108 0 0.975915 779.348 747.144 32.2046 0 -30.4922 -32.2893 32 17637.9 367.844 541 8.32174e-05
17400 0.0472852 0.0461747 0.0011105 0 0.976515 784.087 751.761 32.3258 0 -30.5023 -32.1627 32 17733.9 368.843 544 8.48799e-05
17500 0.0494112 0.0476623 0.00174889 0 0.964605 789.017 756.527 32.4899 0 -30.5152 -32.5706 32 17829.9 369.84 547 8.7134e-05
17600 0.0485525 0.0471746 0.00137799 0 0.971619 793.933 761.245 32.6886 0 -30.5306 -32.9954 32 17957.9 371.166 551 8.56163e-05
17700 0.0446617 0.0434678 0.00119389 0 0.973268 798.429 765.592 32.8372 0 -30.5424 -32.6324 32 18053.9 372.156 554 7.84617e-05
17800 0.0428225 0.0419428 0.000879724 0 0.979456 802.714 769.786 32.9283 0 -30.5541 -32.7298 32 18149.9 373.144 557 7.53012e-05
17900 0.036961 0.036553 0.000408012 0 0.988961 806.419 773.441 32.978 0 -30.568 -33.5891 32 18245.9 374.13 560 6.52732e-05
18000 0.0397496 0.0385334 0.00121623 0 0.969403 810.414 777.294 33.1193 0 -30.5785 -32.6903 32 18341.9 375.113 563 6.8443e-05
18100 0.0410472 0.0391824 0.00186483 0 0.954569 814.475 781.213 33.2628 0 -30.5846 -31.8093 32 18437.9 376.093 566 6.92268e-05
18200 0.0456873 0.0437858 0.00190146 0 0.958381 819.045 785.591 33.4534 0 -30.5907 -31.6687 32 18533.9 377.071 569 7.69522e-05
18300 0.0404695 0.0391529 0.00131661 0 0.967467 823.12 789.507 33.6132 0 -30.599 -32.2791 32 18629.9 378.046 572 6.84491e-05
18400 0.0359516 0.0351401 0.000811505 0 0.977428 826.75 793.021 33.7298 0 -30.6095 -32.9887 32 18757.9 379.343 576 6.10071e-05
18500 0.0363656 0.0352228 0.00114283 0 0.968574 830.38 796.543 33.8367 0 -30.6178 -32.4945 32 18853.9 380.312 579 6.08338e-05
18600 0.0388634 0.0375027 0.00136072 0 0.964987 834.253 800.293 33.96 0 -30.6278 -32.7866 32 18949.9 381.279 582 6.44376e-05
18700 0.0416073 0.040614 0.000993252 0 0.976128 838.445 804.355 34.0902 0 -30.6438 -33.8289 32 19045.9 382.244 585 6.94257e-05
18800 0.0454851 0.0437578 0.00172726 0 0.962026 842.951 808.73 34.2206 0 -30.6509 -31.9586 32 19141.9 383.206 588 7.44181e-05
18900 0.0486219 0.0472219 0.00140006 0 0.971205 847.85 813.452 34.3972 0 -30.6568 -31.6778 32 19237.9 384.166 591 7.99016e-05
19000 0.0499362 0.0481202 0.00181605 0 0.963633 852.836 818.265 34.5712 0 -30.656 -30.5188 32 19333.9 385.123 594 8.10104e-05
19100 0.0480452 0.0463089 0.0017363 0 0.963861 857.624 822.895 34.7284 0 -30.6615 -31.6322 32 19429.9 386.078 597 7.75694e-05
19200 0.052774 0.0512389 0.00153514 0 0.970911 862.936 828.019 34.917 0 -30.6665 -31.4738 32 19557.9 387.348 601 8.5256e-05
19300 0.0592216 0.0575272 0.00169438 0 0.971389 868.878 833.772 35.1058 0 -30.661 -29.8682 32 19653.9 388.297 604 9.52437e-05
19400 0.0448898 0.0437249 0.00116488 0 0.97405 873.383 838.145 35.2382 0 -30.665 -31.4438 32 19749.9 389.244 607 7.20345e-05
19500 0.0471552 0.0455574 0.0015978 0 0.966116 878.089 842.7 35.389 0 -30.6664 -30.9272 32 19845.9 390.189 610 7.46843e-05
19600 0.0429221 0.0422131 0.000708968 0 0.983482 882.421 846.922 35.4995 0 -30.6742 -32.2402 32 19941.9 391.132 613 6.88631e-05
19700 0.045684 0.0445541 0.0011299 0 0.975267 886.985 851.377 35.6081 0 -30.6769 -31.2138 32 20037.9 392.072 616 7.23281e-05
19800 0.0418586 0.0409921 0.000866481 0 0.9793 891.205 855.476 35.7287 0 -30.684 -32.1646 32 20133.9 393.01 619 6.62231e-05
19900 0.0381135 0.0372931 0.000820439 0 0.978474 895.017 859.205 35.8114 0 -30.6936 -32.9332 32 20229.9 393.946 622 5.99567e-05
20000 0.0348354 0.0343917 0.000443769 0 0.987261 898.518 862.645 35.8737 0 -30.7052 -33.6898 32 20357.9 395.19 626 5.49387e-05
