100 0.325731 0.2925 0.0332312 0 0.89798 31.1171 29.25 1.86712 0 -25.6559 -25.6559 1 426.882 57.2261 101 0.00289604
200 0.490715 0.450344 0.040371 0 0.91773 79.8099 74.2844 5.52544 0 -26.1393 -26.4482 1 526.882 63.5765 201 0.00224052
300 0.57365 0.526151 0.0474991 0 0.917199 136.836 126.9 9.93622 0 -26.4705 -26.934 1 626.882 69.3478 301 0.00174801
400 0.686162 0.629264 0.0568979 0 0.917078 204.892 189.826 15.0656 0 -26.6232 -26.9303 1 726.882 74.6744 401 0.00156924
500 0.784297 0.727183 0.0571148 0 0.927177 283.432 262.544 20.8876 0 -26.8344 -27.3853 1 826.882 79.6456 501 0.00145146
600 0.81989 0.764066 0.0558235 0 0.931913 365.537 338.951 26.5861 0 -26.9999 -27.5711 1 926.882 84.3242 601 0.00127132
700 0.799361 0.744499 0.0548615 0 0.931368 445.516 413.401 32.1151 0 -27.219 -28.2206 1 1026.88 88.7565 701 0.00106205
800 0.890256 0.834406 0.0558497 0 0.937266 534.547 496.841 37.7058 0 -27.4338 -28.5085 1 1126.88 92.9778 801 0.00104171
900 0.954759 0.893481 0.0612776 0 0.935819 629.892 586.189 43.7023 0 -27.5782 -28.3881 1 1226.88 97.0156 901 0.000991655
1000 0.944099 0.887418 0.0566809 0 0.939963 724.526 674.931 49.5951 0 -27.7587 -28.9595 1 1326.88 100.892 1001 0.000886532
1100 0.947134 0.888495 0.0586388 0 0.938088 819.089 763.781 55.3085 0 -27.8873 -28.8728 1 1426.88 104.625 1101 0.000806989
1200 0.996163 0.935177 0.0609857 0 0.938779 918.475 857.299 61.1767 0 -27.9459 -28.4287 1 1526.88 108.229 1201 0.000778665
1300 1.00744 0.941635 0.0658067 0 0.934679 1018.56 951.462 67.0971 0 -28.0004 -28.5013 1 1626.88 111.717 1301 0.000723778
1400 1.02753 0.968626 0.0589002 0 0.942678 1121.37 1048.32 73.043 0 -28.0474 -28.5129 1 1726.88 115.099 1401 0.000691382
1500 1.09374 1.03527 0.0584674 0 0.946544 1230.75 1151.85 78.9013 0 -28.0995 -28.6334 1 1826.88 118.385 1501 0.000689722
1600 1.05398 0.996226 0.0577551 0 0.945203 1336.21 1251.47 84.7371 0 -28.1761 -29.0703 1 1926.88 121.582 1601 0.000622252
1700 1.0265 0.973672 0.0528257 0 0.948538 1438.9 1348.84 90.0627 0 -28.2575 -29.316 1 2026.88 124.696 1701 0.000572412
1800 1.17791 1.11526 0.0626458 0 0.946816 1556.42 1460.37 96.0539 0 -28.3057 -28.8957 1 2126.88 127.736 1801 0.000619245
1900 1.1783 1.11019 0.0681089 0 0.942197 1674.03 1571.39 102.642 0 -28.339 -28.7799 1 2226.88 130.704 1901 0.000584004
2000 1.14265 1.08131 0.0613467 0 0.946312 1788.59 1679.52 109.071 0 -28.3817 -29.0062 1 2326.88 133.606 2001 0.000540383
2100 1.2652 1.19415 0.0710514 0 0.943842 1914.74 1798.93 115.812 0 -28.3965 -28.6066 1 2426.88 136.447 2101 0.000568373
2200 1.29467 1.22549 0.0691883 0 0.946559 2044.4 1921.48 122.923 0 -28.4289 -28.9076 1 2526.88 139.23 2201 0.000556786
2300 1.28276 1.21795 0.0648036 0 0.949481 2172.9 2043.28 129.626 0 -28.4521 -28.8212 1 2626.88 141.958 2301 0.000529315
2400 1.30714 1.23681 0.07033 0 0.946195 2303.31 2166.96 136.355 0 -28.4735 -28.829 1 2726.88 144.635 2401 0.000515123
2500 1.26769 1.20585 0.061839 0 0.951219 2430.46 2287.54 142.921 0 -28.5197 -29.356 1 2826.88 147.263 2501 0.000482149
2600 1.23772 1.17018 0.0675333 0 0.945437 2553.74 2404.56 149.18 0 -28.56 -29.355 1 2926.88 149.845 2601 0.000449897
2700 1.24089 1.18043 0.0604653 0 0.951273 2677.9 2522.6 155.298 0 -28.607 -29.5736 1 3026.88 152.383 2701 0.000437033
2800 1.24515 1.18281 0.0623467 0 0.949929 2802.04 2640.88 161.151 0 -28.6485 -29.5452 1 3126.88 154.88 2801 0.000422281
2900 1.23651 1.17833 0.0581805 0 0.952948 2925.74 2758.72 167.026 0 -28.6932 -29.7041 1 3226.88 157.337 2901 0.000406181
3000 1.31811 1.2563 0.0618098 0 0.953107 3057.5 2884.35 173.147 0 -28.7316 -29.585 1 3326.88 159.757 3001 0.000418626
3100 1.30181 1.239 0.0628134 0 0.951749 3187.77 3008.25 179.52 0 -28.7696 -29.6618 1 3426.88 162.14 3101 0.000399548
3200 1.24753 1.18904 0.0584905 0 0.953115 3312.28 3127.15 185.128 0 -28.7961 -29.4745 1 3526.88 164.488 3201 0.00037146
3300 1.33994 1.28106 0.0588789 0 0.956059 3446.16 3255.26 190.902 0 -28.8197 -29.4038 1 3626.88 166.804 3301 0.000388083
3400 1.28829 1.23484 0.0534536 0 0.958508 3575.45 3378.74 196.709 0 -28.8529 -29.7387 1 3726.88 169.088 3401 0.000363082
3500 1.27016 1.21333 0.0568261 0 0.955261 3702.19 3500.08 202.114 0 -28.8791 -29.6172 1 3826.88 171.342 3501 0.000346567
3600 1.30079 1.24372 0.05707 0 0.956127 3832.23 3624.45 207.784 0 -28.9104 -29.8024 1 3926.88 173.566 3601 0.000345381
3700 1.33235 1.26952 0.0628329 0 0.952841 3965.1 3751.4 213.699 0 -28.9316 -29.5407 1 4026.88 175.762 3701 0.00034302
3800 1.32439 1.26191 0.0624749 0 0.952827 4097.59 3877.59 219.999 0 -28.9563 -29.6981 1 4126.88 177.931 3801 0.000331994
3900 1.34867 1.2855 0.0631745 0 0.953158 4232.58 4006.14 226.442 0 -28.9811 -29.7341 1 4226.88 180.074 3901 0.00032953
4000 1.3853 1.32441 0.0608901 0 0.956045 4371.62 4138.58 233.039 0 -29.0182 -30.1464 1 4326.88 182.191 4001 0.000331019
4100 1.34125 1.28084 0.0604116 0 0.954959 4505.93 4266.66 239.264 0 -29.057 -30.3182 1 4426.88 184.285 4101 0.000312323
4200 1.36129 1.30258 0.0587124 0 0.95687 4642.3 4396.92 245.378 0 -29.0843 -29.9895 1 4526.88 186.354 4201 0.000310064
4300 1.29834 1.24644 0.0518985 0 0.960027 4772.66 4521.57 251.097 0 -29.1176 -30.3019 1 4626.88 188.401 4301 0.000289803
4400 1.3496 1.29339 0.0562035 0 0.958355 4907.55 4650.91 256.641 0 -29.1517 -30.3595 1 4726.88 190.427 4401 0.000293887
4500 1.3308 1.27207 0.0587284 0 0.95587 5040.34 4778.11 262.224 0 -29.1824 -30.3174 1 4826.88 192.43 4501 0.000282619
4600 1.42636 1.36841 0.0579496 0 0.959372 5183.22 4914.95 268.268 0 -29.2067 -30.0639 1 4926.88 194.413 4601 0.000297417
4700 1.3732 1.31317 0.0600255 0 0.956288 5320.57 5046.27 274.302 0 -29.2291 -30.0717 1 5026.88 196.376 4701 0.000279339
4800 1.34618 1.28883 0.0573507 0 0.957397 5455.34 5175.15 280.182 0 -29.2571 -30.3625 1 5126.88 198.32 4801 0.00026845
4900 1.38599 1.32874 0.0572554 0 0.95869 5594.19 5308.03 286.158 0 -29.2763 -30.0296 1 5226.88 200.245 4901 0.000271115
5000 1.31865 1.26578 0.0528669 0 0.959908 5726.17 5434.61 291.569 0 -29.3017 -30.3783 1 5326.88 202.151 5001 0.000253106
5100 1.39463 1.33627 0.0583607 0 0.958153 5865.6 5568.23 297.37 0 -29.3215 -30.1348 1 5426.88 204.04 5101 0.000261962
5200 1.36442 1.30733 0.0570912 0 0.958157 6002.07 5698.97 303.107 0 -29.3445 -30.3327 1 5526.88 205.911 5201 0.000251362
5300 1.36269 1.31134 0.0513458 0 0.96232 6138.85 5830.1 308.747 0 -29.3696 -30.4732 1 5626.88 207.766 5301 0.000247376
5400 1.34748 1.29429 0.0531903 0 0.960526 6273.74 5959.53 314.211 0 -29.3937 -30.4911 1 5726.88 209.604 5401 0.000239639
5500 1.33466 1.27743 0.0572281 0 0.957122 6406.73 6087.27 319.459 0 -29.4136 -30.3527 1 5826.88 211.426 5501 0.000232218
5600 1.44146 1.38334 0.0581161 0 0.959682 6550.86 6225.61 325.255 0 -29.4364 -30.4472 1 5926.88 213.232 5601 0.000246982
5700 1.43571 1.3756 0.0601084 0 0.958133 6694.52 6363.17 331.354 0 -29.4625 -30.6542 1 6026.88 215.024 5701 0.000241291
5800 1.36969 1.31432 0.0553725 0 0.959573 6831.69 6494.6 337.092 0 -29.493 -30.9813 1 6126.88 216.8 5801 0.000226567
5900 1.48257 1.41918 0.0633924 0 0.957241 6979.76 6636.52 343.243 0 -29.5115 -30.3644 1 6226.88 218.562 5901 0.000240497
6000 1.4465 1.38663 0.0598753 0 0.958607 7124.59 6775.18 349.415 0 -29.5348 -30.6572 1 6326.88 220.31 6001 0.000231066
6100 1.45943 1.39761 0.0618111 0 0.957647 7270.41 6914.94 355.467 0 -29.558 -30.6927 1 6426.88 222.045 6101 0.00022908
6200 1.47623 1.41727 0.0589597 0 0.960061 7418.34 7056.67 361.675 0 -29.5804 -30.6803 1 6526.88 223.765 6201 0.000228555
6300 1.51241 1.44972 0.062699 0 0.958544 7569.56 7201.64 367.925 0 -29.5922 -30.1744 1 6626.88 225.473 6301 0.000230077
6400 1.49597 1.43218 0.0637911 0 0.957358 7719.36 7344.86 374.502 0 -29.6057 -30.2882 1 6726.88 227.168 6401 0.000223743
6500 1.43938 1.38203 0.0573481 0 0.960158 7863.73 7483.06 380.672 0 -29.6197 -30.366 1 6826.88 228.85 6501 0.000212588
6600 1.47758 1.41694 0.0606473 0 0.958955 8011.6 7624.75 386.846 0 -29.6347 -30.4323 1 6926.88 230.52 6601 0.000214655
6700 1.52814 1.46589 0.0622479 0 0.959266 8164.53 7771.34 393.191 0 -29.6489 -30.3909 1 7026.88 232.178 6701 0.000218757
6800 1.47758 1.42114 0.0564374 0 0.961804 8312.69 7913.46 399.23 0 -29.6706 -30.8659 1 7126.88 233.824 6801 0.000208961
6900 1.4602 1.40469 0.0555078 0 0.961986 8458.68 8053.93 404.754 0 -29.6845 -30.4767 1 7226.88 235.459 6901 0.000203549
7000 1.50476 1.44899 0.0557757 0 0.962934 8609.29 8198.82 410.463 0 -29.6999 -30.5639 1 7326.88 237.083 7001 0.000206969
7100 1.46971 1.41664 0.0530759 0 0.963887 8756.5 8340.49 416.008 0 -29.721 -30.9556 1 7426.88 238.695 7101 0.000199498
7200 1.47907 1.42051 0.0585546 0 0.960411 8904.09 8482.54 421.554 0 -29.7359 -30.6225 1 7526.88 240.297 7201 0.000197266
7300 1.50881 1.45032 0.0584899 0 0.961235 9054.94 8627.57 427.372 0 -29.7504 -30.6069 1 7626.88 241.888 7301 0.000198647
7400 1.48962 1.43426 0.0553597 0 0.962836 9203.99 8771 432.988 0 -29.7661 -30.7186 1 7726.88 243.468 7401 0.000193793
7500 1.48054 1.42235 0.0581861 0 0.960699 9351.69 8913.23 438.461 0 -29.7818 -30.7575 1 7826.88 245.039 7501 0.000189621
7600 1.50007 1.44258 0.0574826 0 0.96168 9501.7 9057.49 444.209 0 -29.7961 -30.6888 1 7926.88 246.599 7601 0.000189789
7700 1.53329 1.47412 0.0591693 0 0.96141 9654.98 9204.9 450.082 0 -29.8114 -30.7636 1 8026.88 248.15 7701 0.000191419
7800 1.48973 1.43578 0.0539505 0 0.963785 9804.27 9348.48 455.792 0 -29.8295 -30.9984 1 8126.88 249.691 7801 0.000184051
7900 1.49907 1.44289 0.0561793 0 0.962524 9954.16 9492.77 461.395 0 -29.8467 -30.9691 1 8226.88 251.222 7901 0.000182621
8000 1.52997 1.46983 0.0601354 0 0.960695 10107 9639.75 467.285 0 -29.8607 -30.7718 1 8326.88 252.744 8001 0.000183706
8100 1.51352 1.45424 0.0592843 0 0.96083 10258.4 9785.18 473.182 0 -29.8748 -30.8222 1 8426.88 254.257 8101 0.000179513
8200 1.57876 1.51611 0.0626487 0 0.960318 10416.2 9936.79 479.37 0 -29.8876 -30.7166 1 8526.88 255.762 8201 0.000184869
8300 1.62029 1.55519 0.0650931 0 0.959826 10577.9 10092.3 485.632 0 -29.8973 -30.523 1 8626.88 257.257 8301 0.00018735
8400 1.55471 1.49496 0.0597531 0 0.961566 10733.8 10241.8 492.045 0 -29.9114 -30.8664 1 8726.88 258.744 8401 0.00017795
8500 1.71913 1.6499 0.0692307 0 0.959729 10905.8 10406.8 499.008 0 -29.92 -30.4563 1 8826.88 260.222 8501 0.000194082
8600 1.55223 1.49316 0.059075 0 0.961942 11061.4 10556.1 505.302 0 -29.9328 -30.8294 1 8926.88 261.692 8601 0.000173603
8700 1.56581 1.50296 0.0628561 0 0.959857 11217.8 10706.4 511.428 0 -29.9459 -30.8721 1 9026.88 263.153 8701 0.000172734
8800 1.6341 1.57167 0.0624349 0 0.961793 11381.3 10863.6 517.769 0 -29.9583 -30.8136 1 9126.88 264.607 8801 0.000178578
8900 1.56584 1.50464 0.0612022 0 0.960914 11538 11014 524 0 -29.9703 -30.8419 1 9226.88 266.053 8901 0.000169041
9000 1.54758 1.49125 0.0563288 0 0.963602 11693.3 11163.2 530.129 0 -29.983 -30.9226 1 9326.88 267.49 9001 0.000165676
9100 1.53807 1.48068 0.0573923 0 0.962686 11847.1 11311.2 535.912 0 -29.9966 -31.035 1 9426.88 268.921 9101 0.000162694
9200 1.46988 1.42307 0.0468186 0 0.968148 11994.6 11453.5 541.07 0 -30.0122 -31.2623 1 9526.88 270.343 9201 0.000154664
9300 1.44212 1.39127 0.0508457 0 0.964742 12138.5 11592.7 545.886 0 -30.03 -31.5121 1 9626.88 271.758 9301 0.000149583
9400 1.4677 1.41956 0.048135 0 0.967204 12285.7 11734.6 551.057 0 -30.046 -31.3683 1 9726.88 273.166 9401 0.000151001
9500 1.56975 1.50681 0.0629362 0 0.959907 12441.9 11885.3 556.558 0 -30.0573 -30.9461 1 9826.88 274.567 9501 0.000158595
9600 1.59676 1.53802 0.058739 0 0.963214 12601.8 12039.1 562.736 0 -30.0686 -30.9443 1 9926.88 275.96 9601 0.000160194
9700 1.62193 1.56029 0.0616491 0 0.96199 12764.1 12195.1 568.96 0 -30.0779 -30.8003 1 10026.9 277.347 9701 0.000160838
9800 1.60291 1.54081 0.0621012 0 0.961257 12924.5 12349.2 575.246 0 -30.0872 -30.8268 1 10126.9 278.726 9801 0.00015721
9900 1.63978 1.57685 0.0629229 0 0.961627 13088.3 12506.9 581.424 0 -30.0991 -31.0382 1 10226.9 280.099 9901 0.000159262
10000 1.55514 1.49654 0.0585975 0 0.96232 13244.1 12656.5 587.511 0 -30.1119 -31.1931 1 10326.9 281.465 10001 0.000149639
10100 1.54713 1.48946 0.0576638 0 0.962728 13398.9 12805.5 593.395 0 -30.1239 -31.1483 1 10426.9 282.825 10101 0.000147457
10200 1.57256 1.5207 0.0518566 0 0.967024 13556.8 12957.6 599.231 0 -30.1381 -31.3387 1 10526.9 284.178 10201 0.000149074
10300 1.48124 1.43027 0.0509639 0 0.965594 13705 13100.6 604.358 0 -30.1518 -31.4037 1 10626.9 285.524 10301 0.000138848
10400 1.55688 1.49797 0.058911 0 0.962161 13860.1 13250.4 609.718 0 -30.1629 -31.1519 1 10726.9 286.865 10401 0.000144021
10500 1.53573 1.48327 0.0524596 0 0.965841 14013.7 13398.7 615.001 0 -30.1756 -31.3129 1 10826.9 288.199 10501 0.00014125
10600 1.54056 1.4901 0.0504591 0 0.967246 14168.1 13547.7 620.324 0 -30.1874 -31.2597 1 10926.9 289.526 10601 0.000140562
10700 1.52112 1.46979 0.0513256 0 0.966258 14320.3 13694.7 625.581 0 -30.2003 -31.4028 1 11026.9 290.848 10701 0.000137351
10800 1.52125 1.46425 0.0569982 0 0.962532 14472.1 13841.1 631.002 0 -30.2105 -31.1733 1 11126.9 292.164 10801 0.000135566
10900 1.52175 1.46434 0.0574097 0 0.962274 14624.1 13987.6 636.575 0 -30.221 -31.2257 1 11226.9 293.474 10901 0.000134331
11000 1.54833 1.48988 0.0584544 0 0.962247 14778.9 14136.6 642.368 0 -30.2334 -31.4023 1 11326.9 294.778 11001 0.000135431
11100 1.55826 1.50355 0.0547053 0 0.964893 14935.2 14286.9 648.308 0 -30.2461 -31.4437 1 11426.9 296.076 11101 0.000135443
11200 1.5679 1.51014 0.057762 0 0.96316 15092 14437.9 654.111 0 -30.2585 -31.4423 1 11526.9 297.369 11201 0.000134821
11300 1.59857 1.53648 0.0620885 0 0.96116 15251.7 14591.6 660.096 0 -30.2679 -31.1573 1 11626.9 298.656 11301 0.00013596
11400 1.65541 1.58934 0.0660694 0 0.960089 15417.3 14750.5 666.784 0 -30.2753 -30.9545 1 11726.9 299.938 11401 0.000139404
11500 1.67075 1.60933 0.0614128 0 0.963242 15585 14911.4 673.529 0 -30.2846 -31.1447 1 11826.9 301.214 11501 0.00013993
11600 1.54224 1.48287 0.0593726 0 0.961502 15739.3 15059.7 679.611 0 -30.2962 -31.4667 1 11926.9 302.485 11601 0.000127822
11700 1.52631 1.47554 0.0507669 0 0.966739 15892.5 15207.3 685.217 0 -30.3085 -31.5644 1 12026.9 303.75 11701 0.000126104
11800 1.47521 1.42944 0.0457742 0 0.968971 16040.5 15350.2 690.305 0 -30.3229 -31.8733 1 12126.9 305.01 11801 0.000121129
11900 1.48465 1.43147 0.0531805 0 0.96418 16188.5 15493.4 695.12 0 -30.3357 -31.7241 1 12226.9 306.265 11901 0.000120282
12000 1.53908 1.48681 0.0522712 0 0.966037 16342.6 15642.1 700.577 0 -30.3479 -31.6253 1 12326.9 307.515 12001 0.000123891
12100 1.5202 1.46335 0.0568583 0 0.962598 16494.5 15788.4 706.068 0 -30.3598 -31.6408 1 12426.9 308.76 12101 0.000120928
12200 1.5861 1.52604 0.0600547 0 0.962137 16652.9 15941 711.944 0 -30.3695 -31.3773 1 12526.9 310 12201 0.000125075
12300 1.57013 1.507 0.0631349 0 0.95979 16809.7 16091.7 718.011 0 -30.3786 -31.3523 1 12626.9 311.235 12301 0.00012251
12400 1.61708 1.55358 0.0634983 0 0.960733 16971.4 16247 724.368 0 -30.3872 -31.2819 1 12726.9 312.465 12401 0.000125279
12500 1.62969 1.56969 0.0600039 0 0.963181 17134.9 16404 730.839 0 -30.3956 -31.2646 1 12826.9 313.69 12501 0.000125565
12600 1.59169 1.5338 0.0578927 0 0.963628 17294.3 16557.4 736.892 0 -30.4049 -31.4005 1 12926.9 314.91 12601 0.000121721
12700 1.6386 1.57353 0.0650692 0 0.96029 17457.7 16714.8 742.995 0 -30.4135 -31.332 1 13026.9 316.126 12701 0.00012389
12800 1.69575 1.63206 0.0636904 0 0.962441 17627.5 16878 749.501 0 -30.4202 -31.1003 1 13126.9 317.337 12801 0.000127495
12900 1.63503 1.5765 0.0585378 0 0.964198 17791.4 17035.6 755.782 0 -30.4307 -31.5629 1 13226.9 318.544 12901 0.0001222
13000 1.68471 1.62527 0.059435 0 0.964721 17960.3 17198.1 762.121 0 -30.441 -31.5296 1 13326.9 319.745 13001 0.000125011
13100 1.66311 1.59893 0.0641824 0 0.961408 18126.2 17358 768.158 0 -30.4491 -31.3197 1 13426.9 320.943 13101 0.000122047
13200 1.6607 1.5937 0.0669994 0 0.959656 18291.5 17517.4 774.107 0 -30.4577 -31.4041 1 13526.9 322.136 13201 0.000120726
13300 1.63723 1.58245 0.0547874 0 0.966537 18455.9 17675.6 780.309 0 -30.4691 -31.7346 1 13626.9 323.324 13301 0.000118972
13400 1.53801 1.48298 0.0550301 0 0.96422 18609.6 17823.9 785.633 0 -30.481 -31.9117 1 13726.9 324.508 13401 0.000110662
13500 1.62264 1.5651 0.0575345 0 0.964543 18771.9 17980.4 791.42 0 -30.4927 -31.8415 1 13826.9 325.688 13501 0.000115925
13600 1.54482 1.48895 0.0558649 0 0.963837 18926.4 18129.3 797.042 0 -30.5057 -32.076 1 13926.9 326.864 13601 0.000109474
13700 1.63297 1.57485 0.0581243 0 0.964406 19090.1 18286.8 803.251 0 -30.5156 -31.6685 1 14026.9 328.035 13701 0.000114944
13800 1.63135 1.56718 0.0641692 0 0.960665 19252.7 18443.5 809.197 0 -30.526 -31.7372 1 14126.9 329.203 13801 0.000113556
13900 1.65123 1.58821 0.0630253 0 0.961831 19418.1 18602.4 815.717 0 -30.5337 -31.4337 1 14226.9 330.366 13901 0.000114251
14000 1.60359 1.54512 0.0584751 0 0.963535 19578.6 18756.9 821.724 0 -30.5409 -31.4095 1 14326.9 331.525 14001 0.000110358
14100 1.56202 1.50183 0.0601855 0 0.961469 19734.5 18907.1 827.406 0 -30.5499 -31.6834 1 14426.9 332.68 14101 0.000106505
14200 1.52285 1.47141 0.0514382 0 0.966222 19887.1 19054.2 832.869 0 -30.5597 -31.8211 1 14526.9 333.831 14201 0.000103613
14300 1.60605 1.5499 0.0561521 0 0.965037 20047.7 19209.2 838.482 0 -30.5698 -31.8303 1 14626.9 334.978 14301 0.000108377
14400 1.69171 1.62786 0.06385 0 0.962257 20216.5 19372 844.501 0 -30.5788 -31.6482 1 14726.9 336.121 14401 0.000113038
14500 1.56928 1.51295 0.056338 0 0.9641 20373.7 19523.3 850.438 0 -30.5888 -31.8665 1 14826.9 337.26 14501 0.000104334
14600 1.54131 1.48227 0.0590337 0 0.961699 20527.5 19671.5 856.034 0 -30.5985 -31.8858 1 14926.9 338.396 14601 0.000101519
14700 1.58217 1.52312 0.0590534 0 0.962676 20685.7 19823.8 861.911 0 -30.6087 -31.9308 1 15026.9 339.527 14701 0.000103606
14800 1.58236 1.52215 0.0602179 0 0.961944 20843.7 19976 867.644 0 -30.6191 -31.9785 1 15126.9 340.655 14801 0.000102841
14900 1.74711 1.68048 0.0666237 0 0.961866 21018.3 20144.1 874.274 0 -30.6284 -31.7413 1 15226.9 341.779 14901 0.000112776
15000 1.57949 1.52356 0.0559334 0 0.964588 21176.7 20296.4 880.254 0 -30.6399 -32.167 1 15326.9 342.9 15001 0.000101564
15100 1.56224 1.50618 0.056058 0 0.964117 21333 20447 885.988 0 -30.6502 -32.0501 1 15426.9 344.016 15101 9.97405e-05
15200 1.5806 1.52115 0.0594539 0 0.962385 21490.9 20599.2 891.748 0 -30.6588 -31.8109 1 15526.9 345.13 15201 0.000100069
15300 1.56174 1.5052 0.0565334 0 0.963801 21647.2 20749.7 897.483 0 -30.6678 -31.9111 1 15626.9 346.239 15301 9.8373e-05
15400 1.48024 1.42985 0.0503897 0 0.965958 21795.3 20892.7 902.622 0 -30.6788 -32.2927 1 15726.9 347.345 15401 9.28415e-05
15500 1.59244 1.53698 0.0554533 0 0.965177 21954.4 21046.4 908.069 0 -30.6874 -31.8542 1 15826.9 348.448 15501 9.91539e-05
15600 1.66203 1.60253 0.0594972 0 0.964202 22120.6 21206.6 914.023 0 -30.6936 -31.5209 1 15926.9 349.547 15601 0.00010272
15700 1.6385 1.57648 0.0620186 0 0.962149 22284.4 21364.3 920.093 0 -30.6993 -31.4712 1 16026.9 350.643 15701 0.000100406
15800 1.6425 1.58304 0.0594612 0 0.963798 22448.8 21522.6 926.251 0 -30.7061 -31.6285 1 16126.9 351.735 15801 0.000100186
15900 1.63372 1.57157 0.0621567 0 0.961954 22612 21679.7 932.257 0 -30.7129 -31.6488 1 16226.9 352.824 15901 9.88345e-05
16000 1.66879 1.60327 0.0655133 0 0.960742 22778.5 21840.1 938.408 0 -30.7189 -31.5334 1 16326.9 353.909 16001 0.000100198
16100 1.69738 1.63416 0.0632165 0 0.962756 22948.4 22003.5 944.89 0 -30.7261 -31.6884 1 16426.9 354.991 16101 0.000101495
16200 1.69181 1.62876 0.0630533 0 0.96273 23117.6 22166.3 951.288 0 -30.7348 -31.9139 1 16526.9 356.07 16201 0.000100534
16300 1.70059 1.63441 0.0661808 0 0.961084 23287.4 22329.8 957.625 0 -30.7408 -31.5602 1 16626.9 357.146 16301 0.000100264
16400 1.65078 1.58864 0.0621442 0 0.962355 23452.5 22488.7 963.843 0 -30.7476 -31.6964 1 16726.9 358.218 16401 9.68622e-05
16500 1.63321 1.57587 0.0573321 0 0.964896 23615.9 22646.2 969.694 0 -30.7556 -31.9136 1 16826.9 359.287 16501 9.55018e-05
16600 1.55371 1.50488 0.0488272 0 0.968574 23771.6 22796.7 974.841 0 -30.7649 -32.1672 1 16926.9 360.353 16601 9.065e-05
16700 1.53605 1.49128 0.0447654 0 0.970857 23925.5 22945.9 979.604 0 -30.7752 -32.367 1 17026.9 361.416 16701 8.92929e-05
16800 1.58411 1.53591 0.0481972 0 0.969575 24083.9 23099.4 984.488 0 -30.7834 -32.0322 1 17126.9 362.476 16801 9.1418e-05
16900 1.63793 1.58084 0.0570872 0 0.965147 24247.1 23257.5 989.599 0 -30.7889 -31.5951 1 17226.9 363.533 16901 9.35352e-05
17000 1.72398 1.66548 0.0585009 0 0.966066 24419.5 23424.1 995.453 0 -30.793 -31.3674 1 17326.9 364.586 17001 9.79634e-05
17100 1.68171 1.62715 0.0545628 0 0.967555 24588 23586.8 1001.21 0 -30.8004 -31.8693 1 17426.9 365.637 17101 9.51495e-05
17200 1.60298 1.54771 0.0552683 0 0.965521 24748.1 23741.6 1006.52 0 -30.8071 -31.8449 1 17526.9 366.684 17201 8.99777e-05
17300 1.61875 1.56258 0.0561685 0 0.965301 24909.8 23897.8 1011.94 0 -30.8141 -31.8754 1 17626.9 367.729 17301 9.03173e-05
17400 1.58365 1.53482 0.0488313 0 0.969165 25068.6 24051.3 1017.25 0 -30.8217 -32.0172 1 17726.9 368.771 17401 8.82028e-05
17500 1.6295 1.57267 0.0568288 0 0.965125 25231.4 24208.6 1022.8 0 -30.8287 -31.908 1 17826.9 369.809 17501 8.98619e-05
17600 1.58537 1.53377 0.0516058 0 0.967449 25390.2 24361.9 1028.29 0 -30.8373 -32.2112 1 17926.9 370.845 17601 8.71409e-05
17700 1.53684 1.48664 0.0502049 0 0.967332 25544.1 24510.6 1033.48 0 -30.8463 -32.3285 1 18026.9 371.878 17701 8.3986e-05
17800 1.58121 1.52666 0.0545424 0 0.965506 25702 24663.3 1038.69 0 -30.8538 -32.0659 1 18126.9 372.908 17801 8.57628e-05
17900 1.66149 1.60158 0.0599102 0 0.963942 25867.8 24823.4 1044.34 0 -30.8598 -31.7882 1 18226.9 373.935 17901 8.94686e-05
18000 1.60935 1.55451 0.0548398 0 0.965924 26028.9 24978.9 1050.06 0 -30.8674 -32.0805 1 18326.9 374.959 18001 8.63568e-05
18100 1.57917 1.52782 0.0513517 0 0.967482 26187.2 25131.7 1055.53 0 -30.8748 -32.0926 1 18426.9 375.981 18101 8.44054e-05
18200 1.54115 1.49157 0.0495833 0 0.967827 26341.7 25280.8 1060.84 0 -30.8835 -32.3613 1 18526.9 377 18201 8.19499e-05
18300 1.58135 1.52585 0.0554961 0 0.964906 26499.8 25433.4 1066.35 0 -30.8901 -31.9864 1 18626.9 378.016 18301 8.33753e-05
18400 1.63262 1.57434 0.0582843 0 0.9643 26662.9 25590.8 1072.07 0 -30.8946 -31.6293 1 18726.9 379.029 18401 8.55572e-05
18500 1.61426 1.55913 0.0551241 0 0.965852 26824.4 25746.8 1077.66 0 -30.9011 -31.9775 1 18826.9 380.04 18501 8.42728e-05
18600 1.4933 1.44847 0.0448235 0 0.969984 26974.1 25891.6 1082.51 0 -30.9096 -32.4273 1 18926.9 381.048 18601 7.78708e-05
18700 1.50271 1.45386 0.048854 0 0.967489 27124.4 26037 1087.43 0 -30.9169 -32.2258 1 19026.9 382.053 18701 7.77424e-05
18800 1.65077 1.59142 0.0593517 0 0.964046 27289.1 26196.1 1092.94 0 -30.9213 -31.6549 1 19126.9 383.056 18801 8.46453e-05
18900 1.73161 1.65936 0.0722499 0 0.958276 27461.4 26362.1 1099.37 0 -30.924 -31.3464 1 19226.9 384.056 18901 8.77924e-05
19000 1.71718 1.65258 0.0646002 0 0.96238 27633.4 26527.3 1106.12 0 -30.9285 -31.6441 1 19326.9 385.053 19001 8.69733e-05
19100 1.69139 1.6289 0.0624955 0 0.963051 27802.8 26690.2 1112.58 0 -30.9317 -31.4553 1 19426.9 386.048 19101 8.52782e-05
19200 1.68681 1.62478 0.0620323 0 0.963225 27971.7 26852.7 1119.04 0 -30.9368 -31.7863 1 19526.9 387.041 19201 8.46197e-05
19300 1.69229 1.63213 0.0601555 0 0.964453 28141.4 27015.9 1125.45 0 -30.9423 -31.837 1 19626.9 388.03 19301 8.45621e-05
19400 1.61263 1.55415 0.0584752 0 0.963739 28302.7 27171.3 1131.34 0 -30.9475 -31.8589 1 19726.9 389.018 19401 8.01067e-05
19500 1.62908 1.56763 0.0614468 0 0.962281 28465.1 27328.1 1137.02 0 -30.9525 -31.8337 1 19826.9 390.002 19501 8.03873e-05
19600 1.66655 1.60668 0.0598675 0 0.964077 28632 27488.8 1143.23 0 -30.958 -31.8954 1 19926.9 390.985 19601 8.19693e-05
19700 1.66884 1.60774 0.0610985 0 0.963389 28798.9 27649.5 1149.33 0 -30.9629 -31.7893 1 20026.9 391.964 19701 8.16069e-05
19800 1.65475 1.6018 0.052942 0 0.968006 28964.8 27809.7 1155.05 0 -30.9694 -32.1051 1 20126.9 392.942 19801 8.08951e-05
19900 1.63771 1.58213 0.0555828 0 0.966061 29128.4 27967.9 1160.47 0 -30.9756 -32.0743 1 20226.9 393.917 19901 7.94999e-05
20000 1.62103 1.56963 0.0513995 0 0.968292 29290.6 28124.9 1165.72 0 -30.9812 -31.9864 1 20325.9 394.88 20000 7.84813e-05
