100 0.0657902 0.0587982 0.00699204 0 0.893722 6.34872 5.87982 0.468903 0 -24.5405 -24.5405 4 429.882 57.4268 26 0.00226147
200 0.109691 0.100317 0.00937344 0 0.914547 17.2289 15.9115 1.31735 0 -26.3945 -27.4763 4 529.882 63.7572 51 0.001967
300 0.122863 0.113451 0.0094122 0 0.923393 29.4787 27.2566 2.22209 0 -27.215 -28.3689 4 629.882 69.5136 76 0.00149277
400 0.118459 0.110762 0.00769756 0 0.935019 41.4378 38.3328 3.10497 0 -27.463 -28.0744 4 729.882 74.8284 101 0.00109665
500 0.146202 0.137154 0.00904841 0 0.93811 56.051 52.0482 4.00279 0 -27.6801 -28.2956 4 829.882 79.7899 126 0.00108852
600 0.193217 0.180844 0.0123724 0 0.935966 75.4033 70.1326 5.27065 0 -27.6267 -27.4723 4 929.882 84.4605 151 0.00119764
700 0.219612 0.206699 0.0129128 0 0.941202 97.4583 90.8025 6.65585 0 -27.7743 -28.2786 4 1029.88 88.8861 176 0.00117443
800 0.248142 0.231304 0.0168385 0 0.932142 122.007 113.933 8.07462 0 -27.8047 -27.9255 4 1129.88 93.1015 201 0.00115076
900 0.25655 0.240126 0.0164238 0 0.935982 147.722 137.945 9.77695 0 -27.8888 -28.288 4 1229.88 97.1341 226 0.0010625
1000 0.261255 0.244746 0.0165086 0 0.93681 173.848 162.42 11.4279 0 -28.0034 -28.6514 4 1329.88 101.006 251 0.000975085
1100 0.25794 0.241591 0.0163491 0 0.936617 199.707 186.579 13.1281 0 -28.1518 -29.1494 4 1429.88 104.735 276 0.00087533
1200 0.249808 0.233288 0.0165199 0 0.93387 224.705 209.908 14.7967 0 -28.2172 -28.7398 4 1529.88 108.335 301 0.000775043
1300 0.259077 0.24123 0.017847 0 0.931113 250.577 234.031 16.5465 0 -28.2434 -28.4711 4 1629.88 111.82 326 0.000739968
1400 0.293995 0.275141 0.0188536 0 0.935871 280.162 261.545 18.6167 0 -28.3236 -29.0027 4 1729.88 115.199 351 0.000783879
1500 0.272426 0.257076 0.0153502 0 0.943654 307.646 287.253 20.3932 0 -28.3654 -28.7911 4 1829.88 118.482 376 0.000683713
1600 0.276075 0.26125 0.0148253 0 0.9463 335.356 313.378 21.9781 0 -28.4089 -28.8918 4 1929.88 121.676 401 0.000651496
1700 0.266099 0.253407 0.0126916 0 0.952305 362.16 338.718 23.4421 0 -28.4372 -28.7913 4 2029.88 124.789 426 0.000594852
1800 0.299347 0.284423 0.0149243 0 0.950144 392.1 367.161 24.9397 0 -28.4893 -29.1199 4 2129.88 127.826 451 0.000630649
1900 0.29085 0.275608 0.0152422 0 0.947594 421.122 394.721 26.4 0 -28.5104 -28.7948 4 2229.88 130.792 476 0.000579009
2000 0.277886 0.264417 0.013469 0 0.95153 448.988 421.163 27.8244 0 -28.5577 -29.2738 4 2329.88 133.692 501 0.000527779
2100 0.272084 0.260227 0.0118568 0 0.956422 476.339 447.186 29.1528 0 -28.6125 -29.5108 4 2429.88 136.531 526 0.000494728
2200 0.256044 0.245675 0.0103689 0 0.959503 502.101 471.753 30.3473 0 -28.7047 -30.4098 4 2529.88 139.313 551 0.000445871
2300 0.258227 0.246864 0.0113626 0 0.955998 528.008 496.44 31.5679 0 -28.777 -30.1788 4 2629.88 142.039 576 0.000428584
2400 0.276746 0.2648 0.0119454 0 0.956836 555.835 522.92 32.9157 0 -28.8841 -30.9166 4 2729.88 144.714 601 0.000440599
2500 0.292622 0.280097 0.0125251 0 0.957197 585.22 550.93 34.2903 0 -28.9698 -30.5894 4 2829.88 147.341 626 0.00044744
2600 0.295199 0.280568 0.014631 0 0.950437 614.721 578.986 35.7347 0 -29.0186 -29.9869 4 2929.88 149.922 651 0.000430979
2700 0.303242 0.288924 0.0143173 0 0.952786 645.229 607.879 37.35 0 -29.0484 -29.6488 4 3029.88 152.459 676 0.000427403
2800 0.298822 0.284839 0.0139829 0 0.953206 675.164 636.363 38.8018 0 -29.068 -29.4901 4 3129.88 154.954 701 0.000406332
2900 0.286796 0.273353 0.013443 0 0.953127 703.91 663.698 40.2117 0 -29.0952 -29.7349 4 3229.88 157.41 726 0.00037652
3000 0.306591 0.292935 0.0136554 0 0.955461 734.648 692.992 41.6568 0 -29.1225 -29.7478 4 3329.88 159.829 751 0.000390061
3100 0.326163 0.310274 0.0158889 0 0.951285 767.275 724.019 43.2559 0 -29.1032 -28.6695 4 3429.88 162.211 776 0.000399837
3200 0.32042 0.302872 0.0175485 0 0.945233 799.194 754.306 44.8874 0 -29.1037 -29.1148 4 3529.88 164.558 801 0.000378117
3300 0.273899 0.261355 0.0125441 0 0.954202 826.794 780.442 46.3521 0 -29.1251 -29.745 4 3629.88 166.873 826 0.00031641
3400 0.307152 0.289207 0.0179446 0 0.941577 857.212 809.362 47.8494 0 -29.1374 -29.4717 4 3729.88 169.156 851 0.000339844
3500 0.361836 0.341221 0.0206157 0 0.943025 893.245 843.484 49.7612 0 -29.1263 -28.8621 4 3829.88 171.409 876 0.000389521
3600 0.385514 0.364116 0.0213981 0 0.944495 931.795 879.896 51.8995 0 -29.1102 -28.7373 4 3929.88 173.632 901 0.000404124
3700 0.35518 0.338207 0.016973 0 0.952213 967.534 913.717 53.8179 0 -29.1348 -29.775 4 4029.88 175.827 926 0.000365235
3800 0.322309 0.307478 0.0148309 0 0.953986 999.873 944.464 55.409 0 -29.1667 -30.1219 4 4129.88 177.995 951 0.000323321
3900 0.31357 0.300118 0.0134519 0 0.957101 1031.28 974.476 56.8087 0 -29.193 -30.0294 4 4229.88 180.138 976 0.000307498
4000 0.297987 0.286432 0.0115552 0 0.961222 1061.19 1003.12 58.0698 0 -29.2238 -30.2866 4 4329.88 182.254 1001 0.000286146
4100 0.312891 0.300434 0.0124567 0 0.960188 1092.51 1033.16 59.3522 0 -29.2506 -30.1587 4 4429.88 184.347 1026 0.000292821
4200 0.37979 0.364928 0.0148619 0 0.960868 1130.58 1069.66 60.9217 0 -29.2588 -29.4939 4 4529.88 186.416 1051 0.000347219
4300 0.368572 0.352096 0.0164757 0 0.955298 1167.44 1104.87 62.5728 0 -29.273 -29.7098 4 4629.88 188.463 1076 0.000327227
4400 0.335453 0.324357 0.0110957 0 0.966923 1201.33 1137.3 64.0288 0 -29.3135 -30.7077 4 4729.88 190.487 1101 0.000294602
4500 0.32604 0.313073 0.012967 0 0.960229 1233.88 1168.61 65.2727 0 -29.3492 -30.6658 4 4829.88 192.49 1126 0.00027804
4600 0.341658 0.329027 0.0126316 0 0.963029 1268.16 1201.51 66.6542 0 -29.3592 -29.7213 4 4929.88 194.473 1151 0.000285862
4700 0.350247 0.335126 0.0151217 0 0.956826 1303.14 1235.02 68.1138 0 -29.3728 -29.8665 4 5029.88 196.435 1176 0.000284971
4800 0.362637 0.350071 0.0125659 0 0.965348 1339.58 1270.03 69.5517 0 -29.3983 -30.3082 4 5129.88 198.378 1201 0.000291483
4900 0.338297 0.324603 0.0136936 0 0.959522 1373.35 1302.49 70.8566 0 -29.4284 -30.622 4 5229.88 200.302 1226 0.000264766
5000 0.337484 0.323763 0.0137205 0 0.959345 1407.04 1334.87 72.1756 0 -29.4602 -30.7561 4 5329.88 202.208 1251 0.000258804
5100 0.383517 0.366658 0.0168587 0 0.956042 1445.22 1371.53 73.6876 0 -29.4785 -30.1552 4 5429.88 204.096 1276 0.000287349
5200 0.360213 0.346999 0.0132134 0 0.963318 1481.44 1406.23 75.2069 0 -29.5079 -30.6782 4 5529.88 205.967 1301 0.000266717
5300 0.341492 0.326787 0.0147048 0 0.956939 1515.54 1438.91 76.6309 0 -29.5291 -30.4519 4 5629.88 207.821 1326 0.000246446
5400 0.355552 0.339703 0.0158488 0 0.955425 1550.92 1472.88 78.0378 0 -29.55 -30.4435 4 5729.88 209.659 1351 0.000251446
5500 0.431662 0.411476 0.0201868 0 0.953235 1594.03 1514.03 79.9973 0 -29.5569 -29.8047 4 5829.88 211.48 1376 0.000299038
5600 0.399881 0.38273 0.0171517 0 0.957108 1634.29 1552.3 81.9884 0 -29.5637 -29.8358 4 5929.88 213.286 1401 0.000273183
5700 0.347152 0.332122 0.015031 0 0.956702 1669.1 1585.51 83.5864 0 -29.5826 -30.4699 4 6029.88 215.077 1426 0.000232904
5800 0.363979 0.34956 0.0144189 0 0.960385 1705.58 1620.47 85.1072 0 -29.5968 -30.2471 4 6129.88 216.853 1451 0.00024091
5900 0.392095 0.376946 0.0151485 0 0.961365 1744.91 1658.17 86.7463 0 -29.6014 -29.7996 4 6229.88 218.615 1476 0.000255384
6000 0.363665 0.348308 0.0153562 0 0.957774 1781.24 1693 88.2456 0 -29.6135 -30.1934 4 6329.88 220.363 1501 0.000232051
6100 0.383656 0.369003 0.0146526 0 0.961808 1819.7 1729.9 89.8009 0 -29.628 -30.3015 4 6429.88 222.096 1526 0.000241811
6200 0.376951 0.362913 0.0140376 0 0.96276 1857.47 1766.19 91.2827 0 -29.6561 -31.0068 4 6529.88 223.817 1551 0.000233987
6300 0.384911 0.369014 0.0158968 0 0.9587 1895.88 1803.09 92.7873 0 -29.6823 -30.9517 4 6629.88 225.524 1576 0.000234146
6400 0.376352 0.361922 0.0144295 0 0.96166 1933.58 1839.28 94.298 0 -29.6989 -30.5342 4 6729.88 227.219 1601 0.00022606
6500 0.347607 0.335704 0.0119028 0 0.965758 1968.49 1872.85 95.6339 0 -29.7225 -31.0291 4 6829.88 228.9 1626 0.00020646
6600 0.360045 0.34747 0.0125745 0 0.965075 2004.62 1907.6 97.0201 0 -29.7572 -31.6491 4 6929.88 230.57 1651 0.000210461
6700 0.359367 0.344141 0.0152263 0 0.95763 2040.53 1942.01 98.5181 0 -29.784 -31.2763 4 7029.88 232.228 1676 0.000205334
6800 0.360094 0.345553 0.0145403 0 0.959621 2076.46 1976.57 99.8924 0 -29.809 -31.2313 4 7129.88 233.874 1701 0.000203147
6900 0.415204 0.398064 0.0171401 0 0.958719 2117.83 2016.37 101.458 0 -29.8273 -30.7463 4 7229.88 235.508 1726 0.000230628
7000 0.401157 0.38462 0.0165377 0 0.958775 2158.02 2054.84 103.181 0 -29.8524 -31.1738 4 7329.88 237.131 1751 0.000219657
7100 0.407459 0.39116 0.0162993 0 0.959998 2198.92 2093.95 104.966 0 -29.873 -30.9613 4 7429.88 238.743 1776 0.000220248
7200 0.404599 0.385866 0.0187337 0 0.953698 2239.21 2132.54 106.666 0 -29.8909 -30.8667 4 7529.88 240.344 1801 0.000214251
7300 0.396014 0.38016 0.0158533 0 0.959968 2278.88 2170.56 108.321 0 -29.9124 -31.129 4 7629.88 241.935 1826 0.000208193
7400 0.365039 0.350624 0.0144149 0 0.960511 2315.4 2205.62 109.778 0 -29.9363 -31.4266 4 7729.88 243.515 1851 0.000189424
7500 0.41587 0.3988 0.0170701 0 0.958953 2356.9 2245.5 111.399 0 -29.9551 -31.0021 4 7829.88 245.086 1876 0.00021258
7600 0.365672 0.353649 0.0120235 0 0.96712 2393.7 2280.86 112.833 0 -29.977 -31.379 4 7929.88 246.646 1901 0.000186033
7700 0.384912 0.368404 0.016508 0 0.957112 2431.94 2317.7 114.234 0 -29.9895 -30.7754 4 8029.88 248.196 1926 0.000191279
7800 0.385735 0.371978 0.0137572 0 0.964335 2470.52 2354.9 115.619 0 -30.0047 -30.9593 4 8129.88 249.737 1951 0.00019066
7900 0.365617 0.353113 0.0125037 0 0.965801 2507.2 2390.21 116.986 0 -30.0225 -31.2211 4 8229.88 251.268 1976 0.000178701
8000 0.382463 0.36605 0.0164131 0 0.957086 2545.32 2426.82 118.503 0 -30.0375 -31.0284 4 8329.88 252.79 2001 0.000182933
8100 0.364674 0.351301 0.0133726 0 0.96333 2581.89 2461.95 119.939 0 -30.0515 -31.0203 4 8429.88 254.303 2026 0.000173396
8200 0.381011 0.367161 0.0138499 0 0.963649 2620.05 2498.66 121.387 0 -30.0652 -30.9924 4 8529.88 255.806 2051 0.000179015
8300 0.396585 0.380035 0.0165507 0 0.958267 2659.62 2536.67 122.95 0 -30.0736 -30.6325 4 8629.88 257.302 2076 0.000183061
8400 0.40323 0.38705 0.0161807 0 0.959872 2699.99 2575.37 124.619 0 -30.0894 -31.1263 4 8729.88 258.788 2101 0.000184222
8500 0.352749 0.340878 0.0118711 0 0.966347 2735.48 2609.46 126.016 0 -30.1113 -31.7816 4 8829.88 260.266 2126 0.000160338
8600 0.360732 0.346471 0.0142611 0 0.960466 2771.48 2644.11 127.372 0 -30.1282 -31.4147 4 8929.88 261.736 2151 0.000161074
8700 0.389593 0.373451 0.0161422 0 0.958566 2810.24 2681.45 128.79 0 -30.1414 -31.0825 4 9029.88 263.197 2176 0.000171623
8800 0.416889 0.40192 0.0149693 0 0.964093 2852.04 2721.64 130.398 0 -30.1539 -30.9962 4 9129.88 264.65 2201 0.000182608
8900 0.398973 0.385436 0.0135374 0 0.966069 2892.13 2760.19 131.947 0 -30.1692 -31.2583 4 9229.88 266.096 2226 0.000173152
9000 0.399653 0.38153 0.0181227 0 0.954654 2931.72 2798.34 133.381 0 -30.1732 -30.4661 4 9329.88 267.533 2251 0.000169494
9100 0.405573 0.389612 0.015961 0 0.960646 2972.23 2837.3 134.934 0 -30.1759 -30.3669 4 9429.88 268.963 2276 0.000171183
9200 0.407984 0.391807 0.0161768 0 0.960349 3012.95 2876.48 136.47 0 -30.1807 -30.535 4 9529.88 270.386 2301 0.000170277
9300 0.43927 0.419748 0.0195226 0 0.955557 3056.59 2918.46 138.135 0 -30.1865 -30.583 4 9629.88 271.801 2326 0.000180459
9400 0.42841 0.409854 0.0185555 0 0.956687 3099.33 2959.44 139.893 0 -30.1919 -30.5772 4 9729.88 273.208 2351 0.000174332
9500 0.474969 0.457477 0.0174921 0 0.963172 3147.12 3005.19 141.931 0 -30.1885 -29.9707 4 9829.88 274.609 2376 0.000192541
9600 0.482858 0.45762 0.0252381 0 0.947732 3194.89 3050.95 143.94 0 -30.1811 -29.6942 4 9929.88 276.002 2401 0.000190595
9700 0.471578 0.452414 0.0191639 0 0.959362 3242.41 3096.19 146.222 0 -30.188 -30.6482 4 10029.9 277.388 2426 0.000186486
9800 0.426354 0.40905 0.0173039 0 0.959414 3285.31 3137.1 148.216 0 -30.2003 -31.132 4 10129.9 278.768 2451 0.000166891
9900 0.38161 0.366228 0.0153818 0 0.959692 3323.55 3173.72 149.829 0 -30.216 -31.5663 4 10229.9 280.14 2476 0.000147911
10000 0.396253 0.380998 0.0152548 0 0.961502 3363.25 3211.82 151.434 0 -30.2327 -31.6289 4 10329.9 281.506 2501 0.000152338
10100 0.385439 0.372597 0.0128417 0 0.966683 3402.02 3249.08 152.935 0 -30.2505 -31.7946 4 10429.9 282.865 2526 0.000147505
10200 0.372876 0.360516 0.0123604 0 0.966851 3439.36 3285.13 154.225 0 -30.2696 -32.0115 4 10529.9 284.218 2551 0.000141323
10300 0.380281 0.367525 0.0127564 0 0.966455 3477.34 3321.88 155.455 0 -30.2902 -32.1586 4 10629.9 285.565 2576 0.000142673
10400 0.383709 0.369476 0.0142327 0 0.962908 3515.65 3358.83 156.822 0 -30.3043 -31.5763 4 10729.9 286.905 2601 0.000142052
10500 0.371798 0.358089 0.013709 0 0.963128 3552.87 3394.64 158.232 0 -30.3171 -31.5298 4 10829.9 288.238 2626 0.000136363
10600 0.37821 0.365826 0.0123841 0 0.967256 3590.84 3431.22 159.617 0 -30.3289 -31.4376 4 10929.9 289.566 2651 0.000137995
10700 0.376581 0.363615 0.012966 0 0.965569 3628.49 3467.59 160.908 0 -30.3423 -31.6177 4 11029.9 290.888 2676 0.00013588
10800 0.395368 0.380263 0.0151051 0 0.961795 3667.89 3505.61 162.282 0 -30.3485 -30.9202 4 11129.9 292.203 2701 0.000140786
10900 0.411619 0.395155 0.016465 0 0.96 3709.01 3545.13 163.884 0 -30.358 -31.2041 4 11229.9 293.513 2726 0.000144958
11000 0.427973 0.412902 0.0150713 0 0.964785 3752.01 3586.42 165.59 0 -30.3746 -31.8018 4 11329.9 294.817 2751 0.000150092
11100 0.417064 0.402414 0.01465 0 0.964874 3793.84 3626.66 167.185 0 -30.3891 -31.6955 4 11429.9 296.115 2776 0.000144962
11200 0.37774 0.365527 0.0122135 0 0.967667 3831.77 3663.21 168.563 0 -30.4052 -32.0089 4 11529.9 297.408 2801 0.000130499
11300 0.38675 0.372409 0.0143411 0 0.962919 3870.31 3700.45 169.857 0 -30.4132 -31.2132 4 11629.9 298.695 2826 0.000131779
11400 0.380435 0.367954 0.0124818 0 0.967191 3908.48 3737.25 171.228 0 -30.4236 -31.4805 4 11729.9 299.976 2851 0.000129061
11500 0.400048 0.385395 0.0146535 0 0.963371 3948.46 3775.79 172.675 0 -30.434 -31.4529 4 11829.9 301.252 2876 0.000134004
11600 0.414122 0.401126 0.0129951 0 0.96862 3990.07 3815.9 174.17 0 -30.4406 -31.059 4 11929.9 302.523 2901 0.000138272
11700 0.375544 0.364044 0.0114991 0 0.96938 4027.73 3852.3 175.422 0 -30.4511 -31.5692 4 12029.9 303.788 2926 0.000124417
11800 0.404147 0.38841 0.0157364 0 0.961063 4067.89 3891.14 176.746 0 -30.4592 -31.2699 4 12129.9 305.048 2951 0.00013162
11900 0.449224 0.430733 0.0184916 0 0.958837 4112.78 3934.22 178.562 0 -30.4523 -29.8228 4 12229.9 306.303 2976 0.000144735
12000 0.444699 0.427887 0.016812 0 0.962195 4157.28 3977.01 180.269 0 -30.4497 -30.2096 4 12329.9 307.553 3001 0.000142581
12100 0.443761 0.425996 0.0177651 0 0.959967 4201.65 4019.61 182.044 0 -30.4481 -30.3039 4 12429.9 308.797 3026 0.000140779
12200 0.430522 0.416186 0.014336 0 0.966701 4245.06 4061.23 183.838 0 -30.4557 -31.192 4 12529.9 310.037 3051 0.00013641
12300 0.405157 0.389985 0.0151718 0 0.962553 4285.57 4100.22 185.342 0 -30.4611 -31.0283 4 12629.9 311.272 3076 0.000126783
12400 0.428395 0.41368 0.0147151 0 0.965651 4328.46 4141.59 186.867 0 -30.4673 -31.0842 4 12729.9 312.502 3101 0.000133402
12500 0.411999 0.397137 0.0148622 0 0.963927 4369.66 4181.31 188.356 0 -30.4741 -31.1878 4 12829.9 313.727 3126 0.000127043
12600 0.382071 0.370283 0.0117878 0 0.969147 4408.04 4218.33 189.707 0 -30.484 -31.6083 4 12929.9 314.947 3151 0.000117513
12700 0.364736 0.354406 0.01033 0 0.971678 4444.75 4253.77 190.979 0 -30.4941 -31.7149 4 13029.9 316.162 3176 0.000111589
12800 0.367992 0.355051 0.0129411 0 0.964833 4481.41 4289.28 192.132 0 -30.5022 -31.4765 4 13129.9 317.373 3201 0.000110919
12900 0.378217 0.367269 0.0109484 0 0.971053 4519.43 4326.01 193.419 0 -30.5107 -31.5175 4 13229.9 318.58 3226 0.000113847
13000 0.356875 0.345672 0.011203 0 0.968608 4555.07 4360.57 194.495 0 -30.5204 -31.7485 4 13329.9 319.781 3251 0.000106328
13100 0.358519 0.348657 0.00986247 0 0.972491 4591.02 4395.44 195.58 0 -30.533 -32.1331 4 13429.9 320.979 3276 0.000106428
13200 0.342084 0.332575 0.00950912 0 0.972202 4625.23 4428.7 196.533 0 -30.5442 -32.0378 4 13529.9 322.171 3301 0.00010075
13300 0.392658 0.380391 0.0122672 0 0.968759 4664.39 4466.74 197.652 0 -30.5537 -31.6794 4 13629.9 323.36 3326 0.000114369
13400 0.379998 0.368982 0.0110158 0 0.971011 4702.43 4503.63 198.8 0 -30.5656 -32.0206 4 13729.9 324.544 3351 0.000110111
13500 0.37517 0.363455 0.0117156 0 0.968773 4739.93 4539.98 199.949 0 -30.5789 -32.2457 4 13829.9 325.724 3376 0.000107658
13600 0.394906 0.381793 0.0131129 0 0.966795 4779.45 4578.16 201.294 0 -30.5866 -31.5122 4 13929.9 326.899 3401 0.000112259
13700 0.399191 0.384378 0.0148128 0 0.962893 4819.32 4616.6 202.724 0 -30.5916 -31.1978 4 14029.9 328.07 3426 0.000112195
13800 0.417235 0.401352 0.0158824 0 0.961934 4860.99 4656.73 204.261 0 -30.5979 -31.3254 4 14129.9 329.238 3451 0.0001163
13900 0.429868 0.41559 0.0142777 0 0.966786 4904.18 4698.29 205.885 0 -30.6085 -31.7972 4 14229.9 330.401 3476 0.00011956
14000 0.381333 0.370516 0.0108173 0 0.971633 4942.62 4735.34 207.281 0 -30.6203 -32.122 4 14329.9 331.559 3501 0.000105832
14100 0.392985 0.380167 0.0128187 0 0.967381 4981.89 4773.36 208.534 0 -30.6317 -32.0688 4 14429.9 332.714 3526 0.000107818
14200 0.407687 0.393089 0.0145983 0 0.964192 5022.65 4812.67 209.978 0 -30.6383 -31.4515 4 14529.9 333.865 3551 0.000110698
14300 0.400138 0.383817 0.0163212 0 0.959211 5062.6 4851.05 211.546 0 -30.639 -30.7283 4 14629.9 335.012 3576 0.000107331
14400 0.412705 0.395161 0.0175438 0 0.957491 5103.75 4890.57 213.182 0 -30.6412 -30.9079 4 14729.9 336.155 3601 0.000109736
14500 0.438198 0.420609 0.0175891 0 0.95986 5147.68 4932.63 215.057 0 -30.6457 -31.1712 4 14829.9 337.294 3626 0.000115998
14600 0.419042 0.401951 0.0170909 0 0.959214 5189.68 4972.82 216.856 0 -30.6499 -31.1622 4 14929.9 338.43 3651 0.000110093
14700 0.419145 0.40017 0.0189745 0 0.95473 5231.34 5012.84 218.499 0 -30.6538 -31.1423 4 15029.9 339.561 3676 0.00010886
14800 0.412479 0.396414 0.0160651 0 0.961052 5272.65 5052.48 220.169 0 -30.6571 -31.0681 4 15129.9 340.689 3701 0.00010711
14900 0.411318 0.396163 0.0151557 0 0.963153 5313.92 5092.1 221.827 0 -30.6645 -31.6162 4 15229.9 341.813 3726 0.000106324
15000 0.475208 0.453745 0.0214637 0 0.954833 5361.2 5137.47 223.728 0 -30.6663 -30.8651 4 15329.9 342.933 3751 0.000120966
15100 0.45859 0.440318 0.0182712 0 0.960158 5407.25 5181.5 225.75 0 -30.6693 -31.0143 4 15429.9 344.05 3776 0.00011661
15200 0.450819 0.432853 0.0179661 0 0.960148 5452.42 5224.79 227.633 0 -30.6667 -30.3656 4 15529.9 345.163 3801 0.000113879
15300 0.45941 0.442326 0.0170839 0 0.962813 5498.4 5269.02 229.377 0 -30.6654 -30.5063 4 15629.9 346.272 3826 0.00011561
15400 0.470659 0.452201 0.0184583 0 0.960782 5545.53 5314.24 231.291 0 -30.6651 -30.6333 4 15729.9 347.378 3851 0.000117424
15500 0.474093 0.456599 0.0174938 0 0.9631 5593.1 5359.9 233.204 0 -30.6651 -30.6629 4 15829.9 348.481 3876 0.000117802
15600 0.423749 0.408297 0.0154512 0 0.963537 5635.59 5400.73 234.863 0 -30.6699 -31.299 4 15929.9 349.58 3901 0.000104665
15700 0.463192 0.446262 0.0169302 0 0.963449 5681.87 5445.36 236.518 0 -30.6713 -30.842 4 16029.9 350.675 3926 0.000113668
15800 0.49764 0.4786 0.0190393 0 0.961741 5731.6 5493.22 238.379 0 -30.6723 -30.7885 4 16129.9 351.767 3951 0.000121134
15900 0.446248 0.429672 0.0165757 0 0.962855 5776.35 5536.18 240.163 0 -30.6788 -31.5107 4 16229.9 352.856 3976 0.000108066
16000 0.441101 0.425683 0.0154175 0 0.965048 5820.61 5578.75 241.855 0 -30.687 -31.7636 4 16329.9 353.942 4001 0.000106394
16100 0.437581 0.421822 0.0157591 0 0.963986 5864.42 5620.93 243.484 0 -30.6925 -31.4125 4 16429.9 355.024 4026 0.000104774
16200 0.409366 0.396347 0.0130195 0 0.968196 5905.42 5660.57 244.853 0 -30.7002 -31.8095 4 16529.9 356.102 4051 9.78392e-05
16300 0.433052 0.419493 0.0135593 0 0.968689 5948.82 5702.52 246.306 0 -30.7061 -31.5028 4 16629.9 357.178 4076 0.000102918
16400 0.396659 0.385239 0.0114196 0 0.97121 5988.62 5741.04 247.577 0 -30.7144 -31.966 4 16729.9 358.25 4101 9.39379e-05
16500 0.398742 0.385242 0.0135006 0 0.966142 6028.45 5779.57 248.883 0 -30.7185 -31.3333 4 16829.9 359.319 4126 9.33693e-05
16600 0.40522 0.391591 0.0136285 0 0.966368 6068.97 5818.73 250.249 0 -30.721 -31.0854 4 16929.9 360.385 4151 9.43367e-05
16700 0.424511 0.409362 0.0151493 0 0.964313 6111.42 5859.66 251.758 0 -30.7205 -30.6557 4 17029.9 361.448 4176 9.80272e-05
16800 0.439334 0.421691 0.0176429 0 0.959842 6155.2 5901.83 253.372 0 -30.7223 -30.9746 4 17129.9 362.508 4201 0.000100379
16900 0.418241 0.402751 0.0154898 0 0.962964 6196.97 5942.11 254.863 0 -30.7275 -31.4828 4 17229.9 363.564 4226 9.53031e-05
17000 0.410499 0.395877 0.0146222 0 0.96438 6237.99 5981.69 256.293 0 -30.731 -31.2596 4 17329.9 364.618 4251 9.31255e-05
17100 0.378139 0.367093 0.0110465 0 0.970787 6275.99 6018.4 257.582 0 -30.7384 -31.9602 4 17429.9 365.668 4276 8.58495e-05
17200 0.405613 0.393034 0.012579 0 0.968988 6316.62 6057.71 258.916 0 -30.7464 -31.9781 4 17529.9 366.716 4301 9.1382e-05
17300 0.41278 0.398413 0.0143672 0 0.965194 6357.95 6097.55 260.403 0 -30.7491 -31.1681 4 17629.9 367.76 4326 9.20972e-05
17400 0.434299 0.418423 0.0158764 0 0.963444 6401.45 6139.39 262.06 0 -30.7504 -30.931 4 17729.9 368.802 4351 9.6167e-05
17500 0.423376 0.409257 0.0141191 0 0.966651 6443.92 6180.32 263.605 0 -30.7543 -31.3481 4 17829.9 369.84 4376 9.35231e-05
17600 0.381028 0.369172 0.0118556 0 0.968885 6482.16 6217.23 264.929 0 -30.7609 -31.8691 4 17929.9 370.876 4401 8.38838e-05
17700 0.388924 0.377514 0.0114101 0 0.970662 6521.15 6254.98 266.164 0 -30.7645 -31.3671 4 18029.9 371.909 4426 8.52945e-05
17800 0.380674 0.371391 0.00928308 0 0.975614 6559.39 6292.12 267.27 0 -30.7709 -31.8613 4 18129.9 372.939 4451 8.34398e-05
17900 0.3653 0.356056 0.0092434 0 0.974696 6595.98 6327.73 268.254 0 -30.7775 -31.967 4 18229.9 373.966 4476 7.95479e-05
18000 0.40333 0.391265 0.0120647 0 0.970087 6636.46 6366.86 269.602 0 -30.7819 -31.4961 4 18329.9 374.99 4501 8.69285e-05
18100 0.394548 0.381057 0.0134913 0 0.965806 6675.87 6404.96 270.905 0 -30.7872 -31.6807 4 18429.9 376.012 4526 8.41928e-05
18200 0.426675 0.412531 0.0141435 0 0.966852 6718.55 6446.21 272.34 0 -30.793 -31.7049 4 18529.9 377.03 4551 9.06463e-05
18300 0.382074 0.371081 0.010993 0 0.971228 6756.89 6483.32 273.565 0 -30.8005 -32.1119 4 18629.9 378.046 4576 8.10928e-05
18400 0.40214 0.389154 0.0129863 0 0.967707 6797.13 6522.24 274.895 0 -30.8067 -31.8372 4 18729.9 379.06 4601 8.45803e-05
18500 0.419176 0.404561 0.0146157 0 0.965132 6839.06 6562.69 276.37 0 -30.8124 -31.7467 4 18829.9 380.07 4626 8.74536e-05
18600 0.409586 0.396183 0.0134039 0 0.967275 6880.17 6602.31 277.86 0 -30.8192 -31.9526 4 18929.9 381.078 4651 8.51822e-05
18700 0.413876 0.398513 0.0153633 0 0.962879 6921.49 6642.16 279.33 0 -30.823 -31.4422 4 19029.9 382.083 4676 8.52252e-05
18800 0.427452 0.412332 0.0151203 0 0.964627 6964.37 6683.4 280.977 0 -30.8253 -31.2046 4 19129.9 383.086 4701 8.77115e-05
18900 0.388763 0.374227 0.0145368 0 0.962608 7003.23 6720.82 282.409 0 -30.8304 -31.7422 4 19229.9 384.086 4726 7.91846e-05
19000 0.425617 0.409748 0.0158692 0 0.962715 7045.85 6761.79 284.061 0 -30.8319 -31.0745 4 19329.9 385.083 4751 8.62446e-05
19100 0.395429 0.380971 0.014458 0 0.963437 7085.51 6799.89 285.615 0 -30.8358 -31.5389 4 19429.9 386.078 4776 7.97677e-05
19200 0.401655 0.388139 0.0135163 0 0.966348 7125.81 6838.7 287.106 0 -30.8429 -32.0879 4 19529.9 387.07 4801 8.08454e-05
19300 0.431125 0.415104 0.0160217 0 0.962837 7168.94 6880.22 288.722 0 -30.849 -31.846 4 19629.9 388.06 4826 8.6014e-05
19400 0.412626 0.400023 0.0126029 0 0.969457 7210.53 6920.22 290.313 0 -30.8569 -32.2322 4 19729.9 389.047 4851 8.24621e-05
19500 0.397356 0.384495 0.0128609 0 0.967634 7250.31 6958.67 291.644 0 -30.8643 -32.2035 4 19829.9 390.032 4876 7.88547e-05
19600 0.373841 0.360364 0.0134774 0 0.963949 7287.58 6994.7 292.874 0 -30.8719 -32.348 4 19929.9 391.014 4901 7.35286e-05
19700 0.372573 0.359394 0.0131797 0 0.964625 7324.81 7030.64 294.169 0 -30.8797 -32.3968 4 20029.9 391.994 4926 7.29585e-05
19800 0.391545 0.379391 0.0121534 0 0.96896 7363.97 7068.58 295.388 0 -30.8865 -32.17 4 20129.9 392.971 4951 7.66292e-05
19900 0.430108 0.41471 0.0153975 0 0.964201 7406.89 7110.05 296.842 0 -30.8883 -31.201 4 20229.9 393.946 4976 8.33421e-05
20000 0.416816 0.404047 0.0127693 0 0.969365 7448.82 7150.46 298.361 0 -30.8929 -31.7071 4 20329.9 394.919 5001 8.07933e-05
20100 0.382574 0.370617 0.0119566 0 0.968747 7487.12 7187.52 299.6 0 -30.8987 -32.0106 4 20429.9 395.889 5026 7.374e-05
20200 0.393871 0.380726 0.0131452 0 0.966626 7526.42 7225.59 300.831 0 -30.904 -31.9241 4 20529.9 396.856 5051 7.53763e-05
20300 0.381336 0.37009 0.0112466 0 0.970507 7564.62 7262.6 302.02 0 -30.9102 -32.1297 4 20629.9 397.822 5076 7.29097e-05
20400 0.407166 0.393076 0.0140902 0 0.965394 7605.2 7301.91 303.289 0 -30.9142 -31.6527 4 20729.9 398.785 5101 7.70586e-05
20500 0.460455 0.446158 0.0142963 0 0.968952 7651.32 7346.52 304.8 0 -30.9159 -31.2059 4 20829.9 399.745 5126 8.70383e-05
20600 0.426984 0.413237 0.0137472 0 0.967804 7694.04 7387.85 306.194 0 -30.9203 -31.697 4 20929.9 400.704 5151 8.02247e-05
20700 0.429055 0.412291 0.0167646 0 0.960927 7736.69 7429.08 307.614 0 -30.9224 -31.3078 4 21029.9 401.66 5176 7.96543e-05
20800 0.435505 0.421462 0.0140425 0 0.967756 7780.37 7471.22 309.15 0 -30.9259 -31.5403 4 21129.9 402.614 5201 8.10348e-05
20900 0.417373 0.403863 0.0135105 0 0.96763 7822.15 7511.61 310.542 0 -30.9308 -31.8412 4 21229.9 403.565 5226 7.72795e-05
21000 0.420457 0.406319 0.0141378 0 0.966375 7864.27 7552.24 312.028 0 -30.9338 -31.4907 4 21329.9 404.515 5251 7.73794e-05
21100 0.413207 0.400014 0.0131931 0 0.968071 7905.73 7592.24 313.492 0 -30.937 -31.5539 4 21429.9 405.462 5276 7.58176e-05
21200 0.424656 0.409281 0.0153755 0 0.963793 7948.14 7633.17 314.97 0 -30.9415 -31.7851 4 21529.9 406.407 5301 7.72082e-05
21300 0.434908 0.419503 0.0154045 0 0.96458 7991.65 7675.12 316.531 0 -30.9444 -31.4749 4 21629.9 407.349 5326 7.87652e-05
21400 0.436609 0.420106 0.0165027 0 0.962203 8035.26 7717.13 318.129 0 -30.9456 -31.1671 4 21729.9 408.29 5351 7.85099e-05
21500 0.418129 0.404666 0.0134633 0 0.967801 8077.23 7757.6 319.636 0 -30.948 -31.4062 4 21829.9 409.228 5376 7.52727e-05
21600 0.418842 0.402147 0.0166941 0 0.960142 8118.86 7797.81 321.046 0 -30.9501 -31.3541 4 21929.9 410.165 5401 7.4458e-05
21700 0.463651 0.443228 0.0204228 0 0.955952 8164.84 7842.14 322.704 0 -30.9504 -30.9953 4 22029.9 411.099 5426 8.16859e-05
21800 0.427894 0.41325 0.0146443 0 0.965776 8207.94 7883.46 324.483 0 -30.9534 -31.5288 4 22129.9 412.031 5451 7.58118e-05
21900 0.424276 0.408599 0.0156774 0 0.963049 8250.33 7924.32 326.013 0 -30.9572 -31.689 4 22229.9 412.961 5476 7.46163e-05
22000 0.415288 0.401637 0.0136505 0 0.96713 8292 7964.48 327.519 0 -30.9617 -31.8477 4 22329.9 413.888 5501 7.30117e-05
22100 0.406871 0.392409 0.0144624 0 0.964455 8332.69 8003.73 328.968 0 -30.9659 -31.8195 4 22429.9 414.814 5526 7.10114e-05
22200 0.394524 0.381515 0.0130086 0 0.967027 8372.21 8041.88 330.337 0 -30.9687 -31.5729 4 22529.9 415.738 5551 6.87291e-05
22300 0.407742 0.39186 0.0158815 0 0.96105 8412.65 8081.06 331.583 0 -30.9712 -31.4875 4 22629.9 416.659 5576 7.02762e-05
22400 0.408624 0.39365 0.0149739 0 0.963355 8453.42 8120.43 332.992 0 -30.9753 -31.8251 4 22729.9 417.579 5601 7.02821e-05
22500 0.41742 0.403874 0.0135454 0 0.96755 8495.29 8160.82 334.477 0 -30.9816 -32.2528 4 22829.9 418.497 5626 7.17871e-05
22600 0.427652 0.413358 0.0142945 0 0.966574 8538.12 8202.15 335.97 0 -30.9866 -31.9635 4 22929.9 419.412 5651 7.31477e-05
22700 0.40188 0.389759 0.0121211 0 0.969839 8578.55 8241.13 337.423 0 -30.9912 -31.9657 4 23029.9 420.326 5676 6.86679e-05
22800 0.391907 0.378908 0.0129989 0 0.966832 8617.66 8279.02 338.638 0 -30.9947 -31.7685 4 23129.9 421.237 5701 6.64634e-05
22900 0.434688 0.421707 0.0129816 0 0.970136 8661.09 8321.19 339.9 0 -30.9981 -31.6788 4 23229.9 422.147 5726 7.36477e-05
23000 0.446527 0.432872 0.013655 0 0.96942 8705.83 8364.48 341.351 0 -31.0026 -31.8621 4 23329.9 423.055 5751 7.52689e-05
23100 0.425977 0.409541 0.0164357 0 0.961417 8748.18 8405.43 342.754 0 -31.0072 -31.9618 4 23429.9 423.96 5776 7.09039e-05
23200 0.464493 0.445817 0.0186756 0 0.959794 8794.59 8450.01 344.581 0 -31.0074 -31.0503 4 23529.9 424.864 5801 7.68518e-05
23300 0.480237 0.460579 0.0196576 0 0.959067 8842.67 8496.07 346.604 0 -31.0101 -31.4911 4 23629.9 425.766 5826 7.90558e-05
23400 0.438795 0.422791 0.0160041 0 0.963527 8886.77 8538.35 348.424 0 -31.0146 -31.9311 4 23729.9 426.666 5851 7.22597e-05
23500 0.423873 0.406449 0.0174245 0 0.958892 8929.03 8578.99 350.037 0 -31.02 -32.1557 4 23829.9 427.564 5876 6.9171e-05
23600 0.451149 0.435086 0.0160624 0 0.964397 8974.29 8622.5 351.791 0 -31.0277 -32.5297 4 23929.9 428.46 5901 7.3731e-05
23700 0.419143 0.403679 0.0154645 0 0.963104 9016.16 8662.87 353.285 0 -31.0341 -32.4168 4 24029.9 429.354 5926 6.81199e-05
23800 0.429405 0.413635 0.0157694 0 0.963276 9059.01 8704.23 354.781 0 -31.0388 -32.0263 4 24129.9 430.247 5951 6.95068e-05
23900 0.442489 0.427659 0.0148299 0 0.966485 9103.31 8747 356.311 0 -31.0437 -32.036 4 24229.9 431.137 5976 7.15627e-05
24000 0.423755 0.409367 0.0143885 0 0.966045 9145.65 8787.94 357.717 0 -31.049 -32.2026 4 24329.9 432.026 6001 6.82165e-05
24100 0.436806 0.42209 0.0147164 0 0.966309 9189.37 8830.15 359.227 0 -31.0548 -32.269 4 24429.9 432.913 6026 7.00447e-05
24200 0.393326 0.381975 0.0113506 0 0.971142 9228.84 8868.34 360.496 0 -31.0614 -32.6022 4 24529.9 433.798 6051 6.3126e-05
24300 0.39079 0.378413 0.0123767 0 0.968329 9267.82 8906.18 361.637 0 -31.0678 -32.5803 4 24629.9 434.682 6076 6.22799e-05
24400 0.436533 0.423059 0.0134734 0 0.969135 9311.41 8948.49 362.922 0 -31.0706 -31.6568 4 24729.9 435.563 6101 6.93426e-05
24500 0.411115 0.398799 0.0123158 0 0.970043 9352.67 8988.37 364.296 0 -31.0754 -32.1621 4 24829.9 436.443 6126 6.50994e-05
24600 0.482183 0.464758 0.0174255 0 0.963861 9400.77 9034.85 365.923 0 -31.0747 -30.9328 4 24929.9 437.321 6151 7.55581e-05
24700 0.425933 0.411573 0.0143599 0 0.966286 9443.46 9076 367.454 0 -31.0773 -31.6663 4 25029.9 438.197 6176 6.66406e-05
24800 0.396474 0.384306 0.0121679 0 0.96931 9483.3 9114.43 368.871 0 -31.0812 -31.9936 4 25129.9 439.072 6201 6.19749e-05
24900 0.392182 0.379008 0.0131739 0 0.966409 9522.51 9152.33 370.18 0 -31.0864 -32.3527 4 25229.9 439.944 6226 6.0875e-05
25000 0.429822 0.415973 0.0138491 0 0.96778 9565.59 9193.93 371.659 0 -31.0905 -31.9958 4 25329.9 440.815 6251 6.6545e-05
25100 0.418355 0.404903 0.0134512 0 0.967847 9607.45 9234.42 373.025 0 -31.0957 -32.2685 4 25429.9 441.685 6276 6.45162e-05
25200 0.409108 0.394981 0.0141277 0 0.965467 9648.35 9273.92 374.427 0 -31.0996 -32.0246 4 25529.9 442.552 6301 6.26854e-05
25300 0.413087 0.400945 0.0121412 0 0.970609 9689.78 9314.01 375.769 0 -31.1037 -32.0478 4 25629.9 443.418 6326 6.33805e-05
25400 0.426525 0.412349 0.0141759 0 0.966764 9732.4 9355.25 377.146 0 -31.1065 -31.7646 4 25729.9 444.282 6351 6.49267e-05
25500 0.415514 0.402448 0.0130661 0 0.968554 9774.01 9395.49 378.512 0 -31.1111 -32.1715 4 25829.9 445.145 6376 6.31192e-05
25600 0.442606 0.427495 0.015111 0 0.965859 9818.34 9438.24 380.092 0 -31.1143 -31.8208 4 25929.9 446.006 6401 6.67856e-05
25700 0.430919 0.417314 0.0136048 0 0.968428 9861.6 9479.98 381.629 0 -31.1169 -31.7073 4 26029.9 446.865 6426 6.49416e-05
25800 0.421606 0.407551 0.0140555 0 0.966662 9903.8 9520.73 383.069 0 -31.1211 -32.1161 4 26129.9 447.722 6451 6.31764e-05
25900 0.431023 0.41805 0.0129726 0 0.969903 9947.13 9562.54 384.594 0 -31.1251 -32.0328 4 26229.9 448.578 6476 6.45537e-05
26000 0.420384 0.407053 0.0133309 0 0.968289 9989.24 9603.24 385.998 0 -31.1302 -32.3359 4 26329.9 449.433 6501 6.2614e-05
26100 0.41289 0.399949 0.0129407 0 0.968658 10030.6 9643.24 387.346 0 -31.1347 -32.2125 4 26429.9 450.285 6526 6.12855e-05
26200 0.422254 0.408158 0.014096 0 0.966617 10072.7 9684.05 388.69 0 -31.1384 -32.0249 4 26529.9 451.136 6551 6.23047e-05
26300 0.44712 0.430603 0.0165166 0 0.96306 10117.3 9727.11 390.217 0 -31.1413 -31.7847 4 26629.9 451.986 6576 6.5481e-05
26400 0.415336 0.403852 0.0114847 0 0.972349 10159.2 9767.5 391.666 0 -31.1461 -32.3094 4 26729.9 452.834 6601 6.11804e-05
26500 0.395376 0.383932 0.0114438 0 0.971056 10198.8 9805.89 392.904 0 -31.1526 -32.8164 4 26829.9 453.68 6626 5.79432e-05
26600 0.394485 0.383026 0.0114591 0 0.970952 10238.3 9844.19 394.105 0 -31.1585 -32.6841 4 26929.9 454.524 6651 5.75892e-05
26700 0.453527 0.437754 0.0157733 0 0.965221 10283.6 9887.97 395.68 0 -31.1596 -31.4079 4 27029.9 455.368 6676 6.55713e-05
26800 0.43933 0.423144 0.0161861 0 0.963157 10327.6 9930.28 397.321 0 -31.1625 -31.8589 4 27129.9 456.209 6701 6.31464e-05
26900 0.420711 0.406258 0.0144525 0 0.965648 10369.7 9970.91 398.786 0 -31.1666 -32.1633 4 27229.9 457.049 6726 6.04012e-05
27000 0.459904 0.445847 0.0140564 0 0.969436 10415.9 10015.5 400.362 0 -31.1703 -32.0059 4 27329.9 457.888 6751 6.60416e-05
27100 0.446101 0.430795 0.0153057 0 0.96569 10460.5 10058.6 401.942 0 -31.1726 -31.6986 4 27429.9 458.725 6776 6.35766e-05
27200 0.431292 0.418439 0.0128528 0 0.970199 10503.8 10100.4 403.426 0 -31.176 -32.0099 4 27529.9 459.56 6801 6.15261e-05
27300 0.401196 0.389946 0.0112507 0 0.971957 10544.1 10139.4 404.679 0 -31.1812 -32.5174 4 27629.9 460.394 6826 5.71265e-05
27400 0.405195 0.391292 0.0139034 0 0.965687 10584.4 10178.5 405.87 0 -31.1853 -32.2613 4 27729.9 461.226 6851 5.71145e-05
27500 0.425936 0.413233 0.0127031 0 0.970176 10627.1 10219.9 407.281 0 -31.19 -32.3702 4 27829.9 462.057 6876 6.00978e-05
27600 0.410454 0.397149 0.0133051 0 0.967584 10668.2 10259.6 408.641 0 -31.1952 -32.5452 4 27929.9 462.887 6901 5.75494e-05
27700 0.48016 0.462064 0.0180963 0 0.962312 10716.1 10305.8 410.298 0 -31.195 -31.1477 4 28029.9 463.715 6926 6.67144e-05
27800 0.464841 0.448487 0.0163539 0 0.964818 10762.7 10350.6 412.045 0 -31.1957 -31.3473 4 28129.9 464.541 6951 6.45212e-05
27900 0.429688 0.414913 0.0147742 0 0.965616 10805.8 10392.1 413.654 0 -31.1988 -31.9663 4 28229.9 465.366 6976 5.94773e-05
28000 0.411857 0.398207 0.0136498 0 0.966858 10847 10431.9 415.074 0 -31.2024 -32.1633 4 28329.9 466.189 7001 5.68786e-05
28100 0.425543 0.410704 0.0148396 0 0.965128 10889.6 10473 416.573 0 -31.2054 -31.9727 4 28429.9 467.012 7026 5.84548e-05
28200 0.422428 0.407323 0.0151056 0 0.964241 10931.9 10513.7 418.113 0 -31.2079 -31.831 4 28529.9 467.832 7051 5.77681e-05
28300 0.430511 0.415492 0.0150197 0 0.965112 10975 10555.3 419.653 0 -31.2118 -32.2122 4 28629.9 468.651 7076 5.87184e-05
28400 0.460005 0.441866 0.018139 0 0.960568 11020.9 10599.5 421.408 0 -31.2132 -31.5379 4 28729.9 469.469 7101 6.22259e-05
28500 0.524886 0.505373 0.0195125 0 0.962825 11073.4 10650 423.398 0 -31.2118 -30.9169 4 28829.9 470.285 7126 7.09196e-05
28600 0.50504 0.485004 0.020036 0 0.960328 11123.9 10698.5 425.369 0 -31.2113 -31.1135 4 28929.9 471.1 7151 6.78232e-05
28700 0.513727 0.495114 0.0186134 0 0.963768 11175.5 10748 427.476 0 -31.2107 -31.074 4 29029.9 471.914 7176 6.89958e-05
28800 0.49064 0.471155 0.019485 0 0.960287 11224.4 10795.1 429.299 0 -31.2118 -31.4611 4 29129.9 472.726 7201 6.54291e-05
28900 0.510537 0.491672 0.0188649 0 0.963049 11275.5 10844.3 431.221 0 -31.2143 -31.7735 4 29229.9 473.537 7226 6.80421e-05
29000 0.504715 0.485291 0.0194236 0 0.961516 11326.1 10892.8 433.214 0 -31.2162 -31.6338 4 29329.9 474.346 7251 6.69275e-05
29100 0.465381 0.450348 0.0150335 0 0.967696 11372.8 10937.9 434.97 0 -31.2207 -32.3226 4 29429.9 475.154 7276 6.1895e-05
29200 0.484243 0.468307 0.0159361 0 0.967091 11421.3 10984.7 436.606 0 -31.2257 -32.3812 4 29529.9 475.961 7301 6.41429e-05
29300 0.488455 0.472776 0.0156789 0 0.967901 11470.3 11032 438.309 0 -31.228 -31.7666 4 29629.9 476.766 7326 6.4534e-05
29400 0.51468 0.497405 0.0172745 0 0.966436 11521.8 11081.7 440.093 0 -31.2291 -31.488 4 29729.9 477.57 7351 6.7665e-05
29500 0.485978 0.470152 0.0158263 0 0.967434 11570.5 11128.7 441.759 0 -31.2316 -31.8157 4 29829.9 478.372 7376 6.37408e-05
29600 0.49098 0.471771 0.0192087 0 0.960877 11619.4 11175.9 443.468 0 -31.2336 -31.7056 4 29929.9 479.173 7401 6.37443e-05
29700 0.475619 0.460471 0.0151486 0 0.96815 11667.2 11222 445.19 0 -31.2372 -32.1181 4 30029.9 479.973 7426 6.20079e-05
29800 0.463991 0.449784 0.0142074 0 0.96938 11713.8 11266.9 446.831 0 -31.2415 -32.3075 4 30129.9 480.772 7451 6.03656e-05
29900 0.446282 0.432611 0.0136706 0 0.969368 11758.5 11310.2 448.269 0 -31.2449 -32.1374 4 30229.9 481.569 7476 5.78666e-05
30000 0.456306 0.441777 0.0145291 0 0.968159 11804.1 11354.4 449.721 0 -31.2487 -32.2431 4 30329.9 482.365 7501 5.88958e-05
30100 0.440796 0.428501 0.0122943 0 0.972109 11848.4 11397.2 451.12 0 -31.2536 -32.5399 4 30429.9 483.159 7526 5.69361e-05
30200 0.463762 0.450602 0.0131602 0 0.971623 11894.8 11442.3 452.497 0 -31.2585 -32.5163 4 30529.9 483.952 7551 5.96744e-05
30300 0.464769 0.450087 0.0146819 0 0.96841 11941.2 11487.3 453.91 0 -31.264 -32.6739 4 30629.9 484.744 7576 5.94096e-05
30400 0.450169 0.437055 0.013114 0 0.970869 11986.4 11531 455.365 0 -31.2699 -32.842 4 30729.9 485.535 7601 5.74996e-05
30500 0.417403 0.406549 0.0108534 0 0.973998 12028.2 11571.7 456.577 0 -31.2764 -33.1276 4 30829.9 486.324 7626 5.33109e-05
30600 0.486408 0.471759 0.0146486 0 0.969884 12076.8 11618.8 457.998 0 -31.2776 -31.5793 4 30929.9 487.112 7651 6.16598e-05
30700 0.513666 0.497889 0.0157778 0 0.969284 12128.4 11668.6 459.77 0 -31.278 -31.3627 4 31029.9 487.899 7676 6.4863e-05
30800 0.48588 0.472958 0.0129215 0 0.973406 12177.3 11715.9 461.386 0 -31.2817 -32.189 4 31129.9 488.685 7701 6.14152e-05
30900 0.4403 0.426567 0.0137321 0 0.968812 12221.3 11758.6 462.729 0 -31.2856 -32.3789 4 31229.9 489.469 7726 5.52119e-05
31000 0.41748 0.404792 0.0126878 0 0.969609 12263.1 11799.1 464.012 0 -31.2908 -32.8013 4 31329.9 490.252 7751 5.22245e-05
31100 0.408016 0.397566 0.01045 0 0.974388 12303.9 11838.8 465.125 0 -31.2967 -33.0796 4 31429.9 491.034 7776 5.11273e-05
31200 0.466946 0.451034 0.0159116 0 0.965924 12350.4 11883.9 466.479 0 -31.301 -32.4267 4 31529.9 491.814 7801 5.78174e-05
31300 0.4582 0.443416 0.0147836 0 0.967735 12396.3 11928.3 468.028 0 -31.3053 -32.4776 4 31629.9 492.594 7826 5.66594e-05
31400 0.440552 0.425232 0.0153201 0 0.965225 12440.3 11970.8 469.465 0 -31.3078 -32.0142 4 31729.9 493.372 7851 5.41628e-05
31500 0.444268 0.430811 0.0134575 0 0.969709 12484.8 12013.9 470.926 0 -31.3107 -32.1159 4 31829.9 494.149 7876 5.46992e-05
31600 0.43366 0.419177 0.0144823 0 0.966604 12528.1 12055.8 472.293 0 -31.313 -31.978 4 31929.9 494.924 7901 5.30537e-05
31700 0.432759 0.421126 0.011633 0 0.973119 12571.6 12097.9 473.661 0 -31.3166 -32.3485 4 32029.9 495.699 7926 5.31322e-05
31800 0.44506 0.433089 0.011971 0 0.973102 12616.2 12141.2 474.973 0 -31.3166 -31.3301 4 32129.9 496.472 7951 5.44697e-05
31900 0.430083 0.417422 0.0126606 0 0.970562 12659.2 12182.9 476.294 0 -31.3191 -32.0326 4 32229.9 497.244 7976 5.23347e-05
32000 0.435062 0.42307 0.0119918 0 0.972437 12702.8 12225.3 477.578 0 -31.3211 -31.9032 4 32329.9 498.015 8001 5.28771e-05
32100 0.449987 0.435767 0.0142201 0 0.968399 12747.9 12268.8 479.041 0 -31.3242 -32.1957 4 32429.9 498.784 8026 5.42944e-05
32200 0.490445 0.473932 0.0165128 0 0.966331 12796.9 12316.2 480.692 0 -31.3263 -31.8821 4 32529.9 499.553 8051 5.88663e-05
32300 0.519058 0.50097 0.018088 0 0.965152 12848.9 12366.3 482.627 0 -31.3283 -31.8115 4 32629.9 500.32 8076 6.2032e-05
32400 0.455128 0.440613 0.0145157 0 0.968106 12894.6 12410.4 484.229 0 -31.3324 -32.508 4 32729.9 501.086 8101 5.43899e-05
32500 0.464751 0.448904 0.0158461 0 0.965904 12941.1 12455.3 485.855 0 -31.3368 -32.557 4 32829.9 501.851 8126 5.5243e-05
32600 0.464185 0.447456 0.0167287 0 0.963961 12987.5 12500 487.448 0 -31.3405 -32.3606 4 32929.9 502.615 8151 5.48958e-05
32700 0.462769 0.449077 0.013692 0 0.970413 13034 12544.9 489.064 0 -31.3458 -32.8289 4 33029.9 503.377 8176 5.49263e-05
32800 0.484458 0.466988 0.0174695 0 0.96394 13082.4 12591.6 490.779 0 -31.3477 -31.8684 4 33129.9 504.139 8201 5.69428e-05
32900 0.474284 0.457245 0.0170383 0 0.964076 13129.9 12637.4 492.565 0 -31.3512 -32.2964 4 33229.9 504.899 8226 5.55854e-05
33000 0.425616 0.413374 0.0122418 0 0.971237 13172.7 12678.7 494.049 0 -31.3567 -33.0376 4 33329.9 505.658 8251 5.00999e-05
33100 0.418968 0.405536 0.0134319 0 0.96794 13214.6 12719.2 495.403 0 -31.3607 -32.6202 4 33429.9 506.416 8276 4.90015e-05
33200 0.407159 0.394242 0.0129164 0 0.968277 13255.2 12758.7 496.581 0 -31.3649 -32.745 4 33529.9 507.173 8301 4.74934e-05
33300 0.438998 0.42636 0.0126383 0 0.971211 13299.2 12801.3 497.93 0 -31.3688 -32.5357 4 33629.9 507.929 8326 5.12082e-05
33400 0.434934 0.422645 0.0122893 0 0.971744 13342.8 12843.6 499.25 0 -31.3731 -32.6958 4 33729.9 508.683 8351 5.06101e-05
33500 0.43198 0.418844 0.0131363 0 0.969591 13386.1 12885.5 500.603 0 -31.3764 -32.389 4 33829.9 509.437 8376 5.00052e-05
33600 0.441634 0.428129 0.0135051 0 0.96942 13430.3 12928.3 502.045 0 -31.3806 -32.6589 4 33929.9 510.189 8401 5.09616e-05
33700 0.421387 0.409686 0.0117013 0 0.972231 13472.6 12969.2 503.335 0 -31.3843 -32.5476 4 34029.9 510.94 8426 4.86217e-05
33800 0.424194 0.410739 0.0134545 0 0.968282 13515 13010.3 504.657 0 -31.3873 -32.3368 4 34129.9 511.691 8451 4.86024e-05
33900 0.391433 0.381023 0.0104095 0 0.973407 13554.2 13048.4 505.776 0 -31.3918 -32.9471 4 34229.9 512.44 8476 4.49532e-05
34000 0.4309 0.41673 0.0141699 0 0.967116 13597.2 13090.1 507.07 0 -31.3947 -32.3208 4 34329.9 513.188 8501 4.90213e-05
34100 0.428812 0.415163 0.0136489 0 0.96817 13640 13131.6 508.382 0 -31.3988 -32.7061 4 34429.9 513.935 8526 4.86938e-05
34200 0.428371 0.415199 0.0131721 0 0.969251 13682.8 13173.1 509.653 0 -31.403 -32.7226 4 34529.9 514.68 8551 4.85556e-05
34300 0.410353 0.398424 0.0119295 0 0.970929 13723.8 13213 510.841 0 -31.4078 -33.0298 4 34629.9 515.425 8576 4.6458e-05
34400 0.387263 0.37734 0.00992263 0 0.974378 13762.7 13250.7 511.966 0 -31.4131 -33.259 4 34729.9 516.169 8601 4.38716e-05
34500 0.385879 0.376961 0.00891758 0 0.97689 13801.4 13288.4 512.988 0 -31.4185 -33.3319 4 34829.9 516.911 8626 4.37006e-05
34600 0.418709 0.404467 0.0142426 0 0.965984 13842.9 13328.8 514.035 0 -31.4217 -32.5086 4 34929.9 517.653 8651 4.67538e-05
34700 0.456975 0.440818 0.0161569 0 0.964644 13888.4 13372.9 515.444 0 -31.4231 -31.8406 4 35029.9 518.393 8676 5.08089e-05
34800 0.474454 0.458459 0.0159946 0 0.966288 13935.8 13418.8 517.041 0 -31.4236 -31.5784 4 35129.9 519.133 8701 5.26904e-05
34900 0.447324 0.43361 0.0137141 0 0.969342 13980.7 13462.1 518.571 0 -31.4258 -32.1175 4 35229.9 519.871 8726 4.96917e-05
35000 0.452385 0.437326 0.0150587 0 0.966713 14025.9 13505.9 520.045 0 -31.4281 -32.115 4 35329.9 520.608 8751 4.99744e-05
35100 0.447712 0.434511 0.0132012 0 0.970514 14070.8 13549.3 521.538 0 -31.432 -32.6662 4 35429.9 521.345 8776 4.95113e-05
35200 0.436338 0.423085 0.0132531 0 0.969626 14114.5 13591.6 522.892 0 -31.4368 -32.9725 4 35529.9 522.08 8801 4.80723e-05
35300 0.427742 0.413483 0.0142588 0 0.966665 14157.2 13633 524.252 0 -31.4401 -32.5175 4 35629.9 522.814 8826 4.68483e-05
35400 0.426981 0.412768 0.0142134 0 0.966712 14199.9 13674.2 525.653 0 -31.4425 -32.2537 4 35729.9 523.547 8851 4.66352e-05
35500 0.461379 0.444889 0.0164894 0 0.964261 14245.9 13718.7 527.218 0 -31.4441 -31.9265 4 35829.9 524.279 8876 5.01227e-05
35600 0.459002 0.443708 0.0152946 0 0.966679 14291.9 13763.1 528.787 0 -31.4461 -32.0764 4 35929.9 525.01 8901 4.98492e-05
35700 0.499301 0.481262 0.0180393 0 0.963871 14341.8 13811.2 530.579 0 -31.4465 -31.55 4 36029.9 525.741 8926 5.39168e-05
35800 0.505057 0.487125 0.0179318 0 0.964495 14392.3 13859.9 532.397 0 -31.4467 -31.5276 4 36129.9 526.47 8951 5.44213e-05
35900 0.490338 0.473388 0.0169507 0 0.965431 14441.5 13907.3 534.196 0 -31.4471 -31.5604 4 36229.9 527.198 8976 5.27393e-05
36000 0.463857 0.445824 0.0180322 0 0.961126 14487.8 13951.9 535.949 0 -31.4487 -31.9423 4 36329.9 527.925 9001 4.95305e-05
36100 0.526337 0.504516 0.0218202 0 0.958543 14540.2 14002.3 537.875 0 -31.4491 -31.5692 4 36429.9 528.651 9026 5.58959e-05
36200 0.510034 0.492345 0.0176886 0 0.965319 14591.4 14051.5 539.877 0 -31.4504 -31.815 4 36529.9 529.376 9051 5.43968e-05
36300 0.500185 0.482171 0.0180146 0 0.963984 14641.4 14099.8 541.66 0 -31.4516 -31.7793 4 36629.9 530.1 9076 5.31259e-05
36400 0.497559 0.482227 0.0153329 0 0.969184 14691.4 14148 543.386 0 -31.4522 -31.6496 4 36729.9 530.823 9101 5.29861e-05
36500 0.445112 0.432568 0.0125441 0 0.971818 14736 14191.2 544.805 0 -31.4552 -32.447 4 36829.9 531.545 9126 4.73995e-05
36600 0.432855 0.420303 0.012552 0 0.971002 14779.4 14233.3 546.141 0 -31.4593 -32.8388 4 36929.9 532.266 9151 4.59297e-05
36700 0.45867 0.444537 0.0141322 0 0.969189 14825.4 14277.7 547.648 0 -31.4643 -33.0623 4 37029.9 532.987 9176 4.84457e-05
36800 0.434536 0.421762 0.0127736 0 0.970604 14869 14319.9 549.091 0 -31.4685 -32.9066 4 37129.9 533.706 9201 4.58387e-05
36900 0.395824 0.384932 0.0108916 0 0.972484 14908.7 14358.4 550.29 0 -31.4735 -33.3435 4 37229.9 534.424 9226 4.17225e-05
37000 0.40654 0.395598 0.0109414 0 0.973087 14949.5 14398 551.509 0 -31.4783 -33.2439 4 37329.9 535.141 9251 4.27627e-05
37100 0.42911 0.416925 0.0121856 0 0.971603 14992.5 14439.7 552.806 0 -31.482 -32.7475 4 37429.9 535.857 9276 4.49466e-05
37200 0.422572 0.408357 0.0142156 0 0.966359 15034.6 14480.5 554.112 0 -31.4853 -32.6859 4 37529.9 536.573 9301 4.39046e-05
37300 0.424233 0.413524 0.0107097 0 0.974755 15077.3 14521.8 555.434 0 -31.4886 -32.6312 4 37629.9 537.287 9326 4.43409e-05
37400 0.437598 0.422399 0.0151991 0 0.965267 15120.8 14564.1 556.748 0 -31.4904 -32.1078 4 37729.9 538.001 9351 4.51716e-05
37500 0.50064 0.482172 0.0184674 0 0.963112 15170.8 14612.3 558.474 0 -31.4906 -31.5475 4 37829.9 538.713 9376 5.14262e-05
37600 0.48809 0.47068 0.0174103 0 0.96433 15219.6 14659.4 560.276 0 -31.4909 -31.5948 4 37929.9 539.425 9401 5.0067e-05
37700 0.460581 0.445697 0.0148838 0 0.967685 15265.9 14703.9 562.012 0 -31.494 -32.5021 4 38029.9 540.135 9426 4.72838e-05
37800 0.444942 0.428827 0.0161141 0 0.963784 15310.4 14746.8 563.559 0 -31.4963 -32.3174 4 38129.9 540.845 9451 4.53738e-05
37900 0.462739 0.448973 0.013766 0 0.970251 15356.9 14791.7 565.154 0 -31.4991 -32.3973 4 38229.9 541.554 9476 4.73801e-05
38000 0.427052 0.416478 0.0105743 0 0.975239 15399.7 14833.4 566.335 0 -31.5028 -32.8527 4 38329.9 542.262 9501 4.38352e-05
38100 0.497364 0.484212 0.0131521 0 0.973556 15449.6 14881.8 567.777 0 -31.5042 -31.9116 4 38429.9 542.968 9526 5.08306e-05
38200 0.459318 0.445807 0.0135114 0 0.970584 15495.4 14926.4 569.065 0 -31.5054 -31.9096 4 38529.9 543.674 9551 4.66765e-05
38300 0.451675 0.439627 0.0120485 0 0.973325 15540.7 14970.3 570.332 0 -31.5067 -31.9842 4 38629.9 544.379 9576 4.59092e-05
38400 0.458779 0.444125 0.0146544 0 0.968058 15586.4 15014.7 571.66 0 -31.5089 -32.239 4 38729.9 545.084 9601 4.62582e-05
38500 0.489162 0.476653 0.0125089 0 0.974428 15635.5 15062.4 573.139 0 -31.5124 -32.6095 4 38829.9 545.787 9626 4.95172e-05
38600 0.45026 0.437718 0.0125413 0 0.972147 15680.7 15106.2 574.486 0 -31.5159 -32.735 4 38929.9 546.489 9651 4.53547e-05
38700 0.446085 0.433667 0.0124176 0 0.972163 15725.3 15149.5 575.771 0 -31.5193 -32.7276 4 39029.9 547.191 9676 4.48188e-05
38800 0.460028 0.445562 0.014466 0 0.968554 15771.3 15194.1 577.163 0 -31.5227 -32.6692 4 39129.9 547.891 9701 4.59295e-05
38900 0.429271 0.417189 0.0120815 0 0.971856 15814.3 15235.8 578.48 0 -31.5267 -33.0088 4 39229.9 548.591 9726 4.28942e-05
39000 0.45959 0.447343 0.0122472 0 0.973352 15860.3 15280.6 579.771 0 -31.5278 -31.9118 4 39329.9 549.29 9751 4.58766e-05
39100 0.453944 0.440112 0.0138325 0 0.969528 15905.7 15324.6 581.158 0 -31.5293 -32.0556 4 39429.9 549.987 9776 4.50196e-05
39200 0.419577 0.408952 0.0106248 0 0.974677 15947.9 15365.5 582.439 0 -31.5323 -32.6415 4 39529.9 550.684 9801 4.17255e-05
39300 0.428533 0.41567 0.0128632 0 0.969983 15990.7 15407 583.675 0 -31.5341 -32.2293 4 39629.9 551.381 9826 4.23031e-05
39400 0.442894 0.42904 0.0138545 0 0.968718 16035 15449.9 585.119 0 -31.5359 -32.159 4 39729.9 552.076 9851 4.35529e-05
39500 0.452204 0.435538 0.0166653 0 0.963147 16080.2 15493.5 586.677 0 -31.539 -32.646 4 39829.9 552.77 9876 4.41007e-05
39600 0.453424 0.440467 0.0129572 0 0.971424 16125.8 15537.5 588.247 0 -31.5413 -32.3558 4 39929.9 553.464 9901 4.44871e-05
39700 0.433704 0.420042 0.0136629 0 0.968497 16169.1 15579.5 589.604 0 -31.5442 -32.6366 4 40029.9 554.156 9926 4.23173e-05
39800 0.44362 0.430163 0.0134568 0 0.969666 16213.5 15622.5 590.924 0 -31.5467 -32.4357 4 40129.9 554.848 9951 4.32281e-05
39900 0.508889 0.492011 0.0168784 0 0.966833 16264.3 15671.8 592.594 0 -31.5471 -31.6821 4 40229.9 555.539 9976 4.93194e-05
40000 0.477866 0.460223 0.0176435 0 0.963079 16312.1 15717.8 594.313 0 -31.5474 -31.6539 4 40329.9 556.229 10001 4.60177e-05
40100 0.489703 0.471972 0.0177313 0 0.963792 16361.2 15765 596.2 0 -31.5478 -31.6796 4 40429.9 556.918 10026 4.70748e-05
40200 0.443778 0.429247 0.0145306 0 0.967257 16405.7 15807.9 597.807 0 -31.5495 -32.1859 4 40529.9 557.606 10051 4.27069e-05
40300 0.441353 0.426363 0.0149897 0 0.966037 16449.9 15850.5 599.351 0 -31.5525 -32.6532 4 40629.9 558.294 10076 4.23148e-05
40400 0.444832 0.429452 0.0153806 0 0.965424 16494.4 15893.5 600.895 0 -31.5551 -32.5321 4 40729.9 558.98 10101 4.25158e-05
40500 0.443653 0.427569 0.0160836 0 0.963747 16538.6 15936.2 602.368 0 -31.5571 -32.2957 4 40829.9 559.666 10126 4.22249e-05
40600 0.459335 0.444706 0.0146292 0 0.968151 16584.6 15980.7 603.925 0 -31.559 -32.2417 4 40929.9 560.351 10151 4.38091e-05
40700 0.433557 0.422388 0.0111685 0 0.97424 16628.2 16022.9 605.284 0 -31.5627 -32.9701 4 41029.9 561.035 10176 4.15083e-05
40800 0.445083 0.430337 0.0147463 0 0.966868 16672.7 16066 606.7 0 -31.5645 -32.2404 4 41129.9 561.719 10201 4.21857e-05
40900 0.400087 0.388689 0.0113978 0 0.971512 16712.8 16104.8 607.994 0 -31.5681 -33.0522 4 41229.9 562.401 10226 3.80099e-05
41000 0.432522 0.419308 0.0132144 0 0.969448 16756 16146.8 609.197 0 -31.5711 -32.7353 4 41329.9 563.083 10251 4.09041e-05
41100 0.429555 0.418059 0.0114962 0 0.973237 16799 16188.6 610.445 0 -31.5739 -32.673 4 41429.9 563.763 10276 4.06831e-05
41200 0.424317 0.411301 0.0130157 0 0.969326 16841.4 16229.7 611.72 0 -31.5768 -32.6938 4 41529.9 564.443 10301 3.99283e-05
41300 0.412948 0.400953 0.0119949 0 0.970953 16882.8 16269.8 612.985 0 -31.5802 -32.9845 4 41629.9 565.123 10326 3.88295e-05
41400 0.437591 0.423005 0.0145862 0 0.966667 16926.4 16312.1 614.244 0 -31.5821 -32.3143 4 41729.9 565.801 10351 4.08661e-05
41500 0.49002 0.472802 0.0172179 0 0.964863 16975.3 16359.4 615.889 0 -31.5829 -31.8468 4 41829.9 566.478 10376 4.55669e-05
41600 0.498851 0.482636 0.0162154 0 0.967495 17025.3 16407.7 617.619 0 -31.5835 -31.8179 4 41929.9 567.155 10401 4.64029e-05
41700 0.483607 0.467961 0.0156458 0 0.967648 17073.8 16454.4 619.336 0 -31.5846 -31.9578 4 42029.9 567.831 10426 4.48841e-05
41800 0.47864 0.462075 0.0165652 0 0.965391 17121.6 16500.7 620.929 0 -31.585 -31.7153 4 42129.9 568.506 10451 4.42134e-05
41900 0.463499 0.448573 0.0149266 0 0.967796 17168 16545.5 622.503 0 -31.5863 -32.0686 4 42229.9 569.18 10476 4.28191e-05
42000 0.459878 0.445873 0.0140049 0 0.969547 17214.1 16590.1 623.984 0 -31.5874 -32.0072 4 42329.9 569.854 10501 4.24601e-05
42100 0.430828 0.418091 0.0127371 0 0.970436 17257.2 16631.9 625.27 0 -31.5894 -32.3902 4 42429.9 570.527 10526 3.97199e-05
42200 0.458046 0.445093 0.0129536 0 0.97172 17303.1 16676.4 626.675 0 -31.5911 -32.2343 4 42529.9 571.199 10551 4.21849e-05
42300 0.475133 0.458938 0.016195 0 0.965915 17350.5 16722.3 628.173 0 -31.5923 -32.0153 4 42629.9 571.87 10576 4.33943e-05
42400 0.446111 0.434097 0.0120144 0 0.973069 17395.3 16765.7 629.584 0 -31.5938 -32.2008 4 42729.9 572.54 10601 4.09486e-05
42500 0.444065 0.430859 0.0132064 0 0.97026 17439.8 16808.8 630.991 0 -31.5952 -32.1074 4 42829.9 573.21 10626 4.05476e-05
42600 0.413279 0.400235 0.0130435 0 0.968439 17481 16848.8 632.211 0 -31.5972 -32.4431 4 42929.9 573.878 10651 3.75773e-05
42700 0.438682 0.423886 0.0147958 0 0.966272 17524.8 16891.2 633.627 0 -31.5991 -32.3737 4 43029.9 574.546 10676 3.97046e-05
42800 0.420339 0.407047 0.0132913 0 0.96838 17566.9 16931.9 634.963 0 -31.6019 -32.7604 4 43129.9 575.214 10701 3.80382e-05
42900 0.404203 0.393428 0.0107756 0 0.973341 17607.4 16971.3 636.167 0 -31.6043 -32.6644 4 43229.9 575.88 10726 3.66798e-05
43000 0.407671 0.396907 0.0107639 0 0.973597 17648.3 17011 637.313 0 -31.6066 -32.5943 4 43329.9 576.546 10751 3.69181e-05
43100 0.453988 0.436965 0.0170234 0 0.962503 17693.3 17054.7 638.63 0 -31.6071 -31.7868 4 43429.9 577.211 10776 4.05498e-05
43200 0.449275 0.434395 0.0148806 0 0.966879 17738.2 17098.1 640.122 0 -31.6082 -32.0562 4 43529.9 577.875 10801 4.0218e-05
43300 0.433115 0.420627 0.0124873 0 0.971169 17781.7 17140.2 641.543 0 -31.6103 -32.4775 4 43629.9 578.538 10826 3.88535e-05
43400 0.434363 0.419309 0.0150541 0 0.965342 17825 17182.1 642.926 0 -31.6128 -32.6046 4 43729.9 579.201 10851 3.86424e-05
43500 0.456722 0.441671 0.0150518 0 0.967044 17870.7 17226.3 644.399 0 -31.6148 -32.4212 4 43829.9 579.863 10876 4.06096e-05
43600 0.428951 0.415339 0.0136118 0 0.968267 17913.6 17267.8 645.811 0 -31.6172 -32.5981 4 43929.9 580.524 10901 3.8101e-05
43700 0.420158 0.407861 0.0122973 0 0.970732 17955.7 17308.6 647.108 0 -31.6206 -33.0811 4 44029.9 581.184 10926 3.73294e-05
43800 0.393387 0.382725 0.0106619 0 0.972897 17995.2 17346.8 648.355 0 -31.6242 -33.2544 4 44129.9 581.844 10951 3.49489e-05
43900 0.415278 0.401127 0.014151 0 0.965924 18036.7 17387 649.705 0 -31.6264 -32.6012 4 44229.9 582.503 10976 3.65459e-05
44000 0.453385 0.437382 0.0160035 0 0.964702 18082 17430.7 651.314 0 -31.6277 -32.1319 4 44329.9 583.161 11001 3.97583e-05
44100 0.416912 0.403289 0.0136231 0 0.967324 18123.9 17471 652.897 0 -31.6297 -32.5012 4 44429.9 583.818 11026 3.65762e-05
44200 0.407809 0.39188 0.0159293 0 0.960939 18164.5 17510.2 654.275 0 -31.6317 -32.5099 4 44529.9 584.475 11051 3.5461e-05
44300 0.423228 0.410138 0.01309 0 0.969071 18206.9 17551.2 655.656 0 -31.6345 -32.8285 4 44629.9 585.131 11076 3.70294e-05
44400 0.412968 0.399866 0.0131027 0 0.968272 18248.2 17591.2 656.967 0 -31.6378 -33.1179 4 44729.9 585.786 11101 3.60207e-05
44500 0.425607 0.411778 0.0138289 0 0.967508 18290.8 17632.4 658.397 0 -31.64 -32.5705 4 44829.9 586.44 11126 3.70105e-05
44600 0.422027 0.409304 0.0127224 0 0.969854 18333.1 17673.3 659.779 0 -31.6418 -32.3989 4 44929.9 587.094 11151 3.67056e-05
44700 0.492589 0.472865 0.0197243 0 0.959958 18382.2 17720.6 661.615 0 -31.6425 -31.9174 4 45029.9 587.747 11176 4.23107e-05
44800 0.462906 0.447288 0.0156174 0 0.966262 18428.8 17765.3 663.448 0 -31.6434 -31.9871 4 45129.9 588.399 11201 3.99329e-05
44900 0.440809 0.426003 0.0148058 0 0.966412 18472.9 17807.9 664.962 0 -31.6451 -32.3833 4 45229.9 589.051 11226 3.79479e-05
45000 0.425939 0.412756 0.0131826 0 0.96905 18515.6 17849.2 666.377 0 -31.6475 -32.6909 4 45329.9 589.702 11251 3.66862e-05
45100 0.386283 0.376759 0.00952322 0 0.975346 18554.4 17886.9 667.466 0 -31.6513 -33.4422 4 45429.9 590.352 11276 3.34125e-05
45200 0.378301 0.370059 0.00824168 0 0.978214 18592.4 17923.9 668.504 0 -31.6554 -33.654 4 45529.9 591.001 11301 3.27457e-05
45300 0.378174 0.369038 0.00913673 0 0.97584 18630.2 17960.8 669.434 0 -31.6592 -33.541 4 45629.9 591.65 11326 3.25832e-05
45400 0.400661 0.389181 0.0114793 0 0.971349 18670.3 17999.7 670.581 0 -31.6629 -33.3951 4 45729.9 592.298 11351 3.42861e-05
45500 0.450835 0.431774 0.0190603 0 0.957722 18714.9 18042.9 671.975 0 -31.6642 -32.2024 4 45829.9 592.945 11376 3.79548e-05
45600 0.459403 0.444663 0.0147395 0 0.967916 18761 18087.4 673.681 0 -31.6659 -32.355 4 45929.9 593.592 11401 3.90021e-05
45700 0.487652 0.474596 0.0130558 0 0.973227 18810.2 18134.8 675.42 0 -31.6667 -31.9673 4 46029.9 594.237 11426 4.15365e-05
45800 0.434758 0.418884 0.0158738 0 0.963488 18853.5 18176.7 676.831 0 -31.6683 -32.3453 4 46129.9 594.883 11451 3.65805e-05
45900 0.493467 0.477942 0.015525 0 0.968539 18903 18224.5 678.487 0 -31.6692 -32.0026 4 46229.9 595.527 11476 4.16471e-05
46000 0.447043 0.433382 0.0136606 0 0.969442 18947.8 18267.8 679.961 0 -31.6709 -32.3985 4 46329.9 596.171 11501 3.76821e-05
46100 0.429745 0.418368 0.0113771 0 0.973526 18991 18309.7 681.34 0 -31.6734 -32.7842 4 46429.9 596.814 11526 3.62978e-05
46200 0.40892 0.397821 0.0110986 0 0.972859 19032 18349.5 682.536 0 -31.6766 -33.1503 4 46529.9 597.456 11551 3.44404e-05
46300 0.375505 0.366859 0.00864579 0 0.976976 19069.7 18386.1 683.55 0 -31.6805 -33.6459 4 46629.9 598.098 11576 3.16914e-05
46400 0.411932 0.399847 0.0120853 0 0.970662 19110.8 18426.1 684.683 0 -31.6839 -33.2883 4 46729.9 598.739 11601 3.44666e-05
46500 0.438315 0.424758 0.0135571 0 0.96907 19154.7 18468.6 686.055 0 -31.6869 -32.9707 4 46829.9 599.379 11626 3.65352e-05
46600 0.409765 0.400592 0.00917218 0 0.977616 19195.9 18508.7 687.225 0 -31.6904 -33.3204 4 46929.9 600.019 11651 3.43827e-05
46700 0.429272 0.414451 0.014821 0 0.965474 19238.5 18550.1 688.434 0 -31.693 -32.8552 4 47029.9 600.658 11676 3.5496e-05
46800 0.422791 0.409701 0.0130893 0 0.969041 19280.9 18591.1 689.793 0 -31.6965 -33.3175 4 47129.9 601.296 11701 3.50142e-05
46900 0.430688 0.417391 0.0132969 0 0.969126 19324 18632.8 691.222 0 -31.6989 -32.7656 4 47229.9 601.933 11726 3.55954e-05
47000 0.389095 0.377864 0.0112308 0 0.971136 19363 18670.6 692.401 0 -31.7021 -33.2539 4 47329.9 602.57 11751 3.21559e-05
47100 0.438921 0.425561 0.0133595 0 0.969563 19406.8 18713.2 693.682 0 -31.7051 -33.0485 4 47429.9 603.207 11776 3.6138e-05
47200 0.40025 0.388817 0.011433 0 0.971435 19446.9 18752 694.805 0 -31.7092 -33.6818 4 47529.9 603.842 11801 3.29478e-05
47300 0.392096 0.380354 0.0117422 0 0.970053 19486.1 18790.1 696.042 0 -31.7129 -33.578 4 47629.9 604.477 11826 3.21625e-05
47400 0.416656 0.40133 0.0153259 0 0.963217 19527.6 18830.2 697.409 0 -31.7148 -32.5984 4 47729.9 605.111 11851 3.38647e-05
47500 0.41388 0.399049 0.014831 0 0.964166 19569 18870.1 698.849 0 -31.7175 -33.0038 4 47829.9 605.745 11876 3.36013e-05
47600 0.451154 0.433243 0.0179113 0 0.960299 19613.9 18913.4 700.419 0 -31.7187 -32.2209 4 47929.9 606.378 11901 3.64039e-05
47700 0.520418 0.502956 0.0174618 0 0.966447 19666.1 18963.7 702.328 0 -31.7189 -31.7833 4 48029.9 607.01 11926 4.21731e-05
47800 0.469967 0.452432 0.0175344 0 0.96269 19712.9 19009 703.96 0 -31.7198 -32.1146 4 48129.9 607.642 11951 3.78573e-05
47900 0.511106 0.491734 0.0193714 0 0.962099 19763.9 19058.2 705.77 0 -31.7199 -31.7356 4 48229.9 608.272 11976 4.106e-05
48000 0.49633 0.480295 0.0160351 0 0.967693 19813.7 19106.2 707.55 0 -31.7214 -32.3424 4 48329.9 608.903 12001 4.00212e-05
48100 0.471664 0.455954 0.0157102 0 0.966692 19861 19151.8 709.258 0 -31.7233 -32.5202 4 48429.9 609.532 12026 3.7914e-05
48200 0.473994 0.457379 0.0166154 0 0.964946 19908.5 19197.5 710.962 0 -31.7252 -32.5176 4 48529.9 610.161 12051 3.79536e-05
48300 0.447126 0.4322 0.0149266 0 0.966617 19953.4 19240.7 712.634 0 -31.728 -32.9767 4 48629.9 610.79 12076 3.579e-05
48400 0.411928 0.399585 0.012343 0 0.970036 19994.7 19280.7 713.98 0 -31.7314 -33.3653 4 48729.9 611.417 12101 3.30208e-05
48500 0.436471 0.423868 0.0126027 0 0.971126 20038.4 19323.1 715.328 0 -31.7343 -33.0767 4 48829.9 612.044 12126 3.49553e-05
48600 0.397315 0.386715 0.0105994 0 0.973323 20078.3 19361.8 716.555 0 -31.7379 -33.5098 4 48929.9 612.671 12151 3.18258e-05
48700 0.432742 0.418844 0.0138984 0 0.967883 20121.6 19403.6 717.955 0 -31.7396 -32.5474 4 49029.9 613.297 12176 3.43991e-05
48800 0.432439 0.419801 0.0126385 0 0.970774 20165 19445.6 719.367 0 -31.7421 -32.9087 4 49129.9 613.922 12201 3.44071e-05
48900 0.426303 0.412378 0.0139255 0 0.967334 20207.6 19486.9 720.75 0 -31.7443 -32.7936 4 49229.9 614.546 12226 3.37296e-05
49000 0.41962 0.406477 0.013143 0 0.968679 20249.6 19527.5 722.08 0 -31.7458 -32.4664 4 49329.9 615.17 12251 3.31791e-05
49100 0.445845 0.431489 0.0143557 0 0.967801 20294.2 19570.7 723.538 0 -31.748 -32.7136 4 49429.9 615.793 12276 3.5149e-05
49200 0.412388 0.399723 0.0126644 0 0.96929 20335.5 19610.6 724.864 0 -31.7508 -33.143 4 49529.9 616.416 12301 3.24952e-05
49300 0.404504 0.392019 0.012485 0 0.969135 20376 19649.8 726.201 0 -31.7535 -33.1266 4 49629.9 617.038 12326 3.18042e-05
49400 0.453491 0.439796 0.0136952 0 0.969801 20421.5 19693.8 727.735 0 -31.7555 -32.6459 4 49729.9 617.659 12351 3.56081e-05
49500 0.469986 0.45253 0.0174562 0 0.962858 20468.5 19739.1 729.435 0 -31.7562 -32.0463 4 49829.9 618.28 12376 3.65651e-05
49600 0.422684 0.409518 0.0131664 0 0.96885 20511 19780 730.967 0 -31.7582 -32.7184 4 49929.9 618.9 12401 3.30229e-05
49700 0.447581 0.433847 0.0137335 0 0.969316 20555.8 19823.4 732.425 0 -31.7605 -32.8085 4 50029.9 619.519 12426 3.49145e-05
49800 0.433899 0.419187 0.0147115 0 0.966095 20599.3 19865.3 733.943 0 -31.763 -32.9306 4 50129.9 620.138 12451 3.36669e-05
49900 0.457739 0.442318 0.0154209 0 0.966311 20645 19909.5 735.452 0 -31.7638 -32.1533 4 50229.9 620.756 12476 3.54535e-05
50000 0.415919 0.401347 0.0145723 0 0.964964 20686.5 19949.7 736.839 0 -31.7657 -32.6805 4 50329.9 621.374 12501 3.21052e-05
