100 0.019176 0.0165654 0.00261059 0 0.863862 1.85239 1.65654 0.195846 0 -24.2517 -24.2517 16 437.882 57.9587 7 0.00236649
200 0.0224831 0.0199342 0.00254893 0 0.886629 4.06892 3.64996 0.418959 0 -26.2623 -27.9425 16 533.882 63.9974 13 0.0015334
300 0.0571498 0.0520479 0.00510189 0 0.910728 9.60785 8.85475 0.753095 0 -27.3014 -28.0647 16 629.882 69.5136 19 0.00273936
400 0.062555 0.0592244 0.00333065 0 0.946756 15.9479 14.7772 1.17075 0 -28.8407 -31.1734 16 741.882 75.441 26 0.00227786
500 0.0501485 0.0465718 0.00357668 0 0.928678 20.99 19.4344 1.55568 0 -29.1878 -30.2855 16 837.882 80.1736 32 0.00145537
600 0.0490717 0.0455196 0.0035521 0 0.927614 25.8961 23.9863 1.90982 0 -29.2487 -29.5096 16 933.882 84.642 38 0.00119788
700 0.0617937 0.056709 0.00508468 0 0.917715 31.9778 29.6572 2.32058 0 -29.0738 -28.3291 16 1029.88 88.8861 44 0.00128884
800 0.0651689 0.0606915 0.00447739 0 0.931296 38.5454 35.7264 2.81897 0 -29.0882 -29.1584 16 1141.88 93.5946 51 0.00119003
900 0.0527441 0.0485922 0.00415187 0 0.921283 43.821 40.5856 3.23541 0 -29.1007 -29.1914 16 1237.88 97.4495 57 0.000852494
1000 0.0655965 0.0589098 0.00668672 0 0.898063 50.1338 46.4766 3.65718 0 -28.882 -27.3642 16 1333.88 101.158 63 0.000935076
1100 0.0832244 0.0792603 0.00396407 0 0.952369 58.5498 54.4026 4.14719 0 -28.6855 -27.5146 16 1429.88 104.735 69 0.0011487
1200 0.104906 0.0978706 0.00703575 0 0.932933 68.9483 64.1897 4.75858 0 -28.5219 -27.6008 16 1541.88 108.759 76 0.00128777
1300 0.0875668 0.0815373 0.00602948 0 0.931144 77.6975 72.3434 5.3541 0 -28.3985 -27.4259 16 1637.88 112.094 82 0.000994358
1400 0.0886854 0.0811186 0.00756671 0 0.914679 86.3985 80.4553 5.94324 0 -28.2942 -27.3634 16 1733.88 115.332 88 0.000921803
1500 0.0796076 0.0751417 0.00446595 0 0.9439 94.4637 87.9694 6.49422 0 -28.3753 -29.2444 16 1829.88 118.482 94 0.00079938
1600 0.0689083 0.065745 0.00316339 0 0.954093 101.427 94.5439 6.88324 0 -28.4718 -29.7802 16 1941.88 122.054 101 0.00065094
1700 0.113028 0.105732 0.00729622 0 0.935448 112.535 105.117 7.4182 0 -28.434 -28.0891 16 2037.88 125.034 107 0.000988146
1800 0.0941479 0.0888479 0.00529992 0 0.943706 121.981 114.002 7.97928 0 -28.4665 -28.8539 16 2133.88 127.946 113 0.000786265
1900 0.0843059 0.0798661 0.00443981 0 0.947337 130.4 121.988 8.41107 0 -28.4954 -28.9138 16 2229.88 130.792 119 0.000671144
2000 0.0749393 0.0721005 0.00283881 0 0.962118 137.969 129.199 8.7707 0 -28.5689 -29.8353 16 2341.88 134.036 126 0.000572226
2100 0.0645739 0.0620716 0.00250231 0 0.961249 144.449 135.406 9.04311 0 -28.6521 -30.4239 16 2437.88 136.756 132 0.000470239
2200 0.0622858 0.0604921 0.00179367 0 0.971203 150.74 141.455 9.28489 0 -28.7201 -30.2804 16 2533.88 139.423 138 0.000438349
2300 0.0708287 0.0682387 0.00259006 0 0.963432 157.832 148.279 9.55295 0 -28.791 -30.2988 16 2629.88 142.039 144 0.00047388
2400 0.0636118 0.0613547 0.00225702 0 0.964519 164.241 154.414 9.82656 0 -28.8611 -30.5866 16 2741.88 145.032 151 0.000406323
2500 0.0725913 0.0694081 0.0031832 0 0.956149 171.528 161.355 10.1733 0 -28.9042 -29.8748 16 2837.88 147.549 157 0.00044209
2600 0.074855 0.0707264 0.00412862 0 0.944845 178.981 168.428 10.553 0 -28.8993 -28.7877 16 2933.88 150.024 163 0.000433904
2700 0.0810132 0.0778008 0.00321243 0 0.960347 187.174 176.208 10.9661 0 -28.942 -29.8736 16 3029.88 152.459 169 0.00046036
2800 0.0832809 0.080018 0.00326294 0 0.96082 195.59 184.21 11.3807 0 -29.0026 -30.3515 16 3141.88 155.251 176 0.000454648
2900 0.0722566 0.0688502 0.00340641 0 0.952857 202.798 191.095 11.7033 0 -29.0418 -30.1054 16 3237.88 157.605 182 0.000378298
3000 0.0801737 0.0755784 0.00459537 0 0.942682 210.703 198.652 12.0506 0 -29.0653 -29.6673 16 3333.88 159.925 188 0.000402013
3100 0.0822906 0.0777309 0.00455971 0 0.94459 218.836 206.426 12.4104 0 -29.0989 -29.971 16 3429.88 162.211 194 0.000400675
3200 0.0917821 0.0870458 0.00473633 0 0.948396 227.924 215.13 12.7934 0 -29.1109 -29.3982 16 3541.88 164.838 201 0.000433064
3300 0.0991207 0.0950561 0.0040646 0 0.958993 237.849 224.636 13.2137 0 -29.1282 -29.5265 16 3637.88 167.057 207 0.000459208
3400 0.0755305 0.0732901 0.00224037 0 0.970338 245.494 231.965 13.5292 0 -29.1775 -30.7122 16 3733.88 169.247 213 0.000344085
3500 0.0809283 0.0777685 0.00315981 0 0.960955 253.544 239.742 13.8021 0 -29.2164 -30.4026 16 3829.88 171.409 219 0.000355107
3600 0.111658 0.107455 0.00420333 0 0.962355 264.781 250.487 14.2935 0 -29.3331 -31.9656 16 3941.88 173.897 226 0.000475463
3700 0.08108 0.0780434 0.0030366 0 0.962548 272.967 258.291 14.6755 0 -29.4062 -31.771 16 4037.88 176.002 232 0.000336394
3800 0.0810447 0.077479 0.00356573 0 0.956003 281.035 266.039 14.9954 0 -29.4582 -31.2185 16 4133.88 178.082 238 0.000325542
3900 0.0845772 0.0807677 0.00380951 0 0.954958 289.488 274.116 15.3719 0 -29.5136 -31.3543 16 4229.88 180.138 244 0.000331015
4000 0.0929308 0.0901948 0.00273602 0 0.970558 298.865 283.136 15.7294 0 -29.5173 -29.6311 16 4341.88 182.507 251 0.000359342
4100 0.125161 0.119475 0.0056859 0 0.954571 311.326 295.083 16.2431 0 -29.5315 -29.8734 16 4437.88 184.513 257 0.000464883
4200 0.110038 0.104514 0.0055237 0 0.949802 322.311 305.534 16.7764 0 -29.5433 -29.8756 16 4533.88 186.498 263 0.000397393
4300 0.100815 0.0955283 0.00528669 0 0.94756 332.394 315.087 17.3072 0 -29.5641 -30.2312 16 4629.88 188.463 269 0.000355124
4400 0.117532 0.112103 0.00542858 0 0.953812 344.166 326.298 17.8686 0 -29.6073 -30.8249 16 4741.88 190.728 276 0.00040617
4500 0.107696 0.102116 0.00558035 0 0.948184 354.993 336.509 18.4841 0 -29.6212 -30.0645 16 4837.88 192.649 282 0.000362112
4600 0.0919439 0.0861613 0.00578256 0 0.937108 364.138 345.125 19.0123 0 -29.6357 -30.1974 16 4933.88 194.551 288 0.000299171
4700 0.0917996 0.0865278 0.00527181 0 0.942573 373.315 353.778 19.5373 0 -29.6683 -30.9622 16 5029.88 196.435 294 0.000294312
4800 0.0853344 0.0806967 0.00463764 0 0.945653 381.891 361.848 20.0433 0 -29.6977 -30.9796 16 5141.88 198.61 301 0.000268095
4900 0.079536 0.076126 0.00341 0 0.957126 389.922 369.46 20.4617 0 -29.7275 -31.1419 16 5237.88 200.455 307 0.000247968
5000 0.0751003 0.0726267 0.00247358 0 0.967063 397.466 376.723 20.7432 0 -29.7552 -31.1894 16 5333.88 202.284 313 0.000232034
5100 0.0899 0.0853569 0.00454314 0 0.949465 406.288 385.259 21.0288 0 -29.7577 -29.8704 16 5429.88 204.096 319 0.000267576
5200 0.0961083 0.092354 0.00375428 0 0.960937 415.929 394.494 21.4352 0 -29.7716 -30.3555 16 5541.88 206.191 326 0.000283295
5300 0.100949 0.0967493 0.00419937 0 0.958401 426.06 404.169 21.891 0 -29.7729 -29.8284 16 5637.88 207.969 332 0.000291414
5400 0.096385 0.0919557 0.00442928 0 0.954046 435.688 413.365 22.3229 0 -29.7878 -30.4461 16 5733.88 209.732 338 0.000272058
5500 0.083172 0.080661 0.002511 0 0.96981 444.107 421.431 22.6761 0 -29.8201 -31.4902 16 5829.88 211.48 344 0.00023448
5600 0.0852486 0.0819487 0.00329989 0 0.961291 452.614 429.626 22.9883 0 -29.8514 -31.4877 16 5941.88 213.502 351 0.000233472
5700 0.0810392 0.0790322 0.002007 0 0.975234 460.77 437.529 23.2416 0 -29.8865 -31.8303 16 6037.88 215.22 357 0.000221379
5800 0.0993901 0.0955884 0.00380174 0 0.961749 470.6 447.088 23.5127 0 -29.9063 -30.837 16 6133.88 216.924 363 0.000263329
5900 0.10747 0.103092 0.0043774 0 0.959269 481.325 457.397 23.9282 0 -29.9305 -30.9933 16 6229.88 218.615 369 0.000279383
6000 0.13456 0.127367 0.00719342 0 0.946541 494.794 470.134 24.6602 0 -29.9605 -31.031 16 6341.88 220.571 376 0.000338742
6100 0.148717 0.142155 0.00656187 0 0.955877 509.722 484.349 25.3727 0 -30.0089 -31.6142 16 6437.88 222.235 382 0.000372134
6200 0.124358 0.118417 0.00594122 0 0.952225 522.222 496.191 26.0312 0 -30.0341 -31.0608 16 6533.88 223.885 388 0.000305198
6300 0.135078 0.128487 0.00659145 0 0.951203 535.808 509.039 26.7691 0 -30.0433 -30.3971 16 6629.88 225.524 394 0.000326109
6400 0.110867 0.105621 0.00524595 0 0.952682 546.969 519.601 27.3671 0 -30.0683 -31.2673 16 6741.88 227.421 401 0.000263393
6500 0.109588 0.103691 0.00589662 0 0.946193 557.881 529.971 27.9102 0 -30.0855 -30.9474 16 6837.88 229.034 407 0.000254769
6600 0.102252 0.0977899 0.00446173 0 0.956365 568.166 539.75 28.4166 0 -30.11 -31.4418 16 6933.88 230.637 413 0.000236779
6700 0.0992315 0.0950026 0.00422882 0 0.957384 578.124 549.25 28.8739 0 -30.1348 -31.5455 16 7029.88 232.228 419 0.000226737
6800 0.10645 0.10197 0.00447939 0 0.95792 588.795 559.447 29.3486 0 -30.1601 -31.5353 16 7141.88 234.07 426 0.000239367
6900 0.0942937 0.0906655 0.00362819 0 0.961522 598.253 568.513 29.7399 0 -30.1916 -32.1491 16 7237.88 235.638 432 0.000209874
7000 0.100794 0.0975639 0.00323024 0 0.967952 608.408 578.27 30.1386 0 -30.2331 -32.677 16 7333.88 237.196 438 0.000222749
7100 0.0838037 0.0815223 0.00228146 0 0.972776 616.829 586.422 30.4072 0 -30.2702 -32.9529 16 7429.88 238.743 444 0.000183609
7200 0.0756472 0.0741292 0.001518 0 0.979933 624.465 593.835 30.63 0 -30.3099 -33.5142 16 7541.88 240.536 451 0.000164366
7300 0.097592 0.0936851 0.00390698 0 0.959966 634.042 603.203 30.8384 0 -30.3482 -32.8448 16 7637.88 242.062 457 0.000205
7400 0.123643 0.118062 0.00558088 0 0.954863 646.277 615.01 31.2677 0 -30.3494 -30.4145 16 7733.88 243.578 463 0.000254993
7500 0.123413 0.116903 0.00650997 0 0.947251 658.525 626.7 31.8253 0 -30.3436 -30.0393 16 7829.88 245.086 469 0.000249261
7600 0.124288 0.118828 0.00546028 0 0.956068 671.027 638.583 32.4444 0 -30.3449 -30.4123 16 7941.88 246.832 476 0.000249639
7700 0.123303 0.117384 0.00591905 0 0.951996 683.377 650.321 33.0554 0 -30.3545 -30.8724 16 8037.88 248.32 482 0.000243535
7800 0.115836 0.110791 0.00504532 0 0.956444 695.021 661.4 33.6205 0 -30.3536 -30.3036 16 8133.88 249.798 488 0.00022703
7900 0.0990844 0.095713 0.00337139 0 0.965975 705.034 670.972 34.0629 0 -30.3713 -31.603 16 8229.88 251.268 494 0.000193751
8000 0.100709 0.0975321 0.00317659 0 0.968458 715.172 680.725 34.4471 0 -30.3856 -31.3747 16 8341.88 252.972 501 0.000194675
8100 0.104816 0.101403 0.00341366 0 0.967432 725.704 690.865 34.8388 0 -30.3938 -30.951 16 8437.88 254.423 507 0.000200005
8200 0.108529 0.104439 0.00409006 0 0.962314 736.564 701.309 35.2552 0 -30.399 -30.7506 16 8533.88 255.866 513 0.000203585
8300 0.106852 0.101995 0.00485784 0 0.954537 747.152 711.508 35.6439 0 -30.4051 -30.8271 16 8629.88 257.302 519 0.000196521
8400 0.117165 0.113846 0.00331924 0 0.97167 759 722.893 36.1066 0 -30.416 -31.1044 16 8741.88 258.966 526 0.000216437
8500 0.10857 0.105056 0.00351369 0 0.967637 769.841 733.399 36.4428 0 -30.4333 -31.6396 16 8837.88 260.384 532 0.000197474
8600 0.120936 0.115575 0.00536042 0 0.955675 781.854 744.956 36.8984 0 -30.4404 -30.9017 16 8933.88 261.794 538 0.000214824
8700 0.119496 0.114933 0.00456306 0 0.961814 793.874 756.449 37.4248 0 -30.4547 -31.3839 16 9029.88 263.197 544 0.000211274
8800 0.100015 0.0965235 0.00349122 0 0.965093 803.906 766.102 37.8045 0 -30.4728 -31.9041 16 9141.88 264.824 551 0.000175179
8900 0.0916363 0.0892659 0.00237037 0 0.974133 813.116 775.028 38.088 0 -30.4961 -32.5238 16 9237.88 266.211 557 0.000160262
9000 0.0903759 0.0873986 0.0029773 0 0.967056 822.111 783.768 38.3433 0 -30.5215 -32.8202 16 9333.88 267.591 563 0.000155237
9100 0.0915308 0.0896885 0.00184231 0 0.979872 831.296 792.737 38.5591 0 -30.5495 -33.0595 16 9429.88 268.963 569 0.000157625
9200 0.0996926 0.0978975 0.00179501 0 0.981995 841.31 802.527 38.7828 0 -30.5712 -32.3735 16 9541.88 270.556 576 0.000169961
9300 0.0908148 0.0885772 0.00223752 0 0.975362 850.363 811.384 38.9788 0 -30.595 -32.8038 16 9637.88 271.914 582 0.000152195
9400 0.0883775 0.0855124 0.0028651 0 0.967581 859.125 819.936 39.1894 0 -30.6189 -32.9375 16 9733.88 273.264 588 0.000145429
9500 0.082192 0.0802229 0.00196914 0 0.976042 867.37 827.958 39.4124 0 -30.6448 -33.3443 16 9829.88 274.609 594 0.000135055
9600 0.0747189 0.0732629 0.00145601 0 0.980514 874.861 835.284 39.5763 0 -30.6734 -33.9831 16 9941.88 276.169 601 0.000121902
9700 0.124395 0.120203 0.00419164 0 0.966304 887.318 847.305 40.0135 0 -30.6708 -30.4896 16 10037.9 277.499 607 0.000198028
9800 0.0963768 0.092979 0.00339777 0 0.964745 896.985 856.603 40.3826 0 -30.682 -31.712 16 10133.9 278.823 613 0.000151679
9900 0.0936607 0.0909009 0.00275983 0 0.970534 906.397 865.693 40.7041 0 -30.7035 -32.7477 16 10229.9 280.14 619 0.000146851
10000 0.0960731 0.0911799 0.00489316 0 0.949068 915.839 874.811 41.0288 0 -30.7131 -31.6362 16 10341.9 281.67 626 0.000145655
10100 0.09835 0.0951497 0.00320024 0 0.967461 925.737 884.326 41.4109 0 -30.7303 -32.3233 16 10437.9 282.974 632 0.000150553
10200 0.0990013 0.0938076 0.0051937 0 0.947539 935.485 893.706 41.7783 0 -30.7415 -31.8029 16 10533.9 284.272 638 0.000147034
10300 0.11195 0.107103 0.00484765 0 0.956698 946.734 904.417 42.3178 0 -30.7455 -31.0791 16 10629.9 285.565 644 0.000166308
10400 0.0916709 0.0885461 0.00312483 0 0.965913 955.951 913.271 42.68 0 -30.7585 -32.0925 16 10741.9 287.065 651 0.000136016
10500 0.0972049 0.0933146 0.0038903 0 0.959978 965.703 922.603 43.0999 0 -30.7762 -32.5145 16 10837.9 288.345 657 0.000142031
10600 0.0920383 0.0884619 0.0035764 0 0.961142 974.924 931.449 43.4749 0 -30.7913 -32.3721 16 10933.9 289.619 663 0.000133427
10700 0.0916508 0.0877907 0.00386007 0 0.957883 984.053 940.228 43.8254 0 -30.8016 -31.9017 16 11029.9 290.888 669 0.000131227
10800 0.109989 0.106279 0.00370997 0 0.96627 995.128 950.856 44.2727 0 -30.8022 -30.8584 16 11141.9 292.361 676 0.000157217
10900 0.0932876 0.0902494 0.0030382 0 0.967432 1004.51 959.881 44.6273 0 -30.8152 -32.1924 16 11237.9 293.618 682 0.00013233
11000 0.103858 0.100902 0.00295575 0 0.971541 1014.92 969.971 44.9533 0 -30.8309 -32.3435 16 11333.9 294.869 688 0.000146661
11100 0.100572 0.0977284 0.00284404 0 0.971721 1025.05 979.744 45.3098 0 -30.8344 -31.1893 16 11429.9 296.115 694 0.000140819
11200 0.0933918 0.0910533 0.00233854 0 0.97496 1034.45 988.849 45.6047 0 -30.8522 -32.7886 16 11541.9 297.563 701 0.000129891
11300 0.120754 0.116174 0.00458082 0 0.962065 1046.43 1000.47 45.9682 0 -30.8739 -32.7489 16 11637.9 298.798 707 0.000164319
11400 0.110653 0.106194 0.00445903 0 0.959703 1057.5 1011.09 46.4123 0 -30.8868 -32.1048 16 11733.9 300.027 713 0.000148939
11500 0.0975543 0.0938417 0.0037126 0 0.961943 1067.27 1020.47 46.8032 0 -30.9023 -32.575 16 11829.9 301.252 719 0.000130517
11600 0.0871074 0.085109 0.00199836 0 0.977059 1076.03 1028.98 47.0529 0 -30.9238 -33.5536 16 11941.9 302.675 726 0.00011723
11700 0.10068 0.098116 0.00256351 0 0.974538 1086.14 1038.79 47.3487 0 -30.9297 -31.555 16 12037.9 303.889 732 0.000134038
11800 0.0994473 0.0959571 0.00349016 0 0.964904 1096.02 1048.39 47.631 0 -30.9392 -31.9773 16 12133.9 305.098 738 0.000130023
11900 0.0948834 0.0930768 0.00180662 0 0.98096 1105.61 1057.7 47.9145 0 -30.9561 -32.8895 16 12229.9 306.303 744 0.000125103
12000 0.104487 0.101699 0.00278793 0 0.973318 1116.09 1067.87 48.2235 0 -30.9654 -31.9528 16 12341.9 307.702 751 0.000135418
12100 0.111607 0.106934 0.00467276 0 0.958132 1127.1 1078.56 48.5454 0 -30.963 -30.7194 16 12437.9 308.897 757 0.000141261
12200 0.096958 0.0939239 0.00303412 0 0.968707 1136.85 1087.95 48.8986 0 -30.9669 -31.4092 16 12533.9 310.087 763 0.000123098
12300 0.119106 0.114261 0.00484549 0 0.959318 1148.75 1099.38 49.3677 0 -30.9771 -31.9537 16 12629.9 311.272 769 0.000148583
12400 0.10087 0.0976005 0.00326905 0 0.967591 1158.91 1109.14 49.769 0 -30.99 -32.4488 16 12741.9 312.649 776 0.000125774
12500 0.0914194 0.0890131 0.00240635 0 0.973678 1168.07 1118.04 50.0276 0 -31.0061 -33.0498 16 12837.9 313.824 782 0.000113827
12600 0.0878015 0.0851611 0.00264045 0 0.969927 1176.79 1126.56 50.2357 0 -31.0179 -32.594 16 12933.9 314.996 788 0.000108072
12700 0.0851582 0.0830868 0.00207144 0 0.975675 1185.31 1134.86 50.4463 0 -31.0293 -32.6103 16 13029.9 316.162 794 0.000104643
12800 0.101131 0.0976999 0.00343128 0 0.966071 1195.32 1144.63 50.6855 0 -31.0346 -31.6562 16 13141.9 317.518 801 0.000121972
12900 0.104555 0.101458 0.00309678 0 0.970381 1205.77 1154.78 50.992 0 -31.0483 -32.616 16 13237.9 318.676 807 0.000125722
13000 0.0962203 0.0936515 0.00256882 0 0.973303 1215.45 1164.14 51.308 0 -31.0574 -32.1875 16 13333.9 319.829 813 0.000115192
13100 0.108637 0.104651 0.00398619 0 0.963307 1226.3 1174.61 51.6931 0 -31.0624 -31.6275 16 13429.9 320.979 819 0.000127779
13200 0.092936 0.090285 0.00265098 0 0.971475 1235.67 1183.64 52.0344 0 -31.0742 -32.6131 16 13541.9 322.314 826 0.000109304
13300 0.0956496 0.0929102 0.00273941 0 0.97136 1245.27 1192.93 52.3428 0 -31.0876 -32.8156 16 13637.9 323.455 832 0.000111671
13400 0.0899013 0.0876768 0.00222453 0 0.975256 1254.32 1201.7 52.6184 0 -31.1039 -33.3543 16 13733.9 324.591 838 0.000104626
13500 0.106351 0.102353 0.00399736 0 0.962413 1264.95 1211.93 53.0144 0 -31.1124 -32.1061 16 13829.9 325.724 844 0.000121272
13600 0.110538 0.106004 0.00453443 0 0.958979 1276 1222.53 53.4671 0 -31.1231 -32.3551 16 13941.9 327.04 851 0.000124564
13700 0.107242 0.103939 0.00330337 0 0.969197 1286.82 1232.93 53.8907 0 -31.1271 -31.5925 16 14037.9 328.164 857 0.000121282
13800 0.0917334 0.0887501 0.00298322 0 0.967479 1295.97 1241.8 54.1704 0 -31.1392 -32.8411 16 14133.9 329.284 863 0.000102839
13900 0.0964376 0.0939387 0.00249887 0 0.974088 1305.66 1251.2 54.4664 0 -31.1477 -32.2826 16 14229.9 330.401 869 0.0001081
14000 0.091656 0.0891316 0.00252439 0 0.972458 1314.87 1260.11 54.7631 0 -31.1572 -32.5049 16 14341.9 331.698 876 0.000101748
14100 0.100089 0.0966853 0.00340401 0 0.96599 1324.88 1269.78 55.0981 0 -31.1612 -31.6853 16 14437.9 332.807 882 0.000109621
14200 0.0954805 0.0914461 0.00403442 0 0.957746 1334.36 1278.92 55.4343 0 -31.1667 -31.9426 16 14533.9 333.911 888 0.00010298
14300 0.0864729 0.0836614 0.00281157 0 0.967486 1343.05 1287.29 55.7623 0 -31.1781 -32.9241 16 14629.9 335.012 894 9.35809e-05
14400 0.11671 0.110359 0.00635084 0 0.945585 1354.57 1298.32 56.2457 0 -31.1753 -30.8491 16 14741.9 336.292 901 0.000122485
14500 0.125522 0.116684 0.00883807 0 0.929589 1366.87 1309.99 56.8771 0 -31.1655 -30.0828 16 14837.9 337.385 907 0.000128648
14600 0.132769 0.12432 0.00844933 0 0.936361 1380.01 1322.42 57.5834 0 -31.1529 -29.8462 16 14933.9 338.475 913 0.000136167
14700 0.133062 0.126881 0.00618166 0 0.953543 1393.45 1335.11 58.3418 0 -31.1356 -29.3628 16 15029.9 339.561 919 0.000138064
14800 0.106643 0.102018 0.00462526 0 0.956629 1404.21 1345.31 58.8934 0 -31.134 -30.9182 16 15141.9 340.824 926 0.000110171
14900 0.0992867 0.0951274 0.00415926 0 0.958109 1414.14 1354.83 59.3089 0 -31.1359 -31.4127 16 15237.9 341.903 932 0.000102068
15000 0.10121 0.0972416 0.00396833 0 0.960791 1424.26 1364.55 59.7075 0 -31.1393 -31.6053 16 15333.9 342.978 938 0.000103669
15100 0.103984 0.100627 0.00335704 0 0.967716 1434.67 1374.61 60.0592 0 -31.1472 -32.2331 16 15429.9 344.05 944 0.000106596
15200 0.0981108 0.0952482 0.00286261 0 0.970823 1444.47 1384.14 60.3343 0 -31.1566 -32.5337 16 15541.9 345.296 951 0.000100156
15300 0.118826 0.114187 0.00463871 0 0.960962 1456.34 1395.56 60.7866 0 -31.159 -31.444 16 15637.9 346.361 957 0.000119318
15400 0.116011 0.110995 0.00501659 0 0.956758 1467.89 1406.66 61.2373 0 -31.1633 -31.7152 16 15733.9 347.423 963 0.000115259
15500 0.128253 0.123058 0.00519501 0 0.959494 1480.7 1418.96 61.7374 0 -31.1629 -31.1135 16 15829.9 348.481 969 0.000126995
15600 0.12265 0.117765 0.00488475 0 0.960173 1492.96 1430.74 62.2163 0 -31.1631 -31.1903 16 15941.9 349.711 976 0.000120661
15700 0.12515 0.120813 0.00433702 0 0.965346 1505.58 1442.82 62.755 0 -31.1631 -31.1586 16 16037.9 350.763 982 0.000123028
15800 0.109326 0.106164 0.00316224 0 0.971075 1516.56 1453.44 63.1269 0 -31.1694 -32.0324 16 16133.9 351.811 988 0.000107454
15900 0.120076 0.115944 0.00413137 0 0.965594 1528.61 1465.03 63.5758 0 -31.1735 -31.6925 16 16229.9 352.856 994 0.000116644
16000 0.115561 0.112225 0.00333539 0 0.971137 1540.22 1476.25 63.9669 0 -31.1827 -32.3988 16 16341.9 354.072 1001 0.000112113
16100 0.101197 0.0981431 0.00305402 0 0.969821 1550.32 1486.07 64.2528 0 -31.1914 -32.5066 16 16437.9 355.11 1007 9.74609e-05
16200 0.099393 0.0958557 0.00353729 0 0.964411 1560.2 1495.65 64.5427 0 -31.2004 -32.6195 16 16533.9 356.146 1013 9.46256e-05
16300 0.105988 0.103055 0.00293284 0 0.972329 1570.83 1505.96 64.8715 0 -31.2068 -32.151 16 16629.9 357.178 1019 0.000101134
16400 0.0934082 0.0908896 0.00251858 0 0.973037 1580.21 1515.05 65.1618 0 -31.2167 -32.8708 16 16741.9 358.379 1026 8.85863e-05
16500 0.0976811 0.093841 0.0038401 0 0.960687 1589.87 1524.43 65.4391 0 -31.2237 -32.3633 16 16837.9 359.405 1032 9.09312e-05
16600 0.0940746 0.0915523 0.00252238 0 0.973187 1599.33 1533.59 65.746 0 -31.2357 -33.2586 16 16933.9 360.428 1038 8.82006e-05
16700 0.0898086 0.0878763 0.00193232 0 0.978484 1608.36 1542.38 65.9802 0 -31.2468 -33.2118 16 17029.9 361.448 1044 8.41727e-05
16800 0.0954781 0.09275 0.0027281 0 0.971427 1617.92 1551.65 66.2663 0 -31.2559 -32.7885 16 17141.9 362.635 1051 8.82493e-05
16900 0.103247 0.0999373 0.00331007 0 0.96794 1628.26 1561.64 66.6135 0 -31.2577 -31.5305 16 17237.9 363.649 1057 9.4548e-05
17000 0.105237 0.10073 0.00450709 0 0.957172 1638.73 1571.72 67.0154 0 -31.2569 -31.1311 16 17333.9 364.66 1063 9.47599e-05
17100 0.0939548 0.0912196 0.00273525 0 0.970888 1648.18 1580.84 67.3442 0 -31.2623 -32.1987 16 17429.9 365.668 1069 8.53317e-05
17200 0.116252 0.111058 0.00519436 0 0.955318 1659.71 1591.94 67.77 0 -31.2624 -31.2817 16 17541.9 366.841 1076 0.000103214
17300 0.132396 0.127238 0.00515825 0 0.961039 1673 1604.67 68.3317 0 -31.2595 -30.8953 16 17637.9 367.844 1082 0.000117595
17400 0.118599 0.11279 0.00580889 0 0.951021 1684.77 1615.95 68.8266 0 -31.2571 -30.9218 16 17733.9 368.843 1088 0.000103668
17500 0.139678 0.133855 0.0058232 0 0.95831 1698.82 1629.33 69.485 0 -31.2479 -30.1376 16 17829.9 369.84 1094 0.000122353
17600 0.122839 0.117778 0.00506175 0 0.958794 1711.15 1641.11 70.0441 0 -31.2439 -30.6961 16 17941.9 371 1101 0.000106973
17700 0.126296 0.120686 0.00561025 0 0.955579 1723.77 1653.18 70.594 0 -31.2358 -30.145 16 18037.9 371.991 1107 0.00010902
17800 0.121383 0.115859 0.00552399 0 0.954491 1735.92 1664.77 71.1586 0 -31.2338 -30.9457 16 18133.9 372.98 1113 0.000104096
17900 0.134428 0.12703 0.00739785 0 0.944968 1749.26 1677.47 71.7875 0 -31.221 -29.5481 16 18229.9 373.966 1119 0.000113521
18000 0.13719 0.132184 0.00500611 0 0.96351 1763.11 1690.69 72.425 0 -31.2164 -30.6444 16 18341.9 375.113 1126 0.000117392
18100 0.114183 0.11017 0.00401241 0 0.96486 1774.59 1701.7 72.8901 0 -31.2195 -31.6848 16 18437.9 376.093 1132 9.73235e-05
18200 0.106777 0.103283 0.00349363 0 0.967281 1785.32 1712.03 73.2833 0 -31.2217 -31.5982 16 18533.9 377.071 1138 9.07587e-05
18300 0.10963 0.105992 0.00363805 0 0.966815 1796.27 1722.63 73.6398 0 -31.2219 -31.2543 16 18629.9 378.046 1144 9.265e-05
18400 0.108516 0.105222 0.00329397 0 0.969645 1807.22 1733.15 74.064 0 -31.2253 -31.7778 16 18741.9 379.181 1151 9.1418e-05
18500 0.113714 0.108825 0.00488949 0 0.957002 1818.53 1744.04 74.4955 0 -31.2215 -30.618 16 18837.9 380.151 1157 9.40579e-05
18600 0.108392 0.104881 0.0035111 0 0.967607 1829.42 1754.52 74.8918 0 -31.2255 -31.895 16 18933.9 381.118 1163 9.01813e-05
18700 0.118879 0.11397 0.00490823 0 0.958712 1841.2 1765.92 75.2753 0 -31.2223 -30.7157 16 19029.9 382.083 1169 9.74939e-05
18800 0.142885 0.136877 0.00600761 0 0.957955 1855.48 1779.61 75.875 0 -31.2172 -30.5623 16 19141.9 383.206 1176 0.000116392
18900 0.151237 0.142778 0.00845939 0 0.944065 1870.44 1793.89 76.5557 0 -31.2104 -30.3745 16 19237.9 384.166 1182 0.000120793
19000 0.124178 0.119067 0.00511104 0 0.958841 1882.93 1805.79 77.1373 0 -31.2114 -31.3491 16 19333.9 385.123 1188 0.000100225
19100 0.120371 0.114725 0.00564557 0 0.953099 1894.93 1817.27 77.6638 0 -31.2152 -31.8225 16 19429.9 386.078 1194 9.60849e-05
19200 0.127107 0.122059 0.00504819 0 0.960284 1907.75 1829.47 78.2782 0 -31.2122 -30.7609 16 19541.9 387.189 1201 0.000101631
19300 0.123514 0.118409 0.00510543 0 0.958665 1920.13 1841.31 78.8167 0 -31.2072 -30.4327 16 19637.9 388.139 1207 9.81015e-05
19400 0.117814 0.113161 0.00465294 0 0.960506 1931.94 1852.63 79.3121 0 -31.2073 -31.2343 16 19733.9 389.087 1213 9.32899e-05
19500 0.105932 0.102107 0.00382567 0 0.963886 1942.56 1862.84 79.7205 0 -31.2106 -31.8017 16 19829.9 390.032 1219 8.37628e-05
19600 0.118296 0.114173 0.00412282 0 0.965148 1954.4 1874.26 80.141 0 -31.2115 -31.3625 16 19941.9 391.132 1226 9.31262e-05
19700 0.113728 0.110121 0.00360693 0 0.968285 1965.79 1885.27 80.5176 0 -31.2105 -31.047 16 20037.9 392.072 1232 8.93843e-05
19800 0.110063 0.10627 0.00379359 0 0.965533 1976.75 1895.9 80.8539 0 -31.2101 -31.1378 16 20133.9 393.01 1238 8.58399e-05
19900 0.118535 0.114725 0.00380962 0 0.967861 1988.61 1907.37 81.2376 0 -31.2033 -30.0717 16 20229.9 393.946 1244 9.22227e-05
20000 0.123706 0.119653 0.00405296 0 0.967237 2001.07 1919.33 81.7393 0 -31.2012 -30.8636 16 20341.9 395.035 1251 9.5646e-05
