100 0.0120221 0.011486 0.000536138 0 0.955404 1.20493 1.1486 0.0563315 0 -26.185 -26.185 64 453.882 59.0081 2 0.005743
200 0.0119943 0.0115529 0.000441305 0 0.963207 2.4391 2.30389 0.135201 0 -27.844 -29.4636 64 581.882 66.8124 4 0.00288824
300 0.00755088 0.00727928 0.0002716 0 0.964031 3.20956 3.03182 0.177734 0 -27.9923 -28.4619 64 645.882 70.3909 5 0.00145586
400 0.00544481 0.00515241 0.0002924 0 0.946297 3.75615 3.54706 0.209085 0 -28.1576 -29.1282 64 773.882 77.0508 7 0.000736058
500 0.0046049 0.00437765 0.000227247 0 0.950651 4.21897 3.98483 0.234138 0 -28.1746 -28.3122 64 837.882 80.1736 8 0.000547206
600 0.0104653 0.00930891 0.00115639 0 0.889502 5.20153 4.91572 0.285809 0 -27.9229 -26.8425 64 965.882 86.08 10 0.000930891
700 0.0115706 0.0110281 0.000542482 0 0.953115 6.38156 6.01853 0.363029 0 -28.226 -29.5621 64 1029.88 88.8861 11 0.00100256
800 0.0164127 0.0158385 0.00057415 0 0.965018 8.05938 7.60238 0.457003 0 -28.3105 -28.632 64 1157.88 94.248 13 0.00121835
900 0.00849588 0.00814991 0.000345966 0 0.959278 8.91615 8.41737 0.498775 0 -28.4106 -29.3517 64 1285.88 99.3209 15 0.000543328
1000 0.00698179 0.00671624 0.000265545 0 0.961966 9.61533 9.089 0.526329 0 -28.4627 -29.1273 64 1349.88 101.763 16 0.000419765
1100 0.0219185 0.0208543 0.00106425 0 0.951445 11.7941 11.1744 0.619715 0 -27.7487 -24.5978 64 1477.88 106.478 18 0.00115857
1200 0.0146111 0.0141553 0.00045586 0 0.9688 13.2886 12.59 0.698628 0 -27.5352 -25.8501 64 1541.88 108.759 19 0.000745015
1300 0.0126344 0.0121451 0.00048932 0 0.961271 14.5618 13.8045 0.757307 0 -27.6168 -28.469 64 1669.88 113.183 21 0.000578337
1400 0.0171328 0.0160627 0.00107006 0 0.937543 16.2686 15.4107 0.857906 0 -27.5964 -27.4222 64 1733.88 115.332 22 0.000730125
1500 0.0212818 0.0199936 0.00128824 0 0.939467 18.4043 17.4101 0.994215 0 -27.5408 -27.1168 64 1861.88 119.513 24 0.000833066
1600 0.0165089 0.0159776 0.000531293 0 0.967818 20.0994 19.0078 1.09158 0 -27.5793 -27.998 64 1989.88 123.553 26 0.000614521
1700 0.0589696 0.0567771 0.00219244 0 0.962821 25.9948 24.6856 1.30926 0 -28.2422 -30.5021 64 2053.88 125.524 27 0.00210286
1800 0.0415876 0.0397192 0.00186839 0 0.955073 30.1803 28.6575 1.52278 0 -28.6696 -31.3242 64 2181.88 129.377 29 0.00136963
1900 0.0289059 0.0277684 0.00113754 0 0.960647 33.1124 31.4343 1.67809 0 -28.9285 -31.5936 64 2245.88 131.26 30 0.000925614
2000 0.0272465 0.0251969 0.0020496 0 0.924776 35.7637 33.954 1.80969 0 -28.9913 -29.7748 64 2373.88 134.949 32 0.000787402
2100 0.0229571 0.0220792 0.000877979 0 0.961756 38.1006 36.1619 1.93867 0 -29.0905 -30.6093 64 2437.88 136.756 33 0.000669065
2200 0.024486 0.0234582 0.00102779 0 0.958025 40.5566 38.5078 2.04887 0 -29.1998 -30.8954 64 2565.88 140.3 35 0.000670235
2300 0.0307557 0.0292036 0.00155213 0 0.949534 43.6485 41.4281 2.22034 0 -29.3349 -31.1062 64 2629.88 142.039 36 0.000811211
2400 0.0276879 0.0265642 0.00112375 0 0.959414 46.4752 44.0845 2.39069 0 -29.493 -31.9349 64 2757.88 145.455 38 0.000699058
2500 0.0262823 0.0232057 0.00307653 0 0.882943 48.9112 46.4051 2.50607 0 -29.453 -28.6903 64 2885.88 148.792 40 0.000580143
2600 0.0350812 0.0335348 0.00154631 0 0.955922 52.4388 49.7586 2.68019 0 -29.3203 -27.4802 64 2949.88 150.433 41 0.000817923
2700 0.0239351 0.023159 0.000776094 0 0.967575 54.8726 52.0745 2.79807 0 -29.3284 -29.5034 64 3077.88 153.662 43 0.000538581
2800 0.02361 0.022953 0.000656963 0 0.972174 57.2469 54.3698 2.87707 0 -29.3394 -29.5929 64 3141.88 155.251 44 0.000521659
2900 0.0226613 0.0221157 0.000545586 0 0.975924 59.5379 56.5814 2.95659 0 -29.391 -30.6814 64 3269.88 158.382 46 0.000480777
3000 0.0191983 0.0186486 0.000549713 0 0.971367 61.46 58.4462 3.01383 0 -29.4495 -31.2608 64 3333.88 159.925 47 0.000396778
3100 0.0182045 0.0175956 0.000608899 0 0.966552 63.2955 60.2058 3.08971 0 -29.49 -30.8472 64 3461.88 162.966 49 0.000359094
3200 0.0294668 0.0281961 0.0012707 0 0.956877 66.2381 63.0254 3.21267 0 -29.4555 -28.7115 64 3589.88 165.951 51 0.000552864
3300 0.024329 0.0237299 0.000599082 0 0.975376 68.7602 65.3984 3.36182 0 -29.5026 -30.7407 64 3653.88 167.424 52 0.000456344
3400 0.0245177 0.0226781 0.00183967 0 0.924966 71.1645 67.6662 3.49834 0 -29.4568 -28.1461 64 3781.88 170.331 54 0.000419964
3500 0.0197869 0.01903 0.000756929 0 0.961746 73.1666 69.5692 3.59738 0 -29.5003 -31.047 64 3845.88 171.766 55 0.000346
3600 0.0174992 0.0168293 0.000669942 0 0.961716 74.916 71.2521 3.66385 0 -29.5362 -31.0391 64 3973.88 174.601 57 0.00029525
3700 0.0162266 0.0158938 0.000332772 0 0.979492 76.5592 72.8415 3.71766 0 -29.5729 -31.2475 64 4037.88 176.002 58 0.000274031
3800 0.0191648 0.0187979 0.000366899 0 0.980856 78.4955 74.7213 3.77422 0 -29.5861 -30.1071 64 4165.88 178.77 60 0.000313299
3900 0.0152874 0.0150174 0.00026999 0 0.982339 80.0288 76.223 3.80581 0 -29.6227 -31.4953 64 4229.88 180.138 61 0.000246187
4000 0.0274123 0.026352 0.00106037 0 0.961318 82.7784 78.8582 3.92016 0 -29.601 -28.9696 64 4357.88 182.843 63 0.000418285
4100 0.0243775 0.0222497 0.00212782 0 0.912714 85.1133 81.0832 4.0301 0 -29.5631 -28.2192 64 4485.88 185.509 65 0.000342303
4200 0.0297252 0.0284404 0.00128477 0 0.956778 88.1115 83.9272 4.18427 0 -29.6419 -31.8786 64 4549.88 186.827 66 0.000430915
4300 0.0210192 0.0199593 0.00105992 0 0.949574 90.2101 85.9232 4.2869 0 -29.6783 -31.2075 64 4677.88 189.437 68 0.000293519
4400 0.0326759 0.0310949 0.00158098 0 0.951616 93.4503 89.0326 4.41763 0 -29.6029 -27.5021 64 4741.88 190.728 69 0.000450651
4500 0.0296723 0.0283981 0.00127425 0 0.957056 96.3905 91.8725 4.51801 0 -29.5946 -29.3337 64 4869.88 193.285 71 0.000399973
4600 0.0371685 0.0359601 0.00120836 0 0.96749 100.134 95.4685 4.66563 0 -29.6352 -30.6782 64 4933.88 194.551 72 0.000499446
4700 0.0281201 0.0270745 0.00104555 0 0.962818 102.961 98.1759 4.78531 0 -29.6847 -31.4397 64 5061.88 197.059 74 0.000365872
4800 0.0208062 0.0202628 0.000543412 0 0.973882 105.054 100.202 4.85183 0 -29.7365 -32.2851 64 5189.88 199.535 76 0.000266615
4900 0.0246173 0.0239209 0.000696411 0 0.971711 107.516 102.594 4.9216 0 -29.7903 -32.0844 64 5253.88 200.761 77 0.000310661
5000 0.0233109 0.0225898 0.000721082 0 0.969067 109.853 104.853 4.99959 0 -29.8439 -32.3105 64 5381.88 203.192 79 0.000285947
5100 0.019902 0.0195443 0.000357719 0 0.982026 111.874 106.808 5.0659 0 -29.8938 -32.6053 64 5445.88 204.397 80 0.000244304
5200 0.0171789 0.0168351 0.000343744 0 0.97999 113.594 108.491 5.10284 0 -29.9463 -33.3643 64 5573.88 206.785 82 0.000205306
5300 0.0158623 0.0154157 0.000446589 0 0.971846 115.177 110.033 5.14411 0 -29.9831 -32.6225 64 5637.88 207.969 83 0.000185731
5400 0.0146208 0.0143529 0.000267854 0 0.98168 116.64 111.468 5.17188 0 -30.0223 -33.1067 64 5765.88 210.316 85 0.000168858
5500 0.0127375 0.0126732 6.42157e-05 0 0.994959 117.922 112.735 5.18656 0 -30.0654 -33.9894 64 5829.88 211.48 86 0.000147363
5600 0.040783 0.0393935 0.00138948 0 0.96593 122.044 116.675 5.36947 0 -30.0928 -30.8757 64 5957.88 213.789 88 0.000447654
5700 0.0264989 0.0243895 0.00210935 0 0.920399 124.611 119.114 5.49751 0 -30.1065 -30.7591 64 6085.88 216.074 90 0.000270995
5800 0.0213265 0.020201 0.00112544 0 0.947228 126.749 121.134 5.61469 0 -30.1402 -32.1063 64 6149.88 217.207 91 0.000221989
5900 0.0216967 0.0205216 0.00117514 0 0.945838 128.93 123.186 5.74376 0 -30.1768 -32.3037 64 6277.88 219.456 93 0.000220662
6000 0.0239883 0.0226158 0.00137248 0 0.942785 131.338 125.448 5.89039 0 -30.2045 -31.6844 64 6341.88 220.571 94 0.000240593
6100 0.0232579 0.0215437 0.00171425 0 0.926294 133.638 127.602 6.03658 0 -30.2327 -31.845 64 6469.88 222.786 96 0.000224414
6200 0.021285 0.0202384 0.00104654 0 0.950832 135.792 129.626 6.16591 0 -30.2785 -33.1184 64 6533.88 223.885 97 0.000208643
6300 0.0191385 0.0180443 0.00109416 0 0.94283 137.708 131.43 6.27765 0 -30.308 -32.3998 64 6661.88 226.068 99 0.000182266
6400 0.0158428 0.0153716 0.000471147 0 0.970261 139.315 132.967 6.34802 0 -30.3491 -33.8703 64 6789.88 228.229 101 0.000152194
6500 0.0208722 0.0194601 0.00141208 0 0.932346 141.363 134.913 6.44936 0 -30.3778 -32.3338 64 6853.88 229.302 102 0.000190786
6600 0.0183086 0.0171136 0.00119501 0 0.934729 143.178 136.625 6.55299 0 -30.4051 -32.5275 64 6981.88 231.434 104 0.000164554
6700 0.018088 0.0172475 0.000840493 0 0.953533 144.996 138.349 6.64624 0 -30.4315 -32.514 64 7045.88 232.492 105 0.000164262
6800 0.021902 0.0210229 0.000879036 0 0.959865 147.203 140.452 6.75075 0 -30.4577 -32.175 64 7173.88 234.594 107 0.000196476
6900 0.0172598 0.0167828 0.000476989 0 0.972364 148.947 142.13 6.81679 0 -30.4885 -33.0933 64 7237.88 235.638 108 0.000155396
7000 0.0212835 0.0197045 0.00157901 0 0.92581 150.987 144.1 6.88684 0 -30.4699 -29.1136 64 7365.88 237.713 110 0.000179132
7100 0.0213081 0.0205034 0.000804632 0 0.962238 153.132 146.151 6.98144 0 -30.4585 -29.6523 64 7429.88 238.743 111 0.000184716
7200 0.0246704 0.0237876 0.000882832 0 0.964215 155.617 148.53 7.0872 0 -30.455 -30.2421 64 7557.88 240.791 113 0.00021051
7300 0.0198873 0.0189834 0.000903899 0 0.954549 157.592 150.428 7.16389 0 -30.4605 -30.8887 64 7685.88 242.821 115 0.000165073
7400 0.017577 0.0167377 0.000839215 0 0.952255 159.354 152.102 7.25193 0 -30.4717 -31.4766 64 7749.88 243.83 116 0.000144291
7500 0.0227456 0.0218973 0.000848305 0 0.962705 161.645 154.291 7.35359 0 -30.514 -33.4586 64 7877.88 245.836 118 0.00018557
7600 0.0171385 0.0166417 0.000496806 0 0.971012 163.375 155.956 7.41934 0 -30.5394 -32.9068 64 7941.88 246.832 119 0.000139846
7700 0.0310275 0.0289086 0.00211897 0 0.931707 166.36 158.846 7.51364 0 -30.5103 -28.9162 64 8069.88 248.813 121 0.000238914
7800 0.0414203 0.0398154 0.00160491 0 0.961253 170.559 162.828 7.73106 0 -30.482 -29.3621 64 8133.88 249.798 122 0.000326355
7900 0.0341833 0.031773 0.00241026 0 0.92949 173.924 166.005 7.91877 0 -30.4366 -28.1376 64 8261.88 251.756 124 0.000256234
8000 0.029928 0.02799 0.001938 0 0.935245 176.937 168.804 8.13306 0 -30.4076 -28.7305 64 8389.88 253.699 126 0.000222143
8100 0.024675 0.0234971 0.00117791 0 0.952263 179.434 171.154 8.27988 0 -30.4008 -29.9179 64 8453.88 254.664 127 0.000185017
8200 0.0303159 0.0278307 0.00248516 0 0.918024 182.354 173.937 8.41661 0 -30.3833 -29.308 64 8581.88 256.585 129 0.000215742
8300 0.0370656 0.0355774 0.00148818 0 0.95985 186.111 177.495 8.61609 0 -30.3998 -31.2007 64 8645.88 257.54 130 0.000273672
8400 0.0346022 0.0313611 0.00324111 0 0.906332 189.415 180.631 8.78407 0 -30.384 -29.4958 64 8773.88 259.439 132 0.000237584
8500 0.0340501 0.0321286 0.00192152 0 0.943568 192.855 183.844 9.01084 0 -30.3855 -30.4699 64 8837.88 260.384 133 0.000241568
8600 0.0271041 0.0256584 0.00144569 0 0.946662 195.579 186.41 9.16943 0 -30.3963 -31.1588 64 8965.88 262.263 135 0.000190063
8700 0.0256116 0.0244873 0.00112432 0 0.956101 198.187 188.858 9.32816 0 -30.4024 -30.8619 64 9029.88 263.197 136 0.000180053
8800 0.0225688 0.0220126 0.00055615 0 0.975358 200.467 191.06 9.40702 0 -30.4245 -32.3466 64 9157.88 265.056 138 0.000159512
8900 0.0248682 0.0238993 0.000968946 0 0.961037 202.929 193.45 9.47985 0 -30.4383 -31.5608 64 9285.88 266.902 140 0.000170709
9000 0.0238276 0.0233853 0.000442317 0 0.981437 205.345 195.788 9.55657 0 -30.454 -31.7673 64 9349.88 267.82 141 0.000165853
9100 0.0200556 0.01982 0.000235589 0 0.988253 207.355 197.77 9.58457 0 -30.4807 -33.2139 64 9477.88 269.647 143 0.000138601
9200 0.0175126 0.0174385 7.4077e-05 0 0.99577 209.112 199.514 9.59834 0 -30.5075 -33.6628 64 9541.88 270.556 144 0.000121101
9300 0.0163589 0.0161492 0.000209758 0 0.987178 210.742 201.129 9.61307 0 -30.5324 -33.7321 64 9669.88 272.365 146 0.000110611
9400 0.0150156 0.0149582 5.73502e-05 0 0.996181 212.251 202.625 9.62663 0 -30.5605 -34.4887 64 9733.88 273.264 147 0.000101757
9500 0.0143928 0.0143652 2.76354e-05 0 0.99808 213.697 204.061 9.63566 0 -30.5859 -34.3115 64 9861.88 275.055 149 9.64108e-05
9600 0.0130787 0.0130426 3.6125e-05 0 0.997238 215.004 205.365 9.63902 0 -30.611 -34.7136 64 9989.88 276.835 151 8.63745e-05
9700 0.0133343 0.0132347 9.96651e-05 0 0.992526 216.341 206.689 9.65242 0 -30.6336 -34.2701 64 10053.9 277.72 152 8.70702e-05
9800 0.0151167 0.0147125 0.000404216 0 0.97326 217.852 208.16 9.69138 0 -30.6534 -33.49 64 10181.9 279.482 154 9.55359e-05
9900 0.0136829 0.0133728 0.000310048 0 0.97734 219.223 209.497 9.72556 0 -30.6751 -34.1249 64 10245.9 280.359 155 8.62763e-05
10000 0.0182581 0.017071 0.00118712 0 0.934981 220.993 211.205 9.78846 0 -30.6751 -30.6689 64 10373.9 282.105 157 0.000108733
10100 0.0178726 0.0171728 0.0006998 0 0.960845 222.801 212.922 9.87958 0 -30.6808 -31.3796 64 10437.9 282.974 158 0.000108689
10200 0.0198421 0.0189294 0.000912681 0 0.954003 224.77 214.815 9.95498 0 -30.6815 -30.7555 64 10565.9 284.704 160 0.000118309
10300 0.0331905 0.032167 0.00102349 0 0.969163 228.112 218.031 10.0806 0 -30.6486 -28.4358 64 10629.9 285.565 161 0.000199795
10400 0.02878 0.0276997 0.00108031 0 0.962463 231 220.801 10.1983 0 -30.6301 -29.1744 64 10757.9 287.279 163 0.000169937
10500 0.0230192 0.0221308 0.000888348 0 0.961408 233.307 223.015 10.2924 0 -30.6227 -29.8769 64 10885.9 288.983 165 0.000134126
10600 0.0204741 0.0199216 0.000552461 0 0.973017 235.368 225.007 10.3615 0 -30.6297 -31.4193 64 10949.9 289.831 166 0.00012001
10700 0.0215314 0.0207947 0.00073671 0 0.965784 237.509 227.086 10.4224 0 -30.6287 -30.52 64 11077.9 291.52 168 0.000123778
10800 0.019618 0.0192832 0.000334812 0 0.982933 239.494 229.014 10.4792 0 -30.6419 -32.2243 64 11141.9 292.361 169 0.000114101
10900 0.0198476 0.0193967 0.00045095 0 0.977279 241.481 230.954 10.5266 0 -30.6605 -32.907 64 11269.9 294.035 171 0.000113431
11000 0.0171559 0.0169295 0.000226403 0 0.986803 243.214 232.647 10.5667 0 -30.6769 -32.9502 64 11333.9 294.869 172 9.84271e-05
11100 0.0265258 0.0259302 0.000595606 0 0.977546 245.874 235.24 10.634 0 -30.6767 -30.6639 64 11461.9 296.53 174 0.000149024
11200 0.0222543 0.021597 0.00065725 0 0.970466 248.099 237.4 10.6996 0 -30.6814 -31.1949 64 11589.9 298.181 176 0.00012271
11300 0.044246 0.0429353 0.00131067 0 0.970378 252.569 241.693 10.8753 0 -30.6535 -29.1066 64 11653.9 299.003 177 0.000242572
11400 0.0332927 0.0323451 0.000947609 0 0.971537 255.934 244.928 11.006 0 -30.6614 -31.2546 64 11781.9 300.64 179 0.000180699
11500 0.0292647 0.0284407 0.000824007 0 0.971843 258.887 247.772 11.1155 0 -30.6758 -31.9195 64 11845.9 301.456 180 0.000158004
11600 0.0244648 0.0240205 0.000444215 0 0.981843 261.353 250.174 11.1792 0 -30.6971 -32.9388 64 11973.9 303.08 182 0.000131981
11700 0.0233504 0.0229557 0.000394652 0 0.983099 263.687 252.47 11.2175 0 -30.7143 -32.6411 64 12037.9 303.889 183 0.000125441
11800 0.0290237 0.0281206 0.000903131 0 0.968883 266.559 255.282 11.2772 0 -30.7314 -32.2977 64 12165.9 305.5 185 0.000152003
11900 0.0283668 0.0277917 0.000575086 0 0.979727 269.426 258.061 11.3652 0 -30.7542 -32.8737 64 12229.9 306.303 186 0.000149418
12000 0.0238822 0.0233532 0.000528949 0 0.977852 271.826 260.396 11.4297 0 -30.775 -33.1146 64 12357.9 307.902 188 0.000124219
12100 0.021409 0.0210339 0.000375058 0 0.982481 273.985 262.499 11.4858 0 -30.7922 -32.9571 64 12485.9 309.492 190 0.000110705
12200 0.0208026 0.020609 0.000193615 0 0.990693 276.082 264.56 11.5221 0 -30.8162 -33.947 64 12549.9 310.284 191 0.000107901
12300 0.0183973 0.0181376 0.000259622 0 0.985888 277.921 266.374 11.5466 0 -30.8378 -34.0886 64 12677.9 311.863 193 9.39775e-05
12400 0.0163296 0.016133 0.000196529 0 0.987965 279.556 267.987 11.5683 0 -30.8588 -34.4256 64 12741.9 312.649 194 8.316e-05
12500 0.024693 0.0224616 0.00223142 0 0.909634 281.866 270.234 11.6322 0 -30.8624 -31.2985 64 12869.9 314.215 196 0.0001146
12600 0.025499 0.0244419 0.00105711 0 0.958543 284.427 272.678 11.7488 0 -30.8784 -32.6437 64 12933.9 314.996 197 0.00012407
12700 0.0291711 0.027293 0.00187811 0 0.935618 287.308 275.407 11.9011 0 -30.8926 -32.2931 64 13061.9 316.55 199 0.000137151
12800 0.0302487 0.0282752 0.00197346 0 0.934759 290.342 278.235 12.1076 0 -30.9037 -31.9569 64 13189.9 318.098 201 0.000140673
12900 0.031776 0.0297878 0.00198827 0 0.937429 293.562 281.213 12.3482 0 -30.907 -31.1989 64 13253.9 318.868 202 0.000147464
13000 0.024902 0.0234042 0.00149789 0 0.939849 296.059 283.554 12.5056 0 -30.9161 -31.991 64 13381.9 320.405 204 0.000114726
13100 0.0219398 0.0207653 0.00117457 0 0.946464 298.267 285.63 12.637 0 -30.9283 -32.5636 64 13445.9 321.17 205 0.000101294
13200 0.0225089 0.0210183 0.00149063 0 0.933776 300.483 287.732 12.7511 0 -30.9305 -31.2165 64 13573.9 322.695 207 0.000101537
13300 0.0229114 0.0220559 0.000855426 0 0.962664 302.801 289.938 12.8631 0 -30.9332 -31.2913 64 13637.9 323.455 208 0.000106038
13400 0.0207838 0.0199594 0.000824343 0 0.960337 304.877 291.934 12.9435 0 -30.9438 -32.4867 64 13765.9 324.969 210 9.5045e-05
13500 0.0186655 0.0180858 0.000579741 0 0.968941 306.759 293.742 13.0164 0 -30.9583 -33.3047 64 13829.9 325.724 211 8.57146e-05
13600 0.0207495 0.019781 0.00096849 0 0.953325 308.813 295.72 13.093 0 -30.9692 -32.594 64 13957.9 327.228 213 9.28684e-05
13700 0.0251311 0.0233529 0.0017782 0 0.929243 311.225 298.056 13.169 0 -30.9698 -31.0582 64 14085.9 328.725 215 0.000108618
13800 0.0384336 0.0373886 0.00104503 0 0.972809 315.121 301.795 13.3265 0 -30.9844 -32.15 64 14149.9 329.47 216 0.000173095
13900 0.0261345 0.0252962 0.000838301 0 0.967924 317.751 304.324 13.4267 0 -31.0012 -33.0086 64 14277.9 330.957 218 0.000116037
14000 0.0230907 0.0222177 0.000872993 0 0.962193 320.059 306.546 13.5128 0 -31.0163 -33.0941 64 14341.9 331.698 219 0.000101451
14100 0.0251627 0.0239945 0.00116816 0 0.953576 322.547 308.945 13.6012 0 -31.0301 -32.8076 64 14469.9 333.175 221 0.000108573
14200 0.0229382 0.0221272 0.000811029 0 0.964643 324.852 311.158 13.6942 0 -31.047 -33.4086 64 14533.9 333.911 222 9.96721e-05
14300 0.0232706 0.0224097 0.000860883 0 0.963006 327.173 313.399 13.7742 0 -31.0632 -33.3385 64 14661.9 335.378 224 0.000100043
14400 0.0215481 0.0208887 0.000659347 0 0.969401 329.341 315.488 13.8534 0 -31.0801 -33.6176 64 14789.9 336.839 226 9.2428e-05
14500 0.0252816 0.0245522 0.000729306 0 0.971153 331.897 317.943 13.9537 0 -31.0848 -31.699 64 14853.9 337.567 227 0.00010816
14600 0.0290706 0.0259402 0.00313049 0 0.892314 334.576 320.537 14.0391 0 -31.0775 -30.1706 64 14981.9 339.018 229 0.000113276
14700 0.0314748 0.0302102 0.00126468 0 0.959819 337.8 323.558 14.2421 0 -31.0833 -31.6867 64 15045.9 339.742 230 0.000131349
14800 0.0246774 0.0243602 0.000317143 0 0.987148 340.321 325.994 14.3264 0 -31.1059 -34.1295 64 15173.9 341.184 232 0.000105001
14900 0.030822 0.0297849 0.00103712 0 0.966351 343.381 328.973 14.4079 0 -31.1183 -32.4968 64 15237.9 341.903 233 0.000127832
15000 0.0249553 0.0243685 0.00058685 0 0.976484 345.893 331.41 14.483 0 -31.1343 -33.3213 64 15365.9 343.336 235 0.000103696
15100 0.0200082 0.019688 0.000320188 0 0.983997 347.901 333.378 14.5229 0 -31.1533 -34.4236 64 15429.9 344.05 236 8.34238e-05
15200 0.0396502 0.0371343 0.00251581 0 0.93655 351.806 337.092 14.7143 0 -31.1449 -30.4012 64 15557.9 345.474 238 0.000156027
15300 0.0321073 0.0300655 0.00204173 0 0.936409 354.995 340.098 14.8969 0 -31.1482 -31.5118 64 15685.9 346.892 240 0.000125273
15400 0.0339594 0.0323038 0.00165566 0 0.951246 358.414 343.329 15.0852 0 -31.1559 -31.9554 64 15749.9 347.599 241 0.000134041
15500 0.0438813 0.0411194 0.00276192 0 0.937059 362.772 347.441 15.3313 0 -31.1481 -30.5078 64 15877.9 349.009 243 0.000169216
15600 0.0311014 0.029356 0.00174545 0 0.943879 365.94 350.376 15.5642 0 -31.1551 -31.9503 64 15941.9 349.711 244 0.000120311
15700 0.0277004 0.0259783 0.0017221 0 0.937831 368.722 352.974 15.7483 0 -31.1586 -31.6234 64 16069.9 351.113 246 0.000105603
15800 0.0343323 0.0322365 0.0020958 0 0.938955 372.146 356.198 15.9482 0 -31.1447 -29.6528 64 16133.9 351.811 247 0.000130512
15900 0.0294722 0.0280821 0.00139015 0 0.952832 375.127 359.006 16.1208 0 -31.1481 -31.5677 64 16261.9 353.204 249 0.000112779
16000 0.0245082 0.0235546 0.000953596 0 0.961091 377.596 361.361 16.2345 0 -31.1594 -32.8753 64 16389.9 354.591 251 9.38432e-05
16100 0.0290832 0.0276625 0.00142065 0 0.951152 380.542 364.128 16.4141 0 -31.1669 -32.1251 64 16453.9 355.283 252 0.000109772
16200 0.0242856 0.0233402 0.00094539 0 0.961072 382.994 366.462 16.5327 0 -31.1802 -33.25 64 16581.9 356.662 254 9.18905e-05
16300 0.0222901 0.0211508 0.00113926 0 0.94889 385.216 368.577 16.6388 0 -31.1916 -33.1481 64 16645.9 357.35 255 8.29444e-05
16400 0.0210793 0.0202463 0.00083302 0 0.960482 387.328 370.601 16.7263 0 -31.2045 -33.5659 64 16773.9 358.721 257 7.87794e-05
16500 0.0189918 0.018489 0.00050282 0 0.973524 389.244 372.45 16.7936 0 -31.22 -34.3542 64 16837.9 359.405 258 7.16627e-05
16600 0.0183243 0.0181037 0.000220553 0 0.987964 391.096 374.261 16.8349 0 -31.2356 -34.5071 64 16965.9 360.768 260 6.96297e-05
16700 0.0172334 0.0171529 8.04722e-05 0 0.99533 392.83 375.976 16.8536 0 -31.2566 -36.0057 64 17029.9 361.448 261 6.57199e-05
16800 0.0213366 0.0210247 0.000311942 0 0.98538 394.979 378.078 16.9011 0 -31.2721 -34.0956 64 17157.9 362.804 263 7.99417e-05
16900 0.0184972 0.0182315 0.000265716 0 0.985635 396.83 379.902 16.9289 0 -31.2876 -34.6077 64 17285.9 364.155 265 6.87982e-05
17000 0.0169335 0.016711 0.000222506 0 0.98686 398.522 381.573 16.9492 0 -31.3018 -34.6155 64 17349.9 364.828 266 6.28231e-05
17100 0.0167181 0.0164954 0.000222702 0 0.986679 400.194 383.222 16.972 0 -31.3145 -34.3554 64 17477.9 366.171 268 6.155e-05
17200 0.0173985 0.0171411 0.000257397 0 0.985206 401.939 384.936 17.003 0 -31.331 -35.1072 64 17541.9 366.841 269 6.37215e-05
17300 0.0213313 0.0206449 0.000686383 0 0.967823 404.053 387.001 17.0526 0 -31.3397 -32.9948 64 17669.9 368.177 271 7.61805e-05
17400 0.023221 0.0227128 0.00050819 0 0.978115 406.409 389.272 17.1371 0 -31.351 -33.2928 64 17733.9 368.843 272 8.35029e-05
17500 0.0194376 0.0191201 0.000317523 0 0.983664 408.366 391.184 17.1814 0 -31.3648 -34.222 64 17861.9 370.172 274 6.97813e-05
17600 0.0164478 0.0162858 0.000161976 0 0.990152 410.018 392.813 17.2057 0 -31.3802 -35.1993 64 17989.9 371.496 276 5.90066e-05
17700 0.0170486 0.0168744 0.000174194 0 0.989783 411.731 394.5 17.2306 0 -31.3955 -35.0534 64 18053.9 372.156 277 6.09185e-05
17800 0.0168335 0.0162269 0.00060665 0 0.963962 413.368 396.123 17.2451 0 -31.4094 -34.8999 64 18181.9 373.473 279 5.81608e-05
17900 0.0185957 0.018437 0.000158714 0 0.991465 415.242 397.967 17.275 0 -31.4275 -35.4191 64 18245.9 374.13 280 6.58465e-05
18000 0.0188203 0.0181901 0.000630202 0 0.966515 417.096 399.786 17.3108 0 -31.4375 -33.6907 64 18373.9 375.44 282 6.4504e-05
18100 0.0183665 0.0179025 0.000463992 0 0.974737 418.947 401.576 17.371 0 -31.4478 -33.7496 64 18437.9 376.093 283 6.32596e-05
18200 0.0168943 0.0165079 0.000386445 0 0.977126 420.652 403.227 17.4253 0 -31.4582 -34.0148 64 18565.9 377.396 285 5.79223e-05
18300 0.0150683 0.0147927 0.000275648 0 0.981707 422.162 404.706 17.456 0 -31.4708 -34.9782 64 18629.9 378.046 286 5.17227e-05
18400 0.0237301 0.0225947 0.00113536 0 0.952155 424.503 406.965 17.5374 0 -31.4777 -32.7231 64 18757.9 379.343 288 7.84539e-05
18500 0.0263111 0.0249515 0.00135956 0 0.948327 427.131 409.46 17.6707 0 -31.4855 -32.7588 64 18885.9 380.635 290 8.60397e-05
18600 0.0194676 0.0183739 0.00109363 0 0.943823 429.086 411.298 17.7883 0 -31.494 -33.3382 64 18949.9 381.279 291 6.31406e-05
18700 0.0261073 0.0245777 0.00152952 0 0.941414 431.665 413.756 17.9091 0 -31.5036 -33.11 64 19077.9 382.565 293 8.38831e-05
18800 0.0256178 0.0244289 0.00118887 0 0.953592 434.227 416.199 18.0282 0 -31.5066 -32.0112 64 19141.9 383.206 294 8.30916e-05
18900 0.0305544 0.029317 0.00123743 0 0.959501 437.319 419.13 18.1887 0 -31.5074 -31.6137 64 19269.9 384.485 296 9.9044e-05
19000 0.0223302 0.021664 0.000666234 0 0.970164 439.581 421.297 18.2844 0 -31.517 -33.3751 64 19333.9 385.123 297 7.29428e-05
19100 0.018866 0.018518 0.000348003 0 0.981554 441.482 423.148 18.3335 0 -31.5262 -33.647 64 19461.9 386.396 299 6.1933e-05
19200 0.0256439 0.024422 0.00122188 0 0.952352 444.047 425.591 18.4567 0 -31.5282 -31.8838 64 19589.9 387.664 301 8.11362e-05
19300 0.0208772 0.0205267 0.00035045 0 0.983214 446.167 427.643 18.5242 0 -31.5354 -33.0354 64 19653.9 388.297 302 6.79693e-05
19400 0.0187849 0.018117 0.000667854 0 0.964447 448.007 429.455 18.5519 0 -31.5422 -33.1798 64 19781.9 389.56 304 5.95955e-05
19500 0.0175728 0.0171765 0.000396299 0 0.977448 449.774 431.173 18.6012 0 -31.551 -33.7831 64 19845.9 390.189 305 5.63163e-05
19600 0.0183407 0.0177589 0.000581792 0 0.968279 451.597 432.949 18.6485 0 -31.5542 -32.3575 64 19973.9 391.445 307 5.78464e-05
19700 0.0177305 0.0173374 0.000393153 0 0.977826 453.386 434.682 18.7034 0 -31.5602 -33.0732 64 20037.9 392.072 308 5.62902e-05
19800 0.018727 0.0180552 0.000671877 0 0.964123 455.252 436.488 18.7644 0 -31.562 -32.0059 64 20165.9 393.322 310 5.82425e-05
19900 0.0333301 0.032166 0.00116409 0 0.965074 458.577 439.704 18.8731 0 -31.5492 -29.7972 64 20229.9 393.946 311 0.000103428
20000 0.0268089 0.0259275 0.000881443 0 0.967121 461.278 442.297 18.981 0 -31.5438 -30.6158 64 20357.9 395.19 313 8.28354e-05
