100 0.0805475 0.0730669 0.00748053 0 0.907129 7.6917 7.30669 0.385012 0 -28.0157 -28.0157 4 429.882 57.4268 26 0.00281027
200 0.125469 0.115616 0.00985363 0 0.921466 20.0717 18.8683 1.20343 0 -28.23 -28.3631 4 529.882 63.7572 51 0.00226698
300 0.187805 0.175167 0.0126381 0 0.932707 38.8993 36.385 2.51433 0 -27.9693 -27.6915 4 629.882 69.5136 76 0.00230483
400 0.180057 0.167988 0.0120689 0 0.932972 57.0003 53.1838 3.81653 0 -27.9597 -27.9391 4 729.882 74.8284 101 0.00166325
500 0.204624 0.190655 0.0139692 0 0.931732 77.3921 72.2493 5.14283 0 -27.9093 -27.7683 4 829.882 79.7899 126 0.00151313
600 0.218998 0.207714 0.0112839 0 0.948475 99.471 93.0207 6.45032 0 -28.1308 -28.9073 4 929.882 84.4605 151 0.00137559
700 0.201013 0.18987 0.0111432 0 0.944565 119.634 112.008 7.62606 0 -28.1639 -28.327 4 1029.88 88.8861 176 0.00107881
800 0.21965 0.205545 0.0141045 0 0.935787 141.363 132.562 8.80105 0 -28.226 -28.5678 4 1129.88 93.1015 201 0.00102261
900 0.240307 0.224677 0.0156309 0 0.934955 165.422 155.03 10.3925 0 -28.2815 -28.6079 4 1229.88 97.1341 226 0.000994144
1000 0.206322 0.192676 0.0136464 0 0.933859 186.052 174.297 11.7546 0 -28.3548 -28.9424 4 1329.88 101.006 251 0.000767633
1100 0.219471 0.208698 0.0107731 0 0.950913 208.205 195.167 13.0376 0 -28.3987 -28.7671 4 1429.88 104.735 276 0.000756152
1200 0.245773 0.231949 0.0138246 0 0.943751 232.731 218.362 14.3688 0 -28.3409 -27.8506 4 1529.88 108.335 301 0.000770594
1300 0.257459 0.243407 0.014052 0 0.94542 258.532 242.703 15.8294 0 -28.3444 -28.3756 4 1629.88 111.82 326 0.000746648
1400 0.255849 0.241894 0.0139557 0 0.945453 284.118 266.892 17.2257 0 -28.3579 -28.4942 4 1729.88 115.199 351 0.000689156
1500 0.284423 0.26852 0.0159032 0 0.944086 312.451 293.744 18.7065 0 -28.2948 -27.662 4 1829.88 118.482 376 0.000714148
1600 0.27364 0.258988 0.0146527 0 0.946453 339.886 319.643 20.2432 0 -28.3069 -28.4446 4 1929.88 121.676 401 0.000645854
1700 0.223135 0.21278 0.010355 0 0.953593 362.417 340.921 21.496 0 -28.3673 -29.2785 4 2029.88 124.789 426 0.000499484
1800 0.243514 0.231817 0.0116966 0 0.951968 386.751 364.103 22.6485 0 -28.3829 -28.6155 4 2129.88 127.826 451 0.000514007
1900 0.298873 0.283372 0.0155014 0 0.948134 416.582 392.44 24.1422 0 -28.3993 -28.6129 4 2229.88 130.792 476 0.000595319
2000 0.293183 0.279385 0.013798 0 0.952937 446.076 420.378 25.6973 0 -28.4731 -29.5146 4 2329.88 133.692 501 0.000557654
2100 0.250528 0.238725 0.0118028 0 0.952888 471.154 444.251 26.903 0 -28.5311 -29.5634 4 2429.88 136.531 526 0.00045385
2200 0.254669 0.240915 0.0137545 0 0.945991 496.475 468.342 28.1325 0 -28.6001 -29.8838 4 2529.88 139.313 551 0.000437232
2300 0.261578 0.24681 0.0147683 0 0.943541 522.488 493.023 29.4644 0 -28.6239 -29.0785 4 2629.88 142.039 576 0.000428489
2400 0.287857 0.273468 0.0143886 0 0.950015 551.247 520.37 30.8768 0 -28.6894 -29.8784 4 2729.88 144.714 601 0.000455022
2500 0.284241 0.268794 0.0154474 0 0.945654 579.549 547.249 32.2994 0 -28.7246 -29.4103 4 2829.88 147.341 626 0.000429383
2600 0.317644 0.301609 0.0160354 0 0.949518 611.269 577.41 33.8583 0 -28.7389 -29.0009 4 2929.88 149.922 651 0.000463301
2700 0.288195 0.274128 0.014067 0 0.951189 640.15 604.823 35.3267 0 -28.7705 -29.44 4 3029.88 152.459 676 0.000405514
2800 0.303791 0.289474 0.0143175 0 0.952871 670.583 633.77 36.8128 0 -28.8117 -29.6784 4 3129.88 154.954 701 0.000412944
2900 0.314011 0.301056 0.0129547 0 0.958744 702.045 663.876 38.1689 0 -28.8707 -30.1265 4 3229.88 157.41 726 0.000414678
3000 0.304082 0.292279 0.0118027 0 0.961186 732.543 693.104 39.4395 0 -28.9214 -30.0889 4 3329.88 159.829 751 0.000389187
3100 0.2745 0.26366 0.0108398 0 0.960511 760.018 719.47 40.5482 0 -28.9701 -30.2685 4 3429.88 162.211 776 0.000339768
3200 0.306454 0.291549 0.0149051 0 0.951363 790.454 748.625 41.8289 0 -28.997 -29.6686 4 3529.88 164.558 801 0.000363981
3300 0.325415 0.310006 0.0154093 0 0.952647 823.016 779.625 43.3901 0 -29.0337 -29.9247 4 3629.88 166.873 826 0.00037531
3400 0.338603 0.322325 0.0162773 0 0.951928 856.796 811.858 44.9377 0 -29.0603 -29.7088 4 3729.88 169.156 851 0.000378761
3500 0.385496 0.369 0.0164959 0 0.957209 895.478 848.758 46.7204 0 -29.0722 -29.3347 4 3829.88 171.409 876 0.000421233
3600 0.323675 0.3081 0.0155747 0 0.951882 927.849 879.568 48.2811 0 -29.0959 -29.7538 4 3929.88 173.632 901 0.000341953
3700 0.359136 0.342987 0.0161491 0 0.955033 963.889 913.867 50.0222 0 -29.1449 -30.4065 4 4029.88 175.827 926 0.000370396
3800 0.357264 0.341914 0.0153502 0 0.957034 999.728 948.058 51.6701 0 -29.2011 -30.7119 4 4129.88 177.995 951 0.000359531
3900 0.375784 0.360988 0.014796 0 0.960626 1037.57 984.157 53.413 0 -29.2477 -30.4776 4 4229.88 180.138 976 0.000369865
4000 0.371841 0.353368 0.0184727 0 0.950321 1074.57 1019.49 55.0813 0 -29.2827 -30.2657 4 4329.88 182.254 1001 0.000353015
4100 0.378655 0.362218 0.0164377 0 0.956589 1112.47 1055.72 56.7561 0 -29.3035 -29.8921 4 4429.88 184.347 1026 0.000353039
4200 0.364633 0.349282 0.0153515 0 0.957899 1149.05 1090.64 58.408 0 -29.3265 -30.0265 4 4529.88 186.416 1051 0.000332333
4300 0.345907 0.330586 0.015321 0 0.955708 1183.59 1123.7 59.8912 0 -29.3573 -30.3829 4 4629.88 188.463 1076 0.000307236
4400 0.315574 0.301934 0.0136396 0 0.956778 1215.14 1153.9 61.2418 0 -29.3887 -30.5646 4 4729.88 190.487 1101 0.000274236
4500 0.337083 0.320333 0.01675 0 0.950309 1248.67 1185.93 62.7432 0 -29.4179 -30.4772 4 4829.88 192.49 1126 0.000284487
4600 0.314658 0.301349 0.0133088 0 0.957704 1280.24 1216.06 64.172 0 -29.4604 -31.1412 4 4929.88 194.473 1151 0.000261815
4700 0.312883 0.300979 0.0119038 0 0.961954 1311.7 1246.16 65.5399 0 -29.499 -31.0675 4 5029.88 196.435 1176 0.000255935
4800 0.294531 0.283406 0.0111249 0 0.962228 1341.21 1274.5 66.7052 0 -29.5337 -31.0767 4 5129.88 198.378 1201 0.000235975
4900 0.3493 0.336499 0.0128013 0 0.963352 1376.15 1308.15 67.9947 0 -29.5469 -30.0534 4 5229.88 200.302 1226 0.000274469
5000 0.327547 0.314862 0.0126851 0 0.961272 1408.91 1339.64 69.2685 0 -29.5775 -30.8628 4 5329.88 202.208 1251 0.000251688
5100 0.312656 0.300906 0.0117503 0 0.962418 1440.28 1369.73 70.5512 0 -29.6094 -31.044 4 5429.88 204.096 1276 0.000235819
5200 0.321454 0.309539 0.0119151 0 0.962934 1472.44 1400.68 71.7619 0 -29.6436 -31.1767 4 5529.88 205.967 1301 0.000237924
5300 0.344143 0.331893 0.0122503 0 0.964403 1507.04 1433.87 73.163 0 -29.6752 -31.0178 4 5629.88 207.821 1326 0.000250296
5400 0.345671 0.331445 0.0142264 0 0.958844 1541.51 1467.02 74.4965 0 -29.6934 -30.4903 4 5729.88 209.659 1351 0.000245333
5500 0.32953 0.316996 0.0125347 0 0.961962 1574.62 1498.72 75.9053 0 -29.7116 -30.5582 4 5829.88 211.48 1376 0.000230375
5600 0.344771 0.333189 0.0115821 0 0.966406 1609.34 1532.04 77.3062 0 -29.7327 -30.6892 4 5929.88 213.286 1401 0.000237822
5700 0.322442 0.310501 0.0119404 0 0.962969 1641.58 1563.09 78.4946 0 -29.7625 -31.2497 4 6029.88 215.077 1426 0.000217743
5800 0.346163 0.332384 0.0137798 0 0.960193 1676.12 1596.32 79.7997 0 -29.7895 -31.0715 4 6129.88 216.853 1451 0.000229072
5900 0.331549 0.319802 0.0117466 0 0.964571 1709.49 1628.3 81.1867 0 -29.8245 -31.583 4 6229.88 218.615 1476 0.000216668
6000 0.314711 0.304872 0.009839 0 0.968736 1741.14 1658.79 82.3456 0 -29.8536 -31.4283 4 6329.88 220.363 1501 0.000203112
6100 0.306746 0.296528 0.0102183 0 0.966688 1771.9 1688.44 83.4525 0 -29.8829 -31.5413 4 6429.88 222.096 1526 0.000194317
6200 0.331891 0.32008 0.0118112 0 0.964412 1805.18 1720.45 84.7295 0 -29.9031 -30.9775 4 6529.88 223.817 1551 0.00020637
6300 0.322932 0.310787 0.0121449 0 0.962392 1837.5 1751.53 85.9698 0 -29.9205 -30.8944 4 6629.88 225.524 1576 0.0001972
6400 0.358753 0.340848 0.0179057 0 0.950089 1873.09 1785.62 87.4789 0 -29.9272 -30.2725 4 6729.88 227.219 1601 0.000212897
6500 0.376845 0.360648 0.0161974 0 0.957019 1910.81 1821.68 89.1348 0 -29.941 -30.6254 4 6829.88 228.9 1626 0.000221801
6600 0.415176 0.396959 0.0182172 0 0.956122 1952.37 1861.38 90.9958 0 -29.9349 -29.6559 4 6929.88 230.57 1651 0.000240435
6700 0.42328 0.403424 0.0198557 0 0.953091 1994.65 1901.72 92.9276 0 -29.9427 -30.3028 4 7029.88 232.228 1676 0.000240707
6800 0.435203 0.414294 0.0209098 0 0.951954 2038.17 1943.15 95.0269 0 -29.9425 -29.9312 4 7129.88 233.874 1701 0.000243559
6900 0.397496 0.38096 0.016536 0 0.958399 2078.21 1981.24 96.97 0 -29.9541 -30.5444 4 7229.88 235.508 1726 0.000220718
7000 0.366025 0.352081 0.0139434 0 0.961906 2115.07 2016.45 98.6172 0 -29.9687 -30.7926 4 7329.88 237.131 1751 0.000201074
7100 0.360353 0.344887 0.0154662 0 0.95708 2150.98 2050.94 100.038 0 -29.9869 -31.0617 4 7429.88 238.743 1776 0.000194193
7200 0.35985 0.34515 0.0147007 0 0.959148 2186.97 2085.46 101.518 0 -30.007 -31.2086 4 7529.88 240.344 1801 0.000191643
7300 0.372237 0.357748 0.0144886 0 0.961077 2224.38 2121.23 103.152 0 -30.0269 -31.1886 4 7629.88 241.935 1826 0.000195919
7400 0.39756 0.380025 0.0175348 0 0.955894 2264.1 2159.23 104.869 0 -30.0443 -31.017 4 7729.88 243.515 1851 0.000205308
7500 0.42763 0.409812 0.0178185 0 0.958332 2307.07 2200.21 106.854 0 -30.0563 -30.6881 4 7829.88 245.086 1876 0.00021845
7600 0.402452 0.386918 0.0155336 0 0.961403 2347.6 2238.91 108.691 0 -30.0735 -31.0534 4 7929.88 246.646 1901 0.000203534
7700 0.395755 0.378678 0.0170767 0 0.95685 2387.16 2276.77 110.383 0 -30.0852 -30.779 4 8029.88 248.196 1926 0.000196614
7800 0.464522 0.444215 0.0203063 0 0.956286 2433.58 2321.2 112.381 0 -30.0825 -29.9473 4 8129.88 249.737 1951 0.000227686
7900 0.438038 0.417959 0.0200791 0 0.954161 2477.3 2362.99 114.306 0 -30.0869 -30.3319 4 8229.88 251.268 1976 0.000211517
8000 0.442946 0.42629 0.0166563 0 0.962397 2521.77 2405.62 116.148 0 -30.0918 -30.3611 4 8329.88 252.79 2001 0.000213038
8100 0.437792 0.422005 0.0157863 0 0.963941 2565.64 2447.82 117.819 0 -30.09 -29.9868 4 8429.88 254.303 2026 0.000208295
8200 0.424205 0.408115 0.0160904 0 0.962069 2608.08 2488.63 119.449 0 -30.0946 -30.3739 4 8529.88 255.806 2051 0.000198983
8300 0.384851 0.372418 0.0124327 0 0.967695 2646.8 2525.87 120.929 0 -30.1074 -30.9714 4 8629.88 257.302 2076 0.000179392
8400 0.385008 0.371416 0.0135915 0 0.964698 2685.39 2563.02 122.373 0 -30.1181 -30.8496 4 8729.88 258.788 2101 0.000176781
8500 0.38412 0.368787 0.015333 0 0.960083 2723.59 2599.89 123.7 0 -30.13 -30.9658 4 8829.88 260.266 2126 0.000173465
8600 0.39945 0.380626 0.0188242 0 0.952875 2763.18 2637.96 125.224 0 -30.1369 -30.6145 4 8929.88 261.736 2151 0.000176953
8700 0.42072 0.400211 0.0205094 0 0.951252 2804.99 2677.98 127.01 0 -30.1351 -30.0138 4 9029.88 263.197 2176 0.000183921
8800 0.431798 0.415288 0.0165102 0 0.961764 2848.37 2719.51 128.858 0 -30.1411 -30.5268 4 9129.88 264.65 2201 0.000188682
8900 0.427413 0.408328 0.019085 0 0.955348 2890.93 2760.34 130.589 0 -30.1386 -29.975 4 9229.88 266.096 2226 0.000183436
9000 0.439516 0.42162 0.0178954 0 0.959284 2934.9 2802.5 132.402 0 -30.1329 -29.755 4 9329.88 267.533 2251 0.000187304
9100 0.441096 0.424782 0.0163142 0 0.963014 2979.22 2844.98 134.236 0 -30.1328 -30.1259 4 9429.88 268.963 2276 0.000186635
9200 0.425828 0.40705 0.0187783 0 0.955902 3021.68 2885.68 135.994 0 -30.1291 -29.8737 4 9529.88 270.386 2301 0.000176901
9300 0.496829 0.473775 0.0230536 0 0.953599 3071.17 2933.06 138.112 0 -30.1228 -29.7361 4 9629.88 271.801 2326 0.000203687
9400 0.474674 0.453293 0.0213817 0 0.954955 3118.62 2978.39 140.228 0 -30.1195 -29.9091 4 9729.88 273.208 2351 0.000192808
9500 0.433051 0.416452 0.0165994 0 0.961669 3162.14 3020.04 142.105 0 -30.1234 -30.3976 4 9829.88 274.609 2376 0.000175274
9600 0.40058 0.385481 0.0150992 0 0.962307 3202.29 3058.58 143.704 0 -30.131 -30.7342 4 9929.88 276.002 2401 0.00016055
9700 0.406875 0.394323 0.0125521 0 0.96915 3243.18 3098.02 145.163 0 -30.1405 -30.8803 4 10029.9 277.388 2426 0.000162541
9800 0.396386 0.383019 0.0133678 0 0.966276 3282.76 3136.32 146.438 0 -30.1507 -30.9851 4 10129.9 278.768 2451 0.00015627
9900 0.366925 0.356937 0.00998767 0 0.97278 3319.69 3172.01 147.681 0 -30.1647 -31.4091 4 10229.9 280.14 2476 0.000144159
10000 0.351565 0.340502 0.0110629 0 0.968532 3354.8 3206.06 148.734 0 -30.178 -31.439 4 10329.9 281.506 2501 0.000136146
10100 0.375479 0.363544 0.011935 0 0.968214 3392.4 3242.42 149.987 0 -30.1888 -31.1523 4 10429.9 282.865 2526 0.000143921
10200 0.376723 0.363799 0.0129241 0 0.965693 3430.08 3278.8 151.287 0 -30.1994 -31.159 4 10529.9 284.218 2551 0.00014261
10300 0.395097 0.37734 0.017757 0 0.955057 3469.17 3316.53 152.634 0 -30.2092 -31.063 4 10629.9 285.565 2576 0.000146483
10400 0.411235 0.396925 0.0143096 0 0.965203 3510.44 3356.22 154.215 0 -30.2165 -30.8323 4 10729.9 286.905 2601 0.000152605
10500 0.395803 0.380614 0.0151884 0 0.961626 3549.94 3394.29 155.653 0 -30.2268 -31.1449 4 10829.9 288.238 2626 0.000144941
10600 0.369566 0.356463 0.0131032 0 0.964544 3586.99 3429.93 157.057 0 -30.2396 -31.4658 4 10929.9 289.566 2651 0.000134464
10700 0.393704 0.379898 0.0138061 0 0.964933 3626.44 3467.92 158.518 0 -30.2471 -30.9232 4 11029.9 290.888 2676 0.000141965
10800 0.393746 0.380787 0.0129586 0 0.967089 3665.96 3506 159.965 0 -30.2507 -30.5823 4 11129.9 292.203 2701 0.00014098
10900 0.382009 0.37035 0.0116593 0 0.969479 3704.33 3543.03 161.297 0 -30.2613 -31.2805 4 11229.9 293.513 2726 0.000135858
11000 0.401451 0.387173 0.0142777 0 0.964435 3744.45 3581.75 162.694 0 -30.2698 -31.0492 4 11329.9 294.817 2751 0.000140739
11100 0.382796 0.368734 0.0140613 0 0.963267 3782.66 3618.63 164.033 0 -30.2792 -31.1969 4 11429.9 296.115 2776 0.000132829
11200 0.439279 0.424061 0.0152185 0 0.965356 3826.6 3661.03 165.564 0 -30.2923 -31.4274 4 11529.9 297.408 2801 0.000151396
11300 0.430606 0.415151 0.0154549 0 0.964109 3869.68 3702.55 167.128 0 -30.2984 -30.8373 4 11629.9 298.695 2826 0.000146904
11400 0.408545 0.393683 0.0148622 0 0.963622 3910.56 3741.92 168.647 0 -30.3086 -31.2705 4 11729.9 299.976 2851 0.000138086
11500 0.409308 0.394053 0.0152548 0 0.96273 3951.46 3781.32 170.142 0 -30.3214 -31.5499 4 11829.9 301.252 2876 0.000137014
11600 0.397603 0.381611 0.0159925 0 0.959778 3991.1 3819.48 171.618 0 -30.3332 -31.5074 4 11929.9 302.523 2901 0.000131544
11700 0.424144 0.408378 0.0157659 0 0.962829 4033.56 3860.32 173.241 0 -30.3418 -31.147 4 12029.9 303.788 2926 0.000139569
11800 0.469025 0.453279 0.0157459 0 0.966428 4080.73 3905.65 175.082 0 -30.347 -30.7925 4 12129.9 305.048 2951 0.000153602
11900 0.415244 0.398884 0.0163596 0 0.960602 4122.2 3945.54 176.667 0 -30.3537 -31.017 4 12229.9 306.303 2976 0.000134034
12000 0.448368 0.431548 0.0168196 0 0.962487 4167.14 3988.69 178.448 0 -30.3606 -30.992 4 12329.9 307.553 3001 0.000143801
12100 0.459189 0.441492 0.0176968 0 0.961461 4213 4032.84 180.163 0 -30.3709 -31.307 4 12429.9 308.797 3026 0.0001459
12200 0.436951 0.420031 0.0169207 0 0.961276 4256.65 4074.84 181.804 0 -30.382 -31.455 4 12529.9 310.037 3051 0.00013767
12300 0.430902 0.414926 0.0159754 0 0.962926 4299.79 4116.34 183.456 0 -30.3921 -31.3892 4 12629.9 311.272 3076 0.000134892
12400 0.39674 0.382655 0.0140857 0 0.964496 4339.56 4154.6 184.956 0 -30.4033 -31.6159 4 12729.9 312.502 3101 0.000123397
12500 0.380312 0.36673 0.0135825 0 0.964286 4377.61 4191.27 186.34 0 -30.4161 -31.877 4 12829.9 313.727 3126 0.000117316
12600 0.433788 0.416348 0.0174391 0 0.959798 4420.82 4232.91 187.916 0 -30.4221 -31.0254 4 12929.9 314.947 3151 0.000132132
12700 0.439454 0.424418 0.0150359 0 0.965785 4464.96 4275.35 189.611 0 -30.4284 -31.0587 4 13029.9 316.162 3176 0.000133633
12800 0.426415 0.408272 0.0181429 0 0.957452 4507.34 4316.18 191.163 0 -30.4342 -31.047 4 13129.9 317.373 3201 0.000127545
12900 0.437311 0.419909 0.0174026 0 0.960205 4550.98 4358.17 192.816 0 -30.438 -30.8287 4 13229.9 318.58 3226 0.000130164
13000 0.405546 0.39261 0.0129358 0 0.968103 4591.82 4397.43 194.392 0 -30.447 -31.4509 4 13329.9 319.781 3251 0.000120766
13100 0.40803 0.389157 0.0188733 0 0.953745 4632.26 4436.35 195.918 0 -30.4533 -31.1628 4 13429.9 320.979 3276 0.00011879
13200 0.399965 0.38569 0.0142745 0 0.964311 4672.43 4474.91 197.512 0 -30.4585 -31.0677 4 13529.9 322.171 3301 0.00011684
13300 0.384679 0.371161 0.0135175 0 0.96486 4710.91 4512.03 198.884 0 -30.4682 -31.6407 4 13629.9 323.36 3326 0.000111594
13400 0.401689 0.389768 0.0119204 0 0.970324 4751.24 4551.01 200.231 0 -30.4763 -31.4239 4 13729.9 324.544 3351 0.000116314
13500 0.380877 0.366974 0.0139026 0 0.963498 4789.19 4587.7 201.489 0 -30.4826 -31.2718 4 13829.9 325.724 3376 0.000108701
13600 0.425897 0.410705 0.0151917 0 0.96433 4831.78 4628.77 203.002 0 -30.4834 -30.5695 4 13929.9 326.899 3401 0.00012076
13700 0.400583 0.386399 0.0141834 0 0.964593 4871.95 4667.41 204.53 0 -30.4918 -31.5042 4 14029.9 328.07 3426 0.000112784
13800 0.405625 0.391803 0.0138216 0 0.965925 4912.57 4706.6 205.977 0 -30.5039 -31.9507 4 14129.9 329.238 3451 0.000113533
13900 0.396518 0.381125 0.0153931 0 0.961179 4952.08 4744.71 207.37 0 -30.5143 -31.8094 4 14229.9 330.401 3476 0.000109645
14000 0.456497 0.439436 0.0170616 0 0.962625 4997.73 4788.65 209.081 0 -30.5206 -31.2063 4 14329.9 331.559 3501 0.000125517
14100 0.443936 0.4265 0.0174363 0 0.960724 5042.12 4831.3 210.819 0 -30.5298 -31.5695 4 14429.9 332.714 3526 0.000120959
14200 0.429658 0.415227 0.0144307 0 0.966413 5085.34 4872.82 212.515 0 -30.5407 -31.8106 4 14529.9 333.865 3551 0.000116932
14300 0.445158 0.430022 0.0151355 0 0.966 5129.97 4915.83 214.145 0 -30.5491 -31.5071 4 14629.9 335.012 3576 0.000120252
14400 0.520644 0.502496 0.0181479 0 0.965143 5182.06 4966.08 215.988 0 -30.5568 -31.312 4 14729.9 336.155 3601 0.000139544
14500 0.479673 0.462729 0.0169448 0 0.964674 5230.17 5012.35 217.822 0 -30.5634 -31.271 4 14829.9 337.294 3626 0.000127614
14600 0.463555 0.447134 0.0164202 0 0.964578 5276.62 5057.06 219.557 0 -30.5699 -31.3065 4 14929.9 338.43 3651 0.000122469
14700 0.45245 0.437481 0.0149691 0 0.966916 5322.02 5100.81 221.21 0 -30.5792 -31.6652 4 15029.9 339.561 3676 0.00011901
14800 0.435501 0.422319 0.0131817 0 0.969732 5365.76 5143.04 222.716 0 -30.5929 -32.2571 4 15129.9 340.689 3701 0.00011411
14900 0.441399 0.42718 0.0142185 0 0.967788 5409.91 5185.76 224.151 0 -30.6024 -31.7581 4 15229.9 341.813 3726 0.000114649
15000 0.43238 0.417311 0.0150689 0 0.965149 5453.19 5227.49 225.698 0 -30.6101 -31.5632 4 15329.9 342.933 3751 0.000111253
15100 0.435332 0.422469 0.0128628 0 0.970453 5496.9 5269.74 227.166 0 -30.6183 -31.6473 4 15429.9 344.05 3776 0.000111883
15200 0.435581 0.42164 0.0139409 0 0.967995 5540.51 5311.9 228.609 0 -30.6279 -31.8432 4 15529.9 345.163 3801 0.000110929
15300 0.411733 0.398695 0.0130381 0 0.968334 5581.75 5351.77 229.975 0 -30.6396 -32.2114 4 15629.9 346.272 3826 0.000104207
15400 0.37937 0.368683 0.0106867 0 0.971831 5619.79 5388.64 231.149 0 -30.6522 -32.4995 4 15729.9 347.378 3851 9.57371e-05
15500 0.375704 0.365766 0.00993844 0 0.973547 5657.5 5425.22 232.28 0 -30.6641 -32.4305 4 15829.9 348.481 3876 9.43668e-05
15600 0.361826 0.354287 0.00753989 0 0.979162 5693.84 5460.65 233.197 0 -30.6774 -32.7485 4 15929.9 349.58 3901 9.08194e-05
15700 0.357721 0.348664 0.00905759 0 0.97468 5729.58 5495.51 234.069 0 -30.6904 -32.7593 4 16029.9 350.675 3926 8.88089e-05
15800 0.36066 0.349666 0.0109945 0 0.969516 5765.46 5530.48 234.984 0 -30.7014 -32.4683 4 16129.9 351.767 3951 8.85005e-05
15900 0.420709 0.407396 0.0133129 0 0.968356 5807.31 5571.22 236.095 0 -30.7094 -31.81 4 16229.9 352.856 3976 0.000102464
16000 0.441541 0.428328 0.0132129 0 0.970075 5851.52 5614.05 237.467 0 -30.7158 -31.5569 4 16329.9 353.942 4001 0.000107055
16100 0.450864 0.436834 0.0140305 0 0.968881 5896.65 5657.73 238.918 0 -30.7241 -31.7904 4 16429.9 355.024 4026 0.000108503
16200 0.420564 0.406024 0.0145395 0 0.965429 5938.69 5698.34 240.355 0 -30.7338 -32.1061 4 16529.9 356.102 4051 0.000100228
16300 0.401081 0.389197 0.0118839 0 0.97037 5979 5737.26 241.745 0 -30.7459 -32.5296 4 16629.9 357.178 4076 9.54849e-05
16400 0.386146 0.37393 0.0122159 0 0.968365 6017.67 5774.65 243.023 0 -30.7569 -32.4545 4 16729.9 358.25 4101 9.11801e-05
16500 0.456283 0.438413 0.0178707 0 0.960834 6063.12 5818.49 244.627 0 -30.7621 -31.4445 4 16829.9 359.319 4126 0.000106256
16600 0.469802 0.451436 0.0183663 0 0.960906 6110.16 5863.63 246.525 0 -30.7678 -31.5091 4 16929.9 360.385 4151 0.000108753
16700 0.442371 0.425097 0.0172743 0 0.960951 6154.41 5906.14 248.27 0 -30.7749 -31.7559 4 17029.9 361.448 4176 0.000101795
16800 0.455742 0.438528 0.0172133 0 0.96223 6200.02 5950 250.027 0 -30.7788 -31.3039 4 17129.9 362.508 4201 0.000104387
16900 0.447515 0.432287 0.0152278 0 0.965973 6245.05 5993.23 251.827 0 -30.7875 -31.9804 4 17229.9 363.564 4226 0.000102292
17000 0.408277 0.394862 0.0134154 0 0.967141 6286.05 6032.71 253.335 0 -30.7979 -32.3772 4 17329.9 364.618 4251 9.28868e-05
17100 0.441488 0.42613 0.0153575 0 0.965214 6330.16 6075.32 254.831 0 -30.8042 -31.7065 4 17429.9 365.668 4276 9.96563e-05
17200 0.440755 0.426537 0.0142183 0 0.967741 6374.43 6117.98 256.45 0 -30.8129 -32.0573 4 17529.9 366.716 4301 9.91715e-05
17300 0.409931 0.39705 0.0128811 0 0.968577 6415.69 6157.68 258.006 0 -30.8219 -32.21 4 17629.9 367.76 4326 9.17821e-05
17400 0.442703 0.427205 0.0154984 0 0.964991 6459.88 6200.4 259.48 0 -30.8267 -31.5332 4 17729.9 368.802 4351 9.81854e-05
17500 0.468973 0.45398 0.0149934 0 0.968029 6506.95 6245.8 261.15 0 -30.8334 -31.7421 4 17829.9 369.84 4376 0.000103743
17600 0.416778 0.404061 0.0127168 0 0.969488 6548.8 6286.21 262.588 0 -30.8414 -32.0925 4 17929.9 370.876 4401 9.18112e-05
17700 0.445241 0.429121 0.0161196 0 0.963796 6593.32 6329.12 264.205 0 -30.8479 -31.8015 4 18029.9 371.909 4426 9.69547e-05
17800 0.406246 0.39455 0.0116964 0 0.971209 6634.15 6368.57 265.572 0 -30.8567 -32.2781 4 18129.9 372.939 4451 8.86429e-05
17900 0.421786 0.408167 0.0136195 0 0.96771 6676.32 6409.39 266.933 0 -30.8632 -31.8911 4 18229.9 373.966 4476 9.11901e-05
18000 0.432031 0.417397 0.0146345 0 0.966126 6719.56 6451.13 268.432 0 -30.8678 -31.5745 4 18329.9 374.99 4501 9.27342e-05
18100 0.457321 0.440988 0.0163333 0 0.964285 6765.34 6495.23 270.115 0 -30.8712 -31.3682 4 18429.9 376.012 4526 9.74343e-05
18200 0.399651 0.386031 0.0136205 0 0.965919 6805.42 6533.83 271.591 0 -30.8772 -31.89 4 18529.9 377.03 4551 8.48232e-05
18300 0.429993 0.41476 0.0152327 0 0.964575 6848.37 6575.31 273.064 0 -30.8806 -31.4184 4 18629.9 378.046 4576 9.06382e-05
18400 0.488161 0.469115 0.0190466 0 0.960983 6897.15 6622.22 274.932 0 -30.8801 -30.8134 4 18729.9 379.06 4601 0.000101959
18500 0.456351 0.440612 0.0157393 0 0.965511 6943.05 6666.28 276.767 0 -30.8833 -31.3574 4 18829.9 380.07 4626 9.52468e-05
18600 0.454794 0.437936 0.0168581 0 0.962932 6988.54 6710.08 278.468 0 -30.8854 -31.2097 4 18929.9 381.078 4651 9.41595e-05
18700 0.42307 0.409226 0.0138442 0 0.967277 7031.05 6751 280.055 0 -30.8904 -31.7198 4 19029.9 382.083 4676 8.75162e-05
18800 0.427755 0.413233 0.0145224 0 0.96605 7073.8 6792.32 281.475 0 -30.8947 -31.6006 4 19129.9 383.086 4701 8.79031e-05
18900 0.442445 0.427299 0.0151461 0 0.965767 7117.97 6835.05 282.915 0 -30.8944 -30.8482 4 19229.9 384.086 4726 9.04145e-05
19000 0.451094 0.436356 0.0147379 0 0.967328 7163.15 6878.69 284.466 0 -30.8943 -30.8706 4 19329.9 385.083 4751 9.1845e-05
19100 0.431364 0.415447 0.0159168 0 0.963101 7206.15 6920.23 285.922 0 -30.8953 -31.0592 4 19429.9 386.078 4776 8.69864e-05
19200 0.411868 0.400632 0.0112355 0 0.972721 7247.48 6960.29 287.184 0 -30.9003 -31.7794 4 19529.9 387.07 4801 8.34477e-05
19300 0.426731 0.414858 0.0118731 0 0.972177 7290.13 7001.78 288.351 0 -30.9054 -31.7654 4 19629.9 388.06 4826 8.59631e-05
19400 0.465337 0.451273 0.0140636 0 0.969778 7336.71 7046.91 289.803 0 -30.9082 -31.3503 4 19729.9 389.047 4851 9.30268e-05
19500 0.423251 0.413515 0.0097356 0 0.976998 7379.28 7088.26 291.021 0 -30.9154 -32.1501 4 19829.9 390.032 4876 8.48062e-05
19600 0.380971 0.372658 0.00831396 0 0.978177 7417.5 7125.52 291.98 0 -30.9234 -32.4667 4 19929.9 391.014 4901 7.6037e-05
19700 0.423923 0.410746 0.0131768 0 0.968917 7459.7 7166.6 293.105 0 -30.9262 -31.423 4 20029.9 391.994 4926 8.33833e-05
19800 0.421594 0.410013 0.011581 0 0.972531 7501.98 7207.6 294.377 0 -30.9288 -31.3956 4 20129.9 392.971 4951 8.28141e-05
19900 0.443534 0.430638 0.0128964 0 0.970923 7546.42 7250.66 295.754 0 -30.9305 -31.207 4 20229.9 393.946 4976 8.65429e-05
20000 0.423051 0.410413 0.0126378 0 0.970127 7588.75 7291.71 297.04 0 -30.9332 -31.4171 4 20329.9 394.919 5001 8.20662e-05
20100 0.416375 0.404428 0.0119471 0 0.971307 7630.46 7332.15 298.314 0 -30.9378 -31.7827 4 20429.9 395.889 5026 8.04672e-05
20200 0.423859 0.412996 0.0108625 0 0.974372 7673.11 7373.45 299.659 0 -30.9455 -32.3184 4 20529.9 396.856 5051 8.17652e-05
20300 0.41165 0.398477 0.0131735 0 0.967998 7714.09 7413.3 300.792 0 -30.9519 -32.1553 4 20629.9 397.822 5076 7.85021e-05
20400 0.418406 0.406065 0.0123413 0 0.970504 7755.99 7453.9 302.09 0 -30.958 -32.0693 4 20729.9 398.785 5101 7.9605e-05
20500 0.412229 0.401338 0.010891 0 0.97358 7797.36 7494.04 303.32 0 -30.9613 -31.5875 4 20829.9 399.745 5126 7.82946e-05
20600 0.431827 0.419439 0.0123874 0 0.971314 7840.52 7535.98 304.539 0 -30.9659 -31.8017 4 20929.9 400.704 5151 8.14287e-05
20700 0.449595 0.434212 0.0153831 0 0.965784 7885.29 7579.4 305.89 0 -30.9691 -31.5241 4 21029.9 401.66 5176 8.38895e-05
20800 0.471885 0.454031 0.0178539 0 0.962165 7932.31 7624.8 307.504 0 -30.97 -31.1265 4 21129.9 402.614 5201 8.72968e-05
20900 0.451191 0.435999 0.0151913 0 0.966331 7977.65 7668.4 309.244 0 -30.9738 -31.6296 4 21229.9 403.565 5226 8.34289e-05
21000 0.424315 0.409151 0.0151636 0 0.964263 8020.14 7709.32 310.816 0 -30.9777 -31.7108 4 21329.9 404.515 5251 7.79187e-05
21100 0.417017 0.402194 0.0148221 0 0.964457 8061.86 7749.54 312.317 0 -30.9831 -32.021 4 21429.9 405.462 5276 7.62309e-05
21200 0.418801 0.404686 0.0141152 0 0.966296 8103.84 7790.01 313.83 0 -30.9872 -31.7776 4 21529.9 406.407 5301 7.63414e-05
21300 0.422759 0.40823 0.0145285 0 0.965634 8146.16 7830.83 315.33 0 -30.9891 -31.3559 4 21629.9 407.349 5326 7.66486e-05
21400 0.3928 0.381106 0.0116938 0 0.97023 8185.6 7868.94 316.655 0 -30.9937 -31.9307 4 21729.9 408.29 5351 7.12215e-05
21500 0.391135 0.377077 0.0140584 0 0.964057 8224.58 7906.65 317.927 0 -30.998 -31.9216 4 21829.9 409.228 5376 7.01408e-05
21600 0.40457 0.39278 0.0117901 0 0.970858 8265.2 7945.93 319.275 0 -31.0019 -31.7723 4 21929.9 410.165 5401 7.27235e-05
21700 0.468875 0.452929 0.015946 0 0.965991 8312.01 7991.22 320.795 0 -30.9999 -30.6588 4 22029.9 411.099 5426 8.34739e-05
21800 0.456169 0.439408 0.0167611 0 0.963257 8357.64 8035.16 322.481 0 -31.0008 -31.1646 4 22129.9 412.031 5451 8.06105e-05
21900 0.444854 0.426986 0.0178675 0 0.959835 8402.12 8077.86 324.262 0 -31.0035 -31.5144 4 22229.9 412.961 5476 7.79741e-05
22000 0.42261 0.406271 0.0163394 0 0.961337 8444.44 8118.49 325.955 0 -31.006 -31.4914 4 22329.9 413.888 5501 7.3854e-05
22100 0.430428 0.413607 0.0168205 0 0.960921 8487.52 8159.85 327.674 0 -31.0085 -31.5108 4 22429.9 414.814 5526 7.48475e-05
22200 0.445478 0.426868 0.0186102 0 0.958224 8531.9 8202.53 329.371 0 -31.0095 -31.2003 4 22529.9 415.738 5551 7.68993e-05
22300 0.445787 0.429845 0.0159422 0 0.964238 8576.62 8245.52 331.105 0 -31.011 -31.2884 4 22629.9 416.659 5576 7.70884e-05
22400 0.442112 0.424416 0.0176968 0 0.959972 8620.72 8287.96 332.759 0 -31.0129 -31.3894 4 22729.9 417.579 5601 7.5775e-05
22500 0.458468 0.438546 0.0199218 0 0.956547 8666.31 8331.81 334.491 0 -31.012 -30.8332 4 22829.9 418.497 5626 7.79499e-05
22600 0.439689 0.423253 0.0164357 0 0.96262 8710.46 8374.14 336.323 0 -31.0131 -31.2404 4 22929.9 419.412 5651 7.48989e-05
22700 0.432891 0.413307 0.0195848 0 0.954758 8753.43 8415.47 337.957 0 -31.0134 -31.069 4 23029.9 420.326 5676 7.28165e-05
22800 0.421267 0.405572 0.0156946 0 0.962744 8795.66 8456.03 339.636 0 -31.0148 -31.3009 4 23129.9 421.237 5701 7.11405e-05
22900 0.450207 0.434387 0.0158203 0 0.96486 8840.85 8499.47 341.388 0 -31.0173 -31.5021 4 23229.9 422.147 5726 7.58622e-05
23000 0.439098 0.42266 0.016438 0 0.962564 8884.71 8541.73 342.979 0 -31.019 -31.3652 4 23329.9 423.055 5751 7.34933e-05
23100 0.474858 0.459178 0.0156808 0 0.966978 8932.31 8587.65 344.66 0 -31.0201 -31.2199 4 23429.9 423.96 5776 7.94975e-05
23200 0.42679 0.41058 0.0162104 0 0.962018 8974.74 8628.71 346.036 0 -31.0235 -31.7391 4 23529.9 424.864 5801 7.07774e-05
23300 0.43979 0.42431 0.0154808 0 0.9648 9018.7 8671.14 347.558 0 -31.0284 -32.0328 4 23629.9 425.766 5826 7.28304e-05
23400 0.443529 0.431078 0.0124503 0 0.971929 9063.23 8714.25 348.987 0 -31.0352 -32.4055 4 23729.9 426.666 5851 7.3676e-05
23500 0.421364 0.407775 0.0135891 0 0.96775 9105.33 8755.02 350.303 0 -31.0401 -32.1098 4 23829.9 427.564 5876 6.93967e-05
23600 0.439889 0.425499 0.0143898 0 0.967288 9149.19 8797.57 351.615 0 -31.0452 -32.0869 4 23929.9 428.46 5901 7.21063e-05
23700 0.462879 0.44904 0.0138391 0 0.970102 9195.64 8842.48 353.166 0 -31.0473 -31.4733 4 24029.9 429.354 5926 7.57746e-05
23800 0.413002 0.399991 0.0130108 0 0.968497 9237 8882.48 354.521 0 -31.0511 -31.8956 4 24129.9 430.247 5951 6.72141e-05
23900 0.436479 0.42281 0.0136691 0 0.968683 9280.77 8924.76 356.008 0 -31.0539 -31.6439 4 24229.9 431.137 5976 7.07514e-05
24000 0.457066 0.438439 0.0186268 0 0.959247 9326.21 8968.6 357.608 0 -31.0559 -31.472 4 24329.9 432.026 6001 7.3061e-05
24100 0.487573 0.471869 0.0157035 0 0.967793 9375.18 9015.79 359.391 0 -31.0603 -31.8971 4 24429.9 432.913 6026 7.83055e-05
24200 0.471397 0.456366 0.0150312 0 0.968113 9422.6 9061.43 361.177 0 -31.065 -31.9915 4 24529.9 433.798 6051 7.54199e-05
24300 0.496033 0.479023 0.0170105 0 0.965707 9472.4 9109.33 363.071 0 -31.0676 -31.5513 4 24629.9 434.682 6076 7.88385e-05
24400 0.475233 0.458571 0.0166617 0 0.96494 9520.22 9155.19 365.033 0 -31.0695 -31.4417 4 24729.9 435.563 6101 7.51633e-05
24500 0.451209 0.434091 0.0171189 0 0.96206 9565.38 9198.59 366.783 0 -31.0711 -31.427 4 24829.9 436.443 6126 7.08603e-05
24600 0.434099 0.419286 0.0148129 0 0.965877 9609.03 9240.52 368.505 0 -31.0758 -32.0957 4 24929.9 437.321 6151 6.81655e-05
24700 0.451637 0.433774 0.0178628 0 0.960449 9654.01 9283.9 370.11 0 -31.0769 -31.3136 4 25029.9 438.197 6176 7.02355e-05
24800 0.434608 0.421428 0.0131806 0 0.969672 9697.74 9326.04 371.692 0 -31.081 -31.9804 4 25129.9 439.072 6201 6.79613e-05
24900 0.424236 0.41065 0.0135857 0 0.967976 9740.18 9367.11 373.069 0 -31.0841 -31.7874 4 25229.9 439.944 6226 6.59573e-05
25000 0.427203 0.414785 0.0124182 0 0.970931 9783 9408.59 374.412 0 -31.0878 -31.9372 4 25329.9 440.815 6251 6.63549e-05
25100 0.418545 0.405344 0.013201 0 0.96846 9824.9 9449.12 375.781 0 -31.0912 -31.8862 4 25429.9 441.685 6276 6.45863e-05
25200 0.393866 0.382029 0.0118376 0 0.969945 9864.29 9487.32 376.969 0 -31.0963 -32.3778 4 25529.9 442.552 6301 6.06298e-05
25300 0.416515 0.403067 0.0134482 0 0.967713 9905.79 9527.63 378.163 0 -31.1008 -32.1617 4 25629.9 443.418 6326 6.3716e-05
25400 0.423299 0.409103 0.0141961 0 0.966463 9948.05 9568.54 379.507 0 -31.1052 -32.125 4 25729.9 444.282 6351 6.44155e-05
25500 0.423331 0.407834 0.0154974 0 0.963392 9990.17 9609.32 380.842 0 -31.1092 -32.0689 4 25829.9 445.145 6376 6.39639e-05
25600 0.45917 0.444216 0.0149537 0 0.967433 10036.2 9653.75 382.411 0 -31.1126 -31.8496 4 25929.9 446.006 6401 6.93979e-05
25700 0.431226 0.418198 0.0130282 0 0.969788 10079.5 9695.57 383.933 0 -31.1172 -32.1886 4 26029.9 446.865 6426 6.5079e-05
25800 0.429103 0.412659 0.0164446 0 0.961677 10122.4 9736.83 385.591 0 -31.12 -31.7737 4 26129.9 447.722 6451 6.39682e-05
25900 0.43495 0.418069 0.0168803 0 0.96119 10165.9 9778.64 387.281 0 -31.1235 -31.9225 4 26229.9 448.578 6476 6.45567e-05
26000 0.433107 0.416671 0.016436 0 0.962051 10209.1 9820.31 388.825 0 -31.1272 -31.9981 4 26329.9 449.433 6501 6.40933e-05
26100 0.417867 0.403624 0.014243 0 0.965915 10251.1 9860.67 390.465 0 -31.1323 -32.3893 4 26429.9 450.285 6526 6.18487e-05
26200 0.404963 0.390755 0.0142089 0 0.964913 10291.6 9899.74 391.899 0 -31.1378 -32.5268 4 26529.9 451.136 6551 5.96481e-05
26300 0.441054 0.425929 0.0151245 0 0.965708 10335.8 9942.34 393.51 0 -31.1393 -31.4953 4 26629.9 451.986 6576 6.47703e-05
26400 0.441875 0.426641 0.0152346 0 0.965523 10380 9985 395.043 0 -31.1426 -31.9004 4 26729.9 452.834 6601 6.46328e-05
26500 0.416674 0.405101 0.0115723 0 0.972227 10422 10025.5 396.448 0 -31.147 -32.2455 4 26829.9 453.68 6626 6.11381e-05
26600 0.384405 0.375392 0.00901271 0 0.976554 10460.6 10063 397.534 0 -31.1519 -32.4631 4 26929.9 454.524 6651 5.64415e-05
26700 0.402306 0.391725 0.0105811 0 0.973699 10500.8 10102.2 398.608 0 -31.1563 -32.3083 4 27029.9 455.368 6676 5.86766e-05
26800 0.425302 0.413172 0.0121306 0 0.971478 10543.4 10143.5 399.819 0 -31.1621 -32.5847 4 27129.9 456.209 6701 6.16582e-05
26900 0.383672 0.374518 0.00915348 0 0.976142 10581.8 10181 400.84 0 -31.1686 -32.9498 4 27229.9 457.049 6726 5.56822e-05
27000 0.371986 0.362037 0.00994858 0 0.973255 10619 10217.2 401.755 0 -31.1738 -32.6632 4 27329.9 457.888 6751 5.36272e-05
27100 0.380152 0.370494 0.00965755 0 0.974596 10657 10254.2 402.789 0 -31.1775 -32.2129 4 27429.9 458.725 6776 5.46775e-05
27200 0.388199 0.378806 0.00939378 0 0.975802 10695.9 10292.1 403.825 0 -31.1813 -32.2239 4 27529.9 459.56 6801 5.56985e-05
27300 0.363533 0.355376 0.00815692 0 0.977562 10732.4 10327.7 404.7 0 -31.1864 -32.6926 4 27629.9 460.394 6826 5.20622e-05
27400 0.368695 0.358352 0.0103424 0 0.971949 10769.1 10363.5 405.651 0 -31.1921 -32.8544 4 27729.9 461.226 6851 5.23065e-05
27500 0.361016 0.350103 0.0109133 0 0.969771 10805.1 10398.5 406.599 0 -31.1972 -32.7222 4 27829.9 462.057 6876 5.09167e-05
27600 0.349016 0.340952 0.00806429 0 0.976894 10840.2 10432.6 407.627 0 -31.2034 -33.091 4 27929.9 462.887 6901 4.94062e-05
27700 0.36292 0.352001 0.0109195 0 0.969912 10876.5 10467.8 408.678 0 -31.2078 -32.5184 4 28029.9 463.715 6926 5.08231e-05
27800 0.420078 0.405232 0.0148461 0 0.964659 10918.3 10508.3 410.018 0 -31.21 -31.7839 4 28129.9 464.541 6951 5.82983e-05
27900 0.409897 0.395364 0.0145332 0 0.964544 10959.4 10547.9 411.489 0 -31.2113 -31.562 4 28229.9 465.366 6976 5.66749e-05
28000 0.432758 0.417688 0.0150701 0 0.965177 11002.8 10589.6 413.153 0 -31.2124 -31.4881 4 28329.9 466.189 7001 5.96612e-05
28100 0.430952 0.414874 0.016078 0 0.962692 11045.9 10631.1 414.815 0 -31.2144 -31.7423 4 28429.9 467.012 7026 5.90484e-05
28200 0.400258 0.386992 0.0132657 0 0.966857 11086.1 10669.8 416.291 0 -31.2185 -32.3382 4 28529.9 467.832 7051 5.48847e-05
28300 0.402255 0.3888 0.0134548 0 0.966551 11126.4 10708.7 417.663 0 -31.2218 -32.1301 4 28629.9 468.651 7076 5.49463e-05
28400 0.425047 0.410159 0.014888 0 0.964973 11168.9 10749.7 419.211 0 -31.224 -31.808 4 28729.9 469.469 7101 5.77607e-05
28500 0.433226 0.415803 0.0174222 0 0.959785 11212.2 10791.3 420.864 0 -31.2277 -32.1672 4 28829.9 470.285 7126 5.83502e-05
28600 0.430025 0.412811 0.0172132 0 0.959971 11255.1 10832.6 422.567 0 -31.2305 -31.9686 4 28929.9 471.1 7151 5.77278e-05
28700 0.418488 0.40451 0.0139773 0 0.9666 11297.2 10873 424.149 0 -31.2333 -31.9884 4 29029.9 471.914 7176 5.63699e-05
28800 0.428353 0.41307 0.0152831 0 0.964321 11340 10914.3 425.67 0 -31.2371 -32.233 4 29129.9 472.726 7201 5.73628e-05
28900 0.424606 0.410648 0.0139581 0 0.967127 11382.5 10955.4 427.144 0 -31.2412 -32.3243 4 29229.9 473.537 7226 5.68293e-05
29000 0.405774 0.394093 0.0116806 0 0.971214 11423.3 10994.8 428.452 0 -31.2461 -32.636 4 29329.9 474.346 7251 5.43502e-05
29100 0.407981 0.39661 0.0113705 0 0.97213 11464.2 11034.5 429.779 0 -31.2513 -32.682 4 29429.9 475.154 7276 5.45094e-05
29200 0.401852 0.388537 0.0133148 0 0.966866 11504.3 11073.3 430.972 0 -31.2556 -32.4869 4 29529.9 475.961 7301 5.32169e-05
29300 0.393944 0.380225 0.013719 0 0.965175 11543.6 11111.3 432.226 0 -31.2601 -32.5787 4 29629.9 476.766 7326 5.19008e-05
29400 0.40374 0.391801 0.0119391 0 0.970429 11584 11150.5 433.516 0 -31.266 -32.9528 4 29729.9 477.57 7351 5.3299e-05
29500 0.377644 0.367159 0.0104854 0 0.972235 11621.9 11187.2 434.613 0 -31.2717 -33.0239 4 29829.9 478.372 7376 4.97775e-05
29600 0.390727 0.381069 0.00965752 0 0.975283 11661.1 11225.3 435.708 0 -31.2768 -32.7755 4 29929.9 479.173 7401 5.14889e-05
29700 0.406545 0.393461 0.0130845 0 0.967815 11701.5 11264.7 436.798 0 -31.2808 -32.4482 4 30029.9 479.973 7426 5.29842e-05
29800 0.434123 0.418845 0.0152779 0 0.964808 11744.7 11306.6 438.163 0 -31.2853 -32.5031 4 30129.9 480.772 7451 5.62132e-05
29900 0.429056 0.413958 0.0150978 0 0.964812 11787.6 11348 439.667 0 -31.29 -32.5746 4 30229.9 481.569 7476 5.53716e-05
30000 0.410158 0.395809 0.0143496 0 0.965014 11828.6 11387.6 441.073 0 -31.2939 -32.3985 4 30329.9 482.365 7501 5.27674e-05
30100 0.412226 0.398221 0.0140046 0 0.966027 11869.8 11427.4 442.451 0 -31.297 -32.1883 4 30429.9 483.159 7526 5.29128e-05
30200 0.418002 0.401695 0.0163071 0 0.960988 11911.4 11467.5 443.874 0 -31.3001 -32.2101 4 30529.9 483.952 7551 5.31976e-05
30300 0.397357 0.384021 0.0133363 0 0.966438 11951.3 11505.9 445.357 0 -31.3053 -32.8447 4 30629.9 484.744 7576 5.06892e-05
30400 0.393777 0.378792 0.0149853 0 0.961945 11990.5 11543.8 446.694 0 -31.3094 -32.5542 4 30729.9 485.535 7601 4.98345e-05
30500 0.391888 0.377202 0.0146858 0 0.962526 12029.7 11581.5 448.108 0 -31.3134 -32.5418 4 30829.9 486.324 7626 4.94627e-05
30600 0.40052 0.38416 0.0163598 0 0.959154 12069.6 11620 449.615 0 -31.3172 -32.4783 4 30929.9 487.112 7651 5.02105e-05
30700 0.402205 0.388918 0.0132867 0 0.966965 12110 11658.9 451.154 0 -31.3217 -32.6593 4 31029.9 487.899 7676 5.06668e-05
30800 0.386764 0.373707 0.0130565 0 0.966242 12148.7 11696.2 452.518 0 -31.3261 -32.6936 4 31129.9 488.685 7701 4.85271e-05
30900 0.462098 0.445961 0.0161372 0 0.965078 12194.9 11740.8 454.063 0 -31.3289 -32.0537 4 31229.9 489.469 7726 5.77221e-05
31000 0.460879 0.443466 0.0174132 0 0.962217 12241 11785.2 455.824 0 -31.3303 -31.7167 4 31329.9 490.252 7751 5.72141e-05
31100 0.4529 0.436322 0.0165784 0 0.963395 12286.4 11828.8 457.64 0 -31.3335 -32.2042 4 31429.9 491.034 7776 5.61114e-05
31200 0.470077 0.452415 0.0176623 0 0.962427 12333.5 11874 459.411 0 -31.3364 -32.0748 4 31529.9 491.814 7801 5.79945e-05
31300 0.433414 0.418791 0.0146226 0 0.966262 12377 11915.9 461.056 0 -31.3399 -32.3466 4 31629.9 492.594 7826 5.35128e-05
31400 0.448596 0.431668 0.0169277 0 0.962265 12421.8 11959.1 462.673 0 -31.343 -32.1801 4 31729.9 493.372 7851 5.49826e-05
31500 0.445947 0.43101 0.0149371 0 0.966505 12466.5 12002.2 464.341 0 -31.348 -32.753 4 31829.9 494.149 7876 5.47245e-05
31600 0.428209 0.412697 0.0155124 0 0.963774 12509.3 12043.5 465.857 0 -31.3526 -32.6871 4 31929.9 494.924 7901 5.22335e-05
31700 0.44773 0.43275 0.0149802 0 0.966542 12554.2 12086.7 467.467 0 -31.3548 -31.98 4 32029.9 495.699 7926 5.45987e-05
31800 0.460517 0.443563 0.016954 0 0.963185 12600.3 12131.1 469.231 0 -31.357 -31.9327 4 32129.9 496.472 7951 5.5787e-05
31900 0.440568 0.425154 0.0154133 0 0.965015 12644.6 12173.6 470.983 0 -31.3599 -32.2089 4 32229.9 497.244 7976 5.33042e-05
32000 0.445563 0.430401 0.0151621 0 0.965971 12689.3 12216.6 472.615 0 -31.3638 -32.4682 4 32329.9 498.015 8001 5.37933e-05
32100 0.483956 0.466679 0.0172772 0 0.9643 12737.8 12263.3 474.455 0 -31.3657 -31.8645 4 32429.9 498.784 8026 5.81459e-05
32200 0.429083 0.414872 0.0142114 0 0.96688 12780.8 12304.8 476.005 0 -31.3688 -32.2695 4 32529.9 499.553 8051 5.15305e-05
32300 0.498517 0.479683 0.0188337 0 0.962221 12830.5 12352.8 477.77 0 -31.3707 -31.8524 4 32629.9 500.32 8076 5.93962e-05
32400 0.492271 0.474171 0.0181 0 0.963232 12879.8 12400.2 479.59 0 -31.3723 -31.8026 4 32729.9 501.086 8101 5.85324e-05
32500 0.483716 0.466697 0.0170191 0 0.964816 12928.2 12446.9 481.368 0 -31.374 -31.8229 4 32829.9 501.851 8126 5.74326e-05
32600 0.45178 0.435109 0.016671 0 0.963099 12973.4 12490.4 483.024 0 -31.3762 -31.9967 4 32929.9 502.615 8151 5.33811e-05
32700 0.454808 0.43867 0.0161385 0 0.964516 13018.9 12534.2 484.658 0 -31.3787 -32.1112 4 33029.9 503.377 8176 5.36533e-05
32800 0.457933 0.441546 0.0163872 0 0.964215 13064.7 12578.4 486.301 0 -31.3826 -32.4778 4 33129.9 504.139 8201 5.38405e-05
32900 0.478814 0.464064 0.0147497 0 0.969195 13112.7 12624.8 487.89 0 -31.3849 -31.9995 4 33229.9 504.899 8226 5.64143e-05
33000 0.444292 0.431273 0.0130193 0 0.970696 13157.3 12667.9 489.374 0 -31.3885 -32.4532 4 33329.9 505.658 8251 5.22692e-05
33100 0.469387 0.453819 0.015568 0 0.966833 13204.2 12713.3 490.904 0 -31.3921 -32.4175 4 33429.9 506.416 8276 5.48356e-05
33200 0.476164 0.459539 0.0166242 0 0.965087 13251.8 12759.3 492.518 0 -31.3954 -32.3153 4 33529.9 507.173 8301 5.53595e-05
33300 0.460791 0.44761 0.0131815 0 0.971394 13298 12804 493.987 0 -31.3981 -32.1596 4 33629.9 507.929 8326 5.37605e-05
33400 0.476993 0.461995 0.0149979 0 0.968557 13345.7 12850.2 495.525 0 -31.3998 -31.8625 4 33729.9 508.683 8351 5.53221e-05
33500 0.415879 0.404263 0.0116162 0 0.972068 13387.5 12890.6 496.835 0 -31.404 -32.7503 4 33829.9 509.437 8376 4.82644e-05
33600 0.43214 0.419815 0.0123251 0 0.971479 13430.8 12932.6 498.156 0 -31.4075 -32.4977 4 33929.9 510.189 8401 4.99721e-05
33700 0.465798 0.44926 0.0165385 0 0.964494 13477.2 12977.6 499.668 0 -31.4096 -32.0216 4 34029.9 510.94 8426 5.33183e-05
33800 0.448825 0.432845 0.0159795 0 0.964397 13522.2 13020.8 501.39 0 -31.4132 -32.4738 4 34129.9 511.691 8451 5.12182e-05
33900 0.415675 0.4009 0.0147755 0 0.964454 13563.8 13060.9 502.92 0 -31.4171 -32.696 4 34229.9 512.44 8476 4.72982e-05
34000 0.448805 0.433742 0.0150626 0 0.966438 13608.8 13104.3 504.515 0 -31.4207 -32.5154 4 34329.9 513.188 8501 5.10225e-05
34100 0.484414 0.465117 0.0192974 0 0.960163 13657 13150.8 506.165 0 -31.4209 -31.4788 4 34429.9 513.935 8526 5.45527e-05
34200 0.467129 0.45103 0.016099 0 0.965536 13703.8 13195.9 507.933 0 -31.423 -32.0293 4 34529.9 514.68 8551 5.27459e-05
34300 0.492606 0.474464 0.0181422 0 0.963171 13753.2 13243.4 509.809 0 -31.4266 -32.4363 4 34629.9 515.425 8576 5.53247e-05
34400 0.454905 0.439049 0.0158566 0 0.965143 13798.9 13287.3 511.656 0 -31.4312 -32.7864 4 34729.9 516.169 8601 5.10463e-05
34500 0.429672 0.414219 0.015454 0 0.964033 13841.9 13328.7 513.249 0 -31.435 -32.671 4 34829.9 516.911 8626 4.80198e-05
34600 0.434892 0.420046 0.014846 0 0.965863 13885.6 13370.7 514.856 0 -31.4387 -32.614 4 34929.9 517.653 8651 4.85546e-05
34700 0.417424 0.403177 0.014247 0 0.965869 13927.3 13411 516.307 0 -31.4426 -32.7249 4 35029.9 518.393 8676 4.64704e-05
34800 0.406426 0.393437 0.0129888 0 0.968041 13968 13450.4 517.62 0 -31.4464 -32.7673 4 35129.9 519.133 8701 4.52175e-05
34900 0.427747 0.414628 0.0131196 0 0.969329 14010.9 13491.8 519.037 0 -31.4495 -32.4518 4 35229.9 519.871 8726 4.75163e-05
35000 0.437246 0.423157 0.0140884 0 0.967779 14054.7 13534.1 520.523 0 -31.453 -32.5834 4 35329.9 520.608 8751 4.83553e-05
35100 0.465698 0.447665 0.0180328 0 0.961278 14101.1 13578.9 522.166 0 -31.4551 -32.0922 4 35429.9 521.345 8776 5.10102e-05
35200 0.424777 0.412307 0.0124702 0 0.970643 14143.8 13620.1 523.656 0 -31.4593 -32.8316 4 35529.9 522.08 8801 4.68478e-05
35300 0.476613 0.460491 0.0161226 0 0.966173 14191.3 13666.2 525.167 0 -31.4627 -32.4797 4 35629.9 522.814 8826 5.21743e-05
35400 0.455647 0.441273 0.0143737 0 0.968454 14237 13710.3 526.729 0 -31.4649 -32.1316 4 35729.9 523.547 8851 4.98557e-05
35500 0.459583 0.443664 0.015919 0 0.965362 14283 13754.7 528.303 0 -31.4673 -32.2313 4 35829.9 524.279 8876 4.99846e-05
35600 0.491961 0.474372 0.0175885 0 0.964248 14332.2 13802.1 530.129 0 -31.4685 -31.8169 4 35929.9 525.01 8901 5.32943e-05
35700 0.518256 0.498001 0.0202558 0 0.960916 14384 13851.9 532.082 0 -31.4683 -31.3961 4 36029.9 525.741 8926 5.57921e-05
35800 0.500233 0.479509 0.0207239 0 0.958571 14434 13899.9 534.1 0 -31.47 -31.9634 4 36129.9 526.47 8951 5.35704e-05
35900 0.510505 0.490752 0.0197532 0 0.961307 14485.1 13948.9 536.159 0 -31.4717 -31.9711 4 36229.9 527.198 8976 5.46738e-05
36000 0.470293 0.455128 0.0151647 0 0.967755 14532.5 13994.5 538.03 0 -31.475 -32.4774 4 36329.9 527.925 9001 5.05642e-05
36100 0.433587 0.419786 0.0138013 0 0.968169 14576 14036.4 539.534 0 -31.4793 -32.8984 4 36429.9 528.651 9026 4.65085e-05
36200 0.437844 0.424168 0.0136763 0 0.968764 14619.9 14078.8 541.014 0 -31.4827 -32.613 4 36529.9 529.376 9051 4.68642e-05
36300 0.417816 0.403283 0.0145332 0 0.965216 14661.5 14119.2 542.371 0 -31.4867 -32.8808 4 36629.9 530.1 9076 4.4434e-05
36400 0.440351 0.424778 0.0155734 0 0.964634 14705.4 14161.7 543.721 0 -31.49 -32.6246 4 36729.9 530.823 9101 4.66737e-05
36500 0.469081 0.454634 0.0144462 0 0.969203 14752.3 14207.1 545.207 0 -31.4918 -32.0349 4 36829.9 531.545 9126 4.98175e-05
36600 0.42638 0.414235 0.0121447 0 0.971517 14795 14248.5 546.451 0 -31.4945 -32.4209 4 36929.9 532.266 9151 4.52666e-05
36700 0.433042 0.421626 0.011416 0 0.973638 14838.5 14290.7 547.773 0 -31.4977 -32.6009 4 37029.9 532.987 9176 4.59487e-05
36800 0.421687 0.406478 0.0152081 0 0.963935 14880.4 14331.3 549.033 0 -31.5013 -32.7835 4 37129.9 533.706 9201 4.41776e-05
36900 0.427157 0.413538 0.013619 0 0.968117 14923.2 14372.7 550.487 0 -31.5051 -32.8091 4 37229.9 534.424 9226 4.48231e-05
37000 0.418489 0.40574 0.0127491 0 0.969535 14965 14413.3 551.709 0 -31.5089 -32.881 4 37329.9 535.141 9251 4.3859e-05
37100 0.404751 0.394369 0.0103821 0 0.974349 15005.6 14452.7 552.861 0 -31.5133 -33.1429 4 37429.9 535.857 9276 4.2515e-05
37200 0.414687 0.402957 0.0117303 0 0.971713 15047 14493 554.013 0 -31.5173 -32.9346 4 37529.9 536.573 9301 4.33241e-05
37300 0.485441 0.470427 0.0150139 0 0.969072 15095.6 14540.1 555.504 0 -31.5187 -31.9582 4 37629.9 537.287 9326 5.04426e-05
37400 0.459944 0.445839 0.0141049 0 0.969334 15141.6 14584.6 556.958 0 -31.5219 -32.5897 4 37729.9 538.001 9351 4.76782e-05
37500 0.448825 0.436002 0.0128228 0 0.97143 15186.5 14628.2 558.289 0 -31.5251 -32.6007 4 37829.9 538.713 9376 4.65019e-05
37600 0.425811 0.414772 0.0110385 0 0.974076 15229.2 14669.7 559.478 0 -31.5292 -32.9938 4 37929.9 539.425 9401 4.412e-05
37700 0.449118 0.43472 0.0143988 0 0.96794 15274 14713.2 560.826 0 -31.5333 -32.9174 4 38029.9 540.135 9426 4.61192e-05
37800 0.460472 0.445098 0.0153734 0 0.966614 15320 14757.7 562.283 0 -31.5366 -32.6456 4 38129.9 540.845 9451 4.70954e-05
37900 0.482262 0.465448 0.0168143 0 0.965135 15368.2 14804.2 563.956 0 -31.5397 -32.5265 4 38229.9 541.554 9476 4.91186e-05
38000 0.464764 0.449753 0.0150109 0 0.967702 15414.8 14849.2 565.587 0 -31.5433 -32.7083 4 38329.9 542.262 9501 4.73375e-05
38100 0.440094 0.425692 0.0144018 0 0.967276 15458.9 14891.8 567.143 0 -31.5473 -32.9488 4 38429.9 542.968 9526 4.46874e-05
38200 0.452897 0.438671 0.0142259 0 0.968589 15504.2 14935.7 568.592 0 -31.5516 -33.0178 4 38529.9 543.674 9551 4.59294e-05
38300 0.410196 0.398844 0.0113516 0 0.972326 15545.4 14975.5 569.914 0 -31.5564 -33.373 4 38629.9 544.379 9576 4.16504e-05
38400 0.447252 0.432395 0.0148574 0 0.966781 15590 15018.8 571.218 0 -31.5591 -32.5037 4 38729.9 545.084 9601 4.50364e-05
38500 0.428476 0.415155 0.0133207 0 0.968911 15632.9 15060.3 572.584 0 -31.5624 -32.7591 4 38829.9 545.787 9626 4.31285e-05
38600 0.4387 0.423357 0.0153432 0 0.965026 15676.7 15102.6 574.028 0 -31.5653 -32.5859 4 38929.9 546.489 9651 4.38666e-05
38700 0.458319 0.444358 0.0139615 0 0.969538 15722.7 15147.1 575.648 0 -31.5677 -32.3846 4 39029.9 547.191 9676 4.59237e-05
38800 0.421508 0.408028 0.0134798 0 0.96802 15764.8 15187.9 576.95 0 -31.5714 -32.9804 4 39129.9 547.891 9701 4.20604e-05
38900 0.544517 0.52677 0.0177474 0 0.967407 15819.2 15240.5 578.635 0 -31.5734 -32.1451 4 39229.9 548.591 9726 5.4161e-05
39000 0.525743 0.511513 0.0142302 0 0.972933 15872.1 15291.7 580.385 0 -31.5758 -32.2898 4 39329.9 549.29 9751 5.24575e-05
39100 0.512272 0.496505 0.0157667 0 0.969222 15923.3 15341.3 581.951 0 -31.5767 -31.8504 4 39429.9 549.987 9776 5.07882e-05
39200 0.498704 0.482174 0.0165306 0 0.966853 15973.1 15389.6 583.584 0 -31.5771 -31.6957 4 39529.9 550.684 9801 4.91964e-05
39300 0.525915 0.505646 0.0202694 0 0.961459 16025.7 15440.1 585.539 0 -31.5757 -31.152 4 39629.9 551.381 9826 5.146e-05
39400 0.497518 0.480614 0.0169044 0 0.966023 16075.8 15488.2 587.571 0 -31.5767 -31.9082 4 39729.9 552.076 9851 4.87883e-05
39500 0.473942 0.457053 0.0168886 0 0.964366 16123.2 15533.9 589.257 0 -31.578 -32.007 4 39829.9 552.77 9876 4.62792e-05
39600 0.522329 0.5038 0.0185294 0 0.964526 16175.6 15584.3 591.288 0 -31.5788 -31.8363 4 39929.9 553.464 9901 5.08838e-05
39700 0.456014 0.440724 0.0152908 0 0.966469 16221.3 15628.3 592.955 0 -31.5814 -32.5076 4 40029.9 554.156 9926 4.44009e-05
39800 0.475423 0.459044 0.0163783 0 0.96555 16268.8 15674.2 594.565 0 -31.5843 -32.5779 4 40129.9 554.848 9951 4.61305e-05
39900 0.451215 0.437218 0.0139976 0 0.968978 16314.1 15718 596.088 0 -31.5881 -32.9455 4 40229.9 555.539 9976 4.3827e-05
40000 0.485818 0.47267 0.0131482 0 0.972936 16362.9 15765.2 597.627 0 -31.591 -32.5404 4 40329.9 556.229 10001 4.72623e-05
40100 0.462883 0.450427 0.0124561 0 0.97309 16409.3 15810.3 598.984 0 -31.5949 -32.9708 4 40429.9 556.918 10026 4.49259e-05
40200 0.477038 0.463635 0.0134028 0 0.971904 16457.1 15856.6 600.463 0 -31.5955 -31.8113 4 40529.9 557.606 10051 4.61283e-05
40300 0.490997 0.475388 0.0156086 0 0.96821 16506.3 15904.2 602.074 0 -31.5959 -31.7365 4 40629.9 558.294 10076 4.71803e-05
40400 0.493791 0.479354 0.0144372 0 0.970763 16555.9 15952.1 603.747 0 -31.5956 -31.511 4 40729.9 558.98 10101 4.74561e-05
40500 0.474408 0.456294 0.0181139 0 0.961818 16603 15997.7 605.297 0 -31.5964 -31.8508 4 40829.9 559.666 10126 4.50616e-05
40600 0.537252 0.517521 0.0197307 0 0.963275 16656.8 16049.5 607.256 0 -31.5967 -31.6906 4 40929.9 560.351 10151 5.09823e-05
40700 0.512859 0.491356 0.0215039 0 0.958071 16707.8 16098.6 609.213 0 -31.5969 -31.6561 4 41029.9 561.035 10176 4.82857e-05
40800 0.561098 0.538041 0.0230571 0 0.958907 16764.1 16152.4 611.64 0 -31.5968 -31.5783 4 41129.9 561.719 10201 5.27439e-05
40900 0.550594 0.528214 0.0223801 0 0.959353 16819.2 16205.3 613.922 0 -31.5964 -31.467 4 41229.9 562.401 10226 5.1654e-05
41000 0.515587 0.496803 0.0187844 0 0.963567 16870.9 16254.9 615.972 0 -31.5982 -32.2084 4 41329.9 563.083 10251 4.84638e-05
41100 0.487103 0.469958 0.017145 0 0.964802 16919.7 16301.9 617.786 0 -31.6006 -32.4131 4 41429.9 563.763 10276 4.57335e-05
41200 0.453974 0.439734 0.0142399 0 0.968633 16965.2 16345.9 619.309 0 -31.6039 -32.8293 4 41529.9 564.443 10301 4.26885e-05
41300 0.43098 0.418468 0.0125128 0 0.970967 17008.4 16387.8 620.651 0 -31.6076 -33.0652 4 41629.9 565.123 10326 4.05256e-05
41400 0.460163 0.446959 0.0132045 0 0.971305 17054.5 16432.5 622.023 0 -31.6099 -32.4652 4 41729.9 565.801 10351 4.31803e-05
41500 0.465726 0.452762 0.0129633 0 0.972165 17101.1 16477.7 623.4 0 -31.6119 -32.3372 4 41829.9 566.478 10376 4.36355e-05
41600 0.447701 0.435214 0.0124875 0 0.972108 17145.8 16521.3 624.595 0 -31.6145 -32.5918 4 41929.9 567.155 10401 4.18435e-05
41700 0.462006 0.447278 0.0147281 0 0.968121 17191.9 16566 625.932 0 -31.6163 -32.3061 4 42029.9 567.831 10426 4.29002e-05
41800 0.440515 0.428155 0.0123595 0 0.971943 17236 16608.8 627.246 0 -31.6193 -32.7943 4 42129.9 568.506 10451 4.09679e-05
41900 0.435755 0.423809 0.0119463 0 0.972585 17279.6 16651.2 628.466 0 -31.6211 -32.3104 4 42229.9 569.18 10476 4.04552e-05
42000 0.423803 0.411768 0.0120345 0 0.971604 17322 16692.4 629.675 0 -31.6232 -32.4709 4 42329.9 569.854 10501 3.92123e-05
42100 0.441321 0.430325 0.0109966 0 0.975083 17366.2 16735.4 630.841 0 -31.6261 -32.7683 4 42429.9 570.527 10526 4.08821e-05
42200 0.460456 0.446241 0.0142144 0 0.96913 17412.2 16780 632.21 0 -31.6295 -32.9302 4 42529.9 571.199 10551 4.22938e-05
42300 0.502437 0.487205 0.0152324 0 0.969683 17462.6 16828.7 633.829 0 -31.6315 -32.3218 4 42629.9 571.87 10576 4.6067e-05
42400 0.494503 0.478662 0.0158415 0 0.967965 17512 16876.6 635.436 0 -31.6337 -32.4222 4 42729.9 572.54 10601 4.51525e-05
42500 0.47634 0.46096 0.01538 0 0.967712 17559.6 16922.7 636.863 0 -31.6355 -32.3003 4 42829.9 573.21 10626 4.33804e-05
42600 0.545922 0.52589 0.0200318 0 0.963306 17614 16975.3 638.728 0 -31.6372 -32.1554 4 42929.9 573.878 10651 4.93747e-05
42700 0.541351 0.523267 0.0180844 0 0.966594 17668.3 17027.6 640.682 0 -31.6376 -31.7826 4 43029.9 574.546 10676 4.90134e-05
42800 0.494742 0.478787 0.0159554 0 0.96775 17717.9 17075.5 642.43 0 -31.6393 -32.2371 4 43129.9 575.214 10701 4.47422e-05
42900 0.482689 0.468044 0.0146459 0 0.969658 17766.4 17122.3 644.091 0 -31.6423 -32.7505 4 43229.9 575.88 10726 4.36364e-05
43000 0.504691 0.486709 0.0179814 0 0.964371 17816.8 17171 645.844 0 -31.6459 -32.9231 4 43329.9 576.546 10751 4.52711e-05
43100 0.479886 0.464735 0.0151508 0 0.968428 17864.9 17217.4 647.458 0 -31.6491 -32.8341 4 43429.9 577.211 10776 4.31269e-05
43200 0.444182 0.430989 0.013193 0 0.970298 17909.4 17260.5 648.864 0 -31.6529 -33.1453 4 43529.9 577.875 10801 3.99027e-05
43300 0.480924 0.462508 0.0184164 0 0.961706 17957.2 17306.8 650.374 0 -31.6549 -32.4247 4 43629.9 578.538 10826 4.27219e-05
43400 0.486106 0.469514 0.0165922 0 0.965867 18005.9 17353.7 652.138 0 -31.6577 -32.6859 4 43729.9 579.201 10851 4.32692e-05
43500 0.454735 0.440651 0.0140843 0 0.969027 18051.5 17397.8 653.664 0 -31.661 -32.9742 4 43829.9 579.863 10876 4.05159e-05
43600 0.461482 0.447494 0.013988 0 0.969689 18097.7 17442.5 655.133 0 -31.6643 -32.928 4 43929.9 580.524 10901 4.10507e-05
43700 0.431224 0.419487 0.0117372 0 0.972782 18140.9 17484.5 656.403 0 -31.6672 -32.9213 4 44029.9 581.184 10926 3.83934e-05
43800 0.418112 0.407454 0.0106583 0 0.974508 18182.8 17525.2 657.574 0 -31.671 -33.2776 4 44129.9 581.844 10951 3.7207e-05
43900 0.400659 0.391128 0.0095313 0 0.976211 18223 17564.4 658.63 0 -31.6752 -33.5837 4 44229.9 582.503 10976 3.56348e-05
44000 0.400353 0.390823 0.0095304 0 0.976195 18263.1 17603.4 659.656 0 -31.6797 -33.7334 4 44329.9 583.161 11001 3.55261e-05
44100 0.410964 0.399043 0.011921 0 0.970993 18304.2 17643.3 660.829 0 -31.683 -33.1537 4 44429.9 583.818 11026 3.61911e-05
44200 0.42799 0.414382 0.0136076 0 0.968206 18347 17684.8 662.193 0 -31.6862 -33.032 4 44529.9 584.475 11051 3.74973e-05
44300 0.42183 0.40878 0.0130498 0 0.969064 18389.3 17725.7 663.647 0 -31.6894 -33.076 4 44629.9 585.131 11076 3.69068e-05
44400 0.406072 0.392189 0.0138821 0 0.965814 18429.8 17764.9 664.927 0 -31.693 -33.3551 4 44729.9 585.786 11101 3.53292e-05
44500 0.407615 0.395884 0.0117304 0 0.971222 18470.7 17804.5 666.23 0 -31.6967 -33.3634 4 44829.9 586.44 11126 3.55819e-05
44600 0.420323 0.408494 0.0118297 0 0.971856 18512.8 17845.3 667.525 0 -31.7003 -33.2791 4 44929.9 587.094 11151 3.66329e-05
44700 0.451055 0.4363 0.0147552 0 0.967287 18557.9 17888.9 668.953 0 -31.7025 -32.5976 4 45029.9 587.747 11176 3.9039e-05
44800 0.436977 0.423729 0.0132478 0 0.969683 18601.6 17931.3 670.316 0 -31.7051 -32.8066 4 45129.9 588.399 11201 3.78296e-05
44900 0.424505 0.411568 0.012937 0 0.969524 18644.1 17972.5 671.583 0 -31.7078 -32.8951 4 45229.9 589.051 11226 3.6662e-05
45000 0.441731 0.427851 0.0138801 0 0.968578 18688.1 18015.3 672.878 0 -31.7104 -32.8129 4 45329.9 589.702 11251 3.80278e-05
45100 0.432195 0.419723 0.0124716 0 0.971144 18731.4 18057.2 674.187 0 -31.7128 -32.7404 4 45429.9 590.352 11276 3.72227e-05
45200 0.412267 0.400472 0.011795 0 0.97139 18772.7 18097.3 675.437 0 -31.7161 -33.2125 4 45529.9 591.001 11301 3.54368e-05
45300 0.410134 0.396536 0.0135978 0 0.966845 18813.6 18136.9 676.694 0 -31.7188 -32.9504 4 45629.9 591.65 11326 3.50111e-05
45400 0.472878 0.454897 0.0179809 0 0.961976 18860.7 18182.4 678.318 0 -31.7199 -32.1776 4 45729.9 592.298 11351 4.00755e-05
45500 0.452098 0.435575 0.0165237 0 0.963451 18905.9 18226 679.958 0 -31.7221 -32.6247 4 45829.9 592.945 11376 3.82889e-05
45600 0.432539 0.419108 0.0134308 0 0.968949 18949.3 18267.9 681.454 0 -31.7254 -33.1829 4 45929.9 593.592 11401 3.67607e-05
45700 0.405813 0.393511 0.0123025 0 0.969684 18990 18307.2 682.774 0 -31.7293 -33.558 4 46029.9 594.237 11426 3.444e-05
45800 0.517284 0.502097 0.0151876 0 0.97064 19041.9 18357.5 684.465 0 -31.7315 -32.5081 4 46129.9 594.883 11451 4.38474e-05
45900 0.477082 0.462577 0.0145049 0 0.969597 19089.8 18403.7 686.069 0 -31.7328 -32.2528 4 46229.9 595.527 11476 4.03082e-05
46000 0.436126 0.421297 0.0148293 0 0.965998 19133.3 18445.8 687.463 0 -31.7352 -32.8071 4 46329.9 596.171 11501 3.66313e-05
46100 0.427331 0.414433 0.0128978 0 0.969818 19176.1 18487.3 688.782 0 -31.7378 -32.9106 4 46429.9 596.814 11526 3.59563e-05
46200 0.45991 0.448352 0.0115578 0 0.974869 19222.4 18532.1 690.256 0 -31.7399 -32.6012 4 46529.9 597.456 11551 3.8815e-05
46300 0.442964 0.430542 0.0124214 0 0.971958 19266.8 18575.2 691.585 0 -31.7422 -32.7425 4 46629.9 598.098 11576 3.71927e-05
46400 0.449996 0.435195 0.0148009 0 0.967109 19311.7 18618.7 693.014 0 -31.744 -32.5177 4 46729.9 598.739 11601 3.75136e-05
46500 0.458934 0.445667 0.0132664 0 0.971093 19357.7 18663.3 694.418 0 -31.7454 -32.3205 4 46829.9 599.379 11626 3.83337e-05
46600 0.450866 0.438586 0.0122794 0 0.972765 19402.9 18707.1 695.773 0 -31.7482 -32.9548 4 46929.9 600.019 11651 3.76436e-05
46700 0.445091 0.42975 0.0153408 0 0.965533 19447.1 18750.1 697.005 0 -31.751 -32.9644 4 47029.9 600.658 11676 3.68063e-05
46800 0.468851 0.454735 0.014116 0 0.969892 19493.9 18795.6 698.383 0 -31.7532 -32.6837 4 47129.9 601.296 11701 3.88629e-05
46900 0.465079 0.450882 0.0141965 0 0.969475 19540.3 18840.7 699.652 0 -31.7551 -32.5436 4 47229.9 601.933 11726 3.84515e-05
47000 0.441464 0.428135 0.0133291 0 0.969807 19584.4 18883.5 700.887 0 -31.7576 -32.8737 4 47329.9 602.57 11751 3.64339e-05
47100 0.441452 0.428915 0.0125373 0 0.9716 19628.5 18926.4 702.142 0 -31.7607 -33.1377 4 47429.9 603.207 11776 3.64228e-05
47200 0.463976 0.449159 0.0148173 0 0.968064 19674.9 18971.3 703.584 0 -31.7633 -32.867 4 47529.9 603.842 11801 3.80611e-05
47300 0.454077 0.439402 0.0146749 0 0.967682 19720.3 19015.2 705.075 0 -31.7663 -33.0349 4 47629.9 604.477 11826 3.71556e-05
47400 0.436159 0.421722 0.0144369 0 0.9669 19763.9 19057.4 706.546 0 -31.7693 -33.1649 4 47729.9 605.111 11851 3.55854e-05
47500 0.422974 0.410425 0.0125486 0 0.970332 19806.4 19098.4 707.996 0 -31.7725 -33.2393 4 47829.9 605.745 11876 3.45592e-05
47600 0.424052 0.409907 0.0141443 0 0.966645 19848.7 19139.4 709.327 0 -31.7755 -33.1879 4 47929.9 606.378 11901 3.44431e-05
47700 0.422335 0.408897 0.0134385 0 0.968181 19891.1 19180.3 710.743 0 -31.7785 -33.1826 4 48029.9 607.01 11926 3.42862e-05
47800 0.43717 0.421465 0.0157054 0 0.964075 19934.7 19222.5 712.287 0 -31.7812 -33.0004 4 48129.9 607.642 11951 3.52661e-05
47900 0.403866 0.393488 0.0103787 0 0.974302 19975.4 19261.8 713.587 0 -31.7851 -33.6826 4 48229.9 608.272 11976 3.28564e-05
48000 0.438279 0.420682 0.0175967 0 0.95985 20018.8 19303.9 714.913 0 -31.7879 -33.1063 4 48329.9 608.903 12001 3.50539e-05
48100 0.439865 0.427098 0.0127671 0 0.970975 20063 19346.6 716.406 0 -31.791 -33.1677 4 48429.9 609.532 12026 3.55145e-05
48200 0.412905 0.401455 0.0114499 0 0.97227 20104.4 19386.7 717.662 0 -31.794 -33.262 4 48529.9 610.161 12051 3.3313e-05
48300 0.428889 0.415183 0.0137061 0 0.968043 20147.2 19428.2 718.99 0 -31.7967 -33.0634 4 48629.9 610.79 12076 3.43809e-05
48400 0.406696 0.395285 0.0114111 0 0.971942 20188 19467.8 720.198 0 -31.8002 -33.5219 4 48729.9 611.417 12101 3.26654e-05
48500 0.405756 0.392431 0.0133249 0 0.96716 20228.4 19507 721.37 0 -31.8029 -33.1505 4 48829.9 612.044 12126 3.23628e-05
48600 0.415358 0.402497 0.0128613 0 0.969036 20269.8 19547.3 722.561 0 -31.8057 -33.1796 4 48929.9 612.671 12151 3.31246e-05
48700 0.414858 0.400048 0.0148103 0 0.9643 20311.2 19587.3 723.888 0 -31.8078 -32.8608 4 49029.9 613.297 12176 3.28555e-05
48800 0.446999 0.433944 0.0130546 0 0.970795 20356 19630.7 725.282 0 -31.8083 -32.0389 4 49129.9 613.922 12201 3.55663e-05
48900 0.473748 0.455835 0.0179128 0 0.962189 20403.1 19676.3 726.811 0 -31.8087 -31.9504 4 49229.9 614.546 12226 3.72841e-05
49000 0.506578 0.488698 0.0178798 0 0.964705 20453.9 19725.1 728.763 0 -31.8098 -32.2757 4 49329.9 615.17 12251 3.98905e-05
49100 0.46562 0.450252 0.0153679 0 0.966995 20500.6 19770.1 730.468 0 -31.8116 -32.5652 4 49429.9 615.793 12276 3.66774e-05
49200 0.449586 0.433614 0.0159725 0 0.964473 20545.5 19813.5 732.026 0 -31.8133 -32.6042 4 49529.9 616.416 12301 3.52503e-05
49300 0.436678 0.42318 0.0134984 0 0.969088 20589.4 19855.8 733.623 0 -31.8156 -32.8933 4 49629.9 617.038 12326 3.43323e-05
49400 0.422213 0.408615 0.0135985 0 0.967792 20631.7 19896.7 735.007 0 -31.8178 -32.9119 4 49729.9 617.659 12351 3.30836e-05
49500 0.441602 0.429977 0.0116251 0 0.973675 20676 19939.7 736.346 0 -31.8207 -33.1598 4 49829.9 618.28 12376 3.47428e-05
49600 0.416556 0.404935 0.0116204 0 0.972104 20717.7 19980.2 737.57 0 -31.8232 -33.0687 4 49929.9 618.9 12401 3.26534e-05
49700 0.389431 0.379406 0.0100253 0 0.974256 20756.8 20018.1 738.705 0 -31.8264 -33.5172 4 50029.9 619.519 12426 3.05332e-05
49800 0.376136 0.366477 0.00965908 0 0.97432 20794.5 20054.8 739.698 0 -31.8295 -33.5102 4 50129.9 620.138 12451 2.94335e-05
49900 0.358016 0.350033 0.00798307 0 0.977702 20830.3 20089.8 740.548 0 -31.833 -33.8673 4 50229.9 620.756 12476 2.80565e-05
50000 0.370622 0.362273 0.00834946 0 0.977472 20867.4 20126 741.446 0 -31.8361 -33.5961 4 50329.9 621.374 12501 2.89795e-05
