100 0.0206817 0.0193396 0.00134208 0 0.935108 2.0608 1.93396 0.126844 0 -30.9619 -30.9619 16 437.882 57.9587 7 0.0027628
200 0.0169253 0.0157257 0.00119953 0 0.929128 3.74531 3.50653 0.23878 0 -30.2274 -29.3287 16 533.882 63.9974 13 0.00120967
300 0.0292998 0.0274773 0.00182245 0 0.9378 6.645 6.25427 0.390737 0 -29.6741 -28.9594 16 629.882 69.5136 19 0.00144618
400 0.0450125 0.0427283 0.00228422 0 0.949254 11.1742 10.5271 0.647124 0 -29.2361 -28.5935 16 741.882 75.441 26 0.0016434
500 0.0540815 0.0499932 0.00408835 0 0.924404 16.4913 15.5264 0.964884 0 -29.2103 -29.1561 16 837.882 80.1736 32 0.00156229
600 0.0428801 0.0405415 0.00233868 0 0.94546 20.8609 19.5806 1.28032 0 -29.2259 -29.2846 16 933.882 84.642 38 0.00106688
700 0.0331034 0.0308139 0.00228952 0 0.930837 24.1407 22.6619 1.47871 0 -29.2392 -29.324 16 1029.88 88.8861 44 0.000700316
800 0.036374 0.0343674 0.00200657 0 0.944835 27.8148 26.0987 1.71612 0 -29.1027 -28.2057 16 1141.88 93.5946 51 0.00067387
900 0.0519244 0.0489007 0.00302374 0 0.941766 32.9992 30.9888 2.01044 0 -29.0076 -28.4974 16 1237.88 97.4495 57 0.000857906
1000 0.0472765 0.0438683 0.00340825 0 0.927908 37.674 35.3756 2.29838 0 -29.0435 -29.2974 16 1333.88 101.158 63 0.000696322
1100 0.0802943 0.076323 0.0039713 0 0.950541 45.6773 43.0079 2.66939 0 -28.9808 -28.6853 16 1429.88 104.735 69 0.00110613
1200 0.0654245 0.0625747 0.00284979 0 0.956442 52.3224 49.2654 3.05707 0 -28.9816 -28.9872 16 1541.88 108.759 76 0.000823351
1300 0.0801075 0.07308 0.00702744 0 0.912275 60.0291 56.5734 3.45571 0 -28.9322 -28.5966 16 1637.88 112.094 82 0.00089122
1400 0.0859847 0.0799434 0.00604134 0 0.929739 68.6248 64.5677 4.05711 0 -29.0059 -29.5207 16 1733.88 115.332 88 0.000908447
1500 0.0669782 0.0622771 0.00470115 0 0.929811 75.3792 70.7954 4.58381 0 -29.0523 -29.5238 16 1829.88 118.482 94 0.000662522
1600 0.0870879 0.0820991 0.00498879 0 0.942715 84.1482 79.0053 5.14293 0 -29.1293 -29.7908 16 1941.88 122.054 101 0.000812863
1700 0.0771024 0.0715009 0.00560154 0 0.927349 91.8201 86.1554 5.66468 0 -29.0975 -28.749 16 2037.88 125.034 107 0.000668233
1800 0.0734564 0.0684255 0.0050309 0 0.931512 99.1628 92.998 6.16487 0 -29.0698 -28.7242 16 2133.88 127.946 113 0.000605536
1900 0.0710806 0.0672676 0.00381304 0 0.946356 106.337 99.7247 6.61203 0 -29.0247 -28.4 16 2229.88 130.792 119 0.000565274
2000 0.0812788 0.0769204 0.00435836 0 0.946378 114.478 107.417 7.06163 0 -29.0504 -29.386 16 2341.88 134.036 126 0.00061048
2100 0.0860867 0.0827078 0.00337885 0 0.960751 123.183 115.688 7.49581 0 -29.1351 -30.2491 16 2437.88 136.756 132 0.000626575
2200 0.0778627 0.0739773 0.00388536 0 0.9501 130.94 123.085 7.85472 0 -29.1824 -29.935 16 2533.88 139.423 138 0.000536068
2300 0.0782955 0.0736234 0.00467215 0 0.940327 138.733 130.448 8.28533 0 -29.2281 -29.995 16 2629.88 142.039 144 0.000511273
2400 0.0765244 0.0729276 0.00359687 0 0.952997 146.451 137.74 8.71075 0 -29.3086 -30.7556 16 2741.88 145.032 151 0.000482964
2500 0.0665695 0.0630312 0.0035383 0 0.946848 153.11 144.043 9.06669 0 -29.3778 -30.8988 16 2837.88 147.549 157 0.000401472
2600 0.0846427 0.0790433 0.00559935 0 0.933847 161.409 151.948 9.46091 0 -29.3562 -28.959 16 2933.88 150.024 163 0.000484928
2700 0.081413 0.078972 0.00244099 0 0.970017 169.683 159.845 9.83787 0 -29.407 -30.3971 16 3029.88 152.459 169 0.00046729
2800 0.0770473 0.0739145 0.00313277 0 0.95934 177.394 167.236 10.1573 0 -29.4577 -30.5749 16 3141.88 155.251 176 0.000419969
2900 0.0820971 0.078716 0.00338108 0 0.958816 185.626 175.108 10.5182 0 -29.5025 -30.4678 16 3237.88 157.605 182 0.000432505
3000 0.0755731 0.072541 0.00303211 0 0.959878 193.253 182.362 10.8909 0 -29.5653 -31.0928 16 3333.88 159.925 188 0.000385856
3100 0.0802932 0.076291 0.00400223 0 0.950155 201.265 189.991 11.2734 0 -29.624 -31.0397 16 3429.88 162.211 194 0.000393253
3200 0.0728278 0.069716 0.00311179 0 0.957272 208.579 196.963 11.6158 0 -29.6622 -30.7149 16 3541.88 164.838 201 0.000346846
3300 0.0784744 0.0749998 0.00347463 0 0.955723 216.48 204.463 12.0174 0 -29.6785 -30.1073 16 3637.88 167.057 207 0.000362318
3400 0.0686301 0.0651913 0.00343882 0 0.949893 223.32 210.982 12.3378 0 -29.7054 -30.5563 16 3733.88 169.247 213 0.000306062
3500 0.0609954 0.059126 0.00186945 0 0.969351 229.507 216.895 12.6121 0 -29.7465 -31.2294 16 3829.88 171.409 219 0.000269982
3600 0.0606479 0.0587717 0.00187623 0 0.969064 235.592 222.772 12.8206 0 -29.7916 -31.4936 16 3941.88 173.897 226 0.000260052
3700 0.0931836 0.089473 0.00371066 0 0.960179 244.861 231.719 13.1424 0 -29.8437 -31.1695 16 4037.88 176.002 232 0.000385659
3800 0.080326 0.0773245 0.00300141 0 0.962635 252.935 239.451 13.4831 0 -29.9038 -31.7241 16 4133.88 178.082 238 0.000324893
3900 0.0691583 0.0670548 0.00210347 0 0.969585 259.891 246.157 13.7343 0 -29.9578 -31.9209 16 4229.88 180.138 244 0.000274815
4000 0.081798 0.0782655 0.00353248 0 0.956815 268 253.984 14.0164 0 -29.9549 -29.8625 16 4341.88 182.507 251 0.000311815
4100 0.0857211 0.0827015 0.00301962 0 0.964774 276.615 262.254 14.3616 0 -29.9338 -29.2767 16 4437.88 184.513 257 0.000321796
4200 0.0885735 0.0851514 0.00342204 0 0.961365 285.573 270.769 14.8038 0 -29.9081 -29.1171 16 4533.88 186.498 263 0.00032377
4300 0.0743698 0.0716192 0.00275059 0 0.963015 293.064 277.931 15.1329 0 -29.9225 -30.4689 16 4629.88 188.463 269 0.000266243
4400 0.0679101 0.0658912 0.00201896 0 0.97027 299.9 284.52 15.3806 0 -29.9427 -30.8099 16 4741.88 190.728 276 0.000238736
4500 0.0732845 0.0699743 0.00331021 0 0.954831 307.155 291.517 15.6378 0 -29.9572 -30.5548 16 4837.88 192.649 282 0.000248136
4600 0.0763474 0.0740334 0.00231402 0 0.969691 314.806 298.921 15.8855 0 -29.9882 -31.2334 16 4933.88 194.551 288 0.00025706
4700 0.0964622 0.0933444 0.00311789 0 0.967678 324.509 308.255 16.2543 0 -29.9812 -29.7549 16 5029.88 196.435 294 0.000317498
4800 0.087175 0.0831781 0.00399692 0 0.954151 333.136 316.573 16.5632 0 -29.9549 -28.9655 16 5141.88 198.61 301 0.000276339
4900 0.112669 0.107842 0.00482641 0 0.957163 344.363 327.357 17.0058 0 -29.8957 -28.1387 16 5237.88 200.455 307 0.000351278
5000 0.0923418 0.0894465 0.00289527 0 0.968646 353.698 336.302 17.3962 0 -29.8751 -29.1173 16 5333.88 202.284 313 0.000285772
5100 0.113 0.107549 0.0054512 0 0.951759 364.873 347.057 17.8163 0 -29.8793 -30.0114 16 5429.88 204.096 319 0.000337143
5200 0.116409 0.111901 0.00450807 0 0.961274 376.597 358.247 18.3501 0 -29.8986 -30.4981 16 5541.88 206.191 326 0.000343253
5300 0.110464 0.106627 0.00383658 0 0.965268 387.723 368.909 18.8139 0 -29.908 -30.2264 16 5637.88 207.969 332 0.000321166
5400 0.109086 0.104625 0.00446016 0 0.959113 398.62 379.372 19.2486 0 -29.9388 -31.0359 16 5733.88 209.732 338 0.000309543
5500 0.0895887 0.0862293 0.00335938 0 0.962502 407.68 387.995 19.6855 0 -29.976 -31.6119 16 5829.88 211.48 344 0.000250667
5600 0.0794968 0.0765849 0.00291183 0 0.963372 415.647 395.653 19.9938 0 -30.0097 -31.7333 16 5941.88 213.502 351 0.000218191
5700 0.0887741 0.0850856 0.00368851 0 0.958451 424.521 404.162 20.3593 0 -30.0384 -31.3825 16 6037.88 215.22 357 0.000238335
5800 0.0898193 0.0865072 0.00331216 0 0.963124 433.511 412.813 20.6987 0 -30.0656 -31.3488 16 6133.88 216.924 363 0.000238312
5900 0.0975763 0.0941182 0.00345805 0 0.964561 443.255 422.224 21.0307 0 -30.0848 -30.9413 16 6229.88 218.615 369 0.000255063
6000 0.0876372 0.0851836 0.00245356 0 0.972003 452.073 430.743 21.3299 0 -30.1113 -31.4454 16 6341.88 220.571 376 0.000226552
6100 0.102715 0.0987828 0.00393226 0 0.961717 462.29 440.621 21.6685 0 -30.1337 -31.1237 16 6437.88 222.235 382 0.000258594
6200 0.108116 0.104112 0.00400434 0 0.962962 473.169 451.032 22.1371 0 -30.1594 -31.2499 16 6533.88 223.885 388 0.000268329
6300 0.100164 0.095586 0.00457802 0 0.954295 483.168 460.591 22.5773 0 -30.1749 -30.9085 16 6629.88 225.524 394 0.000242604
6400 0.0893114 0.0863884 0.00292302 0 0.967272 492.2 469.23 22.9699 0 -30.2025 -31.6801 16 6741.88 227.421 401 0.000215432
6500 0.0890502 0.083968 0.00508219 0 0.942929 500.97 477.626 23.3432 0 -30.2094 -30.5936 16 6837.88 229.034 407 0.00020631
6600 0.0917126 0.0871272 0.00458538 0 0.950003 510.067 486.339 23.7278 0 -30.2125 -30.3875 16 6933.88 230.637 413 0.000210962
6700 0.0930033 0.0897104 0.00329291 0 0.964594 519.444 495.31 24.1337 0 -30.2237 -30.8293 16 7029.88 232.228 419 0.000214106
6800 0.0914216 0.0885235 0.00289803 0 0.9683 528.67 504.163 24.5076 0 -30.2385 -31.0745 16 7141.88 234.07 426 0.000207802
6900 0.0843788 0.0815122 0.00286654 0 0.966028 537.114 512.314 24.8007 0 -30.2527 -31.138 16 7237.88 235.638 432 0.000188686
7000 0.0816891 0.0786892 0.00299989 0 0.963277 545.292 520.183 25.1089 0 -30.2635 -30.9729 16 7333.88 237.196 438 0.000179656
7100 0.103967 0.0997722 0.00419475 0 0.959653 555.662 530.16 25.502 0 -30.2525 -29.6776 16 7429.88 238.743 444 0.000224712
7200 0.0882662 0.0856411 0.00262514 0 0.970259 564.597 538.724 25.8728 0 -30.2645 -31.0116 16 7541.88 240.536 451 0.000189891
7300 0.0896921 0.0860856 0.00360652 0 0.95979 573.522 547.333 26.1889 0 -30.2724 -30.7687 16 7637.88 242.062 457 0.000188371
7400 0.0779737 0.0751627 0.00281101 0 0.963949 581.355 554.849 26.5058 0 -30.2852 -31.2252 16 7733.88 243.578 463 0.000162338
7500 0.0779163 0.0754594 0.00245684 0 0.968468 589.161 562.395 26.7665 0 -30.2986 -31.2971 16 7829.88 245.086 469 0.000160894
7600 0.0870259 0.0843251 0.00270083 0 0.968965 597.879 570.827 27.0519 0 -30.3104 -31.105 16 7941.88 246.832 476 0.000177154
7700 0.0830476 0.0804851 0.00256241 0 0.969145 606.179 578.876 27.3032 0 -30.3228 -31.2182 16 8037.88 248.32 482 0.000166982
7800 0.0870147 0.0845346 0.00248015 0 0.971497 614.894 587.329 27.5646 0 -30.3435 -31.7813 16 8133.88 249.798 488 0.000173227
7900 0.0920257 0.0884556 0.00357014 0 0.961205 624.036 596.175 27.8612 0 -30.338 -29.9668 16 8229.88 251.268 494 0.00017906
8000 0.0763372 0.0739787 0.00235855 0 0.969104 631.733 603.573 28.1604 0 -30.35 -31.326 16 8341.88 252.972 501 0.000147662
8100 0.0757605 0.072333 0.00342743 0 0.95476 639.224 610.806 28.4176 0 -30.3584 -31.069 16 8437.88 254.423 507 0.000142669
8200 0.0762768 0.0738821 0.00239472 0 0.968605 646.876 618.194 28.6822 0 -30.3779 -32.0068 16 8533.88 255.866 513 0.00014402
8300 0.0872092 0.084247 0.00296223 0 0.966033 655.653 626.619 29.0336 0 -30.4003 -32.0514 16 8629.88 257.302 519 0.000162326
8400 0.115891 0.111065 0.00482556 0 0.958361 667.224 637.725 29.4985 0 -30.4304 -32.1362 16 8741.88 258.966 526 0.00021115
8500 0.0949445 0.0899841 0.00496043 0 0.947754 676.679 646.724 29.9552 0 -30.4529 -32.0379 16 8837.88 260.384 532 0.000169143
8600 0.114933 0.109726 0.00520703 0 0.954695 688.144 657.696 30.4476 0 -30.466 -31.2412 16 8933.88 261.794 538 0.000203951
8700 0.119869 0.114411 0.00545853 0 0.954463 700.136 669.138 30.9989 0 -30.4905 -31.8973 16 9029.88 263.197 544 0.000210314
8800 0.0962853 0.0922431 0.00404224 0 0.958018 709.828 678.362 31.4666 0 -30.5109 -31.9803 16 9141.88 264.824 551 0.00016741
8900 0.088286 0.0843805 0.00390551 0 0.955763 718.596 686.8 31.7959 0 -30.5263 -31.7756 16 9237.88 266.211 557 0.000151491
9000 0.0800689 0.0772806 0.0027883 0 0.965176 726.643 694.528 32.1147 0 -30.5461 -32.3118 16 9333.88 267.591 563 0.000137266
9100 0.104837 0.100983 0.00385373 0 0.963241 737.125 704.626 32.4986 0 -30.5569 -31.3035 16 9429.88 268.963 569 0.000177475
9200 0.0941606 0.0902745 0.00388614 0 0.958729 746.54 713.654 32.886 0 -30.5653 -31.2289 16 9541.88 270.556 576 0.000156727
9300 0.0903874 0.0870243 0.00336312 0 0.962792 755.603 722.356 33.2471 0 -30.5791 -31.7134 16 9637.88 271.914 582 0.000149526
9400 0.0838349 0.0810525 0.00278242 0 0.966811 763.994 730.461 33.5324 0 -30.5943 -31.9666 16 9733.88 273.264 588 0.000137844
9500 0.0777392 0.0758342 0.00190495 0 0.975496 771.783 738.045 33.7384 0 -30.6155 -32.6938 16 9829.88 274.609 594 0.000127667
9600 0.0803793 0.0785731 0.00180612 0 0.97753 779.889 745.902 33.9867 0 -30.6325 -32.2451 16 9941.88 276.169 601 0.000130737
9700 0.0714203 0.0692412 0.00217914 0 0.969488 786.95 752.826 34.1234 0 -30.649 -32.479 16 10037.9 277.499 607 0.000114071
9800 0.0761273 0.074431 0.00169625 0 0.977718 794.544 760.269 34.2751 0 -30.6637 -32.184 16 10133.9 278.823 613 0.000121421
9900 0.068125 0.0659527 0.00217226 0 0.968114 801.28 766.865 34.4158 0 -30.6797 -32.5601 16 10229.9 280.14 619 0.000106547
10000 0.0739426 0.0719722 0.00197043 0 0.973352 808.673 774.062 34.6107 0 -30.6976 -32.6417 16 10341.9 281.67 626 0.000114971
10100 0.0698141 0.0676662 0.00214791 0 0.969234 815.629 780.828 34.8004 0 -30.7193 -33.2487 16 10437.9 282.974 632 0.000107067
10200 0.0714665 0.0693431 0.00212335 0 0.970289 822.776 787.763 35.0134 0 -30.7407 -33.1833 16 10533.9 284.272 638 0.000108688
10300 0.0937836 0.0908651 0.00291846 0 0.968881 832.182 796.849 35.3327 0 -30.7548 -31.9875 16 10629.9 285.565 644 0.000141095
10400 0.0951156 0.0910623 0.00405321 0 0.957386 841.688 805.956 35.7325 0 -30.7597 -31.1861 16 10741.9 287.065 651 0.000139881
10500 0.103982 0.0994781 0.00450398 0 0.956685 852.086 815.903 36.183 0 -30.7581 -30.6251 16 10837.9 288.345 657 0.000151413
10600 0.0939215 0.0893746 0.00454691 0 0.951588 861.44 824.841 36.5988 0 -30.7595 -30.8939 16 10933.9 289.619 663 0.000134803
10700 0.0912044 0.0876603 0.00354408 0 0.961141 870.64 833.607 37.0336 0 -30.7629 -31.0774 16 11029.9 290.888 669 0.000131032
10800 0.0819833 0.0788234 0.0031599 0 0.961457 878.851 841.489 37.362 0 -30.7729 -31.8383 16 11141.9 292.361 676 0.000116603
10900 0.106098 0.101529 0.00456866 0 0.956939 889.49 851.642 37.848 0 -30.7661 -30.1997 16 11237.9 293.618 682 0.00014887
11000 0.107298 0.102323 0.00497546 0 0.95363 900.221 861.874 38.347 0 -30.7581 -30.0936 16 11333.9 294.869 688 0.000148725
11100 0.101731 0.0969443 0.00478688 0 0.952946 910.388 871.569 38.819 0 -30.7618 -31.0927 16 11429.9 296.115 694 0.000139689
11200 0.104898 0.100683 0.00421493 0 0.959819 920.902 881.637 39.2647 0 -30.7674 -31.2491 16 11541.9 297.563 701 0.000143628
11300 0.105242 0.101763 0.00347906 0 0.966942 931.462 891.813 39.6486 0 -30.7804 -31.9134 16 11637.9 298.798 707 0.000143937
11400 0.103625 0.100793 0.00283173 0 0.972673 941.885 901.893 39.992 0 -30.7873 -31.4058 16 11733.9 300.027 713 0.000141365
11500 0.112844 0.108641 0.00420309 0 0.962753 953.187 912.757 40.4306 0 -30.7713 -29.4381 16 11829.9 301.252 719 0.0001511
11600 0.103729 0.0990515 0.004677 0 0.954911 963.559 922.662 40.8968 0 -30.7605 -29.7721 16 11941.9 302.675 726 0.000136435
11700 0.127194 0.121149 0.00604498 0 0.952474 976.271 934.777 41.4941 0 -30.7311 -28.4979 16 12037.9 303.889 732 0.000165504
11800 0.104453 0.100084 0.00436974 0 0.958166 986.743 944.785 41.9574 0 -30.7261 -30.266 16 12133.9 305.098 738 0.000135615
11900 0.0998476 0.0960494 0.00379817 0 0.96196 996.72 954.39 42.3297 0 -30.7227 -30.3795 16 12229.9 306.303 744 0.000129099
12000 0.102181 0.0988601 0.00332093 0 0.967499 1006.98 964.276 42.7021 0 -30.7167 -30.1365 16 12341.9 307.702 751 0.000131638
12100 0.109744 0.103897 0.00584765 0 0.946716 1017.75 974.666 43.0872 0 -30.7068 -29.7814 16 12437.9 308.897 757 0.000137248
12200 0.109512 0.105891 0.00362096 0 0.966935 1028.82 985.255 43.569 0 -30.7104 -31.0436 16 12533.9 310.087 763 0.000138782
12300 0.0984504 0.0945763 0.00387406 0 0.96065 1038.69 994.713 43.9765 0 -30.7118 -30.8601 16 12629.9 311.272 769 0.000122986
12400 0.087658 0.084869 0.00278904 0 0.968183 1047.54 1003.2 44.3375 0 -30.7207 -31.7627 16 12741.9 312.649 776 0.000109367
12500 0.082817 0.0805383 0.00227868 0 0.972485 1055.86 1011.25 44.6029 0 -30.7337 -32.3729 16 12837.9 313.824 782 0.00010299
12600 0.079129 0.0769212 0.00220785 0 0.972098 1063.79 1018.95 44.8427 0 -30.7464 -32.432 16 12933.9 314.996 788 9.76157e-05
12700 0.0732343 0.0719665 0.0012678 0 0.982688 1071.18 1026.14 45.0373 0 -30.7619 -33 16 13029.9 316.162 794 9.06379e-05
12800 0.0789023 0.0771252 0.00177708 0 0.977477 1079.09 1033.85 45.2331 0 -30.7697 -31.8205 16 13141.9 317.518 801 9.62861e-05
12900 0.0809514 0.0773874 0.00356401 0 0.955973 1087.04 1041.59 45.4421 0 -30.7755 -31.56 16 13237.9 318.676 807 9.58951e-05
13000 0.0904385 0.0875807 0.00285772 0 0.968401 1096.11 1050.35 45.7624 0 -30.7821 -31.5793 16 13333.9 319.829 813 0.000107725
13100 0.0811379 0.0783244 0.00281344 0 0.965325 1104.2 1058.18 46.0201 0 -30.792 -32.1222 16 13429.9 320.979 819 9.56342e-05
13200 0.0978031 0.095246 0.00255717 0 0.973854 1114.04 1067.71 46.3349 0 -30.797 -31.3644 16 13541.9 322.314 826 0.00011531
13300 0.116815 0.110846 0.00596877 0 0.948904 1125.56 1078.79 46.7704 0 -30.7977 -30.8628 16 13637.9 323.455 832 0.000133229
13400 0.130274 0.125108 0.00516596 0 0.960345 1138.62 1091.3 47.3199 0 -30.8004 -31.0362 16 13733.9 324.591 838 0.000149294
13500 0.131408 0.125905 0.00550326 0 0.958121 1151.75 1103.89 47.8518 0 -30.8127 -31.8764 16 13829.9 325.724 844 0.000149176
13600 0.11077 0.106759 0.00401139 0 0.963786 1162.9 1114.57 48.3281 0 -30.8287 -32.4784 16 13941.9 327.04 851 0.000125451
13700 0.104499 0.0992789 0.00522005 0 0.950047 1173.22 1124.5 48.7177 0 -30.8357 -31.6346 16 14037.9 328.164 857 0.000115845
13800 0.120934 0.116147 0.00478714 0 0.960415 1185.36 1136.11 49.251 0 -30.8284 -30.1239 16 14133.9 329.284 863 0.000134585
13900 0.107705 0.103757 0.00394775 0 0.963347 1196.21 1146.49 49.7177 0 -30.8338 -31.4177 16 14229.9 330.401 869 0.000119399
14000 0.0948277 0.0926554 0.00217235 0 0.977092 1205.75 1155.75 50.0009 0 -30.845 -32.2488 16 14341.9 331.698 876 0.000105771
14100 0.092021 0.089706 0.00231501 0 0.974843 1214.98 1164.72 50.2572 0 -30.8618 -33.0571 16 14437.9 332.807 882 0.000101707
14200 0.0899256 0.0879726 0.00195299 0 0.978282 1224.02 1173.52 50.4962 0 -30.875 -32.6555 16 14533.9 333.911 888 9.90683e-05
14300 0.0812283 0.0794734 0.00175495 0 0.978395 1232.16 1181.47 50.6858 0 -30.8885 -32.9096 16 14629.9 335.012 894 8.88964e-05
14400 0.0846385 0.0823629 0.00227563 0 0.973113 1240.59 1189.71 50.8837 0 -30.9037 -33.1247 16 14741.9 336.292 901 9.14127e-05
14500 0.0952647 0.0927973 0.00246742 0 0.974099 1250.15 1198.99 51.1642 0 -30.9194 -32.9559 16 14837.9 337.385 907 0.000102312
14600 0.098444 0.0956646 0.00277937 0 0.971767 1260.04 1208.55 51.4919 0 -30.9277 -31.9817 16 14933.9 338.475 913 0.000104781
14700 0.0886563 0.0862238 0.00243245 0 0.972563 1268.93 1217.17 51.7601 0 -30.9419 -32.9461 16 15029.9 339.561 919 9.38235e-05
14800 0.0840762 0.0820449 0.00203127 0 0.97584 1277.39 1225.38 52.0119 0 -30.9553 -32.9705 16 15141.9 340.824 926 8.86014e-05
14900 0.0814331 0.0791037 0.00232939 0 0.971395 1285.54 1233.29 52.2529 0 -30.9685 -33.0397 16 15237.9 341.903 932 8.48752e-05
15000 0.0845072 0.0822752 0.00223195 0 0.973589 1293.96 1241.52 52.4476 0 -30.9831 -33.2041 16 15333.9 342.978 938 8.77134e-05
15100 0.0838595 0.0821434 0.00171612 0 0.979536 1302.37 1249.73 52.6402 0 -30.9997 -33.5595 16 15429.9 344.05 944 8.70163e-05
15200 0.0923762 0.0905137 0.00186248 0 0.979838 1311.65 1258.78 52.8677 0 -31.0161 -33.3233 16 15541.9 345.296 951 9.51774e-05
15300 0.0931915 0.090264 0.00292757 0 0.968585 1320.99 1267.81 53.1844 0 -31.0299 -32.9588 16 15637.9 346.361 957 9.43197e-05
15400 0.0826386 0.0801502 0.00248832 0 0.969889 1329.29 1275.82 53.4665 0 -31.045 -33.4618 16 15733.9 347.423 963 8.32297e-05
15500 0.0901774 0.0873459 0.00283146 0 0.968601 1338.33 1284.56 53.7737 0 -31.0545 -32.4394 16 15829.9 348.481 969 9.01403e-05
15600 0.155554 0.149782 0.00577174 0 0.962896 1353.84 1299.54 54.2986 0 -31.0678 -32.2195 16 15941.9 349.711 976 0.000153465
15700 0.140999 0.13609 0.00490877 0 0.965186 1368 1313.15 54.8514 0 -31.0796 -32.2083 16 16037.9 350.763 982 0.000138585
15800 0.115526 0.111022 0.00450406 0 0.961013 1379.56 1324.25 55.3115 0 -31.0909 -32.4302 16 16133.9 351.811 988 0.00011237
15900 0.104931 0.101876 0.00305458 0 0.97089 1390.14 1334.44 55.7043 0 -31.1033 -32.7195 16 16229.9 352.856 994 0.000102491
16000 0.10826 0.104101 0.00415952 0 0.961579 1400.88 1344.85 56.0325 0 -31.1098 -31.9498 16 16341.9 354.072 1001 0.000103997
16100 0.119015 0.113662 0.0053533 0 0.95502 1412.75 1356.21 56.5422 0 -31.1077 -30.8626 16 16437.9 355.11 1007 0.000112872
16200 0.103151 0.0997937 0.00335761 0 0.96745 1423.12 1366.19 56.9307 0 -31.1167 -32.3418 16 16533.9 356.146 1013 9.85131e-05
16300 0.0997857 0.0966928 0.00309294 0 0.969004 1433.11 1375.86 57.2532 0 -31.1249 -32.2877 16 16629.9 357.178 1019 9.48899e-05
16400 0.0905288 0.087981 0.00254778 0 0.971857 1442.21 1384.66 57.5473 0 -31.1372 -33.0779 16 16741.9 358.379 1026 8.57515e-05
16500 0.0861469 0.0839467 0.00220029 0 0.974459 1450.82 1393.05 57.7664 0 -31.152 -33.6232 16 16837.9 359.405 1032 8.13437e-05
16600 0.101177 0.0982705 0.00290642 0 0.971274 1460.93 1402.88 58.0453 0 -31.1643 -32.9347 16 16933.9 360.428 1038 9.46729e-05
16700 0.0873143 0.0850655 0.00224873 0 0.974246 1469.67 1411.39 58.2813 0 -31.1786 -33.5715 16 17029.9 361.448 1044 8.14804e-05
16800 0.120744 0.116421 0.00432355 0 0.964192 1481.75 1423.03 58.7249 0 -31.1867 -32.1742 16 17141.9 362.635 1051 0.000110771
16900 0.105982 0.10204 0.00394177 0 0.962807 1492.39 1433.23 59.1579 0 -31.1916 -31.8757 16 17237.9 363.649 1057 9.65375e-05
17000 0.0908898 0.0884162 0.00247354 0 0.972785 1501.52 1442.07 59.4503 0 -31.2031 -33.0752 16 17333.9 364.66 1063 8.31761e-05
17100 0.089962 0.0877153 0.00224665 0 0.975027 1510.51 1450.85 59.6652 0 -31.2147 -33.1514 16 17429.9 365.668 1069 8.20536e-05
17200 0.0946612 0.0920342 0.00262705 0 0.972248 1519.93 1460.05 59.8802 0 -31.2277 -33.3104 16 17541.9 366.841 1076 8.55336e-05
17300 0.108725 0.105794 0.00293086 0 0.973043 1530.82 1470.63 60.1941 0 -31.2364 -32.4514 16 17637.9 367.844 1082 9.77763e-05
17400 0.10118 0.0986257 0.0025541 0 0.974757 1541.01 1480.49 60.5219 0 -31.2495 -33.2166 16 17733.9 368.843 1088 9.06486e-05
17500 0.0862369 0.084947 0.00128993 0 0.985042 1549.71 1488.99 60.7247 0 -31.2658 -34.1537 16 17829.9 369.84 1094 7.7648e-05
17600 0.08131 0.0802166 0.00109347 0 0.986552 1557.87 1497.01 60.8672 0 -31.2822 -34.3911 16 17941.9 371 1101 7.28579e-05
17700 0.0764441 0.0748224 0.00162177 0 0.978785 1565.49 1504.49 60.9965 0 -31.2958 -34.0911 16 18037.9 371.991 1107 6.75902e-05
17800 0.075787 0.0745391 0.00124794 0 0.983534 1573.1 1511.94 61.1533 0 -31.3088 -33.9709 16 18133.9 372.98 1113 6.69713e-05
17900 0.0805827 0.078921 0.00166176 0 0.979378 1581.19 1519.84 61.3504 0 -31.3249 -34.4685 16 18229.9 373.966 1119 7.05281e-05
18000 0.0786099 0.0768006 0.00180927 0 0.976984 1589.08 1527.52 61.5598 0 -31.3366 -33.6753 16 18341.9 375.113 1126 6.82066e-05
18100 0.0690906 0.0679853 0.00110529 0 0.984002 1596.03 1534.31 61.7135 0 -31.3521 -34.8857 16 18437.9 376.093 1132 6.00577e-05
18200 0.0657214 0.0648433 0.000878139 0 0.986638 1602.63 1540.8 61.8287 0 -31.3675 -35.1016 16 18533.9 377.071 1138 5.698e-05
18300 0.0689454 0.0673545 0.00159096 0 0.976924 1609.49 1547.53 61.9538 0 -31.3777 -33.7722 16 18629.9 378.046 1144 5.88763e-05
18400 0.0772759 0.0753698 0.00190612 0 0.975334 1617.27 1555.07 62.2019 0 -31.3855 -32.9818 16 18741.9 379.181 1151 6.5482e-05
18500 0.0782269 0.0742265 0.00400039 0 0.948862 1624.92 1562.49 62.4305 0 -31.3913 -32.631 16 18837.9 380.151 1157 6.41543e-05
18600 0.113286 0.108776 0.00450987 0 0.96019 1636.2 1573.37 62.8309 0 -31.3861 -30.6343 16 18933.9 381.118 1163 9.35304e-05
18700 0.114119 0.109709 0.0044105 0 0.961352 1647.62 1584.34 63.2732 0 -31.3777 -30.1774 16 19029.9 382.083 1169 9.38483e-05
18800 0.0896055 0.0861716 0.00343392 0 0.961677 1656.63 1592.96 63.6664 0 -31.3781 -31.4365 16 19141.9 383.206 1176 7.32752e-05
18900 0.0915301 0.0880144 0.0035157 0 0.96159 1665.78 1601.76 64.0206 0 -31.3796 -31.6589 16 19237.9 384.166 1182 7.44623e-05
19000 0.0834238 0.0803231 0.00310076 0 0.962831 1674.15 1609.79 64.3592 0 -31.3826 -31.9729 16 19333.9 385.123 1188 6.7612e-05
19100 0.0889832 0.0861109 0.00287227 0 0.967721 1683.16 1618.4 64.7526 0 -31.3887 -32.5319 16 19429.9 386.078 1194 7.21197e-05
19200 0.087652 0.0845272 0.00312479 0 0.96435 1691.95 1626.86 65.09 0 -31.3895 -31.5473 16 19541.9 387.189 1201 7.03807e-05
19300 0.0836776 0.0802007 0.00347685 0 0.958449 1700.25 1634.88 65.3758 0 -31.3926 -32.0064 16 19637.9 388.139 1207 6.64464e-05
19400 0.110007 0.106504 0.00350259 0 0.96816 1711.28 1645.53 65.7561 0 -31.3989 -32.3783 16 19733.9 389.087 1213 8.78025e-05
19500 0.0880229 0.0844553 0.00356757 0 0.95947 1720.09 1653.97 66.1164 0 -31.4074 -33.0517 16 19829.9 390.032 1219 6.92824e-05
19600 0.0797816 0.0772698 0.00251176 0 0.968517 1728.13 1661.7 66.4323 0 -31.418 -33.691 16 19941.9 391.132 1226 6.30259e-05
19700 0.0845124 0.0817701 0.00274226 0 0.967552 1736.53 1669.88 66.6572 0 -31.423 -32.4491 16 20037.9 392.072 1232 6.63718e-05
19800 0.101876 0.0972898 0.0045859 0 0.954985 1746.58 1679.61 66.9771 0 -31.4229 -31.4124 16 20133.9 393.01 1238 7.85863e-05
19900 0.129747 0.124578 0.00516993 0 0.960154 1759.49 1692.06 67.4276 0 -31.4159 -30.4679 16 20229.9 393.946 1244 0.000100143
20000 0.118228 0.113588 0.00464069 0 0.960748 1771.31 1703.42 67.8921 0 -31.4134 -31.044 16 20341.9 395.035 1251 9.07974e-05
