100 0.0141143 0.0127312 0.00138309 0 0.902008 1.3577 1.27312 0.0845852 0 -26.3909 -26.3909 32 453.882 59.0081 4 0.00318279
200 0.0213258 0.0196506 0.00167518 0 0.921448 3.48891 3.23818 0.25073 0 -27.471 -28.1591 32 549.882 64.9493 7 0.00280723
300 0.0183108 0.0166402 0.00167057 0 0.908766 5.29651 4.9022 0.394302 0 -27.3722 -27.1815 32 645.882 70.3909 10 0.00166402
400 0.0356467 0.0334201 0.00222659 0 0.937537 8.86491 8.24422 0.620698 0 -28.4409 -30.0271 32 741.882 75.441 13 0.00257078
500 0.0276909 0.0253923 0.00229859 0 0.916991 11.6075 10.7834 0.82403 0 -28.5764 -29.0144 32 837.882 80.1736 16 0.00158702
600 0.0392738 0.0372363 0.00203748 0 0.948121 15.5798 14.5071 1.07277 0 -28.4889 -28.2331 32 933.882 84.642 19 0.0019598
700 0.0276527 0.0263763 0.00127635 0 0.953844 18.4158 17.1447 1.27107 0 -28.6065 -29.2527 32 1029.88 88.8861 22 0.00119892
800 0.026587 0.0251712 0.00141579 0 0.946749 21.0779 19.6618 1.41603 0 -28.7413 -29.6736 32 1157.88 94.248 26 0.000968123
900 0.0279111 0.0266104 0.00130067 0 0.953399 23.8879 22.3229 1.56507 0 -28.9264 -30.315 32 1253.88 98.0773 29 0.0009176
1000 0.0245823 0.0232833 0.00129905 0 0.947155 26.3356 24.6512 1.6844 0 -28.967 -29.3637 32 1349.88 101.763 32 0.000727602
1100 0.0556335 0.0514744 0.0041591 0 0.925241 31.7302 29.7986 1.93156 0 -28.7228 -27.5307 32 1445.88 105.319 35 0.0014707
1200 0.0545677 0.0521731 0.00239461 0 0.956117 37.2345 35.0159 2.21857 0 -28.9367 -30.1692 32 1541.88 108.759 38 0.00137298
1300 0.0396843 0.038252 0.00143239 0 0.963905 41.2719 38.8411 2.43075 0 -29.0744 -30.3446 32 1637.88 112.094 41 0.000932974
1400 0.0420527 0.0392733 0.0027794 0 0.933907 45.3971 42.7685 2.62864 0 -29.0346 -28.6364 32 1733.88 115.332 44 0.000892574
1500 0.0420754 0.0403345 0.00174095 0 0.958623 49.6472 46.8019 2.84524 0 -28.9919 -28.5356 32 1829.88 118.482 47 0.00085818
1600 0.0408301 0.0388239 0.00200622 0 0.950864 53.7398 50.6843 3.05547 0 -28.9539 -28.493 32 1957.88 122.556 51 0.000761253
1700 0.0392864 0.0373969 0.00188949 0 0.951905 57.6917 54.424 3.26775 0 -28.9798 -29.3328 32 2053.88 125.524 54 0.000692536
1800 0.0359341 0.0341429 0.00179121 0 0.950153 61.2723 57.8383 3.43397 0 -28.9796 -28.9763 32 2149.88 128.424 57 0.000598998
1900 0.0308191 0.0298931 0.000926026 0 0.969953 64.4044 60.8276 3.57678 0 -29.0366 -30.1518 32 2245.88 131.26 60 0.000498218
2000 0.0314969 0.0303801 0.00111684 0 0.964541 67.5572 63.8656 3.69159 0 -29.1211 -30.8465 32 2341.88 134.036 63 0.000482224
2100 0.0300405 0.0292537 0.000786809 0 0.973808 70.5911 66.791 3.80011 0 -29.2414 -31.9216 32 2437.88 136.756 66 0.000443238
2200 0.0264432 0.0255284 0.000914724 0 0.965408 73.2264 69.3438 3.88263 0 -29.3245 -31.5478 32 2533.88 139.423 69 0.000369977
2300 0.0248495 0.0240174 0.000832128 0 0.966513 75.7137 71.7456 3.96817 0 -29.411 -31.9579 32 2629.88 142.039 72 0.000333575
2400 0.0318028 0.0302031 0.00159974 0 0.949698 78.8653 74.7659 4.09941 0 -29.4518 -30.4333 32 2757.88 145.455 76 0.000397409
2500 0.0330484 0.0312805 0.00176793 0 0.946505 82.167 77.8939 4.27311 0 -29.4815 -30.1895 32 2853.88 147.965 79 0.000395955
2600 0.0259863 0.0251571 0.000829139 0 0.968093 84.8111 80.4096 4.40144 0 -29.535 -31.2001 32 2949.88 150.433 82 0.000306795
2700 0.0256706 0.0248714 0.000799226 0 0.968866 87.3812 82.8968 4.4844 0 -29.6106 -32.1029 32 3045.88 152.861 85 0.000292605
2800 0.0285619 0.0278156 0.000746316 0 0.97387 90.2586 85.6783 4.58031 0 -29.6618 -31.2181 32 3141.88 155.251 88 0.000316086
2900 0.0315425 0.0306538 0.000888734 0 0.971824 93.4374 88.7437 4.69369 0 -29.7629 -32.6342 32 3237.88 157.605 91 0.000336855
3000 0.0230954 0.0228157 0.000279658 0 0.987891 95.783 91.0253 4.75774 0 -29.8517 -33.3862 32 3333.88 159.925 94 0.00024272
3100 0.0215641 0.0212462 0.000317855 0 0.98526 97.9449 93.1499 4.79499 0 -29.9311 -33.4503 32 3429.88 162.211 97 0.000219033
3200 0.0219723 0.0215573 0.000415003 0 0.981112 100.163 95.3056 4.85696 0 -29.9823 -32.2421 32 3557.88 165.21 101 0.000213439
3300 0.0214207 0.0204222 0.000998502 0 0.953386 102.257 97.3478 4.90873 0 -30.0408 -32.8402 32 3653.88 167.424 104 0.000196368
3400 0.03684 0.035082 0.00175793 0 0.952282 105.902 100.856 5.04556 0 -29.9973 -28.7786 32 3749.88 169.609 107 0.000327869
3500 0.0312104 0.0300121 0.00119825 0 0.961607 109.05 103.857 5.19265 0 -29.9681 -28.9849 32 3845.88 171.766 110 0.000272838
3600 0.0436536 0.0415183 0.00213534 0 0.951084 113.412 108.009 5.40274 0 -29.9471 -29.4211 32 3941.88 173.897 113 0.000367418
3700 0.0495392 0.0468436 0.00269562 0 0.945586 118.342 112.693 5.64867 0 -29.927 -29.466 32 4037.88 176.002 116 0.000403824
3800 0.0422156 0.0404035 0.00181212 0 0.957075 122.627 116.734 5.89366 0 -29.9456 -30.4596 32 4133.88 178.082 119 0.000339525
3900 0.0378514 0.0361611 0.00169028 0 0.955344 126.463 120.35 6.11274 0 -29.9394 -29.7394 32 4229.88 180.138 122 0.000296402
4000 0.0360798 0.0345433 0.00153647 0 0.957415 130.098 123.804 6.29385 0 -29.9468 -30.2048 32 4357.88 182.843 126 0.000274153
4100 0.0413029 0.039583 0.00171986 0 0.95836 134.242 127.763 6.47903 0 -29.9832 -31.1244 32 4453.88 184.846 129 0.000306845
4200 0.0363538 0.035163 0.00119075 0 0.967245 137.893 131.279 6.6142 0 -30.0445 -32.3006 32 4549.88 186.827 132 0.000266386
4300 0.0305164 0.0294266 0.00108975 0 0.96429 140.945 134.222 6.72306 0 -30.098 -32.5166 32 4645.88 188.788 135 0.000217975
4400 0.0376136 0.0366976 0.000916047 0 0.975646 144.728 137.891 6.83689 0 -30.1513 -32.1352 32 4741.88 190.728 138 0.000265925
4500 0.0368933 0.0356758 0.00121757 0 0.966998 148.395 141.459 6.93633 0 -30.1786 -31.2543 32 4837.88 192.649 141 0.00025302
4600 0.0387014 0.0375559 0.00114555 0 0.9704 152.291 145.214 7.07674 0 -30.2118 -31.4777 32 4933.88 194.551 144 0.000260805
4700 0.0462302 0.044741 0.00148919 0 0.967787 156.925 149.689 7.23662 0 -30.2439 -31.3007 32 5029.88 196.435 147 0.00030436
4800 0.0368039 0.0356173 0.00118658 0 0.967759 160.605 153.25 7.35447 0 -30.274 -31.556 32 5157.88 198.919 151 0.000235876
4900 0.0341909 0.0331552 0.00103577 0 0.969706 164.037 156.566 7.47088 0 -30.3004 -31.536 32 5253.88 200.761 154 0.000215293
5000 0.0341601 0.032941 0.00121905 0 0.964314 167.441 159.86 7.58129 0 -30.323 -31.4132 32 5349.88 202.587 157 0.000209815
5100 0.0307775 0.0296549 0.00112252 0 0.963528 170.503 162.825 7.67739 0 -30.3553 -32.1201 32 5445.88 204.397 160 0.000185343
5200 0.0277215 0.0269985 0.000722999 0 0.973919 173.289 165.525 7.76351 0 -30.3934 -32.7218 32 5541.88 206.191 163 0.000165635
5300 0.0322772 0.0312281 0.00104915 0 0.967496 176.511 168.648 7.8633 0 -30.4341 -32.6237 32 5637.88 207.969 166 0.000188121
5400 0.0474636 0.0448606 0.00260304 0 0.945157 181.287 173.134 8.15245 0 -30.4632 -31.5415 32 5733.88 209.732 169 0.000265447
5500 0.0354214 0.0339924 0.00142903 0 0.959656 184.888 176.533 8.35427 0 -30.5166 -33.2049 32 5829.88 211.48 172 0.00019763
5600 0.0455721 0.0428888 0.00268326 0 0.941121 189.478 180.822 8.65592 0 -30.5353 -31.2871 32 5957.88 213.789 176 0.000243686
5700 0.0388221 0.0361927 0.00262937 0 0.932271 193.404 184.441 8.96252 0 -30.549 -31.2093 32 6053.88 215.505 179 0.000202194
5800 0.0340023 0.0318715 0.00213082 0 0.937333 196.828 187.629 9.199 0 -30.5745 -32.013 32 6149.88 217.207 182 0.000175118
5900 0.0304568 0.0282559 0.00220087 0 0.927738 199.859 190.454 9.4052 0 -30.5949 -31.9237 32 6245.88 218.896 185 0.000152735
6000 0.0302207 0.0288649 0.00135585 0 0.955135 202.89 193.341 9.54931 0 -30.6123 -31.7574 32 6341.88 220.571 188 0.000153537
6100 0.0365769 0.0340433 0.00253351 0 0.930735 206.518 196.745 9.77334 0 -30.6048 -30.1861 32 6437.88 222.235 191 0.000178237
6200 0.0290229 0.0275843 0.00143863 0 0.950431 209.469 199.503 9.96507 0 -30.6233 -31.9185 32 6533.88 223.885 194 0.000142187
6300 0.026801 0.0258536 0.000947341 0 0.964653 212.172 202.089 10.0828 0 -30.6489 -32.6345 32 6629.88 225.524 197 0.000131237
6400 0.0346555 0.0335421 0.0011134 0 0.967872 215.673 205.443 10.2302 0 -30.6816 -32.6625 32 6757.88 227.691 201 0.000166876
6500 0.0328819 0.0315399 0.00134198 0 0.959188 218.976 208.597 10.3792 0 -30.6978 -31.755 32 6853.88 229.302 204 0.000154607
6600 0.0306642 0.0294836 0.00118056 0 0.9615 222.033 211.545 10.4877 0 -30.7204 -32.3368 32 6949.88 230.903 207 0.000142433
6700 0.0306882 0.0299927 0.000695426 0 0.977339 225.123 214.545 10.5784 0 -30.7581 -33.4695 32 7045.88 232.492 210 0.000142823
6800 0.0292344 0.0281571 0.00107733 0 0.963148 228.016 217.36 10.6552 0 -30.7832 -32.734 32 7141.88 234.07 213 0.000132193
6900 0.0270828 0.0266158 0.000467063 0 0.982754 230.747 220.022 10.7249 0 -30.8226 -34.1156 32 7237.88 235.638 216 0.000123221
7000 0.0259252 0.0253895 0.000535691 0 0.979337 233.344 222.561 10.7836 0 -30.862 -34.3638 32 7333.88 237.196 219 0.000115934
7100 0.0388253 0.0367503 0.00207503 0 0.946555 237.12 226.236 10.8836 0 -30.8923 -32.7639 32 7429.88 238.743 222 0.000165542
7200 0.0391148 0.037534 0.00158074 0 0.959587 241.065 229.989 11.0756 0 -30.9331 -33.3813 32 7557.88 240.791 226 0.00016608
7300 0.0473773 0.04477 0.00260728 0 0.944968 245.785 234.466 11.319 0 -30.9439 -31.4956 32 7653.88 242.315 229 0.000195502
7400 0.035792 0.0336315 0.00216041 0 0.93964 249.385 237.83 11.555 0 -30.9553 -31.7339 32 7749.88 243.83 232 0.000144964
7500 0.0405015 0.0381957 0.00230574 0 0.94307 253.446 241.649 11.7971 0 -30.974 -32.1265 32 7845.88 245.336 235 0.000162535
7600 0.0430584 0.0403706 0.00268778 0 0.937578 257.713 245.686 12.0267 0 -30.9859 -31.6898 32 7941.88 246.832 238 0.000169624
7700 0.0588891 0.0562996 0.00258948 0 0.956028 263.658 251.316 12.3419 0 -30.9771 -30.5986 32 8037.88 248.32 241 0.000233608
7800 0.0382829 0.0372147 0.00106825 0 0.972096 267.554 255.038 12.5169 0 -31.007 -33.0285 32 8133.88 249.798 244 0.000152519
7900 0.0348274 0.0338236 0.00100386 0 0.971176 271.085 258.42 12.6651 0 -31.024 -32.3138 32 8229.88 251.268 247 0.000136938
8000 0.0344978 0.0333918 0.00110609 0 0.967937 274.543 261.759 12.7837 0 -31.0365 -32.0097 32 8357.88 253.214 251 0.000133035
8100 0.0357911 0.0344268 0.0013643 0 0.961882 278.114 265.202 12.9121 0 -31.038 -31.1607 32 8453.88 254.664 254 0.000135539
8200 0.0340312 0.033158 0.000873122 0 0.974343 281.549 268.518 13.0312 0 -31.0484 -31.888 32 8549.88 256.106 257 0.00012902
8300 0.0299362 0.0288983 0.00103787 0 0.965331 284.519 271.407 13.1119 0 -31.0635 -32.4963 32 8645.88 257.54 260 0.000111147
8400 0.0309808 0.0300266 0.000954145 0 0.969202 287.614 274.41 13.2042 0 -31.0834 -32.9123 32 8741.88 258.966 263 0.00011417
8500 0.0376599 0.0363098 0.00135013 0 0.96415 291.371 278.041 13.3297 0 -31.0918 -31.7333 32 8837.88 260.384 266 0.000136503
8600 0.0310327 0.0301138 0.000918944 0 0.970388 294.504 281.052 13.4511 0 -31.1124 -33.0244 32 8933.88 261.794 269 0.000111947
8700 0.0264445 0.025974 0.000470517 0 0.982207 297.166 283.65 13.5161 0 -31.1379 -33.9633 32 9029.88 263.197 272 9.54927e-05
8800 0.0359275 0.0343809 0.00154661 0 0.956952 300.691 287.088 13.6034 0 -31.1201 -29.6225 32 9157.88 265.056 276 0.000124568
8900 0.0342831 0.0332596 0.00102358 0 0.970143 304.139 290.414 13.7252 0 -31.1058 -29.856 32 9253.88 266.442 279 0.00011921
9000 0.0482977 0.0459278 0.00236991 0 0.950931 308.936 295.007 13.9295 0 -31.0638 -28.3974 32 9349.88 267.82 282 0.000162865
9100 0.0473755 0.0446823 0.00269317 0 0.943153 313.645 299.475 14.1699 0 -31.0394 -29.4413 32 9445.88 269.191 285 0.00015678
9200 0.0471384 0.0448578 0.00228066 0 0.951618 318.388 303.961 14.4276 0 -31.0366 -30.8512 32 9541.88 270.556 288 0.000155756
9300 0.0392545 0.0377432 0.00151131 0 0.9615 322.367 307.735 14.6317 0 -31.042 -31.4744 32 9637.88 271.914 291 0.000129702
9400 0.0361677 0.0341856 0.00198208 0 0.945198 325.967 311.154 14.8133 0 -31.0486 -31.6383 32 9733.88 273.264 294 0.000116278
9500 0.0348063 0.0336333 0.00117302 0 0.966299 329.491 314.517 14.9739 0 -31.0554 -31.6832 32 9829.88 274.609 297 0.000113243
9600 0.033891 0.0324484 0.00144268 0 0.957432 332.885 317.762 15.1237 0 -31.0611 -31.6193 32 9957.88 276.391 301 0.000107802
9700 0.0357148 0.0343446 0.00137021 0 0.961635 336.458 321.196 15.2621 0 -31.0582 -30.7895 32 10053.9 277.72 304 0.000112976
9800 0.0366632 0.0349543 0.00170896 0 0.953388 340.06 324.692 15.3679 0 -31.0479 -30.0785 32 10149.9 279.043 307 0.000113858
9900 0.0497775 0.0471448 0.00263263 0 0.947112 344.98 329.406 15.5744 0 -31.0108 -28.4495 32 10245.9 280.359 310 0.00015208
10000 0.0414401 0.0393445 0.00209556 0 0.949432 349.131 333.341 15.7909 0 -30.9978 -29.9181 32 10341.9 281.67 313 0.000125701
10100 0.0423158 0.0398563 0.00245952 0 0.941877 353.338 337.326 16.012 0 -30.9863 -30.0283 32 10437.9 282.974 316 0.000126128
10200 0.0362693 0.0347944 0.00147485 0 0.959336 356.999 340.806 16.1934 0 -30.9834 -30.711 32 10533.9 284.272 319 0.000109073
10300 0.0557116 0.0536204 0.00209123 0 0.962463 362.634 346.168 16.4661 0 -30.9587 -29.391 32 10629.9 285.565 322 0.000166523
10400 0.0418656 0.0397238 0.00214183 0 0.94884 366.815 350.14 16.6745 0 -30.947 -29.9369 32 10757.9 287.279 326 0.000121852
10500 0.0431138 0.0413552 0.00175867 0 0.959209 371.146 354.276 16.8707 0 -30.9371 -30.0937 32 10853.9 288.558 329 0.0001257
10600 0.040061 0.0378441 0.00221687 0 0.944663 375.1 358.06 17.0403 0 -30.929 -30.1723 32 10949.9 289.831 332 0.000113988
10700 0.0373866 0.0356828 0.00170379 0 0.954428 378.853 361.628 17.2244 0 -30.925 -30.5228 32 11045.9 291.099 335 0.000106516
10800 0.041031 0.0387255 0.00230545 0 0.943812 382.879 365.501 17.3783 0 -30.9131 -29.7922 32 11141.9 292.361 338 0.000114573
10900 0.0573888 0.0545077 0.00288113 0 0.949796 388.612 370.952 17.6605 0 -30.8833 -28.8918 32 11237.9 293.618 341 0.000159847
11000 0.0434429 0.0417875 0.00165541 0 0.961895 393.003 375.13 17.8726 0 -30.8779 -30.4067 32 11333.9 294.869 344 0.000121475
11100 0.0401778 0.0391281 0.00104978 0 0.973872 397.063 379.043 18.0196 0 -30.8832 -31.3908 32 11429.9 296.115 347 0.000112761
11200 0.0377981 0.0366048 0.00119326 0 0.968431 400.823 382.704 18.1198 0 -30.8893 -31.531 32 11557.9 297.769 351 0.000104287
11300 0.0387281 0.0374796 0.00124843 0 0.967764 404.688 386.452 18.2365 0 -30.8906 -31.0305 32 11653.9 299.003 354 0.000105875
11400 0.0446255 0.0428204 0.00180509 0 0.95955 409.109 390.734 18.3751 0 -30.8809 -29.9874 32 11749.9 300.232 357 0.000119945
11500 0.0429153 0.0415702 0.00134515 0 0.968656 413.414 394.891 18.5235 0 -30.8776 -30.5639 32 11845.9 301.456 360 0.000115473
11600 0.0375829 0.0364383 0.00114463 0 0.969544 417.185 398.534 18.6508 0 -30.8796 -31.0993 32 11941.9 302.675 363 0.000100381
11700 0.0365935 0.035436 0.00115752 0 0.968368 420.846 402.078 18.7682 0 -30.8867 -31.6954 32 12037.9 303.889 366 9.68196e-05
11800 0.0506658 0.0485338 0.00213199 0 0.95792 425.921 406.931 18.9892 0 -30.8737 -29.7985 32 12133.9 305.098 369 0.000131528
11900 0.048099 0.0465829 0.00151608 0 0.96848 430.8 411.59 19.2107 0 -30.8623 -29.8644 32 12229.9 306.303 372 0.000125223
12000 0.0489646 0.0472704 0.00169418 0 0.9654 435.734 416.317 19.4176 0 -30.8585 -30.5271 32 12357.9 307.902 376 0.000125719
12100 0.0539216 0.0519432 0.00197844 0 0.963309 441.15 421.511 19.6391 0 -30.8463 -29.8668 32 12453.9 309.095 379 0.000137053
12200 0.0543005 0.0518727 0.00242774 0 0.955291 446.543 426.698 19.845 0 -30.8305 -29.541 32 12549.9 310.284 382 0.000135793
12300 0.0439817 0.0422626 0.00171904 0 0.960915 450.935 430.925 20.01 0 -30.8249 -30.2568 32 12645.9 311.469 385 0.000109773
12400 0.0382591 0.0368531 0.00140603 0 0.96325 454.754 434.61 20.1445 0 -30.8241 -30.7231 32 12741.9 312.649 388 9.49822e-05
12500 0.0371909 0.0363647 0.000826207 0 0.977785 458.503 438.246 20.2566 0 -30.8312 -31.6932 32 12837.9 313.824 391 9.30043e-05
12600 0.0345984 0.0339632 0.00063522 0 0.98164 461.972 441.643 20.3294 0 -30.8424 -32.322 32 12933.9 314.996 394 8.6201e-05
12700 0.0315927 0.0312295 0.000363211 0 0.988503 465.165 444.766 20.3992 0 -30.8548 -32.6485 32 13029.9 316.162 397 7.86637e-05
12800 0.0416499 0.0406259 0.00102407 0 0.975412 469.337 448.828 20.5093 0 -30.8626 -31.7296 32 13157.9 317.712 401 0.000101311
12900 0.0413972 0.0399515 0.00144571 0 0.965077 473.459 452.823 20.6356 0 -30.8707 -31.7953 32 13253.9 318.868 404 9.88898e-05
13000 0.0378788 0.0365963 0.00128244 0 0.966144 477.251 456.483 20.7677 0 -30.884 -32.5507 32 13349.9 320.021 407 8.99173e-05
13100 0.0392625 0.0375782 0.00168424 0 0.957103 481.132 460.241 20.891 0 -30.8921 -31.8895 32 13445.9 321.17 410 9.16543e-05
13200 0.0417962 0.0402077 0.00158848 0 0.961995 485.314 464.262 21.0526 0 -30.901 -31.9165 32 13541.9 322.314 413 9.73552e-05
13300 0.0389912 0.0372738 0.00171738 0 0.955955 489.206 467.989 21.2165 0 -30.9128 -32.394 32 13637.9 323.455 416 8.96005e-05
13400 0.0371252 0.0357754 0.00134982 0 0.963641 492.953 471.567 21.3868 0 -30.9209 -31.9745 32 13733.9 324.591 419 8.53827e-05
13500 0.0325454 0.0314911 0.00105434 0 0.967604 496.218 474.716 21.5027 0 -30.9351 -33.0716 32 13829.9 325.724 422 7.46234e-05
13600 0.0350013 0.0339791 0.00102217 0 0.970796 499.741 478.114 21.6271 0 -30.9504 -33.1072 32 13957.9 327.228 426 7.97632e-05
13700 0.0312342 0.030123 0.00111125 0 0.964422 502.861 481.126 21.7348 0 -30.9637 -33.0967 32 14053.9 328.351 429 7.02167e-05
13800 0.0296034 0.0288662 0.000737169 0 0.975098 505.836 484.012 21.8238 0 -30.9792 -33.6006 32 14149.9 329.47 432 6.68199e-05
13900 0.0479764 0.0467667 0.00120964 0 0.974787 510.658 488.689 21.9686 0 -30.9835 -31.4358 32 14245.9 330.586 435 0.00010751
14000 0.038832 0.0379683 0.00086374 0 0.977757 514.584 492.486 22.0984 0 -30.9934 -32.2814 32 14341.9 331.698 438 8.66855e-05
14100 0.0325929 0.0320591 0.000533794 0 0.983622 517.861 495.692 22.1687 0 -31.0074 -33.1995 32 14437.9 332.807 441 7.26965e-05
14200 0.0350562 0.0342322 0.000823997 0 0.976495 521.376 499.115 22.2606 0 -31.0217 -33.129 32 14533.9 333.911 444 7.70995e-05
14300 0.0519247 0.0491939 0.00273084 0 0.947408 526.497 504.034 22.4625 0 -31.0086 -29.6799 32 14629.9 335.012 447 0.000110053
14400 0.0453316 0.0438164 0.00151517 0 0.966576 531.072 508.416 22.6555 0 -31.0102 -31.1915 32 14757.9 336.474 451 9.71539e-05
14500 0.0389626 0.0373825 0.00158008 0 0.959446 534.928 512.154 22.7735 0 -31.0157 -31.7726 32 14853.9 337.567 454 8.23404e-05
14600 0.0374145 0.0364523 0.000962133 0 0.974284 538.688 515.8 22.8888 0 -31.0214 -31.8282 32 14949.9 338.656 457 7.97644e-05
14700 0.0369146 0.0357096 0.00120495 0 0.967358 542.349 519.371 22.9783 0 -31.0271 -31.8632 32 15045.9 339.742 460 7.76296e-05
14800 0.049357 0.0466238 0.00273319 0 0.944624 547.141 524.033 23.1078 0 -31.0332 -31.731 32 15141.9 340.824 463 0.000100699
14900 0.0527055 0.0509112 0.00179426 0 0.965957 552.468 529.124 23.3439 0 -31.0526 -33.0397 32 15237.9 341.903 466 0.000109252
15000 0.0398684 0.0383346 0.00153377 0 0.961529 556.481 532.958 23.523 0 -31.067 -33.0541 32 15333.9 342.978 469 8.1737e-05
15100 0.0342234 0.0333229 0.000900517 0 0.973687 559.941 536.29 23.6508 0 -31.0802 -33.2107 32 15429.9 344.05 472 7.05993e-05
15200 0.0349129 0.0339336 0.000979284 0 0.971951 563.447 539.683 23.7635 0 -31.0952 -33.4899 32 15557.9 345.474 476 7.12892e-05
15300 0.0398024 0.0382866 0.00151582 0 0.961916 567.469 543.512 23.9572 0 -31.0982 -31.5185 32 15653.9 346.538 479 7.99302e-05
15400 0.0509385 0.0488861 0.00205242 0 0.959708 572.567 548.4 24.1664 0 -31.1034 -31.6778 32 15749.9 347.599 482 0.000101423
15500 0.0475085 0.0444047 0.00310376 0 0.934669 577.189 552.841 24.3478 0 -31.0954 -30.1016 32 15845.9 348.657 485 9.15561e-05
15600 0.0550311 0.0531186 0.00191252 0 0.965247 582.756 558.153 24.6033 0 -31.0939 -30.9407 32 15941.9 349.711 488 0.00010885
15700 0.0435937 0.0426339 0.000959742 0 0.977984 587.181 562.416 24.7651 0 -31.1052 -32.5925 32 16037.9 350.763 491 8.68308e-05
15800 0.0427848 0.039777 0.00300779 0 0.9297 591.336 566.394 24.9419 0 -31.1057 -31.1705 32 16133.9 351.811 494 8.05202e-05
15900 0.0376836 0.0357036 0.00198006 0 0.947456 595.184 569.964 25.2193 0 -31.1122 -32.1232 32 16229.9 352.856 497 7.18382e-05
16000 0.0479446 0.0456596 0.00228502 0 0.95234 600.019 574.53 25.4886 0 -31.1292 -33.2226 32 16357.9 354.245 501 9.11368e-05
16100 0.0494076 0.0465227 0.00288496 0 0.941609 604.927 579.182 25.7445 0 -31.1358 -31.9346 32 16453.9 355.283 504 9.23069e-05
16200 0.0479626 0.0449761 0.00298651 0 0.937733 609.681 583.68 26.0008 0 -31.1437 -32.1475 32 16549.9 356.318 507 8.87102e-05
16300 0.0456691 0.0436049 0.00206415 0 0.954802 614.292 588.041 26.251 0 -31.1561 -32.8046 32 16645.9 357.35 510 8.54998e-05
16400 0.036527 0.0350951 0.00143187 0 0.9608 617.98 591.55 26.43 0 -31.1707 -33.5914 32 16741.9 358.379 513 6.84116e-05
16500 0.0330206 0.0319505 0.0010701 0 0.967593 621.303 594.745 26.5575 0 -31.1863 -34.0969 32 16837.9 359.405 516 6.19196e-05
16600 0.0352831 0.0341694 0.00111378 0 0.968433 624.844 598.162 26.6822 0 -31.1962 -32.9287 32 16933.9 360.428 519 6.58369e-05
16700 0.0414308 0.0399468 0.00148406 0 0.96418 628.997 602.157 26.8406 0 -31.2074 -32.9013 32 17029.9 361.448 522 7.65263e-05
16800 0.0371042 0.0364031 0.00070109 0 0.981105 632.771 605.797 26.9736 0 -31.2238 -33.9462 32 17157.9 362.804 526 6.92075e-05
16900 0.0494588 0.0468247 0.00263407 0 0.946742 637.628 610.48 27.1487 0 -31.2223 -31.0334 32 17253.9 363.817 529 8.85156e-05
17000 0.0402335 0.0391332 0.0011003 0 0.972652 641.713 614.393 27.3199 0 -31.2294 -32.3392 32 17349.9 364.828 532 7.35586e-05
17100 0.0345483 0.0334531 0.00109525 0 0.968298 645.153 617.738 27.4149 0 -31.2398 -33.1718 32 17445.9 365.836 535 6.25291e-05
17200 0.040093 0.0369211 0.00317185 0 0.920888 648.998 621.43 27.5682 0 -31.238 -30.9312 32 17541.9 366.841 538 6.86266e-05
17300 0.0388623 0.0367508 0.00211155 0 0.945666 652.916 625.105 27.8112 0 -31.2371 -31.0909 32 17637.9 367.844 541 6.79312e-05
17400 0.0317012 0.0306378 0.0010634 0 0.966456 656.127 628.169 27.9583 0 -31.2456 -32.9713 32 17733.9 368.843 544 5.63194e-05
17500 0.0290875 0.0284577 0.00062986 0 0.978346 659.053 631.015 28.0376 0 -31.2564 -33.6886 32 17829.9 369.84 547 5.2025e-05
17600 0.0345782 0.0333196 0.00125864 0 0.9636 662.532 634.347 28.1856 0 -31.2659 -33.0645 32 17957.9 371.166 551 6.04711e-05
17700 0.0550827 0.052385 0.00269776 0 0.951023 667.988 639.585 28.4028 0 -31.2663 -31.3192 32 18053.9 372.156 554 9.45577e-05
17800 0.051449 0.048513 0.002936 0 0.942934 673.11 644.437 28.6737 0 -31.2696 -31.6882 32 18149.9 373.144 557 8.70969e-05
17900 0.0433665 0.0408823 0.00248414 0 0.942717 677.457 648.525 28.9317 0 -31.2746 -32.0485 32 18245.9 374.13 560 7.30042e-05
18000 0.0449695 0.0418673 0.00310225 0 0.931014 681.888 652.712 29.1768 0 -31.273 -31.0427 32 18341.9 375.113 563 7.43646e-05
18100 0.0435585 0.0416531 0.00190537 0 0.956257 686.317 656.877 29.4405 0 -31.2721 -31.1293 32 18437.9 376.093 566 7.35921e-05
18200 0.0429509 0.041017 0.00193398 0 0.954972 690.612 660.979 29.6335 0 -31.2736 -31.515 32 18533.9 377.071 569 7.2086e-05
18300 0.0456056 0.0439228 0.00168282 0 0.963101 695.201 665.371 29.8298 0 -31.2776 -31.8821 32 18629.9 378.046 572 7.67881e-05
18400 0.0454256 0.0438488 0.00157684 0 0.965287 699.759 669.756 30.0032 0 -31.284 -32.2473 32 18757.9 379.343 576 7.61263e-05
18500 0.0392479 0.0380538 0.00119408 0 0.969576 703.701 673.561 30.1397 0 -31.2945 -33.1609 32 18853.9 380.312 579 6.57233e-05
18600 0.0366922 0.0349168 0.00177536 0 0.951615 707.313 677.053 30.2601 0 -31.3028 -32.9309 32 18949.9 381.279 582 5.99945e-05
18700 0.0323571 0.031304 0.00105309 0 0.967454 710.557 680.183 30.374 0 -31.3131 -33.5446 32 19045.9 382.244 585 5.35111e-05
18800 0.0292168 0.0285392 0.000677588 0 0.976808 713.496 683.037 30.4585 0 -31.3245 -34.0991 32 19141.9 383.206 588 4.8536e-05
18900 0.0451947 0.0431281 0.00206667 0 0.954272 717.959 687.35 30.6092 0 -31.3316 -32.4642 32 19237.9 384.166 591 7.29747e-05
19000 0.0605026 0.057451 0.00305167 0 0.949561 723.994 693.095 30.8987 0 -31.3317 -31.3355 32 19333.9 385.123 594 9.67188e-05
19100 0.0409554 0.03905 0.00190538 0 0.953477 728.129 697 31.1287 0 -31.3377 -32.4021 32 19429.9 386.078 597 6.54104e-05
19200 0.0405515 0.0385326 0.00201884 0 0.950215 732.196 700.853 31.3424 0 -31.3434 -32.3548 32 19557.9 387.348 601 6.41142e-05
19300 0.0407091 0.0386059 0.00210319 0 0.948336 736.265 704.714 31.5515 0 -31.3449 -31.6121 32 19653.9 388.297 604 6.39171e-05
19400 0.0449629 0.0426473 0.0023156 0 0.9485 740.776 708.979 31.7977 0 -31.3483 -31.9128 32 19749.9 389.244 607 7.02592e-05
19500 0.0381926 0.0364522 0.00174044 0 0.95443 744.638 712.624 32.0142 0 -31.3567 -32.9608 32 19845.9 390.189 610 5.97576e-05
19600 0.0412035 0.0396884 0.00151511 0 0.963229 748.782 716.593 32.189 0 -31.3608 -32.098 32 19941.9 391.132 613 6.47445e-05
19700 0.0492622 0.0471872 0.00207494 0 0.95788 753.734 721.311 32.423 0 -31.3555 -30.5506 32 20037.9 392.072 616 7.66026e-05
19800 0.039106 0.0382048 0.000901218 0 0.976955 757.697 725.132 32.5647 0 -31.3587 -31.9704 32 20133.9 393.01 619 6.17202e-05
19900 0.0441405 0.042118 0.00202249 0 0.954181 762.053 729.344 32.7094 0 -31.3619 -31.9238 32 20229.9 393.946 622 6.77139e-05
20000 0.0565918 0.0544035 0.00218828 0 0.961332 767.69 734.784 32.906 0 -31.3678 -32.1671 32 20357.9 395.19 626 8.69066e-05
