100 0.0117749 0.0109425 0.000832403 0 0.929307 1.15676 1.09425 0.0625077 0 -28.7032 -28.7032 32 453.882 59.0081 4 0.00273562
200 0.00876503 0.00787102 0.000894014 0 0.898002 2.01795 1.88135 0.136599 0 -28.8961 -29.1553 32 549.882 64.9493 7 0.00112443
300 0.00927742 0.00834062 0.000936799 0 0.899024 2.93241 2.71541 0.217001 0 -28.6529 -28.1161 32 645.882 70.3909 10 0.000834062
400 0.0105664 0.00949113 0.00107528 0 0.898236 3.97733 3.66452 0.312802 0 -28.9135 -29.6448 32 741.882 75.441 13 0.000730087
500 0.0145665 0.0137591 0.000807389 0 0.944572 5.46409 5.04043 0.423656 0 -29.5621 -31.2972 32 837.882 80.1736 16 0.000859942
600 0.0196117 0.0184707 0.00114099 0 0.941821 7.45931 6.8875 0.571809 0 -28.7895 -26.6738 32 933.882 84.642 19 0.000972144
700 0.0146857 0.0137358 0.000949917 0 0.935317 8.95856 8.26108 0.697478 0 -28.5948 -27.6259 32 1029.88 88.8861 22 0.000624353
800 0.0137707 0.0129161 0.000854607 0 0.93794 10.3477 9.55269 0.79501 0 -28.5655 -28.3767 32 1157.88 94.248 26 0.000496771
900 0.0170764 0.0151147 0.00196175 0 0.88512 11.9351 11.0642 0.870953 0 -28.189 -25.7347 32 1253.88 98.0773 29 0.000521195
1000 0.0467989 0.0437242 0.00307477 0 0.934298 16.5371 15.4366 1.10056 0 -27.4742 -25.6203 32 1349.88 101.763 32 0.00136638
1100 0.0491436 0.0467959 0.00234769 0 0.952228 21.5377 20.1162 1.42153 0 -27.6884 -28.3968 32 1445.88 105.319 35 0.00133703
1200 0.0498583 0.0472166 0.00264168 0 0.947016 26.6157 24.8378 1.77791 0 -27.3713 -26.0262 32 1541.88 108.759 38 0.00124254
1300 0.0343613 0.031411 0.00295031 0 0.914139 30.0307 27.9789 2.05173 0 -27.2422 -26.2363 32 1637.88 112.094 41 0.000766123
1400 0.0286736 0.0269294 0.00174425 0 0.939169 32.9398 30.6719 2.26793 0 -27.2677 -27.5312 32 1733.88 115.332 44 0.000612031
1500 0.0327378 0.030187 0.00255075 0 0.922085 36.1662 33.6906 2.47565 0 -27.1644 -26.1095 32 1829.88 118.482 47 0.000642277
1600 0.0353044 0.0335717 0.00173268 0 0.950922 39.7657 37.0477 2.71801 0 -27.0598 -26.0085 32 1957.88 122.556 51 0.000658269
1700 0.0539558 0.0508171 0.00313867 0 0.941829 45.1698 42.1294 3.04035 0 -27.1373 -27.7074 32 2053.88 125.524 54 0.000941057
1800 0.0373679 0.0346127 0.00275522 0 0.926268 48.9195 45.5907 3.32877 0 -27.1995 -27.9497 32 2149.88 128.424 57 0.00060724
1900 0.0506178 0.0476693 0.00294851 0 0.94175 54.0012 50.3576 3.64359 0 -27.433 -29.6807 32 2245.88 131.26 60 0.000794488
2000 0.043519 0.0408175 0.00270148 0 0.937924 58.3794 54.4394 3.94005 0 -27.5673 -29.2233 32 2341.88 134.036 63 0.000647896
2100 0.0462328 0.0432458 0.00298701 0 0.935392 62.9995 58.764 4.23555 0 -27.6947 -29.3042 32 2437.88 136.756 66 0.00065524
2200 0.0567958 0.0538401 0.00295575 0 0.947958 68.7427 64.148 4.59472 0 -27.8098 -29.073 32 2533.88 139.423 69 0.000780291
2300 0.0409483 0.0387413 0.00220698 0 0.946103 72.8648 68.0221 4.84265 0 -27.8907 -29.2389 32 2629.88 142.039 72 0.000538074
2400 0.0358451 0.0339552 0.00188988 0 0.947276 76.4683 71.4176 5.05068 0 -27.987 -29.9353 32 2757.88 145.455 76 0.000446779
2500 0.034332 0.0325324 0.00179966 0 0.947581 79.927 74.6709 5.25618 0 -28.0641 -29.7684 32 2853.88 147.965 79 0.000411802
2600 0.0289554 0.0277618 0.0011936 0 0.958778 82.8407 77.4471 5.39366 0 -28.1588 -30.7568 32 2949.88 150.433 82 0.000338559
2700 0.0311932 0.0299065 0.00128667 0 0.958752 85.9886 80.4377 5.55091 0 -28.2189 -29.8003 32 3045.88 152.861 85 0.000351841
2800 0.0323977 0.0307263 0.00167134 0 0.948412 89.1967 83.5103 5.68632 0 -28.2798 -29.9121 32 3141.88 155.251 88 0.000349163
2900 0.0318049 0.0307464 0.00105846 0 0.96672 92.4031 86.585 5.81808 0 -28.3599 -30.5885 32 3237.88 157.605 91 0.000337873
3000 0.0320928 0.0310195 0.00107332 0 0.966556 95.642 89.6869 5.9551 0 -28.4514 -31.0614 32 3333.88 159.925 94 0.000329994
3100 0.0368774 0.0355224 0.00135498 0 0.963257 99.3337 93.2392 6.09455 0 -28.5449 -30.9666 32 3429.88 162.211 97 0.00036621
3200 0.0315176 0.030628 0.000889545 0 0.971776 102.515 96.302 6.21334 0 -28.6381 -31.5494 32 3557.88 165.21 101 0.000303248
3300 0.0263758 0.0256373 0.000738473 0 0.972002 105.149 98.8657 6.28289 0 -28.7224 -32.0036 32 3653.88 167.424 104 0.000246513
3400 0.0235356 0.0231771 0.000358479 0 0.984769 107.522 101.183 6.33851 0 -28.8093 -32.657 32 3749.88 169.609 107 0.000216609
3500 0.0274098 0.0265733 0.000836488 0 0.969482 110.241 103.841 6.40026 0 -28.8714 -31.3284 32 3845.88 171.766 110 0.000241576
3600 0.0424116 0.0400983 0.00231333 0 0.945455 114.405 107.851 6.55419 0 -28.9819 -31.9075 32 3941.88 173.897 113 0.000354852
3700 0.0431967 0.0415791 0.00161757 0 0.962553 118.772 112.008 6.76306 0 -29.1118 -32.5155 32 4037.88 176.002 116 0.000358441
3800 0.0394143 0.0379335 0.00148076 0 0.962431 122.747 115.802 6.94547 0 -29.2326 -32.8404 32 4133.88 178.082 119 0.000318769
3900 0.0329992 0.0318162 0.00118292 0 0.964153 126.057 118.983 7.07345 0 -29.3126 -32.2789 32 4229.88 180.138 122 0.000260789
4000 0.0321337 0.0309574 0.0011763 0 0.963394 129.276 122.079 7.19707 0 -29.3694 -31.5937 32 4357.88 182.843 126 0.000245693
4100 0.0319732 0.0310322 0.000941068 0 0.970567 132.498 125.182 7.31572 0 -29.4411 -32.3211 32 4453.88 184.846 129 0.000240559
4200 0.0261297 0.0256858 0.000443898 0 0.983012 135.128 127.751 7.3775 0 -29.5147 -33.2223 32 4549.88 186.827 132 0.000194589
4300 0.0230573 0.0227815 0.000275826 0 0.988037 137.445 130.029 7.41601 0 -29.5906 -34.0161 32 4645.88 188.788 135 0.000168752
4400 0.023045 0.0228129 0.000232088 0 0.989929 139.767 132.31 7.45662 0 -29.6647 -34.0531 32 4741.88 190.728 138 0.000165311
4500 0.0248207 0.0241205 0.000700183 0 0.97179 142.245 134.722 7.52262 0 -29.7035 -31.8914 32 4837.88 192.649 141 0.000171067
4600 0.0279213 0.0271133 0.000808028 0 0.971061 145.032 137.434 7.59851 0 -29.7255 -30.8474 32 4933.88 194.551 144 0.000188287
4700 0.0421322 0.0391313 0.00300089 0 0.928774 149.091 141.347 7.74418 0 -29.7179 -29.4466 32 5029.88 196.435 147 0.0002662
4800 0.0548271 0.0524979 0.00232913 0 0.957519 154.631 146.597 8.03455 0 -29.7848 -31.5835 32 5157.88 198.919 151 0.000347669
4900 0.0705436 0.0659127 0.00463089 0 0.934354 161.603 153.188 8.41493 0 -29.8254 -30.7258 32 5253.88 200.761 154 0.000428004
5000 0.0621791 0.058531 0.00364802 0 0.94133 167.837 159.041 8.79609 0 -29.8543 -30.6037 32 5349.88 202.587 157 0.000372809
5100 0.0492162 0.0460067 0.00320951 0 0.934788 172.78 163.642 9.13782 0 -29.8727 -30.4979 32 5445.88 204.397 160 0.000287542
5200 0.0459036 0.0432707 0.00263293 0 0.942642 177.41 167.969 9.44163 0 -29.8926 -30.6363 32 5541.88 206.191 163 0.000265464
5300 0.0435112 0.0411965 0.00231479 0 0.9468 181.805 172.089 9.71668 0 -29.9314 -31.4987 32 5637.88 207.969 166 0.000248171
5400 0.0365771 0.034683 0.00189409 0 0.948216 185.492 175.557 9.93536 0 -29.9686 -31.8005 32 5733.88 209.732 169 0.000205225
5500 0.03153 0.0301782 0.00135176 0 0.957128 188.673 178.575 10.098 0 -30.0123 -32.5589 32 5829.88 211.48 172 0.000175455
5600 0.0311731 0.0300759 0.00109715 0 0.964804 191.826 181.582 10.2437 0 -30.0498 -32.2985 32 5957.88 213.789 176 0.000170886
5700 0.028384 0.0273529 0.00103109 0 0.963674 194.674 184.318 10.3563 0 -30.0889 -32.7171 32 6053.88 215.505 179 0.000152809
5800 0.0352283 0.0321372 0.00309114 0 0.912254 197.998 187.531 10.4668 0 -30.0717 -29.0685 32 6149.88 217.207 182 0.000176578
5900 0.0513397 0.0491215 0.00221816 0 0.956794 203.192 192.443 10.7491 0 -30.0312 -28.4883 32 6245.88 218.896 185 0.000265522
6000 0.0739968 0.070493 0.00350385 0 0.952649 210.564 199.493 11.0715 0 -30.0036 -29.2425 32 6341.88 220.571 188 0.000374963
6100 0.0542636 0.0518824 0.00238116 0 0.956119 216.057 204.681 11.3764 0 -30.0021 -29.9445 32 6437.88 222.235 191 0.000271636
6200 0.0475739 0.0456716 0.00190236 0 0.960013 220.845 209.248 11.5965 0 -30.0161 -30.645 32 6533.88 223.885 194 0.000235421
6300 0.0466758 0.0448839 0.00179187 0 0.96161 225.529 213.736 11.7926 0 -30.0507 -31.6825 32 6629.88 225.524 197 0.000227837
6400 0.044149 0.0420516 0.00209733 0 0.952494 229.956 217.942 12.0147 0 -30.0666 -30.8765 32 6757.88 227.691 201 0.000209212
6500 0.0484468 0.0448016 0.0036452 0 0.924759 234.655 222.422 12.2331 0 -30.0569 -29.5817 32 6853.88 229.302 204 0.000219616
6600 0.0516528 0.0494709 0.00218188 0 0.957759 239.822 227.369 12.4532 0 -30.0767 -30.9765 32 6949.88 230.903 207 0.00023899
6700 0.0464665 0.044348 0.00211858 0 0.954406 244.453 231.804 12.6497 0 -30.0908 -30.8202 32 7045.88 232.492 210 0.000211181
6800 0.0418192 0.0405935 0.0012257 0 0.970691 248.688 235.863 12.8247 0 -30.1159 -31.5641 32 7141.88 234.07 213 0.00019058
6900 0.0428936 0.0410972 0.00179648 0 0.958118 252.95 239.973 12.9776 0 -30.1415 -31.6401 32 7237.88 235.638 216 0.000190265
7000 0.0373066 0.0362472 0.00105934 0 0.971604 256.719 243.597 13.1217 0 -30.1762 -32.5018 32 7333.88 237.196 219 0.000165513
7100 0.0554337 0.0531264 0.00230726 0 0.958378 262.238 248.91 13.3278 0 -30.1562 -29.224 32 7429.88 238.743 222 0.000239308
7200 0.0700174 0.067345 0.00267235 0 0.961833 269.289 255.645 13.6449 0 -30.0962 -27.8684 32 7557.88 240.791 226 0.000297987
7300 0.0586551 0.0550672 0.00358792 0 0.93883 275.039 261.151 13.8878 0 -30.0779 -29.2168 32 7653.88 242.315 229 0.000240468
7400 0.0740077 0.071269 0.00273863 0 0.962995 282.521 268.278 14.2428 0 -30.1095 -31.273 32 7749.88 243.83 232 0.000307194
7500 0.0536704 0.0518439 0.00182649 0 0.965968 287.928 273.463 14.4659 0 -30.1294 -31.1708 32 7845.88 245.336 235 0.000220612
7600 0.0449455 0.0437181 0.00122747 0 0.97269 292.441 277.834 14.6061 0 -30.1572 -31.9273 32 7941.88 246.832 238 0.000183689
7700 0.0409968 0.0401561 0.000840721 0 0.979493 296.559 281.85 14.7095 0 -30.1883 -32.3985 32 8037.88 248.32 241 0.000166623
7800 0.0383655 0.0376323 0.000733205 0 0.980889 300.407 285.613 14.7941 0 -30.2157 -32.3231 32 8133.88 249.798 244 0.000154231
7900 0.0421008 0.0414615 0.000639299 0 0.984815 304.632 289.759 14.8722 0 -30.2318 -31.3769 32 8229.88 251.268 247 0.00016786
8000 0.0506742 0.0487505 0.00192378 0 0.962036 309.646 294.634 15.0117 0 -30.257 -31.7874 32 8357.88 253.214 251 0.000194225
8100 0.060836 0.0575683 0.00326772 0 0.946286 315.674 300.391 15.2822 0 -30.2736 -31.1275 32 8453.88 254.664 254 0.000226647
8200 0.0639767 0.0607532 0.00322351 0 0.949614 322.03 306.467 15.5635 0 -30.2902 -31.1143 32 8549.88 256.106 257 0.000236394
8300 0.0666219 0.0636431 0.00297881 0 0.955288 328.737 312.831 15.906 0 -30.2832 -29.9487 32 8645.88 257.54 260 0.000244781
8400 0.054832 0.0527016 0.0021304 0 0.961147 334.273 318.101 16.1721 0 -30.2903 -30.7123 32 8741.88 258.966 263 0.000200387
8500 0.0560952 0.0526837 0.00341146 0 0.939185 339.764 323.369 16.3946 0 -30.2871 -30.0932 32 8837.88 260.384 266 0.000198059
8600 0.0604552 0.0585617 0.00189351 0 0.968679 345.867 329.226 16.6414 0 -30.3003 -31.0349 32 8933.88 261.794 269 0.000217701
8700 0.0468623 0.0456228 0.0012395 0 0.97355 350.592 333.788 16.8042 0 -30.3229 -31.9727 32 9029.88 263.197 272 0.000167731
8800 0.06234 0.0603533 0.00198669 0 0.968131 356.833 339.823 17.0094 0 -30.3088 -29.5191 32 9157.88 265.056 276 0.000218672
8900 0.063678 0.0602799 0.00339809 0 0.946636 363.14 345.851 17.2891 0 -30.2836 -28.8602 32 9253.88 266.442 279 0.000216057
9000 0.052209 0.0498387 0.00237029 0 0.9546 368.398 350.835 17.5624 0 -30.2838 -30.2914 32 9349.88 267.82 282 0.000176733
9100 0.046743 0.0444791 0.00226392 0 0.951567 373.05 355.283 17.7666 0 -30.2875 -30.5839 32 9445.88 269.191 285 0.000156067
9200 0.0425424 0.040638 0.00190439 0 0.955235 377.312 359.347 17.9656 0 -30.2956 -31.0091 32 9541.88 270.556 288 0.000141104
9300 0.0375487 0.0364147 0.00113401 0 0.969799 381.119 362.988 18.1304 0 -30.3115 -31.8879 32 9637.88 271.914 291 0.000125136
9400 0.0378083 0.0365263 0.00128204 0 0.966091 384.908 366.641 18.2675 0 -30.3273 -31.9138 32 9733.88 273.264 294 0.000124239
9500 0.0345315 0.0333308 0.00120071 0 0.965229 388.371 369.974 18.3974 0 -30.3461 -32.431 32 9829.88 274.609 297 0.000112225
9600 0.0351032 0.0339049 0.0011983 0 0.965864 391.895 373.364 18.5303 0 -30.3633 -32.259 32 9957.88 276.391 301 0.000112641
9700 0.0613571 0.0580628 0.00329438 0 0.946308 397.996 379.171 18.8256 0 -30.3854 -31.8038 32 10053.9 277.72 304 0.000190996
9800 0.051728 0.0491208 0.00260719 0 0.949598 403.197 384.083 19.1144 0 -30.404 -31.8269 32 10149.9 279.043 307 0.000160003
9900 0.0413278 0.0398197 0.00150814 0 0.963508 407.392 388.065 19.3274 0 -30.4272 -32.6656 32 10245.9 280.359 310 0.000128451
10000 0.0511396 0.0496284 0.00151129 0 0.970448 412.565 393.028 19.5369 0 -30.4337 -30.9439 32 10341.9 281.67 313 0.000158557
10100 0.0517692 0.0497269 0.00204226 0 0.960551 417.73 398 19.73 0 -30.4558 -32.2181 32 10437.9 282.974 316 0.000157364
10200 0.0529738 0.0511627 0.00181107 0 0.965812 423.022 403.117 19.9049 0 -30.4863 -32.8952 32 10533.9 284.272 319 0.000160385
10300 0.0565651 0.0548146 0.00175042 0 0.969055 428.702 408.598 20.1037 0 -30.5064 -32.0003 32 10629.9 285.565 322 0.000170232
10400 0.0482972 0.0470276 0.00126959 0 0.973713 433.568 413.301 20.2667 0 -30.528 -32.431 32 10757.9 287.279 326 0.000144256
10500 0.0490072 0.0472773 0.00172992 0 0.964701 438.455 418.029 20.426 0 -30.5437 -31.9419 32 10853.9 288.558 329 0.0001437
10600 0.0424659 0.0414255 0.0010404 0 0.9755 442.752 422.171 20.5805 0 -30.5649 -32.7216 32 10949.9 289.831 332 0.000124776
10700 0.0434641 0.0424102 0.00105393 0 0.975752 447.121 426.412 20.7092 0 -30.5959 -33.7363 32 11045.9 291.099 335 0.000126597
10800 0.0429565 0.0415594 0.00139715 0 0.967475 451.39 430.568 20.8224 0 -30.6187 -33.0132 32 11141.9 292.361 338 0.000122957
10900 0.0883624 0.0854204 0.00294201 0 0.966705 460.258 439.11 21.1474 0 -30.6287 -31.1376 32 11237.9 293.618 341 0.0002505
11000 0.0742321 0.071402 0.0028301 0 0.961875 467.744 446.25 21.4937 0 -30.6229 -30.2676 32 11333.9 294.869 344 0.000207564
11100 0.0598946 0.0582604 0.00163423 0 0.972715 473.817 452.076 21.7408 0 -30.6354 -31.5945 32 11429.9 296.115 347 0.000167897
11200 0.0597077 0.0579299 0.00177777 0 0.970225 479.789 457.869 21.9198 0 -30.6575 -32.409 32 11557.9 297.769 351 0.000165043
11300 0.073465 0.0709854 0.00247959 0 0.966248 487.146 464.968 22.1785 0 -30.6497 -30.1415 32 11653.9 299.003 354 0.000200524
11400 0.0591827 0.0572716 0.00191105 0 0.967709 493.075 470.695 22.38 0 -30.6547 -31.0673 32 11749.9 300.232 357 0.000160425
11500 0.0581368 0.0561584 0.00197842 0 0.965969 498.916 476.311 22.6048 0 -30.6584 -30.9756 32 11845.9 301.456 360 0.000155996
11600 0.055936 0.054485 0.00145098 0 0.97406 504.535 481.759 22.7758 0 -30.672 -31.8737 32 11941.9 302.675 363 0.000150097
11700 0.0664185 0.0641468 0.00227178 0 0.965796 511.168 488.174 22.9943 0 -30.6772 -31.0741 32 12037.9 303.889 366 0.000175264
11800 0.066836 0.0648221 0.00201395 0 0.969867 517.881 494.656 23.2248 0 -30.6758 -30.5718 32 12133.9 305.098 369 0.00017567
11900 0.0628489 0.0609387 0.00191013 0 0.969608 524.186 500.75 23.4362 0 -30.6871 -31.6093 32 12229.9 306.303 372 0.000163814
12000 0.0602923 0.0589897 0.00130254 0 0.978396 530.271 506.649 23.6224 0 -30.7032 -32.0937 32 12357.9 307.902 376 0.000156888
12100 0.0659024 0.0623196 0.00358274 0 0.945636 536.703 512.881 23.8222 0 -30.6975 -30.231 32 12453.9 309.095 379 0.000164432
12200 0.0718926 0.070037 0.00185556 0 0.97419 543.927 519.885 24.0422 0 -30.7195 -32.3504 32 12549.9 310.284 382 0.000183343
12300 0.0554202 0.0540276 0.0013926 0 0.974872 549.486 525.288 24.1986 0 -30.7411 -32.8558 32 12645.9 311.469 385 0.000140331
12400 0.0497958 0.0487573 0.00103855 0 0.979144 554.49 530.163 24.3272 0 -30.7652 -33.4109 32 12741.9 312.649 388 0.000125663
12500 0.0614102 0.0596443 0.0017659 0 0.971244 560.632 536.128 24.5048 0 -30.7826 -32.3513 32 12837.9 313.824 391 0.000152543
12600 0.0548176 0.0534382 0.00137938 0 0.974837 566.139 541.472 24.6674 0 -30.7999 -32.5675 32 12933.9 314.996 394 0.00013563
12700 0.0491886 0.0483946 0.000793995 0 0.983858 571.104 546.311 24.793 0 -30.8199 -33.0936 32 13029.9 316.162 397 0.000121901
12800 0.0652009 0.0639108 0.00129009 0 0.980214 577.652 552.702 24.95 0 -30.8401 -32.6075 32 13157.9 317.712 401 0.000159379
12900 0.0513392 0.0506882 0.000650995 0 0.98732 582.83 557.771 25.0588 0 -30.8665 -33.8013 32 13253.9 318.868 404 0.000125466
13000 0.0464252 0.0455796 0.000845553 0 0.981787 587.458 562.329 25.1292 0 -30.8917 -34.076 32 13349.9 320.021 407 0.000111989
13100 0.0440126 0.0434724 0.000540224 0 0.987726 591.872 566.676 25.1962 0 -30.9175 -34.344 32 13445.9 321.17 410 0.00010603
13200 0.0599376 0.0580832 0.00185439 0 0.969061 597.87 572.484 25.3852 0 -30.9423 -33.3918 32 13541.9 322.314 413 0.000140637
13300 0.0559632 0.0540426 0.00192062 0 0.965681 603.467 577.889 25.5781 0 -30.9529 -32.0804 32 13637.9 323.455 416 0.00012991
13400 0.0468592 0.0458007 0.00105851 0 0.977411 608.191 582.469 25.7221 0 -30.9721 -33.4313 32 13733.9 324.591 419 0.00010931
13500 0.0733753 0.071145 0.00223025 0 0.969605 615.553 589.583 25.9701 0 -30.9606 -30.0113 32 13829.9 325.724 422 0.00016859
13600 0.065568 0.0632622 0.00230587 0 0.964832 622.129 595.909 26.2199 0 -30.9552 -30.4512 32 13957.9 327.228 426 0.000148503
13700 0.0648632 0.0619784 0.00288479 0 0.955525 628.619 602.107 26.5114 0 -30.961 -31.5155 32 14053.9 328.351 429 0.000144472
13800 0.0528381 0.0507857 0.0020524 0 0.961157 633.894 607.186 26.7085 0 -30.973 -32.3952 32 14149.9 329.47 432 0.000117559
13900 0.0539245 0.0515906 0.00233387 0 0.95672 639.283 612.345 26.9379 0 -30.9868 -32.6112 32 14245.9 330.586 435 0.000118599
14000 0.0472036 0.045624 0.00157958 0 0.966537 644.042 616.907 27.1352 0 -31.0052 -33.4841 32 14341.9 331.698 438 0.000104164
14100 0.0495764 0.0474099 0.00216654 0 0.956299 648.954 621.648 27.3059 0 -31.0152 -32.3216 32 14437.9 332.807 441 0.000107505
14200 0.0518283 0.050119 0.0017093 0 0.96702 654.16 626.66 27.5 0 -31.0237 -32.0829 32 14533.9 333.911 444 0.000112881
14300 0.0461125 0.0445271 0.00158537 0 0.96562 658.778 631.113 27.665 0 -31.0373 -32.9667 32 14629.9 335.012 447 9.96132e-05
14400 0.0429008 0.0417429 0.00115789 0 0.97301 663.084 635.287 27.7963 0 -31.0521 -33.3092 32 14757.9 336.474 451 9.25563e-05
14500 0.0438983 0.0420469 0.00185144 0 0.957824 667.424 639.492 27.9323 0 -31.0646 -32.9851 32 14853.9 337.567 454 9.26143e-05
14600 0.069575 0.0657278 0.0038472 0 0.944704 674.284 646.065 28.2194 0 -31.0452 -29.1565 32 14949.9 338.656 457 0.000143824
14700 0.0567156 0.0545505 0.00216511 0 0.961825 680.003 651.52 28.4833 0 -31.0421 -30.672 32 15045.9 339.742 460 0.000118588
14800 0.0481197 0.0464511 0.00166856 0 0.965325 684.835 656.165 28.6698 0 -31.0478 -31.847 32 15141.9 340.824 463 0.000100326
14900 0.0446763 0.0435696 0.00110671 0 0.975228 689.326 660.522 28.804 0 -31.0563 -32.3553 32 15237.9 341.903 466 9.3497e-05
15000 0.0413665 0.0405015 0.000864996 0 0.979089 693.474 664.572 28.9018 0 -31.0672 -32.8892 32 15333.9 342.978 469 8.63572e-05
15100 0.0473052 0.0463803 0.000924829 0 0.98045 698.25 669.21 29.0404 0 -31.0838 -33.488 32 15429.9 344.05 472 9.82634e-05
15200 0.0438368 0.0426076 0.0012292 0 0.97196 702.628 673.471 29.157 0 -31.0949 -32.8652 32 15557.9 345.474 476 8.95118e-05
15300 0.0509723 0.0493498 0.00162252 0 0.968169 707.746 678.406 29.3407 0 -31.1078 -32.8784 32 15653.9 346.538 479 0.000103027
15400 0.0451733 0.0435057 0.00166763 0 0.963084 712.246 682.756 29.4897 0 -31.1189 -32.8627 32 15749.9 347.599 482 9.02607e-05
15500 0.0417574 0.0408319 0.000925482 0 0.977837 716.436 686.839 29.5966 0 -31.1327 -33.4842 32 15845.9 348.657 485 8.41895e-05
15600 0.0428825 0.0419859 0.000896613 0 0.979091 720.73 691.038 29.6918 0 -31.1476 -33.6266 32 15941.9 349.711 488 8.60367e-05
15700 0.0603762 0.0589831 0.00139308 0 0.976927 726.812 696.936 29.8752 0 -31.1686 -33.6658 32 16037.9 350.763 491 0.000120129
15800 0.0465637 0.0454421 0.00112169 0 0.975911 731.48 701.481 29.999 0 -31.1846 -33.6766 32 16133.9 351.811 494 9.1988e-05
15900 0.0403838 0.0396705 0.000713223 0 0.982339 735.54 705.448 30.0926 0 -31.2021 -34.3477 32 16229.9 352.856 497 7.982e-05
16000 0.0737642 0.0717715 0.00199261 0 0.972987 742.932 712.625 30.3076 0 -31.2112 -32.1165 32 16357.9 354.245 501 0.000143257
16100 0.0591516 0.0566871 0.00246454 0 0.958335 748.843 718.294 30.549 0 -31.2196 -32.2698 32 16453.9 355.283 504 0.000112474
16200 0.0550913 0.0529471 0.00214423 0 0.961079 754.345 723.588 30.7571 0 -31.2296 -32.5898 32 16549.9 356.318 507 0.000104432
16300 0.0591781 0.05666 0.00251808 0 0.957449 760.24 729.254 30.9854 0 -31.2343 -31.8463 32 16645.9 357.35 510 0.000111098
16400 0.0572846 0.0552749 0.00200977 0 0.964916 765.993 734.782 31.2114 0 -31.2345 -31.2515 32 16741.9 358.379 513 0.000107748
16500 0.0528214 0.0511541 0.0016673 0 0.968435 771.294 739.897 31.397 0 -31.2434 -32.535 32 16837.9 359.405 516 9.91359e-05
16600 0.0522912 0.0504893 0.00180193 0 0.96554 776.55 744.946 31.6042 0 -31.2483 -31.9641 32 16933.9 360.428 519 9.72819e-05
16700 0.0571014 0.0555912 0.00151013 0 0.973553 782.253 750.505 31.7478 0 -31.2577 -32.5445 32 17029.9 361.448 522 0.000106497
16800 0.060746 0.0589874 0.00175869 0 0.971049 788.355 756.404 31.9514 0 -31.2684 -32.6372 32 17157.9 362.804 526 0.000112143
16900 0.052108 0.0501665 0.00194154 0 0.96274 793.536 761.421 32.1156 0 -31.2802 -33.0788 32 17253.9 363.817 529 9.48327e-05
17000 0.0514099 0.0490209 0.00238898 0 0.953531 798.602 766.323 32.279 0 -31.2896 -32.7512 32 17349.9 364.828 532 9.21446e-05
17100 0.0491593 0.0473521 0.00180725 0 0.963237 803.534 771.058 32.4759 0 -31.3003 -33.0444 32 17445.9 365.836 535 8.85086e-05
17200 0.0481955 0.0463081 0.00188737 0 0.960839 808.326 775.689 32.6376 0 -31.3114 -33.1713 32 17541.9 366.841 538 8.60746e-05
17300 0.0499961 0.0480898 0.00190628 0 0.961871 813.323 780.498 32.8256 0 -31.3208 -32.8348 32 17637.9 367.844 541 8.88906e-05
17400 0.0436113 0.0420528 0.00155853 0 0.964263 817.717 784.703 33.0142 0 -31.3335 -33.6926 32 17733.9 368.843 544 7.73029e-05
17500 0.0482713 0.0466324 0.0016389 0 0.966048 822.605 789.366 33.2383 0 -31.3463 -33.4837 32 17829.9 369.84 547 8.52512e-05
17600 0.0414917 0.0402477 0.00124399 0 0.970018 826.78 793.391 33.3886 0 -31.3609 -34.2364 32 17957.9 371.166 551 7.30448e-05
17700 0.0421769 0.0397323 0.00244462 0 0.942039 830.901 797.364 33.5373 0 -31.3711 -33.4163 32 18053.9 372.156 554 7.17189e-05
17800 0.0448532 0.0431337 0.00171953 0 0.961663 835.385 801.678 33.707 0 -31.3853 -34.016 32 18149.9 373.144 557 7.74393e-05
17900 0.0593233 0.0571629 0.0021604 0 0.963583 841.35 807.394 33.9557 0 -31.3984 -33.2415 32 18245.9 374.13 560 0.000102077
18000 0.0460898 0.0441557 0.00193406 0 0.958037 845.974 811.809 34.1643 0 -31.4111 -33.7043 32 18341.9 375.113 563 7.84294e-05
18100 0.0450751 0.0431175 0.00195763 0 0.95657 850.477 816.121 34.3558 0 -31.4188 -32.8725 32 18437.9 376.093 566 7.61794e-05
18200 0.0406398 0.0388753 0.00176458 0 0.95658 854.544 820.009 34.5353 0 -31.4294 -33.6582 32 18533.9 377.071 569 6.83221e-05
18300 0.0438638 0.0421641 0.00169969 0 0.961251 858.931 824.225 34.7059 0 -31.436 -32.7048 32 18629.9 378.046 572 7.37135e-05
18400 0.0507715 0.0492003 0.00157119 0 0.969054 864.091 829.145 34.9461 0 -31.4439 -32.7587 32 18757.9 379.343 576 8.54173e-05
18500 0.054789 0.0518799 0.00290913 0 0.946903 869.494 834.333 35.161 0 -31.4433 -31.3603 32 18853.9 380.312 579 8.96026e-05
18600 0.0574317 0.0551671 0.00226454 0 0.96057 875.236 839.85 35.3866 0 -31.4432 -31.4192 32 18949.9 381.279 582 9.47889e-05
18700 0.0498656 0.0481012 0.00176432 0 0.964619 880.219 844.66 35.559 0 -31.4514 -32.8871 32 19045.9 382.244 585 8.22244e-05
18800 0.0596395 0.0573625 0.00227703 0 0.96182 886.178 850.396 35.7822 0 -31.4523 -31.5951 32 19141.9 383.206 588 9.75553e-05
18900 0.0733578 0.0703877 0.00297013 0 0.959512 893.544 857.435 36.1088 0 -31.4527 -31.4972 32 19237.9 384.166 591 0.000119099
19000 0.0562873 0.0540518 0.00223549 0 0.960284 899.209 862.84 36.3691 0 -31.4596 -32.549 32 19333.9 385.123 594 9.09962e-05
19100 0.0595133 0.0573626 0.00215078 0 0.963861 905.18 868.576 36.6039 0 -31.4541 -30.6258 32 19429.9 386.078 597 9.60847e-05
19200 0.0601451 0.0580408 0.00210432 0 0.965013 911.25 874.38 36.8691 0 -31.449 -30.6837 32 19557.9 387.348 601 9.65736e-05
19300 0.0577684 0.0536144 0.00415408 0 0.928091 916.798 879.742 37.0565 0 -31.4445 -30.7111 32 19653.9 388.297 604 8.87655e-05
19400 0.0751229 0.0719029 0.00321998 0 0.957137 924.325 886.932 37.3932 0 -31.4414 -31.0614 32 19749.9 389.244 607 0.000118456
19500 0.0628569 0.0605782 0.00227867 0 0.963748 930.675 892.99 37.6853 0 -31.4405 -31.3164 32 19845.9 390.189 610 9.93085e-05
19600 0.0666923 0.0641751 0.00251726 0 0.962256 937.36 899.408 37.9525 0 -31.4454 -32.1182 32 19941.9 391.132 613 0.00010469
19700 0.0557661 0.0538165 0.00194961 0 0.965039 942.952 904.789 38.1627 0 -31.4512 -32.4279 32 20037.9 392.072 616 8.73645e-05
19800 0.0611701 0.0593274 0.00184267 0 0.969876 949.107 910.722 38.3849 0 -31.452 -31.5824 32 20133.9 393.01 619 9.5844e-05
19900 0.0674234 0.065318 0.00210538 0 0.968774 955.851 917.254 38.5971 0 -31.4549 -31.8551 32 20229.9 393.946 622 0.000105013
20000 0.058585 0.0570621 0.00152293 0 0.974005 961.75 922.96 38.7905 0 -31.462 -32.6153 32 20357.9 395.19 626 9.11535e-05
