100 0.00520997 0.00483391 0.000376052 0 0.927821 0.519828 0.483391 0.0364369 0 -27.3187 -27.3187 64 453.882 59.0081 2 0.00241696
200 0.00525377 0.0045009 0.000752863 0 0.8567 1.00049 0.933482 0.0670126 0 -27.0329 -26.7238 64 581.882 66.8124 4 0.00112523
300 0.00655541 0.0062412 0.000314213 0 0.952068 1.67386 1.5576 0.11626 0 -26.4216 -25.5134 64 645.882 70.3909 5 0.00124824
400 0.00860166 0.00830023 0.000301438 0 0.964956 2.5474 2.38762 0.159776 0 -26.7024 -27.2406 64 773.882 77.0508 7 0.00118575
500 0.0049614 0.00476834 0.000193068 0 0.961086 3.05012 2.86446 0.185658 0 -26.8822 -27.793 64 837.882 80.1736 8 0.000596042
600 0.00637273 0.00617213 0.000200602 0 0.968522 3.71031 3.48167 0.228644 0 -26.9676 -27.3623 64 965.882 86.08 10 0.000617213
700 0.00444889 0.00429182 0.000157062 0 0.964696 4.15896 3.91085 0.248109 0 -27.1066 -28.2561 64 1029.88 88.8861 11 0.000390166
800 0.0213731 0.0196743 0.00169885 0 0.920515 6.23071 5.87828 0.352427 0 -26.529 -25.3694 64 1157.88 94.248 13 0.00151341
900 0.0228953 0.0207903 0.00210503 0 0.908058 8.47193 7.95731 0.514626 0 -26.1549 -25.115 64 1285.88 99.3209 15 0.00138602
1000 0.0205035 0.0191776 0.0013259 0 0.935333 10.5536 9.87506 0.678527 0 -26.478 -27.7927 64 1349.88 101.763 16 0.0011986
1100 0.0175176 0.0162871 0.00123054 0 0.929754 12.317 11.5038 0.813248 0 -26.6721 -27.834 64 1477.88 106.478 18 0.000904838
1200 0.0144552 0.0136855 0.000769759 0 0.946749 13.7872 12.8723 0.914914 0 -26.9445 -29.226 64 1541.88 108.759 19 0.000720288
1300 0.0162929 0.0153785 0.000914461 0 0.943874 15.4124 14.4102 1.0022 0 -27.0656 -28.0936 64 1669.88 113.183 21 0.000732307
1400 0.0174385 0.0168003 0.000638182 0 0.963404 17.1825 16.0902 1.09231 0 -27.5102 -31.3807 64 1733.88 115.332 22 0.000763651
1500 0.0132455 0.0130323 0.000213133 0 0.983909 18.5128 17.3934 1.11938 0 -27.8514 -32.2582 64 1861.88 119.513 24 0.000543014
1600 0.0108956 0.0107389 0.000156686 0 0.985619 19.6069 18.4673 1.13954 0 -28.0952 -32.2205 64 1989.88 123.553 26 0.000413035
1700 0.0101768 0.00996105 0.000215735 0 0.978801 20.6361 19.4634 1.17269 0 -28.2577 -31.3537 64 2053.88 125.524 27 0.000368928
1800 0.0103322 0.0101001 0.000232084 0 0.977538 21.6702 20.4734 1.19676 0 -28.4539 -32.3704 64 2181.88 129.377 29 0.000348279
1900 0.00794178 0.00780075 0.000141031 0 0.982242 22.4676 21.2535 1.2141 0 -28.5873 -32.2129 64 2245.88 131.26 30 0.000260025
2000 0.00851462 0.00811577 0.00039885 0 0.953157 23.2974 22.0651 1.23228 0 -28.6527 -30.423 64 2373.88 134.949 32 0.000253618
2100 0.0073808 0.00732584 5.49596e-05 0 0.992554 24.0473 22.7977 1.24962 0 -28.7442 -31.5868 64 2437.88 136.756 33 0.000221995
2200 0.0119874 0.0109856 0.00100181 0 0.916428 25.1816 23.8962 1.28539 0 -28.71 -27.9834 64 2565.88 140.3 35 0.000313874
2300 0.0258218 0.0245589 0.00126288 0 0.951092 27.7648 26.3521 1.4127 0 -28.841 -30.1186 64 2629.88 142.039 36 0.000682191
2400 0.0181134 0.0170254 0.00108797 0 0.939935 29.6042 28.0547 1.54957 0 -29.0083 -31.5342 64 2757.88 145.455 38 0.000448036
2500 0.0184296 0.0146683 0.00376132 0 0.795908 31.1836 29.5215 1.6621 0 -28.9201 -27.2665 64 2885.88 148.792 40 0.000366706
2600 0.0231366 0.0215258 0.00161084 0 0.930377 33.5499 31.6741 1.87588 0 -29.1241 -31.8117 64 2949.88 150.433 41 0.000525019
2700 0.0151885 0.01405 0.00113845 0 0.925045 35.0939 33.0791 2.01485 0 -29.2323 -31.5829 64 3077.88 153.662 43 0.000326745
2800 0.014058 0.0130392 0.00101883 0 0.927526 36.5088 34.383 2.1258 0 -29.3193 -31.4786 64 3141.88 155.251 44 0.000296345
2900 0.0127735 0.0119936 0.000779946 0 0.93894 37.7945 35.5823 2.21219 0 -29.4035 -31.7929 64 3269.88 158.382 46 0.00026073
3000 0.0112819 0.0106618 0.000620163 0 0.94503 38.9406 36.6485 2.29208 0 -29.4795 -31.9886 64 3333.88 159.925 47 0.000226846
3100 0.0136629 0.0131038 0.000559097 0 0.959079 40.3221 37.9589 2.3632 0 -29.5972 -32.9143 64 3461.88 162.966 49 0.000267424
3200 0.011773 0.0113778 0.000395142 0 0.966436 41.5055 39.0967 2.40888 0 -29.6687 -32.1054 64 3589.88 165.951 51 0.000223094
3300 0.0146298 0.0140839 0.000545907 0 0.962685 42.9926 40.5051 2.48756 0 -29.7602 -32.3128 64 3653.88 167.424 52 0.000270843
3400 0.0112629 0.0107697 0.00049322 0 0.956209 44.1209 41.582 2.53884 0 -29.8315 -32.5472 64 3781.88 170.331 54 0.000199439
3500 0.0096537 0.00944879 0.000204908 0 0.978774 45.1039 42.5269 2.57697 0 -29.9315 -34.4216 64 3845.88 171.766 55 0.000171796
3600 0.00936545 0.00901891 0.000346545 0 0.962998 46.0349 43.4288 2.60606 0 -29.9909 -32.867 64 3973.88 174.601 57 0.000158226
3700 0.0176797 0.0167248 0.000954923 0 0.945988 47.7805 45.1013 2.67923 0 -30.0608 -31.9043 64 4037.88 176.002 58 0.000288358
3800 0.0164038 0.0154818 0.000922 0 0.943793 49.4174 46.6495 2.76793 0 -30.1249 -31.9981 64 4165.88 178.77 60 0.00025803
3900 0.0126046 0.0120615 0.000543129 0 0.95691 50.6915 47.8556 2.83594 0 -30.1849 -32.5088 64 4229.88 180.138 61 0.00019773
4000 0.0109669 0.0106506 0.000316294 0 0.971159 51.8022 48.9207 2.88153 0 -30.2525 -33.3388 64 4357.88 182.843 63 0.000169057
4100 0.0143545 0.0136298 0.000724709 0 0.949514 53.2154 50.2836 2.93173 0 -30.2259 -29.2505 64 4485.88 185.509 65 0.000209689
4200 0.016171 0.0154709 0.000700051 0 0.956709 54.8353 51.8307 3.00455 0 -30.2656 -31.5704 64 4549.88 186.827 66 0.000234408
4300 0.0227356 0.0214715 0.00126413 0 0.944399 57.133 53.9779 3.15513 0 -30.3637 -32.7053 64 4677.88 189.437 68 0.000315757
4400 0.0218231 0.0203995 0.00142354 0 0.934769 59.3131 56.0178 3.29523 0 -30.4091 -31.5979 64 4741.88 190.728 69 0.000295645
4500 0.0193229 0.0182614 0.00106156 0 0.945062 61.2679 57.844 3.4239 0 -30.4568 -31.9044 64 4869.88 193.285 71 0.000257202
4600 0.0150604 0.0144993 0.000561026 0 0.962748 62.7994 59.2939 3.50548 0 -30.5234 -33.1882 64 4933.88 194.551 72 0.00020138
4700 0.0223044 0.0213131 0.000991285 0 0.955557 64.9941 61.4252 3.5689 0 -30.6094 -33.0709 64 5061.88 197.059 74 0.000288015
4800 0.0224873 0.0218776 0.000609644 0 0.972889 67.2593 63.613 3.64634 0 -30.7058 -33.4721 64 5189.88 199.535 76 0.000287863
4900 0.0173529 0.0170644 0.000288531 0 0.983373 69.0253 65.3194 3.70586 0 -30.7754 -33.4269 64 5253.88 200.761 77 0.000221616
5000 0.0433435 0.0419196 0.00142387 0 0.967149 73.3427 69.5114 3.83127 0 -30.6809 -29.1699 64 5381.88 203.192 79 0.000530628
5100 0.0301127 0.0289813 0.00113143 0 0.962427 76.3764 72.4095 3.96686 0 -30.656 -30.0543 64 5445.88 204.397 80 0.000362266
5200 0.0400796 0.037973 0.00210661 0 0.947439 80.3627 76.2068 4.15585 0 -30.5013 -27.5369 64 5573.88 206.785 82 0.000463085
5300 0.0301017 0.0288393 0.0012624 0 0.958062 83.4032 79.0907 4.31249 0 -30.4804 -29.9263 64 5637.88 207.969 83 0.000347461
5400 0.0367266 0.0356206 0.00110597 0 0.969886 87.1148 82.6528 4.46204 0 -30.4084 -28.7916 64 5765.88 210.316 85 0.000419066
5500 0.0254349 0.0246992 0.000735695 0 0.971075 89.6718 85.1227 4.54907 0 -30.4027 -30.2096 64 5829.88 211.48 86 0.0002872
5600 0.0227725 0.0219594 0.000813138 0 0.964293 91.9501 87.3187 4.63148 0 -30.401 -30.3323 64 5957.88 213.789 88 0.000249539
5700 0.0214487 0.0203639 0.00108473 0 0.949427 94.036 89.3551 4.68093 0 -30.4097 -30.7943 64 6085.88 216.074 90 0.000226266
5800 0.0267362 0.025509 0.00122719 0 0.9541 96.7024 91.906 4.79647 0 -30.4452 -31.6954 64 6149.88 217.207 91 0.000280319
5900 0.0238131 0.0226897 0.00112338 0 0.952825 99.0902 94.1749 4.91528 0 -30.4761 -31.7296 64 6277.88 219.456 93 0.000243975
6000 0.0208478 0.0201128 0.000735068 0 0.964741 101.196 96.1862 5.00995 0 -30.5118 -32.1889 64 6341.88 220.571 94 0.000213965
6100 0.0224887 0.0216647 0.000824091 0 0.963355 103.456 98.3527 5.10318 0 -30.5254 -31.1348 64 6469.88 222.786 96 0.000225673
6200 0.0189703 0.0185322 0.000438101 0 0.976906 105.378 100.206 5.17176 0 -30.5551 -32.1534 64 6533.88 223.885 97 0.000191054
6300 0.0225416 0.0219242 0.000617361 0 0.972612 107.657 102.398 5.25901 0 -30.5604 -30.8059 64 6661.88 226.068 99 0.000221457
6400 0.0347774 0.0328321 0.00194524 0 0.944066 111.086 105.682 5.40399 0 -30.5845 -31.3408 64 6789.88 228.229 101 0.000325071
6500 0.0279021 0.0266709 0.00123124 0 0.955873 113.902 108.349 5.55305 0 -30.6227 -32.1322 64 6853.88 229.302 102 0.000261479
6600 0.0342463 0.0316141 0.00263217 0 0.92314 117.283 111.51 5.77316 0 -30.5505 -28.1183 64 6981.88 231.434 104 0.000303982
6700 0.0281622 0.0262426 0.00191963 0 0.931837 120.12 114.134 5.9862 0 -30.533 -29.8068 64 7045.88 232.492 105 0.000249929
6800 0.0241259 0.0225904 0.00153549 0 0.936355 122.543 116.393 6.14938 0 -30.5302 -30.3957 64 7173.88 234.594 107 0.000211125
6900 0.0200227 0.0191896 0.000833095 0 0.958392 124.57 118.312 6.25821 0 -30.552 -31.8667 64 7237.88 235.638 108 0.000177681
7000 0.0187377 0.0181476 0.000590126 0 0.968506 126.457 120.127 6.33002 0 -30.5816 -32.5369 64 7365.88 237.713 110 0.000164978
7100 0.0173774 0.0169658 0.000411653 0 0.976311 128.212 121.824 6.38839 0 -30.6109 -32.7248 64 7429.88 238.743 111 0.000152845
7200 0.0304461 0.0295379 0.000908211 0 0.97017 131.285 124.777 6.50711 0 -30.6581 -32.6271 64 7557.88 240.791 113 0.000261398
7300 0.0227069 0.0217457 0.000961201 0 0.957669 133.56 126.952 6.60802 0 -30.6815 -32.032 64 7685.88 242.821 115 0.000189093
7400 0.0193571 0.0189292 0.000427978 0 0.97789 135.518 128.845 6.67337 0 -30.7151 -33.0028 64 7749.88 243.83 116 0.000163182
7500 0.0187474 0.018221 0.000526439 0 0.971919 137.386 130.667 6.71895 0 -30.7433 -32.7928 64 7877.88 245.836 118 0.000154415
7600 0.0181554 0.0179005 0.000254899 0 0.98596 139.221 132.457 6.76423 0 -30.7751 -33.154 64 7941.88 246.832 119 0.000150424
7700 0.0207452 0.020104 0.00064122 0 0.969091 141.295 134.467 6.82797 0 -30.7815 -31.2076 64 8069.88 248.813 121 0.000166148
7800 0.0193583 0.0187956 0.000562642 0 0.970935 143.238 136.347 6.89127 0 -30.7899 -31.4071 64 8133.88 249.798 122 0.000154063
7900 0.0228136 0.021955 0.000858609 0 0.962364 145.52 138.542 6.97792 0 -30.8065 -31.8458 64 8261.88 251.756 124 0.000177057
8000 0.0251203 0.02414 0.000980302 0 0.960976 148.038 140.956 7.08184 0 -30.8358 -32.532 64 8389.88 253.699 126 0.000191587
8100 0.0271446 0.0260329 0.00111174 0 0.959044 150.742 143.56 7.18209 0 -30.8249 -30.2229 64 8453.88 254.664 127 0.000204983
8200 0.0242592 0.0234705 0.000788694 0 0.967489 153.187 145.907 7.28062 0 -30.8239 -30.7656 64 8581.88 256.585 129 0.000181942
8300 0.0350066 0.0333411 0.00166549 0 0.952423 156.66 149.241 7.4192 0 -30.8328 -31.2262 64 8645.88 257.54 130 0.00025647
8400 0.0323154 0.0304122 0.00190319 0 0.941106 159.89 152.282 7.60827 0 -30.8261 -30.5009 64 8773.88 259.439 132 0.000230396
8500 0.0246356 0.0234609 0.00117473 0 0.952316 162.382 154.628 7.75339 0 -30.8392 -31.6807 64 8837.88 260.384 133 0.000176398
8600 0.0221234 0.0210717 0.0010517 0 0.952462 164.583 156.735 7.84737 0 -30.8576 -32.2158 64 8965.88 262.263 135 0.000156087
8700 0.0185649 0.0182316 0.000333278 0 0.982048 166.468 158.559 7.90893 0 -30.8907 -33.7795 64 9029.88 263.197 136 0.000134056
8800 0.0196593 0.0191834 0.000475902 0 0.975792 168.427 160.477 7.95015 0 -30.9116 -32.6824 64 9157.88 265.056 138 0.00013901
8900 0.0182761 0.0174478 0.00082824 0 0.954682 170.203 162.222 7.98157 0 -30.9284 -32.523 64 9285.88 266.902 140 0.000124627
9000 0.0171902 0.0169737 0.000216411 0 0.987411 171.934 163.919 8.01501 0 -30.9552 -33.5909 64 9349.88 267.82 141 0.000120381
9100 0.0181379 0.0174945 0.00064337 0 0.964529 173.713 165.669 8.04419 0 -30.9757 -32.9606 64 9477.88 269.647 143 0.000122339
9200 0.0182557 0.017626 0.000629753 0 0.965504 175.531 167.431 8.0995 0 -30.9861 -31.9736 64 9541.88 270.556 144 0.000122403
9300 0.0180486 0.0171351 0.000913594 0 0.949382 177.325 169.145 8.18073 0 -30.9934 -31.7132 64 9669.88 272.365 146 0.000117363
9400 0.0169466 0.0163603 0.000586318 0 0.965402 179.026 170.781 8.24563 0 -31.0068 -32.4035 64 9733.88 273.264 147 0.000111295
9500 0.0184208 0.0176723 0.000748466 0 0.959368 180.867 172.548 8.31893 0 -31.0194 -32.2477 64 9861.88 275.055 149 0.000118606
9600 0.0226816 0.0219328 0.000748774 0 0.966988 183.164 174.741 8.42253 0 -31.0332 -32.117 64 9989.88 276.835 151 0.00014525
9700 0.0182248 0.0178005 0.00042429 0 0.976719 185 176.521 8.4788 0 -31.0506 -32.7819 64 10053.9 277.72 152 0.000117108
9800 0.0220455 0.0210898 0.00095575 0 0.956647 187.176 178.63 8.54554 0 -31.075 -33.1551 64 10181.9 279.482 154 0.000136947
9900 0.0173805 0.0170801 0.000300396 0 0.982716 188.934 180.338 8.59537 0 -31.1061 -34.4159 64 10245.9 280.359 155 0.000110194
10000 0.0142301 0.0140796 0.00015045 0 0.989427 190.364 181.746 8.6178 0 -31.1372 -35.2401 64 10373.9 282.105 157 8.96792e-05
10100 0.0171819 0.0169024 0.000279491 0 0.983733 192.093 183.436 8.65669 0 -31.1697 -34.7468 64 10437.9 282.974 158 0.000106977
10200 0.021468 0.0209455 0.000522533 0 0.97566 194.292 185.531 8.76061 0 -31.2089 -34.6394 64 10565.9 284.704 160 0.000130909
10300 0.0142259 0.0140179 0.000208008 0 0.985378 195.728 186.933 8.79573 0 -31.2418 -35.6912 64 10629.9 285.565 161 8.70679e-05
10400 0.0125348 0.0124424 9.23865e-05 0 0.99263 196.985 188.177 8.80791 0 -31.2743 -36.326 64 10757.9 287.279 163 7.63339e-05
10500 0.0161965 0.0154932 0.000703287 0 0.956578 198.583 189.726 8.85622 0 -31.285 -32.6041 64 10885.9 288.983 165 9.38984e-05
10600 0.0260643 0.0244703 0.00159401 0 0.938843 201.128 192.173 8.95475 0 -31.2492 -28.459 64 10949.9 289.831 166 0.000147412
10700 0.0224849 0.0210505 0.00143439 0 0.936207 203.334 194.278 9.05525 0 -31.2225 -28.7921 64 11077.9 291.52 168 0.000125301
10800 0.017503 0.0169778 0.000525178 0 0.969995 205.113 195.976 9.13729 0 -31.2192 -30.843 64 11141.9 292.361 169 0.00010046
10900 0.0244549 0.0228287 0.00162621 0 0.933502 207.485 198.259 9.22642 0 -31.2116 -30.5544 64 11269.9 294.035 171 0.000133501
11000 0.0391533 0.0372371 0.00191618 0 0.951059 211.4 201.983 9.41707 0 -31.2172 -31.5105 64 11333.9 294.869 172 0.000216495
11100 0.0286983 0.026909 0.00178931 0 0.937651 214.273 204.674 9.59885 0 -31.2268 -31.9327 64 11461.9 296.53 174 0.00015465
11200 0.0227283 0.0215295 0.00119881 0 0.947255 216.577 206.827 9.75071 0 -31.2414 -32.6002 64 11589.9 298.181 176 0.000122327
11300 0.0211949 0.0202391 0.000955745 0 0.954907 218.711 208.851 9.8603 0 -31.2492 -32.0385 64 11653.9 299.003 177 0.000114345
11400 0.0201641 0.0192617 0.000902364 0 0.955249 220.725 210.777 9.94866 0 -31.2546 -31.8428 64 11781.9 300.64 179 0.000107607
11500 0.0189531 0.0183698 0.000583307 0 0.969224 222.643 212.614 10.0294 0 -31.264 -32.3431 64 11845.9 301.456 180 0.000102054
11600 0.0180483 0.0171647 0.000883585 0 0.951043 224.416 214.33 10.0858 0 -31.2726 -32.3645 64 11973.9 303.08 182 9.43118e-05
11700 0.0168596 0.0162253 0.000634316 0 0.962377 226.108 215.953 10.1548 0 -31.2885 -33.3951 64 12037.9 303.889 183 8.86628e-05
11800 0.0217349 0.0210131 0.000721776 0 0.966792 228.293 218.054 10.2393 0 -31.2825 -30.6546 64 12165.9 305.5 185 0.000113584
11900 0.0212825 0.0203588 0.000923644 0 0.956601 230.423 220.09 10.3329 0 -31.2762 -30.6039 64 12229.9 306.303 186 0.000109456
12000 0.0484251 0.0467183 0.00170679 0 0.964754 235.308 224.762 10.5463 0 -31.2231 -28.7185 64 12357.9 307.902 188 0.000248502
12100 0.0389473 0.0366789 0.00226838 0 0.941758 239.198 228.43 10.7685 0 -31.203 -29.9892 64 12485.9 309.492 190 0.000193047
12200 0.035138 0.0335749 0.00156307 0 0.955516 242.751 231.787 10.9637 0 -31.2026 -31.1723 64 12549.9 310.284 191 0.000175785
12300 0.0421436 0.0404373 0.00170626 0 0.959513 247.005 235.831 11.1746 0 -31.1562 -28.5118 64 12677.9 311.863 193 0.00020952
12400 0.0299629 0.0291052 0.000857674 0 0.971375 250.029 238.741 11.2876 0 -31.1516 -30.7731 64 12741.9 312.649 194 0.000150027
12500 0.032625 0.0318641 0.000760939 0 0.976676 253.3 241.928 11.3724 0 -31.1526 -31.2278 64 12869.9 314.215 196 0.000162572
12600 0.0260251 0.0254443 0.000580774 0 0.977684 255.912 244.472 11.4397 0 -31.1635 -32.2256 64 12933.9 314.996 197 0.000129159
12700 0.0250817 0.0246945 0.000387137 0 0.984565 258.447 246.942 11.505 0 -31.1724 -32.0686 64 13061.9 316.55 199 0.000124093
12800 0.0256131 0.0248925 0.00072056 0 0.971867 261 249.431 11.5696 0 -31.1872 -32.6854 64 13189.9 318.098 201 0.000123843
12900 0.0234209 0.0229656 0.000455317 0 0.980559 263.352 251.727 11.6246 0 -31.2034 -33.0047 64 13253.9 318.868 202 0.000113691
13000 0.0211688 0.0204189 0.000749847 0 0.964578 265.433 253.769 11.6638 0 -31.2162 -32.8328 64 13381.9 320.405 204 0.000100093
13100 0.0280353 0.0271676 0.000867631 0 0.969052 268.218 256.486 11.732 0 -31.1988 -29.5411 64 13445.9 321.17 205 0.000132525
13200 0.0284725 0.0270011 0.00147135 0 0.948324 271.015 259.186 11.8288 0 -31.1768 -29.0691 64 13573.9 322.695 207 0.00013044
13300 0.0258196 0.025136 0.000683532 0 0.973527 273.627 261.7 11.9272 0 -31.1693 -30.3841 64 13637.9 323.455 208 0.000120846
13400 0.0217657 0.0213391 0.000426515 0 0.980404 275.819 263.834 11.9852 0 -31.1723 -31.5468 64 13765.9 324.969 210 0.000101615
13500 0.0196307 0.0192432 0.00038756 0 0.980257 277.791 265.758 12.0334 0 -31.1787 -32.0784 64 13829.9 325.724 211 9.11998e-05
13600 0.0271236 0.0260836 0.00104004 0 0.961656 280.482 268.366 12.1154 0 -31.176 -30.892 64 13957.9 327.228 213 0.000122458
13700 0.0231617 0.022406 0.000755704 0 0.967373 282.8 270.607 12.1925 0 -31.1803 -31.7096 64 14085.9 328.725 215 0.000104214
13800 0.0353987 0.0331967 0.00220196 0 0.937795 286.272 273.927 12.3452 0 -31.1518 -28.8273 64 14149.9 329.47 216 0.000153689
13900 0.0327623 0.0311616 0.00160063 0 0.951144 289.585 277.043 12.5421 0 -31.1335 -29.5556 64 14277.9 330.957 218 0.000142943
14000 0.0260589 0.0250706 0.000988288 0 0.962075 292.24 279.55 12.6903 0 -31.1318 -30.9419 64 14341.9 331.698 219 0.000114478
14100 0.0436279 0.0413426 0.00228529 0 0.947619 296.643 283.684 12.9584 0 -31.0726 -27.1429 64 14469.9 333.175 221 0.000187071
14200 0.0270521 0.0261308 0.000921278 0 0.965944 299.416 286.297 13.1188 0 -31.0644 -30.1901 64 14533.9 333.911 222 0.000117707
14300 0.0229419 0.0223442 0.000597739 0 0.973946 301.719 288.532 13.1878 0 -31.0684 -31.582 64 14661.9 335.378 224 9.97509e-05
14400 0.0195853 0.0194703 0.000115059 0 0.994125 303.693 290.479 13.2142 0 -31.0802 -32.8964 64 14789.9 336.839 226 8.61516e-05
14500 0.0196154 0.0194112 0.000204253 0 0.989587 305.658 292.42 13.2379 0 -31.0953 -33.4274 64 14853.9 337.567 227 8.55118e-05
14600 0.0180048 0.0175701 0.000434695 0 0.975857 307.429 294.177 13.2519 0 -31.1074 -33.1986 64 14981.9 339.018 229 7.67253e-05
14700 0.0209678 0.0201666 0.00080124 0 0.961787 309.512 296.193 13.3185 0 -31.1212 -33.1488 64 15045.9 339.742 230 8.76808e-05
14800 0.0318317 0.0304946 0.00133711 0 0.957994 312.693 299.243 13.4505 0 -31.1301 -32.0015 64 15173.9 341.184 232 0.000131442
14900 0.0227188 0.0220153 0.000703488 0 0.969035 315.001 301.444 13.5562 0 -31.1432 -32.9082 64 15237.9 341.903 233 9.44864e-05
15000 0.0251694 0.0234888 0.00168063 0 0.933227 317.448 303.793 13.655 0 -31.1457 -31.4733 64 15365.9 343.336 235 9.99524e-05
15100 0.0227408 0.0223248 0.000416044 0 0.981705 319.79 306.026 13.764 0 -31.161 -33.2273 64 15429.9 344.05 236 9.45966e-05
15200 0.0190293 0.0188089 0.000220417 0 0.988417 321.705 307.907 13.7981 0 -31.1782 -34.0583 64 15557.9 345.474 238 7.9029e-05
15300 0.0171812 0.0168965 0.000284748 0 0.983427 323.415 309.596 13.8183 0 -31.194 -34.1738 64 15685.9 346.892 240 7.04019e-05
15400 0.0160466 0.0160292 1.73421e-05 0 0.998919 325.03 311.199 13.8304 0 -31.2147 -35.3576 64 15749.9 347.599 241 6.65113e-05
15500 0.0225411 0.0218646 0.000676551 0 0.969986 327.275 313.386 13.8891 0 -31.2229 -32.4094 64 15877.9 349.009 243 8.99776e-05
15600 0.0269467 0.0258685 0.00107816 0 0.959989 329.955 315.973 13.9824 0 -31.2069 -29.2497 64 15941.9 349.711 244 0.000106018
15700 0.0252364 0.0240478 0.00118858 0 0.952902 332.475 318.377 14.0976 0 -31.193 -29.3711 64 16069.9 351.113 246 9.77555e-05
15800 0.0453552 0.0436788 0.0016764 0 0.963038 337.016 322.745 14.2708 0 -31.193 -31.1945 64 16133.9 351.811 247 0.000176837
15900 0.0341144 0.0326227 0.00149164 0 0.956275 340.431 326.008 14.4231 0 -31.2002 -31.9122 64 16261.9 353.204 249 0.000131015
16000 0.0278552 0.0267811 0.00107406 0 0.961441 343.22 328.686 14.5341 0 -31.2124 -32.694 64 16389.9 354.591 251 0.000106698
16100 0.0238257 0.0232478 0.000577898 0 0.975745 345.631 331.01 14.6211 0 -31.2294 -33.6534 64 16453.9 355.283 252 9.2253e-05
16200 0.0253766 0.0234821 0.00189446 0 0.925346 348.062 333.359 14.7033 0 -31.2327 -31.6987 64 16581.9 356.662 254 9.24492e-05
16300 0.0299897 0.0285858 0.00140397 0 0.953185 351.086 336.217 14.8692 0 -31.2393 -31.998 64 16645.9 357.35 255 0.000112101
16400 0.0254502 0.0244661 0.000984079 0 0.961333 353.662 338.664 14.9985 0 -31.2466 -32.2421 64 16773.9 358.721 257 9.51988e-05
16500 0.0214082 0.0208029 0.000605338 0 0.971724 355.811 340.744 15.0671 0 -31.2595 -33.3882 64 16837.9 359.405 258 8.06313e-05
16600 0.0290476 0.0271765 0.00187107 0 0.935586 358.611 343.462 15.1494 0 -31.2667 -32.1848 64 16965.9 360.768 260 0.000104525
16700 0.0291089 0.0279367 0.00117217 0 0.959731 361.53 346.255 15.275 0 -31.2833 -33.3181 64 17029.9 361.448 261 0.000107037
16800 0.0236941 0.0229293 0.000764864 0 0.967719 363.915 348.548 15.3667 0 -31.3034 -34.3484 64 17157.9 362.804 263 8.71835e-05
16900 0.0268986 0.0261367 0.000761889 0 0.971676 366.611 351.162 15.4488 0 -31.3197 -33.518 64 17285.9 364.155 265 9.86291e-05
17000 0.0294559 0.0278601 0.00159585 0 0.945822 369.507 353.948 15.5592 0 -31.3289 -32.5006 64 17349.9 364.828 266 0.000104737
17100 0.0307536 0.0296259 0.00112765 0 0.963333 372.609 356.911 15.6983 0 -31.3476 -33.58 64 17477.9 366.171 268 0.000110544
17200 0.027665 0.0270465 0.000618516 0 0.977643 375.399 359.615 15.7834 0 -31.3621 -33.2858 64 17541.9 366.841 269 0.000100544
17300 0.0345075 0.0330316 0.00147586 0 0.957231 378.781 362.918 15.8627 0 -31.3496 -29.9692 64 17669.9 368.177 271 0.000121888
17400 0.0363653 0.0355715 0.000793774 0 0.978172 382.442 366.476 15.9663 0 -31.3332 -29.6335 64 17733.9 368.843 272 0.000130778
17500 0.0389535 0.0374241 0.00152941 0 0.960737 386.329 370.218 16.1107 0 -31.3126 -29.286 64 17861.9 370.172 274 0.000136584
17600 0.0346468 0.0333431 0.00130362 0 0.962374 389.815 373.552 16.263 0 -31.3011 -30.0252 64 17989.9 371.496 276 0.000120808
17700 0.0311225 0.0301699 0.000952582 0 0.969393 392.946 376.569 16.3771 0 -31.2948 -30.5108 64 18053.9 372.156 277 0.000108917
17800 0.0313548 0.0302942 0.00106056 0 0.966176 396.064 379.599 16.4648 0 -31.2937 -31.153 64 18181.9 373.473 279 0.000108581
17900 0.0287689 0.0282201 0.000548737 0 0.980926 398.971 382.421 16.5506 0 -31.3026 -32.5202 64 18245.9 374.13 280 0.000100786
18000 0.028986 0.0282019 0.000784153 0 0.972947 401.875 385.241 16.634 0 -31.3025 -31.2826 64 18373.9 375.44 282 0.000100007
18100 0.0238354 0.0234635 0.000371982 0 0.984394 404.278 387.587 16.6904 0 -31.3115 -32.8206 64 18437.9 376.093 283 8.29098e-05
18200 0.0284902 0.027501 0.000989193 0 0.96528 407.113 390.337 16.7755 0 -31.3109 -31.2284 64 18565.9 377.396 285 9.64948e-05
18300 0.0416462 0.0404468 0.00119942 0 0.9712 411.285 394.382 16.9029 0 -31.3172 -31.9308 64 18629.9 378.046 286 0.000141422
18400 0.0371399 0.03574 0.0013999 0 0.962307 414.979 397.956 17.0227 0 -31.3152 -31.0929 64 18757.9 379.343 288 0.000124097
18500 0.0312468 0.0303063 0.000940459 0 0.969902 418.108 400.987 17.1214 0 -31.3173 -31.5943 64 18885.9 380.635 290 0.000104505
18600 0.0269018 0.0262994 0.000602331 0 0.97761 420.809 403.617 17.1928 0 -31.3265 -32.7546 64 18949.9 381.279 291 9.03761e-05
18700 0.0299796 0.0295156 0.000464021 0 0.984522 423.848 406.568 17.28 0 -31.3434 -33.6891 64 19077.9 382.565 293 0.000100736
18800 0.0235083 0.0232155 0.000292782 0 0.987546 426.206 408.89 17.3158 0 -31.3586 -34.085 64 19141.9 383.206 294 7.89644e-05
18900 0.0306093 0.029202 0.00140726 0 0.954025 429.212 411.81 17.4024 0 -31.3574 -31.1863 64 19269.9 384.485 296 9.86554e-05
19000 0.0258902 0.0252196 0.000670573 0 0.974099 431.826 414.332 17.494 0 -31.3672 -32.9831 64 19333.9 385.123 297 8.49146e-05
19100 0.0221374 0.021732 0.000405401 0 0.981687 434.042 416.505 17.5364 0 -31.3792 -33.7118 64 19461.9 386.396 299 7.26824e-05
19200 0.0199929 0.0198515 0.000141398 0 0.992928 436.056 418.49 17.5656 0 -31.393 -34.3682 64 19589.9 387.664 301 6.59519e-05
19300 0.0355534 0.0343922 0.00116124 0 0.967338 439.616 421.929 17.6868 0 -31.3811 -29.9179 64 19653.9 388.297 302 0.000113881
19400 0.0262959 0.0253297 0.000966218 0 0.963256 442.249 424.462 17.7865 0 -31.3829 -31.6952 64 19781.9 389.56 304 8.33212e-05
19500 0.0298012 0.0289606 0.000840564 0 0.971794 445.242 427.359 17.883 0 -31.391 -32.5772 64 19845.9 390.189 305 9.49529e-05
19600 0.0281752 0.0272444 0.000930867 0 0.966962 448.066 430.083 17.9829 0 -31.3956 -32.1219 64 19973.9 391.445 307 8.87439e-05
19700 0.0256627 0.024806 0.000856718 0 0.966616 450.637 432.564 18.0738 0 -31.4006 -32.2817 64 20037.9 392.072 308 8.0539e-05
19800 0.0234326 0.0228861 0.000546443 0 0.97668 452.999 434.852 18.1465 0 -31.4102 -33.2294 64 20165.9 393.322 310 7.38262e-05
19900 0.0215852 0.0210221 0.000563132 0 0.973911 455.158 436.954 18.2041 0 -31.4177 -32.9956 64 20229.9 393.946 311 6.75952e-05
20000 0.0289438 0.0276744 0.00126936 0 0.956144 458.044 439.722 18.3225 0 -31.4161 -31.1627 64 20357.9 395.19 313 8.84167e-05
