100 0.27791 0.253851 0.0240586 0 0.91343 26.9229 25.3851 1.5378 0 -26.9063 -26.9063 1 426.882 57.2261 101 0.00251338
200 0.465525 0.431944 0.0335808 0 0.927865 73.0231 68.5795 4.44355 0 -27.0159 -27.0799 1 526.882 63.5765 201 0.00214898
300 0.621488 0.580147 0.0413413 0 0.93348 134.917 126.594 8.32307 0 -27.3348 -27.7112 1 626.882 69.3478 301 0.0019274
400 0.668341 0.619981 0.0483596 0 0.927642 201.443 188.592 12.8504 0 -27.5662 -28.0355 1 726.882 74.6744 401 0.00154609
500 0.674371 0.623332 0.051039 0 0.924316 268.478 250.925 17.5521 0 -27.6605 -27.9436 1 826.882 79.6456 501 0.00124417
600 0.801826 0.746445 0.0553817 0 0.930931 348.611 325.57 23.0413 0 -27.7396 -28.005 1 926.882 84.3242 601 0.001242
700 0.902465 0.836544 0.0659214 0 0.926954 438.194 409.224 28.9692 0 -27.7038 -27.5643 1 1026.88 88.7565 701 0.00119336
800 0.917586 0.857862 0.0597249 0 0.934911 530.244 495.01 35.234 0 -27.7864 -28.1796 1 1126.88 92.9778 801 0.00107099
900 0.954801 0.890362 0.0644392 0 0.93251 625.615 584.047 41.5684 0 -27.8203 -28.009 1 1226.88 97.0156 901 0.000988193
1000 0.976589 0.917296 0.0592929 0 0.939286 723.532 675.776 47.7561 0 -27.8748 -28.2225 1 1326.88 100.892 1001 0.00091638
1100 0.9823 0.923652 0.058648 0 0.940295 821.947 768.141 53.8053 0 -27.9213 -28.2637 1 1426.88 104.625 1101 0.000838921
1200 0.993148 0.938631 0.054517 0 0.945107 921.601 862.005 59.5961 0 -28.0053 -28.6979 1 1526.88 108.229 1201 0.000781541
1300 0.96294 0.909237 0.0537033 0 0.94423 1018.05 952.928 65.1205 0 -28.098 -28.9833 1 1626.88 111.717 1301 0.000698875
1400 1.08368 1.02436 0.0593158 0 0.945264 1126.03 1055.36 70.6658 0 -28.1338 -28.4713 1 1726.88 115.099 1401 0.000731165
1500 1.10195 1.04434 0.0576162 0 0.947715 1236.43 1159.8 76.6325 0 -28.1981 -28.8541 1 1826.88 118.385 1501 0.000695762
1600 1.07 1.01286 0.0571317 0 0.946606 1343.55 1261.08 82.4669 0 -28.2373 -28.6899 1 1926.88 121.582 1601 0.000632645
1700 1.08084 1.01994 0.0609002 0 0.943655 1451.26 1363.08 88.178 0 -28.29 -28.9482 1 2026.88 124.696 1701 0.000599612
1800 1.15983 1.09694 0.062887 0 0.945779 1566.95 1472.77 94.1798 0 -28.3345 -28.892 1 2126.88 127.736 1801 0.000609074
1900 1.12726 1.06567 0.0615889 0 0.945364 1679.63 1579.34 100.294 0 -28.3974 -29.2717 1 2226.88 130.704 1901 0.000560582
2000 1.09516 1.0384 0.0567646 0 0.948168 1789.24 1683.18 106.064 0 -28.4656 -29.5115 1 2326.88 133.606 2001 0.00051894
2100 1.13404 1.07442 0.0596171 0 0.947429 1902.76 1790.62 112.143 0 -28.5248 -29.4572 1 2426.88 136.447 2101 0.000511384
2200 1.16744 1.10281 0.0646327 0 0.944637 2019.36 1900.9 118.454 0 -28.5612 -29.1558 1 2526.88 139.23 2201 0.000501048
2300 1.18593 1.12753 0.0584006 0 0.950756 2138.4 2013.66 124.742 0 -28.5987 -29.2342 1 2626.88 141.958 2301 0.000490019
2400 1.11342 1.05844 0.0549804 0 0.95062 2249.96 2119.5 130.456 0 -28.6421 -29.4739 1 2726.88 144.635 2401 0.000440834
2500 1.09369 1.04963 0.04406 0 0.959714 2360.17 2224.46 135.704 0 -28.7026 -29.9385 1 2826.88 147.263 2501 0.000419683
2600 1.11112 1.05753 0.0535836 0 0.951775 2471.04 2330.22 140.821 0 -28.7592 -29.9633 1 2926.88 149.845 2601 0.000406588
2700 1.1318 1.08003 0.0517639 0 0.954264 2584.23 2438.22 146.008 0 -28.808 -29.8727 1 3026.88 152.383 2701 0.000399864
2800 1.22607 1.16626 0.0598136 0 0.951215 2706.48 2554.84 151.638 0 -28.8392 -29.4994 1 3126.88 154.88 2801 0.000416372
2900 1.16512 1.11279 0.0523251 0 0.95509 2823.22 2666.12 157.093 0 -28.8837 -29.9168 1 3226.88 157.337 2901 0.00038359
3000 1.25724 1.19885 0.058391 0 0.953556 2948.81 2786.01 162.802 0 -28.9219 -29.7797 1 3326.88 159.757 3001 0.000399484
3100 1.31035 1.24964 0.0607036 0 0.953674 3080.15 2910.97 169.177 0 -28.972 -30.0976 1 3426.88 162.14 3101 0.00040298
3200 1.22476 1.16147 0.0632916 0 0.948323 3202.12 3027.12 175 0 -29.0164 -30.1358 1 3526.88 164.488 3201 0.000362845
3300 1.23725 1.17962 0.057628 0 0.953422 3326.21 3145.08 181.123 0 -29.0669 -30.372 1 3626.88 166.804 3301 0.000357352
3400 1.20728 1.15296 0.0543194 0 0.955007 3447.16 3260.38 186.783 0 -29.1247 -30.7144 1 3726.88 169.088 3401 0.000339005
3500 1.2268 1.16772 0.05908 0 0.951842 3569.5 3377.15 192.351 0 -29.1741 -30.5645 1 3826.88 171.342 3501 0.00033354
3600 1.20349 1.14733 0.0561657 0 0.953331 3689.89 3491.88 198.007 0 -29.2238 -30.6964 1 3926.88 173.566 3601 0.000318614
3700 1.26792 1.21027 0.0576457 0 0.954535 3816.79 3612.91 203.875 0 -29.2579 -30.2504 1 4026.88 175.762 3701 0.000327013
3800 1.2665 1.21162 0.05488 0 0.956668 3943.51 3734.07 209.434 0 -29.2906 -30.2768 1 4126.88 177.931 3801 0.000318765
3900 1.27414 1.22217 0.0519697 0 0.959212 4071.15 3856.29 214.859 0 -29.3168 -30.1242 1 4226.88 180.074 3901 0.000313297
4000 1.41828 1.34893 0.0693533 0 0.951101 4212.13 3991.18 220.945 0 -29.3288 -29.6767 1 4326.88 182.191 4001 0.000337148
4100 1.42969 1.36555 0.0641355 0 0.95514 4355.42 4127.74 227.679 0 -29.3516 -30.0218 1 4426.88 184.285 4101 0.000332981
4200 1.34216 1.28273 0.0594302 0 0.95572 4489.82 4256.01 233.812 0 -29.3803 -30.3087 1 4526.88 186.354 4201 0.000305339
4300 1.34045 1.28364 0.0568154 0 0.957615 4624.07 4384.38 239.693 0 -29.4015 -30.1123 1 4626.88 188.401 4301 0.000298451
4400 1.33104 1.27302 0.0580134 0 0.956415 4757.15 4511.68 245.47 0 -29.4262 -30.282 1 4726.88 190.427 4401 0.000289257
4500 1.23955 1.18781 0.0517344 0 0.958263 4881.26 4630.46 250.801 0 -29.4576 -30.6626 1 4826.88 192.43 4501 0.000263899
4600 1.27703 1.22142 0.055608 0 0.956455 5008.49 4752.6 255.888 0 -29.4808 -30.3706 1 4926.88 194.413 4601 0.000265468
4700 1.30979 1.25896 0.0508348 0 0.961189 5139.78 4878.5 261.287 0 -29.5113 -30.6766 1 5026.88 196.376 4701 0.000267806
4800 1.30471 1.25451 0.0502011 0 0.961523 5270.45 5003.95 266.503 0 -29.5369 -30.5431 1 5126.88 198.32 4801 0.000261301
4900 1.26532 1.21322 0.0520998 0 0.958825 5396.83 5125.27 271.562 0 -29.5636 -30.678 1 5226.88 200.245 4901 0.000247546
5000 1.36031 1.30331 0.0570026 0 0.958096 5532.58 5255.6 276.983 0 -29.5815 -30.2914 1 5326.88 202.151 5001 0.00026061
5100 1.38935 1.33529 0.0540583 0 0.961091 5671.85 5389.13 282.723 0 -29.6064 -30.5975 1 5426.88 204.04 5101 0.000261771
5200 1.48036 1.41657 0.0637948 0 0.956906 5819.87 5530.79 289.088 0 -29.6307 -30.5588 1 5526.88 205.911 5201 0.000272364
5300 1.47445 1.41222 0.0622237 0 0.957799 5967.41 5672.01 295.398 0 -29.6517 -30.4836 1 5626.88 207.766 5301 0.000266407
5400 1.51065 1.44324 0.0674109 0 0.955376 6118.23 5816.33 301.902 0 -29.6638 -30.1395 1 5726.88 209.604 5401 0.000267218
5500 1.52275 1.45518 0.0675698 0 0.955627 6270.37 5961.85 308.521 0 -29.6818 -30.4052 1 5826.88 211.426 5501 0.000264531
5600 1.46882 1.41145 0.0573718 0 0.96094 6417.85 6103 314.857 0 -29.7046 -30.6749 1 5926.88 213.232 5601 0.000251999
5700 1.38655 1.33373 0.0528215 0 0.961904 6557.04 6236.37 320.667 0 -29.729 -30.8565 1 6026.88 215.024 5701 0.000233947
5800 1.51515 1.45566 0.0594857 0 0.960739 6708.69 6381.94 326.752 0 -29.7478 -30.5609 1 6126.88 216.8 5801 0.000250933
5900 1.46169 1.40463 0.057059 0 0.960964 6854.85 6522.4 332.447 0 -29.771 -30.8319 1 6226.88 218.562 5901 0.000238032
6000 1.4541 1.40275 0.0513549 0 0.964683 7000.82 6662.67 338.15 0 -29.7954 -30.9425 1 6326.88 220.31 6001 0.000233752
6100 1.35168 1.30073 0.0509511 0 0.962305 7135.92 6792.75 343.172 0 -29.8181 -30.9931 1 6426.88 222.045 6101 0.000213199
6200 1.43104 1.37684 0.0541987 0 0.962126 7278.9 6930.43 348.468 0 -29.8414 -31.0059 1 6526.88 223.765 6201 0.000222035
6300 1.38529 1.32993 0.0553582 0 0.960039 7417.2 7063.42 353.774 0 -29.8649 -31.1028 1 6626.88 225.473 6301 0.000211067
6400 1.50671 1.44819 0.058518 0 0.961162 7568.06 7208.24 359.814 0 -29.8802 -30.633 1 6726.88 227.168 6401 0.000226245
6500 1.46666 1.40705 0.0596164 0 0.959352 7714.7 7348.95 365.755 0 -29.896 -30.7081 1 6826.88 228.85 6501 0.000216436
6600 1.44399 1.38645 0.0575397 0 0.960152 7858.87 7487.59 371.275 0 -29.9157 -30.9714 1 6926.88 230.52 6601 0.000210036
6700 1.48534 1.42525 0.060088 0 0.959546 8007.25 7630.12 377.132 0 -29.9306 -30.7229 1 7026.88 232.178 6701 0.000212692
6800 1.48306 1.42448 0.058576 0 0.960503 8155.63 7772.56 383.066 0 -29.9434 -30.63 1 7126.88 233.824 6801 0.000209452
6900 1.50606 1.44676 0.0593036 0 0.960623 8306.28 7917.24 389.037 0 -29.9592 -30.8177 1 7226.88 235.459 6901 0.000209645
7000 1.49139 1.43219 0.0591947 0 0.960309 8455.43 8060.46 394.97 0 -29.969 -30.511 1 7326.88 237.083 7001 0.00020457
7100 1.49791 1.4385 0.0594076 0 0.96034 8605.19 8204.31 400.885 0 -29.9782 -30.5019 1 7426.88 238.695 7101 0.000202577
7200 1.43569 1.38138 0.0543056 0 0.962175 8749.26 8342.45 406.808 0 -29.9921 -30.8192 1 7526.88 240.297 7201 0.000191832
7300 1.43991 1.38275 0.0571656 0 0.960299 8893.34 8480.72 412.618 0 -30.0006 -30.5176 1 7626.88 241.888 7301 0.000189391
7400 1.49824 1.43585 0.0623894 0 0.958358 9042.91 8624.31 418.598 0 -29.9998 -29.9496 1 7726.88 243.468 7401 0.000194008
7500 1.43297 1.37647 0.0564956 0 0.960574 9186.32 8761.96 424.362 0 -30.0064 -30.4234 1 7826.88 245.039 7501 0.000183505
7600 1.44094 1.38525 0.0556937 0 0.961349 9330.56 8900.48 430.085 0 -30.0117 -30.3527 1 7926.88 246.599 7601 0.000182245
7700 1.4057 1.34736 0.0583402 0 0.958497 9470.86 9035.22 435.641 0 -30.0211 -30.6476 1 8026.88 248.15 7701 0.000174959
7800 1.40321 1.3473 0.0559049 0 0.960159 9611.17 9169.95 441.224 0 -30.0336 -30.8758 1 8126.88 249.691 7801 0.000172709
7900 1.44903 1.39391 0.05512 0 0.961961 9756.09 9309.34 446.753 0 -30.0469 -30.9313 1 8226.88 251.222 7901 0.000176422
8000 1.4591 1.40366 0.0554384 0 0.962005 9902.11 9449.7 452.403 0 -30.0619 -31.0591 1 8326.88 252.744 8001 0.000175436
8100 1.44061 1.3874 0.0532093 0 0.963065 10046.4 9588.44 457.963 0 -30.0753 -30.9966 1 8426.88 254.257 8101 0.000171263
8200 1.45374 1.40068 0.0530613 0 0.9635 10192 9728.51 463.491 0 -30.0878 -30.9513 1 8526.88 255.762 8201 0.000170794
8300 1.48611 1.42885 0.0572617 0 0.961469 10340.7 9871.4 469.282 0 -30.1002 -30.9471 1 8626.88 257.257 8301 0.00017213
8400 1.45355 1.39379 0.0597594 0 0.958887 10485.8 10010.8 475.003 0 -30.1124 -30.981 1 8726.88 258.744 8401 0.000165907
8500 1.45356 1.39814 0.0554173 0 0.961875 10631.2 10150.6 480.62 0 -30.1245 -31.0014 1 8826.88 260.222 8501 0.000164467
8600 1.50558 1.44946 0.0561148 0 0.962729 10782.2 10295.5 486.634 0 -30.1353 -30.8923 1 8926.88 261.692 8601 0.000168523
8700 1.44147 1.38394 0.0575269 0 0.960091 10926.2 10433.9 492.229 0 -30.1477 -31.0816 1 9026.88 263.153 8701 0.000159056
8800 1.44434 1.39013 0.0542064 0 0.96247 11070.6 10572.9 497.624 0 -30.1569 -30.8529 1 9126.88 264.607 8801 0.000157952
8900 1.5109 1.44979 0.0611137 0 0.959551 11221.4 10717.9 503.482 0 -30.1674 -30.9374 1 9226.88 266.053 8901 0.000162879
9000 1.56781 1.5074 0.0604057 0 0.961471 11378.5 10868.7 509.791 0 -30.1798 -31.0622 1 9326.88 267.49 9001 0.00016747
9100 1.51135 1.45168 0.0596704 0 0.960518 11529.7 11013.8 515.847 0 -30.1936 -31.2349 1 9426.88 268.921 9101 0.000159508
9200 1.44723 1.39078 0.0564435 0 0.960999 11674.2 11152.9 521.331 0 -30.2084 -31.3842 1 9526.88 270.343 9201 0.000151156
9300 1.491 1.43753 0.0534702 0 0.964138 11823.5 11296.7 526.821 0 -30.221 -31.2121 1 9626.88 271.758 9301 0.000154556
9400 1.47314 1.42469 0.0484523 0 0.967109 11971.3 11439.1 532.156 0 -30.236 -31.4298 1 9726.88 273.166 9401 0.000151546
9500 1.5063 1.44989 0.0564066 0 0.962553 12121.7 11584.1 537.626 0 -30.2453 -30.9896 1 9826.88 274.567 9501 0.000152604
9600 1.5736 1.51393 0.059675 0 0.962077 12279.2 11735.5 543.656 0 -30.2563 -31.1041 1 9926.88 275.96 9601 0.000157684
9700 1.45892 1.40695 0.0519732 0 0.964376 12425.4 11876.2 549.201 0 -30.2685 -31.2896 1 10026.9 277.347 9701 0.000145031
9800 1.4936 1.43835 0.0552587 0 0.963003 12574.8 12020 554.742 0 -30.2795 -31.1934 1 10126.9 278.726 9801 0.000146755
9900 1.51426 1.45609 0.0581613 0 0.961591 12726.2 12165.6 560.507 0 -30.2916 -31.3031 1 10226.9 280.099 9901 0.000147065
10000 1.54387 1.48002 0.0638481 0 0.958644 12880.2 12313.7 566.538 0 -30.3031 -31.2534 1 10326.9 281.465 10001 0.000147987
10100 1.53041 1.47317 0.0572403 0 0.962598 13033.5 12461 572.563 0 -30.3173 -31.5083 1 10426.9 282.825 10101 0.000145844
10200 1.59597 1.53673 0.0592379 0 0.962883 13193.3 12614.6 578.676 0 -30.3311 -31.4514 1 10526.9 284.178 10201 0.000150645
10300 1.54794 1.48961 0.0583248 0 0.962321 13348.3 12763.6 584.666 0 -30.342 -31.2716 1 10626.9 285.524 10301 0.000144609
10400 1.5109 1.45749 0.0534135 0 0.964648 13499.8 12909.4 590.454 0 -30.3548 -31.4842 1 10726.9 286.865 10401 0.00014013
10500 1.53053 1.47094 0.0595896 0 0.961066 13652.5 13056.4 596.081 0 -30.367 -31.4437 1 10826.9 288.199 10501 0.000140076
10600 1.55517 1.4945 0.060676 0 0.960984 13807.7 13205.9 601.846 0 -30.3744 -31.0229 1 10926.9 289.526 10601 0.000140977
10700 1.59484 1.52944 0.0654024 0 0.958991 13966.6 13358.8 607.787 0 -30.3793 -30.8092 1 11026.9 290.848 10701 0.000142925
10800 1.63282 1.56941 0.0634123 0 0.961164 14129.7 13515.8 613.957 0 -30.3835 -30.7403 1 11126.9 292.164 10801 0.000145302
10900 1.63511 1.57172 0.0633954 0 0.961229 14293.5 13673 620.535 0 -30.3875 -30.7359 1 11226.9 293.474 10901 0.000144181
11000 1.61737 1.55594 0.0614354 0 0.962015 14455.4 13828.5 626.853 0 -30.3944 -31.0048 1 11326.9 294.778 11001 0.000141436
11100 1.52515 1.47121 0.0539367 0 0.964635 14608.4 13975.7 632.708 0 -30.4035 -31.2586 1 11426.9 296.076 11101 0.00013253
11200 1.57204 1.51561 0.0564291 0 0.964105 14765.6 14127.2 638.368 0 -30.4134 -31.3387 1 11526.9 297.369 11201 0.00013531
11300 1.56645 1.50533 0.0611247 0 0.960979 14921.9 14277.8 644.125 0 -30.4189 -30.9386 1 11626.9 298.656 11301 0.000133203
11400 1.56014 1.508 0.0521393 0 0.96658 15078.5 14428.6 649.947 0 -30.4266 -31.1586 1 11726.9 299.938 11401 0.000132269
11500 1.553 1.49458 0.0584161 0 0.962385 15233.4 14578 655.382 0 -30.4328 -31.0341 1 11826.9 301.214 11501 0.000129952
11600 1.54812 1.49843 0.0496873 0 0.967905 15388.7 14727.9 660.833 0 -30.4435 -31.4954 1 11926.9 302.485 11601 0.000129164
11700 1.59327 1.53396 0.0593095 0 0.962775 15547.5 14881.3 666.269 0 -30.4512 -31.1983 1 12026.9 303.75 11701 0.000131097
11800 1.63543 1.57228 0.0631545 0 0.961384 15710.9 15038.5 672.425 0 -30.4561 -30.9236 1 12126.9 305.01 11801 0.000133233
11900 1.60343 1.54781 0.0556136 0 0.965316 15871.8 15193.3 678.576 0 -30.4654 -31.3694 1 12226.9 306.265 11901 0.000130057
12000 1.56855 1.50702 0.061531 0 0.960772 16028.3 15344 684.365 0 -30.4764 -31.5927 1 12326.9 307.515 12001 0.000125574
12100 1.6198 1.5598 0.0600013 0 0.962958 16190.4 15499.9 690.402 0 -30.4852 -31.3544 1 12426.9 308.76 12101 0.000128898
12200 1.53743 1.48295 0.054482 0 0.964563 16344.2 15648.2 695.941 0 -30.4952 -31.5499 1 12526.9 310 12201 0.000121543
12300 1.60106 1.54189 0.0591747 0 0.96304 16504.3 15802.4 701.821 0 -30.5021 -31.204 1 12626.9 311.235 12301 0.000125347
12400 1.57998 1.51901 0.0609772 0 0.961406 16662.3 15954.3 707.938 0 -30.5099 -31.3263 1 12726.9 312.465 12401 0.000122491
12500 1.58978 1.53037 0.0594137 0 0.962628 16821.2 16107.4 713.858 0 -30.5154 -31.0905 1 12826.9 313.69 12501 0.00012242
12600 1.60719 1.54959 0.0576022 0 0.96416 16982.1 16262.3 719.78 0 -30.5215 -31.1634 1 12926.9 314.91 12601 0.000122973
12700 1.61276 1.55402 0.0587387 0 0.963579 17143.5 16417.7 725.798 0 -30.5288 -31.2935 1 13026.9 316.126 12701 0.000122354
12800 1.5278 1.47396 0.0538394 0 0.96476 17296.3 16565.1 731.141 0 -30.5377 -31.5323 1 13126.9 317.337 12801 0.000115144
12900 1.5596 1.49841 0.0611842 0 0.960769 17451.5 16715 736.504 0 -30.5423 -31.0646 1 13226.9 318.544 12901 0.000116147
13000 1.59889 1.54376 0.0551252 0 0.965523 17611.5 16869.3 742.196 0 -30.5504 -31.4342 1 13326.9 319.745 13001 0.000118742
13100 1.55104 1.49802 0.0530194 0 0.965817 17766.7 17019.1 747.571 0 -30.5595 -31.5823 1 13426.9 320.943 13101 0.000114344
13200 1.66482 1.60161 0.0632082 0 0.962033 17932.6 17179.3 753.307 0 -30.5653 -31.1935 1 13526.9 322.136 13201 0.000121325
13300 1.64167 1.58618 0.0554835 0 0.966203 18097.2 17337.9 759.323 0 -30.574 -31.5226 1 13626.9 323.324 13301 0.000119253
13400 1.5679 1.51199 0.0559157 0 0.964337 18254 17489.1 764.871 0 -30.5821 -31.5187 1 13726.9 324.508 13401 0.000112827
13500 1.50941 1.46158 0.0478229 0 0.968317 18405.3 17635.3 769.977 0 -30.5921 -31.7969 1 13826.9 325.688 13501 0.000108257
13600 1.54237 1.49148 0.0508854 0 0.967008 18559.4 17784.4 775.015 0 -30.6019 -31.7723 1 13926.9 326.864 13601 0.00010966
13700 1.53504 1.4845 0.0505347 0 0.967079 18712.8 17932.9 779.959 0 -30.6135 -32.0164 1 14026.9 328.035 13701 0.00010835
13800 1.47967 1.43302 0.0466457 0 0.968476 18860.8 18076.2 784.653 0 -30.6259 -32.1869 1 14126.9 329.203 13801 0.000103835
13900 1.53208 1.48101 0.0510722 0 0.966665 19014 18224.3 789.715 0 -30.6345 -31.7023 1 14226.9 330.366 13901 0.00010654
14000 1.57435 1.51957 0.0547777 0 0.965206 19171.4 18376.2 795.131 0 -30.6426 -31.6141 1 14326.9 331.525 14001 0.000108533
14100 1.59261 1.53431 0.0582929 0 0.963398 19330.6 18529.7 800.97 0 -30.6511 -31.6705 1 14426.9 332.68 14101 0.000108809
14200 1.58617 1.53214 0.0540299 0 0.965937 19489.8 18682.9 806.946 0 -30.6613 -31.9019 1 14526.9 333.831 14201 0.00010789
14300 1.58338 1.52837 0.0550161 0 0.965254 19648.3 18835.7 812.565 0 -30.6713 -31.9103 1 14626.9 334.978 14301 0.000106871
14400 1.63415 1.57359 0.0605633 0 0.962939 19811.7 18993.1 818.572 0 -30.6798 -31.7004 1 14726.9 336.121 14401 0.00010927
14500 1.62259 1.56668 0.0559137 0 0.96554 19974.3 19149.8 824.554 0 -30.6894 -31.8558 1 14826.9 337.26 14501 0.000108039
14600 1.56812 1.51499 0.0531304 0 0.966118 20131.4 19301.3 830.129 0 -30.6992 -31.9491 1 14926.9 338.396 14601 0.000103759
14700 1.61153 1.55838 0.0531495 0 0.967019 20292.9 19457.1 835.765 0 -30.7106 -32.1255 1 15026.9 339.527 14701 0.000106005
14800 1.65235 1.5942 0.0581461 0 0.96481 20458.1 19616.5 841.55 0 -30.7225 -32.1836 1 15126.9 340.655 14801 0.000107709
14900 1.6168 1.5597 0.0571058 0 0.96468 20619.7 19772.5 847.238 0 -30.7322 -31.9594 1 15226.9 341.779 14901 0.000104671
15000 1.60885 1.54997 0.0588826 0 0.963401 20780.5 19927.5 853.057 0 -30.7422 -32.0222 1 15326.9 342.9 15001 0.000103324
15100 1.52167 1.46756 0.0541121 0 0.964439 20932.6 20074.2 858.406 0 -30.7527 -32.1954 1 15426.9 344.016 15101 9.71827e-05
15200 1.48593 1.43623 0.0496973 0 0.966555 21081.3 20217.9 863.451 0 -30.7642 -32.3781 1 15526.9 345.13 15201 9.44825e-05
15300 1.5056 1.45511 0.0504848 0 0.966469 21231.8 20363.4 868.386 0 -30.7754 -32.3421 1 15626.9 346.239 15301 9.50992e-05
15400 1.52514 1.47076 0.0543824 0 0.964343 21384.1 20510.4 873.682 0 -30.7844 -32.0475 1 15726.9 347.345 15401 9.54978e-05
15500 1.52901 1.47676 0.052251 0 0.965827 21537.3 20658.1 879.162 0 -30.7936 -32.072 1 15826.9 348.448 15501 9.52686e-05
15600 1.50088 1.45034 0.0505437 0 0.966324 21687.6 20803.2 884.457 0 -30.8044 -32.3576 1 15926.9 349.547 15601 9.29646e-05
15700 1.5359 1.48374 0.052158 0 0.966041 21841.4 20951.5 889.894 0 -30.8147 -32.2594 1 16026.9 350.643 15701 9.44998e-05
15800 1.51927 1.46549 0.0537839 0 0.964599 21993.3 21098.1 895.266 0 -30.824 -32.1683 1 16126.9 351.735 15801 9.27464e-05
15900 1.55645 1.50222 0.0542248 0 0.965161 22148.9 21248.3 900.625 0 -30.8316 -31.903 1 16226.9 352.824 15901 9.44734e-05
16000 1.58866 1.53659 0.0520654 0 0.967227 22308.1 21402 906.187 0 -30.8413 -32.1938 1 16326.9 353.909 16001 9.6031e-05
16100 1.59432 1.5366 0.0577264 0 0.963793 22467.3 21555.6 911.699 0 -30.85 -32.0623 1 16426.9 354.991 16101 9.54348e-05
16200 1.65655 1.59117 0.0653769 0 0.960534 22632.5 21714.7 917.785 0 -30.8566 -31.7545 1 16526.9 356.07 16201 9.82144e-05
16300 1.69629 1.6372 0.0590892 0 0.965166 22802.6 21878.5 924.102 0 -30.8633 -31.7575 1 16626.9 357.146 16301 0.000100435
16400 1.72282 1.66173 0.0610938 0 0.964539 22975.1 22044.6 930.442 0 -30.8691 -31.6331 1 16726.9 358.218 16401 0.000101319
16500 1.70431 1.64501 0.059297 0 0.965208 23145.7 22209.1 936.552 0 -30.874 -31.5413 1 16826.9 359.287 16501 9.96916e-05
16600 1.72204 1.65953 0.0625104 0 0.9637 23318 22375.1 942.881 0 -30.8788 -31.515 1 16926.9 360.353 16601 9.99657e-05
16700 1.63709 1.57329 0.0637989 0 0.961029 23481.3 22532.4 948.86 0 -30.8847 -31.7371 1 17026.9 361.416 16701 9.42034e-05
16800 1.65817 1.60145 0.0567265 0 0.96579 23647.3 22692.6 954.743 0 -30.8912 -31.8016 1 17126.9 362.476 16801 9.53185e-05
16900 1.66466 1.60194 0.0627183 0 0.962324 23813.3 22852.7 960.553 0 -30.8971 -31.7352 1 17226.9 363.533 16901 9.47839e-05
17000 1.69143 1.63059 0.0608409 0 0.96403 23982.7 23015.8 966.876 0 -30.9024 -31.6503 1 17326.9 364.586 17001 9.59115e-05
17100 1.6445 1.58748 0.0570215 0 0.965326 24147.4 23174.6 972.875 0 -30.9091 -31.8939 1 17426.9 365.637 17101 9.28298e-05
17200 1.65965 1.59689 0.0627553 0 0.962188 24313.2 23334.2 978.965 0 -30.9148 -31.7343 1 17526.9 366.684 17201 9.28372e-05
17300 1.64064 1.58402 0.0566275 0 0.965485 24477.7 23492.6 985.084 0 -30.9204 -31.7565 1 17626.9 367.729 17301 9.15564e-05
17400 1.63567 1.57999 0.0556724 0 0.965963 24641.5 23650.6 990.831 0 -30.9276 -32.0039 1 17726.9 368.771 17401 9.0799e-05
17500 1.63858 1.57983 0.0587538 0 0.964143 24805.2 23808.6 996.549 0 -30.9319 -31.5781 1 17826.9 369.809 17501 9.02706e-05
17600 1.60806 1.55301 0.0550455 0 0.965769 24966.2 23963.9 1002.27 0 -30.9372 -31.7442 1 17926.9 370.845 17601 8.82343e-05
17700 1.60228 1.54455 0.0577338 0 0.963968 25126.4 24118.4 1008.05 0 -30.9431 -31.8767 1 18026.9 371.878 17701 8.72578e-05
17800 1.64104 1.58044 0.0605995 0 0.963073 25290.4 24276.4 1013.95 0 -30.9494 -31.908 1 18126.9 372.908 17801 8.8784e-05
17900 1.63242 1.57596 0.0564552 0 0.965416 25453.9 24434 1019.83 0 -30.9556 -31.9213 1 18226.9 373.935 17901 8.80377e-05
18000 1.69464 1.62948 0.0651629 0 0.961548 25622.8 24597 1025.83 0 -30.9603 -31.6614 1 18326.9 374.959 18001 9.05215e-05
18100 1.65131 1.59155 0.0597585 0 0.963812 25788.1 24756.1 1031.93 0 -30.9649 -31.6714 1 18426.9 375.981 18101 8.79262e-05
18200 1.61693 1.55713 0.0598042 0 0.963014 25949.7 24911.8 1037.86 0 -30.9711 -31.9715 1 18526.9 377 18201 8.55517e-05
18300 1.66492 1.60248 0.0624437 0 0.962495 26115.8 25072.1 1043.75 0 -30.9773 -31.9353 1 18626.9 378.016 18301 8.75623e-05
18400 1.7163 1.65324 0.0630652 0 0.963255 26287.5 25237.4 1050.11 0 -30.9828 -31.8254 1 18726.9 379.029 18401 8.9845e-05
18500 1.77564 1.70672 0.0689206 0 0.961186 26464.8 25408.1 1056.72 0 -30.9881 -31.7765 1 18826.9 380.04 18501 9.22502e-05
18600 1.72108 1.65427 0.0668041 0 0.961185 26636.6 25573.5 1063.13 0 -30.9933 -31.7866 1 18926.9 381.048 18601 8.89346e-05
18700 1.75119 1.68772 0.0634695 0 0.963756 26812 25742.3 1069.72 0 -30.9983 -31.7677 1 19026.9 382.053 18701 9.02476e-05
18800 1.798 1.72874 0.0692536 0 0.961483 26991.6 25915.2 1076.48 0 -31.0041 -31.8712 1 19126.9 383.056 18801 9.19494e-05
18900 1.75257 1.68893 0.0636346 0 0.963691 27167.2 26084 1083.16 0 -31.0097 -31.8642 1 19226.9 384.056 18901 8.93569e-05
19000 1.7707 1.70093 0.0697758 0 0.960594 27343.8 26254.1 1089.67 0 -31.0135 -31.5974 1 19326.9 385.053 19001 8.95177e-05
19100 1.80894 1.7423 0.0666463 0 0.963157 27524.9 26428.4 1096.56 0 -31.0191 -31.8609 1 19426.9 386.048 19101 9.1215e-05
19200 1.74241 1.68107 0.0613482 0 0.964791 27699.5 26596.5 1103 0 -31.0253 -32.0157 1 19526.9 387.041 19201 8.7551e-05
19300 1.73751 1.67547 0.0620393 0 0.964294 27873.3 26764 1109.32 0 -31.0308 -31.8943 1 19626.9 388.03 19301 8.68075e-05
19400 1.76573 1.70132 0.0644059 0 0.963524 28049.9 26934.2 1115.75 0 -31.0355 -31.7783 1 19726.9 389.018 19401 8.76925e-05
19500 1.72696 1.66598 0.0609799 0 0.96469 28222.7 27100.8 1121.96 0 -31.0414 -31.9973 1 19826.9 390.002 19501 8.54307e-05
19600 1.68067 1.62545 0.0552197 0 0.967144 28391.1 27263.3 1127.79 0 -31.048 -32.1664 1 19926.9 390.985 19601 8.29267e-05
19700 1.67397 1.61768 0.0562922 0 0.966372 28558.5 27425.1 1133.4 0 -31.0539 -32.0492 1 20026.9 391.964 19701 8.21116e-05
19800 1.74548 1.68793 0.0575497 0 0.967029 28733.2 27593.9 1139.3 0 -31.0597 -32.0098 1 20126.9 392.942 19801 8.52447e-05
19900 1.7548 1.6983 0.056499 0 0.967803 28908.8 27763.7 1145.13 0 -31.065 -31.9371 1 20226.9 393.917 19901 8.53374e-05
20000 1.78427 1.71895 0.0653216 0 0.96339 29086.6 27935.6 1151.05 0 -31.0685 -31.6242 1 20325.9 394.88 20000 8.59475e-05
