100 0.0183499 0.0170155 0.00133445 0 0.927278 1.81958 1.70155 0.118027 0 -26.922 -26.922 8 429.882 57.4268 13 0.00130888
200 0.0227267 0.0205329 0.00219371 0 0.903474 4.0645 3.75484 0.309662 0 -27.4442 -27.8675 8 533.882 63.9974 26 0.000789729
300 0.0446887 0.041817 0.0028717 0 0.93574 8.60422 7.93654 0.66768 0 -27.4324 -27.4217 8 629.882 69.5136 38 0.00110045
400 0.0833781 0.0777674 0.00561075 0 0.932707 16.9058 15.7133 1.19253 0 -27.4662 -27.5013 8 733.882 75.0331 51 0.00152485
500 0.0693635 0.0609461 0.00841748 0 0.878647 23.5096 21.8079 1.70174 0 -27.1487 -26.336 8 829.882 79.7899 63 0.000967398
600 0.113659 0.106102 0.0075574 0 0.933508 34.9992 32.4181 2.58111 0 -27.4069 -27.9352 8 933.882 84.642 76 0.00139608
700 0.0805008 0.0737706 0.00673026 0 0.916395 43.099 39.7951 3.30385 0 -27.5772 -28.3129 8 1029.88 88.8861 88 0.000838302
800 0.0857172 0.0796965 0.00602074 0 0.92976 51.7172 47.7648 3.9524 0 -27.8201 -29.0346 8 1133.88 93.2661 101 0.000789074
900 0.0764043 0.071396 0.00500836 0 0.934449 59.4276 54.9044 4.52321 0 -28.0427 -29.5363 8 1229.88 97.1341 113 0.000631823
1000 0.0760695 0.0717066 0.00436289 0 0.942646 67.0935 62.075 5.01843 0 -28.1718 -29.1728 8 1333.88 101.158 126 0.0005691
1100 0.121225 0.11545 0.00577513 0 0.95236 79.2947 73.62 5.67473 0 -28.389 -29.5828 8 1429.88 104.735 138 0.000836591
1200 0.136191 0.128154 0.00803751 0 0.940984 92.8762 86.4354 6.44087 0 -28.468 -28.9297 8 1533.88 108.477 151 0.000848701
1300 0.109189 0.102623 0.0065661 0 0.939865 103.795 96.6977 7.0968 0 -28.5847 -29.5776 8 1629.88 111.82 163 0.000629591
1400 0.105576 0.100065 0.00551149 0 0.947796 114.451 106.704 7.74677 0 -28.7192 -30.0285 8 1733.88 115.332 176 0.000568548
1500 0.108244 0.102861 0.00538346 0 0.950266 125.301 116.99 8.31043 0 -28.8036 -29.6948 8 1829.88 118.482 188 0.000547131
1600 0.0904504 0.0857564 0.00469405 0 0.948104 134.409 125.566 8.84328 0 -28.8827 -29.97 8 1933.88 121.802 201 0.000426649
1700 0.172601 0.16269 0.00991068 0 0.94258 151.457 141.835 9.62213 0 -28.7889 -28.0494 8 2029.88 124.789 213 0.000763803
1800 0.143787 0.136396 0.00739142 0 0.948595 165.97 155.474 10.4953 0 -28.708 -27.8633 8 2133.88 127.946 226 0.000603521
1900 0.173594 0.165139 0.00845542 0 0.951292 183.406 171.988 11.4181 0 -28.5605 -27.157 8 2229.88 130.792 238 0.00069386
2000 0.161272 0.152917 0.00835518 0 0.948192 199.533 187.28 12.2527 0 -28.5279 -28.1574 8 2333.88 133.807 251 0.00060923
2100 0.176622 0.166457 0.0101649 0 0.942449 217.122 203.926 13.1958 0 -28.5219 -28.4532 8 2429.88 136.531 263 0.000632918
2200 0.16636 0.158709 0.00765091 0 0.95401 233.892 219.797 14.0949 0 -28.5035 -28.2658 8 2533.88 139.423 276 0.000575034
2300 0.15448 0.146337 0.00814314 0 0.947287 249.304 234.43 14.8741 0 -28.4904 -28.292 8 2629.88 142.039 288 0.000508115
2400 0.150779 0.141656 0.00912263 0 0.939497 264.388 248.596 15.7918 0 -28.4869 -28.4284 8 2733.88 144.82 301 0.000470618
2500 0.144592 0.136596 0.00799593 0 0.9447 278.929 262.256 16.6731 0 -28.4974 -28.6885 8 2829.88 147.341 313 0.000436408
2600 0.165707 0.155712 0.00999434 0 0.939687 295.383 277.827 17.5563 0 -28.4701 -28.008 8 2933.88 150.024 326 0.000477645
2700 0.146204 0.138794 0.00740986 0 0.949318 310.148 291.706 18.442 0 -28.4985 -29.0658 8 3029.88 152.459 338 0.000410632
2800 0.141843 0.134607 0.00723579 0 0.948987 324.336 305.167 19.1688 0 -28.5305 -29.2307 8 3133.88 155.053 351 0.000383497
2900 0.153296 0.145085 0.00821088 0 0.946438 339.606 319.675 19.9309 0 -28.579 -29.6078 8 3229.88 157.41 363 0.000399684
3000 0.150899 0.143698 0.00720183 0 0.952274 354.685 334.045 20.6401 0 -28.6033 -29.1524 8 3333.88 159.925 376 0.000382175
3100 0.176778 0.166906 0.00987158 0 0.944158 372.148 350.736 21.4125 0 -28.6482 -29.5586 8 3429.88 162.211 388 0.000430171
3200 0.179391 0.169768 0.00962297 0 0.946358 389.968 367.713 22.255 0 -28.7259 -30.3494 8 3533.88 164.652 401 0.000423362
3300 0.227055 0.214472 0.0125831 0 0.944581 412.526 389.16 23.3658 0 -28.8104 -30.2717 8 3629.88 166.873 413 0.000519303
3400 0.22484 0.215014 0.00982654 0 0.956295 435.254 410.661 24.5923 0 -28.8327 -29.2373 8 3733.88 169.247 426 0.000504728
3500 0.188651 0.177946 0.0107057 0 0.943252 454.112 428.456 25.6563 0 -28.8721 -29.7797 8 3829.88 171.409 438 0.000406268
3600 0.173096 0.1638 0.00929545 0 0.946299 471.451 444.836 26.6155 0 -28.8901 -29.3618 8 3933.88 173.72 451 0.000363193
3700 0.198353 0.188831 0.0095219 0 0.951995 491.355 463.719 27.6365 0 -28.9038 -29.2303 8 4029.88 175.827 463 0.000407842
3800 0.180385 0.171728 0.00865706 0 0.952008 509.393 480.892 28.501 0 -28.9327 -29.7199 8 4133.88 178.082 476 0.000360772
3900 0.183293 0.174207 0.00908608 0 0.950429 527.668 498.312 29.3555 0 -28.9527 -29.5103 8 4229.88 180.138 488 0.000356982
4000 0.196844 0.187274 0.00957041 0 0.951381 547.392 517.04 30.3522 0 -28.9876 -29.9197 8 4333.88 182.339 501 0.0003738
4100 0.179111 0.170397 0.00871414 0 0.951348 565.335 534.079 31.2559 0 -29.0291 -30.295 8 4429.88 184.347 513 0.000332158
4200 0.184905 0.175102 0.00980378 0 0.946979 583.765 551.59 32.1752 0 -29.0627 -30.0943 8 4533.88 186.498 526 0.000332893
4300 0.167808 0.159565 0.00824336 0 0.950876 600.582 567.546 33.0361 0 -29.1036 -30.5225 8 4629.88 188.463 538 0.000296589
4400 0.158591 0.1515 0.00709106 0 0.955287 616.472 582.696 33.7762 0 -29.143 -30.633 8 4733.88 190.567 551 0.000274954
4500 0.160713 0.152372 0.00834094 0 0.9481 632.402 597.933 34.4688 0 -29.1696 -30.1988 8 4829.88 192.49 563 0.000270642
4600 0.197781 0.188966 0.00881471 0 0.955432 652.131 616.83 35.3014 0 -29.2136 -30.6234 8 4933.88 194.551 576 0.000328066
4700 0.196842 0.189461 0.00738081 0 0.962504 672.001 635.776 36.225 0 -29.2595 -30.7664 8 5029.88 196.435 588 0.000322213
4800 0.168768 0.16221 0.00655787 0 0.961143 688.98 651.997 36.9827 0 -29.3037 -31.0519 8 5133.88 198.455 601 0.0002699
4900 0.16768 0.161703 0.00597671 0 0.964356 705.742 668.167 37.5752 0 -29.3342 -30.5893 8 5229.88 200.302 613 0.00026379
5000 0.172049 0.166729 0.00532075 0 0.969074 723.06 684.84 38.2194 0 -29.3628 -30.5292 8 5333.88 202.284 626 0.00026634
5100 0.14542 0.141278 0.0041418 0 0.971518 737.632 698.968 38.6637 0 -29.4003 -31.2609 8 5429.88 204.096 638 0.000221438
5200 0.184935 0.179088 0.00584761 0 0.96838 756.124 716.877 39.247 0 -29.4243 -30.3811 8 5533.88 206.042 651 0.000275096
5300 0.184604 0.178617 0.00598708 0 0.967568 774.606 734.738 39.8679 0 -29.4441 -30.2534 8 5629.88 207.821 663 0.000269407
5400 0.194207 0.187067 0.00714008 0 0.963235 794.106 753.445 40.6611 0 -29.4664 -30.351 8 5733.88 209.732 676 0.000276726
5500 0.184476 0.177596 0.0068799 0 0.962706 812.573 771.205 41.3683 0 -29.4859 -30.3275 8 5829.88 211.48 688 0.000258133
5600 0.184636 0.178603 0.00603311 0 0.967324 831.085 789.065 42.02 0 -29.497 -29.9812 8 5933.88 213.358 701 0.000254784
5700 0.194298 0.185801 0.00849715 0 0.956267 850.417 807.645 42.772 0 -29.521 -30.555 8 6029.88 215.077 713 0.00026059
5800 0.246905 0.23591 0.0109945 0 0.955471 875.05 831.236 43.8142 0 -29.5621 -30.9794 8 6133.88 216.924 726 0.000324945
5900 0.252218 0.241336 0.010882 0 0.956855 900.416 855.37 45.0462 0 -29.5907 -30.5781 8 6229.88 218.615 738 0.000327013
6000 0.217415 0.208795 0.00862029 0 0.960351 922.267 876.249 46.0175 0 -29.6146 -30.6005 8 6333.88 220.432 751 0.000278023
6100 0.206312 0.198432 0.00787996 0 0.961806 942.994 896.092 46.902 0 -29.649 -31.1777 8 6429.88 222.096 763 0.000260068
6200 0.2008 0.193027 0.0077731 0 0.961289 963.131 915.395 47.7361 0 -29.6843 -31.3407 8 6533.88 223.885 776 0.000248746
6300 0.200331 0.191785 0.00854571 0 0.957342 983.155 934.573 48.582 0 -29.7125 -31.0673 8 6629.88 225.524 788 0.000243382
6400 0.205806 0.197536 0.00827067 0 0.959813 1003.76 954.327 49.4353 0 -29.7302 -30.5738 8 6733.88 227.286 801 0.000246611
6500 0.219476 0.210807 0.00866851 0 0.960504 1025.8 975.408 50.3913 0 -29.7619 -31.2067 8 6829.88 228.9 813 0.000259295
6600 0.193807 0.187543 0.00626414 0 0.967678 1045.4 994.162 51.2355 0 -29.7901 -31.2657 8 6933.88 230.637 826 0.000227049
6700 0.176974 0.17142 0.00555463 0 0.968613 1063.15 1011.3 51.8442 0 -29.8264 -31.9632 8 7029.88 232.228 838 0.000204558
6800 0.186772 0.181245 0.00552758 0 0.970405 1081.88 1029.43 52.4523 0 -29.8671 -32.1778 8 7133.88 233.939 851 0.000212979
6900 0.181414 0.175285 0.00612831 0 0.966219 1100.03 1046.96 53.0721 0 -29.8973 -31.7003 8 7229.88 235.508 863 0.000203112
7000 0.186566 0.180198 0.00636796 0 0.965868 1118.67 1064.98 53.6891 0 -29.9285 -31.7696 8 7333.88 237.196 876 0.000205706
7100 0.171199 0.165605 0.00559465 0 0.967321 1135.77 1081.54 54.2319 0 -29.9581 -31.8908 8 7429.88 238.743 888 0.000186492
7200 0.173178 0.16713 0.00604778 0 0.965078 1153.04 1098.25 54.7863 0 -29.9904 -32.113 8 7533.88 240.408 901 0.000185494
7300 0.192328 0.187031 0.00529713 0 0.972458 1172.33 1116.95 55.3772 0 -30.0238 -32.0211 8 7629.88 241.935 913 0.000204853
7400 0.211112 0.20451 0.00660144 0 0.96873 1193.45 1137.4 56.0414 0 -30.0472 -31.3492 8 7733.88 243.578 926 0.000220853
7500 0.198334 0.191931 0.00640276 0 0.967717 1213.29 1156.6 56.6958 0 -30.0669 -31.248 8 7829.88 245.086 938 0.000204618
7600 0.194543 0.187076 0.00746626 0 0.961621 1232.63 1175.31 57.3256 0 -30.0863 -31.3026 8 7933.88 246.708 951 0.000196715
7700 0.187044 0.180322 0.00672185 0 0.964063 1251.35 1193.34 58.0125 0 -30.1053 -31.3572 8 8029.88 248.196 963 0.00018725
7800 0.174195 0.167767 0.00642773 0 0.9631 1268.79 1210.11 58.6711 0 -30.1246 -31.5153 8 8133.88 249.798 976 0.000171893
7900 0.18042 0.173602 0.00681746 0 0.962213 1286.89 1227.47 59.4181 0 -30.1429 -31.4211 8 8229.88 251.268 988 0.000175711
8000 0.157257 0.152306 0.00495123 0 0.968515 1302.71 1242.7 60.0069 0 -30.1673 -32.1567 8 8333.88 252.85 1001 0.000152154
8100 0.153717 0.148355 0.00536166 0 0.96512 1318.07 1257.54 60.534 0 -30.194 -32.4537 8 8429.88 254.303 1013 0.000146451
8200 0.166309 0.160538 0.00577131 0 0.965298 1334.71 1273.59 61.1142 0 -30.2127 -31.6921 8 8533.88 255.866 1026 0.00015647
8300 0.178225 0.170965 0.00726031 0 0.959263 1352.46 1290.69 61.7677 0 -30.2239 -31.0699 8 8629.88 257.302 1038 0.000164706
8400 0.192886 0.186837 0.00604907 0 0.968639 1371.82 1309.37 62.4469 0 -30.2281 -30.5191 8 8733.88 258.847 1051 0.000177771
8500 0.191837 0.182713 0.00912404 0 0.952439 1390.86 1327.65 63.2097 0 -30.2296 -30.3385 8 8829.88 260.266 1063 0.000171884
8600 0.184791 0.177049 0.00774219 0 0.958103 1409.4 1345.35 64.0475 0 -30.2388 -30.931 8 8933.88 261.794 1076 0.000164543
8700 0.217036 0.207212 0.00982422 0 0.954735 1431.14 1366.07 65.0638 0 -30.2423 -30.4694 8 9029.88 263.197 1088 0.000190452
8800 0.200968 0.192759 0.00820947 0 0.95915 1451.34 1385.35 65.9881 0 -30.2434 -30.3196 8 9133.88 264.708 1101 0.000175076
8900 0.192913 0.185721 0.00719199 0 0.962719 1470.79 1403.92 66.8653 0 -30.2566 -31.2409 8 9229.88 266.096 1113 0.000166865
9000 0.174804 0.167966 0.00683789 0 0.960882 1488.21 1420.72 67.4954 0 -30.2727 -31.6307 8 9333.88 267.591 1126 0.00014917
9100 0.197335 0.189898 0.00743682 0 0.962314 1507.91 1439.71 68.2021 0 -30.2876 -31.4157 8 9429.88 268.963 1138 0.00016687
9200 0.188869 0.181959 0.00691026 0 0.963412 1526.82 1457.9 68.9163 0 -30.301 -31.3712 8 9533.88 270.443 1151 0.000158087
9300 0.20915 0.201023 0.00812778 0 0.961139 1547.8 1478 69.7953 0 -30.3154 -31.3629 8 9629.88 271.801 1163 0.000172848
9400 0.19085 0.183823 0.00702771 0 0.963177 1566.91 1496.39 70.5247 0 -30.3371 -32.0889 8 9733.88 273.264 1176 0.000156312
9500 0.192577 0.186041 0.00653629 0 0.966059 1586.2 1514.99 71.2058 0 -30.3519 -31.5585 8 9829.88 274.609 1188 0.0001566
9600 0.171447 0.166685 0.00476222 0 0.972223 1603.45 1531.66 71.7898 0 -30.3729 -32.2989 8 9933.88 276.058 1201 0.000138789
9700 0.178194 0.172999 0.00519482 0 0.970847 1621.31 1548.96 72.3502 0 -30.3869 -31.6524 8 10029.9 277.388 1213 0.000142621
9800 0.19032 0.184475 0.00584532 0 0.969287 1640.38 1567.41 72.9746 0 -30.3976 -31.2998 8 10133.9 278.823 1226 0.000150469
9900 0.176338 0.171018 0.00532032 0 0.969829 1658.01 1584.51 73.5066 0 -30.4102 -31.5877 8 10229.9 280.14 1238 0.000138141
10000 0.185572 0.179827 0.00574457 0 0.969044 1676.57 1602.49 74.0798 0 -30.421 -31.3851 8 10333.9 281.561 1251 0.000143747
10100 0.211997 0.204145 0.0078513 0 0.962965 1697.73 1622.91 74.8293 0 -30.421 -30.4212 8 10429.9 282.865 1263 0.000161635
10200 0.222328 0.214999 0.00732859 0 0.967037 1720.14 1644.41 75.7393 0 -30.4193 -30.2923 8 10533.9 284.272 1276 0.000168495
10300 0.2 0.190951 0.00904926 0 0.954754 1739.99 1663.5 76.4848 0 -30.423 -30.7369 8 10629.9 285.565 1288 0.000148254
10400 0.213811 0.206897 0.00691331 0 0.967666 1761.47 1684.19 77.2834 0 -30.4262 -30.6911 8 10733.9 286.958 1301 0.000159029
10500 0.194426 0.18937 0.00505646 0 0.973993 1781.06 1703.13 77.9279 0 -30.4387 -31.5597 8 10829.9 288.238 1313 0.000144227
10600 0.17671 0.172273 0.00443633 0 0.974895 1798.78 1720.35 78.4213 0 -30.4503 -31.6183 8 10933.9 289.619 1326 0.00012992
10700 0.184195 0.178349 0.005846 0 0.968262 1817.08 1738.19 78.8875 0 -30.46 -31.4159 8 11029.9 290.888 1338 0.000133295
10800 0.214859 0.206022 0.00883712 0 0.95887 1838.44 1758.79 79.6438 0 -30.4672 -31.0787 8 11133.9 292.256 1351 0.000152496
10900 0.204365 0.196238 0.0081273 0 0.960232 1858.88 1778.42 80.464 0 -30.4764 -31.2975 8 11229.9 293.513 1363 0.000143975
11000 0.193501 0.186319 0.00718252 0 0.962881 1878.24 1797.05 81.1925 0 -30.4856 -31.3731 8 11333.9 294.869 1376 0.000135406
11100 0.198444 0.191195 0.00724822 0 0.963475 1898.08 1816.17 81.9175 0 -30.4991 -31.7797 8 11429.9 296.115 1388 0.000137749
11200 0.197643 0.189508 0.00813486 0 0.958841 1917.84 1835.12 82.7237 0 -30.5068 -31.246 8 11533.9 297.459 1401 0.000135267
11300 0.19648 0.190186 0.00629412 0 0.967966 1937.57 1854.14 83.4376 0 -30.5167 -31.4812 8 11629.9 298.695 1413 0.000134597
11400 0.203364 0.19662 0.00674331 0 0.966841 1957.96 1873.8 84.165 0 -30.5327 -32.0516 8 11733.9 300.027 1426 0.000137882
11500 0.227214 0.217905 0.00930932 0 0.959028 1980.63 1895.59 85.0408 0 -30.5433 -31.4598 8 11829.9 301.252 1438 0.000151533
11600 0.226378 0.217989 0.00838889 0 0.962943 2003.41 1917.39 86.0195 0 -30.5577 -31.8095 8 11933.9 302.574 1451 0.000150233
11700 0.240201 0.229301 0.0108996 0 0.954623 2027.35 1940.32 87.037 0 -30.5636 -31.0553 8 12029.9 303.788 1463 0.000156734
11800 0.257564 0.244787 0.012777 0 0.950393 2052.98 1964.8 88.1846 0 -30.5708 -31.142 8 12133.9 305.098 1476 0.000165845
11900 0.224623 0.214544 0.0100787 0 0.95513 2075.56 1986.25 89.3134 0 -30.5807 -31.4766 8 12229.9 306.303 1488 0.000144183
12000 0.201936 0.192872 0.00906406 0 0.955114 2095.78 2005.54 90.2374 0 -30.5922 -31.7738 8 12333.9 307.603 1501 0.000128495
12100 0.203917 0.194573 0.00934469 0 0.954174 2116.13 2025 91.1312 0 -30.6007 -31.4805 8 12429.9 308.797 1513 0.000128601
12200 0.190311 0.182874 0.00743718 0 0.960921 2135.25 2043.28 91.9672 0 -30.6142 -32.1056 8 12533.9 310.087 1526 0.000119839
12300 0.178325 0.171859 0.00646546 0 0.963743 2153.14 2060.47 92.6705 0 -30.631 -32.6383 8 12629.9 311.272 1538 0.000111742
12400 0.176479 0.170934 0.0055444 0 0.968583 2170.84 2077.56 93.2794 0 -30.6456 -32.4121 8 12733.9 312.551 1551 0.000110209
12500 0.172248 0.166657 0.00559037 0 0.967545 2188.04 2094.23 93.816 0 -30.6638 -32.9639 8 12829.9 313.727 1563 0.000106627
12600 0.184768 0.178241 0.00652615 0 0.964679 2206.55 2112.05 94.4964 0 -30.6727 -31.722 8 12933.9 314.996 1576 0.000113097
12700 0.191771 0.183738 0.00803277 0 0.958113 2225.67 2130.43 95.2442 0 -30.6798 -31.5037 8 13029.9 316.162 1588 0.000115704
12800 0.203198 0.195806 0.0073918 0 0.963623 2246.14 2150.01 96.1365 0 -30.685 -31.2522 8 13133.9 317.422 1601 0.000122302
12900 0.220363 0.210566 0.00979685 0 0.955542 2268.11 2171.06 97.0432 0 -30.6823 -30.4 8 13229.9 318.58 1613 0.000130543
13000 0.19666 0.190678 0.00598105 0 0.969587 2287.9 2190.13 97.7667 0 -30.6884 -31.3927 8 13333.9 319.829 1626 0.000117268
13100 0.220468 0.211194 0.00927435 0 0.957933 2309.82 2211.25 98.5704 0 -30.6912 -30.9842 8 13429.9 320.979 1638 0.000128934
13200 0.200959 0.193368 0.0075911 0 0.962226 2329.99 2230.59 99.399 0 -30.6976 -31.4336 8 13533.9 322.219 1651 0.000117122
13300 0.187679 0.180579 0.00710015 0 0.962169 2348.75 2248.65 100.1 0 -30.7067 -31.8309 8 13629.9 323.36 1663 0.000108586
13400 0.191216 0.185104 0.0061118 0 0.968037 2367.93 2267.16 100.778 0 -30.7173 -32.0111 8 13733.9 324.591 1676 0.000110444
13500 0.208767 0.202031 0.00673554 0 0.967737 2388.86 2287.36 101.498 0 -30.7214 -31.1877 8 13829.9 325.724 1688 0.000119687
13600 0.187836 0.181264 0.00657176 0 0.965013 2407.6 2305.48 102.113 0 -30.7308 -31.9351 8 13933.9 326.946 1701 0.000106563
13700 0.195319 0.189321 0.00599758 0 0.969293 2427.18 2324.42 102.765 0 -30.7412 -32.0128 8 14029.9 328.07 1713 0.00011052
13800 0.209209 0.203242 0.00596613 0 0.971482 2448.15 2344.74 103.406 0 -30.7521 -32.0202 8 14133.9 329.284 1726 0.000117753
13900 0.190975 0.185287 0.00568755 0 0.970218 2467.26 2363.27 103.993 0 -30.7648 -32.3846 8 14229.9 330.401 1738 0.000106609
14000 0.203565 0.193498 0.010068 0 0.950542 2487.24 2382.62 104.62 0 -30.7683 -31.1988 8 14333.9 331.606 1751 0.000110507
14100 0.22592 0.217151 0.00876847 0 0.961188 2509.77 2404.33 105.435 0 -30.7707 -31.0436 8 14429.9 332.714 1763 0.000123171
14200 0.232535 0.223994 0.00854097 0 0.96327 2533 2426.73 106.269 0 -30.772 -30.9073 8 14533.9 333.911 1776 0.000126123
14300 0.205422 0.198516 0.00690627 0 0.96638 2553.56 2446.59 106.97 0 -30.7804 -31.8226 8 14629.9 335.012 1788 0.000111027
14400 0.207388 0.19825 0.00913806 0 0.955937 2574.1 2466.41 107.688 0 -30.782 -30.9758 8 14733.9 336.201 1801 0.000110078
14500 0.210313 0.202537 0.00777637 0 0.963025 2595.21 2486.66 108.541 0 -30.7836 -30.975 8 14829.9 337.294 1813 0.000111714
14600 0.196372 0.189732 0.00664008 0 0.966186 2614.94 2505.64 109.301 0 -30.7898 -31.6136 8 14933.9 338.475 1826 0.000103906
14700 0.179092 0.172894 0.0061982 0 0.965391 2632.88 2522.93 109.953 0 -30.7964 -31.757 8 15029.9 339.561 1838 9.40665e-05
14800 0.209489 0.201401 0.00808741 0 0.961395 2653.72 2543.07 110.655 0 -30.7963 -30.7808 8 15133.9 340.734 1851 0.000108807
14900 0.210187 0.201206 0.00898136 0 0.95727 2674.61 2563.19 111.419 0 -30.7988 -31.1204 8 15229.9 341.813 1863 0.000108001
15000 0.200984 0.194046 0.00693805 0 0.96548 2694.7 2582.59 112.108 0 -30.804 -31.4888 8 15333.9 342.978 1876 0.000103436
15100 0.220933 0.213368 0.00756526 0 0.965758 2716.83 2603.93 112.902 0 -30.8109 -31.6505 8 15429.9 344.05 1888 0.000113013
15200 0.220716 0.212479 0.00823748 0 0.962678 2738.88 2625.18 113.705 0 -30.8113 -30.8592 8 15533.9 345.207 1901 0.000111772
15300 0.210906 0.204491 0.00641593 0 0.969579 2760.12 2645.63 114.495 0 -30.8123 -30.9442 8 15629.9 346.272 1913 0.000106895
15400 0.192143 0.186173 0.0059695 0 0.968932 2779.4 2664.24 115.157 0 -30.8163 -31.3886 8 15733.9 347.423 1926 9.66633e-05
15500 0.222578 0.215438 0.00713964 0 0.967923 2801.7 2685.79 115.913 0 -30.8128 -30.3784 8 15829.9 348.481 1938 0.000111165
15600 0.228937 0.221411 0.00752655 0 0.967124 2824.67 2707.93 116.741 0 -30.8123 -30.7482 8 15933.9 349.624 1951 0.000113486
15700 0.202856 0.194484 0.00837202 0 0.958729 2844.83 2727.38 117.449 0 -30.8158 -31.3149 8 16029.9 350.675 1963 9.90748e-05
15800 0.206734 0.200119 0.00661449 0 0.968005 2865.59 2747.39 118.202 0 -30.8216 -31.6096 8 16133.9 351.811 1976 0.000101275
15900 0.192476 0.1859 0.0065767 0 0.965831 2884.82 2765.98 118.843 0 -30.8237 -31.14 8 16229.9 352.856 1988 9.35109e-05
16000 0.209673 0.202472 0.00720108 0 0.965656 2905.88 2786.23 119.651 0 -30.8262 -31.174 8 16333.9 353.985 2001 0.000101185
16100 0.186945 0.180689 0.00625602 0 0.966535 2924.6 2804.29 120.306 0 -30.833 -31.8776 8 16429.9 355.024 2013 8.97609e-05
16200 0.195605 0.189049 0.00655648 0 0.966481 2944.15 2823.2 120.95 0 -30.8405 -31.9632 8 16533.9 356.146 2026 9.33114e-05
16300 0.211149 0.202292 0.00885745 0 0.958051 2965.1 2843.43 121.67 0 -30.847 -31.7683 8 16629.9 357.178 2038 9.926e-05
16400 0.213221 0.206224 0.00699772 0 0.967181 2986.62 2864.05 122.572 0 -30.8515 -31.4627 8 16733.9 358.293 2051 0.000100548
16500 0.192122 0.184784 0.00733807 0 0.961805 3005.8 2882.53 123.273 0 -30.8565 -31.6448 8 16829.9 359.319 2063 8.95706e-05
16600 0.189953 0.183776 0.00617671 0 0.967483 3024.81 2900.91 123.906 0 -30.8652 -32.2293 8 16933.9 360.428 2076 8.85242e-05
16700 0.191947 0.185281 0.00666586 0 0.965272 3043.97 2919.44 124.531 0 -30.8711 -31.8051 8 17029.9 361.448 2088 8.87362e-05
16800 0.188142 0.182183 0.00595844 0 0.96833 3062.81 2937.65 125.161 0 -30.8786 -32.0877 8 17133.9 362.55 2101 8.67126e-05
16900 0.179355 0.173869 0.00548582 0 0.969414 3080.76 2955.04 125.72 0 -30.8876 -32.4282 8 17229.9 363.564 2113 8.22852e-05
17000 0.165367 0.161627 0.00374011 0 0.977383 3097.39 2971.2 126.186 0 -30.8981 -32.849 8 17333.9 364.66 2126 7.60238e-05
17100 0.165146 0.161079 0.00406663 0 0.975375 3113.91 2987.31 126.597 0 -30.9085 -32.847 8 17429.9 365.668 2138 7.53409e-05
17200 0.162706 0.158418 0.00428754 0 0.973649 3130.2 3003.15 127.05 0 -30.9168 -32.5077 8 17533.9 366.758 2151 7.36487e-05
17300 0.183119 0.175767 0.00735226 0 0.95985 3148.37 3020.73 127.643 0 -30.9218 -31.7826 8 17629.9 367.76 2163 8.12607e-05
17400 0.184126 0.178177 0.0059495 0 0.967688 3166.84 3038.55 128.29 0 -30.9279 -31.9753 8 17733.9 368.843 2176 8.18828e-05
17500 0.177599 0.172882 0.00471753 0 0.973437 3184.71 3055.84 128.873 0 -30.9375 -32.6419 8 17829.9 369.84 2188 7.90135e-05
17600 0.178577 0.172801 0.00577549 0 0.967658 3202.57 3073.12 129.458 0 -30.9444 -32.1717 8 17933.9 370.917 2201 7.85103e-05
17700 0.208157 0.200028 0.00812889 0 0.960948 3223.31 3093.12 130.19 0 -30.9473 -31.3842 8 18029.9 371.909 2213 9.03878e-05
17800 0.201035 0.193449 0.0075861 0 0.962265 3243.49 3112.46 131.024 0 -30.9538 -31.9985 8 18133.9 372.98 2226 8.69042e-05
17900 0.197749 0.189868 0.00788166 0 0.960143 3263.2 3131.45 131.753 0 -30.9636 -32.5796 8 18229.9 373.966 2238 8.4838e-05
18000 0.229543 0.220781 0.008762 0 0.961828 3286.17 3153.53 132.641 0 -30.9735 -32.3767 8 18333.9 375.031 2251 9.80812e-05
18100 0.213391 0.203321 0.0100696 0 0.952812 3307.4 3173.86 133.536 0 -30.9791 -31.8482 8 18429.9 376.012 2263 8.98458e-05
18200 0.219798 0.209648 0.0101494 0 0.953824 3329.32 3194.83 134.499 0 -30.9797 -31.0642 8 18533.9 377.071 2276 9.21126e-05
18300 0.203678 0.196102 0.00757678 0 0.9628 3349.82 3214.44 135.381 0 -30.9837 -31.6391 8 18629.9 378.046 2288 8.57088e-05
18400 0.185368 0.178535 0.00683302 0 0.963138 3368.37 3232.29 136.078 0 -30.9915 -32.4079 8 18733.9 379.1 2301 7.75902e-05
18500 0.202028 0.19315 0.00887797 0 0.956056 3388.36 3251.6 136.754 0 -30.9948 -31.5458 8 18829.9 380.07 2313 8.35061e-05
18600 0.211578 0.204265 0.00731319 0 0.965435 3409.52 3272.03 137.493 0 -30.999 -31.6623 8 18933.9 381.118 2326 8.78182e-05
18700 0.233806 0.224942 0.00886476 0 0.962085 3432.93 3294.52 138.403 0 -30.9974 -30.7754 8 19029.9 382.083 2338 9.62111e-05
18800 0.215984 0.207974 0.00801042 0 0.962912 3454.59 3315.32 139.27 0 -31.0012 -31.5948 8 19133.9 383.126 2351 8.84617e-05
18900 0.218133 0.211856 0.00627695 0 0.971224 3476.59 3336.51 140.079 0 -31.0064 -31.8265 8 19229.9 384.086 2363 8.96554e-05
19000 0.259542 0.250881 0.00866136 0 0.966628 3502.59 3361.6 140.998 0 -31.0084 -31.2709 8 19333.9 385.123 2376 0.000105589
19100 0.218701 0.21118 0.00752028 0 0.965614 3524.5 3382.71 141.791 0 -31.0137 -31.8737 8 19429.9 386.078 2388 8.84339e-05
19200 0.203663 0.197398 0.00626485 0 0.969239 3544.95 3402.45 142.495 0 -31.0219 -32.4245 8 19533.9 387.11 2401 8.2215e-05
19300 0.208426 0.200956 0.00747026 0 0.964159 3565.71 3422.55 143.163 0 -31.026 -31.7262 8 19629.9 388.06 2413 8.32804e-05
19400 0.204481 0.198755 0.0057258 0 0.971998 3586.2 3442.42 143.778 0 -31.0311 -31.9173 8 19733.9 389.087 2426 8.19271e-05
19500 0.235383 0.227817 0.00756629 0 0.967855 3609.72 3465.21 144.519 0 -31.0406 -32.4871 8 19829.9 390.032 2438 9.34441e-05
19600 0.22261 0.215876 0.00673406 0 0.96975 3632.03 3486.79 145.24 0 -31.0475 -32.1677 8 19933.9 391.053 2451 8.80767e-05
19700 0.197589 0.191316 0.00627292 0 0.968253 3651.79 3505.93 145.868 0 -31.0555 -32.5289 8 20029.9 391.994 2463 7.76759e-05
19800 0.188287 0.183438 0.00484905 0 0.974246 3670.7 3524.27 146.431 0 -31.0639 -32.6787 8 20133.9 393.01 2476 7.40863e-05
19900 0.191826 0.18609 0.00573593 0 0.970098 3689.85 3542.88 146.975 0 -31.073 -32.823 8 20229.9 393.946 2488 7.4795e-05
20000 0.188052 0.183766 0.00428559 0 0.977211 3708.76 3561.25 147.505 0 -31.0822 -32.8815 8 20333.9 394.957 2501 7.34771e-05
