100 0.000255493 0.00024297 1.25231e-05 0 0.950985 0.0275361 0.024297 0.00323906 0 -26.4695 -26.4695 128 453.882 59.0081 1 0.00024297
200 0.000801046 0.000801046 0 0 1 0.113531 0.104402 0.0091293 0 -29.4152 -30.3585 128 581.882 66.8124 2 0.000400523
300 0.00225808 0.00211486 0.000143224 0 0.936572 0.332401 0.315887 0.0165143 0 -30.1656 -30.5548 128 709.882 73.796 3 0.000704952
400 0.00430532 0.00388674 0.000418581 0 0.902776 0.738384 0.704561 0.033823 0 -29.0793 -28.1899 128 837.882 80.1736 4 0.000971685
500 0.00511018 0.00486447 0.000245712 0 0.951917 1.25782 1.19101 0.0668145 0 -29.4225 -29.9105 128 837.882 80.1736 4 0.00121612
600 0.00316375 0.00303548 0.000128268 0 0.959457 1.58055 1.49456 0.0859971 0 -29.9291 -31.9035 128 965.882 86.08 5 0.000607096
700 0.0252769 0.0244227 0.000854245 0 0.966205 4.10265 3.93682 0.165831 0 -26.3181 -24.0551 128 1093.88 91.6063 6 0.00407045
800 0.0165837 0.0159749 0.000608778 0 0.963291 5.78677 5.53432 0.252457 0 -25.8983 -24.8755 128 1221.88 96.8177 7 0.00228213
900 0.0117742 0.0110808 0.000693362 0 0.941111 6.95062 6.64239 0.308223 0 -25.7845 -25.2192 128 1349.88 101.763 8 0.0013851
1000 0.00916741 0.00885701 0.000310406 0 0.96614 7.8755 7.5281 0.347409 0 -25.8673 -26.4888 128 1349.88 101.763 8 0.00110713
1100 0.0106581 0.0105148 0.000143311 0 0.986554 8.97394 8.57958 0.394364 0 -26.0539 -27.3924 128 1477.88 106.478 9 0.00116831
1200 0.00824937 0.00803002 0.000219342 0 0.973411 9.79667 9.38258 0.414091 0 -26.1624 -27.346 128 1605.88 110.993 10 0.000803002
1300 0.00790306 0.00766644 0.00023662 0 0.97006 10.5789 10.1492 0.429718 0 -26.2673 -27.5799 128 1733.88 115.332 11 0.000696949
1400 0.00702312 0.0069689 5.42173e-05 0 0.99228 11.2893 10.8461 0.443202 0 -26.4124 -28.5732 128 1733.88 115.332 11 0.000633537
1500 0.00723797 0.00717117 6.67984e-05 0 0.990771 12.0202 11.5632 0.45699 0 -26.5237 -28.2442 128 1861.88 119.513 12 0.000597597
1600 0.00684003 0.00675653 8.34943e-05 0 0.987793 12.7081 12.2389 0.469188 0 -26.5977 -27.8902 128 1989.88 123.553 13 0.000519733
1700 0.0169348 0.015649 0.00128578 0 0.924075 14.3231 13.8038 0.519357 0 -26.1328 -22.4745 128 2117.88 127.465 14 0.00111779
1800 0.0159649 0.0151059 0.000859062 0 0.946191 15.9147 15.3144 0.600295 0 -25.8769 -23.5741 128 2245.88 131.26 15 0.00100706
1900 0.0112569 0.0107504 0.000506505 0 0.955005 17.0491 16.3894 0.659646 0 -25.8255 -25.1037 128 2245.88 131.26 15 0.000716695
2000 0.019264 0.0186368 0.000627176 0 0.967443 18.9978 18.2531 0.744662 0 -26.2747 -30.2053 128 2373.88 134.949 16 0.0011648
2100 0.0123642 0.0118618 0.000502485 0 0.95936 20.2433 19.4393 0.804079 0 -26.427 -28.7494 128 2501.88 138.539 17 0.00069775
2200 0.0115945 0.0111939 0.000400572 0 0.965451 21.4049 20.5587 0.846244 0 -26.5379 -28.4713 128 2629.88 142.039 18 0.000621883
2300 0.0106326 0.0103111 0.000321424 0 0.96977 22.4727 21.5898 0.882949 0 -26.6485 -28.8648 128 2629.88 142.039 18 0.000572841
2400 0.009087 0.00890939 0.000177613 0 0.980454 23.3897 22.4807 0.908977 0 -26.7564 -29.4001 128 2757.88 145.455 19 0.000468915
2500 0.00810499 0.00798635 0.000118639 0 0.985362 24.2043 23.2793 0.924922 0 -26.8746 -30.2703 128 2885.88 148.792 20 0.000399318
2600 0.00926382 0.00899945 0.000264371 0 0.971462 25.1307 24.1793 0.951457 0 -26.9818 -29.7816 128 3013.88 152.056 21 0.000428545
2700 0.00803928 0.00781651 0.000222769 0 0.97229 25.9324 24.9609 0.971439 0 -27.089 -30.4496 128 3141.88 155.251 22 0.000355296
2800 0.00708704 0.00705546 3.15894e-05 0 0.995543 26.6452 25.6665 0.978739 0 -27.2136 -31.7457 128 3141.88 155.251 22 0.000320703
2900 0.00677438 0.0067252 4.91823e-05 0 0.99274 27.3265 26.339 0.98751 0 -27.3108 -31.1128 128 3269.88 158.382 23 0.0002924
3000 0.0242743 0.0231669 0.00110741 0 0.954379 29.7196 28.6557 1.06391 0 -27.0329 -23.8594 128 3397.88 161.452 24 0.000965286
3100 0.0174211 0.0168631 0.000558025 0 0.967968 31.4857 30.342 1.14367 0 -26.9551 -25.6455 128 3525.88 164.465 25 0.000674524
3200 0.0128883 0.0124938 0.000394438 0 0.969396 32.7801 31.5914 1.18868 0 -26.9552 -26.9576 128 3653.88 167.424 26 0.000480532
3300 0.0119898 0.0117397 0.000250044 0 0.979145 33.9837 32.7654 1.21833 0 -26.9628 -27.1721 128 3653.88 167.424 26 0.000451528
3400 0.012587 0.0123662 0.000220815 0 0.982457 35.2464 34.002 1.24442 0 -27.0367 -29.0252 128 3781.88 170.331 27 0.000458007
3500 0.0112779 0.0110195 0.00025835 0 0.977092 36.3703 35.1039 1.26635 0 -27.0963 -28.966 128 3909.88 173.19 28 0.000393554
3600 0.00935374 0.00926737 8.63702e-05 0 0.990766 37.31 36.0307 1.27934 0 -27.1626 -29.7276 128 4037.88 176.002 29 0.000319564
3700 0.00811919 0.00807349 4.5704e-05 0 0.994371 38.1254 36.838 1.28738 0 -27.2273 -30.1861 128 4037.88 176.002 29 0.000278396
3800 0.00855547 0.00846442 9.10512e-05 0 0.989358 38.9872 37.6845 1.30275 0 -27.3071 -30.8397 128 4165.88 178.77 30 0.000282147
3900 0.00787186 0.00781623 5.56337e-05 0 0.992933 39.7803 38.4661 1.31422 0 -27.3839 -31.1574 128 4293.88 181.495 31 0.000252136
4000 0.00725524 0.00716914 8.61056e-05 0 0.988132 40.5013 39.183 1.3183 0 -27.444 -30.7589 128 4421.88 184.18 32 0.000224036
4100 0.00685208 0.00661849 0.000233597 0 0.965909 41.1692 39.8448 1.32433 0 -27.4911 -30.3511 128 4549.88 186.827 33 0.00020056
4200 0.00625534 0.00625534 0 0 1 41.7983 40.4704 1.32788 0 -27.5533 -31.6202 128 4549.88 186.827 33 0.000189556
4300 0.0058284 0.00580737 2.10345e-05 0 0.996391 42.3817 41.0511 1.33056 0 -27.6067 -31.4341 128 4677.88 189.437 34 0.000170805
4400 0.00571957 0.00571957 0 0 1 42.9569 41.6231 1.33384 0 -27.6614 -31.6908 128 4805.88 192.011 35 0.000163416
4500 0.0164715 0.0148851 0.00158647 0 0.903684 44.4771 43.1116 1.36557 0 -27.5114 -23.2725 128 4933.88 194.551 36 0.000413474
4600 0.0174693 0.0166113 0.000857943 0 0.950888 46.228 44.7727 1.45529 0 -27.3954 -24.4486 128 4933.88 194.551 36 0.000461425
4700 0.0137304 0.0130424 0.000688045 0 0.949889 47.6059 46.0769 1.52898 0 -27.3735 -26.6384 128 5061.88 197.059 37 0.000352497
4800 0.0111335 0.0106351 0.000498378 0 0.955236 48.7319 47.1405 1.59141 0 -27.3801 -27.6616 128 5189.88 199.535 38 0.00027987
4900 0.00930654 0.00883338 0.000473164 0 0.949158 49.6625 48.0238 1.6387 0 -27.3863 -27.711 128 5317.88 201.98 39 0.000226497
5000 0.00790528 0.00764503 0.000260244 0 0.96708 50.4599 48.7883 1.67163 0 -27.4064 -28.6544 128 5445.88 204.397 40 0.000191126
5100 0.00678413 0.00657885 0.00020528 0 0.969741 51.14 49.4462 1.69384 0 -27.4327 -29.3842 128 5445.88 204.397 40 0.000164471
5200 0.0125613 0.0122133 0.00034808 0 0.97229 52.4008 50.6675 1.73331 0 -27.3956 -25.8926 128 5573.88 206.785 41 0.000297885
5300 0.0111849 0.0108186 0.000366336 0 0.967247 53.5239 51.7494 1.7745 0 -27.4169 -28.4082 128 5701.88 209.146 42 0.000257585
5400 0.0146485 0.0135385 0.00110996 0 0.924227 54.9261 53.1032 1.82293 0 -27.4228 -27.6509 128 5829.88 211.48 43 0.000314849
5500 0.0151804 0.0143942 0.000786219 0 0.948208 56.4635 54.5426 1.92089 0 -27.4549 -28.6025 128 5829.88 211.48 43 0.000334748
5600 0.0155702 0.0148796 0.000690622 0 0.955645 58.0455 56.0306 2.01492 0 -27.4854 -28.5716 128 5957.88 213.789 44 0.000338172
5700 0.0107735 0.010438 0.000335528 0 0.968856 59.1471 57.0744 2.0727 0 -27.532 -29.991 128 6085.88 216.074 45 0.000231955
5800 0.00934511 0.00920668 0.000138429 0 0.985187 60.1011 57.9951 2.10603 0 -27.5799 -30.5491 128 6213.88 218.334 46 0.000200145
5900 0.00787019 0.0078319 3.82876e-05 0 0.995135 60.8897 58.7782 2.1115 0 -27.6267 -31.1871 128 6341.88 220.571 47 0.000166636
6000 0.00708766 0.00706464 2.30236e-05 0 0.996752 61.5992 59.4847 2.11448 0 -27.6708 -31.4584 128 6341.88 220.571 47 0.000150311
6100 0.0078457 0.00774669 9.90122e-05 0 0.98738 62.3866 60.2594 2.1272 0 -27.7087 -30.677 128 6469.88 222.786 48 0.000161389
6200 0.00947393 0.00912724 0.000346689 0 0.963406 63.3315 61.1721 2.15939 0 -27.7464 -30.2319 128 6597.88 224.979 49 0.00018627
6300 0.0107072 0.0101388 0.000568403 0 0.946914 64.3807 62.186 2.19469 0 -27.7795 -29.7792 128 6725.88 227.151 50 0.000202775
6400 0.010148 0.00981379 0.00033422 0 0.967065 65.4026 63.1674 2.23525 0 -27.8252 -30.7057 128 6853.88 229.302 51 0.000192427
6500 0.00834622 0.0081033 0.000242916 0 0.970895 66.2429 63.9777 2.26524 0 -27.8707 -31.4104 128 6853.88 229.302 51 0.000158888
6600 0.0070751 0.00689402 0.000181078 0 0.974406 66.9517 64.6671 2.28463 0 -27.9105 -31.6271 128 6981.88 231.434 52 0.000132577
6700 0.00687629 0.00668391 0.000192377 0 0.972023 67.6414 65.3355 2.30593 0 -27.9454 -31.3334 128 7109.88 233.545 53 0.000126111
6800 0.00724106 0.00680508 0.000435975 0 0.939791 68.3449 66.016 2.32889 0 -27.9683 -30.1718 128 7237.88 235.638 54 0.00012602
6900 0.00683272 0.00666939 0.000163337 0 0.976095 69.035 66.6829 2.35204 0 -28 -31.1369 128 7237.88 235.638 54 0.000123507
7000 0.00600583 0.00596613 3.96968e-05 0 0.99339 69.6427 67.2795 2.36315 0 -28.0444 -33.0865 128 7365.88 237.713 55 0.000108475
7100 0.00580729 0.00576759 3.96968e-05 0 0.993164 70.2272 67.8563 2.37088 0 -28.0885 -33.3465 128 7493.88 239.769 56 0.000102993
7200 0.00685156 0.00685156 0 0 1 70.9202 68.5415 2.37875 0 -28.1547 -34.8696 128 7621.88 241.808 57 0.000120203
7300 0.00509839 0.00484566 0.000252729 0 0.95043 71.4063 69.026 2.38025 0 -28.1851 -32.6166 128 7749.88 243.83 58 8.35459e-05
7400 0.00438238 0.00438238 0 0 1 71.8491 69.4643 2.38484 0 -28.2182 -33.5446 128 7749.88 243.83 58 7.55583e-05
7500 0.00513344 0.00502219 0.000111245 0 0.978329 72.3686 69.9665 2.40214 0 -28.2399 -31.2523 128 7877.88 245.836 59 8.51219e-05
7600 0.00506469 0.00489737 0.000167316 0 0.966964 72.871 70.4562 2.4148 0 -28.268 -32.3039 128 8005.88 247.825 60 8.16228e-05
7700 0.00780134 0.00732064 0.000480696 0 0.938383 73.6241 71.1883 2.43582 0 -28.2625 -27.7345 128 8133.88 249.798 61 0.000120011
7800 0.00761059 0.00728736 0.000323235 0 0.957528 74.391 71.917 2.47398 0 -28.262 -28.2122 128 8133.88 249.798 61 0.000119465
7900 0.0207803 0.0199952 0.000785106 0 0.962219 76.4972 73.9165 2.58066 0 -28.3382 -31.0289 128 8261.88 251.756 62 0.000322504
8000 0.0109926 0.0105383 0.000454306 0 0.958672 77.614 74.9704 2.64359 0 -28.3755 -30.9321 128 8389.88 253.699 63 0.000167274
8100 0.00919848 0.00875171 0.000446775 0 0.95143 78.5308 75.8455 2.68523 0 -28.412 -31.5017 128 8517.88 255.626 64 0.000136745
8200 0.00879533 0.00830371 0.000491623 0 0.944104 79.3891 76.6759 2.71318 0 -28.4496 -31.8928 128 8645.88 257.54 65 0.000127749
8300 0.00760409 0.00744762 0.00015647 0 0.979423 80.1535 77.4207 2.7328 0 -28.5021 -33.9502 128 8645.88 257.54 65 0.000114579
8400 0.00820135 0.00810666 9.46941e-05 0 0.988454 80.9797 78.2313 2.74836 0 -28.5509 -33.2833 128 8773.88 259.439 66 0.000122828
8500 0.0183708 0.0175826 0.000788195 0 0.957095 82.7948 79.9896 2.80521 0 -28.6081 -31.1632 128 8901.88 261.325 67 0.000262426
8600 0.014596 0.0139571 0.000638917 0 0.956227 84.2603 81.3853 2.87504 0 -28.6592 -31.5431 128 9029.88 263.197 68 0.000205251
8700 0.0112267 0.0107155 0.000511145 0 0.954471 85.3882 82.4569 2.93138 0 -28.7031 -31.9851 128 9029.88 263.197 68 0.000157581
8800 0.00972722 0.00948624 0.000240975 0 0.975227 86.3759 83.4055 2.97037 0 -28.7559 -33.32 128 9157.88 265.056 69 0.000137482
8900 0.00878888 0.00851824 0.000270637 0 0.969207 87.255 84.2573 2.99767 0 -28.7984 -32.9785 128 9285.88 266.902 70 0.000121689
9000 0.0100769 0.00969677 0.000380132 0 0.962277 88.2614 85.227 3.03442 0 -28.8221 -30.8726 128 9413.88 268.735 71 0.000136574
9100 0.00883272 0.00866261 0.000170107 0 0.980741 89.1519 86.0932 3.0587 0 -28.8572 -32.3419 128 9541.88 270.556 72 0.000120314
9200 0.0074493 0.00733638 0.000112922 0 0.984841 89.8977 86.8269 3.07077 0 -28.895 -33.4057 128 9541.88 270.556 72 0.000101894
9300 0.0108382 0.0105828 0.000255382 0 0.976437 90.9834 87.8852 3.09821 0 -28.9045 -29.6912 128 9669.88 272.365 73 0.00014497
9400 0.0115725 0.0111607 0.0004118 0 0.964416 92.1372 89.0012 3.13601 0 -28.9169 -29.8929 128 9797.88 274.161 74 0.00015082
9500 0.00936231 0.00906562 0.000296688 0 0.96831 93.0798 89.9078 3.17198 0 -28.9382 -31.025 128 9925.88 275.946 75 0.000120875
9600 0.00772555 0.0076104 0.000115155 0 0.985094 93.8576 90.6688 3.18875 0 -28.9683 -32.5653 128 10053.9 277.72 76 0.000100137
9700 0.00931205 0.00913611 0.000175949 0 0.981105 94.7911 91.5825 3.20867 0 -28.9879 -30.964 128 10053.9 277.72 76 0.000120212
9800 0.00989501 0.00968592 0.00020909 0 0.978869 95.7888 92.551 3.23772 0 -29.0039 -30.5191 128 10181.9 279.482 77 0.000125791
9900 0.00860724 0.00836997 0.000237268 0 0.972434 96.6494 93.388 3.26136 0 -29.0234 -31.195 128 10309.9 281.233 78 0.000107307
10000 0.00743964 0.00732778 0.000111868 0 0.984963 97.3956 94.1208 3.27477 0 -29.0497 -32.4651 128 10437.9 282.974 79 9.27567e-05
10100 0.00654658 0.00652667 1.99086e-05 0 0.996959 98.0518 94.7735 3.27832 0 -29.0805 -33.6443 128 10437.9 282.974 79 8.26161e-05
10200 0.0296626 0.0283498 0.00131277 0 0.955743 101.032 97.6085 3.42325 0 -29.0626 -28.4737 128 10565.9 284.704 80 0.000354372
10300 0.01465 0.0138318 0.00081822 0 0.944149 102.526 98.9916 3.53414 0 -29.0686 -29.4775 128 10693.9 286.423 81 0.000170763
10400 0.0243461 0.0228441 0.00150203 0 0.938305 104.932 101.276 3.65599 0 -29.0996 -30.4171 128 10821.9 288.132 82 0.000278586
10500 0.0217087 0.0204979 0.00121073 0 0.944228 107.101 103.326 3.77527 0 -29.1405 -31.119 128 10949.9 289.831 83 0.000246963
10600 0.0153833 0.0148152 0.00056813 0 0.963068 108.673 104.807 3.86526 0 -29.18 -31.875 128 10949.9 289.831 83 0.000178496
10700 0.013564 0.0131545 0.000409506 0 0.969809 110.047 106.123 3.92433 0 -29.2243 -32.7287 128 11077.9 291.52 84 0.000156602
10800 0.0148266 0.0143575 0.000469132 0 0.968359 111.549 107.559 3.99043 0 -29.2393 -30.3329 128 11205.9 293.199 85 0.000168912
10900 0.0126095 0.0123199 0.000289556 0 0.977037 112.824 108.791 4.03348 0 -29.265 -31.5149 128 11333.9 294.869 86 0.000143255
11000 0.0108172 0.0106933 0.000123882 0 0.988548 113.916 109.86 4.05568 0 -29.2995 -32.8689 128 11333.9 294.869 86 0.000124341
11100 0.00995519 0.00992232 3.28621e-05 0 0.996699 114.923 110.852 4.07134 0 -29.3371 -33.5852 128 11461.9 296.53 87 0.00011405
11200 0.0113925 0.0110413 0.000351141 0 0.969178 116.065 111.956 4.10876 0 -29.3643 -32.1025 128 11589.9 298.181 88 0.00012547
11300 0.0182533 0.0169829 0.00127038 0 0.930403 117.833 113.655 4.17872 0 -29.3319 -27.2046 128 11717.9 299.823 89 0.000190819
11400 0.0183686 0.0171419 0.00122664 0 0.93322 119.629 115.369 4.26077 0 -29.3175 -28.3764 128 11845.9 301.456 90 0.000190466
11500 0.0188481 0.0181921 0.000655981 0 0.965196 121.552 117.188 4.36389 0 -29.3493 -31.3241 128 11845.9 301.456 90 0.000202134
11600 0.0146034 0.0140694 0.000534071 0 0.963428 123.029 118.595 4.43398 0 -29.3709 -31.1486 128 11973.9 303.08 91 0.000154608
11700 0.0144027 0.0138638 0.000538878 0 0.962585 124.468 119.981 4.48705 0 -29.3911 -31.1227 128 12101.9 304.696 92 0.000150693
11800 0.0159519 0.014726 0.00122583 0 0.923154 126.009 121.454 4.55537 0 -29.4144 -31.2936 128 12229.9 306.303 93 0.000158345
11900 0.0137967 0.013347 0.000449676 0 0.967407 127.418 122.789 4.62906 0 -29.4557 -33.1547 128 12229.9 306.303 93 0.000143516
12000 0.0158953 0.0152599 0.000635347 0 0.960029 129.048 124.315 4.73321 0 -29.4837 -31.6724 128 12357.9 307.902 94 0.00016234
12100 0.0149637 0.0144105 0.000553194 0 0.963031 130.551 125.756 4.79543 0 -29.507 -31.5019 128 12485.9 309.492 95 0.000151689
12200 0.0117586 0.011604 0.000154543 0 0.986857 131.748 126.916 4.83163 0 -29.5403 -33.1789 128 12613.9 311.075 96 0.000120875
12300 0.0102536 0.0100972 0.000156349 0 0.984752 132.767 127.926 4.84087 0 -29.5728 -33.771 128 12741.9 312.649 97 0.000104095
12400 0.00941429 0.00938951 2.47791e-05 0 0.997368 133.715 128.865 4.8504 0 -29.6078 -34.5139 128 12741.9 312.649 97 9.67991e-05
12500 0.0261819 0.0256601 0.000521777 0 0.980071 136.361 131.431 4.93074 0 -29.5758 -27.9563 128 12869.9 314.215 98 0.000261838
12600 0.015997 0.0154506 0.000546476 0 0.965839 137.964 132.976 4.98818 0 -29.5752 -29.5266 128 12997.9 315.774 99 0.000156066
12700 0.0166491 0.0158641 0.000785084 0 0.952845 139.607 134.562 5.04472 0 -29.5689 -29.0352 128 13125.9 317.325 100 0.000158641
12800 0.0140654 0.0137969 0.000268517 0 0.980909 141.028 135.942 5.086 0 -29.58 -30.6752 128 13253.9 318.868 101 0.000136603
12900 0.0301079 0.0290045 0.00110332 0 0.963355 144.053 138.842 5.21025 0 -29.5038 -25.9482 128 13253.9 318.868 101 0.000287174
13000 0.0203783 0.0193689 0.00100944 0 0.950465 146.091 140.779 5.31172 0 -29.4794 -27.7551 128 13381.9 320.405 102 0.000189891
13100 0.0177027 0.0168527 0.000850002 0 0.951985 147.862 142.464 5.39751 0 -29.4636 -28.1656 128 13509.9 321.933 103 0.000163618
13200 0.0147477 0.0142817 0.000466048 0 0.968399 149.353 143.893 5.4604 0 -29.4629 -29.3861 128 13637.9 323.455 104 0.000137324
13300 0.0125167 0.0123063 0.000210398 0 0.983191 150.623 145.123 5.49938 0 -29.4717 -30.5119 128 13637.9 323.455 104 0.00011833
13400 0.0224213 0.021758 0.000663346 0 0.970415 152.909 147.299 5.60964 0 -29.4851 -30.3678 128 13765.9 324.969 105 0.000207219
13500 0.0144048 0.0139824 0.000422392 0 0.970677 154.368 148.697 5.67054 0 -29.4998 -31.0449 128 13893.9 326.476 106 0.000131909
13600 0.0130675 0.0127315 0.000336024 0 0.974286 155.682 149.97 5.71197 0 -29.516 -31.4118 128 14021.9 327.977 107 0.000118986
13700 0.0112434 0.0111491 9.42957e-05 0 0.991613 156.819 151.085 5.73376 0 -29.536 -32.2819 128 14149.9 329.47 108 0.000103232
13800 0.0102245 0.0102245 0 0 1 157.845 152.108 5.73763 0 -29.5569 -32.7419 128 14149.9 329.47 108 9.46717e-05
13900 0.0101342 0.0101095 2.4617e-05 0 0.997571 158.864 153.119 5.7451 0 -29.574 -32.2338 128 14277.9 330.957 109 9.27481e-05
14000 0.0114327 0.0112478 0.000184899 0 0.983827 159.999 154.244 5.7559 0 -29.582 -30.694 128 14405.9 332.437 110 0.000102253
14100 0.0102045 0.010086 0.000118458 0 0.988392 161.02 155.252 5.7681 0 -29.5952 -31.6711 128 14533.9 333.911 111 9.08652e-05
14200 0.00900506 0.00892464 8.04239e-05 0 0.991069 161.922 156.145 5.77784 0 -29.6117 -32.5536 128 14533.9 333.911 111 8.04022e-05
14300 0.00831504 0.00827964 3.54012e-05 0 0.995743 162.757 156.973 5.78488 0 -29.6321 -33.5947 128 14661.9 335.378 112 7.39253e-05
14400 0.0235848 0.0216247 0.00196017 0 0.916889 165.074 159.135 5.93871 0 -29.6343 -29.7826 128 14789.9 336.839 113 0.000191369
14500 0.0397615 0.0372778 0.00248365 0 0.937536 169.029 162.863 6.16647 0 -29.6346 -29.6497 128 14917.9 338.293 114 0.000326998
14600 0.030788 0.0291224 0.00166559 0 0.945901 172.082 165.775 6.30653 0 -29.6513 -30.577 128 15045.9 339.742 115 0.000253238
14700 0.0272578 0.0259881 0.00126976 0 0.953417 174.834 168.374 6.46017 0 -29.6588 -30.1223 128 15045.9 339.742 115 0.000225983
14800 0.0197537 0.0187843 0.000969435 0 0.950924 176.83 170.252 6.57726 0 -29.6742 -31.0299 128 15173.9 341.184 116 0.000161933
14900 0.0278427 0.0261477 0.001695 0 0.939122 179.591 172.867 6.72425 0 -29.639 -27.3838 128 15301.9 342.62 117 0.000223485
15000 0.0237601 0.0226815 0.00107862 0 0.954604 181.994 175.135 6.85895 0 -29.6244 -28.5345 128 15429.9 344.05 118 0.000192216
15100 0.0193406 0.0187595 0.000581157 0 0.969952 183.96 177.011 6.94848 0 -29.6269 -29.8602 128 15429.9 344.05 118 0.000158979
15200 0.0204161 0.019835 0.000581091 0 0.971538 186.027 178.995 7.03248 0 -29.6299 -29.8954 128 15557.9 345.474 119 0.000166681
15300 0.0151722 0.0148942 0.000278009 0 0.981676 187.562 180.484 7.07813 0 -29.6445 -31.4114 128 15685.9 346.892 120 0.000124118
15400 0.0145207 0.0141616 0.000359012 0 0.975276 189.007 181.9 7.10672 0 -29.6596 -31.6157 128 15813.9 348.305 121 0.000117038
15500 0.0140326 0.0134225 0.000610071 0 0.956525 190.382 183.243 7.13915 0 -29.6709 -31.2231 128 15941.9 349.711 122 0.000110021
15600 0.0127007 0.0125989 0.000101758 0 0.991988 191.666 184.502 7.16343 0 -29.6891 -32.3886 128 15941.9 349.711 122 0.00010327
15700 0.0119522 0.0119015 5.07263e-05 0 0.995756 192.865 185.693 7.17263 0 -29.7079 -32.7183 128 16069.9 351.113 123 9.67602e-05
15800 0.0115298 0.0115298 0 0 1 194.026 186.846 7.18016 0 -29.7322 -33.7727 128 16197.9 352.508 124 9.29822e-05
15900 0.0102979 0.0102221 7.57217e-05 0 0.992647 195.053 187.868 7.18489 0 -29.753 -33.6728 128 16325.9 353.898 125 8.17771e-05
16000 0.00930033 0.00930033 0 0 1 195.985 188.798 7.18704 0 -29.7741 -34.1891 128 16453.9 355.283 126 7.38122e-05
16100 0.00948458 0.00948458 0 0 1 196.941 189.746 7.19489 0 -29.7925 -33.5739 128 16453.9 355.283 126 7.52744e-05
16200 0.0100697 0.00985812 0.000211605 0 0.978986 197.945 190.732 7.21318 0 -29.8123 -33.7004 128 16581.9 356.662 127 7.7623e-05
16300 0.00892626 0.00878013 0.000146127 0 0.98363 198.84 191.61 7.22987 0 -29.8315 -34.0787 128 16709.9 358.036 128 6.85948e-05
16400 0.0199047 0.0167806 0.00312413 0 0.843046 200.575 193.288 7.28735 0 -29.7959 -25.7143 128 16837.9 359.405 129 0.000130082
16500 0.0237647 0.0227319 0.00103277 0 0.956542 203 195.561 7.43874 0 -29.7732 -27.8923 128 16837.9 359.405 129 0.000176216
16600 0.0155515 0.0149672 0.000584273 0 0.96243 204.593 197.058 7.53523 0 -29.7722 -29.6521 128 16965.9 360.768 130 0.000115132
16700 0.0138344 0.0131984 0.000635996 0 0.954028 205.978 198.378 7.60028 0 -29.7747 -30.1428 128 17093.9 362.127 131 0.000100751
16800 0.0124912 0.0121385 0.000352675 0 0.971766 207.23 199.592 7.6387 0 -29.7808 -30.7787 128 17221.9 363.48 132 9.19587e-05
16900 0.0112466 0.0110181 0.000228459 0 0.979686 208.362 200.694 7.66798 0 -29.7904 -31.5492 128 17349.9 364.828 133 8.28429e-05
17000 0.0104117 0.0103206 9.11064e-05 0 0.99125 209.409 201.726 7.68329 0 -29.8042 -32.5603 128 17349.9 364.828 133 7.75985e-05
17100 0.00988596 0.00985173 3.42305e-05 0 0.996537 210.404 202.711 7.6935 0 -29.8221 -33.5865 128 17477.9 366.171 134 7.35204e-05
17200 0.0103963 0.0103805 1.5788e-05 0 0.998481 211.45 203.749 7.7009 0 -29.8435 -34.1525 128 17605.9 367.51 135 7.68928e-05
17300 0.0114801 0.0109851 0.000495069 0 0.956876 212.559 204.847 7.71127 0 -29.8482 -30.7258 128 17733.9 368.843 136 8.07724e-05
17400 0.0113388 0.011033 0.000305765 0 0.973034 213.699 205.951 7.74819 0 -29.8529 -30.7292 128 17733.9 368.843 136 8.11251e-05
17500 0.0103473 0.0101128 0.000234515 0 0.977336 214.744 206.962 7.78203 0 -29.8626 -31.8537 128 17861.9 370.172 137 7.38158e-05
17600 0.00902589 0.00885797 0.000167918 0 0.981396 215.655 207.848 7.8076 0 -29.8729 -32.2941 128 17989.9 371.496 138 6.41882e-05
17700 0.0140444 0.01322 0.000824411 0 0.9413 217.034 209.17 7.86455 0 -29.8754 -30.2682 128 18117.9 372.815 139 9.5108e-05
17800 0.0119511 0.0116281 0.000323023 0 0.972971 218.248 210.333 7.91515 0 -29.8874 -32.0458 128 18245.9 374.13 140 8.30578e-05
17900 0.00938993 0.00938993 0 0 1 219.195 211.272 7.92358 0 -29.9046 -33.8501 128 18245.9 374.13 140 6.70709e-05
18000 0.00841311 0.00841311 0 0 1 220.04 212.113 7.92705 0 -29.9222 -34.4854 128 18373.9 375.44 141 5.96674e-05
18100 0.0080828 0.00799581 8.69934e-05 0 0.989237 220.847 212.912 7.93438 0 -29.9384 -34.3632 128 18501.9 376.745 142 5.63085e-05
18200 0.00898456 0.00855141 0.000433149 0 0.95179 221.72 213.768 7.95221 0 -29.9491 -32.6587 128 18629.9 378.046 143 5.98001e-05
18300 0.00837379 0.00823746 0.000136334 0 0.983719 222.568 214.591 7.97717 0 -29.9634 -33.6877 128 18629.9 378.046 143 5.76046e-05
18400 0.00952181 0.00928902 0.000232788 0 0.975552 223.527 215.52 8.00723 0 -29.9701 -31.5374 128 18757.9 379.343 144 6.45071e-05
18500 0.00769476 0.00756561 0.000129154 0 0.983215 224.302 216.277 8.02519 0 -29.9811 -33.1619 128 18885.9 380.635 145 5.21766e-05
18600 0.0119893 0.01142 0.000569332 0 0.952513 225.493 217.419 8.07465 0 -29.9865 -31.0064 128 19013.9 381.923 146 7.82188e-05
18700 0.010953 0.0104594 0.00049363 0 0.954932 226.582 218.465 8.11747 0 -29.9943 -31.5906 128 19141.9 383.206 147 7.11522e-05
18800 0.00984312 0.00972408 0.000119037 0 0.987907 227.583 219.437 8.14589 0 -30.0093 -33.4152 128 19141.9 383.206 147 6.61502e-05
18900 0.0155261 0.0146947 0.000831354 0 0.946454 229.136 220.907 8.22959 0 -29.9999 -28.6226 128 19269.9 384.485 148 9.92886e-05
19000 0.0106314 0.0100878 0.00054351 0 0.948877 230.206 221.915 8.29058 0 -30.0034 -30.7442 128 19397.9 385.76 149 6.77037e-05
19100 0.0150351 0.0138233 0.00121184 0 0.9194 231.68 223.298 8.38211 0 -29.9914 -28.1203 128 19525.9 387.031 150 9.21554e-05
19200 0.0133208 0.012805 0.000515867 0 0.961274 233.045 224.578 8.46709 0 -29.9906 -29.8554 128 19653.9 388.297 151 8.48011e-05
19300 0.0171774 0.0167962 0.000381117 0 0.977813 234.812 226.258 8.55413 0 -30.0059 -32.029 128 19653.9 388.297 151 0.000111233
19400 0.0115466 0.0113619 0.000184636 0 0.984009 235.974 227.394 8.58016 0 -30.0189 -32.6518 128 19781.9 389.56 152 7.47496e-05
19500 0.00948189 0.00931121 0.000170681 0 0.981999 236.923 228.325 8.59808 0 -30.0318 -33.2332 128 19909.9 390.818 153 6.08576e-05
19600 0.00899145 0.00897604 1.54084e-05 0 0.998286 237.838 229.223 8.6149 0 -30.0478 -34.1922 128 20037.9 392.072 154 5.8286e-05
19700 0.00789023 0.00789023 0 0 1 238.627 230.012 8.6151 0 -30.064 -34.9332 128 20037.9 392.072 154 5.12353e-05
19800 0.0260818 0.0256355 0.00044628 0 0.982889 241.259 232.575 8.68399 0 -30.0737 -30.9518 128 20165.9 393.322 155 0.000165391
19900 0.0150948 0.0146138 0.000481069 0 0.96813 242.774 234.037 8.737 0 -30.0813 -31.305 128 20293.9 394.569 156 9.36781e-05
20000 0.0126167 0.0122862 0.000330563 0 0.9738 244.036 235.265 8.77081 0 -30.0922 -32.179 128 20421.9 395.811 157 7.82559e-05
