100 0.210857 0.192791 0.018066 0 0.914321 20.4016 19.2791 1.12256 0 -25.8834 -25.8834 2 427.882 57.293 51 0.00378021
200 0.307586 0.287048 0.0205379 0 0.933229 51.1776 47.9839 3.19371 0 -26.769 -27.356 2 527.882 63.6368 101 0.00284206
300 0.275601 0.255633 0.0199675 0 0.927549 78.7375 73.5472 5.19033 0 -27.0197 -27.4852 2 627.882 69.4031 151 0.00169293
400 0.373149 0.345117 0.0280323 0 0.924876 115.743 108.059 7.6846 0 -27.1168 -27.3234 2 727.882 74.7258 201 0.001717
500 0.446737 0.419037 0.0277001 0 0.937995 160.559 149.963 10.5962 0 -26.9283 -26.4416 2 827.882 79.6937 251 0.00166947
600 0.466756 0.436938 0.0298175 0 0.936118 207.218 193.656 13.5618 0 -27.0499 -27.4684 2 927.882 84.3697 301 0.00145162
700 0.550825 0.513174 0.0376505 0 0.931647 262.015 244.974 17.0411 0 -27.1374 -27.4683 2 1027.88 88.7997 351 0.00146204
800 0.533003 0.497164 0.0358393 0 0.93276 315.311 294.69 20.6211 0 -27.2861 -28.0172 2 1127.88 93.019 401 0.00123981
900 0.506423 0.472511 0.0339121 0 0.933036 366.005 341.941 24.0635 0 -27.3433 -27.6988 2 1227.88 97.0551 451 0.0010477
1000 0.577515 0.536275 0.0412402 0 0.92859 423.08 395.569 27.5107 0 -27.3582 -27.4535 2 1327.88 100.93 501 0.00107041
1100 0.622702 0.586131 0.0365704 0 0.941271 485.466 454.182 31.2838 0 -27.4808 -28.3124 2 1427.88 104.661 551 0.00106376
1200 0.612354 0.579728 0.0326263 0 0.94672 546.95 512.155 34.7953 0 -27.6443 -28.935 2 1527.88 108.264 601 0.000964606
1300 0.579466 0.551206 0.0282595 0 0.951232 605.217 567.275 37.9419 0 -27.786 -29.1163 2 1627.88 111.751 651 0.000846707
1400 0.588244 0.558744 0.0294994 0 0.949852 664.037 623.15 40.8874 0 -27.8613 -28.6366 2 1727.88 115.132 701 0.000797067
1500 0.586442 0.55616 0.0302815 0 0.948364 722.592 678.766 43.8258 0 -27.9429 -28.8678 2 1827.88 118.417 751 0.00074056
1600 0.587985 0.560321 0.0276641 0 0.952951 781.566 734.798 46.7685 0 -28.0243 -29.0221 2 1927.88 121.613 801 0.000699526
1700 0.558224 0.53129 0.0269341 0 0.95175 837.351 787.927 49.4239 0 -28.0914 -29.0306 2 2027.88 124.727 851 0.000624312
1800 0.563626 0.535717 0.0279099 0 0.950482 893.672 841.498 52.1738 0 -28.144 -28.9259 2 2127.88 127.766 901 0.00059458
1900 0.606185 0.57668 0.0295055 0 0.951326 954.444 899.166 55.2775 0 -28.2185 -29.3139 2 2227.88 130.733 951 0.000606393
2000 0.591977 0.562081 0.0298964 0 0.949497 1013.64 955.375 58.2639 0 -28.2922 -29.4804 2 2327.88 133.635 1001 0.000561519
2100 0.611996 0.582435 0.0295608 0 0.951698 1075.07 1013.62 61.4471 0 -28.3737 -29.7191 2 2427.88 136.475 1051 0.000554172
2200 0.576401 0.551585 0.0248159 0 0.956947 1133 1068.78 64.227 0 -28.4803 -30.4593 2 2527.88 139.257 1101 0.000500986
2300 0.639998 0.610357 0.0296406 0 0.953686 1197.05 1129.81 67.2413 0 -28.5477 -29.7391 2 2627.88 141.985 1151 0.000530284
2400 0.628132 0.59445 0.033682 0 0.946378 1259.52 1189.26 70.2642 0 -28.5916 -29.4334 2 2727.88 144.661 1201 0.000494962
2500 0.659448 0.622628 0.0368198 0 0.944166 1325.12 1251.52 73.5958 0 -28.6316 -29.3999 2 2827.88 147.289 1251 0.000497704
2600 0.661388 0.629346 0.0320426 0 0.951553 1391.37 1314.45 76.9105 0 -28.6731 -29.5033 2 2927.88 149.871 1301 0.00048374
2700 0.654995 0.623081 0.0319149 0 0.951275 1457.02 1376.76 80.2567 0 -28.7268 -29.8631 2 3027.88 152.409 1351 0.0004612
2800 0.651102 0.621255 0.0298474 0 0.954159 1522.34 1438.89 83.4484 0 -28.7824 -30.024 2 3127.88 154.905 1401 0.000443437
2900 0.637257 0.608912 0.0283445 0 0.955521 1586.17 1499.78 86.3879 0 -28.8215 -29.7542 2 3227.88 157.362 1451 0.00041965
3000 0.616056 0.588124 0.0279323 0 0.95466 1647.75 1558.59 89.1586 0 -28.8642 -29.9637 2 3327.88 159.781 1501 0.000391821
3100 0.816512 0.773746 0.0427665 0 0.947623 1728.64 1635.97 92.6739 0 -28.8742 -29.0788 2 3427.88 162.163 1551 0.000498869
3200 0.753622 0.719635 0.0339863 0 0.954903 1804.2 1707.93 96.273 0 -28.9038 -29.5788 2 3527.88 164.512 1601 0.000449491
3300 0.726419 0.697417 0.0290018 0 0.960076 1877.35 1777.67 99.6799 0 -28.9533 -30.1756 2 3627.88 166.827 1651 0.000422421
3400 0.65643 0.627841 0.0285888 0 0.956448 1943.12 1840.46 102.666 0 -28.9971 -30.248 2 3727.88 169.111 1701 0.000369101
3500 0.643543 0.616089 0.0274538 0 0.95734 2007.51 1902.06 105.45 0 -29.04 -30.3325 2 3827.88 171.364 1751 0.00035185
3600 0.694923 0.66711 0.0278128 0 0.959977 2077.06 1968.78 108.287 0 -29.0855 -30.4011 2 3927.88 173.588 1801 0.000370411
3700 0.698638 0.670635 0.0280034 0 0.959917 2146.98 2035.84 111.144 0 -29.1249 -30.2942 2 4027.88 175.784 1851 0.00036231
3800 0.682139 0.655704 0.0264351 0 0.961247 2215.22 2101.41 113.81 0 -29.1678 -30.517 2 4127.88 177.952 1901 0.000344926
3900 0.684995 0.661352 0.0236427 0 0.965485 2284.03 2167.54 116.484 0 -29.2028 -30.329 2 4227.88 180.095 1951 0.000338981
4000 0.692791 0.662447 0.0303439 0 0.9562 2352.98 2233.79 119.188 0 -29.2334 -30.2467 2 4327.88 182.212 2001 0.000331058
4100 0.65942 0.634063 0.0253571 0 0.961546 2418.97 2297.2 121.771 0 -29.267 -30.4647 2 4427.88 184.305 2051 0.000309148
4200 0.714717 0.686155 0.0285615 0 0.960038 2490.35 2365.81 124.543 0 -29.297 -30.3158 2 4527.88 186.375 2101 0.000326585
4300 0.689724 0.66516 0.0245643 0 0.964385 2559.57 2432.33 127.245 0 -29.3221 -30.2235 2 4627.88 188.422 2151 0.000309233
4400 0.711754 0.680905 0.0308486 0 0.956658 2630.42 2500.42 130.001 0 -29.3534 -30.4849 2 4727.88 190.447 2201 0.000309362
4500 0.688927 0.6599 0.0290273 0 0.957866 2699.29 2566.41 132.882 0 -29.3783 -30.3311 2 4827.88 192.45 2251 0.000293159
4600 0.748697 0.716005 0.0326925 0 0.956334 2774.1 2638.01 136.087 0 -29.3964 -30.0466 2 4927.88 194.433 2301 0.000311171
4700 0.701396 0.672589 0.0288068 0 0.958929 2844.55 2705.27 139.284 0 -29.4161 -30.1922 2 5027.88 196.396 2351 0.000286086
4800 0.740161 0.708684 0.0314773 0 0.957472 2918.54 2776.14 142.405 0 -29.4374 -30.2561 2 5127.88 198.339 2401 0.000295162
4900 0.739706 0.707471 0.0322356 0 0.956421 2992.45 2846.88 145.565 0 -29.4603 -30.3638 2 5227.88 200.264 2451 0.000288646
5000 0.782892 0.746983 0.0359086 0 0.954133 3070.65 2921.58 149.07 0 -29.4854 -30.449 2 5327.88 202.17 2501 0.000298674
5100 0.737712 0.703597 0.034115 0 0.953756 3144.43 2991.94 152.492 0 -29.5044 -30.2928 2 5427.88 204.059 2551 0.000275812
5200 0.756735 0.721732 0.0350033 0 0.953744 3220.12 3064.11 156.004 0 -29.5128 -29.8608 2 5527.88 205.93 2601 0.000277482
5300 0.781175 0.742349 0.0388257 0 0.950298 3298.04 3138.35 159.693 0 -29.5277 -30.1435 2 5627.88 207.784 2651 0.000280026
5400 0.772889 0.742537 0.0303523 0 0.960729 3375.79 3212.6 163.184 0 -29.5458 -30.3144 2 5727.88 209.622 2701 0.000274912
5500 0.753522 0.722369 0.0311527 0 0.958657 3451.15 3284.84 166.313 0 -29.5656 -30.4543 2 5827.88 211.444 2751 0.000262584
5600 0.790401 0.756988 0.0334131 0 0.957726 3530.36 3360.54 169.826 0 -29.5816 -30.2771 2 5927.88 213.25 2801 0.000270256
5700 0.73627 0.70665 0.0296201 0 0.95977 3604.33 3431.2 173.127 0 -29.6062 -30.7805 2 6027.88 215.042 2851 0.00024786
5800 0.7564 0.726716 0.0296847 0 0.960755 3680.28 3503.87 176.408 0 -29.6291 -30.7145 2 6127.88 216.818 2901 0.000250505
5900 0.746968 0.719017 0.0279511 0 0.962581 3755.28 3575.78 179.503 0 -29.6539 -30.8706 2 6227.88 218.58 2951 0.000243652
6000 0.813225 0.783867 0.0293579 0 0.963899 3836.76 3654.16 182.599 0 -29.6727 -30.5413 2 6327.88 220.328 3001 0.000261202
6100 0.754693 0.724309 0.0303839 0 0.95974 3912.32 3726.59 185.727 0 -29.6991 -31.0411 2 6427.88 222.062 3051 0.0002374
6200 0.763853 0.734392 0.0294606 0 0.961432 3988.73 3800.03 188.702 0 -29.7259 -31.0964 2 6527.88 223.783 3101 0.000236824
6300 0.735848 0.710513 0.0253345 0 0.965571 4062.63 3871.08 191.549 0 -29.7591 -31.553 2 6627.88 225.49 3151 0.000225488
6400 0.728868 0.701809 0.0270593 0 0.962875 4135.44 3941.27 194.176 0 -29.7786 -30.8622 2 6727.88 227.185 3201 0.000219247
6500 0.79408 0.763554 0.0305264 0 0.961558 4214.89 4017.62 197.268 0 -29.7913 -30.4526 2 6827.88 228.867 3251 0.000234867
6600 0.839956 0.806831 0.0331245 0 0.960564 4298.98 4098.3 200.675 0 -29.8015 -30.313 2 6927.88 230.537 3301 0.00024442
6700 0.782298 0.7535 0.0287987 0 0.963187 4377.43 4173.65 203.777 0 -29.8243 -31.0759 2 7027.88 232.195 3351 0.000224858
6800 0.848736 0.812187 0.0365489 0 0.956937 4462.05 4254.87 207.173 0 -29.8407 -30.6883 2 7127.88 233.841 3401 0.000238808
6900 0.792243 0.761128 0.0311143 0 0.960726 4541.51 4330.99 210.52 0 -29.8644 -31.1967 2 7227.88 235.475 3451 0.000220553
7000 0.754837 0.725321 0.0295154 0 0.960898 4616.99 4403.52 213.473 0 -29.8804 -30.8412 2 7327.88 237.099 3501 0.000207176
7100 0.743975 0.716899 0.0270762 0 0.963606 4691.6 4475.21 216.394 0 -29.9003 -31.1348 2 7427.88 238.711 3551 0.000201887
7200 0.733121 0.707784 0.0253368 0 0.96544 4765.16 4545.99 219.174 0 -29.9224 -31.3315 2 7527.88 240.313 3601 0.000196552
7300 0.748906 0.721983 0.0269226 0 0.964051 4840.1 4618.18 221.912 0 -29.9391 -30.9988 2 7627.88 241.903 3651 0.000197749
7400 0.696253 0.674636 0.0216164 0 0.968953 4910 4685.65 224.354 0 -29.9594 -31.3689 2 7727.88 243.484 3701 0.000182285
7500 0.733283 0.706455 0.0268277 0 0.963414 4983.08 4756.29 226.786 0 -29.9782 -31.2363 2 7827.88 245.054 3751 0.000188338
7600 0.827268 0.792351 0.0349167 0 0.957793 5065.3 4835.53 229.776 0 -29.9892 -30.6582 2 7927.88 246.615 3801 0.000208459
7700 0.886084 0.845637 0.0404473 0 0.954353 5153.44 4920.09 233.35 0 -29.9948 -30.3139 2 8027.88 248.165 3851 0.000219589
7800 0.921874 0.884136 0.0377384 0 0.959063 5245.88 5008.51 237.37 0 -30.0002 -30.3013 2 8127.88 249.706 3901 0.000226643
7900 0.895672 0.858296 0.0373751 0 0.958271 5335.57 5094.34 241.237 0 -30.0097 -30.5669 2 8227.88 251.237 3951 0.000217235
8000 0.865087 0.827164 0.0379235 0 0.956162 5421.97 5177.05 244.922 0 -30.0174 -30.4952 2 8327.88 252.759 4001 0.000206739
8100 0.852953 0.818808 0.0341451 0 0.959968 5507.32 5258.93 248.389 0 -30.0312 -30.9055 2 8427.88 254.272 4051 0.000202125
8200 0.827356 0.793766 0.0335896 0 0.959401 5590.06 5338.31 251.755 0 -30.0445 -30.9294 2 8527.88 255.777 4101 0.000193554
8300 0.807948 0.775435 0.0325135 0 0.959758 5670.76 5415.85 254.904 0 -30.0563 -30.8717 2 8627.88 257.272 4151 0.000186807
8400 0.830629 0.799797 0.0308323 0 0.962881 5753.97 5495.83 258.137 0 -30.0698 -30.9905 2 8727.88 258.758 4201 0.000190382
8500 0.836682 0.802741 0.0339405 0 0.959434 5837.44 5576.11 261.337 0 -30.0795 -30.7513 2 8827.88 260.237 4251 0.000188836
8600 0.831507 0.800126 0.0313813 0 0.96226 5920.68 5656.12 264.561 0 -30.0893 -30.7751 2 8927.88 261.706 4301 0.000186032
8700 0.797665 0.768393 0.0292719 0 0.963303 6000.54 5732.96 267.587 0 -30.1019 -31.0387 2 9027.88 263.168 4351 0.000176601
8800 0.842638 0.81241 0.0302279 0 0.964127 6085.02 5814.2 270.824 0 -30.1119 -30.8231 2 9127.88 264.621 4401 0.000184597
8900 0.793217 0.761281 0.0319364 0 0.959738 6164.12 5890.33 273.788 0 -30.1233 -30.9956 2 9227.88 266.067 4451 0.000171036
9000 0.812635 0.782038 0.030597 0 0.962348 6245.35 5968.53 276.823 0 -30.1338 -30.934 2 9327.88 267.505 4501 0.000173748
9100 0.876687 0.846413 0.030274 0 0.965468 6333.15 6053.17 279.982 0 -30.1475 -31.1215 2 9427.88 268.935 4551 0.000185984
9200 0.840608 0.811294 0.0293144 0 0.965127 6417.29 6134.3 282.992 0 -30.1597 -31.0779 2 9527.88 270.357 4601 0.00017633
9300 0.788376 0.762536 0.0258396 0 0.967224 6496.32 6210.56 285.764 0 -30.1759 -31.4889 2 9627.88 271.772 4651 0.000163951
9400 0.77652 0.749112 0.0274085 0 0.964703 6573.88 6285.47 288.413 0 -30.1901 -31.377 2 9727.88 273.18 4701 0.000159352
9500 0.800696 0.772076 0.0286201 0 0.964256 6653.97 6362.67 291.292 0 -30.2066 -31.5621 2 9827.88 274.581 4751 0.000162508
9600 0.797861 0.771823 0.0260384 0 0.967365 6733.99 6439.86 294.136 0 -30.2248 -31.7398 2 9927.88 275.974 4801 0.000160763
9700 0.805405 0.77639 0.0290145 0 0.963975 6814.45 6517.5 296.957 0 -30.2399 -31.5076 2 10027.9 277.361 4851 0.000160047
9800 0.791639 0.763386 0.0282533 0 0.96431 6893.65 6593.83 299.812 0 -30.2528 -31.3623 2 10127.9 278.74 4901 0.000155761
9900 0.76496 0.736001 0.0289591 0 0.962143 6969.99 6667.43 302.552 0 -30.2653 -31.3898 2 10227.9 280.113 4951 0.000148657
10000 0.788573 0.761204 0.0273694 0 0.965292 7049.07 6743.55 305.521 0 -30.2776 -31.3618 2 10327.9 281.479 5001 0.00015221
10100 0.792205 0.763744 0.0284611 0 0.964074 7128.38 6819.93 308.453 0 -30.2861 -31.0388 2 10427.9 282.838 5051 0.000151206
10200 0.77251 0.742368 0.0301427 0 0.960981 7205.39 6894.17 311.225 0 -30.2949 -31.1108 2 10527.9 284.191 5101 0.000145534
10300 0.906827 0.87522 0.031606 0 0.965147 7296.36 6981.69 314.67 0 -30.2933 -30.172 2 10627.9 285.538 5151 0.000169913
10400 0.830744 0.799172 0.0315719 0 0.961996 7379.38 7061.6 317.778 0 -30.2987 -30.7673 2 10727.9 286.878 5201 0.000153657
10500 0.846226 0.816141 0.0300851 0 0.964448 7464.09 7143.22 320.87 0 -30.3087 -31.1828 2 10827.9 288.212 5251 0.000155426
10600 0.827406 0.800013 0.0273928 0 0.966893 7547.01 7223.22 323.786 0 -30.3186 -31.2069 2 10927.9 289.54 5301 0.000150917
10700 0.813458 0.785427 0.0280308 0 0.965541 7628.32 7301.76 326.557 0 -30.3296 -31.3545 2 11027.9 290.861 5351 0.000146781
10800 0.868364 0.838586 0.0297779 0 0.965708 7715.32 7385.62 329.7 0 -30.3358 -30.8797 2 11127.9 292.177 5401 0.000155265
10900 0.846168 0.817728 0.0284396 0 0.96639 7800.1 7467.39 332.705 0 -30.343 -30.9965 2 11227.9 293.487 5451 0.000150014
11000 0.879398 0.845936 0.0334622 0 0.961949 7887.91 7551.99 335.924 0 -30.3506 -31.0259 2 11327.9 294.791 5501 0.000153779
11100 0.84834 0.819012 0.0293281 0 0.965429 7973.11 7633.89 339.225 0 -30.3602 -31.2531 2 11427.9 296.089 5551 0.000147543
11200 0.811744 0.781338 0.0304053 0 0.962543 8054.12 7712.02 342.093 0 -30.3699 -31.3196 2 11527.9 297.382 5601 0.0001395
11300 0.836032 0.80814 0.0278915 0 0.966638 8137.89 7792.84 345.058 0 -30.3773 -31.087 2 11627.9 298.669 5651 0.000143008
11400 0.796581 0.77049 0.0260919 0 0.967245 8217.79 7869.89 347.908 0 -30.3876 -31.4436 2 11727.9 299.951 5701 0.00013515
11500 0.837896 0.804309 0.0335869 0 0.959915 8301.19 7950.32 350.872 0 -30.3961 -31.2254 2 11827.9 301.227 5751 0.000139856
11600 0.861504 0.82979 0.0317145 0 0.963187 8387.45 8033.3 354.156 0 -30.4059 -31.3489 2 11927.9 302.497 5801 0.000143043
11700 0.858629 0.821451 0.0371775 0 0.956701 8472.92 8115.44 357.479 0 -30.4115 -30.9664 2 12027.9 303.763 5851 0.000140395
11800 0.856677 0.823947 0.0327304 0 0.961794 8558.57 8197.84 360.736 0 -30.4193 -31.1869 2 12127.9 305.023 5901 0.000139628
11900 0.792711 0.763924 0.0287866 0 0.963686 8637.97 8274.23 363.741 0 -30.4273 -31.2921 2 12227.9 306.278 5951 0.000128369
12000 0.870028 0.838352 0.031676 0 0.963592 8725.21 8358.06 367.144 0 -30.4333 -31.0321 2 12327.9 307.528 6001 0.000139702
12100 0.846963 0.811285 0.0356784 0 0.957875 8809.65 8439.19 370.459 0 -30.4382 -30.9439 2 12427.9 308.773 6051 0.000134075
12200 0.817044 0.787639 0.029405 0 0.964011 8891.44 8517.96 373.485 0 -30.447 -31.3888 2 12527.9 310.012 6101 0.0001291
12300 0.842261 0.808949 0.0333118 0 0.96045 8975.36 8598.85 376.506 0 -30.456 -31.4116 2 12627.9 311.247 6151 0.000131515
12400 0.864647 0.832718 0.0319288 0 0.963073 9061.89 8682.12 379.765 0 -30.4633 -31.2172 2 12727.9 312.477 6201 0.000134288
12500 0.867184 0.833605 0.0335792 0 0.961278 9148.41 8765.48 382.928 0 -30.4729 -31.482 2 12827.9 313.702 6251 0.000133355
12600 0.886095 0.855215 0.0308803 0 0.96515 9237.19 8851 386.189 0 -30.4785 -31.0594 2 12927.9 314.923 6301 0.000135727
12700 0.900548 0.864683 0.035865 0 0.960174 9327.11 8937.47 389.634 0 -30.4811 -30.7477 2 13027.9 316.138 6351 0.000136149
12800 0.904976 0.870514 0.0344625 0 0.961919 9417.85 9024.52 393.322 0 -30.4889 -31.2847 2 13127.9 317.349 6401 0.000135997
12900 0.895688 0.860076 0.0356124 0 0.96024 9507.39 9110.53 396.864 0 -30.4967 -31.3177 2 13227.9 318.556 6451 0.000133324
13000 0.886005 0.847693 0.0383122 0 0.956758 9595.67 9195.3 400.373 0 -30.5022 -31.0967 2 13327.9 319.757 6501 0.000130394
13100 0.876003 0.842304 0.0336988 0 0.961531 9683.49 9279.53 403.962 0 -30.5094 -31.2943 2 13427.9 320.955 6551 0.000128576
13200 0.86676 0.833295 0.033465 0 0.961391 9770.12 9362.86 407.26 0 -30.5175 -31.426 2 13527.9 322.148 6601 0.000126238
13300 0.901659 0.86825 0.0334094 0 0.962947 9860.45 9449.69 410.765 0 -30.5248 -31.3156 2 13627.9 323.336 6651 0.000130544
13400 0.989135 0.95205 0.0370856 0 0.962507 9959.52 9544.89 414.632 0 -30.5289 -30.9338 2 13727.9 324.52 6701 0.000142076
13500 0.96401 0.92607 0.0379402 0 0.960643 10055.9 9637.5 418.43 0 -30.5331 -30.9673 2 13827.9 325.7 6751 0.000137175
13600 0.893881 0.857965 0.0359159 0 0.95982 10145.4 9723.29 422.077 0 -30.5384 -31.1365 2 13927.9 326.876 6801 0.000126153
13700 0.908705 0.875775 0.03293 0 0.963762 10236.6 9810.87 425.713 0 -30.5458 -31.3727 2 14027.9 328.047 6851 0.000127832
13800 0.856185 0.822201 0.0339847 0 0.960307 10322 9893.09 428.882 0 -30.5549 -31.6343 2 14127.9 329.214 6901 0.000119142
13900 0.848242 0.819025 0.0292174 0 0.965555 10407 9974.99 432.038 0 -30.5638 -31.647 2 14227.9 330.377 6951 0.000117828
14000 0.794042 0.768906 0.0251356 0 0.968345 10486.6 10051.9 434.703 0 -30.575 -32.0481 2 14327.9 331.536 7001 0.000109828
14100 0.831686 0.804872 0.0268132 0 0.96776 10569.7 10132.4 437.358 0 -30.5842 -31.7415 2 14427.9 332.691 7051 0.00011415
14200 0.857204 0.829224 0.0279805 0 0.967358 10655.4 10215.3 440.088 0 -30.593 -31.6765 2 14527.9 333.842 7101 0.000116776
14300 0.892339 0.861934 0.0304051 0 0.965927 10744.5 10301.5 442.975 0 -30.6012 -31.5772 2 14627.9 334.989 7151 0.000120533
14400 0.949552 0.91567 0.0338823 0 0.964318 10839.3 10393.1 446.291 0 -30.6101 -31.6276 2 14727.9 336.132 7201 0.000127159
14500 0.903921 0.87448 0.0294406 0 0.96743 10930 10480.5 449.514 0 -30.6205 -31.8588 2 14827.9 337.271 7251 0.000120601
14600 0.908438 0.873839 0.034599 0 0.961914 11020.8 10567.9 452.921 0 -30.6265 -31.3468 2 14927.9 338.407 7301 0.000119688
14700 0.906679 0.870743 0.0359355 0 0.960366 11111.4 10655 456.42 0 -30.632 -31.3034 2 15027.9 339.538 7351 0.000118452
14800 0.869823 0.839865 0.0299582 0 0.965558 11198.7 10738.9 459.732 0 -30.6387 -31.4912 2 15127.9 340.666 7401 0.00011348
14900 0.834954 0.809599 0.0253553 0 0.969633 11282.5 10819.9 462.637 0 -30.6473 -31.7978 2 15227.9 341.79 7451 0.000108656
15000 0.913079 0.881755 0.0313242 0 0.965694 11373.7 10908.1 465.603 0 -30.6537 -31.4425 2 15327.9 342.911 7501 0.000117552
15100 0.925355 0.891084 0.0342713 0 0.962964 11466.1 10997.2 468.915 0 -30.6595 -31.3766 2 15427.9 344.028 7551 0.000118009
15200 0.854755 0.824252 0.0305036 0 0.964313 11551.8 11079.6 472.141 0 -30.6675 -31.7435 2 15527.9 345.141 7601 0.00010844
15300 0.853525 0.825941 0.0275844 0 0.967682 11637.3 11162.2 475.101 0 -30.6772 -31.9786 2 15627.9 346.25 7651 0.000107952
15400 0.822021 0.794476 0.0275452 0 0.966491 11719.7 11241.7 477.993 0 -30.6879 -32.2056 2 15727.9 347.356 7701 0.000103165
15500 0.792394 0.767469 0.0249256 0 0.968544 11799.1 11318.4 480.649 0 -30.6983 -32.23 2 15827.9 348.459 7751 9.90154e-05
15600 0.77968 0.754793 0.0248876 0 0.96808 11876.9 11393.9 483.054 0 -30.7082 -32.2124 2 15927.9 349.558 7801 9.67559e-05
15700 0.789365 0.765719 0.0236464 0 0.970044 11955.9 11470.5 485.447 0 -30.7207 -32.5958 2 16027.9 350.653 7851 9.75313e-05
15800 0.764903 0.742395 0.0225083 0 0.970574 12032.5 11544.7 487.805 0 -30.7314 -32.4076 2 16127.9 351.746 7901 9.39622e-05
15900 0.800054 0.77632 0.0237336 0 0.970335 12112.7 11622.3 490.338 0 -30.7404 -32.0903 2 16227.9 352.834 7951 9.7638e-05
16000 0.872159 0.842679 0.0294798 0 0.966199 12199.8 11706.6 493.167 0 -30.7454 -31.4373 2 16327.9 353.92 8001 0.000105322
16100 0.839838 0.812233 0.0276048 0 0.967131 12284 11787.8 496.146 0 -30.7509 -31.5475 2 16427.9 355.002 8051 0.000100886
16200 0.836964 0.806787 0.0301774 0 0.963944 12367.6 11868.5 499.099 0 -30.7557 -31.4564 2 16527.9 356.081 8101 9.9591e-05
16300 0.823093 0.795418 0.0276748 0 0.966377 12450.2 11948 502.117 0 -30.7621 -31.7269 2 16627.9 357.156 8151 9.75853e-05
16400 0.804595 0.778074 0.026521 0 0.967038 12530.9 12025.8 505.029 0 -30.7713 -32.1919 2 16727.9 358.229 8201 9.48755e-05
16500 0.821037 0.793447 0.0275903 0 0.966396 12612.9 12105.2 507.736 0 -30.7783 -31.8379 2 16827.9 359.298 8251 9.61637e-05
16600 0.841852 0.814205 0.0276464 0 0.96716 12697.2 12186.6 510.597 0 -30.7841 -31.6646 2 16927.9 360.364 8301 9.80852e-05
16700 0.835102 0.808455 0.0266467 0 0.968092 12780.9 12267.5 513.456 0 -30.7916 -31.9262 2 17027.9 361.427 8351 9.68094e-05
16800 0.870269 0.841805 0.0284632 0 0.967294 12868 12351.6 516.346 0 -30.7959 -31.4239 2 17127.9 362.487 8401 0.000100203
16900 0.821002 0.794381 0.0266212 0 0.967575 12950.2 12431.1 519.098 0 -30.8024 -31.8126 2 17227.9 363.543 8451 9.39985e-05
17000 0.788089 0.764045 0.0240445 0 0.96949 13029.2 12507.5 521.746 0 -30.8097 -32.005 2 17327.9 364.597 8501 8.98771e-05
17100 0.807777 0.783421 0.024356 0 0.969848 13110.2 12585.8 524.336 0 -30.8181 -32.1722 2 17427.9 365.647 8551 9.16175e-05
17200 0.815918 0.789834 0.0260843 0 0.968031 13191.7 12664.8 526.872 0 -30.8246 -31.8675 2 17527.9 366.695 8601 9.18305e-05
17300 0.804497 0.779061 0.0254358 0 0.968383 13272.2 12742.7 529.491 0 -30.8326 -32.1432 2 17627.9 367.739 8651 9.00544e-05
17400 0.799944 0.775228 0.024716 0 0.969103 13352.3 12820.2 532.037 0 -30.84 -32.074 2 17727.9 368.781 8701 8.90965e-05
17500 0.874629 0.848226 0.0264037 0 0.969812 13439.9 12905.1 534.842 0 -30.8455 -31.6885 2 17827.9 369.82 8751 9.6929e-05
17600 0.821433 0.794628 0.0268048 0 0.967368 13521.9 12984.5 537.378 0 -30.8518 -31.8841 2 17927.9 370.855 8801 9.02883e-05
17700 0.842467 0.816122 0.0263445 0 0.968729 13606.2 13066.1 540.037 0 -30.8553 -31.4085 2 18027.9 371.888 8851 9.22068e-05
17800 0.889205 0.85888 0.0303253 0 0.965896 13695.1 13152 543.041 0 -30.8593 -31.474 2 18127.9 372.918 8901 9.64925e-05
17900 0.861779 0.830105 0.0316737 0 0.963246 13781.2 13235 546.179 0 -30.8629 -31.432 2 18227.9 373.945 8951 9.27388e-05
18000 0.841826 0.811259 0.0305671 0 0.96369 13865.4 13316.2 549.276 0 -30.866 -31.3794 2 18327.9 374.97 9001 9.01299e-05
18100 0.84226 0.814342 0.0279185 0 0.966853 13949.9 13397.6 552.333 0 -30.8698 -31.4925 2 18427.9 375.991 9051 8.99726e-05
18200 0.819586 0.790146 0.0294396 0 0.96408 14031.8 13476.6 555.237 0 -30.8743 -31.6372 2 18527.9 377.01 9101 8.68197e-05
18300 0.819331 0.791415 0.0279158 0 0.965929 14113.8 13555.7 558.091 0 -30.88 -31.851 2 18627.9 378.026 9151 8.6484e-05
18400 0.830349 0.800831 0.0295178 0 0.964451 14196.8 13635.8 561.007 0 -30.8854 -31.8101 2 18727.9 379.039 9201 8.70374e-05
18500 0.881889 0.849149 0.0327403 0 0.962875 14284.8 13720.7 564.087 0 -30.8881 -31.3326 2 18827.9 380.05 9251 9.17899e-05
18600 0.923066 0.886326 0.0367394 0 0.960199 14377 13809.4 567.586 0 -30.8902 -31.2112 2 18927.9 381.058 9301 9.52937e-05
18700 0.92108 0.8837 0.0373805 0 0.959417 14469 13897.7 571.237 0 -30.8937 -31.4357 2 19027.9 382.063 9351 9.45033e-05
18800 0.930155 0.894021 0.0361343 0 0.961152 14562.1 13987.1 574.946 0 -30.8964 -31.3114 2 19127.9 383.066 9401 9.50985e-05
18900 0.871491 0.83543 0.0360614 0 0.958621 14649.1 14070.7 578.416 0 -30.9 -31.5082 2 19227.9 384.066 9451 8.83959e-05
19000 0.871008 0.836756 0.0342527 0 0.960675 14736.2 14154.4 581.85 0 -30.9028 -31.3709 2 19327.9 385.063 9501 8.80703e-05
19100 0.846335 0.813805 0.0325299 0 0.961564 14820.8 14235.7 585.056 0 -30.9078 -31.7783 2 19427.9 386.058 9551 8.52063e-05
19200 0.934527 0.895183 0.0393439 0 0.9579 14913.9 14325.3 588.671 0 -30.9091 -31.1187 2 19527.9 387.051 9601 9.32385e-05
19300 0.878555 0.847988 0.030567 0 0.965208 15002.2 14410.1 592.159 0 -30.9141 -31.7582 2 19627.9 388.04 9651 8.78653e-05
19400 0.795882 0.770242 0.02564 0 0.967784 15082 14487.1 594.902 0 -30.9209 -32.2082 2 19727.9 389.027 9701 7.93982e-05
19500 0.826244 0.800045 0.0261989 0 0.968292 15164.6 14567.1 597.538 0 -30.9287 -32.3489 2 19827.9 390.012 9751 8.20475e-05
19600 0.857218 0.827619 0.0295984 0 0.965472 15250.3 14649.9 600.424 0 -30.9344 -31.934 2 19927.9 390.994 9801 8.44424e-05
19700 0.844102 0.816071 0.0280312 0 0.966792 15334.7 14731.5 603.269 0 -30.9392 -31.8078 2 20027.9 391.974 9851 8.28414e-05
19800 0.824299 0.796077 0.0282218 0 0.965763 15417.1 14811.1 606.077 0 -30.9436 -31.7613 2 20127.9 392.952 9901 8.04037e-05
19900 0.803261 0.776644 0.0266172 0 0.966864 15497.6 14888.7 608.854 0 -30.9491 -32.0037 2 20227.9 393.927 9951 7.80469e-05
20000 0.851977 0.819803 0.0321738 0 0.962236 15582.6 14970.7 611.871 0 -30.9539 -31.8289 2 20327.9 394.899 10001 8.19721e-05
