100 0.163508 0.149442 0.0140664 0 0.913971 15.9897 14.9442 1.04551 0 -26.5673 -26.5673 2 427.882 57.293 51 0.00293024
200 0.213461 0.1976 0.0158607 0 0.925697 37.3949 34.7042 2.69066 0 -27.1079 -27.5118 2 527.882 63.6368 101 0.00195644
300 0.247073 0.22911 0.017963 0 0.927297 62.0984 57.6152 4.48321 0 -27.1514 -27.2173 2 627.882 69.4031 151 0.00151728
400 0.296471 0.275356 0.0211153 0 0.928778 91.7167 85.1508 6.5659 0 -27.3141 -27.6551 2 727.882 74.7258 201 0.00136993
500 0.334499 0.310442 0.0240573 0 0.92808 125.085 116.195 8.89028 0 -27.5215 -28.0916 2 827.882 79.6937 251 0.00123682
600 0.348057 0.323386 0.0246709 0 0.929118 159.803 148.534 11.2694 0 -27.6021 -27.8926 2 927.882 84.3697 301 0.00107437
700 0.403964 0.37659 0.0273732 0 0.932238 200.028 186.193 13.8356 0 -27.6851 -28.0148 2 1027.88 88.7997 351 0.00107291
800 0.422668 0.396898 0.02577 0 0.93903 242.347 225.882 16.4642 0 -27.8423 -28.5855 2 1127.88 93.019 401 0.000989771
900 0.408517 0.385021 0.0234963 0 0.942484 283.45 264.385 19.0654 0 -27.9685 -28.7127 2 1227.88 97.0551 451 0.000853705
1000 0.441763 0.413714 0.0280489 0 0.936507 327.439 305.756 21.6833 0 -28.0949 -28.9093 2 1327.88 100.93 501 0.000825776
1100 0.480426 0.451025 0.0294014 0 0.938801 375.312 350.858 24.4539 0 -28.2205 -29.0797 2 1427.88 104.661 551 0.000818557
1200 0.498395 0.466009 0.0323858 0 0.93502 424.849 397.459 27.3897 0 -28.2539 -28.5068 2 1527.88 108.264 601 0.00077539
1300 0.60311 0.570481 0.0326288 0 0.945899 485.381 454.507 30.8733 0 -28.3523 -29.043 2 1627.88 111.751 651 0.000876315
1400 0.564334 0.53078 0.0335538 0 0.940543 541.808 507.585 34.2228 0 -28.441 -29.2042 2 1727.88 115.132 701 0.000757175
1500 0.592579 0.559943 0.0326362 0 0.944925 601.29 563.58 37.7099 0 -28.5078 -29.1161 2 1827.88 118.417 751 0.000745597
1600 0.546214 0.514486 0.0317276 0 0.941914 655.842 615.028 40.8134 0 -28.5557 -29.083 2 1927.88 121.613 801 0.000642305
1700 0.544996 0.515472 0.0295237 0 0.945828 710.541 666.576 43.9656 0 -28.6062 -29.2127 2 2027.88 124.727 851 0.000605725
1800 0.513548 0.48839 0.025158 0 0.951011 762.2 715.415 46.7851 0 -28.6707 -29.5569 2 2127.88 127.766 901 0.000542053
1900 0.525253 0.495512 0.0297415 0 0.943377 814.469 764.966 49.5034 0 -28.7329 -29.6402 2 2227.88 130.733 951 0.000521043
2000 0.597848 0.566466 0.0313826 0 0.947507 874.283 821.612 52.6708 0 -28.7589 -29.1134 2 2327.88 133.635 1001 0.0005659
2100 0.601415 0.570932 0.0304826 0 0.949315 934.496 878.706 55.79 0 -28.7933 -29.292 2 2427.88 136.475 1051 0.000543227
2200 0.577933 0.545505 0.0324283 0 0.943889 992.013 933.256 58.7572 0 -28.805 -28.9958 2 2527.88 139.257 1101 0.000495463
2300 0.592667 0.564424 0.0282429 0 0.952346 1051.61 989.698 61.9116 0 -28.8201 -29.0704 2 2627.88 141.985 1151 0.000490377
2400 0.592214 0.561061 0.0311532 0 0.947395 1110.68 1045.8 64.8717 0 -28.8734 -29.8225 2 2727.88 144.661 1201 0.000467161
2500 0.59683 0.568343 0.0284871 0 0.952269 1170.51 1102.64 67.87 0 -28.9053 -29.4974 2 2827.88 147.289 1251 0.000454311
2600 0.565083 0.536787 0.0282962 0 0.949926 1226.98 1156.32 70.6625 0 -28.9273 -29.3832 2 2927.88 149.871 1301 0.000412596
2700 0.585215 0.558093 0.0271219 0 0.953655 1285.5 1212.13 73.3771 0 -28.9584 -29.6112 2 3027.88 152.409 1351 0.000413096
2800 0.62169 0.592244 0.0294456 0 0.952636 1347.54 1271.35 76.1838 0 -29.0132 -30.1491 2 3127.88 154.905 1401 0.00042273
2900 0.613977 0.585094 0.0288834 0 0.952957 1409.05 1329.86 79.1887 0 -29.0602 -30.0885 2 3227.88 157.362 1451 0.000403235
3000 0.591051 0.564536 0.0265145 0 0.95514 1468.39 1386.31 82.0718 0 -29.0986 -30.011 2 3327.88 159.781 1501 0.000376107
3100 0.569037 0.54311 0.0259267 0 0.954438 1525.34 1440.63 84.7149 0 -29.1371 -30.1302 2 3427.88 162.163 1551 0.000350168
3200 0.564694 0.539307 0.0253866 0 0.955044 1581.79 1494.56 87.2292 0 -29.1739 -30.169 2 3527.88 164.512 1601 0.000336857
3300 0.598705 0.569887 0.028818 0 0.951866 1641.5 1551.54 89.955 0 -29.2079 -30.1076 2 3627.88 166.827 1651 0.000345177
3400 0.569835 0.545039 0.0247959 0 0.956486 1698.66 1606.05 92.6075 0 -29.2435 -30.2673 2 3727.88 169.111 1701 0.000320423
3500 0.539262 0.515496 0.0237661 0 0.955928 1752.47 1657.6 94.8734 0 -29.2792 -30.4059 2 3827.88 171.364 1751 0.000294401
3600 0.592503 0.569039 0.0234637 0 0.960399 1811.97 1714.5 97.4638 0 -29.3192 -30.4971 2 3927.88 173.588 1801 0.000315957
3700 0.632875 0.599143 0.0337314 0 0.946701 1874.65 1774.42 100.232 0 -29.3363 -29.8299 2 4027.88 175.784 1851 0.000323686
3800 0.647062 0.618273 0.0287891 0 0.955508 1939.54 1836.24 103.292 0 -29.3569 -29.9537 2 4127.88 177.952 1901 0.000325236
3900 0.652159 0.624919 0.0272404 0 0.95823 2004.97 1898.74 106.234 0 -29.386 -30.2485 2 4227.88 180.095 1951 0.000320307
4000 0.609409 0.579028 0.0303813 0 0.950146 2065.51 1956.64 108.875 0 -29.4122 -30.2798 2 4327.88 182.212 2001 0.000289369
4100 0.632135 0.605102 0.0270322 0 0.957237 2128.86 2017.15 111.713 0 -29.4357 -30.1995 2 4427.88 184.305 2051 0.000295028
4200 0.624789 0.597938 0.026851 0 0.957024 2191.34 2076.94 114.402 0 -29.4625 -30.3778 2 4527.88 186.375 2101 0.000284597
4300 0.572438 0.551604 0.0208337 0 0.963605 2248.81 2132.1 116.704 0 -29.4973 -30.8221 2 4627.88 188.422 2151 0.000256441
4400 0.578605 0.558178 0.0204271 0 0.964696 2306.92 2187.92 119 0 -29.5353 -31.0086 2 4727.88 190.447 2201 0.000253602
4500 0.587102 0.563236 0.0238657 0 0.95935 2365.46 2244.24 121.211 0 -29.5612 -30.5821 2 4827.88 192.45 2251 0.000250216
4600 0.60455 0.579021 0.0255287 0 0.957772 2425.66 2302.15 123.518 0 -29.592 -30.8 2 4927.88 194.433 2301 0.000251639
4700 0.613744 0.589817 0.0239278 0 0.961013 2487.21 2361.13 126.077 0 -29.6207 -30.7534 2 5027.88 196.396 2351 0.000250879
4800 0.573959 0.550734 0.0232246 0 0.959536 2544.66 2416.2 128.459 0 -29.6492 -30.883 2 5127.88 198.339 2401 0.000229377
4900 0.544499 0.525291 0.0192076 0 0.964724 2599.24 2468.73 130.511 0 -29.6867 -31.433 2 5227.88 200.264 2451 0.000214317
5000 0.582041 0.558453 0.0235881 0 0.959474 2657.18 2524.58 132.605 0 -29.7195 -31.1903 2 5327.88 202.17 2501 0.000223292
5100 0.593864 0.571701 0.0221628 0 0.96268 2716.74 2581.75 134.995 0 -29.7529 -31.2456 2 5427.88 204.059 2551 0.000224109
5200 0.64423 0.617571 0.026659 0 0.958619 2781.02 2643.5 137.514 0 -29.7857 -31.1724 2 5527.88 205.93 2601 0.000237436
5300 0.662582 0.632757 0.0298246 0 0.954987 2847.04 2706.78 140.259 0 -29.8086 -30.7716 2 5627.88 207.784 2651 0.000238686
5400 0.671656 0.645384 0.0262718 0 0.960885 2914.42 2771.32 143.103 0 -29.8268 -30.5976 2 5727.88 209.622 2701 0.000238943
5500 0.641916 0.613093 0.0288237 0 0.955097 2978.58 2832.63 145.957 0 -29.8443 -30.6395 2 5827.88 211.444 2751 0.000222862
5600 0.649009 0.622622 0.0263872 0 0.959342 3043.68 2894.89 148.793 0 -29.8726 -31.1632 2 5927.88 213.25 2801 0.000222286
5700 0.650155 0.619911 0.0302444 0 0.953481 3108.39 2956.88 151.509 0 -29.8961 -31.0052 2 6027.88 215.042 2851 0.000217436
5800 0.721635 0.693017 0.0286179 0 0.960343 3180.69 3026.18 154.507 0 -29.9149 -30.7233 2 6127.88 216.818 2901 0.000238889
5900 0.676036 0.64598 0.0300568 0 0.95554 3248.13 3090.78 157.35 0 -29.9263 -30.4613 2 6227.88 218.58 2951 0.000218902
6000 0.615559 0.59116 0.0243996 0 0.960362 3309.94 3149.9 160.041 0 -29.9463 -30.9985 2 6327.88 220.328 3001 0.000196988
6100 0.671373 0.642635 0.0287378 0 0.957195 3376.84 3214.16 162.684 0 -29.9604 -30.6592 2 6427.88 222.062 3051 0.000210631
6200 0.666662 0.642936 0.0237265 0 0.96441 3443.9 3278.45 165.451 0 -29.9868 -31.317 2 6527.88 223.783 3101 0.000207332
6300 0.645246 0.62041 0.0248355 0 0.96151 3508.41 3340.49 167.92 0 -30.0115 -31.3282 2 6627.88 225.49 3151 0.000196893
6400 0.722198 0.69509 0.0271079 0 0.962465 3580.55 3410 170.551 0 -30.0289 -30.8756 2 6727.88 227.185 3201 0.000217148
6500 0.754899 0.723946 0.0309527 0 0.958998 3655.93 3482.4 173.532 0 -30.0434 -30.7327 2 6827.88 228.867 3251 0.000222684
6600 0.706889 0.679532 0.0273576 0 0.961299 3726.89 3550.35 176.538 0 -30.0693 -31.4045 2 6927.88 230.537 3301 0.000205856
6700 0.678839 0.651997 0.0268413 0 0.96046 3794.77 3615.55 179.215 0 -30.0913 -31.2945 2 7027.88 232.195 3351 0.000194568
6800 0.761341 0.724178 0.0371633 0 0.951187 3870.25 3687.97 182.282 0 -30.0993 -30.5061 2 7127.88 233.841 3401 0.000212931
6900 0.73009 0.697678 0.0324122 0 0.955605 3943.21 3757.74 185.47 0 -30.1101 -30.6816 2 7227.88 235.475 3451 0.000202167
7000 0.691728 0.663637 0.0280909 0 0.95939 4012.66 3824.1 188.562 0 -30.1253 -30.987 2 7327.88 237.099 3501 0.000189556
7100 0.689969 0.661775 0.0281945 0 0.959137 4081.71 3890.28 191.433 0 -30.1372 -30.8276 2 7427.88 238.711 3551 0.000186363
7200 0.723396 0.690936 0.0324605 0 0.955128 4153.78 3959.37 194.409 0 -30.1464 -30.67 2 7527.88 240.313 3601 0.000191873
7300 0.726352 0.697205 0.0291478 0 0.959871 4226.69 4029.09 197.598 0 -30.1583 -30.8344 2 7627.88 241.903 3651 0.000190963
7400 0.681345 0.656261 0.0250844 0 0.963184 4295.1 4094.72 200.386 0 -30.1767 -31.3123 2 7727.88 243.484 3701 0.00017732
7500 0.682118 0.655549 0.0265685 0 0.96105 4363.31 4160.27 203.034 0 -30.1881 -30.9049 2 7827.88 245.054 3751 0.000174767
7600 0.676984 0.650163 0.0268209 0 0.960382 4431.14 4225.29 205.855 0 -30.2057 -31.3402 2 7927.88 246.615 3801 0.00017105
7700 0.738493 0.709956 0.0285367 0 0.961358 4504.93 4296.28 208.642 0 -30.2226 -31.2368 2 8027.88 248.165 3851 0.000184356
7800 0.745493 0.715249 0.0302444 0 0.95943 4579.43 4367.81 211.617 0 -30.2383 -31.1867 2 8127.88 249.706 3901 0.00018335
7900 0.759421 0.730881 0.0285393 0 0.96242 4655.62 4440.9 214.728 0 -30.2535 -31.1699 2 8227.88 251.237 3951 0.000184986
8000 0.700428 0.674928 0.0255007 0 0.963593 4725.92 4508.39 217.529 0 -30.2709 -31.4209 2 8327.88 252.759 4001 0.00016869
8100 0.712141 0.685421 0.02672 0 0.962479 4797.32 4576.93 220.391 0 -30.2853 -31.2392 2 8427.88 254.272 4051 0.000169198
8200 0.68007 0.654458 0.0256114 0 0.96234 4865.34 4642.38 222.959 0 -30.2993 -31.2851 2 8527.88 255.777 4101 0.000159585
8300 0.721363 0.695257 0.0261062 0 0.96381 4937.47 4711.9 225.563 0 -30.3054 -30.7157 2 8627.88 257.272 4151 0.000167492
8400 0.712492 0.68461 0.0278827 0 0.960866 5008.58 4780.36 228.218 0 -30.3171 -31.1354 2 8727.88 258.758 4201 0.000162964
8500 0.663053 0.639941 0.0231119 0 0.965143 5075.17 4844.36 230.811 0 -30.3328 -31.5146 2 8827.88 260.237 4251 0.000150539
8600 0.681528 0.6572 0.0243276 0 0.964304 5143.39 4910.08 233.316 0 -30.3453 -31.2684 2 8927.88 261.706 4301 0.000152802
8700 0.686131 0.662873 0.0232579 0 0.966103 5212.11 4976.37 235.747 0 -30.3539 -31.0006 2 9027.88 263.168 4351 0.00015235
8800 0.747859 0.718975 0.0288839 0 0.961378 5286.78 5048.26 238.52 0 -30.3619 -30.9216 2 9127.88 264.621 4401 0.000163366
8900 0.767499 0.736645 0.0308536 0 0.9598 5363.48 5121.93 241.551 0 -30.3761 -31.3538 2 9227.88 266.067 4451 0.000165501
9000 0.771124 0.742426 0.0286979 0 0.962784 5440.73 5196.17 244.563 0 -30.3941 -31.6408 2 9327.88 267.505 4501 0.000164947
9100 0.753533 0.723547 0.0299867 0 0.960205 5516.07 5268.52 247.55 0 -30.4012 -30.9194 2 9427.88 268.935 4551 0.000158986
9200 0.719681 0.691549 0.0281324 0 0.96091 5588.07 5337.68 250.388 0 -30.4105 -31.1205 2 9527.88 270.357 4601 0.000150304
9300 0.754635 0.724799 0.029836 0 0.960463 5663.61 5410.16 253.455 0 -30.4136 -30.6424 2 9627.88 271.772 4651 0.000155837
9400 0.741787 0.71484 0.0269467 0 0.963673 5738.04 5481.64 256.396 0 -30.4233 -31.159 2 9727.88 273.18 4701 0.000152061
9500 0.784379 0.753597 0.0307817 0 0.960757 5816.55 5557 259.547 0 -30.4293 -30.8701 2 9827.88 274.581 4751 0.000158619
9600 0.764595 0.731491 0.0331043 0 0.956703 5892.86 5630.15 262.711 0 -30.4346 -30.8387 2 9927.88 275.974 4801 0.000152362
9700 0.787914 0.756343 0.0315709 0 0.959931 5971.88 5705.79 266.098 0 -30.4418 -30.9816 2 10027.9 277.361 4851 0.000155915
9800 0.716037 0.687679 0.028358 0 0.960396 6043.64 5774.55 269.089 0 -30.4505 -31.1695 2 10127.9 278.74 4901 0.000140314
9900 0.68682 0.660954 0.0258667 0 0.962338 6112.53 5840.65 271.876 0 -30.4629 -31.5497 2 10227.9 280.113 4951 0.000133499
10000 0.774895 0.743015 0.0318801 0 0.958859 6189.76 5914.95 274.812 0 -30.4642 -30.5682 2 10327.9 281.479 5001 0.000148573
10100 0.775394 0.746445 0.0289486 0 0.962666 6267.39 5989.6 277.794 0 -30.4739 -31.2524 2 10427.9 282.838 5051 0.000147782
10200 0.773099 0.743325 0.0297744 0 0.961487 6344.8 6063.93 280.868 0 -30.4809 -31.042 2 10527.9 284.191 5101 0.000145721
10300 0.751879 0.720483 0.0313964 0 0.958243 6419.89 6135.98 283.909 0 -30.4886 -31.1408 2 10627.9 285.538 5151 0.000139872
10400 0.768313 0.737191 0.031122 0 0.959493 6496.62 6209.7 286.922 0 -30.4952 -31.05 2 10727.9 286.878 5201 0.00014174
10500 0.828814 0.79284 0.0359738 0 0.956596 6579.39 6288.98 290.413 0 -30.4998 -30.8618 2 10827.9 288.212 5251 0.000150988
10600 0.832725 0.798079 0.0346455 0 0.958395 6662.87 6368.79 294.079 0 -30.5042 -30.8499 2 10927.9 289.54 5301 0.000150553
10700 0.83224 0.796687 0.0355534 0 0.95728 6746.09 6448.46 297.629 0 -30.5063 -30.6721 2 11027.9 290.861 5351 0.000148886
10800 0.881166 0.842371 0.038795 0 0.955973 6834.33 6532.69 301.637 0 -30.5028 -30.2329 2 11127.9 292.177 5401 0.000155966
10900 0.780485 0.750932 0.0295532 0 0.962135 6912.81 6607.79 305.024 0 -30.5066 -30.8433 2 11227.9 293.487 5451 0.00013776
11000 0.780191 0.748553 0.0316375 0 0.959449 6990.71 6682.64 308.068 0 -30.5115 -30.9471 2 11327.9 294.791 5501 0.000136076
11100 0.790995 0.761186 0.0298097 0 0.962314 7069.88 6758.76 311.116 0 -30.52 -31.2679 2 11427.9 296.089 5551 0.000137126
11200 0.807983 0.776887 0.0310953 0 0.961515 7150.68 6836.45 314.233 0 -30.5244 -30.9134 2 11527.9 297.382 5601 0.000138705
11300 0.799294 0.769734 0.0295599 0 0.963018 7230.83 6913.42 317.408 0 -30.5314 -31.1489 2 11627.9 298.669 5651 0.000136212
11400 0.769919 0.742138 0.0277803 0 0.963918 7308.03 6987.64 320.389 0 -30.5403 -31.3769 2 11727.9 299.951 5701 0.000130177
11500 0.757107 0.729436 0.027671 0 0.963452 7383.79 7060.58 323.208 0 -30.5519 -31.6751 2 11827.9 301.227 5751 0.000126836
11600 0.762159 0.735355 0.0268035 0 0.964832 7460.13 7134.12 326.016 0 -30.5586 -31.2021 2 11927.9 302.497 5801 0.000126764
11700 0.729897 0.706064 0.0238327 0 0.967348 7533.33 7204.72 328.612 0 -30.569 -31.6306 2 12027.9 303.763 5851 0.000120674
11800 0.798735 0.768372 0.0303624 0 0.961987 7613.04 7281.56 331.479 0 -30.575 -31.1411 2 12127.9 305.023 5901 0.00013021
11900 0.834389 0.799177 0.0352114 0 0.9578 7696.11 7361.48 334.634 0 -30.5827 -31.2859 2 12227.9 306.278 5951 0.000134293
12000 0.860474 0.827496 0.0329783 0 0.961674 7782.39 7444.23 338.162 0 -30.5864 -30.9206 2 12327.9 307.528 6001 0.000137893
12100 0.884997 0.849981 0.0350161 0 0.960434 7870.89 7529.23 341.667 0 -30.5879 -30.7142 2 12427.9 308.773 6051 0.000140469
12200 0.862018 0.828291 0.0337267 0 0.960875 7957.26 7612.05 345.201 0 -30.5925 -31.0154 2 12527.9 310.012 6101 0.000135763
12300 0.892158 0.854042 0.0381161 0 0.957276 8046.26 7697.46 348.798 0 -30.5969 -30.9892 2 12627.9 311.247 6151 0.000138846
12400 0.895267 0.858759 0.0365081 0 0.959221 8135.89 7783.33 352.556 0 -30.6011 -30.9775 2 12727.9 312.477 6201 0.000138487
12500 0.860502 0.826827 0.0336754 0 0.960865 8222.1 7866.02 356.085 0 -30.6078 -31.2393 2 12827.9 313.702 6251 0.000132271
12600 0.852843 0.816608 0.0362353 0 0.957512 8307.26 7947.68 359.582 0 -30.6113 -30.9485 2 12927.9 314.923 6301 0.0001296
12700 0.854598 0.823196 0.0314024 0 0.963255 8392.95 8030 362.952 0 -30.6159 -31.0673 2 13027.9 316.138 6351 0.000129617
12800 0.816096 0.791224 0.0248719 0 0.969523 8475.07 8109.12 365.952 0 -30.6222 -31.2645 2 13127.9 317.349 6401 0.000123609
12900 0.745549 0.721133 0.0244159 0 0.967251 8549.57 8181.23 368.335 0 -30.6317 -31.712 2 13227.9 318.556 6451 0.000111786
13000 0.795223 0.769808 0.0254148 0 0.968041 8629.16 8258.21 370.945 0 -30.6391 -31.4389 2 13327.9 319.757 6501 0.000118414
13100 0.806463 0.778201 0.0282622 0 0.964955 8709.69 8336.03 373.653 0 -30.6453 -31.3089 2 13427.9 320.955 6551 0.000118791
13200 0.797137 0.771118 0.0260183 0 0.96736 8789.61 8413.15 376.461 0 -30.653 -31.4922 2 13527.9 322.148 6601 0.000116818
13300 0.748249 0.723537 0.0247114 0 0.966974 8864.57 8485.5 379.075 0 -30.6624 -31.7604 2 13627.9 323.336 6651 0.000108786
13400 0.845118 0.815028 0.0300896 0 0.964396 8949.08 8567 382.075 0 -30.668 -31.2582 2 13727.9 324.52 6701 0.000121628
13500 0.799207 0.767612 0.0315951 0 0.960467 9028.88 8643.76 385.118 0 -30.6746 -31.4116 2 13827.9 325.7 6751 0.000113703
13600 0.83295 0.801821 0.031129 0 0.962628 9112.13 8723.95 388.184 0 -30.6814 -31.4154 2 13927.9 326.876 6801 0.000117897
13700 0.785299 0.760158 0.025141 0 0.967985 9191.06 8799.96 391.095 0 -30.6914 -31.8531 2 14027.9 328.047 6851 0.000110956
13800 0.737785 0.712041 0.0257438 0 0.965107 9264.67 8871.17 393.504 0 -30.7019 -32.0094 2 14127.9 329.214 6901 0.000103179
13900 0.766959 0.739788 0.0271707 0 0.964573 9341.14 8945.14 395.999 0 -30.7064 -31.2524 2 14227.9 330.377 6951 0.000106429
14000 0.79608 0.766609 0.0294706 0 0.96298 9420.45 9021.81 398.647 0 -30.71 -31.1384 2 14327.9 331.536 7001 0.0001095
14100 0.833641 0.805193 0.0284486 0 0.965874 9503.94 9102.32 401.615 0 -30.7138 -31.1399 2 14427.9 332.691 7051 0.000114196
14200 0.871316 0.836887 0.0344286 0 0.960487 9590.67 9186.01 404.659 0 -30.7168 -31.0449 2 14527.9 333.842 7101 0.000117855
14300 0.845297 0.814451 0.0308465 0 0.963508 9675.41 9267.46 407.953 0 -30.7236 -31.4884 2 14627.9 334.989 7151 0.000113893
14400 0.857899 0.828147 0.0297518 0 0.96532 9761.46 9350.27 411.192 0 -30.7299 -31.438 2 14727.9 336.132 7201 0.000115004
14500 0.842604 0.81086 0.0317444 0 0.962326 9845.61 9431.36 414.252 0 -30.7359 -31.4328 2 14827.9 337.271 7251 0.000111827
14600 0.796288 0.766316 0.0299727 0 0.962359 9925.32 9507.99 417.326 0 -30.7423 -31.5399 2 14927.9 338.407 7301 0.00010496
14700 0.845457 0.811881 0.0335761 0 0.960286 10009.8 9589.18 420.642 0 -30.7443 -30.9724 2 15027.9 339.538 7351 0.000110445
14800 0.800746 0.772017 0.0287296 0 0.964121 10090 9666.38 423.619 0 -30.7503 -31.4979 2 15127.9 340.666 7401 0.000104312
14900 0.795754 0.767627 0.0281277 0 0.964653 10169.6 9743.14 426.446 0 -30.7571 -31.6257 2 15227.9 341.79 7451 0.000103023
15000 0.763558 0.737437 0.0261208 0 0.965791 10246.2 9816.89 429.3 0 -30.7667 -32.0431 2 15327.9 342.911 7501 9.83118e-05
15100 0.777046 0.753422 0.0236236 0 0.969598 10324.2 9892.23 431.999 0 -30.7785 -32.3276 2 15427.9 344.028 7551 9.97778e-05
15200 0.747184 0.720799 0.026385 0 0.964687 10398.7 9964.31 434.413 0 -30.7898 -32.3451 2 15527.9 345.141 7601 9.48295e-05
15300 0.783049 0.757503 0.0255455 0 0.967377 10477.1 10040.1 437.085 0 -30.7984 -31.9434 2 15627.9 346.25 7651 9.90071e-05
15400 0.766471 0.740251 0.0262207 0 0.96579 10553.8 10114.1 439.67 0 -30.8059 -31.8292 2 15727.9 347.356 7701 9.6124e-05
15500 0.861608 0.831992 0.0296152 0 0.965628 10640 10197.3 442.718 0 -30.8162 -32.0824 2 15827.9 348.459 7751 0.00010734
15600 0.823274 0.796031 0.027243 0 0.966909 10722.6 10276.9 445.749 0 -30.8264 -32.1367 2 15927.9 349.558 7801 0.000102042
15700 0.819081 0.786306 0.0327749 0 0.959986 10804.3 10355.5 448.763 0 -30.8318 -31.5436 2 16027.9 350.653 7851 0.000100154
15800 0.841426 0.806675 0.0347512 0 0.9587 10888.3 10436.2 452.132 0 -30.8375 -31.5703 2 16127.9 351.746 7901 0.000102098
15900 0.795116 0.768427 0.0266894 0 0.966433 10968.3 10513 455.224 0 -30.8454 -31.9205 2 16227.9 352.834 7951 9.66453e-05
16000 0.785871 0.756744 0.0291269 0 0.962937 11046.8 10588.7 458.105 0 -30.8517 -31.7242 2 16327.9 353.92 8001 9.45812e-05
16100 0.854708 0.819753 0.0349556 0 0.959102 11132 10670.7 461.317 0 -30.8568 -31.5235 2 16427.9 355.002 8051 0.00010182
16200 0.878791 0.848259 0.0305322 0 0.965257 11220.3 10755.5 464.763 0 -30.8613 -31.431 2 16527.9 356.081 8101 0.00010471
16300 0.874424 0.843908 0.0305161 0 0.965101 11307.9 10839.9 467.957 0 -30.8672 -31.6187 2 16627.9 357.156 8151 0.000103534
16400 0.810701 0.783607 0.0270941 0 0.966579 11389.1 10918.3 470.863 0 -30.8732 -31.7128 2 16727.9 358.229 8201 9.55502e-05
16500 0.818626 0.793704 0.0249222 0 0.969556 11471.3 10997.6 473.663 0 -30.8801 -31.8405 2 16827.9 359.298 8251 9.61949e-05
16600 0.823879 0.794359 0.0295199 0 0.96417 11553.3 11077.1 476.287 0 -30.8862 -31.7396 2 16927.9 360.364 8301 9.56944e-05
16700 0.858916 0.828817 0.0300993 0 0.964957 11639.2 11159.9 479.289 0 -30.8922 -31.6901 2 17027.9 361.427 8351 9.92476e-05
16800 0.908999 0.872445 0.0365534 0 0.959787 11729.8 11247.2 482.625 0 -30.8972 -31.5411 2 17127.9 362.487 8401 0.00010385
16900 0.870755 0.841364 0.0293914 0 0.966246 11817.3 11331.3 485.982 0 -30.9064 -32.138 2 17227.9 363.543 8451 9.95579e-05
17000 0.839633 0.809895 0.0297376 0 0.964583 11901.2 11412.3 488.913 0 -30.9148 -32.1025 2 17327.9 364.597 8501 9.52706e-05
17100 0.857336 0.827884 0.029452 0 0.965647 11987 11495.1 491.85 0 -30.9216 -31.8594 2 17427.9 365.647 8551 9.68172e-05
17200 0.844865 0.815482 0.0293829 0 0.965222 12071.4 11576.6 494.739 0 -30.9298 -32.0968 2 17527.9 366.695 8601 9.48125e-05
17300 0.92976 0.8982 0.0315605 0 0.966055 12164.6 11666.5 498.16 0 -30.9351 -31.6182 2 17627.9 367.739 8651 0.000103826
17400 0.894476 0.862369 0.0321073 0 0.964105 12254.4 11752.7 501.651 0 -30.9405 -31.6782 2 17727.9 368.781 8701 9.91114e-05
17500 0.820645 0.795109 0.025536 0 0.968883 12336.9 11832.2 504.712 0 -30.9497 -32.3106 2 17827.9 369.82 8751 9.08592e-05
17600 0.845885 0.816444 0.029441 0 0.965195 12421.5 11913.9 507.606 0 -30.9555 -31.8022 2 17927.9 370.855 8801 9.27672e-05
17700 0.803233 0.779201 0.0240315 0 0.970082 12502.1 11991.8 510.357 0 -30.9619 -31.9462 2 18027.9 371.888 8851 8.80354e-05
17800 0.841346 0.814085 0.0272609 0 0.967598 12586.3 12073.2 513.075 0 -30.9668 -31.7053 2 18127.9 372.918 8901 9.146e-05
17900 0.848941 0.819283 0.0296574 0 0.965065 12671.2 12155.1 516.054 0 -30.9719 -31.721 2 18227.9 373.945 8951 9.15298e-05
18000 0.788502 0.761306 0.0271958 0 0.96551 12750 12231.2 518.775 0 -30.9795 -32.1946 2 18327.9 374.97 9001 8.45802e-05
18100 0.793814 0.766291 0.0275232 0 0.965328 12829.4 12307.9 521.522 0 -30.9877 -32.3181 2 18427.9 375.991 9051 8.46637e-05
18200 0.851901 0.819203 0.0326976 0 0.961618 12914.4 12389.8 524.651 0 -30.992 -31.6303 2 18527.9 377.01 9101 9.00125e-05
18300 0.850957 0.815743 0.035214 0 0.958618 12999.1 12471.4 527.775 0 -30.9942 -31.3394 2 18627.9 378.026 9151 8.91425e-05
18400 0.884239 0.851866 0.0323732 0 0.963389 13087.7 12556.6 531.14 0 -30.9968 -31.3764 2 18727.9 379.039 9201 9.2584e-05
18500 0.901859 0.868512 0.0333465 0 0.963025 13177.9 12643.4 534.477 0 -31.0001 -31.4737 2 18827.9 380.05 9251 9.38831e-05
18600 0.88641 0.854066 0.032344 0 0.963511 13266.5 12728.8 537.686 0 -31.005 -31.7337 2 18927.9 381.058 9301 9.18252e-05
18700 0.84286 0.812635 0.0302254 0 0.96414 13350.8 12810.1 540.68 0 -31.0101 -31.813 2 19027.9 382.063 9351 8.69035e-05
18800 0.813087 0.783401 0.0296864 0 0.963489 13432 12888.4 543.576 0 -31.017 -32.1566 2 19127.9 383.066 9401 8.33316e-05
18900 0.878107 0.849015 0.0290922 0 0.966869 13520 12973.3 546.647 0 -31.0228 -31.9024 2 19227.9 384.066 9451 8.98333e-05
19000 0.909558 0.878695 0.0308638 0 0.966067 13611 13061.2 549.785 0 -31.0251 -31.367 2 19327.9 385.063 9501 9.24844e-05
19100 0.893762 0.862788 0.0309739 0 0.965344 13700.3 13147.5 552.863 0 -31.0302 -31.8046 2 19427.9 386.058 9551 9.03349e-05
19200 0.935012 0.902851 0.0321607 0 0.965604 13794 13237.8 556.198 0 -31.0347 -31.6954 2 19527.9 387.051 9601 9.40372e-05
19300 0.905744 0.869421 0.0363225 0 0.959898 13884.1 13324.7 559.405 0 -31.0389 -31.6914 2 19627.9 388.04 9651 9.00862e-05
19400 0.903628 0.873633 0.029995 0 0.966806 13974.8 13412.1 562.741 0 -31.0444 -31.8744 2 19727.9 389.027 9701 9.0056e-05
19500 0.875825 0.846751 0.0290743 0 0.966804 14062.6 13496.7 565.888 0 -31.0516 -32.2026 2 19827.9 390.012 9751 8.68374e-05
19600 0.903286 0.868368 0.0349177 0 0.961344 14152.7 13583.6 569.13 0 -31.0581 -32.0782 2 19927.9 390.994 9801 8.86e-05
19700 0.866166 0.835021 0.0311444 0 0.964043 14239.3 13667.1 572.228 0 -31.0658 -32.3138 2 20027.9 391.974 9851 8.47651e-05
19800 0.920662 0.888031 0.0326309 0 0.964557 14331.4 13755.9 575.474 0 -31.0699 -31.7151 2 20127.9 392.952 9901 8.96911e-05
19900 0.890773 0.858874 0.0318988 0 0.96419 14420.7 13841.8 578.89 0 -31.0754 -31.9523 2 20227.9 393.927 9951 8.63103e-05
20000 0.860715 0.827622 0.0330925 0 0.961552 14506.6 13924.5 582.089 0 -31.0824 -32.2626 2 20327.9 394.899 10001 8.2754e-05
