100 0.0246145 0.0236708 0.000943742 0 0.961659 2.49323 2.36708 0.126154 0 -33.2837 -33.2837 64 453.882 59.0081 2 0.0118354
200 0.0107327 0.00992947 0.000803213 0 0.925162 3.5843 3.36002 0.224276 0 -32.9534 -32.1986 64 581.882 66.8124 4 0.00248237
300 0.00834698 0.00772198 0.000624996 0 0.925123 4.42328 4.13222 0.291062 0 -32.8382 -32.3458 64 645.882 70.3909 5 0.0015444
400 0.0152036 0.0134128 0.00179079 0 0.882213 5.86429 5.4735 0.390788 0 -31.6702 -28.0851 64 773.882 77.0508 7 0.00191611
500 0.0161984 0.0154046 0.000793847 0 0.950992 7.5323 7.01396 0.518339 0 -31.6067 -31.3833 64 837.882 80.1736 8 0.00192557
600 0.0127555 0.0116101 0.00114539 0 0.910205 8.79297 8.17497 0.617997 0 -31.4887 -30.7835 64 965.882 86.08 10 0.00116101
700 0.0143073 0.0132135 0.00109375 0 0.923553 10.2294 9.49633 0.733095 0 -31.1444 -29.0374 64 1029.88 88.8861 11 0.00120123
800 0.0109033 0.0101554 0.00074787 0 0.931409 11.337 10.5119 0.825093 0 -31.0203 -29.8737 64 1157.88 94.248 13 0.000781185
900 0.0095304 0.00882715 0.000703251 0 0.92621 12.2821 11.3946 0.887484 0 -30.9209 -29.7292 64 1285.88 99.3209 15 0.000588477
1000 0.0108128 0.0103305 0.000482383 0 0.955388 13.3737 12.4276 0.94611 0 -30.7935 -29.3591 64 1349.88 101.763 16 0.000645654
1100 0.0129432 0.0117998 0.0011434 0 0.91166 14.5945 13.6076 0.986908 0 -30.6245 -28.773 64 1477.88 106.478 18 0.000655545
1200 0.0162551 0.0155152 0.000739848 0 0.954485 16.2353 15.1591 1.07613 0 -30.5662 -30.0482 64 1541.88 108.759 19 0.000816591
1300 0.012066 0.0116198 0.000446197 0 0.96302 17.4514 16.3211 1.13026 0 -30.6323 -31.5141 64 1669.88 113.183 21 0.000553326
1400 0.0161474 0.0154066 0.000740778 0 0.954124 19.0675 17.8618 1.2057 0 -30.5029 -29.1056 64 1733.88 115.332 22 0.000700302
1500 0.0113601 0.0112787 8.1406e-05 0 0.992834 20.2201 18.9897 1.23048 0 -30.5698 -31.6776 64 1861.88 119.513 24 0.000469947
1600 0.00915555 0.0090476 0.000107948 0 0.98821 21.137 19.8944 1.24258 0 -30.6762 -33.0216 64 1989.88 123.553 26 0.000347985
1700 0.0252608 0.0237443 0.00151645 0 0.939968 23.6743 22.2688 1.40546 0 -30.7773 -31.6195 64 2053.88 125.524 27 0.000879419
1800 0.017531 0.0164835 0.00104753 0 0.940247 25.4603 23.9172 1.54309 0 -30.8239 -31.4416 64 2181.88 129.377 29 0.000568396
1900 0.0149062 0.0139944 0.000911872 0 0.938826 26.953 25.3166 1.63637 0 -30.8548 -31.3824 64 2245.88 131.26 30 0.000466479
2000 0.0160698 0.0150292 0.00104064 0 0.935243 28.5245 26.8196 1.70499 0 -30.9243 -32.1158 64 2373.88 134.949 32 0.000469662
2100 0.0146838 0.0142306 0.00045318 0 0.969137 30.0104 28.2426 1.76783 0 -31.0077 -32.6089 64 2437.88 136.756 33 0.000431229
2200 0.0188373 0.0180995 0.000737857 0 0.96083 31.8944 30.0526 1.84184 0 -31.068 -32.028 64 2565.88 140.3 35 0.000517128
2300 0.0186461 0.0179882 0.000657897 0 0.964717 33.7692 31.8514 1.91785 0 -31.1367 -32.3063 64 2629.88 142.039 36 0.000499671
2400 0.0147459 0.0143172 0.000428712 0 0.970927 35.2587 33.2831 1.97561 0 -31.22 -33.1068 64 2757.88 145.455 38 0.000376769
2500 0.0125154 0.0119504 0.000565016 0 0.954854 36.4971 34.4781 2.01901 0 -31.271 -32.7243 64 2885.88 148.792 40 0.00029876
2600 0.0182281 0.0174529 0.000775227 0 0.957471 38.3062 36.2234 2.08276 0 -31.3842 -33.6676 64 2949.88 150.433 41 0.00042568
2700 0.0220932 0.0208705 0.00122263 0 0.94466 40.4866 38.3105 2.1761 0 -31.4121 -31.9025 64 3077.88 153.662 43 0.000485361
2800 0.0173561 0.0169414 0.000414668 0 0.976108 42.2558 40.0046 2.25118 0 -31.4602 -32.562 64 3141.88 155.251 44 0.000385032
2900 0.0162344 0.0156983 0.000536147 0 0.966975 43.8768 41.5744 2.30239 0 -31.496 -32.4274 64 3269.88 158.382 46 0.000341267
3000 0.0170936 0.016668 0.00042556 0 0.975104 45.6041 43.2412 2.36285 0 -31.5096 -31.8546 64 3333.88 159.925 47 0.000354639
3100 0.0142148 0.0139418 0.000273035 0 0.980792 47.0344 44.6354 2.39899 0 -31.5772 -33.7327 64 3461.88 162.966 49 0.000284527
3200 0.0119136 0.0117157 0.000197918 0 0.983387 48.2314 45.807 2.4244 0 -31.6422 -34.1961 64 3589.88 165.951 51 0.00022972
3300 0.0111188 0.0110512 6.76203e-05 0 0.993918 49.3516 46.9121 2.43947 0 -31.7146 -34.8331 64 3653.88 167.424 52 0.000212523
3400 0.0167352 0.014086 0.00264928 0 0.841694 50.7857 48.3207 2.46495 0 -31.6371 -28.9714 64 3781.88 170.331 54 0.000260851
3500 0.0237103 0.0227339 0.000976321 0 0.958823 53.1768 50.5941 2.58264 0 -31.63 -31.4781 64 3845.88 171.766 55 0.000413344
3600 0.0225492 0.021688 0.00086112 0 0.961811 55.4935 52.7629 2.73063 0 -31.6897 -33.0608 64 3973.88 174.601 57 0.000380492
3700 0.0263852 0.0248031 0.00158215 0 0.940036 58.1025 55.2432 2.85924 0 -31.5262 -28.0475 64 4037.88 176.002 58 0.000427639
3800 0.0284667 0.026353 0.00211367 0 0.92575 60.8879 57.8785 3.00934 0 -31.2973 -26.5224 64 4165.88 178.77 60 0.000439217
3900 0.0277184 0.0261414 0.00157703 0 0.943105 63.6867 60.4927 3.19403 0 -31.1111 -27.0607 64 4229.88 180.138 61 0.000428548
4000 0.0223938 0.021263 0.00113078 0 0.949505 65.9486 62.619 3.32959 0 -31.0091 -28.137 64 4357.88 182.843 63 0.000337508
4100 0.0186394 0.0175318 0.00110764 0 0.940576 67.8062 64.3721 3.43405 0 -30.9502 -28.8588 64 4485.88 185.509 65 0.00026972
4200 0.0193914 0.0183061 0.00108533 0 0.94403 69.7573 66.2028 3.5546 0 -30.9065 -29.389 64 4549.88 186.827 66 0.000277365
4300 0.0290178 0.027315 0.00170275 0 0.94132 72.6437 68.9343 3.70946 0 -30.7827 -27.7895 64 4677.88 189.437 68 0.000401692
4400 0.0241063 0.0232546 0.000851712 0 0.964668 75.0863 71.2597 3.82656 0 -30.7699 -30.3911 64 4741.88 190.728 69 0.000337023
4500 0.0251683 0.0241447 0.00102364 0 0.959328 77.5983 73.6742 3.92412 0 -30.7543 -30.2861 64 4869.88 193.285 71 0.000340066
4600 0.0284442 0.0271124 0.00133179 0 0.953179 80.4439 76.3854 4.05846 0 -30.7486 -30.5936 64 4933.88 194.551 72 0.000376561
4700 0.0301116 0.02887 0.00124162 0 0.958766 83.4673 79.2724 4.19488 0 -30.7004 -29.4184 64 5061.88 197.059 74 0.000390135
4800 0.0233838 0.0226305 0.000753267 0 0.967787 85.8244 81.5355 4.2889 0 -30.7001 -30.6894 64 5189.88 199.535 76 0.00029777
4900 0.0221139 0.021398 0.000715908 0 0.967626 88.0462 83.6753 4.37094 0 -30.7009 -30.7337 64 5253.88 200.761 77 0.000277896
5000 0.0193343 0.018811 0.000523256 0 0.972936 89.9856 85.5564 4.42922 0 -30.7159 -31.3975 64 5381.88 203.192 79 0.000238114
5100 0.0171926 0.0167858 0.000406764 0 0.976341 91.7083 87.235 4.47331 0 -30.7364 -31.8044 64 5445.88 204.397 80 0.000209823
5200 0.0164926 0.0161048 0.000387853 0 0.976483 93.3554 88.8454 4.51 0 -30.7615 -32.1594 64 5573.88 206.785 82 0.0001964
5300 0.0177936 0.017421 0.000372608 0 0.979059 95.1419 90.5875 4.55435 0 -30.7893 -32.2439 64 5637.88 207.969 83 0.000209892
5400 0.0277213 0.0262702 0.00145104 0 0.947656 97.8481 93.2146 4.63353 0 -30.8055 -31.3733 64 5765.88 210.316 85 0.000309061
5500 0.0351344 0.0336848 0.00144965 0 0.95874 101.375 96.583 4.79176 0 -30.7682 -29.7333 64 5829.88 211.48 86 0.000391684
5600 0.0242366 0.0234878 0.00074882 0 0.969104 103.83 98.9318 4.89822 0 -30.7858 -31.5119 64 5957.88 213.789 88 0.000266907
5700 0.0232189 0.0222404 0.000978414 0 0.957861 106.127 101.156 4.97152 0 -30.8013 -31.5048 64 6085.88 216.074 90 0.000247116
5800 0.0203047 0.0199643 0.000340387 0 0.983236 108.179 103.152 5.02673 0 -30.8321 -32.4213 64 6149.88 217.207 91 0.000219388
5900 0.0205692 0.0195879 0.00098134 0 0.952291 110.189 105.111 5.07837 0 -30.8707 -32.9483 64 6277.88 219.456 93 0.000210623
6000 0.0175756 0.0175469 2.86853e-05 0 0.998368 111.985 106.866 5.11891 0 -30.9363 -34.9628 64 6341.88 220.571 94 0.000186669
6100 0.0161209 0.0159177 0.000203162 0 0.987398 113.589 108.458 5.13151 0 -30.9874 -34.5531 64 6469.88 222.786 96 0.00016581
6200 0.0238634 0.0230079 0.000855484 0 0.964151 115.955 110.758 5.19715 0 -31.0219 -32.6822 64 6533.88 223.885 97 0.000237195
6300 0.0198851 0.0191144 0.000770762 0 0.961239 117.94 112.67 5.2701 0 -31.0511 -32.7519 64 6661.88 226.068 99 0.000193074
6400 0.0184273 0.0177894 0.000637887 0 0.965384 119.789 114.449 5.34046 0 -31.0731 -32.4793 64 6789.88 228.229 101 0.000176133
6500 0.0265287 0.0250104 0.00151831 0 0.942767 122.448 116.95 5.49817 0 -31.0223 -28.7326 64 6853.88 229.302 102 0.0002452
6600 0.0284541 0.0266528 0.00180134 0 0.936693 125.282 119.615 5.66736 0 -31.0155 -30.7211 64 6981.88 231.434 104 0.000256277
6700 0.0229493 0.021396 0.00155337 0 0.932313 127.59 121.755 5.83502 0 -31.0159 -31.0379 64 7045.88 232.492 105 0.000203771
6800 0.0248577 0.0233156 0.00154214 0 0.937961 130.069 124.086 5.98271 0 -31.0266 -31.5787 64 7173.88 234.594 107 0.000217903
6900 0.0219029 0.0209755 0.000927401 0 0.957658 132.282 126.184 6.09812 0 -31.0524 -32.5673 64 7237.88 235.638 108 0.000194217
7000 0.0192515 0.0184527 0.000798849 0 0.958505 134.218 128.029 6.18919 0 -31.0811 -33.0417 64 7365.88 237.713 110 0.000167751
7100 0.0159678 0.0155669 0.000400943 0 0.974891 135.842 129.586 6.256 0 -31.1181 -34.1792 64 7429.88 238.743 111 0.000140242
7200 0.0182541 0.0178299 0.00042416 0 0.976764 137.674 131.369 6.30495 0 -31.1435 -33.0302 64 7557.88 240.791 113 0.000157787
7300 0.02503 0.0229092 0.00212087 0 0.915267 140.059 133.66 6.39944 0 -31.1598 -32.098 64 7685.88 242.821 115 0.00019921
7400 0.0194386 0.0188573 0.000581334 0 0.970094 142.027 135.545 6.48181 0 -31.205 -34.4229 64 7749.88 243.83 116 0.000162563
7500 0.026801 0.0260341 0.00076686 0 0.971387 144.722 138.149 6.57302 0 -31.1953 -30.6855 64 7877.88 245.836 118 0.000220628
7600 0.0208692 0.0203583 0.000510938 0 0.975517 146.827 140.185 6.64279 0 -31.2091 -32.1524 64 7941.88 246.832 119 0.000171078
7700 0.0374206 0.033881 0.00353963 0 0.905409 150.334 143.573 6.76129 0 -31.154 -28.847 64 8069.88 248.813 121 0.000280008
7800 0.0412116 0.0391281 0.00208346 0 0.949445 154.464 147.485 6.97858 0 -31.133 -30.3701 64 8133.88 249.798 122 0.000320722
7900 0.0289727 0.0274744 0.00149833 0 0.948285 157.369 150.233 7.13578 0 -31.1354 -31.26 64 8261.88 251.756 124 0.000221567
8000 0.0238432 0.0230257 0.000817477 0 0.965715 159.79 152.535 7.25463 0 -31.1497 -32.0801 64 8389.88 253.699 126 0.000182744
8100 0.0369421 0.0356716 0.00127051 0 0.965608 163.536 156.103 7.43339 0 -31.1945 -33.1068 64 8453.88 254.664 127 0.000280879
8200 0.0260581 0.025182 0.000876075 0 0.96638 166.149 158.621 7.52816 0 -31.2116 -32.2812 64 8581.88 256.585 129 0.000195209
8300 0.0221495 0.0217237 0.000425837 0 0.980774 168.391 160.793 7.59731 0 -31.2383 -33.2158 64 8645.88 257.54 130 0.000167105
8400 0.0197641 0.0196977 6.63991e-05 0 0.99664 170.38 162.763 7.61702 0 -31.2735 -34.2531 64 8773.88 259.439 132 0.000149225
8500 0.0170296 0.0169486 8.10361e-05 0 0.995241 172.084 164.458 7.62618 0 -31.3085 -34.8147 64 8837.88 260.384 133 0.000127433
8600 0.0169992 0.0166759 0.000323281 0 0.980983 173.77 166.125 7.6447 0 -31.3356 -34.0937 64 8965.88 262.263 135 0.000123525
8700 0.017796 0.0175334 0.000262525 0 0.985248 175.558 167.879 7.67961 0 -31.3583 -33.567 64 9029.88 263.197 136 0.000128922
8800 0.0174918 0.0172607 0.000231175 0 0.986784 177.311 169.605 7.70576 0 -31.384 -33.9556 64 9157.88 265.056 138 0.000125077
8900 0.0169025 0.016319 0.000583501 0 0.965478 178.97 171.237 7.73331 0 -31.401 -33.2188 64 9285.88 266.902 140 0.000116564
9000 0.0231297 0.0222662 0.00086345 0 0.962669 181.271 173.463 7.80746 0 -31.3898 -30.5173 64 9349.88 267.82 141 0.000157916
9100 0.0192712 0.0189023 0.000368916 0 0.980857 183.223 175.354 7.86909 0 -31.3984 -32.2041 64 9477.88 269.647 143 0.000132184
9200 0.0188677 0.018361 0.000506748 0 0.973142 185.107 177.19 7.91772 0 -31.4118 -32.711 64 9541.88 270.556 144 0.000127507
9300 0.0176161 0.0173127 0.000303372 0 0.982779 186.883 178.921 7.96238 0 -31.4268 -32.9851 64 9669.88 272.365 146 0.00011858
9400 0.0153344 0.0151662 0.000168241 0 0.989029 188.428 180.438 7.9903 0 -31.4478 -33.9943 64 9733.88 273.264 147 0.000103171
9500 0.0199443 0.0189061 0.00103822 0 0.947944 190.373 182.328 8.04449 0 -31.437 -30.3922 64 9861.88 275.055 149 0.000126887
9600 0.019717 0.0189554 0.000761563 0 0.961375 192.387 184.224 8.16319 0 -31.4325 -31.0034 64 9989.88 276.835 151 0.000125533
9700 0.0192291 0.018497 0.000732121 0 0.961926 194.368 186.073 8.2946 0 -31.4327 -31.4546 64 10053.9 277.72 152 0.000121691
9800 0.0148324 0.014248 0.000584443 0 0.960597 195.87 187.498 8.37144 0 -31.443 -32.7754 64 10181.9 279.482 154 9.25193e-05
9900 0.0148584 0.0142479 0.000610496 0 0.958912 197.357 188.923 8.43365 0 -31.4543 -32.9465 64 10245.9 280.359 155 9.19221e-05
10000 0.0142163 0.0138729 0.000343395 0 0.975845 198.792 190.31 8.48176 0 -31.4703 -33.6663 64 10373.9 282.105 157 8.83627e-05
10100 0.013008 0.0128618 0.000146264 0 0.988756 200.11 191.596 8.51338 0 -31.4865 -33.9253 64 10437.9 282.974 158 8.14035e-05
10200 0.0133065 0.0131615 0.000145062 0 0.989098 201.445 192.913 8.53219 0 -31.5039 -34.1105 64 10565.9 284.704 160 8.22593e-05
10300 0.012466 0.012439 2.7042e-05 0 0.997831 202.703 194.157 8.54688 0 -31.5232 -34.6185 64 10629.9 285.565 161 7.72606e-05
10400 0.0162919 0.0158233 0.000468554 0 0.97124 204.313 195.739 8.57379 0 -31.5435 -34.099 64 10757.9 287.279 163 9.70757e-05
10500 0.0267062 0.0256934 0.00101271 0 0.96208 206.987 198.308 8.67868 0 -31.5203 -29.748 64 10885.9 288.983 165 0.000155718
10600 0.0195637 0.018958 0.000605672 0 0.969041 208.972 200.204 8.76813 0 -31.5139 -30.8492 64 10949.9 289.831 166 0.000114205
10700 0.0213303 0.0197968 0.00153349 0 0.928107 211.031 202.184 8.8473 0 -31.5041 -30.504 64 11077.9 291.52 168 0.000117838
10800 0.0204764 0.0197073 0.000769136 0 0.962438 213.116 204.154 8.9612 0 -31.5051 -31.6117 64 11141.9 292.361 169 0.000116611
10900 0.0237717 0.0226959 0.00107578 0 0.954745 215.48 206.424 9.05583 0 -31.488 -29.9454 64 11269.9 294.035 171 0.000132725
11000 0.0224683 0.0215241 0.000944211 0 0.957976 217.748 208.576 9.17182 0 -31.4813 -30.8484 64 11333.9 294.869 172 0.00012514
11100 0.0189849 0.0181377 0.000847146 0 0.955378 219.655 210.39 9.26465 0 -31.4778 -31.0792 64 11461.9 296.53 174 0.00010424
11200 0.0160094 0.0155042 0.000505219 0 0.968442 221.274 211.941 9.33324 0 -31.4832 -32.2082 64 11589.9 298.181 176 8.8092e-05
11300 0.0184839 0.0180578 0.000426087 0 0.976948 223.145 213.746 9.39891 0 -31.4796 -31.0584 64 11653.9 299.003 177 0.000102021
11400 0.0151281 0.0146951 0.000433005 0 0.971377 224.659 215.216 9.44279 0 -31.4843 -32.1699 64 11781.9 300.64 179 8.20955e-05
11500 0.0150405 0.0145956 0.000444817 0 0.970425 226.161 216.675 9.48584 0 -31.4919 -32.636 64 11845.9 301.456 180 8.10868e-05
11600 0.0303328 0.029456 0.000876782 0 0.971095 229.227 219.621 9.60551 0 -31.4997 -32.0763 64 11973.9 303.08 182 0.000161846
11700 0.0186505 0.0182193 0.000431217 0 0.976879 231.119 221.443 9.67615 0 -31.5132 -33.1376 64 12037.9 303.889 183 9.9559e-05
11800 0.0155028 0.0152716 0.000231206 0 0.985086 232.682 222.97 9.71184 0 -31.5311 -34.1856 64 12165.9 305.5 185 8.25494e-05
11900 0.0144723 0.0143368 0.000135497 0 0.990637 234.145 224.404 9.74095 0 -31.5448 -33.7268 64 12229.9 306.303 186 7.70797e-05
12000 0.0148898 0.0145491 0.00034072 0 0.977117 235.63 225.859 9.77112 0 -31.5565 -33.4036 64 12357.9 307.902 188 7.7389e-05
12100 0.0190406 0.0183839 0.000656646 0 0.965513 237.523 227.697 9.8255 0 -31.5582 -31.7667 64 12485.9 309.492 190 9.67576e-05
12200 0.0173946 0.0170208 0.000373866 0 0.978507 239.27 229.399 9.87091 0 -31.5703 -33.2092 64 12549.9 310.284 191 8.9114e-05
12300 0.0195399 0.0183901 0.00114985 0 0.941154 241.161 231.238 9.92268 0 -31.568 -31.2805 64 12677.9 311.863 193 9.52855e-05
12400 0.0185014 0.0177354 0.000766028 0 0.958596 243.033 233.012 10.0215 0 -31.5648 -31.1539 64 12741.9 312.649 194 9.14194e-05
12500 0.0150327 0.0144923 0.000540409 0 0.964051 244.55 234.461 10.0891 0 -31.57 -32.4022 64 12869.9 314.215 196 7.39403e-05
12600 0.0171159 0.0163897 0.00072614 0 0.957575 246.262 236.1 10.1621 0 -31.5623 -30.4685 64 12933.9 314.996 197 8.31966e-05
12700 0.0156685 0.0153094 0.000359035 0 0.977085 247.85 237.631 10.2195 0 -31.5703 -32.798 64 13061.9 316.55 199 7.69319e-05
12800 0.0176306 0.0172399 0.000390677 0 0.977841 249.623 239.355 10.2681 0 -31.5791 -32.8089 64 13189.9 318.098 201 8.57706e-05
12900 0.015054 0.0147348 0.000319223 0 0.978795 251.137 240.828 10.3091 0 -31.5878 -33.0345 64 13253.9 318.868 202 7.29445e-05
13000 0.013874 0.0133764 0.000497681 0 0.964129 252.502 242.166 10.3355 0 -31.5941 -32.7513 64 13381.9 320.405 204 6.55704e-05
13100 0.0143958 0.0141813 0.000214532 0 0.985098 253.953 243.584 10.3686 0 -31.6008 -32.7611 64 13445.9 321.17 205 6.9177e-05
13200 0.0134284 0.013231 0.000197331 0 0.985305 255.301 244.907 10.3937 0 -31.6056 -32.5182 64 13573.9 322.695 207 6.3918e-05
13300 0.0128041 0.0124577 0.000346368 0 0.972949 256.575 246.153 10.4222 0 -31.6103 -32.5386 64 13637.9 323.455 208 5.98929e-05
13400 0.0254757 0.0245862 0.000889532 0 0.965083 259.15 248.612 10.5384 0 -31.6148 -32.0639 64 13765.9 324.969 210 0.000117077
13500 0.024136 0.0230157 0.00112027 0 0.953585 261.579 250.913 10.6657 0 -31.6218 -32.367 64 13829.9 325.724 211 0.000109079
13600 0.0300915 0.028875 0.00121645 0 0.959575 264.637 253.801 10.8364 0 -31.6293 -32.2731 64 13957.9 327.228 213 0.000135564
13700 0.0216517 0.0205065 0.00114522 0 0.947107 266.81 255.851 10.9589 0 -31.6321 -31.9741 64 14085.9 328.725 215 9.5379e-05
13800 0.023476 0.0222019 0.00127411 0 0.945727 269.144 258.072 11.0727 0 -31.6312 -31.5246 64 14149.9 329.47 216 0.000102786
13900 0.0276699 0.026352 0.00131791 0 0.95237 271.916 260.707 11.2088 0 -31.6354 -32.0472 64 14277.9 330.957 218 0.000120881
14000 0.0208356 0.0199241 0.000911506 0 0.956253 274.01 262.699 11.3106 0 -31.6456 -32.9676 64 14341.9 331.698 219 9.09777e-05
14100 0.0242915 0.0231787 0.00111282 0 0.954189 276.429 265.017 11.4115 0 -31.6484 -31.9728 64 14469.9 333.175 221 0.000104881
14200 0.0219371 0.0212529 0.000684147 0 0.968813 278.65 267.142 11.5078 0 -31.6589 -32.9553 64 14533.9 333.911 222 9.5734e-05
14300 0.0222492 0.0214205 0.000828708 0 0.962753 280.875 269.284 11.5906 0 -31.6644 -32.355 64 14661.9 335.378 224 9.56271e-05
14400 0.0185114 0.0179188 0.000592557 0 0.96799 282.735 271.076 11.6591 0 -31.6743 -33.1738 64 14789.9 336.839 226 7.92868e-05
14500 0.0216004 0.020902 0.00069843 0 0.967666 284.905 273.166 11.7382 0 -31.6806 -32.4999 64 14853.9 337.567 227 9.20792e-05
14600 0.022242 0.0210303 0.00121161 0 0.945526 287.067 275.27 11.7973 0 -31.6888 -32.7729 64 14981.9 339.018 229 9.18356e-05
14700 0.0223351 0.0218183 0.000516862 0 0.976859 289.324 277.451 11.8729 0 -31.7038 -33.6052 64 15045.9 339.742 230 9.4862e-05
14800 0.0208094 0.0203433 0.000466131 0 0.9776 291.41 279.486 11.9245 0 -31.7139 -33.1183 64 15173.9 341.184 232 8.76867e-05
14900 0.0181286 0.0179297 0.000198853 0 0.989031 293.243 281.279 11.9647 0 -31.7244 -33.392 64 15237.9 341.903 233 7.69516e-05
15000 0.0160967 0.0158354 0.000261378 0 0.983762 294.847 282.862 11.9846 0 -31.7368 -34.0066 64 15365.9 343.336 235 6.73845e-05
15100 0.0144129 0.014358 5.48145e-05 0 0.996197 296.296 284.298 11.9979 0 -31.7532 -35.0983 64 15429.9 344.05 236 6.08392e-05
15200 0.0158286 0.0156221 0.000206434 0 0.986958 297.883 285.86 12.0232 0 -31.7615 -33.3013 64 15557.9 345.474 238 6.56392e-05
15300 0.039236 0.0381197 0.00111634 0 0.971548 301.803 289.672 12.1305 0 -31.7468 -30.6333 64 15685.9 346.892 240 0.000158832
15400 0.0290295 0.027903 0.00112648 0 0.961195 304.698 292.462 12.2358 0 -31.7411 -31.1377 64 15749.9 347.599 241 0.00011578
15500 0.0356702 0.0329777 0.00269254 0 0.924516 308.133 295.76 12.3728 0 -31.7155 -29.449 64 15877.9 349.009 243 0.000135711
15600 0.0478332 0.0457761 0.00205712 0 0.956994 312.94 300.338 12.6019 0 -31.6979 -30.5669 64 15941.9 349.711 244 0.000187607
15700 0.035968 0.0339421 0.00202589 0 0.943675 316.496 303.732 12.7643 0 -31.6937 -31.3256 64 16069.9 351.113 246 0.000137976
15800 0.0290242 0.0279098 0.00111446 0 0.961603 319.418 306.523 12.8946 0 -31.6994 -32.3139 64 16133.9 351.811 247 0.000112995
15900 0.0359846 0.0345511 0.00143349 0 0.960164 323.018 309.978 13.0398 0 -31.6875 -30.6399 64 16261.9 353.204 249 0.000138759
16000 0.0321094 0.0311475 0.000961894 0 0.970043 326.263 313.093 13.1698 0 -31.68 -30.9259 64 16389.9 354.591 251 0.000124094
16100 0.0283159 0.0274314 0.000884484 0 0.968764 329.099 315.836 13.2629 0 -31.6818 -31.8918 64 16453.9 355.283 252 0.000108855
16200 0.0325106 0.0309505 0.00156005 0 0.952014 332.309 318.931 13.3776 0 -31.6664 -30.0864 64 16581.9 356.662 254 0.000121852
16300 0.034134 0.0329044 0.00122962 0 0.963977 335.717 322.222 13.4955 0 -31.6631 -31.3474 64 16645.9 357.35 255 0.000129037
16400 0.0317291 0.0306085 0.00112054 0 0.964684 338.885 325.282 13.6022 0 -31.6549 -30.7769 64 16773.9 358.721 257 0.000119099
16500 0.0289937 0.028161 0.000832678 0 0.971281 341.805 328.098 13.7065 0 -31.6524 -31.3659 64 16837.9 359.405 258 0.000109151
16600 0.0294888 0.0288545 0.000634314 0 0.97849 344.784 330.984 13.8 0 -31.6449 -30.78 64 16965.9 360.768 260 0.000110979
16700 0.035627 0.0342877 0.0013393 0 0.962408 348.366 334.413 13.9529 0 -31.6129 -28.5396 64 17029.9 361.448 261 0.000131371
16800 0.0272771 0.0266077 0.000669346 0 0.975461 351.127 337.073 14.0539 0 -31.6036 -30.4315 64 17157.9 362.804 263 0.00010117
16900 0.0274476 0.0251216 0.00232597 0 0.915258 353.711 339.586 14.1258 0 -31.5936 -30.2348 64 17285.9 364.155 265 9.47986e-05
17000 0.0330085 0.0321944 0.000814091 0 0.975337 357.087 342.805 14.2815 0 -31.6041 -32.7036 64 17349.9 364.828 266 0.000121032
17100 0.0264881 0.0252468 0.00124129 0 0.953138 359.702 345.33 14.3724 0 -31.6087 -32.2355 64 17477.9 366.171 268 9.42046e-05
17200 0.024796 0.0241539 0.000642118 0 0.974104 362.198 347.745 14.4533 0 -31.6212 -33.4125 64 17541.9 366.841 269 8.97913e-05
17300 0.0226284 0.0220317 0.000596724 0 0.973629 364.458 349.948 14.5095 0 -31.629 -32.8948 64 17669.9 368.177 271 8.12979e-05
17400 0.0194645 0.0194508 1.37639e-05 0 0.999293 366.434 351.893 14.5403 0 -31.6442 -34.4486 64 17733.9 368.843 272 7.15102e-05
17500 0.0328128 0.0321771 0.000635716 0 0.980626 369.74 355.111 14.6293 0 -31.6433 -31.5417 64 17861.9 370.172 274 0.000117435
17600 0.0229784 0.0223155 0.000662913 0 0.971151 372.04 357.343 14.6978 0 -31.6512 -32.9204 64 17989.9 371.496 276 8.08533e-05
17700 0.0214969 0.0211042 0.000392705 0 0.981732 374.22 359.453 14.7668 0 -31.661 -33.3334 64 18053.9 372.156 277 7.61885e-05
17800 0.0198534 0.019106 0.000747418 0 0.962353 376.189 361.364 14.8258 0 -31.6698 -33.3379 64 18181.9 373.473 279 6.84804e-05
17900 0.0183628 0.0178121 0.000550637 0 0.970013 378.032 363.145 14.8873 0 -31.6795 -33.6601 64 18245.9 374.13 280 6.36148e-05
18000 0.0186874 0.0181905 0.000496892 0 0.97341 379.918 364.964 14.9539 0 -31.6877 -33.3385 64 18373.9 375.44 282 6.45055e-05
18100 0.0183325 0.0178503 0.000482164 0 0.973699 381.765 366.749 15.0163 0 -31.6956 -33.3155 64 18437.9 376.093 283 6.30754e-05
18200 0.0178211 0.0172912 0.00052986 0 0.970268 383.552 368.478 15.0738 0 -31.7013 -32.907 64 18565.9 377.396 285 6.0671e-05
18300 0.0196704 0.0191568 0.000513608 0 0.973889 385.529 370.394 15.1348 0 -31.6991 -31.282 64 18629.9 378.046 286 6.69818e-05
18400 0.0197294 0.0193196 0.000409834 0 0.979227 387.525 372.326 15.199 0 -31.6987 -31.6151 64 18757.9 379.343 288 6.70818e-05
18500 0.018908 0.0177671 0.00114089 0 0.939661 389.348 374.102 15.2452 0 -31.6962 -31.1756 64 18885.9 380.635 290 6.1266e-05
18600 0.0209358 0.0203107 0.000625091 0 0.970142 391.448 376.134 15.3144 0 -31.6995 -32.3099 64 18949.9 381.279 291 6.97961e-05
18700 0.0199368 0.0188803 0.00105644 0 0.947011 393.395 378.022 15.3733 0 -31.7037 -32.5498 64 19077.9 382.565 293 6.44381e-05
18800 0.0194321 0.0190234 0.000408683 0 0.978969 395.355 379.924 15.4313 0 -31.7129 -33.554 64 19141.9 383.206 294 6.47055e-05
18900 0.0175277 0.0171499 0.000377746 0 0.978449 397.11 381.639 15.4711 0 -31.7226 -33.9166 64 19269.9 384.485 296 5.79389e-05
19000 0.0240316 0.023478 0.000553648 0 0.976962 399.541 383.987 15.5545 0 -31.7396 -34.5046 64 19333.9 385.123 297 7.90503e-05
19100 0.0187516 0.0183985 0.000353079 0 0.981171 401.418 385.827 15.5918 0 -31.7523 -34.4554 64 19461.9 386.396 299 6.15334e-05
19200 0.0163346 0.0160752 0.000259375 0 0.984121 403.061 387.434 15.6267 0 -31.7633 -34.4685 64 19589.9 387.664 301 5.34061e-05
19300 0.016683 0.0164697 0.000213294 0 0.987215 404.744 389.081 15.6626 0 -31.7734 -34.1743 64 19653.9 388.297 302 5.45355e-05
19400 0.0177259 0.0172953 0.000430614 0 0.975707 406.504 390.811 15.6933 0 -31.7769 -32.5889 64 19781.9 389.56 304 5.68924e-05
19500 0.0151735 0.014976 0.000197429 0 0.986989 408.027 392.308 15.7188 0 -31.7865 -34.3601 64 19845.9 390.189 305 4.91018e-05
19600 0.0161032 0.0158625 0.000240708 0 0.985052 409.643 393.894 15.7485 0 -31.7927 -33.3385 64 19973.9 391.445 307 5.16694e-05
19700 0.013797 0.0136878 0.000109151 0 0.992089 411.031 395.263 15.7676 0 -31.8034 -34.9708 64 20037.9 392.072 308 4.4441e-05
19800 0.0128192 0.0126984 0.000120741 0 0.990581 412.31 396.533 15.7769 0 -31.8135 -35.0761 64 20165.9 393.322 310 4.09627e-05
19900 0.0121059 0.0120551 5.0808e-05 0 0.995803 413.527 397.739 15.788 0 -31.8243 -35.4576 64 20229.9 393.946 311 3.87623e-05
20000 0.0189243 0.0185602 0.000364067 0 0.980762 415.45 399.595 15.8555 0 -31.8344 -34.0037 64 20357.9 395.19 313 5.92979e-05
