100 0.000372029 0.000372029 0 0 1 0.0413477 0.0372029 0.00414481 0 -33.3471 -33.3471 128 453.882 59.0081 1 0.000372029
200 0.00126877 0.00123801 3.07545e-05 0 0.97576 0.173932 0.161004 0.0129282 0 -27.988 -26.3167 128 581.882 66.8124 2 0.000619006
300 0.00146364 0.00132683 0.000136806 0 0.90653 0.315441 0.293687 0.0217531 0 -26.4167 -24.4853 128 709.882 73.796 3 0.000442277
400 0.00422914 0.00334411 0.000885035 0 0.79073 0.671721 0.628098 0.0436226 0 -23.572 -21.0534 128 837.882 80.1736 4 0.000836027
500 0.00551736 0.00498004 0.000537324 0 0.902612 1.25154 1.1261 0.125438 0 -23.396 -23.1921 128 837.882 80.1736 4 0.00124501
600 0.00418758 0.00365025 0.000537324 0 0.871686 1.67871 1.49113 0.187586 0 -23.3686 -23.2884 128 965.882 86.08 5 0.000730051
700 0.00331668 0.00273592 0.000580769 0 0.824895 2.01218 1.76472 0.247457 0 -23.3769 -23.4183 128 1093.88 91.6063 6 0.000455986
800 0.00305635 0.00263488 0.000421464 0 0.862102 2.32306 2.02821 0.294848 0 -23.6854 -25.6823 128 1221.88 96.8177 7 0.000376412
900 0.00885823 0.00604489 0.00281333 0 0.682404 2.97651 2.6327 0.343817 0 -23.0411 -20.7505 128 1349.88 101.763 8 0.000755611
1000 0.0165675 0.0158211 0.000746442 0 0.954946 4.71474 4.21481 0.499932 0 -24.554 -27.1446 128 1349.88 101.763 8 0.00197764
1100 0.00886274 0.00826004 0.000602699 0 0.931996 5.62131 5.04081 0.580498 0 -25.178 -28.4234 128 1477.88 106.478 9 0.000917782
1200 0.00681322 0.00637336 0.000439856 0 0.935441 6.30402 5.67815 0.625876 0 -25.5615 -28.7194 128 1605.88 110.993 10 0.000637336
1300 0.00530448 0.00504398 0.000260496 0 0.950891 6.84188 6.18254 0.659331 0 -25.9098 -29.9913 128 1733.88 115.332 11 0.000458544
1400 0.00396107 0.00382154 0.000139524 0 0.964776 7.24368 6.5647 0.678984 0 -26.189 -30.9443 128 1733.88 115.332 11 0.000347413
1500 0.00624493 0.00592641 0.000318516 0 0.948996 7.87262 7.15734 0.715281 0 -26.5045 -30.1373 128 1861.88 119.513 12 0.000493868
1600 0.00483933 0.0046532 0.000186133 0 0.961538 8.36562 7.62266 0.74296 0 -26.7806 -31.19 128 1989.88 123.553 13 0.000357939
1700 0.00522253 0.00490715 0.000315373 0 0.939613 8.87823 8.11338 0.764857 0 -26.8302 -27.6408 128 2117.88 127.465 14 0.000350511
1800 0.00514797 0.00469425 0.000453727 0 0.911863 9.37238 8.5828 0.789577 0 -26.8272 -26.772 128 2245.88 131.26 15 0.00031295
1900 0.00492691 0.00469438 0.000232531 0 0.952804 9.8684 9.05224 0.816162 0 -26.8904 -28.0854 128 2245.88 131.26 15 0.000312959
2000 0.0322939 0.0310559 0.00123805 0 0.961663 13.1167 12.1578 0.958852 0 -26.9793 -27.2492 128 2373.88 134.949 16 0.00194099
2100 0.0182597 0.0170241 0.00123555 0 0.932334 14.9418 13.8602 1.08158 0 -27.034 -27.427 128 2501.88 138.539 17 0.00100142
2200 0.0200891 0.0186261 0.00146296 0 0.927176 16.934 15.7228 1.21114 0 -26.9357 -26.1989 128 2629.88 142.039 18 0.00103478
2300 0.017913 0.0168126 0.00110037 0 0.938572 18.7422 17.4041 1.33807 0 -26.9066 -26.6339 128 2629.88 142.039 18 0.000934035
2400 0.0160161 0.0153241 0.000691997 0 0.956794 20.3927 18.9365 1.45615 0 -27.0733 -28.9659 128 2757.88 145.455 19 0.00080653
2500 0.0195195 0.0185136 0.00100593 0 0.948466 22.3539 20.7879 1.56601 0 -26.9741 -25.9432 128 2885.88 148.792 20 0.000925681
2600 0.0149009 0.0140764 0.000824442 0 0.944672 23.8518 22.1955 1.65625 0 -26.9765 -27.0117 128 3013.88 152.056 21 0.000670307
2700 0.012177 0.0116149 0.000562058 0 0.953843 25.0852 23.357 1.72818 0 -27.0161 -27.7828 128 3141.88 155.251 22 0.00052795
2800 0.0107263 0.0102884 0.000437888 0 0.959176 26.1602 24.3859 1.7743 0 -27.0692 -28.3071 128 3141.88 155.251 22 0.000467655
2900 0.0266344 0.0248618 0.00177258 0 0.933448 28.829 26.872 1.957 0 -27.3173 -29.7488 128 3269.88 158.382 23 0.00108095
3000 0.0216971 0.020274 0.0014231 0 0.934411 31.0186 28.8994 2.11912 0 -27.4062 -28.5772 128 3397.88 161.452 24 0.000844752
3100 0.015816 0.0151007 0.000715332 0 0.954772 32.6305 30.4095 2.22101 0 -27.5151 -29.6113 128 3525.88 164.465 25 0.000604028
3200 0.0128579 0.0123003 0.000557684 0 0.956627 33.9222 31.6395 2.28272 0 -27.6174 -30.2002 128 3653.88 167.424 26 0.000473087
3300 0.01288 0.0126419 0.000238047 0 0.981518 35.2309 32.9037 2.32715 0 -27.7517 -31.2337 128 3653.88 167.424 26 0.000486228
3400 0.0141603 0.0136933 0.00046702 0 0.967019 36.6433 34.2731 2.37022 0 -27.8186 -29.4881 128 3781.88 170.331 27 0.000507159
3500 0.0296023 0.0282696 0.0013327 0 0.95498 39.5554 37.1 2.45543 0 -27.9349 -29.3979 128 3909.88 173.19 28 0.00100963
3600 0.0235101 0.0224529 0.0010572 0 0.955032 41.9015 39.3453 2.55615 0 -28.0379 -29.7744 128 4037.88 176.002 29 0.000774238
3700 0.0168484 0.0163639 0.000484491 0 0.971244 43.6145 40.9817 2.6328 0 -28.1424 -30.6994 128 4037.88 176.002 29 0.000564273
3800 0.0152756 0.0148058 0.00046975 0 0.969248 45.145 42.4623 2.6827 0 -28.2227 -30.5089 128 4165.88 178.77 30 0.000493528
3900 0.0128998 0.0126459 0.000253835 0 0.980323 46.4575 43.7269 2.73064 0 -28.3173 -31.5715 128 4293.88 181.495 31 0.000407933
4000 0.0116902 0.0114733 0.000216901 0 0.981446 47.634 44.8742 2.75977 0 -28.4146 -32.2566 128 4421.88 184.18 32 0.00035854
4100 0.011653 0.0107629 0.000890023 0 0.923623 48.7327 45.9505 2.78221 0 -28.4597 -30.4156 128 4549.88 186.827 33 0.000326149
4200 0.0129489 0.0125496 0.000399268 0 0.969166 50.0415 47.2055 2.83601 0 -28.5087 -30.3361 128 4549.88 186.827 33 0.000380292
4300 0.0109785 0.0107576 0.000220916 0 0.979877 51.15 48.2812 2.86879 0 -28.5861 -32.079 128 4677.88 189.437 34 0.000316399
4400 0.0114821 0.0110907 0.000391373 0 0.965914 52.2925 49.3903 2.90226 0 -28.6593 -31.9375 128 4805.88 192.011 35 0.000316877
4500 0.0104604 0.0101368 0.00032366 0 0.969059 53.3373 50.404 2.93334 0 -28.7286 -32.1959 128 4933.88 194.551 36 0.000281577
4600 0.00910885 0.00902096 8.78904e-05 0 0.990351 54.2603 51.3061 2.95425 0 -28.8024 -33.0642 128 4933.88 194.551 36 0.000250582
4700 0.00857972 0.00857972 0 0 1 55.1243 52.164 2.96027 0 -28.8812 -33.8346 128 5061.88 197.059 37 0.000231884
4800 0.0101661 0.0100548 0.000111258 0 0.989056 56.1441 53.1695 2.97458 0 -28.9793 -34.2799 128 5189.88 199.535 38 0.000264601
4900 0.0119942 0.011494 0.000500203 0 0.958296 57.3177 54.3189 2.99874 0 -29.0564 -32.7432 128 5317.88 201.98 39 0.000294717
5000 0.0113509 0.0106846 0.000666289 0 0.941301 58.4199 55.3874 3.03251 0 -29.1162 -32.2287 128 5445.88 204.397 40 0.000267116
5100 0.011007 0.0106772 0.000329843 0 0.970033 59.531 56.4551 3.07591 0 -29.1847 -32.7856 128 5445.88 204.397 40 0.000266929
5200 0.0133174 0.0129085 0.000408876 0 0.969298 60.8784 57.7459 3.13249 0 -29.2734 -33.1899 128 5573.88 206.785 41 0.000314841
5300 0.00900084 0.0088649 0.000135939 0 0.984897 61.7962 58.6324 3.16372 0 -29.3425 -33.9291 128 5701.88 209.146 42 0.000211069
5400 0.00831582 0.00815451 0.00016131 0 0.980602 62.6234 59.4479 3.17554 0 -29.3979 -33.533 128 5829.88 211.48 43 0.00018964
5500 0.0076162 0.00754645 6.97439e-05 0 0.990843 63.3884 60.2025 3.18586 0 -29.453 -33.9674 128 5829.88 211.48 43 0.000175499
5600 0.00802699 0.00795067 7.63246e-05 0 0.990492 64.1955 60.9976 3.19786 0 -29.5123 -34.1658 128 5957.88 213.789 44 0.000180697
5700 0.01043 0.0100487 0.000381302 0 0.963442 65.2433 62.0025 3.24084 0 -29.5825 -33.8884 128 6085.88 216.074 45 0.000223305
5800 0.0091946 0.00886346 0.000331144 0 0.963985 66.1662 62.8888 3.27736 0 -29.6245 -32.5941 128 6213.88 218.334 46 0.000192684
5900 0.00778947 0.00758968 0.000199785 0 0.974352 66.9469 63.6478 3.29907 0 -29.6664 -33.2142 128 6341.88 220.571 47 0.000161483
6000 0.00665974 0.00658209 7.76562e-05 0 0.988339 67.6142 64.306 3.30821 0 -29.7127 -34.3596 128 6341.88 220.571 47 0.000140044
6100 0.0125146 0.0120772 0.000437426 0 0.965047 68.8664 65.5137 3.35267 0 -29.7239 -30.3264 128 6469.88 222.786 48 0.000251608
6200 0.0089102 0.008699 0.000211205 0 0.976296 69.7696 66.3836 3.386 0 -29.7535 -32.0122 128 6597.88 224.979 49 0.000177531
6300 0.0085964 0.00819058 0.000405819 0 0.952792 70.6145 67.2027 3.41188 0 -29.7686 -31.0143 128 6725.88 227.151 50 0.000163812
6400 0.00724819 0.00718091 6.72829e-05 0 0.990717 71.3471 67.9208 3.42632 0 -29.8005 -32.8778 128 6853.88 229.302 51 0.000140802
6500 0.00646155 0.00646155 0 0 1 71.9982 68.5669 3.43132 0 -29.8399 -34.1604 128 6853.88 229.302 51 0.000126697
6600 0.00681047 0.00672659 8.38832e-05 0 0.987683 72.68 69.2396 3.44041 0 -29.8695 -32.9956 128 6981.88 231.434 52 0.000129357
6700 0.00640822 0.00633522 7.29978e-05 0 0.988609 73.3246 69.8731 3.45148 0 -29.8983 -33.1358 128 7109.88 233.545 53 0.000119532
6800 0.00757545 0.00697809 0.000597362 0 0.921145 74.0362 70.5709 3.46529 0 -29.8992 -29.9966 128 7237.88 235.638 54 0.000129224
6900 0.00682645 0.00665476 0.000171695 0 0.974849 74.7251 71.2364 3.48868 0 -29.915 -31.6139 128 7237.88 235.638 54 0.000123236
7000 0.00564541 0.0055726 7.28065e-05 0 0.987103 75.2944 71.7936 3.50077 0 -29.9436 -33.6986 128 7365.88 237.713 55 0.00010132
7100 0.00551103 0.00545874 5.22919e-05 0 0.990511 75.8459 72.3395 3.50635 0 -29.9733 -34.0191 128 7493.88 239.769 56 9.74775e-05
7200 0.00545982 0.00535303 0.000106792 0 0.98044 76.3895 72.8748 3.51463 0 -30.002 -34.0061 128 7621.88 241.808 57 9.39129e-05
7300 0.00518631 0.00500807 0.000178234 0 0.965634 76.8949 73.3756 3.51932 0 -30.0289 -34.1017 128 7749.88 243.83 58 8.63461e-05
7400 0.00522993 0.00522118 8.75592e-06 0 0.998326 77.4245 73.8977 3.52678 0 -30.0673 -35.6496 128 7749.88 243.83 58 9.00203e-05
7500 0.00464458 0.00445531 0.000189273 0 0.959249 77.8871 74.3433 3.54382 0 -30.0959 -34.8695 128 7877.88 245.836 59 7.55137e-05
7600 0.00681689 0.00649797 0.000318911 0 0.953217 78.5616 74.9931 3.56848 0 -30.0989 -30.4463 128 8005.88 247.825 60 0.0001083
7700 0.0120305 0.0109956 0.00103485 0 0.913981 79.7004 76.0926 3.60781 0 -30.0346 -25.6035 128 8133.88 249.798 61 0.000180256
7800 0.0138125 0.0131884 0.000624178 0 0.954811 81.0933 77.4115 3.68183 0 -29.9657 -26.0217 128 8133.88 249.798 61 0.000216203
7900 0.0107027 0.0102936 0.000409021 0 0.961783 82.1804 78.4408 3.7396 0 -29.9446 -28.3676 128 8261.88 251.756 62 0.000166026
8000 0.0248056 0.0235003 0.00130528 0 0.94738 84.6755 80.7909 3.88458 0 -29.9159 -28.9719 128 8389.88 253.699 63 0.000373021
8100 0.0420949 0.0402382 0.00185677 0 0.955891 88.8841 84.8147 4.06946 0 -29.7139 -25.6504 128 8517.88 255.626 64 0.000628721
8200 0.0381182 0.0360944 0.00202377 0 0.946908 92.6796 88.4241 4.25549 0 -29.5648 -26.0722 128 8645.88 257.54 65 0.000555299
8300 0.0259717 0.0250328 0.000938856 0 0.963851 95.326 90.9274 4.39861 0 -29.5026 -27.3258 128 8645.88 257.54 65 0.000385121
8400 0.021107 0.0201682 0.000938856 0 0.955519 97.4398 92.9442 4.49561 0 -29.4603 -27.5531 128 8773.88 259.439 66 0.000305578
8500 0.0185582 0.0175481 0.00101011 0 0.945571 99.2934 94.699 4.59439 0 -29.428 -27.7272 128 8901.88 261.325 67 0.000261911
8600 0.0166842 0.016126 0.000558182 0 0.966544 100.982 96.3116 4.67038 0 -29.4154 -28.672 128 9029.88 263.197 68 0.000237147
8700 0.0151706 0.0146804 0.000490209 0 0.967687 102.501 97.7797 4.72136 0 -29.4103 -29.0713 128 9029.88 263.197 68 0.000215888
8800 0.0141997 0.0137306 0.000469034 0 0.966969 103.928 99.1527 4.77552 0 -29.4045 -28.9897 128 9157.88 265.056 69 0.000198995
8900 0.0135856 0.0131267 0.000458918 0 0.96622 105.296 100.465 4.83017 0 -29.41 -29.8264 128 9285.88 266.902 70 0.000187524
9000 0.0120888 0.0118659 0.000222853 0 0.981565 106.512 101.652 4.85975 0 -29.4198 -30.271 128 9413.88 268.735 71 0.000167126
9100 0.013631 0.0128589 0.000772102 0 0.943357 107.827 102.938 4.88926 0 -29.4137 -28.9196 128 9541.88 270.556 72 0.000178595
9200 0.0140264 0.0136577 0.000368761 0 0.97371 109.24 104.304 4.93642 0 -29.4188 -29.8081 128 9541.88 270.556 72 0.00018969
9300 0.0125426 0.01231 0.000232544 0 0.98146 110.503 105.535 4.96785 0 -29.432 -30.5777 128 9669.88 272.365 73 0.000168631
9400 0.013169 0.0128837 0.000285319 0 0.978334 111.831 106.823 5.00814 0 -29.4387 -29.9901 128 9797.88 274.161 74 0.000174104
9500 0.0126594 0.0123678 0.00029159 0 0.976967 113.089 108.06 5.02915 0 -29.4501 -30.4719 128 9925.88 275.946 75 0.000164905
9600 0.0113018 0.011203 9.87627e-05 0 0.991261 114.223 109.18 5.04258 0 -29.4686 -31.3121 128 10053.9 277.72 76 0.000147408
9700 0.0217987 0.0213785 0.000420163 0 0.980725 116.427 111.318 5.10921 0 -29.5197 -32.1662 128 10053.9 277.72 76 0.000281296
9800 0.0132294 0.0129866 0.000242767 0 0.981649 117.755 112.617 5.13828 0 -29.5488 -32.0966 128 10181.9 279.482 77 0.000168657
9900 0.0129216 0.0126018 0.000319867 0 0.975246 119.042 113.877 5.16517 0 -29.5667 -31.2102 128 10309.9 281.233 78 0.000161561
10000 0.0108003 0.0108003 0 0 1 120.133 114.957 5.17578 0 -29.5957 -32.7539 128 10437.9 282.974 79 0.000136712
10100 0.00958899 0.00958899 0 0 1 121.092 115.916 5.17578 0 -29.6234 -33.0934 128 10437.9 282.974 79 0.00012138
10200 0.00916562 0.00913322 3.24012e-05 0 0.996465 122.009 116.829 5.18011 0 -29.6508 -33.2694 128 10565.9 284.704 80 0.000114165
10300 0.00915742 0.00910601 5.14151e-05 0 0.994385 122.926 117.74 5.18642 0 -29.68 -33.5689 128 10693.9 286.423 81 0.00011242
10400 0.00935818 0.00918959 0.000168597 0 0.981984 123.854 118.659 5.19524 0 -29.7072 -33.3076 128 10821.9 288.132 82 0.000112068
10500 0.00895214 0.00872112 0.000231014 0 0.974195 124.736 119.531 5.20537 0 -29.7311 -33.0888 128 10949.9 289.831 83 0.000105074
10600 0.00836815 0.00834573 2.24171e-05 0 0.997321 125.578 120.365 5.2132 0 -29.758 -33.7481 128 10949.9 289.831 83 0.000100551
10700 0.00746222 0.0074398 2.24171e-05 0 0.996996 126.325 121.109 5.21558 0 -29.7834 -34.0482 128 11077.9 291.52 84 8.8569e-05
10800 0.0114168 0.0111914 0.000225384 0 0.980258 127.467 122.228 5.23834 0 -29.8209 -33.9748 128 11205.9 293.199 85 0.000131663
10900 0.0107087 0.0102572 0.000451488 0 0.957839 128.517 123.254 5.26262 0 -29.84 -32.153 128 11333.9 294.869 86 0.00011927
11000 0.00932049 0.00920505 0.000115444 0 0.987614 129.461 124.175 5.28631 0 -29.8614 -32.7764 128 11333.9 294.869 86 0.000107035
11100 0.00930168 0.00917138 0.000130293 0 0.985993 130.41 125.092 5.31773 0 -29.8809 -32.5455 128 11461.9 296.53 87 0.000105418
11200 0.0104457 0.010233 0.000212689 0 0.979639 131.458 126.115 5.34261 0 -29.8856 -30.4628 128 11589.9 298.181 88 0.000116284
11300 0.00933845 0.00909354 0.000244915 0 0.973774 132.386 127.024 5.36124 0 -29.8981 -31.6782 128 11717.9 299.823 89 0.000102175
11400 0.00966647 0.00890315 0.000763322 0 0.921034 133.296 127.915 5.38143 0 -29.9073 -31.2421 128 11845.9 301.456 90 9.89238e-05
11500 0.00931087 0.00928546 2.54118e-05 0 0.997271 134.249 128.843 5.40578 0 -29.9408 -34.6247 128 11845.9 301.456 90 0.000103172
11600 0.0086502 0.00860698 4.32155e-05 0 0.995004 135.123 129.704 5.41881 0 -29.9653 -33.7244 128 11973.9 303.08 91 9.45822e-05
11700 0.00901909 0.00887569 0.000143405 0 0.9841 136.024 130.592 5.43217 0 -29.9919 -33.9812 128 12101.9 304.696 92 9.64749e-05
11800 0.00849069 0.00819788 0.000292808 0 0.965514 136.859 131.411 5.448 0 -30.013 -33.4554 128 12229.9 306.303 93 8.81493e-05
11900 0.007167 0.007167 0 0 1 137.584 132.128 5.45624 0 -30.0391 -34.9649 128 12229.9 306.303 93 7.70645e-05
12000 0.00731514 0.00731514 0 0 1 138.325 132.86 5.46537 0 -30.0635 -34.5873 128 12357.9 307.902 94 7.78206e-05
12100 0.008198 0.00802101 0.000176997 0 0.97841 139.145 133.662 5.48316 0 -30.0811 -33.0612 128 12485.9 309.492 95 8.44316e-05
12200 0.00681203 0.00672599 8.60367e-05 0 0.98737 139.829 134.334 5.49493 0 -30.0996 -33.8537 128 12613.9 311.075 96 7.00624e-05
12300 0.00652983 0.00643296 9.68634e-05 0 0.985166 140.479 134.978 5.50131 0 -30.1188 -34.2443 128 12741.9 312.649 97 6.63192e-05
12400 0.00585495 0.00583417 2.07777e-05 0 0.996451 141.065 135.561 5.50354 0 -30.14 -35.2315 128 12741.9 312.649 97 6.01461e-05
12500 0.00958308 0.00957413 8.94959e-06 0 0.999066 142.062 136.518 5.54388 0 -30.18 -35.8339 128 12869.9 314.215 98 9.76952e-05
12600 0.00657526 0.00655031 2.49524e-05 0 0.996205 142.721 137.173 5.54808 0 -30.1992 -34.3358 128 12997.9 315.774 99 6.61648e-05
12700 0.00588463 0.00580227 8.23659e-05 0 0.986003 143.306 137.754 5.55215 0 -30.2166 -34.4637 128 13125.9 317.325 100 5.80227e-05
12800 0.00531023 0.00529847 1.17591e-05 0 0.997786 143.839 138.283 5.55531 0 -30.235 -35.1986 128 13253.9 318.868 101 5.24601e-05
12900 0.00658152 0.0064952 8.63218e-05 0 0.986884 144.501 138.933 5.56768 0 -30.2545 -34.4889 128 13253.9 318.868 101 6.43089e-05
13000 0.0140701 0.0134633 0.000606727 0 0.956878 145.913 140.279 5.6341 0 -30.2307 -27.7925 128 13381.9 320.405 102 0.000131993
13100 0.0115757 0.0105016 0.00107412 0 0.907209 147.045 141.33 5.71594 0 -30.2136 -28.0115 128 13509.9 321.933 103 0.000101957
13200 0.00929254 0.00854577 0.000746769 0 0.919638 147.979 142.184 5.79486 0 -30.209 -29.4935 128 13637.9 323.455 104 8.21708e-05
13300 0.00767445 0.00720382 0.000470634 0 0.938675 148.768 142.904 5.8632 0 -30.2128 -30.9112 128 13637.9 323.455 104 6.92675e-05
13400 0.0250196 0.0241023 0.000917253 0 0.963339 151.288 145.315 5.97346 0 -30.2608 -33.0951 128 13765.9 324.969 105 0.000229546
13500 0.0234972 0.0220902 0.00140702 0 0.94012 153.64 147.524 6.11678 0 -30.2797 -31.4949 128 13893.9 326.476 106 0.000208398
13600 0.0213309 0.0198269 0.00150396 0 0.929494 155.751 149.506 6.24439 0 -30.2888 -30.9532 128 14021.9 327.977 107 0.000185298
13700 0.0165735 0.0161468 0.000426614 0 0.974259 157.46 151.121 6.3386 0 -30.3148 -32.68 128 14149.9 329.47 108 0.000149508
13800 0.0131637 0.0129859 0.000177843 0 0.98649 158.791 152.42 6.37093 0 -30.3432 -33.7083 128 14149.9 329.47 108 0.000120239
13900 0.0115389 0.0115181 2.07171e-05 0 0.998205 159.965 153.571 6.39316 0 -30.3744 -34.5996 128 14277.9 330.957 109 0.000105671
14000 0.00981722 0.00980777 9.45181e-06 0 0.999037 160.948 154.552 6.39588 0 -30.405 -35.3746 128 14405.9 332.437 110 8.91615e-05
14100 0.00956788 0.00943518 0.000132703 0 0.98613 161.896 155.496 6.39988 0 -30.4325 -35.113 128 14533.9 333.911 111 8.50016e-05
14200 0.00894273 0.00890058 4.21481e-05 0 0.995287 162.793 156.386 6.4067 0 -30.4616 -35.6997 128 14533.9 333.911 111 8.01854e-05
14300 0.00838631 0.00834852 3.77851e-05 0 0.995494 163.633 157.221 6.41252 0 -30.4883 -35.6693 128 14661.9 335.378 112 7.45404e-05
14400 0.0123968 0.0118684 0.000528327 0 0.957382 164.855 158.408 6.44778 0 -30.5076 -33.0899 128 14789.9 336.839 113 0.000105031
14500 0.0126176 0.0119029 0.000714691 0 0.943357 166.1 159.598 6.50181 0 -30.5211 -32.3042 128 14917.9 338.293 114 0.000104411
14600 0.0114333 0.0109433 0.000489929 0 0.957149 167.257 160.692 6.56503 0 -30.5368 -32.7896 128 15045.9 339.742 115 9.51594e-05
14700 0.0106164 0.0102545 0.000361949 0 0.965907 168.326 161.718 6.60883 0 -30.5509 -32.7659 128 15045.9 339.742 115 8.91695e-05
14800 0.00978189 0.00950837 0.000273522 0 0.972038 169.309 162.668 6.6402 0 -30.5709 -33.9949 128 15173.9 341.184 116 8.19687e-05
14900 0.0101246 0.00976135 0.000363274 0 0.96412 170.322 163.645 6.67792 0 -30.5918 -34.0762 128 15301.9 342.62 117 8.34304e-05
15000 0.00908928 0.00879387 0.000295411 0 0.967499 171.231 164.524 6.7072 0 -30.6119 -34.3801 128 15429.9 344.05 118 7.45243e-05
15100 0.00801466 0.00792241 9.22507e-05 0 0.98849 172.043 165.316 6.72636 0 -30.6345 -35.4003 128 15429.9 344.05 118 6.7139e-05
15200 0.00810617 0.00805211 5.40623e-05 0 0.993331 172.862 166.121 6.74059 0 -30.6535 -34.6519 128 15557.9 345.474 119 6.76648e-05
15300 0.0169488 0.0163165 0.00063235 0 0.962691 174.552 167.753 6.79852 0 -30.6731 -32.678 128 15685.9 346.892 120 0.000135971
15400 0.012939 0.0125654 0.000373683 0 0.97112 175.865 169.01 6.8551 0 -30.7014 -34.4627 128 15813.9 348.305 121 0.000103846
15500 0.0121221 0.0110488 0.0010733 0 0.911459 177.015 170.114 6.90086 0 -30.7035 -31.0317 128 15941.9 349.711 122 9.05641e-05
15600 0.0122705 0.0118235 0.000446984 0 0.963572 178.256 171.297 6.95877 0 -30.7071 -31.2122 128 15941.9 349.711 122 9.69137e-05
15700 0.0103733 0.00998481 0.000388535 0 0.962545 179.302 172.295 7.00659 0 -30.7177 -32.5235 128 16069.9 351.113 123 8.11773e-05
15800 0.00902707 0.00885213 0.00017494 0 0.980621 180.22 173.181 7.03923 0 -30.7333 -33.7767 128 16197.9 352.508 124 7.13881e-05
15900 0.0170623 0.0155114 0.00155082 0 0.909108 181.836 174.732 7.1041 0 -30.7146 -28.6343 128 16325.9 353.898 125 0.000124092
16000 0.0158641 0.0150823 0.000781771 0 0.950721 183.437 176.24 7.19721 0 -30.7084 -30.0038 128 16453.9 355.283 126 0.000119701
16100 0.0142861 0.0136972 0.000588924 0 0.958776 184.879 177.61 7.2695 0 -30.7104 -30.9684 128 16453.9 355.283 126 0.000108708
16200 0.0114159 0.0110981 0.000317836 0 0.972158 186.036 178.719 7.31686 0 -30.7191 -32.1068 128 16581.9 356.662 127 8.73863e-05
16300 0.0100642 0.0097762 0.000287986 0 0.971385 187.045 179.697 7.34798 0 -30.7292 -32.5848 128 16709.9 358.036 128 7.63766e-05
16400 0.0117585 0.0110078 0.00075071 0 0.936156 188.17 180.798 7.3719 0 -30.7281 -30.5518 128 16837.9 359.405 129 8.53318e-05
16500 0.0123559 0.0120728 0.000283132 0 0.977085 189.417 182.005 7.41155 0 -30.732 -31.3252 128 16837.9 359.405 129 9.35876e-05
16600 0.0133382 0.0130807 0.000257514 0 0.980693 190.767 183.313 7.4541 0 -30.7439 -32.41 128 16965.9 360.768 130 0.000100621
16700 0.0278422 0.0266079 0.00123431 0 0.955668 193.533 185.974 7.55881 0 -30.7083 -28.248 128 17093.9 362.127 131 0.000203114
16800 0.01709 0.0163915 0.000698438 0 0.959132 195.267 187.613 7.65359 0 -30.7016 -29.961 128 17221.9 363.48 132 0.000124178
16900 0.0133601 0.0124733 0.000886843 0 0.93362 196.585 188.86 7.72462 0 -30.6998 -30.4259 128 17349.9 364.828 133 9.37842e-05
17000 0.011741 0.0113172 0.000423819 0 0.963903 197.768 189.992 7.77543 0 -30.7074 -31.9772 128 17349.9 364.828 133 8.50918e-05
17100 0.0110486 0.0106087 0.000439819 0 0.960192 198.878 191.053 7.82531 0 -30.713 -31.7058 128 17477.9 366.171 134 7.91697e-05
17200 0.0108889 0.0107144 0.000174486 0 0.983976 199.992 192.124 7.86721 0 -30.7264 -33.1139 128 17605.9 367.51 135 7.93657e-05
17300 0.0090182 0.00884372 0.000174486 0 0.980652 200.896 193.009 7.88667 0 -30.7405 -33.8683 128 17733.9 368.843 136 6.50273e-05
17400 0.00789704 0.00772255 0.000174486 0 0.977905 201.685 193.781 7.90412 0 -30.7547 -34.3761 128 17733.9 368.843 136 5.67835e-05
17500 0.0091414 0.00905349 8.79156e-05 0 0.990383 202.611 194.686 7.92408 0 -30.7637 -32.7237 128 17861.9 370.172 137 6.60838e-05
17600 0.00751697 0.00748034 3.66316e-05 0 0.995127 203.364 195.434 7.92985 0 -30.7769 -34.3167 128 17989.9 371.496 138 5.42054e-05
17700 0.00938343 0.00912781 0.000255614 0 0.972759 204.294 196.347 7.94639 0 -30.7824 -31.9952 128 18117.9 372.815 139 6.56677e-05
17800 0.00847815 0.00841769 6.04595e-05 0 0.992869 205.144 197.189 7.9554 0 -30.7942 -33.618 128 18245.9 374.13 140 6.01263e-05
17900 0.00747621 0.00746685 9.36111e-06 0 0.998748 205.894 197.936 7.95848 0 -30.809 -34.8556 128 18245.9 374.13 140 5.33347e-05
18000 0.00721978 0.00719829 2.14873e-05 0 0.997024 206.618 198.656 7.96235 0 -30.8229 -34.7963 128 18373.9 375.44 141 5.10517e-05
18100 0.0148893 0.0143187 0.000570597 0 0.961678 208.093 200.087 8.00526 0 -30.8431 -33.6629 128 18501.9 376.745 142 0.000100836
18200 0.0115048 0.0112543 0.000250442 0 0.978231 209.256 201.213 8.04343 0 -30.8606 -33.9885 128 18629.9 378.046 143 7.87016e-05
18300 0.00929281 0.00912075 0.000172065 0 0.981484 210.188 202.125 8.06354 0 -30.8767 -34.5091 128 18629.9 378.046 143 6.37815e-05
18400 0.00887454 0.00881054 6.39981e-05 0 0.992789 211.081 203.006 8.07551 0 -30.8934 -34.8112 128 18757.9 379.343 144 6.11843e-05
18500 0.00795187 0.00791374 3.81344e-05 0 0.995204 211.88 203.797 8.08294 0 -30.909 -35.027 128 18885.9 380.635 145 5.45775e-05
18600 0.00755544 0.00747108 8.43629e-05 0 0.988834 212.634 204.544 8.08978 0 -30.9248 -35.3809 128 19013.9 381.923 146 5.11718e-05
18700 0.00970284 0.00912907 0.000573761 0 0.940867 213.561 205.457 8.10394 0 -30.925 -30.9669 128 19141.9 383.206 147 6.21025e-05
18800 0.0099871 0.0098082 0.0001789 0 0.982087 214.576 206.438 8.13791 0 -30.9254 -31.0119 128 19141.9 383.206 147 6.67224e-05
18900 0.012858 0.0124194 0.000438534 0 0.965894 215.864 207.68 8.18394 0 -30.9159 -29.3364 128 19269.9 384.485 148 8.39151e-05
19000 0.0101343 0.00972398 0.000410359 0 0.959508 216.882 208.653 8.22922 0 -30.9186 -31.4918 128 19397.9 385.76 149 6.52616e-05
19100 0.0177583 0.0162499 0.00150833 0 0.915063 218.587 210.278 8.30994 0 -30.8937 -27.7247 128 19525.9 387.031 150 0.000108333
19200 0.0165369 0.0159282 0.000608752 0 0.963188 220.281 211.87 8.41019 0 -30.8839 -29.6106 128 19653.9 388.297 151 0.000105485
19300 0.0122385 0.0119834 0.000255076 0 0.979158 221.526 213.069 8.45742 0 -30.8892 -31.8344 128 19653.9 388.297 151 7.93606e-05
19400 0.0112021 0.0110901 0.000112018 0 0.99 222.658 214.178 8.48054 0 -30.898 -32.6194 128 19781.9 389.56 152 7.29612e-05
19500 0.0205299 0.0195761 0.000953831 0 0.953539 224.676 216.135 8.54077 0 -30.8772 -28.5801 128 19909.9 390.818 153 0.000127948
19600 0.0200561 0.0183564 0.0016997 0 0.915253 226.609 217.971 8.63755 0 -30.8621 -29.1107 128 20037.9 392.072 154 0.000119197
19700 0.017783 0.0171575 0.000625501 0 0.964826 228.431 219.687 8.74398 0 -30.8717 -32.0627 128 20037.9 392.072 154 0.000111412
19800 0.0134862 0.0130915 0.000394763 0 0.970728 229.796 220.996 8.79966 0 -30.8805 -32.3573 128 20165.9 393.322 155 8.44611e-05
19900 0.0116258 0.0114745 0.000151313 0 0.986985 230.969 222.143 8.82529 0 -30.8975 -34.2237 128 20293.9 394.569 156 7.35546e-05
20000 0.0107886 0.0105087 0.000279901 0 0.974056 232.043 223.194 8.84841 0 -30.9123 -34.0877 128 20421.9 395.811 157 6.69344e-05
