100 0.0234279 0.0212227 0.00220527 0 0.90587 2.34696 2.12227 0.224697 0 -25.8733 -25.8733 8 429.882 57.4268 13 0.00163251
200 0.0385515 0.0363999 0.00215163 0 0.944188 6.27797 5.76226 0.515715 0 -27.6914 -28.7769 8 533.882 63.9974 26 0.0014
300 0.0408279 0.0387718 0.00205604 0 0.949641 10.4441 9.63944 0.804627 0 -27.5799 -27.412 8 629.882 69.5136 38 0.00102031
400 0.0591713 0.0551468 0.00402451 0 0.931985 16.3633 15.1541 1.20916 0 -27.7423 -28.0288 8 733.882 75.0331 51 0.00108131
500 0.0785697 0.0733746 0.00519504 0 0.93388 24.2129 22.4916 1.7213 0 -27.7985 -27.9156 8 829.882 79.7899 63 0.00116468
600 0.0851844 0.0790175 0.00616689 0 0.927605 32.7559 30.3933 2.36252 0 -27.6096 -27.0743 8 933.882 84.642 76 0.0010397
700 0.108903 0.101726 0.0071768 0 0.934099 43.6456 40.5659 3.07968 0 -27.6527 -27.7824 8 1029.88 88.8861 88 0.00115597
800 0.124052 0.115236 0.008816 0 0.928933 55.9734 52.0895 3.88383 0 -27.9002 -28.7764 8 1133.88 93.2661 101 0.00114095
900 0.155005 0.143661 0.011344 0 0.926815 71.4419 66.4556 4.98632 0 -27.9467 -28.1151 8 1229.88 97.1341 113 0.00127133
1000 0.125121 0.116792 0.00832849 0 0.933436 84.0977 78.1348 5.96292 0 -28.0532 -28.6542 8 1333.88 101.158 126 0.000926922
1100 0.115746 0.107682 0.00806394 0 0.930331 95.6199 88.903 6.71691 0 -28.1304 -28.6935 8 1429.88 104.735 138 0.000780303
1200 0.13858 0.129954 0.00862677 0 0.937749 109.479 101.898 7.58105 0 -28.2246 -28.8747 8 1533.88 108.477 151 0.000860621
1300 0.169451 0.158925 0.0105254 0 0.937885 126.391 117.791 8.59969 0 -28.2322 -28.2814 8 1629.88 111.82 163 0.000975001
1400 0.141589 0.133925 0.00766384 0 0.945873 140.624 131.183 9.44043 0 -28.2982 -28.8847 8 1733.88 115.332 176 0.000760938
1500 0.185139 0.176021 0.00911885 0 0.950746 159.151 148.785 10.3651 0 -28.3511 -28.7522 8 1829.88 118.482 188 0.00093628
1600 0.20284 0.190188 0.0126525 0 0.937623 179.272 167.804 11.4679 0 -28.2721 -27.6471 8 1933.88 121.802 201 0.000946207
1700 0.181549 0.171535 0.0100136 0 0.944844 197.537 184.958 12.5794 0 -28.2949 -28.5187 8 2029.88 124.789 213 0.000805329
1800 0.154804 0.145904 0.00890037 0 0.942506 213.033 199.548 13.4852 0 -28.3469 -29.0102 8 2133.88 127.946 226 0.000645591
1900 0.155642 0.147608 0.0080345 0 0.948378 228.694 214.309 14.3851 0 -28.4355 -29.6409 8 2229.88 130.792 238 0.000620202
2000 0.177965 0.166945 0.011019 0 0.938083 246.234 231.003 15.2301 0 -28.4967 -29.2941 8 2333.88 133.807 251 0.000665121
2100 0.197346 0.187322 0.0100235 0 0.949208 265.922 249.736 16.1865 0 -28.6013 -29.9102 8 2429.88 136.531 263 0.000712252
2200 0.206549 0.196738 0.00981128 0 0.952499 286.66 269.409 17.2511 0 -28.6498 -29.2708 8 2533.88 139.423 276 0.000712817
2300 0.183375 0.174621 0.00875373 0 0.952263 305.066 286.872 18.1947 0 -28.7104 -29.6553 8 2629.88 142.039 288 0.000606323
2400 0.165239 0.156399 0.00884079 0 0.946497 321.542 302.511 19.0306 0 -28.7901 -30.2648 8 2733.88 144.82 301 0.000519596
2500 0.163836 0.155641 0.00819556 0 0.949977 337.982 318.075 19.9069 0 -28.8365 -29.7435 8 2829.88 147.341 313 0.000497255
2600 0.156128 0.148742 0.00738578 0 0.952694 353.651 332.95 20.701 0 -28.9007 -30.2868 8 2933.88 150.024 326 0.000456265
2700 0.157047 0.15005 0.00699762 0 0.955443 369.407 347.955 21.4524 0 -28.95 -30.0557 8 3029.88 152.459 338 0.000443934
2800 0.19027 0.181656 0.008614 0 0.954728 388.346 366.12 22.2257 0 -28.9839 -29.6459 8 3133.88 155.053 351 0.000517539
2900 0.184531 0.176484 0.00804756 0 0.956389 406.971 383.769 23.202 0 -29.0357 -30.1143 8 3229.88 157.41 363 0.000486181
3000 0.162867 0.155325 0.0075421 0 0.953692 423.314 399.301 24.013 0 -29.0838 -30.2824 8 3333.88 159.925 376 0.000413099
3100 0.151243 0.144075 0.00716832 0 0.952604 438.434 413.709 24.7253 0 -29.1337 -30.5318 8 3429.88 162.211 388 0.000371327
3200 0.185482 0.176187 0.00929425 0 0.949891 456.855 431.327 25.5272 0 -29.1718 -30.0787 8 3533.88 164.652 401 0.00043937
3300 0.167888 0.160584 0.00730403 0 0.956495 473.74 447.386 26.3547 0 -29.2278 -30.741 8 3629.88 166.873 413 0.000388823
3400 0.178495 0.169506 0.00898808 0 0.949645 491.606 464.336 27.2693 0 -29.2711 -30.4198 8 3733.88 169.247 426 0.000397902
3500 0.192058 0.18154 0.0105181 0 0.945235 510.782 482.49 28.2918 0 -29.3012 -30.0745 8 3829.88 171.409 438 0.000414475
3600 0.177608 0.166191 0.0114161 0 0.935723 528.314 499.11 29.2044 0 -29.3273 -30.0873 8 3933.88 173.72 451 0.000368495
3700 0.195499 0.185232 0.0102675 0 0.94748 547.912 517.633 30.2794 0 -29.3704 -30.5329 8 4029.88 175.827 463 0.000400068
3800 0.180261 0.170319 0.00994174 0 0.944848 565.931 534.665 31.2661 0 -29.4053 -30.4652 8 4133.88 178.082 476 0.000357814
3900 0.165683 0.15733 0.00835334 0 0.949582 582.533 550.398 32.1352 0 -29.4495 -30.9562 8 4229.88 180.138 488 0.000322397
4000 0.169591 0.163311 0.00628019 0 0.962969 599.648 566.729 32.9197 0 -29.4876 -30.7856 8 4333.88 182.339 501 0.00032597
4100 0.185628 0.176274 0.00935434 0 0.949607 618.049 584.356 33.6927 0 -29.5042 -30.0432 8 4429.88 184.347 513 0.000343614
4200 0.171618 0.164217 0.0074007 0 0.956877 635.265 600.778 34.4874 0 -29.5353 -30.6529 8 4533.88 186.498 526 0.000312199
4300 0.165402 0.158586 0.00681639 0 0.958789 651.844 616.636 35.2076 0 -29.5706 -30.9226 8 4629.88 188.463 538 0.000294769
4400 0.175015 0.168202 0.00681341 0 0.96107 669.381 633.457 35.9243 0 -29.6055 -30.9022 8 4733.88 190.567 551 0.000305266
4500 0.171983 0.16386 0.00812318 0 0.952768 686.581 649.843 36.7386 0 -29.6363 -30.8353 8 4829.88 192.49 563 0.000291048
4600 0.152931 0.147527 0.00540393 0 0.964664 701.982 664.595 37.387 0 -29.6728 -31.3022 8 4933.88 194.551 576 0.000256123
4700 0.199287 0.190746 0.00854065 0 0.957144 721.795 683.67 38.125 0 -29.7042 -30.8139 8 5029.88 196.435 588 0.000324398
4800 0.202858 0.194691 0.00816748 0 0.959738 742.133 703.139 38.994 0 -29.7412 -31.0577 8 5133.88 198.455 601 0.000323944
4900 0.176214 0.168714 0.00750036 0 0.957436 759.837 720.01 39.8272 0 -29.7818 -31.4804 8 5229.88 200.302 613 0.000275226
5000 0.18123 0.174446 0.00678323 0 0.962571 778.042 737.455 40.5874 0 -29.8216 -31.4859 8 5333.88 202.284 626 0.000278668
5100 0.177562 0.171134 0.00642841 0 0.963796 795.841 754.568 41.2724 0 -29.8551 -31.3177 8 5429.88 204.096 638 0.000268235
5200 0.177343 0.170788 0.00655475 0 0.963039 813.581 771.647 41.9338 0 -29.8903 -31.4674 8 5533.88 206.042 651 0.000262347
5300 0.18963 0.182733 0.0068973 0 0.963628 832.596 789.92 42.6753 0 -29.9214 -31.2533 8 5629.88 207.821 663 0.000275616
5400 0.188435 0.180701 0.00773364 0 0.958959 851.35 807.991 43.3597 0 -29.9455 -31.016 8 5733.88 209.732 676 0.00026731
5500 0.21583 0.207472 0.00835857 0 0.961273 872.954 828.738 44.216 0 -29.9637 -30.6792 8 5829.88 211.48 688 0.000301558
5600 0.200082 0.193166 0.00691614 0 0.965434 893.17 848.054 45.116 0 -29.9818 -30.766 8 5933.88 213.358 701 0.000275558
5700 0.189687 0.18291 0.00677698 0 0.964273 912.179 866.345 45.8335 0 -29.9982 -30.7681 8 6029.88 215.077 713 0.000256536
5800 0.180354 0.17471 0.00564431 0 0.968704 930.254 883.816 46.4373 0 -30.0177 -31.0004 8 6133.88 216.924 726 0.000240648
5900 0.17031 0.165653 0.00465726 0 0.972654 947.379 900.382 46.9976 0 -30.0403 -31.2706 8 6229.88 218.615 738 0.000224462
6000 0.189643 0.182076 0.00756685 0 0.960099 966.326 918.589 47.7371 0 -30.068 -31.4511 8 6333.88 220.432 751 0.000242444
6100 0.194706 0.18666 0.00804652 0 0.958674 985.731 937.255 48.4758 0 -30.0772 -30.5345 8 6429.88 222.096 763 0.000244639
6200 0.198181 0.191584 0.00659671 0 0.966714 1005.7 956.414 49.2838 0 -30.0968 -31.065 8 6533.88 223.885 776 0.000246887
6300 0.213585 0.205098 0.00848729 0 0.960263 1027.04 976.923 50.1179 0 -30.1107 -30.7651 8 6629.88 225.524 788 0.000260277
6400 0.212811 0.203148 0.00966322 0 0.954593 1048.27 997.238 51.0321 0 -30.1214 -30.639 8 6733.88 227.286 801 0.000253618
6500 0.229292 0.2183 0.0109922 0 0.95206 1071.07 1019.07 52.0066 0 -30.1203 -30.0728 8 6829.88 228.9 813 0.000268511
6600 0.220834 0.210168 0.0106667 0 0.951698 1093.08 1040.08 52.9973 0 -30.1218 -30.1933 8 6933.88 230.637 826 0.00025444
6700 0.219171 0.207703 0.0114683 0 0.947674 1114.85 1060.86 53.9907 0 -30.1251 -30.2883 8 7029.88 232.228 838 0.000247856
6800 0.209161 0.2009 0.00826101 0 0.960504 1135.94 1080.95 54.9908 0 -30.1315 -30.4738 8 7133.88 233.939 851 0.000236075
6900 0.222443 0.214804 0.00763885 0 0.965659 1158.29 1102.43 55.8673 0 -30.1302 -30.0599 8 7229.88 235.508 863 0.000248904
7000 0.191903 0.185657 0.00624626 0 0.967451 1177.59 1120.99 56.5977 0 -30.1434 -30.9408 8 7333.88 237.196 876 0.000211937
7100 0.199093 0.192843 0.00625005 0 0.968607 1197.48 1140.28 57.2086 0 -30.1614 -31.2272 8 7429.88 238.743 888 0.000217165
7200 0.18448 0.179368 0.00511127 0 0.972294 1215.99 1158.21 57.7748 0 -30.1813 -31.4673 8 7533.88 240.408 901 0.000199077
7300 0.174449 0.16841 0.00603892 0 0.965383 1233.36 1175.05 58.3041 0 -30.2028 -31.7073 8 7629.88 241.935 913 0.000184458
7400 0.19761 0.191368 0.00624222 0 0.968411 1253.08 1194.19 58.8927 0 -30.2254 -31.6409 8 7733.88 243.578 926 0.000206661
7500 0.200886 0.19377 0.0071161 0 0.964576 1273.24 1213.57 59.6715 0 -30.2456 -31.5019 8 7829.88 245.086 938 0.000206578
7600 0.200851 0.192513 0.00833816 0 0.958486 1293.34 1232.82 60.5237 0 -30.2623 -31.3168 8 7933.88 246.708 951 0.000202432
7700 0.229159 0.218632 0.0105269 0 0.954063 1316.16 1254.68 61.479 0 -30.2776 -31.1473 8 8029.88 248.196 963 0.000227032
7800 0.253612 0.243315 0.0102965 0 0.9594 1341.68 1279.01 62.6712 0 -30.2707 -29.9133 8 8133.88 249.798 976 0.000249298
7900 0.219939 0.209892 0.0100473 0 0.954318 1363.68 1300 63.6808 0 -30.2769 -30.6563 8 8229.88 251.268 988 0.000212441
8000 0.223092 0.213489 0.00960224 0 0.956958 1386.01 1321.35 64.657 0 -30.2827 -30.6372 8 8333.88 252.85 1001 0.000213276
8100 0.225234 0.218018 0.00721605 0 0.967962 1408.77 1343.15 65.62 0 -30.2999 -31.3482 8 8429.88 254.303 1013 0.00021522
8200 0.200496 0.193496 0.00699938 0 0.96509 1428.84 1362.5 66.336 0 -30.321 -31.8004 8 8533.88 255.866 1026 0.000188593
8300 0.205794 0.198342 0.00745197 0 0.963789 1449.42 1382.34 67.0833 0 -30.3378 -31.4996 8 8629.88 257.302 1038 0.000191081
8400 0.204283 0.197716 0.00656728 0 0.967852 1469.91 1402.11 67.7971 0 -30.3507 -31.2637 8 8733.88 258.847 1051 0.000188121
8500 0.186483 0.180228 0.006255 0 0.966458 1488.58 1420.13 68.4533 0 -30.3714 -32.0056 8 8829.88 260.266 1063 0.000169547
8600 0.197209 0.189133 0.00807528 0 0.959052 1508.19 1439.04 69.1462 0 -30.3875 -31.6084 8 8933.88 261.794 1076 0.000175774
8700 0.214642 0.207727 0.00691439 0 0.967786 1529.71 1459.82 69.8914 0 -30.4058 -31.6883 8 9029.88 263.197 1088 0.000190926
8800 0.21855 0.210509 0.00804165 0 0.963205 1551.51 1480.87 70.6418 0 -30.4208 -31.4751 8 9133.88 264.708 1101 0.000191198
8900 0.19892 0.191687 0.00723272 0 0.96364 1571.33 1500.04 71.2887 0 -30.4385 -31.8259 8 9229.88 266.096 1113 0.000172226
9000 0.233745 0.226089 0.00765593 0 0.967247 1594.72 1522.65 72.0744 0 -30.4635 -32.1421 8 9333.88 267.591 1126 0.000200789
9100 0.226859 0.218388 0.00847126 0 0.962659 1617.36 1544.48 72.8707 0 -30.4756 -31.3237 8 9429.88 268.963 1138 0.000191905
9200 0.230259 0.221682 0.00857766 0 0.962748 1640.31 1566.65 73.6569 0 -30.4817 -30.912 8 9533.88 270.443 1151 0.000192599
9300 0.214399 0.208558 0.00584068 0 0.972758 1661.92 1587.51 74.4076 0 -30.4992 -31.8324 8 9629.88 271.801 1163 0.000179328
9400 0.200173 0.193241 0.00693192 0 0.96537 1681.89 1606.83 75.0551 0 -30.5198 -32.2298 8 9733.88 273.264 1176 0.000164321
9500 0.221842 0.213803 0.00803932 0 0.963761 1703.99 1628.21 75.7776 0 -30.5333 -31.5629 8 9829.88 274.609 1188 0.000179969
9600 0.217787 0.211683 0.00610469 0 0.971969 1725.9 1649.38 76.514 0 -30.5487 -31.746 8 9933.88 276.058 1201 0.000176255
9700 0.19886 0.192527 0.00633314 0 0.968153 1745.76 1668.63 77.1287 0 -30.5674 -32.1895 8 10029.9 277.388 1213 0.000158719
9800 0.249409 0.240642 0.00876758 0 0.964847 1770.64 1692.7 77.9411 0 -30.5684 -30.6387 8 10133.9 278.823 1226 0.000196282
9900 0.213936 0.207183 0.00675299 0 0.968435 1792.09 1713.42 78.6765 0 -30.58 -31.5343 8 10229.9 280.14 1238 0.000167353
10000 0.200816 0.1944 0.00641548 0 0.968053 1812.18 1732.86 79.3209 0 -30.5938 -31.8313 8 10333.9 281.561 1251 0.000155396
10100 0.235055 0.226303 0.00875196 0 0.962766 1835.53 1755.49 80.0451 0 -30.588 -30.1394 8 10429.9 282.865 1263 0.000179179
10200 0.228737 0.220405 0.00833147 0 0.963576 1858.46 1777.53 80.935 0 -30.5928 -30.9699 8 10533.9 284.272 1276 0.000172731
10300 0.224725 0.218044 0.0066804 0 0.970273 1881.1 1799.33 81.7692 0 -30.6067 -31.7508 8 10629.9 285.565 1288 0.000169289
10400 0.228607 0.219671 0.00893612 0 0.960911 1903.85 1821.3 82.556 0 -30.6155 -31.3412 8 10733.9 286.958 1301 0.000168848
10500 0.214458 0.207232 0.0072262 0 0.966305 1925.4 1842.02 83.3762 0 -30.6241 -31.3914 8 10829.9 288.238 1313 0.000157831
10600 0.217463 0.210315 0.00714826 0 0.967129 1947.26 1863.05 84.2077 0 -30.6341 -31.5147 8 10933.9 289.619 1326 0.000158609
10700 0.219754 0.211244 0.00850998 0 0.961275 1969.14 1884.18 84.9652 0 -30.6502 -32.0769 8 11029.9 290.888 1338 0.00015788
10800 0.218415 0.212357 0.00605829 0 0.972263 1991.11 1905.41 85.6976 0 -30.6688 -32.3357 8 11133.9 292.256 1351 0.000157185
10900 0.195488 0.189895 0.00559317 0 0.971389 2010.74 1924.4 86.3403 0 -30.6873 -32.5633 8 11229.9 293.513 1363 0.000139322
11000 0.221194 0.21098 0.0102144 0 0.953822 2032.56 1945.5 87.0604 0 -30.6969 -31.5871 8 11333.9 294.869 1376 0.000153328
11100 0.224739 0.215945 0.00879443 0 0.960868 2055 1967.1 87.9076 0 -30.7154 -32.3849 8 11429.9 296.115 1388 0.00015558
11200 0.214891 0.206955 0.00793594 0 0.96307 2076.47 1987.79 88.6787 0 -30.7318 -32.3093 8 11533.9 297.459 1401 0.000147719
11300 0.205079 0.197418 0.00766175 0 0.96264 2096.92 2007.53 89.3901 0 -30.7483 -32.4144 8 11629.9 298.695 1413 0.000139715
11400 0.20466 0.198245 0.00641491 0 0.968656 2117.39 2027.36 90.0318 0 -30.7663 -32.6117 8 11733.9 300.027 1426 0.000139022
11500 0.210054 0.204667 0.00538661 0 0.974356 2138.53 2047.82 90.7048 0 -30.7861 -32.7709 8 11829.9 301.252 1438 0.000142328
11600 0.189439 0.184582 0.00485737 0 0.974359 2157.53 2066.28 91.2504 0 -30.8061 -33.0629 8 11933.9 302.574 1451 0.00012721
11700 0.200712 0.193267 0.00744476 0 0.962908 2177.47 2085.61 91.8628 0 -30.8169 -31.9793 8 12029.9 303.788 1463 0.000132103
11800 0.205868 0.199315 0.00655277 0 0.96817 2198.08 2105.54 92.5441 0 -30.8286 -32.0612 8 12133.9 305.098 1476 0.000135037
11900 0.208398 0.201523 0.0068748 0 0.967011 2218.94 2125.69 93.2434 0 -30.8347 -31.4821 8 12229.9 306.303 1488 0.000135432
12000 0.230423 0.222366 0.00805685 0 0.965034 2242 2147.93 94.0714 0 -30.8375 -31.1106 8 12333.9 307.603 1501 0.000148145
12100 0.215571 0.208013 0.00755803 0 0.964939 2263.61 2168.73 94.8792 0 -30.844 -31.5172 8 12429.9 308.797 1513 0.000137484
12200 0.20611 0.198389 0.00772013 0 0.962544 2284.23 2188.57 95.6599 0 -30.8517 -31.6958 8 12533.9 310.087 1526 0.000130006
12300 0.22855 0.220709 0.00784076 0 0.965693 2307.19 2210.64 96.5474 0 -30.8599 -31.673 8 12629.9 311.272 1538 0.000143504
12400 0.223847 0.215949 0.00789846 0 0.964715 2329.63 2232.24 97.3931 0 -30.8662 -31.513 8 12733.9 312.551 1551 0.000139232
12500 0.199522 0.193024 0.00649793 0 0.967432 2349.64 2251.54 98.1019 0 -30.8782 -32.2815 8 12829.9 313.727 1563 0.000123496
12600 0.216435 0.209805 0.00662929 0 0.969371 2371.33 2272.52 98.8152 0 -30.886 -31.7242 8 12933.9 314.996 1576 0.000133125
12700 0.198591 0.191007 0.00758329 0 0.961814 2391.04 2291.62 99.4192 0 -30.8951 -31.9995 8 13029.9 316.162 1588 0.000120282
12800 0.210902 0.203182 0.00772027 0 0.963394 2412.06 2311.94 100.124 0 -30.9027 -31.7577 8 13133.9 317.422 1601 0.000126909
12900 0.207135 0.200811 0.00632334 0 0.969472 2432.87 2332.02 100.852 0 -30.9121 -32.0069 8 13229.9 318.58 1613 0.000124496
13000 0.204613 0.199025 0.00558786 0 0.972691 2453.44 2351.92 101.514 0 -30.9252 -32.479 8 13333.9 319.829 1626 0.000122401
13100 0.189522 0.182763 0.00675868 0 0.964338 2472.28 2370.2 102.082 0 -30.936 -32.3309 8 13429.9 320.979 1638 0.000111577
13200 0.201886 0.195234 0.00665218 0 0.96705 2492.48 2389.72 102.759 0 -30.9466 -32.2536 8 13533.9 322.219 1651 0.000118252
13300 0.199477 0.193842 0.00563562 0 0.971748 2512.56 2409.1 103.451 0 -30.9583 -32.4062 8 13629.9 323.36 1663 0.000116561
13400 0.187888 0.180135 0.00775318 0 0.958735 2531.17 2427.12 104.048 0 -30.9677 -32.2344 8 13733.9 324.591 1676 0.000107479
13500 0.212779 0.203685 0.00909405 0 0.957261 2552.27 2447.49 104.786 0 -30.9716 -31.4379 8 13829.9 325.724 1688 0.000120667
13600 0.224597 0.216983 0.0076135 0 0.966102 2574.85 2469.19 105.661 0 -30.9804 -31.9823 8 13933.9 326.946 1701 0.000127562
13700 0.220276 0.212923 0.0073529 0 0.96662 2596.92 2490.48 106.445 0 -30.9912 -32.2516 8 14029.9 328.07 1713 0.000124299
13800 0.198835 0.191684 0.00715171 0 0.964032 2616.81 2509.65 107.159 0 -31.0015 -32.3473 8 14133.9 329.284 1726 0.000111057
13900 0.185338 0.179396 0.00594134 0 0.967943 2635.35 2527.59 107.76 0 -31.0125 -32.5644 8 14229.9 330.401 1738 0.00010322
14000 0.186681 0.180505 0.00617599 0 0.966917 2654.05 2545.64 108.414 0 -31.0253 -32.831 8 14333.9 331.606 1751 0.000103087
14100 0.207935 0.200872 0.00706247 0 0.966035 2674.86 2565.72 109.136 0 -31.0377 -32.6165 8 14429.9 332.714 1763 0.000113938
14200 0.246547 0.237819 0.00872845 0 0.964597 2699.46 2589.51 109.958 0 -31.0377 -31.0382 8 14533.9 333.911 1776 0.000133907
14300 0.233347 0.225324 0.00802238 0 0.96562 2722.89 2612.04 110.854 0 -31.0405 -31.3609 8 14629.9 335.012 1788 0.00012602
14400 0.20455 0.198647 0.00590347 0 0.971139 2743.49 2631.9 111.585 0 -31.0518 -32.547 8 14733.9 336.201 1801 0.000110298
14500 0.193442 0.188306 0.00513604 0 0.973449 2762.87 2650.73 112.137 0 -31.065 -32.9264 8 14829.9 337.294 1813 0.000103864
14600 0.190251 0.185806 0.0044453 0 0.976635 2781.96 2669.31 112.643 0 -31.0765 -32.7509 8 14933.9 338.475 1826 0.000101756
14700 0.225445 0.220084 0.00536093 0 0.976221 2804.58 2691.32 113.258 0 -31.0785 -31.3176 8 15029.9 339.561 1838 0.000119741
14800 0.221202 0.212743 0.00845942 0 0.961757 2826.57 2712.6 113.977 0 -31.0819 -31.5224 8 15133.9 340.734 1851 0.000114934
14900 0.203073 0.196499 0.00657457 0 0.967625 2846.96 2732.25 114.718 0 -31.0882 -31.9515 8 15229.9 341.813 1863 0.000105474
15000 0.201762 0.19531 0.00645153 0 0.968024 2867.16 2751.78 115.385 0 -31.09 -31.3495 8 15333.9 342.978 1876 0.00010411
15100 0.202576 0.196156 0.00642018 0 0.968307 2887.45 2771.39 116.062 0 -31.0923 -31.4145 8 15429.9 344.05 1888 0.000103896
15200 0.216272 0.209083 0.0071882 0 0.966763 2909.14 2792.3 116.835 0 -31.0961 -31.6023 8 15533.9 345.207 1901 0.000109986
15300 0.218676 0.210431 0.008245 0 0.962296 2930.99 2813.34 117.645 0 -31.0959 -31.0773 8 15629.9 346.272 1913 0.000110001
15400 0.203029 0.196336 0.00669303 0 0.967034 2951.35 2832.98 118.369 0 -31.1017 -31.9305 8 15733.9 347.423 1926 0.00010194
15500 0.194094 0.188313 0.00578189 0 0.970211 2970.85 2851.81 119.038 0 -31.1083 -32.1101 8 15829.9 348.481 1938 9.71685e-05
15600 0.195692 0.187978 0.00771459 0 0.960578 2990.24 2870.61 119.637 0 -31.1139 -31.9733 8 15933.9 349.624 1951 9.63495e-05
15700 0.194394 0.188701 0.00569321 0 0.970713 3009.74 2889.48 120.264 0 -31.1238 -32.6436 8 16029.9 350.675 1963 9.6129e-05
15800 0.20034 0.195281 0.00505944 0 0.974746 3029.9 2909 120.896 0 -31.1352 -32.826 8 16133.9 351.811 1976 9.88263e-05
15900 0.17403 0.170404 0.00362646 0 0.979162 3047.38 2926.05 121.336 0 -31.1454 -32.924 8 16229.9 352.856 1988 8.57162e-05
16000 0.167643 0.164688 0.00295541 0 0.982371 3064.23 2942.51 121.713 0 -31.1568 -33.2198 8 16333.9 353.985 2001 8.23028e-05
16100 0.179004 0.175437 0.00356652 0 0.980076 3082.14 2960.06 122.087 0 -31.1657 -32.6741 8 16429.9 355.024 2013 8.71521e-05
16200 0.167295 0.163632 0.00366243 0 0.978108 3098.93 2976.42 122.511 0 -31.1756 -32.9944 8 16533.9 356.146 2026 8.07661e-05
16300 0.208471 0.202353 0.00611843 0 0.970651 3119.82 2996.66 123.161 0 -31.1783 -31.5777 8 16629.9 357.178 2038 9.929e-05
16400 0.192494 0.185919 0.00657509 0 0.965843 3139.05 3015.25 123.8 0 -31.1819 -31.779 8 16733.9 358.293 2051 9.06478e-05
16500 0.219022 0.209637 0.0093859 0 0.957146 3160.8 3036.21 124.585 0 -31.1835 -31.4108 8 16829.9 359.319 2063 0.000101617
16600 0.209427 0.202744 0.00668313 0 0.968088 3181.9 3056.49 125.414 0 -31.1851 -31.4166 8 16933.9 360.428 2076 9.76609e-05
16700 0.197159 0.19052 0.00663897 0 0.966327 3201.68 3075.54 126.14 0 -31.1886 -31.7569 8 17029.9 361.448 2088 9.12452e-05
16800 0.198483 0.191489 0.00699389 0 0.964763 3221.51 3094.69 126.827 0 -31.1923 -31.7898 8 17133.9 362.55 2101 9.11419e-05
16900 0.209838 0.201554 0.00828465 0 0.960519 3242.37 3114.84 127.53 0 -31.1943 -31.512 8 17229.9 363.564 2113 9.53875e-05
17000 0.208313 0.201697 0.0066163 0 0.968239 3263.27 3135.01 128.256 0 -31.1977 -31.7124 8 17333.9 364.66 2126 9.48715e-05
17100 0.235996 0.22518 0.0108152 0 0.954172 3286.6 3157.53 129.068 0 -31.1905 -30.1948 8 17429.9 365.668 2138 0.000105323
17200 0.250452 0.241281 0.00917123 0 0.963381 3311.76 3181.66 130.107 0 -31.1815 -30.0039 8 17533.9 366.758 2151 0.000112171
17300 0.237638 0.22903 0.00860856 0 0.963775 3335.62 3204.56 131.057 0 -31.1754 -30.3183 8 17629.9 367.76 2163 0.000105885
17400 0.230356 0.221382 0.00897366 0 0.961044 3358.6 3226.7 131.905 0 -31.1731 -30.8444 8 17733.9 368.843 2176 0.000101738
17500 0.251341 0.243477 0.00786405 0 0.968712 3383.88 3251.05 132.829 0 -31.1729 -31.152 8 17829.9 369.84 2188 0.000111278
17600 0.218019 0.211225 0.0067933 0 0.968841 3405.76 3272.17 133.586 0 -31.1775 -31.891 8 17933.9 370.917 2201 9.59679e-05
17700 0.214903 0.208399 0.00650446 0 0.969733 3427.35 3293.01 134.343 0 -31.181 -31.7278 8 18029.9 371.909 2213 9.41704e-05
17800 0.214198 0.206891 0.00730671 0 0.965888 3448.79 3313.7 135.096 0 -31.1842 -31.6884 8 18133.9 372.98 2226 9.29431e-05
17900 0.203733 0.19763 0.0061031 0 0.970044 3469.25 3333.46 135.79 0 -31.1908 -32.3085 8 18229.9 373.966 2238 8.83067e-05
18000 0.271967 0.261521 0.0104466 0 0.961589 3496.34 3359.61 136.728 0 -31.188 -30.8267 8 18333.9 375.031 2251 0.00011618
18100 0.231519 0.224199 0.00732018 0 0.968382 3519.59 3382.03 137.56 0 -31.1938 -32.0748 8 18429.9 376.012 2263 9.90716e-05
18200 0.228795 0.220816 0.00797809 0 0.96513 3542.48 3404.12 138.36 0 -31.1942 -31.2522 8 18533.9 377.071 2276 9.70195e-05
18300 0.232412 0.224967 0.00744544 0 0.967964 3565.72 3426.61 139.112 0 -31.1955 -31.3866 8 18629.9 378.046 2288 9.83245e-05
18400 0.221258 0.214681 0.00657699 0 0.970275 3587.92 3448.08 139.839 0 -31.1991 -31.7822 8 18733.9 379.1 2301 9.3299e-05
18500 0.220222 0.211538 0.00868405 0 0.960567 3609.72 3469.23 140.489 0 -31.1998 -31.3201 8 18829.9 380.07 2313 9.1456e-05
18600 0.267508 0.257707 0.00980104 0 0.963362 3636.38 3495 141.376 0 -31.1907 -29.9489 8 18933.9 381.118 2326 0.000110794
18700 0.244585 0.236338 0.00824714 0 0.966281 3660.94 3518.64 142.297 0 -31.1917 -31.3497 8 19029.9 382.083 2338 0.000101086
18800 0.226713 0.219235 0.00747783 0 0.967016 3683.71 3540.56 143.15 0 -31.1962 -31.9203 8 19133.9 383.126 2351 9.32519e-05
18900 0.213369 0.206675 0.00669463 0 0.968624 3705.11 3561.23 143.884 0 -31.1978 -31.464 8 19229.9 384.086 2363 8.74629e-05
19000 0.237409 0.22672 0.010689 0 0.954977 3728.7 3583.9 144.797 0 -31.1931 -30.459 8 19333.9 385.123 2376 9.5421e-05
19100 0.253217 0.242366 0.0108513 0 0.957146 3754 3608.14 145.861 0 -31.1883 -30.4837 8 19429.9 386.078 2388 0.000101493
19200 0.25142 0.241241 0.010179 0 0.959514 3779.19 3632.26 146.929 0 -31.1839 -30.5266 8 19533.9 387.11 2401 0.000100475
19300 0.245387 0.236121 0.00926589 0 0.96224 3803.91 3655.87 148.036 0 -31.1814 -30.7909 8 19629.9 388.06 2413 9.78536e-05
19400 0.247212 0.238148 0.0090645 0 0.963333 3828.72 3679.69 149.033 0 -31.1843 -31.6301 8 19733.9 389.087 2426 9.81648e-05
19500 0.231507 0.223407 0.00810016 0 0.965011 3851.95 3702.03 149.917 0 -31.1883 -31.8533 8 19829.9 390.032 2438 9.16353e-05
19600 0.231191 0.22179 0.00940072 0 0.959338 3874.93 3724.21 150.726 0 -31.1873 -31.024 8 19933.9 391.053 2451 9.04896e-05
19700 0.242261 0.231727 0.0105342 0 0.956517 3898.97 3747.38 151.584 0 -31.1821 -30.3332 8 20029.9 391.994 2463 9.40831e-05
19800 0.226233 0.219358 0.0068754 0 0.969609 3921.71 3769.32 152.393 0 -31.1838 -31.4806 8 20133.9 393.01 2476 8.85937e-05
19900 0.259401 0.250612 0.00878867 0 0.966119 3947.61 3794.38 153.229 0 -31.1861 -31.5402 8 20229.9 393.946 2488 0.000100728
20000 0.284566 0.274493 0.0100729 0 0.964603 3976.06 3821.83 154.231 0 -31.185 -31.0349 8 20333.9 394.957 2501 0.000109753
