100 0.0199323 0.018872 0.00106035 0 0.946803 2.00804 1.8872 0.120846 0 -25.0444 -25.0444 32 453.882 59.0081 4 0.00471799
200 0.0169838 0.0157281 0.00125577 0 0.926061 3.70823 3.46001 0.248227 0 -26.0295 -27.1931 32 549.882 64.9493 7 0.00224687
300 0.0380918 0.0363035 0.0017883 0 0.953053 7.49597 7.09035 0.405614 0 -28.6274 -31.1707 32 645.882 70.3909 10 0.00363035
400 0.0277873 0.0263277 0.00145954 0 0.947475 10.3083 9.72313 0.585207 0 -29.3284 -31.1968 32 741.882 75.441 13 0.00202521
500 0.0169994 0.0162393 0.000760086 0 0.955287 12.0643 11.3471 0.717218 0 -29.6675 -31.6583 32 837.882 80.1736 16 0.00101495
600 0.0141183 0.0133364 0.000781833 0 0.944623 13.4808 12.6807 0.800062 0 -29.7154 -30.1237 32 933.882 84.642 19 0.000701917
700 0.0146346 0.0139976 0.000637049 0 0.95647 14.9606 14.0805 0.880124 0 -29.6616 -29.1709 32 1029.88 88.8861 22 0.000636253
800 0.0414478 0.0401485 0.00129924 0 0.968654 19.182 18.0953 1.08675 0 -29.6793 -29.7423 32 1157.88 94.248 26 0.00154417
900 0.0264035 0.0255322 0.000871288 0 0.967001 21.8472 20.6485 1.19863 0 -29.7973 -30.6467 32 1253.88 98.0773 29 0.000880422
1000 0.0212382 0.0205047 0.000733489 0 0.965464 23.9753 22.699 1.2763 0 -29.8856 -30.7922 32 1349.88 101.763 32 0.000640773
1100 0.0215419 0.0200837 0.0014582 0 0.932309 26.0999 24.7074 1.39255 0 -29.887 -29.9017 32 1445.88 105.319 35 0.000573819
1200 0.0200437 0.0191113 0.000932447 0 0.953479 28.1231 26.6185 1.50456 0 -29.9522 -30.794 32 1541.88 108.759 38 0.000502928
1300 0.0188206 0.0178191 0.00100147 0 0.946789 29.9896 28.4004 1.5892 0 -29.9253 -29.5197 32 1637.88 112.094 41 0.000434613
1400 0.0293184 0.0277426 0.00157582 0 0.946251 32.8782 31.1747 1.70349 0 -29.5386 -25.5244 32 1733.88 115.332 44 0.000630514
1500 0.0363761 0.0349104 0.0014657 0 0.959707 36.5533 34.6657 1.88759 0 -29.2212 -26.3812 32 1829.88 118.482 47 0.000742775
1600 0.0315592 0.0299805 0.00157868 0 0.949977 39.7333 37.6638 2.06953 0 -29.0442 -27.0097 32 1957.88 122.556 51 0.000587853
1700 0.0367865 0.0338617 0.00292482 0 0.920492 43.3136 41.0499 2.26369 0 -28.9685 -28.1287 32 2053.88 125.524 54 0.000627068
1800 0.033834 0.0316453 0.00218867 0 0.935311 46.6809 44.2145 2.46649 0 -28.9059 -28.1012 32 2149.88 128.424 57 0.00055518
1900 0.0279596 0.0268859 0.00107362 0 0.961601 49.5373 46.9031 2.6342 0 -28.9108 -28.9901 32 2245.88 131.26 60 0.000448099
2000 0.0331203 0.0309864 0.0021339 0 0.935571 52.7818 50.0017 2.78006 0 -28.7503 -26.299 32 2341.88 134.036 63 0.000491847
2100 0.0457715 0.0434683 0.00230324 0 0.94968 57.3532 54.3485 3.00471 0 -28.4888 -25.47 32 2437.88 136.756 66 0.00065861
2200 0.080652 0.0773212 0.00333072 0 0.958703 65.4396 62.0806 3.35892 0 -28.116 -25.4717 32 2533.88 139.423 69 0.0011206
2300 0.090146 0.0868414 0.00330452 0 0.963343 74.5684 70.7648 3.80359 0 -27.9167 -26.4885 32 2629.88 142.039 72 0.00120613
2400 0.0717171 0.0682588 0.00345829 0 0.951779 81.7689 77.5907 4.17828 0 -27.8784 -27.4813 32 2757.88 145.455 76 0.000898142
2500 0.0689474 0.0653826 0.00356481 0 0.948297 88.6984 84.1289 4.56951 0 -27.9245 -28.469 32 2853.88 147.965 79 0.000827628
2600 0.0533655 0.0506168 0.00274873 0 0.948492 94.099 89.1906 4.90841 0 -27.9533 -28.4248 32 2949.88 150.433 82 0.000617278
2700 0.0520676 0.0491707 0.00289696 0 0.944362 99.2836 94.1077 5.17596 0 -28.0153 -29.1412 32 3045.88 152.861 85 0.000578478
2800 0.0459596 0.0435257 0.00243391 0 0.947042 103.91 98.4602 5.4499 0 -28.0769 -29.4 32 3141.88 155.251 88 0.00049461
2900 0.0559292 0.0521432 0.00378606 0 0.932306 109.369 103.675 5.69458 0 -28.0832 -28.2013 32 3237.88 157.605 91 0.000573002
3000 0.0679882 0.0653291 0.00265912 0 0.960888 116.195 110.207 5.98778 0 -28.1007 -28.3822 32 3333.88 159.925 94 0.000694991
3100 0.0524491 0.0505759 0.00187317 0 0.964286 121.495 115.265 6.22945 0 -28.1587 -29.429 32 3429.88 162.211 97 0.000521401
3200 0.045161 0.0438034 0.00135762 0 0.969938 126.034 119.645 6.38836 0 -28.2248 -29.9952 32 3557.88 165.21 101 0.000433697
3300 0.0486437 0.046525 0.00211871 0 0.956444 130.86 124.298 6.56162 0 -28.2466 -28.8149 32 3653.88 167.424 104 0.000447356
3400 0.0463136 0.0451431 0.00117049 0 0.974727 135.523 128.812 6.7111 0 -28.2793 -29.1987 32 3749.88 169.609 107 0.000421898
3500 0.0459617 0.0439206 0.00204106 0 0.955592 140.082 133.204 6.87727 0 -28.3148 -29.3708 32 3845.88 171.766 110 0.000399278
3600 0.0570902 0.0543992 0.00269096 0 0.952865 145.727 138.644 7.08244 0 -28.272 -27.2089 32 3941.88 173.897 113 0.000481409
3700 0.0604026 0.0584788 0.00192375 0 0.968151 151.831 144.492 7.33867 0 -28.2388 -27.4462 32 4037.88 176.002 116 0.000504128
3800 0.0524751 0.0501759 0.00229925 0 0.956184 157.102 149.51 7.59189 0 -28.2514 -28.6147 32 4133.88 178.082 119 0.000421646
3900 0.0487994 0.0469774 0.00182203 0 0.962663 161.993 154.207 7.78574 0 -28.2762 -29.0714 32 4229.88 180.138 122 0.000385061
4000 0.051046 0.0494729 0.00157308 0 0.969183 167.149 159.155 7.99386 0 -28.3179 -29.6296 32 4357.88 182.843 126 0.000392642
4100 0.0470265 0.0448809 0.00214555 0 0.954376 171.788 163.643 8.14534 0 -28.3468 -29.3866 32 4453.88 184.846 129 0.000347914
4200 0.0552178 0.0520999 0.00311786 0 0.943535 177.181 168.853 8.32785 0 -28.3477 -28.3769 32 4549.88 186.827 132 0.000394696
4300 0.0655873 0.0634338 0.00215358 0 0.967165 183.809 175.196 8.61335 0 -28.4155 -30.2273 32 4645.88 188.788 135 0.00046988
4400 0.0488141 0.0472368 0.00157728 0 0.967688 188.697 179.92 8.77758 0 -28.4691 -30.4858 32 4741.88 190.728 138 0.000342296
4500 0.0418238 0.0409707 0.000853091 0 0.979603 192.893 184.017 8.87565 0 -28.5262 -31.0935 32 4837.88 192.649 141 0.000290572
4600 0.0434355 0.0421175 0.00131792 0 0.969658 197.212 188.229 8.98332 0 -28.5643 -30.2675 32 4933.88 194.551 144 0.000292483
4700 0.0503277 0.0487356 0.0015921 0 0.968365 202.257 193.102 9.15518 0 -28.6082 -30.3216 32 5029.88 196.435 147 0.000331535
4800 0.0431964 0.0423724 0.00082395 0 0.980925 206.628 197.339 9.2885 0 -28.6625 -31.1748 32 5157.88 198.919 151 0.000280612
4900 0.0391618 0.0380321 0.00112963 0 0.971155 210.54 201.143 9.39746 0 -28.7154 -31.5142 32 5253.88 200.761 154 0.000246962
5000 0.0428932 0.0414211 0.00147207 0 0.965681 214.81 205.285 9.52533 0 -28.7441 -30.1571 32 5349.88 202.587 157 0.000263829
5100 0.045562 0.0414172 0.00414484 0 0.909029 219.116 209.426 9.68997 0 -28.7544 -29.2698 32 5445.88 204.397 160 0.000258857
5200 0.0648361 0.0620768 0.00275933 0 0.957442 225.629 215.634 9.99513 0 -28.8363 -31.5899 32 5541.88 206.191 163 0.000380839
5300 0.0452038 0.0432974 0.0019064 0 0.957827 230.183 219.964 10.2191 0 -28.8829 -31.1927 32 5637.88 207.969 166 0.000260828
5400 0.045756 0.0442916 0.00146444 0 0.967995 234.782 224.393 10.3894 0 -28.9045 -29.9844 32 5733.88 209.732 169 0.00026208
5500 0.0402046 0.0390346 0.00116993 0 0.970901 238.831 228.297 10.5349 0 -28.9478 -31.4594 32 5829.88 211.48 172 0.000226946
5600 0.0479831 0.0462039 0.00177919 0 0.96292 243.651 232.917 10.7341 0 -28.9805 -30.5995 32 5957.88 213.789 176 0.000262522
5700 0.0512763 0.049466 0.00181035 0 0.964694 248.838 237.864 10.9741 0 -28.9888 -29.3783 32 6053.88 215.505 179 0.000276346
5800 0.0504782 0.0478228 0.00265538 0 0.947396 253.851 242.646 11.2052 0 -29.0041 -29.7674 32 6149.88 217.207 182 0.000262763
5900 0.0488849 0.0466467 0.00223816 0 0.954216 258.744 247.31 11.4334 0 -29.0377 -30.779 32 6245.88 218.896 185 0.000252145
6000 0.0779879 0.0743516 0.00363635 0 0.953373 266.433 254.746 11.6871 0 -29.1074 -31.4548 32 6341.88 220.571 188 0.000395487
6100 0.0748566 0.0715115 0.00334509 0 0.955313 273.914 261.897 12.0177 0 -29.1714 -31.4479 32 6437.88 222.235 191 0.000374406
6200 0.0617744 0.0593824 0.00239199 0 0.961279 280.119 267.835 12.2841 0 -29.2336 -31.9811 32 6533.88 223.885 194 0.000306095
6300 0.0505307 0.0486891 0.00184159 0 0.963555 285.19 272.704 12.4862 0 -29.2918 -32.5088 32 6629.88 225.524 197 0.000247153
6400 0.0438452 0.0425514 0.00129383 0 0.970491 289.612 276.959 12.6525 0 -29.3502 -33.1159 32 6757.88 227.691 201 0.000211698
6500 0.0506734 0.0486107 0.00206264 0 0.959295 294.675 281.82 12.8549 0 -29.4012 -32.3149 32 6853.88 229.302 204 0.000238288
6600 0.0525664 0.0480049 0.00456149 0 0.913224 299.682 286.621 13.0615 0 -29.4176 -30.3827 32 6949.88 230.903 207 0.000231908
6700 0.0515411 0.0491752 0.0023659 0 0.954097 304.852 291.538 13.3142 0 -29.4528 -31.4949 32 7045.88 232.492 210 0.000234168
6800 0.0429528 0.0415228 0.00143008 0 0.966706 309.173 295.69 13.4829 0 -29.4946 -32.4464 32 7141.88 234.07 213 0.000194943
6900 0.0590035 0.0562734 0.00273003 0 0.953731 315.021 301.318 13.7034 0 -29.5291 -31.3492 32 7237.88 235.638 216 0.000260525
7000 0.0567966 0.0545569 0.0022397 0 0.960566 320.709 306.773 13.9351 0 -29.555 -30.9933 32 7333.88 237.196 219 0.000249118
7100 0.0447916 0.0436316 0.00115999 0 0.974103 325.248 311.137 14.1111 0 -29.5913 -32.1529 32 7429.88 238.743 222 0.000196539
7200 0.0501053 0.0485368 0.00156848 0 0.968696 330.241 315.99 14.2505 0 -29.6327 -32.3311 32 7557.88 240.791 226 0.000214765
7300 0.0533669 0.051101 0.00226586 0 0.957542 335.539 321.1 14.439 0 -29.6603 -31.3806 32 7653.88 242.315 229 0.000223148
7400 0.049549 0.0471177 0.00243133 0 0.950931 340.414 325.812 14.6023 0 -29.6822 -31.1863 32 7749.88 243.83 232 0.000203093
7500 0.0484843 0.0470548 0.00142943 0 0.970518 345.27 330.518 14.7519 0 -29.7179 -32.224 32 7845.88 245.336 235 0.000200233
7600 0.041494 0.0402648 0.00122921 0 0.970376 349.433 334.544 14.8884 0 -29.7508 -32.4803 32 7941.88 246.832 238 0.00016918
7700 0.0375486 0.0367905 0.000758146 0 0.979809 353.197 338.223 14.9736 0 -29.7899 -33.4195 32 8037.88 248.32 241 0.000152658
7800 0.0434117 0.042419 0.00099275 0 0.977132 357.528 342.465 15.0627 0 -29.8136 -31.741 32 8133.88 249.798 244 0.000173848
7900 0.0949193 0.0917491 0.00317014 0 0.966602 367.035 351.64 15.3954 0 -29.7322 -26.6746 32 8229.88 251.268 247 0.000371454
8000 0.0601986 0.0579977 0.00220085 0 0.96344 373.077 357.44 15.6374 0 -29.7196 -28.9487 32 8357.88 253.214 251 0.000231067
8100 0.0549022 0.0527509 0.00215136 0 0.960815 378.557 362.715 15.8422 0 -29.7113 -29.1522 32 8453.88 254.664 254 0.000207681
8200 0.0487469 0.0473259 0.00142105 0 0.970848 383.446 367.447 15.9983 0 -29.7216 -30.5127 32 8549.88 256.106 257 0.000184147
8300 0.0612582 0.0595686 0.00168965 0 0.972418 389.584 373.404 16.1794 0 -29.724 -29.8769 32 8645.88 257.54 260 0.00022911
8400 0.0613363 0.0593508 0.00198545 0 0.96763 395.709 379.339 16.3698 0 -29.7403 -30.7777 32 8741.88 258.966 263 0.000225669
8500 0.0530152 0.0513432 0.001672 0 0.968462 401.038 384.474 16.5641 0 -29.763 -31.4463 32 8837.88 260.384 266 0.000193019
8600 0.0620926 0.0591693 0.00292331 0 0.95292 407.119 390.391 16.7284 0 -29.7862 -31.3189 32 8933.88 261.794 269 0.00021996
8700 0.064124 0.0622319 0.00189217 0 0.970492 413.578 396.614 16.9645 0 -29.8241 -32.2108 32 9029.88 263.197 272 0.000228794
8800 0.0517549 0.0500955 0.00165935 0 0.967938 418.767 401.623 17.1438 0 -29.8579 -32.5562 32 9157.88 265.056 276 0.000181506
8900 0.0508349 0.0494052 0.00142962 0 0.971877 423.875 406.564 17.3112 0 -29.8911 -32.6125 32 9253.88 266.442 279 0.00017708
9000 0.0560776 0.0533071 0.00277048 0 0.950596 429.429 411.895 17.5347 0 -29.914 -31.6582 32 9349.88 267.82 282 0.000189032
9100 0.055419 0.0526933 0.00272573 0 0.950816 434.972 417.164 17.8078 0 -29.9387 -31.8521 32 9445.88 269.191 285 0.000184889
9200 0.0504402 0.0483039 0.00213628 0 0.957647 440.054 421.994 18.0594 0 -29.9656 -32.2659 32 9541.88 270.556 288 0.000167722
9300 0.0601375 0.0581544 0.00198313 0 0.967023 446.119 427.81 18.3096 0 -29.9993 -32.4493 32 9637.88 271.914 291 0.000199843
9400 0.0612893 0.0590182 0.0022711 0 0.962945 452.252 433.712 18.5404 0 -30.0342 -32.5675 32 9733.88 273.264 294 0.000200742
9500 0.0530821 0.0515176 0.00156456 0 0.970526 457.618 438.863 18.7549 0 -30.0633 -32.5231 32 9829.88 274.609 297 0.00017346
9600 0.062063 0.0596906 0.0023724 0 0.961774 463.808 444.832 18.9751 0 -30.0665 -30.3029 32 9957.88 276.391 301 0.000198308
9700 0.0674478 0.0646216 0.00282617 0 0.958098 470.575 451.295 19.28 0 -30.0695 -30.2693 32 10053.9 277.72 304 0.000212571
9800 0.0532617 0.0517555 0.00150617 0 0.971721 475.947 456.47 19.4774 0 -30.0863 -31.5608 32 10149.9 279.043 307 0.000168585
9900 0.0509499 0.0488561 0.00209382 0 0.958904 480.993 461.356 19.6372 0 -30.1019 -31.571 32 10245.9 280.359 310 0.0001576
10000 0.0572521 0.054501 0.0027511 0 0.951948 486.672 466.806 19.8662 0 -30.1058 -30.4396 32 10341.9 281.67 313 0.000174125
10100 0.0808227 0.0767228 0.00409995 0 0.949272 494.663 474.478 20.1851 0 -30.0982 -29.634 32 10437.9 282.974 316 0.000242794
10200 0.0797338 0.0772127 0.00252111 0 0.968381 502.721 482.199 20.5214 0 -30.1016 -30.3103 32 10533.9 284.272 319 0.000242046
10300 0.0664437 0.0636228 0.00282093 0 0.957544 509.348 488.562 20.7866 0 -30.1063 -30.4612 32 10629.9 285.565 322 0.000197586
10400 0.0632287 0.060711 0.00251771 0 0.960181 515.687 494.633 21.054 0 -30.1187 -31.1212 32 10757.9 287.279 326 0.00018623
10500 0.0554063 0.0531204 0.00228595 0 0.958742 521.204 499.945 21.2588 0 -30.1318 -31.348 32 10853.9 288.558 329 0.00016146
10600 0.0775067 0.0747388 0.00276788 0 0.964289 528.991 507.419 21.5727 0 -30.143 -30.8975 32 10949.9 289.831 332 0.000225117
10700 0.0605109 0.0586221 0.0018888 0 0.968786 535.102 513.281 21.8212 0 -30.1632 -31.9057 32 11045.9 291.099 335 0.000174991
10800 0.0567747 0.0546306 0.00214414 0 0.962234 540.772 518.744 22.0282 0 -30.1855 -32.2945 32 11141.9 292.361 338 0.000161629
10900 0.051661 0.0504478 0.00121322 0 0.976516 545.998 523.789 22.2096 0 -30.2099 -32.7306 32 11237.9 293.618 341 0.000147941
11000 0.0600621 0.0585147 0.00154741 0 0.974236 552 529.64 22.3594 0 -30.2181 -30.9687 32 11333.9 294.869 344 0.000170101
11100 0.0509836 0.0499239 0.00105962 0 0.979216 557.143 534.633 22.5107 0 -30.2342 -31.9628 32 11429.9 296.115 347 0.000143873
11200 0.0478209 0.0471535 0.000667384 0 0.986044 561.966 539.348 22.6182 0 -30.2544 -32.5863 32 11557.9 297.769 351 0.000134341
11300 0.064234 0.0609532 0.00328081 0 0.948924 568.228 545.443 22.7844 0 -30.2746 -32.084 32 11653.9 299.003 354 0.000172184
11400 0.0568405 0.0550257 0.00181477 0 0.968073 573.953 550.946 23.0072 0 -30.2962 -32.4462 32 11749.9 300.232 357 0.000154134
11500 0.0490026 0.0474714 0.0015312 0 0.968753 578.875 555.693 23.1822 0 -30.3173 -32.7765 32 11845.9 301.456 360 0.000131865
11600 0.0447777 0.0435542 0.00122356 0 0.972675 583.362 560.048 23.3141 0 -30.3398 -33.2341 32 11941.9 302.675 363 0.000119984
11700 0.0427507 0.0416291 0.00112161 0 0.973764 587.638 564.211 23.4264 0 -30.3631 -33.55 32 12037.9 303.889 366 0.000113741
11800 0.0642258 0.0625842 0.00164167 0 0.974439 594.091 570.47 23.6211 0 -30.3787 -31.8018 32 12133.9 305.098 369 0.000169605
11900 0.0557902 0.053894 0.00189612 0 0.966013 599.682 575.859 23.8225 0 -30.3882 -31.3918 32 12229.9 306.303 372 0.000144876
12000 0.0529755 0.0515732 0.00140231 0 0.973529 605.024 581.016 24.008 0 -30.4025 -32.0047 32 12357.9 307.902 376 0.000137163
12100 0.0477522 0.0463759 0.00137623 0 0.97118 609.781 585.654 24.1272 0 -30.4233 -33.0799 32 12453.9 309.095 379 0.000122364
12200 0.0436589 0.0430842 0.000574608 0 0.986839 614.172 589.962 24.2092 0 -30.4465 -33.6655 32 12549.9 310.284 382 0.000112786
12300 0.0434503 0.0428799 0.000570374 0 0.986873 618.508 594.25 24.2576 0 -30.4681 -33.5303 32 12645.9 311.469 385 0.000111376
12400 0.0453606 0.04396 0.00140061 0 0.969123 622.977 598.646 24.3307 0 -30.4834 -32.6003 32 12741.9 312.649 388 0.000113299
12500 0.0441848 0.043395 0.00078981 0 0.982125 627.426 602.986 24.4402 0 -30.5016 -33.0443 32 12837.9 313.824 391 0.000110985
12600 0.0430151 0.0424132 0.000601942 0 0.986006 631.776 607.227 24.5489 0 -30.5242 -33.7839 32 12933.9 314.996 394 0.000107648
12700 0.0393044 0.038825 0.000479392 0 0.987803 635.714 611.11 24.6047 0 -30.544 -33.7275 32 13029.9 316.162 397 9.7796e-05
12800 0.0539981 0.0525757 0.00142248 0 0.973657 641.142 616.367 24.7748 0 -30.5574 -32.1203 32 13157.9 317.712 401 0.000131111
12900 0.047652 0.046785 0.000866912 0 0.981807 645.948 621.046 24.9019 0 -30.5725 -32.5876 32 13253.9 318.868 404 0.000115805
13000 0.0442291 0.0432517 0.000977384 0 0.977902 650.379 625.371 25.0082 0 -30.59 -33.1387 32 13349.9 320.021 407 0.00010627
13100 0.0508731 0.0492062 0.00166687 0 0.967235 655.436 630.292 25.1446 0 -30.6 -31.887 32 13445.9 321.17 410 0.000120015
13200 0.046742 0.0458629 0.000879019 0 0.981194 660.143 634.878 25.2654 0 -30.6144 -32.6234 32 13541.9 322.314 413 0.000111048
13300 0.0447765 0.0437209 0.00105557 0 0.976426 664.611 639.25 25.3613 0 -30.6281 -32.65 32 13637.9 323.455 416 0.000105098
13400 0.0491162 0.0474999 0.00161626 0 0.967093 669.523 644 25.5229 0 -30.637 -31.8435 32 13733.9 324.591 419 0.000113365
13500 0.0731219 0.0698517 0.00327024 0 0.955277 676.786 650.985 25.8006 0 -30.6489 -31.7489 32 13829.9 325.724 422 0.000165525
13600 0.07313 0.0697327 0.00339732 0 0.953544 684.089 657.958 26.1304 0 -30.6685 -32.4813 32 13957.9 327.228 426 0.000163692
13700 0.0761412 0.0726689 0.00347233 0 0.954396 691.715 665.225 26.4901 0 -30.6728 -31.0539 32 14053.9 328.351 429 0.000169391
13800 0.073778 0.0696041 0.00417382 0 0.943427 699.062 672.186 26.8767 0 -30.6781 -31.1823 32 14149.9 329.47 432 0.000161121
13900 0.0594606 0.0570946 0.00236599 0 0.960209 705.079 677.895 27.184 0 -30.6915 -32.249 32 14245.9 330.586 435 0.000131252
14000 0.0614371 0.0588608 0.00257629 0 0.958066 711.268 683.781 27.4868 0 -30.6966 -31.2735 32 14341.9 331.698 438 0.000134385
14100 0.0650826 0.0624498 0.00263281 0 0.959547 717.82 690.026 27.7935 0 -30.7062 -31.748 32 14437.9 332.807 441 0.00014161
14200 0.0522672 0.0511081 0.00115905 0 0.977825 723.128 695.137 27.9912 0 -30.7245 -33.2018 32 14533.9 333.911 444 0.000115108
14300 0.0459035 0.0450105 0.000893048 0 0.980545 727.748 699.638 28.1103 0 -30.7441 -33.8062 32 14629.9 335.012 447 0.000100695
14400 0.0408033 0.0407242 7.917e-05 0 0.99806 731.886 703.711 28.1757 0 -30.7672 -34.8432 32 14757.9 336.474 451 9.02975e-05
14500 0.0459446 0.0447556 0.00118892 0 0.974123 736.428 708.186 28.2418 0 -30.781 -32.9969 32 14853.9 337.567 454 9.85807e-05
14600 0.0452182 0.0434709 0.0017473 0 0.961358 740.888 712.533 28.3543 0 -30.7936 -32.8792 32 14949.9 338.656 457 9.51223e-05
14700 0.0450806 0.0440768 0.00100377 0 0.977734 745.422 716.941 28.4814 0 -30.8092 -33.3469 32 15045.9 339.742 460 9.58192e-05
14800 0.0442729 0.043125 0.00114784 0 0.974073 749.87 721.253 28.6169 0 -30.825 -33.4832 32 15141.9 340.824 463 9.31426e-05
14900 0.0422899 0.0415117 0.000778217 0 0.981598 754.132 725.405 28.7279 0 -30.8458 -34.4972 32 15237.9 341.903 466 8.90809e-05
15000 0.0445321 0.0437732 0.000758871 0 0.982959 758.603 729.782 28.8213 0 -30.87 -34.9534 32 15333.9 342.978 469 9.33331e-05
15100 0.0425065 0.0420261 0.000480364 0 0.988699 762.9 733.984 28.9156 0 -30.8923 -34.8305 32 15429.9 344.05 472 8.90384e-05
15200 0.0366528 0.0361505 0.000502264 0 0.986297 766.597 737.6 28.9973 0 -30.9132 -35.2319 32 15557.9 345.474 476 7.59464e-05
15300 0.0411853 0.0400166 0.00116866 0 0.971624 770.722 741.601 29.1209 0 -30.9288 -33.8201 32 15653.9 346.538 479 8.3542e-05
15400 0.0391485 0.0380683 0.00108016 0 0.972409 774.639 745.408 29.2314 0 -30.9456 -34.2554 32 15749.9 347.599 482 7.898e-05
15500 0.0377105 0.0369192 0.000791302 0 0.979016 778.422 749.1 29.3225 0 -30.9642 -34.7841 32 15845.9 348.657 485 7.61221e-05
15600 0.0406509 0.0396691 0.000981764 0 0.975849 782.491 753.067 29.4241 0 -30.9788 -33.7644 32 15941.9 349.711 488 8.12892e-05
15700 0.0400649 0.0384937 0.00157118 0 0.960784 786.458 756.916 29.5422 0 -30.9902 -33.2396 32 16037.9 350.763 491 7.83985e-05
15800 0.038378 0.0375911 0.000786828 0 0.979498 790.331 760.675 29.6557 0 -31.0042 -33.84 32 16133.9 351.811 494 7.60954e-05
15900 0.0337166 0.0331095 0.000607091 0 0.981994 793.717 763.986 29.7309 0 -31.0195 -34.5937 32 16229.9 352.856 497 6.66187e-05
16000 0.0349544 0.0343628 0.000591603 0 0.983075 797.233 767.423 29.8104 0 -31.037 -34.9989 32 16357.9 354.245 501 6.85884e-05
16100 0.0793951 0.0752413 0.00415385 0 0.947681 805 774.947 30.0531 0 -31.0056 -27.7794 32 16453.9 355.283 504 0.000149288
16200 0.0582714 0.0562151 0.00205634 0 0.964711 810.876 780.568 30.308 0 -30.9994 -30.1536 32 16549.9 356.318 507 0.000110878
16300 0.0575406 0.055141 0.00239954 0 0.958298 816.597 786.082 30.5146 0 -30.9931 -30.089 32 16645.9 357.35 510 0.00010812
16400 0.0781482 0.0754321 0.00271604 0 0.965245 824.431 793.626 30.8055 0 -30.9915 -30.8265 32 16741.9 358.379 513 0.000147041
16500 0.0586729 0.0565953 0.00207763 0 0.96459 830.348 799.285 31.0634 0 -30.9906 -30.8648 32 16837.9 359.405 516 0.000109681
16600 0.055913 0.0533581 0.0025549 0 0.954306 835.903 804.621 31.2821 0 -30.9902 -30.9402 32 16933.9 360.428 519 0.000102809
16700 0.0763722 0.0727055 0.00366667 0 0.951989 843.487 811.891 31.5957 0 -30.9766 -29.4745 32 17029.9 361.448 522 0.000139283
16800 0.0651001 0.0625073 0.00259277 0 0.960173 850.057 818.142 31.9147 0 -30.9709 -30.2393 32 17157.9 362.804 526 0.000118835
16900 0.0696496 0.0664481 0.0032015 0 0.954034 857.057 824.787 32.2699 0 -30.9604 -29.6847 32 17253.9 363.817 529 0.000125611
17000 0.0524558 0.0505987 0.00185713 0 0.964596 862.349 829.847 32.5017 0 -30.9622 -31.2586 32 17349.9 364.828 532 9.51103e-05
17100 0.0471269 0.0456461 0.0014808 0 0.968578 867.085 834.411 32.6732 0 -30.9672 -31.874 32 17445.9 365.836 535 8.53198e-05
17200 0.050105 0.0482686 0.00183638 0 0.963349 872.094 839.238 32.8556 0 -30.9687 -31.2329 32 17541.9 366.841 538 8.97187e-05
17300 0.105228 0.102549 0.00267824 0 0.974548 882.668 849.493 33.1751 0 -30.9521 -29.5835 32 17637.9 367.844 541 0.000189555
17400 0.0732125 0.070816 0.00239643 0 0.967268 890.017 856.575 33.4425 0 -30.9508 -30.7865 32 17733.9 368.843 544 0.000130177
17500 0.0629874 0.0606295 0.00235789 0 0.962566 896.298 862.638 33.6604 0 -30.9541 -31.4244 32 17829.9 369.84 547 0.00011084
17600 0.0593106 0.0576214 0.0016892 0 0.971519 902.27 868.4 33.8702 0 -30.9588 -31.6703 32 17957.9 371.166 551 0.000104576
17700 0.0831746 0.0811762 0.00199845 0 0.975973 910.628 876.518 34.1109 0 -30.9734 -32.5486 32 18053.9 372.156 554 0.000146527
17800 0.0666452 0.0648255 0.00181973 0 0.972695 917.309 883 34.3093 0 -30.9765 -31.3942 32 18149.9 373.144 557 0.000116383
17900 0.0621929 0.0605133 0.00167958 0 0.972994 923.526 889.051 34.4741 0 -30.9822 -31.8251 32 18245.9 374.13 560 0.00010806
18000 0.0571437 0.0557812 0.00136256 0 0.976156 929.259 894.63 34.6295 0 -30.99 -32.2384 32 18341.9 375.113 563 9.90785e-05
18100 0.052695 0.0519609 0.000734134 0 0.986068 934.581 899.826 34.7558 0 -31.0016 -33.0395 32 18437.9 376.093 566 9.18037e-05
18200 0.0499269 0.0491962 0.000730618 0 0.985366 939.573 904.745 34.8274 0 -31.0132 -33.1769 32 18533.9 377.071 569 8.64609e-05
18300 0.0474783 0.0467779 0.000700421 0 0.985248 944.339 909.423 34.9155 0 -31.0248 -33.3202 32 18629.9 378.046 572 8.17795e-05
18400 0.0441225 0.0437991 0.000323355 0 0.992671 948.785 913.803 34.9822 0 -31.0394 -34.1272 32 18757.9 379.343 576 7.60402e-05
18500 0.0511125 0.0498677 0.00124479 0 0.975646 953.87 918.79 35.0798 0 -31.0458 -32.2539 32 18853.9 380.312 579 8.61274e-05
18600 0.0480333 0.0470427 0.000990598 0 0.979377 958.674 923.494 35.1796 0 -31.0574 -33.3603 32 18949.9 381.279 582 8.08294e-05
18700 0.0450948 0.0446732 0.000421576 0 0.990651 963.213 927.961 35.2518 0 -31.0695 -33.6171 32 19045.9 382.244 585 7.63644e-05
18800 0.0474324 0.0465347 0.000897763 0 0.981073 967.932 932.615 35.3174 0 -31.0785 -32.9114 32 19141.9 383.206 588 7.91406e-05
18900 0.058853 0.0570422 0.00181077 0 0.969232 973.746 938.319 35.4267 0 -31.0776 -30.9306 32 19237.9 384.166 591 9.65181e-05
19000 0.0698947 0.067996 0.00189863 0 0.972836 980.776 945.119 35.6575 0 -31.0742 -30.6034 32 19333.9 385.123 594 0.000114471
19100 0.059291 0.0574735 0.00181751 0 0.969346 986.723 950.866 35.8571 0 -31.0749 -31.1858 32 19429.9 386.078 597 9.62706e-05
19200 0.0865235 0.0834101 0.0031134 0 0.964017 995.388 959.207 36.1808 0 -31.0686 -30.3513 32 19557.9 387.348 601 0.000138786
19300 0.0684465 0.0661707 0.00227584 0 0.96675 1002.32 965.824 36.4989 0 -31.0725 -31.6342 32 19653.9 388.297 604 0.000109554
19400 0.0579895 0.0559346 0.00205489 0 0.964564 1008.11 971.418 36.6963 0 -31.0774 -31.923 32 19749.9 389.244 607 9.21493e-05
19500 0.0531108 0.0513613 0.00174949 0 0.96706 1013.45 976.554 36.8991 0 -31.084 -32.3422 32 19845.9 390.189 610 8.41988e-05
19600 0.0637624 0.0609715 0.0027909 0 0.95623 1019.79 982.651 37.1344 0 -31.0887 -31.8383 32 19941.9 391.132 613 9.94642e-05
19700 0.0543402 0.0528695 0.00147071 0 0.972935 1025.27 987.938 37.335 0 -31.0981 -32.8349 32 20037.9 392.072 616 8.58271e-05
19800 0.0716426 0.0686892 0.00295332 0 0.958777 1032.41 994.807 37.5987 0 -31.1048 -32.0782 32 20133.9 393.01 619 0.000110968
19900 0.0604111 0.0589296 0.00148156 0 0.975475 1038.51 1000.7 37.8094 0 -31.1138 -32.6308 32 20229.9 393.946 622 9.47421e-05
20000 0.0526578 0.0516794 0.000978395 0 0.98142 1043.82 1005.87 37.9539 0 -31.1256 -33.4417 32 20357.9 395.19 626 8.2555e-05
