100 0.279187 0.253433 0.0257539 0 0.907754 26.7645 25.3433 1.42121 0 -26.7272 -26.7272 1 426.882 57.2261 101 0.00250924
200 0.458894 0.421641 0.0372533 0 0.918819 71.9586 67.5074 4.45123 0 -27.1927 -27.4683 1 526.882 63.5765 201 0.00209772
300 0.649604 0.602787 0.0468163 0 0.927931 136.479 127.786 8.69281 0 -27.7244 -28.3174 1 626.882 69.3478 301 0.00200262
400 0.780881 0.724727 0.0561538 0 0.928089 214.137 200.259 13.8782 0 -27.7814 -27.8817 1 726.882 74.6744 401 0.0018073
500 0.73538 0.68011 0.0552708 0 0.924841 287.357 268.27 19.0875 0 -27.7759 -27.7598 1 826.882 79.6456 501 0.0013575
600 0.893948 0.832127 0.0618212 0 0.930845 376.325 351.482 24.8429 0 -27.8325 -28.0153 1 926.882 84.3242 601 0.00138457
700 0.984207 0.925129 0.0590776 0 0.939974 475.119 443.995 31.1232 0 -27.9953 -28.6156 1 1026.88 88.7565 701 0.00131973
800 0.935039 0.879518 0.0555202 0 0.940623 568.962 531.947 37.0145 0 -28.0975 -28.6146 1 1126.88 92.9778 801 0.00109803
900 0.9473 0.890395 0.0569049 0 0.939929 663.878 620.987 42.8913 0 -28.1633 -28.5576 1 1226.88 97.0156 901 0.00098823
1000 0.970458 0.909491 0.0609676 0 0.937176 760.594 711.936 48.6577 0 -28.2161 -28.5784 1 1326.88 100.892 1001 0.000908582
1100 0.921906 0.871182 0.0507237 0 0.94498 853.21 799.054 54.1555 0 -28.317 -29.1457 1 1426.88 104.625 1101 0.000791264
1200 0.925674 0.877349 0.0483246 0 0.947795 946.147 886.789 59.3584 0 -28.3985 -29.1467 1 1526.88 108.229 1201 0.000730516
1300 1.00319 0.950365 0.052825 0 0.947343 1046.38 981.825 64.5588 0 -28.4824 -29.275 1 1626.88 111.717 1301 0.000730488
1400 1.002 0.948103 0.0538987 0 0.946209 1146.14 1076.64 69.5071 0 -28.5719 -29.5098 1 1726.88 115.099 1401 0.000676733
1500 1.05873 0.99717 0.0615576 0 0.941857 1251.17 1176.35 74.814 0 -28.6355 -29.3296 1 1826.88 118.385 1501 0.000664337
1600 1.09421 1.0371 0.0571103 0 0.947807 1360.57 1280.06 80.5069 0 -28.7012 -29.4532 1 1926.88 121.582 1601 0.000647781
1700 1.11979 1.05694 0.062841 0 0.943881 1472.1 1385.76 86.3447 0 -28.753 -29.3845 1 2026.88 124.696 1701 0.000621366
1800 1.12541 1.07042 0.054986 0 0.951141 1584.92 1492.8 92.1233 0 -28.8132 -29.5982 1 2126.88 127.736 1801 0.000594348
1900 1.14176 1.08248 0.059281 0 0.948079 1698.88 1601.05 97.8364 0 -28.8482 -29.3351 1 2226.88 130.704 1901 0.000569428
2000 1.16489 1.10707 0.0578179 0 0.950366 1815.62 1711.75 103.865 0 -28.8839 -29.4038 1 2326.88 133.606 2001 0.000553257
2100 1.21964 1.14978 0.0698678 0 0.942715 1936.93 1826.73 110.198 0 -28.9004 -29.1469 1 2426.88 136.447 2101 0.000547252
2200 1.31267 1.24545 0.0672234 0 0.948789 2068.34 1951.28 117.065 0 -28.9291 -29.3524 1 2526.88 139.23 2201 0.000565856
2300 1.23998 1.17201 0.0679686 0 0.945186 2192.13 2068.48 123.656 0 -28.9733 -29.7114 1 2626.88 141.958 2301 0.000509349
2400 1.31708 1.24995 0.0671286 0 0.949032 2323.94 2193.47 130.47 0 -28.9968 -29.3877 1 2726.88 144.635 2401 0.000520597
2500 1.27014 1.20219 0.067946 0 0.946505 2450.97 2313.69 137.277 0 -29.024 -29.5227 1 2826.88 147.263 2501 0.000480684
2600 1.25541 1.19285 0.0625597 0 0.950168 2576.91 2432.98 143.928 0 -29.0577 -29.7129 1 2926.88 149.845 2601 0.000458613
2700 1.33603 1.26478 0.071251 0 0.94667 2710.03 2559.46 150.576 0 -29.0738 -29.3861 1 3026.88 152.383 2701 0.000468263
2800 1.3686 1.29896 0.0696477 0 0.94911 2847.01 2689.35 157.656 0 -29.0968 -29.5518 1 3126.88 154.88 2801 0.000463747
2900 1.35068 1.28457 0.0661072 0 0.951056 2982.24 2817.81 164.437 0 -29.1186 -29.5781 1 3226.88 157.337 2901 0.000442802
3000 1.29486 1.23374 0.0611152 0 0.952802 3112.01 2941.18 170.833 0 -29.1467 -29.7925 1 3326.88 159.757 3001 0.000411111
3100 1.32015 1.25339 0.0667574 0 0.949432 3243.74 3066.52 177.22 0 -29.1584 -29.4329 1 3426.88 162.14 3101 0.000404189
3200 1.36223 1.29365 0.0685772 0 0.949658 3379.64 3195.89 183.758 0 -29.1684 -29.4069 1 3526.88 164.488 3201 0.000404139
3300 1.39667 1.3277 0.0689682 0 0.950619 3519.06 3328.66 190.407 0 -29.1866 -29.6278 1 3626.88 166.804 3301 0.000402211
3400 1.30437 1.25118 0.053193 0 0.95922 3650.28 3453.77 196.503 0 -29.2206 -30.1328 1 3726.88 169.088 3401 0.000367886
3500 1.35361 1.28999 0.063617 0 0.953002 3785.18 3582.77 202.404 0 -29.2422 -29.8263 1 3826.88 171.342 3501 0.000368464
3600 1.39544 1.33312 0.0623229 0 0.955338 3924.79 3716.08 208.7 0 -29.2692 -30.0026 1 3926.88 173.566 3601 0.000370208
3700 1.41246 1.34701 0.0654503 0 0.953662 4066.05 3850.79 215.26 0 -29.287 -29.7824 1 4026.88 175.762 3701 0.000363958
3800 1.37752 1.31676 0.0607582 0 0.955893 4203.95 3982.46 221.486 0 -29.2967 -29.5809 1 4126.88 177.931 3801 0.000346425
3900 1.33243 1.27662 0.055815 0 0.95811 4337.54 4110.12 227.42 0 -29.3192 -30.0272 1 4226.88 180.074 3901 0.000327254
4000 1.37532 1.31991 0.0554072 0 0.959713 4475.41 4242.11 233.299 0 -29.3444 -30.1366 1 4326.88 182.191 4001 0.000329895
4100 1.38938 1.33238 0.0570015 0 0.958973 4614.65 4375.35 239.294 0 -29.3615 -29.9129 1 4426.88 184.285 4101 0.000324891
4200 1.31415 1.25657 0.0575813 0 0.956184 4745.86 4501.01 244.851 0 -29.3799 -30.0279 1 4526.88 186.354 4201 0.000299113
4300 1.42879 1.37214 0.0566465 0 0.960353 4889 4638.22 250.777 0 -29.3991 -30.0332 1 4626.88 188.401 4301 0.000319029
4400 1.39038 1.33626 0.0541187 0 0.961076 5028.65 4771.85 256.795 0 -29.4237 -30.2846 1 4726.88 190.427 4401 0.000303627
4500 1.33623 1.2804 0.0558338 0 0.958216 5162.32 4899.89 262.426 0 -29.4502 -30.4505 1 4826.88 192.43 4501 0.00028447
4600 1.40236 1.34352 0.0588384 0 0.958043 5302.56 5034.24 268.314 0 -29.4689 -30.1561 1 4926.88 194.413 4601 0.000292007
4700 1.39165 1.33514 0.0565089 0 0.959394 5442.03 5167.76 274.272 0 -29.4887 -30.2427 1 5026.88 196.376 4701 0.000284013
4800 1.42629 1.36264 0.0636477 0 0.955375 5584.34 5304.02 280.319 0 -29.5028 -30.0417 1 5126.88 198.32 4801 0.000283824
4900 1.36472 1.30858 0.0561482 0 0.958857 5721.2 5434.88 286.324 0 -29.5197 -30.2075 1 5226.88 200.245 4901 0.000267002
5000 1.37627 1.31857 0.0576995 0 0.958076 5858.73 5566.74 291.999 0 -29.5324 -30.0624 1 5326.88 202.151 5001 0.000263662
5100 1.41902 1.36342 0.0555991 0 0.960819 6001.05 5703.08 297.974 0 -29.5548 -30.4738 1 5426.88 204.04 5101 0.000267284
5200 1.38991 1.33268 0.0572315 0 0.958824 6140.22 5836.35 303.875 0 -29.576 -30.4928 1 5526.88 205.911 5201 0.000256235
5300 1.34388 1.29185 0.052029 0 0.961285 6275.09 5965.53 309.564 0 -29.6036 -30.8594 1 5626.88 207.766 5301 0.0002437
5400 1.34357 1.28712 0.0564502 0 0.957985 6409.46 6094.24 315.22 0 -29.6276 -30.7503 1 5726.88 209.604 5401 0.000238311
5500 1.37955 1.31687 0.0626785 0 0.954566 6547.11 6225.93 321.177 0 -29.6453 -30.4677 1 5826.88 211.426 5501 0.000239388
5600 1.43074 1.37021 0.0605292 0 0.957694 6690.45 6362.95 327.504 0 -29.6689 -30.7471 1 5926.88 213.232 5601 0.000244637
5700 1.4087 1.3489 0.0597967 0 0.957552 6831.38 6497.84 333.544 0 -29.6969 -31.0237 1 6026.88 215.024 5701 0.000236608
5800 1.41588 1.35578 0.0600975 0 0.957555 6973.15 6633.42 339.732 0 -29.7192 -30.798 1 6126.88 216.8 5801 0.000233716
5900 1.41045 1.35256 0.0578933 0 0.958954 7114.55 6768.67 345.874 0 -29.7456 -31.0467 1 6226.88 218.562 5901 0.000229208
6000 1.4611 1.39556 0.0655394 0 0.955144 7260.19 6908.23 351.96 0 -29.7648 -30.7009 1 6326.88 220.31 6001 0.000232555
6100 1.48248 1.41732 0.0651577 0 0.956048 7408.56 7049.96 358.594 0 -29.7836 -30.7052 1 6426.88 222.045 6101 0.00023231
6200 1.45575 1.39746 0.0582845 0 0.959962 7554.62 7189.71 364.914 0 -29.8051 -30.8934 1 6526.88 223.765 6201 0.000225361
6300 1.40304 1.34781 0.0552312 0 0.960635 7695.1 7324.49 370.612 0 -29.8299 -31.1663 1 6626.88 225.473 6301 0.000213904
6400 1.39018 1.33666 0.0535166 0 0.961504 7834.21 7458.16 376.049 0 -29.8538 -31.1751 1 6726.88 227.168 6401 0.00020882
6500 1.47632 1.41822 0.0581028 0 0.960644 7981.89 7599.98 381.915 0 -29.8698 -30.7177 1 6826.88 228.85 6501 0.000218154
6600 1.39316 1.33541 0.0577439 0 0.958552 8121.21 7733.52 387.687 0 -29.8875 -30.9036 1 6926.88 230.52 6601 0.000202305
6700 1.46744 1.4022 0.0652345 0 0.955545 8267.49 7873.74 393.75 0 -29.9016 -30.6832 1 7026.88 232.178 6701 0.000209253
6800 1.47213 1.41116 0.0609673 0 0.958586 8414.85 8014.86 399.992 0 -29.9239 -31.1716 1 7126.88 233.824 6801 0.000207493
6900 1.47004 1.41095 0.0590856 0 0.959807 8562.06 8155.95 406.107 0 -29.9411 -30.9241 1 7226.88 235.459 6901 0.000204456
7000 1.45669 1.39775 0.058944 0 0.959536 8707.69 8295.73 411.964 0 -29.9552 -30.7898 1 7326.88 237.083 7001 0.00019965
7100 1.39538 1.34192 0.0534634 0 0.961685 8847.51 8429.92 417.594 0 -29.9723 -31.0359 1 7426.88 238.695 7101 0.000188976
7200 1.45934 1.40373 0.055611 0 0.961893 8993.79 8570.29 423.501 0 -29.989 -30.9948 1 7526.88 240.297 7201 0.000194936
7300 1.5707 1.51015 0.0605467 0 0.961452 9150.9 8721.31 429.596 0 -30.0036 -30.8404 1 7626.88 241.888 7301 0.000206842
7400 1.4708 1.41378 0.057024 0 0.961229 9298.25 8862.68 435.563 0 -30.0212 -31.1161 1 7726.88 243.468 7401 0.000191026
7500 1.46872 1.40484 0.0638805 0 0.956506 9444.65 9003.17 441.483 0 -30.0331 -30.788 1 7826.88 245.039 7501 0.000187287
7600 1.45433 1.39747 0.0568606 0 0.960903 9590.28 9142.91 447.363 0 -30.0496 -31.1185 1 7926.88 246.599 7601 0.000183853
7700 1.46549 1.40958 0.0559103 0 0.961849 9736.83 9283.87 452.954 0 -30.0673 -31.2299 1 8026.88 248.15 7701 0.000183038
7800 1.42553 1.3749 0.0506265 0 0.964486 9879.86 9421.36 458.502 0 -30.0863 -31.3745 1 8126.88 249.691 7801 0.000176247
7900 1.49564 1.43966 0.0559806 0 0.962571 10029.5 9565.33 464.168 0 -30.1015 -31.1072 1 8226.88 251.222 7901 0.000182213
8000 1.42213 1.36934 0.0527879 0 0.962881 10171.8 9702.26 469.531 0 -30.1157 -31.116 1 8326.88 252.744 8001 0.000171146
8100 1.56497 1.50037 0.0645949 0 0.958724 10327.8 9852.3 475.517 0 -30.1246 -30.7087 1 8426.88 254.257 8101 0.000185208
8200 1.62563 1.55892 0.0667027 0 0.958968 10490.4 10008.2 482.208 0 -30.1325 -30.6313 1 8526.88 255.762 8201 0.000190089
8300 1.49113 1.4355 0.0556291 0 0.962693 10640.1 10151.7 488.363 0 -30.1431 -30.885 1 8626.88 257.257 8301 0.000172931
8400 1.46775 1.41371 0.054035 0 0.963185 10787.1 10293.1 493.981 0 -30.1559 -31.0872 1 8726.88 258.744 8401 0.000168279
8500 1.50985 1.44792 0.0619258 0 0.958985 10937.8 10437.9 499.887 0 -30.1651 -30.8189 1 8826.88 260.222 8501 0.000170323
8600 1.49482 1.4378 0.0570241 0 0.961852 11087.3 10581.7 505.615 0 -30.175 -30.9026 1 8926.88 261.692 8601 0.000167166
8700 1.50591 1.44938 0.0565269 0 0.962463 11238.1 10726.6 511.433 0 -30.1899 -31.2857 1 9026.88 263.153 8701 0.000166576
8800 1.55585 1.49651 0.0593347 0 0.961863 11393.5 10876.3 517.248 0 -30.2047 -31.2703 1 9126.88 264.607 8801 0.000170039
8900 1.55869 1.49771 0.0609789 0 0.960878 11549.3 11026 523.249 0 -30.2178 -31.1782 1 9226.88 266.053 8901 0.000168264
9000 1.48734 1.42979 0.057544 0 0.961311 11698.1 11169 529.085 0 -30.23 -31.1801 1 9326.88 267.49 9001 0.000158848
9100 1.58507 1.51862 0.0664529 0 0.958076 11856 11320.9 535.135 0 -30.242 -31.1298 1 9426.88 268.921 9101 0.000166863
9200 1.5668 1.50574 0.0610532 0 0.961033 12013.1 11471.5 541.617 0 -30.2554 -31.2665 1 9526.88 270.343 9201 0.00016365
9300 1.6251 1.55885 0.0662532 0 0.959231 12175.4 11627.3 548.095 0 -30.2621 -30.7589 1 9626.88 271.758 9301 0.0001676
9400 1.54026 1.47704 0.0632237 0 0.958953 12329.5 11775 554.448 0 -30.2711 -30.9758 1 9726.88 273.166 9401 0.000157115
9500 1.65058 1.58194 0.0686364 0 0.958417 12494.5 11933.2 561.246 0 -30.275 -30.5726 1 9826.88 274.567 9501 0.000166503
9600 1.57977 1.51594 0.0638355 0 0.959592 12652.5 12084.8 567.692 0 -30.2825 -30.872 1 9926.88 275.96 9601 0.000157894
9700 1.58179 1.52286 0.0589274 0 0.962746 12811.1 12237.1 573.961 0 -30.2963 -31.4024 1 10026.9 277.347 9701 0.00015698
9800 1.52536 1.46774 0.0576267 0 0.962221 12963.5 12383.9 579.564 0 -30.3123 -31.6543 1 10126.9 278.726 9801 0.000149754
9900 1.54603 1.48885 0.0571809 0 0.963014 13118.4 12532.8 585.631 0 -30.3258 -31.4556 1 10226.9 280.099 9901 0.000150373
10000 1.54743 1.49483 0.0525985 0 0.966009 13273.6 12682.3 591.347 0 -30.3402 -31.5575 1 10326.9 281.465 10001 0.000149468
10100 1.51255 1.46311 0.0494332 0 0.967318 13425.5 12828.6 596.915 0 -30.3582 -31.9271 1 10426.9 282.825 10101 0.000144849
10200 1.54184 1.4842 0.0576402 0 0.962616 13579.5 12977 602.496 0 -30.3707 -31.4671 1 10526.9 284.178 10201 0.000145496
10300 1.507 1.45178 0.0552197 0 0.963358 13730.4 13122.2 608.188 0 -30.3834 -31.5191 1 10626.9 285.524 10301 0.000140936
10400 1.59715 1.53349 0.0636646 0 0.960139 13889.4 13275.5 613.829 0 -30.3922 -31.1558 1 10726.9 286.865 10401 0.000147437
10500 1.67383 1.61266 0.06117 0 0.963455 14056.6 13436.8 619.841 0 -30.4009 -31.1192 1 10826.9 288.199 10501 0.000153572
10600 1.64766 1.58917 0.0584875 0 0.964503 14221.7 13595.7 626.003 0 -30.4106 -31.2388 1 10926.9 289.526 10601 0.000149907
10700 1.60019 1.54036 0.0598333 0 0.962609 14381.4 13749.7 631.64 0 -30.4216 -31.4062 1 11026.9 290.848 10701 0.000143945
10800 1.53493 1.47557 0.0593617 0 0.961326 14534.5 13897.3 637.173 0 -30.4329 -31.487 1 11126.9 292.164 10801 0.000136614
10900 1.55836 1.50372 0.0546412 0 0.964937 14690.4 14047.7 642.707 0 -30.4444 -31.5187 1 11226.9 293.474 10901 0.000137943
11000 1.50124 1.44545 0.0557853 0 0.96284 14840.4 14192.2 648.172 0 -30.4554 -31.5354 1 11326.9 294.778 11001 0.000131393
11100 1.56901 1.51185 0.0571552 0 0.963572 14997.5 14343.4 654.111 0 -30.4649 -31.3575 1 11426.9 296.076 11101 0.000136191
11200 1.55974 1.50774 0.0519992 0 0.966662 15154.2 14494.2 660.016 0 -30.4751 -31.4564 1 11526.9 297.369 11201 0.000134608
11300 1.57517 1.51517 0.0600047 0 0.961906 15311.5 14645.7 665.76 0 -30.4831 -31.2572 1 11626.9 298.656 11301 0.000134074
11400 1.5902 1.52765 0.0625426 0 0.96067 15470.3 14798.5 671.88 0 -30.4906 -31.2118 1 11726.9 299.938 11401 0.000133993
11500 1.60153 1.53659 0.0649413 0 0.95945 15630.1 14952.1 677.94 0 -30.4976 -31.1773 1 11826.9 301.214 11501 0.000133605
11600 1.5982 1.53709 0.0611084 0 0.961764 15790 15105.8 684.127 0 -30.5079 -31.5071 1 11926.9 302.485 11601 0.000132497
11700 1.65809 1.59075 0.0673466 0 0.959383 15955.3 15264.9 690.422 0 -30.5152 -31.2145 1 12026.9 303.75 11701 0.00013595
11800 1.59285 1.53224 0.0606123 0 0.961947 16114.6 15418.1 696.503 0 -30.5254 -31.5442 1 12126.9 305.01 11801 0.00012984
11900 1.54734 1.48916 0.0581863 0 0.962396 16269.2 15567 702.191 0 -30.5353 -31.569 1 12226.9 306.265 11901 0.000125129
12000 1.60401 1.54496 0.0590531 0 0.963184 16429.7 15721.5 708.13 0 -30.5468 -31.7162 1 12326.9 307.515 12001 0.000128736
12100 1.59699 1.53339 0.0636067 0 0.960171 16589 15874.9 714.173 0 -30.5565 -31.5514 1 12426.9 308.76 12101 0.000126716
12200 1.5152 1.4609 0.0542975 0 0.964165 16740.7 16021 719.765 0 -30.5687 -31.911 1 12526.9 310 12201 0.000119736
12300 1.55517 1.49661 0.0585618 0 0.962344 16896.1 16170.6 725.426 0 -30.5803 -31.8226 1 12626.9 311.235 12301 0.000121666
12400 1.57657 1.51709 0.0594778 0 0.962274 17053.8 16322.3 731.427 0 -30.5898 -31.6156 1 12726.9 312.465 12401 0.000122336
12500 1.60332 1.54336 0.0599613 0 0.962602 17214.2 16476.7 737.518 0 -30.5975 -31.4171 1 12826.9 313.69 12501 0.000123459
12600 1.649 1.58776 0.0612379 0 0.962864 17379.2 16635.4 743.721 0 -30.6068 -31.5725 1 12926.9 314.91 12601 0.000126003
12700 1.64632 1.58239 0.063931 0 0.961167 17543.6 16793.7 749.917 0 -30.6151 -31.4871 1 13026.9 316.126 12701 0.000124588
12800 1.60012 1.53132 0.0687914 0 0.957008 17702.8 16946.8 756.027 0 -30.6227 -31.4676 1 13126.9 317.337 12801 0.000119625
12900 1.58448 1.52668 0.0578 0 0.963521 17861.8 17099.5 762.27 0 -30.6334 -31.8231 1 13226.9 318.544 12901 0.000118338
13000 1.61447 1.55328 0.0611864 0 0.962101 18023.2 17254.8 768.369 0 -30.6414 -31.5254 1 13326.9 319.745 13001 0.000119474
13100 1.58334 1.53115 0.0521815 0 0.967043 18182.3 17407.9 774.32 0 -30.6502 -31.6426 1 13426.9 320.943 13101 0.000116873
13200 1.48036 1.43104 0.0493217 0 0.966683 18330.6 17551 779.536 0 -30.661 -31.9928 1 13526.9 322.136 13201 0.000108404
13300 1.56049 1.50386 0.0566254 0 0.963713 18486.5 17701.4 785.077 0 -30.669 -31.6062 1 13626.9 323.324 13301 0.000113064
13400 1.57317 1.51827 0.0549011 0 0.965102 18643.9 17853.3 790.6 0 -30.6787 -31.8163 1 13726.9 324.508 13401 0.000113295
13500 1.6145 1.55217 0.0623243 0 0.961397 18804.7 18008.5 796.245 0 -30.6855 -31.4768 1 13826.9 325.688 13501 0.000114967
13600 1.61047 1.55364 0.0568255 0 0.964715 18965.9 18163.8 802.072 0 -30.6919 -31.4438 1 13926.9 326.864 13601 0.00011423
13700 1.59118 1.53579 0.0553962 0 0.965186 19125.1 18317.4 807.667 0 -30.6999 -31.6473 1 14026.9 328.035 13701 0.000112093
13800 1.62185 1.56262 0.059235 0 0.963477 19287.1 18473.7 813.465 0 -30.7068 -31.5185 1 14126.9 329.203 13801 0.000113225
13900 1.57679 1.51706 0.0597315 0 0.962118 19444.8 18625.4 819.378 0 -30.7161 -31.8542 1 14226.9 330.366 13901 0.000109133
14000 1.64987 1.5905 0.0593762 0 0.964012 19610 18784.4 825.549 0 -30.7238 -31.628 1 14326.9 331.525 14001 0.000113599
14100 1.56399 1.504 0.0599886 0 0.961644 19766.3 18934.8 831.46 0 -30.7329 -31.8737 1 14426.9 332.68 14101 0.000106659
14200 1.59463 1.53869 0.0559402 0 0.96492 19925.9 19088.7 837.244 0 -30.7422 -31.8968 1 14526.9 333.831 14201 0.000108351
14300 1.67847 1.6162 0.0622697 0 0.962901 20093.5 19250.3 843.201 0 -30.7493 -31.6022 1 14626.9 334.978 14301 0.000113013
14400 1.64533 1.5842 0.0611272 0 0.962848 20258.1 19408.7 849.328 0 -30.756 -31.5719 1 14726.9 336.121 14401 0.000110007
14500 1.63425 1.57559 0.0586593 0 0.964106 20421.8 19566.3 855.464 0 -30.7617 -31.4677 1 14826.9 337.26 14501 0.000108654
14600 1.69902 1.62922 0.0698035 0 0.958915 20591 19729.2 861.831 0 -30.7671 -31.412 1 14926.9 338.396 14601 0.000111583
14700 1.67077 1.60981 0.0609563 0 0.963516 20758.7 19890.2 868.486 0 -30.7731 -31.5166 1 15026.9 339.527 14701 0.000109503
14800 1.61623 1.55366 0.0625736 0 0.961284 20920.1 20045.6 874.522 0 -30.7796 -31.6114 1 15126.9 340.655 14801 0.00010497
14900 1.70202 1.63633 0.0656915 0 0.961404 21090.2 20209.2 881.016 0 -30.785 -31.4465 1 15226.9 341.779 14901 0.000109813
15000 1.69118 1.62963 0.0615439 0 0.963609 21259.7 20372.2 887.519 0 -30.7922 -31.692 1 15326.9 342.9 15001 0.000108635
15100 1.61273 1.55547 0.0572591 0 0.964496 21421.3 20527.7 893.574 0 -30.8002 -31.8532 1 15426.9 344.016 15101 0.000103005
15200 1.57101 1.51572 0.0552912 0 0.964805 21578.5 20679.3 899.249 0 -30.808 -31.8736 1 15526.9 345.13 15201 9.97118e-05
15300 1.59342 1.5351 0.0583224 0 0.963398 21737.8 20832.8 904.988 0 -30.8161 -31.9047 1 15626.9 346.239 15301 0.000100327
15400 1.58441 1.53159 0.0528209 0 0.966662 21896.5 20985.9 910.594 0 -30.8239 -31.889 1 15726.9 347.345 15401 9.94475e-05
15500 1.6484 1.58932 0.0590858 0 0.964156 22061.4 21144.9 916.539 0 -30.8311 -31.8 1 15826.9 348.448 15501 0.00010253
15600 1.64244 1.5814 0.0610348 0 0.962839 22225.7 21303 922.728 0 -30.8393 -31.9341 1 15926.9 349.547 15601 0.000101366
15700 1.62829 1.56677 0.0615162 0 0.96222 22388.5 21459.7 928.834 0 -30.8465 -31.823 1 16026.9 350.643 15701 9.97881e-05
15800 1.61955 1.56024 0.0593028 0 0.963383 22550.5 21615.7 934.753 0 -30.8528 -31.7292 1 16126.9 351.735 15801 9.87433e-05
15900 1.68255 1.62051 0.0620358 0 0.96313 22718.6 21777.8 940.856 0 -30.8572 -31.4433 1 16226.9 352.824 15901 0.000101913
16000 1.68799 1.62055 0.0674388 0 0.960048 22887 21939.8 947.17 0 -30.8596 -31.1882 1 16326.9 353.909 16001 0.000101278
16100 1.71672 1.65047 0.0662514 0 0.961408 23058.7 22104.9 953.811 0 -30.8641 -31.4662 1 16426.9 354.991 16101 0.000102507
16200 1.69522 1.6304 0.0648182 0 0.961764 23228.3 22267.9 960.409 0 -30.8691 -31.5416 1 16526.9 356.07 16201 0.000100636
16300 1.63237 1.57159 0.0607795 0 0.962766 23391.7 22425.1 966.627 0 -30.8756 -31.7987 1 16626.9 357.146 16301 9.64104e-05
16400 1.66791 1.60565 0.0622584 0 0.962673 23558.6 22585.6 972.918 0 -30.8801 -31.5105 1 16726.9 358.218 16401 9.78995e-05
16500 1.61686 1.56086 0.0560023 0 0.965364 23720.6 22741.7 978.886 0 -30.8848 -31.5821 1 16826.9 359.287 16501 9.45916e-05
16600 1.56989 1.51714 0.0527579 0 0.966394 23877.8 22893.4 984.372 0 -30.8907 -31.7751 1 16926.9 360.353 16601 9.13882e-05
16700 1.65479 1.59671 0.0580752 0 0.964905 24043.3 23053.1 990.188 0 -30.8961 -31.6807 1 17026.9 361.416 16701 9.56057e-05
16800 1.68264 1.62036 0.062282 0 0.962986 24211.3 23215.1 996.167 0 -30.8999 -31.4307 1 17126.9 362.476 16801 9.64441e-05
16900 1.69965 1.64016 0.059487 0 0.965 24381.6 23379.2 1002.4 0 -30.9058 -31.7466 1 17226.9 363.533 16901 9.70451e-05
17000 1.6866 1.6282 0.0583975 0 0.965376 24550.4 23542 1008.42 0 -30.9119 -31.7968 1 17326.9 364.586 17001 9.5771e-05
17100 1.74464 1.6795 0.0651417 0 0.962662 24724.7 23709.9 1014.76 0 -30.9167 -31.5872 1 17426.9 365.637 17101 9.82108e-05
17200 1.69915 1.64156 0.0575862 0 0.966109 24895.2 23874.1 1021.11 0 -30.9208 -31.5271 1 17526.9 366.684 17201 9.5434e-05
17300 1.68402 1.62355 0.060475 0 0.964089 25063.6 24036.4 1027.19 0 -30.9237 -31.3405 1 17626.9 367.729 17301 9.38411e-05
17400 1.70216 1.64629 0.055865 0 0.96718 25234.2 24201.1 1033.1 0 -30.9274 -31.4702 1 17726.9 368.771 17401 9.46092e-05
17500 1.61393 1.56215 0.0517853 0 0.967914 25395.8 24357.3 1038.56 0 -30.9321 -31.6653 1 17826.9 369.809 17501 8.92604e-05
17600 1.62399 1.57071 0.0532806 0 0.967192 25558.4 24514.4 1044.07 0 -30.9365 -31.6286 1 17926.9 370.845 17601 8.92398e-05
17700 1.66175 1.60232 0.0594345 0 0.964234 25724.5 24674.6 1049.94 0 -30.9396 -31.4248 1 18026.9 371.878 17701 9.05212e-05
17800 1.76059 1.69284 0.0677484 0 0.96152 25900.4 24843.9 1056.51 0 -30.9444 -31.636 1 18126.9 372.908 17801 9.50983e-05
17900 1.6839 1.61926 0.064638 0 0.961614 26068.5 25005.8 1062.71 0 -30.9493 -31.7128 1 18226.9 373.935 17901 9.04564e-05
18000 1.6769 1.6158 0.0611021 0 0.963563 26236.5 25167.4 1069.14 0 -30.9541 -31.7015 1 18326.9 374.959 18001 8.97617e-05
18100 1.62986 1.56914 0.0607201 0 0.962745 26399.4 25324.3 1075.15 0 -30.9601 -31.9139 1 18426.9 375.981 18101 8.6688e-05
18200 1.64864 1.59046 0.0581799 0 0.96471 26564.2 25483.3 1080.85 0 -30.9653 -31.7985 1 18526.9 377 18201 8.73833e-05
18300 1.68288 1.62404 0.0588464 0 0.965032 26732.5 25645.7 1086.8 0 -30.97 -31.7115 1 18626.9 378.016 18301 8.87403e-05
18400 1.65679 1.60195 0.0548454 0 0.966897 26898.8 25805.9 1092.82 0 -30.9746 -31.7283 1 18726.9 379.029 18401 8.70577e-05
18500 1.64484 1.58604 0.0588057 0 0.964248 27063.2 25964.5 1098.65 0 -30.9792 -31.726 1 18826.9 380.04 18501 8.57271e-05
18600 1.70461 1.64048 0.0641307 0 0.962378 27233.7 26128.6 1105.06 0 -30.9841 -31.7584 1 18926.9 381.048 18601 8.81932e-05
18700 1.65964 1.59524 0.0644049 0 0.961193 27399.4 26288.1 1111.31 0 -30.9889 -31.7847 1 19026.9 382.053 18701 8.53022e-05
18800 1.72738 1.66016 0.067224 0 0.961083 27572 26454.1 1117.88 0 -30.9924 -31.5485 1 19126.9 383.056 18801 8.83016e-05
18900 1.77916 1.7072 0.0719591 0 0.959554 27749.6 26624.8 1124.72 0 -30.9953 -31.4331 1 19226.9 384.056 18901 9.03232e-05
19000 1.71112 1.65111 0.0600144 0 0.964927 27921.3 26790 1131.31 0 -30.9991 -31.6172 1 19326.9 385.053 19001 8.68957e-05
19100 1.61224 1.55272 0.0595181 0 0.963084 28082.3 26945.2 1137.06 0 -31.0045 -31.9473 1 19426.9 386.048 19101 8.12901e-05
19200 1.65387 1.5996 0.0542793 0 0.967181 28248 27105.2 1142.77 0 -31.0097 -31.8871 1 19526.9 387.041 19201 8.33079e-05
19300 1.66118 1.60831 0.0528637 0 0.968177 28414.3 27266 1148.32 0 -31.0149 -31.9031 1 19626.9 388.03 19301 8.3328e-05
19400 1.70924 1.65116 0.0580868 0 0.966016 28585.1 27431.1 1153.96 0 -31.0202 -31.8916 1 19726.9 389.018 19401 8.51068e-05
19500 1.72082 1.66158 0.0592365 0 0.965577 28757.2 27597.3 1159.92 0 -31.0242 -31.6923 1 19826.9 390.002 19501 8.52051e-05
19600 1.68459 1.62483 0.0597675 0 0.964521 28925.4 27759.8 1165.65 0 -31.0287 -31.7943 1 19926.9 390.985 19601 8.28951e-05
19700 1.72688 1.66843 0.0584526 0 0.966151 29098.4 27926.6 1171.78 0 -31.0331 -31.7768 1 20026.9 391.964 19701 8.46876e-05
19800 1.65608 1.59846 0.0576153 0 0.96521 29264.2 28086.5 1177.72 0 -31.0388 -32.0447 1 20126.9 392.942 19801 8.07264e-05
19900 1.69 1.63369 0.056307 0 0.966682 29433.3 28249.8 1183.45 0 -31.0451 -32.1252 1 20226.9 393.917 19901 8.2091e-05
20000 1.70225 1.63987 0.0623794 0 0.963355 29603.3 28413.8 1189.44 0 -31.0504 -31.9784 1 20325.9 394.88 20000 8.19936e-05
