100 0.00192445 0.00192445 0 0 1 0.203758 0.192445 0.0113127 0 -31.1097 -31.1097 64 453.882 59.0081 2 0.000962227
200 0.0035544 0.00318314 0.000371257 0 0.89555 0.538754 0.510759 0.0279948 0 -28.7723 -27.3506 64 581.882 66.8124 4 0.000795785
300 0.00351541 0.00330759 0.00020782 0 0.940883 0.89881 0.841519 0.0572912 0 -29.1875 -29.8088 64 645.882 70.3909 5 0.000661518
400 0.00298036 0.00257827 0.000402093 0 0.865086 1.17937 1.09935 0.0800267 0 -29.185 -29.177 64 773.882 77.0508 7 0.000368324
500 0.00488597 0.00423186 0.000654111 0 0.866125 1.65883 1.52253 0.136295 0 -28.3284 -26.2214 64 837.882 80.1736 8 0.000528982
600 0.00549293 0.00487278 0.000620147 0 0.887101 2.20631 2.00981 0.1965 0 -28.0722 -27.2959 64 965.882 86.08 10 0.000487278
700 0.0121575 0.0115131 0.000644407 0 0.946995 3.43416 3.16112 0.273042 0 -29.2871 -31.4701 64 1029.88 88.8861 11 0.00104664
800 0.00850934 0.00792517 0.000584171 0 0.931349 4.292 3.95363 0.338368 0 -29.318 -29.4418 64 1157.88 94.248 13 0.000609628
900 0.00606183 0.00556108 0.000500754 0 0.917392 4.88671 4.50974 0.376971 0 -29.4119 -30.0893 64 1285.88 99.3209 15 0.000370739
1000 0.00910194 0.00853315 0.000568785 0 0.937509 5.80219 5.36306 0.439135 0 -29.7501 -31.5552 64 1349.88 101.763 16 0.000533322
1100 0.0123627 0.0118932 0.000469504 0 0.962022 7.03714 6.55237 0.484766 0 -29.3125 -27.2569 64 1477.88 106.478 18 0.000660731
1200 0.0178036 0.0171212 0.000682436 0 0.961669 8.81387 8.26449 0.54938 0 -28.6887 -26.2176 64 1541.88 108.759 19 0.000901115
1300 0.0245728 0.0237026 0.00087016 0 0.964588 11.3102 10.6348 0.675437 0 -28.2959 -26.9093 64 1669.88 113.183 21 0.0011287
1400 0.0294518 0.0271771 0.00227469 0 0.922766 14.1993 13.3525 0.846851 0 -28.0522 -27.098 64 1733.88 115.332 22 0.00123532
1500 0.0191555 0.0177186 0.00143694 0 0.924986 16.1269 15.1243 1.00262 0 -28.024 -27.8162 64 1861.88 119.513 24 0.000738275
1600 0.0142663 0.0130046 0.00126169 0 0.911561 17.565 16.4248 1.14021 0 -27.9956 -27.6771 64 1989.88 123.553 26 0.000500178
1700 0.0197354 0.0184163 0.00131908 0 0.933161 19.6085 18.2664 1.34205 0 -27.8619 -26.7126 64 2053.88 125.524 27 0.000682086
1800 0.0133501 0.0120388 0.00131135 0 0.901772 20.9437 19.4703 1.4734 0 -27.7874 -26.6946 64 2181.88 129.377 29 0.00041513
1900 0.0116133 0.0106191 0.0009942 0 0.914392 22.1358 20.5322 1.60362 0 -27.7821 -27.6883 64 2245.88 131.26 30 0.000353971
2000 0.0128595 0.0114976 0.00136191 0 0.894093 23.3876 21.682 1.7056 0 -27.8069 -28.2454 64 2373.88 134.949 32 0.000359299
2100 0.0144467 0.0134223 0.00102439 0 0.929092 24.8511 23.0242 1.82692 0 -27.9632 -30.4609 64 2437.88 136.756 33 0.000406736
2200 0.010849 0.0102504 0.000598651 0 0.94482 25.9734 24.0492 1.92412 0 -28.0676 -30.3796 64 2565.88 140.3 35 0.000292867
2300 0.00923824 0.0087488 0.000489443 0 0.94702 26.9079 24.9241 1.98379 0 -28.1267 -29.7675 64 2629.88 142.039 36 0.000243022
2400 0.0137859 0.0126246 0.00116139 0 0.915756 28.2431 26.1866 2.05655 0 -28.1968 -29.6105 64 2757.88 145.455 38 0.000332225
2500 0.0142093 0.0131931 0.00101616 0 0.928486 29.6569 27.5059 2.15099 0 -28.2508 -29.3294 64 2885.88 148.792 40 0.000329828
2600 0.0140463 0.0132439 0.000802426 0 0.942873 31.0752 28.8303 2.2449 0 -28.2673 -28.6127 64 2949.88 150.433 41 0.000323021
2700 0.028844 0.0252733 0.00357075 0 0.876205 33.7167 31.3576 2.3591 0 -28.2809 -28.4403 64 3077.88 153.662 43 0.000587751
2800 0.0456187 0.0428789 0.00273983 0 0.939941 38.3093 35.6455 2.66386 0 -28.5597 -30.6072 64 3141.88 155.251 44 0.00097452
2900 0.0277539 0.0251985 0.00255539 0 0.907927 41.0905 38.1653 2.92517 0 -28.6439 -29.8031 64 3269.88 158.382 46 0.000547793
3000 0.0228342 0.0208116 0.0020226 0 0.911422 43.3809 40.2465 3.13439 0 -28.7195 -30.075 64 3333.88 159.925 47 0.000442801
3100 0.0200694 0.0182113 0.00185803 0 0.90742 45.4074 42.0676 3.33972 0 -28.7545 -29.5037 64 3461.88 162.966 49 0.00037166
3200 0.0209887 0.019565 0.00142368 0 0.93217 47.541 44.0241 3.51685 0 -28.8099 -29.9905 64 3589.88 165.951 51 0.000383628
3300 0.019808 0.0184626 0.00134549 0 0.932073 49.5411 45.8704 3.67074 0 -28.8831 -30.6228 64 3653.88 167.424 52 0.000355049
3400 0.0207441 0.0195044 0.00123973 0 0.940237 51.6232 47.8208 3.80241 0 -28.9085 -29.5126 64 3781.88 170.331 54 0.000361193
3500 0.0164797 0.0155602 0.000919487 0 0.944205 53.2817 49.3768 3.90481 0 -28.9535 -30.354 64 3845.88 171.766 55 0.000282912
3600 0.0225866 0.0218456 0.00074107 0 0.96719 55.5839 51.5614 4.02248 0 -29.0136 -30.4046 64 3973.88 174.601 57 0.000383256
3700 0.0165995 0.0159873 0.000612234 0 0.963117 57.2477 53.1601 4.08759 0 -29.0663 -30.8249 64 4037.88 176.002 58 0.000275643
3800 0.0168191 0.0159554 0.000863656 0 0.94865 58.9295 54.7557 4.17384 0 -29.0786 -29.4978 64 4165.88 178.77 60 0.000265924
3900 0.0185398 0.0176606 0.000879211 0 0.952577 60.7911 56.5217 4.26937 0 -29.0945 -29.5976 64 4229.88 180.138 61 0.000289519
4000 0.0174474 0.016872 0.000575387 0 0.967022 62.5508 58.2089 4.34181 0 -29.1327 -30.4527 64 4357.88 182.843 63 0.00026781
4100 0.0147398 0.0142241 0.000515708 0 0.965013 64.0209 59.6314 4.38954 0 -29.1762 -31.0291 64 4485.88 185.509 65 0.000218832
4200 0.0142301 0.0138246 0.000405521 0 0.971503 65.4486 61.0138 4.43482 0 -29.2237 -31.3534 64 4549.88 186.827 66 0.000209464
4300 0.0156853 0.0149209 0.000764361 0 0.951269 66.9773 62.5059 4.47134 0 -29.2594 -30.7877 64 4677.88 189.437 68 0.000219425
4400 0.0222322 0.0212292 0.00100307 0 0.954882 69.1886 64.6288 4.55974 0 -29.3222 -31.2253 64 4741.88 190.728 69 0.000307669
4500 0.0241046 0.0224926 0.001612 0 0.933125 71.5502 66.8781 4.67214 0 -29.3819 -31.13 64 4869.88 193.285 71 0.000316797
4600 0.0183812 0.0175347 0.00084647 0 0.953949 73.419 68.6316 4.78741 0 -29.4485 -31.9964 64 4933.88 194.551 72 0.000243537
4700 0.0238402 0.0225156 0.00132461 0 0.944438 75.7962 70.8831 4.91307 0 -29.5116 -31.463 64 5061.88 197.059 74 0.000304265
4800 0.017586 0.0169826 0.000603407 0 0.965688 77.6016 72.5814 5.02021 0 -29.5939 -33.0493 64 5189.88 199.535 76 0.000223455
4900 0.0237933 0.022195 0.00159833 0 0.932824 79.9255 74.8009 5.12466 0 -29.5981 -29.7354 64 5253.88 200.761 77 0.000288247
5000 0.0288949 0.0272662 0.00162867 0 0.943635 82.7997 77.5275 5.27225 0 -29.589 -29.3366 64 5381.88 203.192 79 0.000345142
5100 0.0232603 0.0221498 0.00111057 0 0.952255 85.1485 79.7425 5.406 0 -29.6127 -30.4487 64 5445.88 204.397 80 0.000276872
5200 0.0188206 0.017824 0.000996619 0 0.947046 87.0253 81.5249 5.50039 0 -29.6364 -30.7109 64 5573.88 206.785 82 0.000217366
5300 0.0169647 0.0163588 0.000605888 0 0.964285 88.7458 83.1608 5.58503 0 -29.6741 -31.5825 64 5637.88 207.969 83 0.000197094
5400 0.0318824 0.0297514 0.00213096 0 0.933162 91.8938 86.1359 5.75793 0 -29.6047 -27.6494 64 5765.88 210.316 85 0.000350017
5500 0.0286422 0.0270515 0.00159074 0 0.944462 94.7924 88.841 5.95138 0 -29.5498 -27.8062 64 5829.88 211.48 86 0.000314552
5600 0.0249446 0.023511 0.00143353 0 0.942531 97.3309 91.1921 6.13876 0 -29.5075 -27.9292 64 5957.88 213.789 88 0.000267171
5700 0.0418313 0.0392993 0.00253198 0 0.939472 101.462 95.1221 6.33997 0 -29.451 -28.1206 64 6085.88 216.074 90 0.000436659
5800 0.0317546 0.0303402 0.00141444 0 0.955457 104.692 98.1561 6.5358 0 -29.4478 -29.3465 64 6149.88 217.207 91 0.000333409
5900 0.0337892 0.0315445 0.00224471 0 0.933567 107.998 101.311 6.68751 0 -29.436 -29.0611 64 6277.88 219.456 93 0.000339188
6000 0.0387676 0.037391 0.00137653 0 0.964493 111.922 105.05 6.87249 0 -29.4763 -30.5871 64 6341.88 220.571 94 0.000397777
6100 0.028938 0.0277853 0.00115279 0 0.960164 114.836 107.828 7.00829 0 -29.5121 -30.8857 64 6469.88 222.786 96 0.00028943
6200 0.0263625 0.0254309 0.000931517 0 0.964665 117.497 110.371 7.12588 0 -29.5496 -31.1699 64 6533.88 223.885 97 0.000262175
6300 0.0292384 0.0277682 0.00147014 0 0.949719 120.402 113.148 7.25382 0 -29.5527 -29.6751 64 6661.88 226.068 99 0.000280487
6400 0.0390649 0.0370463 0.00201859 0 0.948327 124.303 116.853 7.45064 0 -29.5018 -27.9336 64 6789.88 228.229 101 0.000366795
6500 0.0286202 0.0271549 0.00146532 0 0.948801 127.189 119.568 7.62096 0 -29.5021 -29.5151 64 6853.88 229.302 102 0.000266224
6600 0.0250984 0.0235458 0.00155263 0 0.938138 129.659 121.923 7.73605 0 -29.5143 -30.1391 64 6981.88 231.434 104 0.000226402
6700 0.0346232 0.0329055 0.00171772 0 0.950388 133.097 125.213 7.88374 0 -29.5511 -30.9415 64 7045.88 232.492 105 0.000313385
6800 0.0296585 0.0283358 0.00132268 0 0.955403 136.071 128.047 8.02363 0 -29.5852 -31.1093 64 7173.88 234.594 107 0.000264821
6900 0.0285559 0.0273161 0.00123978 0 0.956584 138.928 130.779 8.14924 0 -29.5928 -29.9548 64 7237.88 235.638 108 0.000252927
7000 0.0256071 0.024688 0.000919085 0 0.964108 141.496 133.247 8.24853 0 -29.6161 -30.8792 64 7365.88 237.713 110 0.000224437
7100 0.022489 0.0219595 0.000529522 0 0.976454 143.766 135.443 8.32257 0 -29.6496 -31.7377 64 7429.88 238.743 111 0.000197833
7200 0.0221225 0.0217096 0.000412927 0 0.981335 145.994 137.614 8.38026 0 -29.7014 -33.0407 64 7557.88 240.791 113 0.00019212
7300 0.0211041 0.0206211 0.000483025 0 0.977112 148.115 139.676 8.43869 0 -29.7482 -32.9696 64 7685.88 242.821 115 0.000179314
7400 0.0180497 0.0178631 0.000186633 0 0.98966 149.933 141.463 8.47084 0 -29.7945 -33.5628 64 7749.88 243.83 116 0.000153992
7500 0.0298756 0.0286543 0.00122135 0 0.959119 152.882 144.328 8.55435 0 -29.8438 -32.353 64 7877.88 245.836 118 0.000242833
7600 0.0250153 0.0242858 0.000729552 0 0.970836 155.402 146.757 8.64517 0 -29.8776 -31.9283 64 7941.88 246.832 119 0.000204082
7700 0.0266202 0.0256887 0.00093144 0 0.96501 158.072 149.326 8.74625 0 -29.9129 -31.966 64 8069.88 248.813 121 0.000212303
7800 0.0199159 0.0193985 0.000517339 0 0.974024 160.082 151.265 8.81656 0 -29.9518 -33.0126 64 8133.88 249.798 122 0.000159004
7900 0.0281786 0.0272604 0.000918154 0 0.967417 162.937 153.991 8.94525 0 -30.0072 -33.1122 64 8261.88 251.756 124 0.000219842
8000 0.0209062 0.0201687 0.000737535 0 0.964722 165.04 156.008 9.0317 0 -30.0483 -33.2331 64 8389.88 253.699 126 0.000160069
8100 0.0233359 0.0220645 0.0012714 0 0.945517 167.378 158.215 9.16334 0 -30.081 -32.3897 64 8453.88 254.664 127 0.000173736
8200 0.0188066 0.0181228 0.000683773 0 0.963642 169.266 160.027 9.23857 0 -30.1192 -33.5109 64 8581.88 256.585 129 0.000140487
8300 0.0228845 0.0221825 0.000701972 0 0.969325 171.556 162.245 9.31059 0 -30.1314 -31.0321 64 8645.88 257.54 130 0.000170635
8400 0.0244081 0.0232432 0.00116485 0 0.952276 173.967 164.57 9.39736 0 -30.1426 -30.9407 64 8773.88 259.439 132 0.000176085
8500 0.0219891 0.0215432 0.000445905 0 0.979722 176.181 166.724 9.45712 0 -30.181 -33.1973 64 8837.88 260.384 133 0.000161979
8600 0.027186 0.0264265 0.000759542 0 0.972061 178.933 169.367 9.56625 0 -30.1896 -30.7371 64 8965.88 262.263 135 0.000195752
8700 0.0213104 0.0207384 0.000571995 0 0.973159 181.084 171.44 9.64398 0 -30.2097 -31.8843 64 9029.88 263.197 136 0.000152489
8800 0.0225502 0.0216818 0.000868441 0 0.961489 183.335 173.609 9.72683 0 -30.2222 -31.2262 64 9157.88 265.056 138 0.000157114
8900 0.0212437 0.0200118 0.00123191 0 0.942011 185.406 175.61 9.79653 0 -30.2298 -30.9044 64 9285.88 266.902 140 0.000142941
9000 0.0208629 0.0203429 0.00051993 0 0.975079 187.524 177.644 9.88019 0 -30.2543 -32.4016 64 9349.88 267.82 141 0.000144276
9100 0.0170927 0.0167365 0.00035624 0 0.979158 189.244 179.318 9.92614 0 -30.278 -32.8613 64 9477.88 269.647 143 0.000117038
9200 0.0162878 0.0159627 0.000325125 0 0.980039 190.878 180.914 9.96364 0 -30.3045 -33.3715 64 9541.88 270.556 144 0.000110852
9300 0.0296618 0.0272368 0.00242503 0 0.918244 193.684 183.638 10.0465 0 -30.3267 -31.8392 64 9669.88 272.365 146 0.000186553
9400 0.0503011 0.047488 0.00281308 0 0.944075 198.695 188.386 10.3082 0 -30.3536 -31.3915 64 9733.88 273.264 147 0.000323048
9500 0.0359312 0.0352037 0.000727413 0 0.979755 202.376 191.907 10.469 0 -30.3966 -32.7156 64 9861.88 275.055 149 0.000236267
9600 0.0267655 0.026176 0.000589549 0 0.977974 205.063 194.524 10.5388 0 -30.4363 -33.4267 64 9989.88 276.835 151 0.000173351
9700 0.0348785 0.0329606 0.00191796 0 0.94501 208.48 197.82 10.6595 0 -30.437 -30.4794 64 10053.9 277.72 152 0.000216846
9800 0.0299855 0.0286035 0.00138201 0 0.953911 211.489 200.681 10.8084 0 -30.4411 -30.7258 64 10181.9 279.482 154 0.000185737
9900 0.0291133 0.0279514 0.00116191 0 0.96009 214.417 203.476 10.9414 0 -30.4413 -30.4586 64 10245.9 280.359 155 0.000180332
10000 0.0243267 0.0236578 0.000668866 0 0.972505 216.874 205.842 11.0327 0 -30.4637 -32.4144 64 10373.9 282.105 157 0.000150687
10100 0.0203014 0.0198888 0.000412614 0 0.979676 218.922 207.831 11.0909 0 -30.4918 -33.4709 64 10437.9 282.974 158 0.000125878
10200 0.0188421 0.0184693 0.000372839 0 0.980212 220.812 209.678 11.1344 0 -30.518 -33.5484 64 10565.9 284.704 160 0.000115433
10300 0.0184841 0.0182141 0.000270057 0 0.98539 222.67 211.499 11.1709 0 -30.5436 -33.5884 64 10629.9 285.565 161 0.000113131
10400 0.018335 0.017947 0.000387976 0 0.97884 224.507 213.294 11.2129 0 -30.5695 -33.7137 64 10757.9 287.279 163 0.000110104
10500 0.0157154 0.0155711 0.000144314 0 0.990817 226.08 214.851 11.2293 0 -30.5993 -34.8544 64 10885.9 288.983 165 9.437e-05
10600 0.0180845 0.017784 0.000300492 0 0.983384 227.887 216.629 11.2583 0 -30.6257 -33.9205 64 10949.9 289.831 166 0.000107133
10700 0.0181214 0.0175813 0.00054007 0 0.970197 229.691 218.387 11.3038 0 -30.6485 -33.5343 64 11077.9 291.52 168 0.000104651
10800 0.0181302 0.017862 0.000268239 0 0.985205 231.524 220.174 11.3509 0 -30.677 -34.244 64 11141.9 292.361 169 0.000105692
10900 0.0262069 0.0247727 0.00143419 0 0.945274 234.057 222.651 11.4066 0 -30.6619 -29.2797 64 11269.9 294.035 171 0.00014487
11000 0.0324456 0.0312946 0.00115093 0 0.964527 237.292 225.78 11.5113 0 -30.6466 -29.5423 64 11333.9 294.869 172 0.000181946
11100 0.0279085 0.0266408 0.00126769 0 0.954577 240.068 228.444 11.6232 0 -30.6508 -31.0108 64 11461.9 296.53 174 0.000153108
11200 0.0241438 0.0231675 0.000976297 0 0.959563 242.493 230.761 11.732 0 -30.6647 -32.0333 64 11589.9 298.181 176 0.000131634
11300 0.021836 0.0209416 0.000894394 0 0.95904 244.685 232.855 11.8296 0 -30.6781 -32.1686 64 11653.9 299.003 177 0.000118314
11400 0.0205095 0.0193479 0.00116153 0 0.943366 246.691 234.79 11.9005 0 -30.6885 -31.9523 64 11781.9 300.64 179 0.000108089
11500 0.0329115 0.031183 0.00172858 0 0.947478 249.978 237.908 12.0693 0 -30.703 -31.7906 64 11845.9 301.456 180 0.000173239
11600 0.0330559 0.0311788 0.00187709 0 0.943215 253.232 241.026 12.2056 0 -30.6885 -29.5746 64 11973.9 303.08 182 0.000171312
11700 0.0463302 0.0447293 0.00160086 0 0.965447 257.875 245.499 12.3757 0 -30.6225 -27.022 64 12037.9 303.889 183 0.000244422
11800 0.0399048 0.0379585 0.0019463 0 0.951226 261.85 249.295 12.5547 0 -30.5739 -27.4266 64 12165.9 305.5 185 0.000205181
11900 0.033193 0.0321102 0.00108278 0 0.967379 265.218 252.506 12.712 0 -30.5568 -29.2238 64 12229.9 306.303 186 0.000172636
12000 0.0291899 0.0283804 0.000809528 0 0.972267 268.17 255.344 12.8262 0 -30.5536 -30.2705 64 12357.9 307.902 188 0.00015096
12100 0.0265649 0.0258111 0.000753736 0 0.971627 270.833 257.925 12.9074 0 -30.5578 -30.9807 64 12485.9 309.492 190 0.000135848
12200 0.022529 0.0222694 0.000259613 0 0.988476 273.115 260.152 12.9633 0 -30.5673 -31.6892 64 12549.9 310.284 191 0.000116594
12300 0.0257754 0.0250298 0.000745649 0 0.971071 275.679 262.655 13.0241 0 -30.5682 -30.6661 64 12677.9 311.863 193 0.000129688
12400 0.0241561 0.0240507 0.000105384 0 0.995637 278.128 265.06 13.0674 0 -30.5903 -33.0807 64 12741.9 312.649 194 0.000123973
12500 0.0233878 0.0227759 0.000611921 0 0.973836 280.431 267.338 13.0933 0 -30.6055 -32.4422 64 12869.9 314.215 196 0.000116204
12600 0.0224083 0.0220375 0.000370781 0 0.983453 282.68 269.542 13.1384 0 -30.6238 -32.9059 64 12933.9 314.996 197 0.000111866
12700 0.0232937 0.022849 0.000444752 0 0.980907 285.016 271.826 13.1893 0 -30.6417 -32.8067 64 13061.9 316.55 199 0.000114819
12800 0.022968 0.0225041 0.000463829 0 0.979805 287.317 274.077 13.2407 0 -30.6552 -32.3245 64 13189.9 318.098 201 0.000111961
12900 0.0195654 0.0193733 0.000192121 0 0.990181 289.289 276.014 13.2752 0 -30.6738 -33.3762 64 13253.9 318.868 202 9.59075e-05
13000 0.0183036 0.0180125 0.00029115 0 0.984093 291.11 277.815 13.2945 0 -30.6899 -33.2538 64 13381.9 320.405 204 8.82965e-05
13100 0.0177344 0.0176414 9.29764e-05 0 0.994757 292.893 279.58 13.3138 0 -30.7085 -33.7497 64 13445.9 321.17 205 8.60557e-05
13200 0.0167002 0.0164913 0.000208839 0 0.987495 294.554 281.229 13.325 0 -30.727 -33.979 64 13573.9 322.695 207 7.96683e-05
13300 0.0168081 0.0166801 0.000127952 0 0.992387 296.242 282.897 13.3457 0 -30.7461 -34.0818 64 13637.9 323.455 208 8.01929e-05
13400 0.0168714 0.0167134 0.000158031 0 0.990633 297.942 284.568 13.3739 0 -30.7663 -34.2878 64 13765.9 324.969 210 7.95876e-05
13500 0.0142681 0.0142536 1.45565e-05 0 0.99898 299.376 285.993 13.3822 0 -30.7861 -34.9122 64 13829.9 325.724 211 6.75526e-05
13600 0.0163383 0.0160143 0.000324016 0 0.980168 301.007 287.595 13.4119 0 -30.7995 -33.2513 64 13957.9 327.228 213 7.51845e-05
13700 0.0155828 0.0150926 0.000490219 0 0.968541 302.542 289.104 13.4379 0 -30.8125 -33.359 64 14085.9 328.725 215 7.01981e-05
13800 0.0150645 0.0148054 0.000259038 0 0.982805 304.055 290.585 13.4704 0 -30.8278 -33.8786 64 14149.9 329.47 216 6.85437e-05
13900 0.015487 0.0150833 0.000403661 0 0.973935 305.6 292.093 13.5072 0 -30.8391 -33.0735 64 14277.9 330.957 218 6.91897e-05
14000 0.0153158 0.0150627 0.000253061 0 0.983477 307.144 293.599 13.5444 0 -30.8554 -34.0874 64 14341.9 331.698 219 6.87794e-05
14100 0.0228493 0.021552 0.0012973 0 0.943224 309.346 295.754 13.5912 0 -30.8483 -29.8596 64 14469.9 333.175 221 9.75204e-05
14200 0.0254115 0.0246195 0.000792013 0 0.968833 311.903 298.216 13.687 0 -30.8451 -30.4589 64 14533.9 333.911 222 0.000110899
14300 0.0210052 0.0200884 0.000916836 0 0.956352 313.993 300.225 13.7677 0 -30.8463 -31.0124 64 14661.9 335.378 224 8.96803e-05
14400 0.0200903 0.0193271 0.000763202 0 0.962011 316.011 302.158 13.8535 0 -30.8501 -31.4484 64 14789.9 336.839 226 8.55179e-05
14500 0.0229463 0.0223268 0.000619527 0 0.973001 318.336 304.391 13.9455 0 -30.8617 -32.4433 64 14853.9 337.567 227 9.83557e-05
14600 0.0186938 0.0181709 0.000522883 0 0.972029 320.216 306.208 14.0084 0 -30.8767 -33.4039 64 14981.9 339.018 229 7.93491e-05
14700 0.0171691 0.0165592 0.000609847 0 0.96448 321.932 307.864 14.0689 0 -30.8862 -32.6677 64 15045.9 339.742 230 7.19967e-05
14800 0.0217493 0.0212919 0.000457445 0 0.978967 324.136 309.993 14.1432 0 -30.8909 -31.5716 64 15173.9 341.184 232 9.17753e-05
14900 0.0172194 0.0170638 0.000155528 0 0.990968 325.873 311.699 14.1743 0 -30.9006 -32.715 64 15237.9 341.903 233 7.32354e-05
15000 0.0158566 0.0156616 0.000195002 0 0.987702 327.463 313.265 14.198 0 -30.9128 -33.4148 64 15365.9 343.336 235 6.6645e-05
15100 0.0159183 0.015704 0.000214292 0 0.986538 329.067 314.836 14.2311 0 -30.9284 -34.1058 64 15429.9 344.05 236 6.65424e-05
15200 0.0143268 0.0141828 0.000143977 0 0.98995 330.504 316.254 14.2502 0 -30.9427 -34.231 64 15557.9 345.474 238 5.95916e-05
15300 0.014367 0.0136205 0.00074647 0 0.948043 331.892 317.616 14.2763 0 -30.9528 -33.3443 64 15685.9 346.892 240 5.67522e-05
15400 0.0154054 0.015075 0.000330431 0 0.978551 333.437 319.124 14.3131 0 -30.965 -33.5923 64 15749.9 347.599 241 6.25517e-05
15500 0.0162645 0.0158687 0.000395881 0 0.97566 335.058 320.71 14.3475 0 -30.9781 -33.678 64 15877.9 349.009 243 6.53031e-05
15600 0.0136802 0.0134984 0.000181767 0 0.986713 336.43 322.06 14.3698 0 -30.993 -34.6168 64 15941.9 349.711 244 5.53214e-05
15700 0.0138581 0.0136111 0.000247071 0 0.982171 337.811 323.421 14.3893 0 -31.009 -34.9123 64 16069.9 351.113 246 5.53295e-05
15800 0.013181 0.0130533 0.000127679 0 0.990313 339.134 324.727 14.407 0 -31.0252 -35.1546 64 16133.9 351.811 247 5.28474e-05
15900 0.0202416 0.0193678 0.000873815 0 0.956831 341.121 326.663 14.4579 0 -31.0448 -34.3907 64 16261.9 353.204 249 7.77823e-05
16000 0.0174392 0.0171151 0.000324091 0 0.981416 342.884 328.375 14.5087 0 -31.0674 -35.4475 64 16389.9 354.591 251 6.81878e-05
16100 0.0182668 0.0178111 0.000455735 0 0.975051 344.716 330.156 14.5596 0 -31.0873 -34.811 64 16453.9 355.283 252 7.06789e-05
16200 0.02485 0.0235459 0.00130402 0 0.947524 347.161 332.511 14.65 0 -31.0853 -30.8031 64 16581.9 356.662 254 9.27005e-05
16300 0.0298782 0.0281141 0.00176413 0 0.940956 350.131 335.322 14.8088 0 -31.0707 -29.3611 64 16645.9 357.35 255 0.000110251
16400 0.0247187 0.0234778 0.00124092 0 0.949799 352.632 337.67 14.9625 0 -31.0657 -30.3776 64 16773.9 358.721 257 9.13534e-05
16500 0.0313991 0.0295091 0.00188997 0 0.939808 355.743 340.621 15.1218 0 -31.0462 -28.834 64 16837.9 359.405 258 0.000114377
16600 0.033921 0.032172 0.00174899 0 0.948439 359.113 343.838 15.2754 0 -31.0426 -30.6593 64 16965.9 360.768 260 0.000123739
16700 0.0284722 0.0274066 0.00106556 0 0.962576 361.993 346.579 15.4147 0 -31.0516 -32.1742 64 17029.9 361.448 261 0.000105006
16800 0.0226884 0.0218727 0.000815723 0 0.964047 364.283 348.766 15.517 0 -31.0604 -32.4526 64 17157.9 362.804 263 8.31661e-05
16900 0.0201168 0.0195697 0.000547037 0 0.972807 366.321 350.723 15.5979 0 -31.0732 -33.3527 64 17285.9 364.155 265 7.3848e-05
17000 0.0169359 0.0167639 0.000172063 0 0.98984 368.035 352.399 15.6358 0 -31.0882 -34.3011 64 17349.9 364.828 266 6.3022e-05
17100 0.0190819 0.0183418 0.000740098 0 0.961215 369.897 354.233 15.6639 0 -31.0968 -32.8056 64 17477.9 366.171 268 6.84395e-05
17200 0.0185764 0.0180873 0.000489132 0 0.973669 371.758 356.042 15.7154 0 -31.1049 -32.7087 64 17541.9 366.841 269 6.72389e-05
17300 0.0170677 0.0167151 0.000352575 0 0.979343 373.473 357.714 15.7596 0 -31.1165 -33.6166 64 17669.9 368.177 271 6.16795e-05
17400 0.0164445 0.0157471 0.000697383 0 0.957592 375.121 359.288 15.8327 0 -31.128 -33.7439 64 17733.9 368.843 272 5.78936e-05
17500 0.0168324 0.0163979 0.000434531 0 0.974185 376.832 360.928 15.9037 0 -31.144 -34.6573 64 17861.9 370.172 274 5.98462e-05
17600 0.0143915 0.0141095 0.000281997 0 0.980405 378.281 362.339 15.9414 0 -31.1568 -34.4741 64 17989.9 371.496 276 5.11214e-05
17700 0.0160876 0.0157838 0.000303743 0 0.981119 379.9 363.918 15.9825 0 -31.1644 -32.9512 64 18053.9 372.156 277 5.69813e-05
17800 0.0205839 0.019767 0.000816881 0 0.960315 381.932 365.894 16.0376 0 -31.1664 -31.536 64 18181.9 373.473 279 7.08496e-05
17900 0.0177504 0.0175701 0.000180335 0 0.989841 383.737 367.651 16.0855 0 -31.1797 -33.9979 64 18245.9 374.13 280 6.27504e-05
18000 0.0207944 0.0198467 0.00094768 0 0.954426 385.759 369.636 16.1234 0 -31.1773 -30.7281 64 18373.9 375.44 282 7.03785e-05
18100 0.0212756 0.0206551 0.000620513 0 0.970834 387.904 371.701 16.2022 0 -31.1772 -31.1506 64 18437.9 376.093 283 7.29861e-05
18200 0.0192713 0.0185023 0.000769011 0 0.960095 389.835 373.552 16.2838 0 -31.1824 -32.2292 64 18565.9 377.396 285 6.49202e-05
18300 0.0169903 0.0163852 0.000605037 0 0.964389 391.538 375.19 16.3476 0 -31.1879 -32.4406 64 18629.9 378.046 286 5.72911e-05
18400 0.0244018 0.0231187 0.00128314 0 0.947416 393.96 377.502 16.4583 0 -31.1861 -30.9024 64 18757.9 379.343 288 8.02732e-05
18500 0.021797 0.0206672 0.00112975 0 0.948169 396.14 379.569 16.5714 0 -31.1872 -31.3847 64 18885.9 380.635 290 7.12662e-05
18600 0.0175344 0.0167918 0.000742516 0 0.957654 397.904 381.248 16.6556 0 -31.1932 -32.5325 64 18949.9 381.279 291 5.77039e-05
18700 0.0248523 0.0220722 0.00278016 0 0.888133 400.219 383.455 16.7634 0 -31.1842 -29.6385 64 19077.9 382.565 293 7.53317e-05
18800 0.0255379 0.0241895 0.00134846 0 0.947198 402.787 385.874 16.9126 0 -31.1788 -30.3474 64 19141.9 383.206 294 8.22771e-05
18900 0.0196338 0.0186639 0.000969974 0 0.950597 404.76 387.741 17.019 0 -31.1823 -31.8855 64 19269.9 384.485 296 6.30536e-05
19000 0.0208004 0.0196785 0.00112198 0 0.94606 406.844 389.708 17.1357 0 -31.1829 -31.3016 64 19333.9 385.123 297 6.62575e-05
19100 0.0223174 0.0213443 0.00097311 0 0.956397 409.094 391.843 17.2514 0 -31.1856 -31.6732 64 19461.9 386.396 299 7.13857e-05
19200 0.0202779 0.0197142 0.000563667 0 0.972203 411.138 393.814 17.3236 0 -31.1882 -31.7087 64 19589.9 387.664 301 6.54956e-05
19300 0.0186757 0.0178087 0.000867032 0 0.953574 412.992 395.595 17.3973 0 -31.1938 -32.4438 64 19653.9 388.297 302 5.89692e-05
19400 0.0180513 0.017428 0.000623298 0 0.965471 414.813 397.338 17.4753 0 -31.1973 -31.9923 64 19781.9 389.56 304 5.73289e-05
19500 0.0249396 0.0238083 0.0011313 0 0.954638 417.282 399.719 17.5634 0 -31.1915 -30.2034 64 19845.9 390.189 305 7.806e-05
19600 0.0233495 0.0219807 0.00136883 0 0.941377 419.595 401.917 17.6787 0 -31.187 -30.3745 64 19973.9 391.445 307 7.15983e-05
19700 0.0197477 0.0187543 0.000993397 0 0.949695 421.591 403.792 17.7983 0 -31.1874 -31.2876 64 20037.9 392.072 308 6.08905e-05
19800 0.0206047 0.0197707 0.000834064 0 0.959521 423.679 405.769 17.9095 0 -31.1955 -32.8208 64 20165.9 393.322 310 6.37763e-05
19900 0.0175608 0.0171403 0.000420485 0 0.976055 425.459 407.483 17.9758 0 -31.202 -32.7587 64 20229.9 393.946 311 5.51136e-05
20000 0.0154581 0.0150961 0.000361928 0 0.976586 427.008 408.993 18.0151 0 -31.2106 -33.5668 64 20357.9 395.19 313 4.82304e-05
