100 0.123357 0.111212 0.0121452 0 0.901544 11.8344 11.1212 0.713188 0 -26.7442 -26.7442 2 427.882 57.293 51 0.00218062
200 0.225282 0.206584 0.0186982 0 0.917001 34.1037 31.7795 2.32418 0 -26.6747 -26.6378 2 527.882 63.6368 101 0.00204538
300 0.251362 0.233449 0.0179126 0 0.928738 59.2064 55.1244 4.08201 0 -26.8023 -26.9757 2 627.882 69.4031 151 0.00154602
400 0.294799 0.276165 0.0186337 0 0.936792 88.7791 82.7409 6.03817 0 -26.963 -27.2847 2 727.882 74.7258 201 0.00137396
500 0.292031 0.27298 0.0190501 0 0.934767 117.976 110.039 7.93716 0 -27.1185 -27.5915 2 827.882 79.6937 251 0.00108757
600 0.364968 0.341984 0.0229847 0 0.937023 154.281 144.237 10.0438 0 -27.0534 -26.8417 2 927.882 84.3697 301 0.00113616
700 0.420642 0.395381 0.0252609 0 0.939947 196.262 183.775 12.4866 0 -27.0347 -26.9658 2 1027.88 88.7997 351 0.00112644
800 0.467351 0.441494 0.0258568 0 0.944674 243.185 227.925 15.2604 0 -27.1104 -27.4271 2 1127.88 93.019 401 0.00110098
900 0.47569 0.450469 0.0252212 0 0.94698 291.001 272.972 18.0297 0 -27.2724 -28.0967 2 1227.88 97.0551 451 0.000998822
1000 0.467296 0.439534 0.0277623 0 0.94059 337.636 316.925 20.7106 0 -27.3953 -28.1617 2 1327.88 100.93 501 0.000877313
1100 0.50634 0.480569 0.0257703 0 0.949105 388.516 364.982 23.5335 0 -27.5026 -28.2152 2 1427.88 104.661 551 0.000872177
1200 0.537598 0.506734 0.0308634 0 0.94259 442.001 415.655 26.3452 0 -27.5473 -27.8715 2 1527.88 108.264 601 0.000843152
1300 0.579925 0.549035 0.03089 0 0.946735 500.023 470.559 29.4644 0 -27.6076 -28.067 2 1627.88 111.751 651 0.000843371
1400 0.544826 0.516929 0.0278971 0 0.948796 554.727 522.252 32.4752 0 -27.7039 -28.5839 2 1727.88 115.132 701 0.000737417
1500 0.530856 0.500766 0.0300907 0 0.943317 607.672 572.328 35.3435 0 -27.7977 -28.7809 2 1827.88 118.417 751 0.000666798
1600 0.52817 0.50109 0.0270792 0 0.94873 660.667 622.437 38.2296 0 -27.8936 -28.993 2 1927.88 121.613 801 0.000625581
1700 0.531502 0.505438 0.0260632 0 0.950963 713.807 672.981 40.8255 0 -27.9978 -29.2931 2 2027.88 124.727 851 0.000593935
1800 0.631805 0.599963 0.031842 0 0.949601 776.857 732.978 43.8797 0 -28.0441 -28.5688 2 2127.88 127.766 901 0.000665886
1900 0.609496 0.579137 0.0303585 0 0.950191 837.939 790.891 47.0472 0 -28.1277 -29.1908 2 2227.88 130.733 951 0.000608977
2000 0.57774 0.549254 0.0284865 0 0.950693 895.991 845.817 50.1746 0 -28.197 -29.1979 2 2327.88 133.635 1001 0.000548705
2100 0.558717 0.530245 0.0284719 0 0.949041 951.871 898.841 53.0302 0 -28.2604 -29.277 2 2427.88 136.475 1051 0.000504515
2200 0.626966 0.597692 0.0292738 0 0.953309 1014.76 958.61 56.1541 0 -28.3346 -29.4569 2 2527.88 139.257 1101 0.000542863
2300 0.624432 0.59392 0.0305117 0 0.951137 1077.21 1018 59.2095 0 -28.4051 -29.5515 2 2627.88 141.985 1151 0.000516004
2400 0.682179 0.645307 0.0368726 0 0.945949 1145.27 1082.53 62.7349 0 -28.4703 -29.5019 2 2727.88 144.661 1201 0.000537308
2500 0.656717 0.624045 0.0326717 0 0.95025 1211.02 1144.94 66.0821 0 -28.5274 -29.5224 2 2827.88 147.289 1251 0.000498837
2600 0.641548 0.611136 0.0304122 0 0.952596 1275.12 1206.05 69.0677 0 -28.598 -29.9305 2 2927.88 149.871 1301 0.000469743
2700 0.608463 0.581988 0.0264749 0 0.956489 1336.22 1264.25 71.9729 0 -28.6711 -30.1977 2 3027.88 152.409 1351 0.000430783
2800 0.618489 0.590404 0.0280846 0 0.954592 1397.97 1323.29 74.6846 0 -28.7222 -29.8267 2 3127.88 154.905 1401 0.000421416
2900 0.644121 0.617917 0.0262049 0 0.959317 1462.66 1385.08 77.5757 0 -28.7815 -30.0631 2 3227.88 157.362 1451 0.000425856
3000 0.640878 0.612505 0.0283731 0 0.955728 1526.84 1446.33 80.5077 0 -28.8206 -29.7117 2 3327.88 159.781 1501 0.000408065
3100 0.635298 0.607242 0.0280559 0 0.955838 1590.42 1507.06 83.3635 0 -28.87 -30.0566 2 3427.88 162.163 1551 0.000391517
3200 0.658786 0.629466 0.0293203 0 0.955493 1656.41 1570 86.4044 0 -28.9027 -29.6909 2 3527.88 164.512 1601 0.000393171
3300 0.677376 0.648246 0.0291306 0 0.956995 1724.38 1634.83 89.55 0 -28.9375 -29.7866 2 3627.88 166.827 1651 0.000392638
3400 0.644852 0.616077 0.0287757 0 0.955376 1788.77 1696.44 92.3333 0 -28.9678 -29.7774 2 3727.88 169.111 1701 0.000362185
3500 0.645506 0.618587 0.0269194 0 0.958297 1853.46 1758.29 95.1642 0 -29.0149 -30.3183 2 3827.88 171.364 1751 0.000353276
3600 0.616575 0.591197 0.0253773 0 0.958842 1915.15 1817.41 97.7392 0 -29.0597 -30.4062 2 3927.88 173.588 1801 0.000328261
3700 0.639802 0.615219 0.0245838 0 0.961576 1979.31 1878.94 100.374 0 -29.098 -30.2403 2 4027.88 175.784 1851 0.000332371
3800 0.623136 0.596597 0.0265389 0 0.957411 2041.52 1938.6 102.92 0 -29.1432 -30.5831 2 4127.88 177.952 1901 0.000313833
3900 0.650603 0.624773 0.0258306 0 0.960298 2106.65 2001.07 105.579 0 -29.1716 -30.0606 2 4227.88 180.095 1951 0.000320232
4000 0.626785 0.601091 0.0256936 0 0.959007 2169.37 2061.18 108.186 0 -29.1955 -29.9971 2 4327.88 182.212 2001 0.000300395
4100 0.621544 0.595858 0.0256863 0 0.958673 2231.49 2120.77 110.721 0 -29.2177 -29.9937 2 4427.88 184.305 2051 0.000290521
4200 0.654055 0.627239 0.0268157 0 0.959001 2297.02 2183.49 113.524 0 -29.2344 -29.8032 2 4527.88 186.375 2101 0.000298543
4300 0.640986 0.613503 0.0274835 0 0.957123 2361.16 2244.84 116.314 0 -29.266 -30.3976 2 4627.88 188.422 2151 0.000285217
4400 0.693939 0.662004 0.0319357 0 0.953979 2430.23 2311.04 119.191 0 -29.292 -30.1804 2 4727.88 190.447 2201 0.000300774
4500 0.703771 0.672628 0.0311429 0 0.955748 2500.52 2378.31 122.21 0 -29.3241 -30.4349 2 4827.88 192.45 2251 0.000298813
4600 0.702991 0.671688 0.0313034 0 0.955471 2570.79 2445.47 125.319 0 -29.335 -29.7237 2 4927.88 194.433 2301 0.000291911
4700 0.707228 0.674814 0.0324141 0 0.954167 2641.69 2512.96 128.736 0 -29.3432 -29.6376 2 5027.88 196.396 2351 0.000287033
4800 0.683415 0.650138 0.0332767 0 0.951308 2709.89 2577.97 131.922 0 -29.3615 -30.071 2 5127.88 198.339 2401 0.000270778
4900 0.763219 0.732092 0.0311272 0 0.959216 2786.52 2651.18 135.341 0 -29.3777 -29.9524 2 5227.88 200.264 2451 0.000298691
5000 0.688034 0.660576 0.0274584 0 0.960092 2855.61 2717.24 138.372 0 -29.4025 -30.4038 2 5327.88 202.17 2501 0.000264125
5100 0.660017 0.634962 0.0250548 0 0.962039 2921.89 2780.73 141.155 0 -29.4335 -30.7681 2 5427.88 204.059 2551 0.000248907
5200 0.625367 0.601195 0.0241721 0 0.961347 2984.65 2840.85 143.796 0 -29.462 -30.7873 2 5527.88 205.93 2601 0.00023114
5300 0.693177 0.666397 0.0267803 0 0.961366 3054.02 2907.49 146.528 0 -29.4743 -30.0018 2 5627.88 207.784 2651 0.000251376
5400 0.678859 0.650573 0.0282862 0 0.958333 3121.86 2972.55 149.316 0 -29.4938 -30.3739 2 5727.88 209.622 2701 0.000240864
5500 0.728488 0.699964 0.0285242 0 0.960845 3194.87 3042.54 152.328 0 -29.5087 -30.1436 2 5827.88 211.444 2751 0.00025444
5600 0.693976 0.664776 0.0292 0 0.957924 3264.27 3109.02 155.244 0 -29.5221 -30.1424 2 5927.88 213.25 2801 0.000237335
5700 0.68723 0.659858 0.0273723 0 0.96017 3333.12 3175.01 158.114 0 -29.5358 -30.1843 2 6027.88 215.042 2851 0.000231448
5800 0.732295 0.701273 0.0310221 0 0.957637 3406.3 3245.14 161.168 0 -29.5516 -30.2704 2 6127.88 216.818 2901 0.000241735
5900 0.723748 0.691434 0.0323139 0 0.955352 3478.64 3314.28 164.359 0 -29.5621 -30.0556 2 6227.88 218.58 2951 0.000234305
6000 0.721616 0.690121 0.0314956 0 0.956354 3550.86 3383.29 167.569 0 -29.5725 -30.0727 2 6327.88 220.328 3001 0.000229964
6100 0.726292 0.697415 0.0288769 0 0.960241 3623.61 3453.03 170.581 0 -29.5834 -30.1181 2 6427.88 222.062 3051 0.000228586
6200 0.752647 0.720859 0.0317881 0 0.957765 3698.72 3525.12 173.599 0 -29.5979 -30.2959 2 6527.88 223.783 3101 0.00023246
6300 0.759946 0.727264 0.0326823 0 0.956994 3774.4 3597.84 176.56 0 -29.6058 -29.9927 2 6627.88 225.49 3151 0.000230804
6400 0.732486 0.705844 0.0266427 0 0.963627 3848.03 3668.43 179.599 0 -29.6164 -30.1608 2 6727.88 227.185 3201 0.000220507
6500 0.700531 0.675063 0.025468 0 0.963645 3918.25 3735.94 182.314 0 -29.6341 -30.6007 2 6827.88 228.867 3251 0.000207648
6600 0.703204 0.676057 0.027147 0 0.961395 3988.5 3803.54 184.962 0 -29.6488 -30.4706 2 6927.88 230.537 3301 0.000204804
6700 0.732313 0.702915 0.0293979 0 0.959856 4061.68 3873.83 187.844 0 -29.6633 -30.4545 2 7027.88 232.195 3351 0.000209763
6800 0.757606 0.728224 0.0293826 0 0.961217 4137.63 3946.65 190.976 0 -29.6771 -30.4162 2 7127.88 233.841 3401 0.00021412
6900 0.742368 0.713463 0.0289049 0 0.961064 4212.02 4018 194.015 0 -29.6946 -30.6645 2 7227.88 235.475 3451 0.000206741
7000 0.748703 0.719424 0.02928 0 0.960892 4287.05 4089.94 197.109 0 -29.705 -30.2902 2 7327.88 237.099 3501 0.000205491
7100 0.755385 0.722019 0.033366 0 0.955829 4362.42 4162.15 200.271 0 -29.7152 -30.2956 2 7427.88 238.711 3551 0.000203328
7200 0.740819 0.711718 0.0291017 0 0.960717 4436.7 4233.32 203.382 0 -29.7294 -30.5647 2 7527.88 240.313 3601 0.000197644
7300 0.779312 0.751539 0.0277731 0 0.964362 4514.89 4308.47 206.419 0 -29.7456 -30.6645 2 7627.88 241.903 3651 0.000205845
7400 0.753299 0.722439 0.0308599 0 0.959034 4590.03 4380.72 209.313 0 -29.7632 -30.8181 2 7727.88 243.484 3701 0.000195201
7500 0.74037 0.710808 0.0295616 0 0.960072 4664.02 4451.8 212.228 0 -29.7817 -30.9307 2 7827.88 245.054 3751 0.000189498
7600 0.766347 0.738276 0.0280715 0 0.96337 4740.92 4525.62 215.299 0 -29.8005 -30.9389 2 7927.88 246.615 3801 0.000194232
7700 0.73448 0.706191 0.0282888 0 0.961485 4814.49 4596.24 218.251 0 -29.8213 -31.1657 2 8027.88 248.165 3851 0.000183379
7800 0.791683 0.760907 0.0307753 0 0.961127 4893.61 4672.33 221.272 0 -29.8303 -30.3765 2 8127.88 249.706 3901 0.000195054
7900 0.747767 0.72115 0.0266169 0 0.964405 4968.56 4744.45 224.114 0 -29.8448 -30.7903 2 8227.88 251.237 3951 0.000182523
8000 0.761734 0.732741 0.028993 0 0.961938 5044.53 4817.72 226.805 0 -29.8555 -30.5551 2 8327.88 252.759 4001 0.00018314
8100 0.781836 0.752687 0.0291492 0 0.962717 5122.78 4892.99 229.789 0 -29.8702 -30.8176 2 8427.88 254.272 4051 0.000185803
8200 0.777083 0.749331 0.0277518 0 0.964287 5200.78 4967.92 232.858 0 -29.8811 -30.5975 2 8527.88 255.777 4101 0.000182719
8300 0.722692 0.695789 0.0269026 0 0.962775 5273.14 5037.5 235.634 0 -29.8967 -31.0159 2 8627.88 257.272 4151 0.00016762
8400 0.740145 0.711202 0.0289436 0 0.960895 5347.17 5108.62 238.544 0 -29.9126 -31.0473 2 8727.88 258.758 4201 0.000169293
8500 0.7789 0.74554 0.0333607 0 0.95717 5424.63 5183.18 241.448 0 -29.9211 -30.5116 2 8827.88 260.237 4251 0.00017538
8600 0.77386 0.744287 0.0295727 0 0.961785 5502.16 5257.61 244.552 0 -29.9311 -30.6285 2 8927.88 261.706 4301 0.00017305
8700 0.795877 0.767012 0.0288649 0 0.963732 5581.99 5334.31 247.682 0 -29.9386 -30.4539 2 9027.88 263.168 4351 0.000176284
8800 0.812218 0.782697 0.0295207 0 0.963654 5663.36 5412.58 250.787 0 -29.9483 -30.6159 2 9127.88 264.621 4401 0.000177845
8900 0.822344 0.788613 0.0337315 0 0.958981 5745.47 5491.44 254.028 0 -29.9607 -30.8169 2 9227.88 266.067 4451 0.000177177
9000 0.813277 0.777636 0.0356413 0 0.956176 5826.47 5569.2 257.27 0 -29.9713 -30.7223 2 9327.88 267.505 4501 0.00017277
9100 0.768205 0.73976 0.028445 0 0.962972 5903.53 5643.18 260.353 0 -29.9899 -31.3943 2 9427.88 268.935 4551 0.000162549
9200 0.798008 0.767054 0.0309538 0 0.961211 5983.56 5719.88 263.673 0 -30.0008 -30.8025 2 9527.88 270.357 4601 0.000166715
9300 0.746891 0.719498 0.0273927 0 0.963324 6058.4 5791.83 266.568 0 -30.0165 -31.2751 2 9627.88 271.772 4651 0.000154698
9400 0.81313 0.77698 0.0361502 0 0.955542 6139.36 5869.53 269.824 0 -30.0273 -30.8332 2 9727.88 273.18 4701 0.00016528
9500 0.801498 0.767339 0.0341586 0 0.957382 6219.72 5946.27 273.456 0 -30.0429 -31.2397 2 9827.88 274.581 4751 0.000161511
9600 0.780547 0.751186 0.0293604 0 0.962385 6298.2 6021.38 276.821 0 -30.0583 -31.2738 2 9927.88 275.974 4801 0.000156465
9700 0.7438 0.716904 0.0268953 0 0.963841 6372.73 6093.07 279.652 0 -30.0717 -31.2075 2 10027.9 277.361 4851 0.000147785
9800 0.75252 0.727048 0.0254713 0 0.966152 6448.1 6165.78 282.321 0 -30.0865 -31.3359 2 10127.9 278.74 4901 0.000148347
9900 0.83453 0.801548 0.0329823 0 0.960478 6531.39 6245.93 285.456 0 -30.0943 -30.7011 2 10227.9 280.113 4951 0.000161896
10000 0.784434 0.752874 0.0315602 0 0.959767 6609.81 6321.22 288.587 0 -30.1072 -31.1781 2 10327.9 281.479 5001 0.000150545
10100 0.758947 0.73089 0.028057 0 0.963032 6685.89 6394.31 291.583 0 -30.12 -31.2351 2 10427.9 282.838 5051 0.000144702
10200 0.756941 0.729219 0.0277218 0 0.963377 6761.63 6467.23 294.402 0 -30.1314 -31.1367 2 10527.9 284.191 5101 0.000142956
10300 0.758965 0.730656 0.0283085 0 0.962701 6837.58 6540.3 297.28 0 -30.1444 -31.3029 2 10627.9 285.538 5151 0.000141847
10400 0.777755 0.749094 0.028661 0 0.963149 6915.47 6615.21 300.265 0 -30.1562 -31.1865 2 10727.9 286.878 5201 0.000144029
10500 0.829446 0.796689 0.0327565 0 0.960508 6998.45 6694.88 303.577 0 -30.1684 -31.1859 2 10827.9 288.212 5251 0.000151721
10600 0.8114 0.778992 0.0324081 0 0.960059 7079.78 6772.78 307.002 0 -30.1802 -31.1993 2 10927.9 289.54 5301 0.000146952
10700 0.846523 0.813108 0.0334156 0 0.960526 7164.57 6854.09 310.488 0 -30.1894 -30.9547 2 11027.9 290.861 5351 0.000151954
10800 0.875031 0.842874 0.0321565 0 0.963251 7252.31 6938.37 313.933 0 -30.1979 -30.8967 2 11127.9 292.177 5401 0.000156059
10900 0.853915 0.82315 0.0307653 0 0.963971 7337.99 7020.69 317.299 0 -30.2052 -30.8161 2 11227.9 293.487 5451 0.000151009
11000 0.81322 0.782451 0.0307694 0 0.962163 7419.48 7098.93 320.55 0 -30.2143 -31.0372 2 11327.9 294.791 5501 0.000142238
11100 0.831733 0.799552 0.0321807 0 0.961309 7502.65 7178.89 323.758 0 -30.2226 -30.9663 2 11427.9 296.089 5551 0.000144038
11200 0.788102 0.758264 0.0298381 0 0.962139 7581.41 7254.72 326.697 0 -30.2327 -31.1913 2 11527.9 297.382 5601 0.00013538
11300 0.790591 0.761925 0.0286658 0 0.963741 7660.43 7330.91 329.523 0 -30.245 -31.4272 2 11627.9 298.669 5651 0.00013483
11400 0.824533 0.794244 0.0302886 0 0.963266 7742.87 7410.33 332.542 0 -30.2547 -31.1556 2 11727.9 299.951 5701 0.000139317
11500 0.835061 0.804264 0.0307977 0 0.963119 7826.4 7490.76 335.637 0 -30.2665 -31.3555 2 11827.9 301.227 5751 0.000139848
11600 0.858364 0.822541 0.0358235 0 0.958265 7911.92 7573.01 338.906 0 -30.2764 -31.182 2 11927.9 302.497 5801 0.000141793
11700 0.864481 0.831439 0.0330415 0 0.961779 7998.55 7656.16 342.392 0 -30.2844 -31.0204 2 12027.9 303.763 5851 0.000142102
11800 0.8203 0.792516 0.0277846 0 0.966129 8080.87 7735.41 345.46 0 -30.2951 -31.3382 2 12127.9 305.023 5901 0.000134302
11900 0.869527 0.835659 0.0338685 0 0.961049 8167.5 7818.97 348.524 0 -30.3014 -30.8844 2 12227.9 306.278 5951 0.000140423
12000 0.826428 0.798038 0.0283904 0 0.965647 8250.33 7898.78 351.556 0 -30.3094 -31.0961 2 12327.9 307.528 6001 0.000132984
12100 0.81465 0.785764 0.0288864 0 0.964541 8331.87 7977.35 354.52 0 -30.3169 -31.0774 2 12427.9 308.773 6051 0.000129857
12200 0.853912 0.820507 0.0334048 0 0.96088 8416.99 8059.4 357.586 0 -30.3202 -30.6479 2 12527.9 310.012 6101 0.000134487
12300 0.807808 0.780377 0.0274316 0 0.966042 8498.05 8137.44 360.611 0 -30.3253 -30.8495 2 12627.9 311.247 6151 0.00012687
12400 0.773415 0.748651 0.0247646 0 0.96798 8575.52 8212.31 363.209 0 -30.3357 -31.4748 2 12727.9 312.477 6201 0.000120731
12500 0.777337 0.751794 0.0255426 0 0.967141 8653.08 8287.49 365.59 0 -30.3464 -31.5292 2 12827.9 313.702 6251 0.000120268
12600 0.852743 0.825408 0.0273348 0 0.967945 8738.34 8370.03 368.311 0 -30.3558 -31.3117 2 12927.9 314.923 6301 0.000130996
12700 0.795612 0.769644 0.0259687 0 0.96736 8817.85 8446.99 370.859 0 -30.3659 -31.4798 2 13027.9 316.138 6351 0.000121185
12800 0.80958 0.784641 0.0249385 0 0.969196 8898.93 8525.46 373.473 0 -30.3764 -31.5206 2 13127.9 317.349 6401 0.000122581
12900 0.777306 0.749251 0.0280546 0 0.963908 8976.4 8600.38 376.021 0 -30.3859 -31.4688 2 13227.9 318.556 6451 0.000116145
13000 0.835254 0.808522 0.0267317 0 0.967996 9060.17 8681.23 378.938 0 -30.3953 -31.4007 2 13327.9 319.757 6501 0.000124369
13100 0.805737 0.777181 0.0285561 0 0.964559 9140.65 8758.95 381.698 0 -30.4051 -31.5098 2 13427.9 320.955 6551 0.000118635
13200 0.833668 0.805628 0.0280396 0 0.966366 9224.2 8839.51 384.688 0 -30.4125 -31.2248 2 13527.9 322.148 6601 0.000122046
13300 0.823048 0.790227 0.0328202 0 0.960124 9306.23 8918.54 387.695 0 -30.4174 -30.9653 2 13627.9 323.336 6651 0.000118813
13400 0.828455 0.799833 0.0286218 0 0.965452 9389.35 8998.52 390.832 0 -30.4267 -31.4767 2 13727.9 324.52 6701 0.00011936
13500 0.78891 0.760178 0.0287317 0 0.96358 9468.09 9074.54 393.556 0 -30.4356 -31.4929 2 13827.9 325.7 6751 0.000112602
13600 0.808549 0.779699 0.0288499 0 0.964319 9548.85 9152.51 396.344 0 -30.4446 -31.4937 2 13927.9 326.876 6801 0.000114645
13700 0.820832 0.787595 0.0332373 0 0.959508 9630.53 9231.27 399.264 0 -30.4542 -31.5833 2 14027.9 328.047 6851 0.000114961
13800 0.903654 0.873591 0.0300628 0 0.966732 9721.17 9318.63 402.54 0 -30.4677 -31.9035 2 14127.9 329.214 6901 0.000126589
13900 0.863855 0.835243 0.0286116 0 0.966879 9807.86 9402.15 405.712 0 -30.4793 -31.777 2 14227.9 330.377 6951 0.000120162
14000 0.855658 0.82281 0.0328478 0 0.961611 9893.31 9484.43 408.882 0 -30.4908 -31.81 2 14327.9 331.536 7001 0.000117528
14100 0.851763 0.824073 0.0276905 0 0.96749 9978.85 9566.84 412.007 0 -30.5026 -31.8687 2 14427.9 332.691 7051 0.000116873
14200 0.801218 0.774526 0.0266921 0 0.966686 10059 9644.29 414.756 0 -30.5126 -31.7535 2 14527.9 333.842 7101 0.000109073
14300 0.810399 0.782774 0.0276245 0 0.965912 10140.1 9722.57 417.51 0 -30.5203 -31.4755 2 14627.9 334.989 7151 0.000109464
14400 0.826378 0.798445 0.0279331 0 0.966198 10222.6 9802.41 420.211 0 -30.5299 -31.7183 2 14727.9 336.132 7201 0.00011088
14500 0.873971 0.848074 0.0258964 0 0.970369 10310.1 9887.22 422.915 0 -30.5374 -31.4044 2 14827.9 337.271 7251 0.00011696
14600 0.927235 0.896049 0.0311862 0 0.966366 10402.8 9976.83 425.997 0 -30.5439 -31.2738 2 14927.9 338.407 7301 0.00012273
14700 0.91586 0.881883 0.0339768 0 0.962902 10494.3 10065 429.297 0 -30.5486 -31.079 2 15027.9 339.538 7351 0.000119968
14800 0.931033 0.895636 0.0353978 0 0.96198 10587.5 10154.6 432.882 0 -30.5506 -30.7715 2 15127.9 340.666 7401 0.000121015
14900 0.934049 0.901011 0.033038 0 0.964629 10681.1 10244.7 436.43 0 -30.5559 -31.1641 2 15227.9 341.79 7451 0.000120925
15000 0.851743 0.821104 0.0306396 0 0.964027 10766.3 10326.8 439.535 0 -30.5623 -31.3591 2 15327.9 342.911 7501 0.000109466
15100 0.90112 0.870743 0.0303772 0 0.96629 10856.8 10413.9 442.914 0 -30.5674 -31.1795 2 15427.9 344.028 7551 0.000115315
15200 0.886408 0.858447 0.0279614 0 0.968455 10945.7 10499.7 445.978 0 -30.5748 -31.479 2 15527.9 345.141 7601 0.000112939
15300 0.894112 0.863377 0.0307351 0 0.965625 11035 10586 448.929 0 -30.5803 -31.2539 2 15627.9 346.25 7651 0.000112845
15400 0.846837 0.818151 0.0286852 0 0.966127 11119.8 10667.9 451.897 0 -30.5862 -31.351 2 15727.9 347.356 7701 0.00010624
15500 0.851016 0.822756 0.0282599 0 0.966793 11204.8 10750.1 454.671 0 -30.5921 -31.3621 2 15827.9 348.459 7751 0.000106148
15600 0.901221 0.86816 0.0330607 0 0.963316 11294.7 10837 457.713 0 -30.5961 -31.1004 2 15927.9 349.558 7801 0.000111288
15700 0.907639 0.875003 0.0326362 0 0.964043 11385.4 10924.5 460.977 0 -30.6016 -31.2826 2 16027.9 350.653 7851 0.000111451
15800 0.891857 0.859673 0.0321836 0 0.963914 11474.7 11010.4 464.296 0 -30.6076 -31.3672 2 16127.9 351.746 7901 0.000108806
15900 0.842025 0.81346 0.028566 0 0.966075 11559 11091.8 467.2 0 -30.6144 -31.5463 2 16227.9 352.834 7951 0.000102309
16000 0.86942 0.838881 0.0305385 0 0.964875 11645.9 11175.7 470.22 0 -30.6187 -31.1865 2 16327.9 353.92 8001 0.000104847
16100 0.964597 0.929393 0.035204 0 0.963504 11742.3 11268.6 473.729 0 -30.6231 -31.1502 2 16427.9 355.002 8051 0.000115438
16200 0.892276 0.863433 0.0288424 0 0.967675 11831.7 11354.9 476.805 0 -30.6314 -31.722 2 16527.9 356.081 8101 0.000106584
16300 0.938884 0.905272 0.0336126 0 0.964199 11925.3 11445.5 479.845 0 -30.6382 -31.5041 2 16627.9 357.156 8151 0.000111063
16400 0.907942 0.874891 0.0330512 0 0.963598 12015.9 11533 482.943 0 -30.6467 -31.7655 2 16727.9 358.229 8201 0.000106681
16500 0.925586 0.893896 0.0316897 0 0.965763 12108.5 11622.3 486.115 0 -30.6548 -31.7089 2 16827.9 359.298 8251 0.000108338
16600 0.875556 0.847799 0.0277575 0 0.968297 12196.3 11707.1 489.163 0 -30.6635 -31.8644 2 16927.9 360.364 8301 0.000102132
16700 0.836455 0.808779 0.0276759 0 0.966913 12279.9 11788 491.851 0 -30.6729 -32.0413 2 17027.9 361.427 8351 9.68481e-05
16800 0.899087 0.86775 0.031337 0 0.965146 12369.6 11874.8 494.8 0 -30.6809 -31.7757 2 17127.9 362.487 8401 0.000103291
16900 0.950421 0.913997 0.0364241 0 0.961676 12464.5 11966.2 498.327 0 -30.6844 -31.1337 2 17227.9 363.543 8451 0.000108153
17000 0.929036 0.895104 0.0339321 0 0.963476 12557.6 12055.7 501.877 0 -30.6927 -31.8067 2 17327.9 364.597 8501 0.000105294
17100 0.900578 0.869274 0.0313044 0 0.96524 12647.7 12142.6 505.07 0 -30.7002 -31.7428 2 17427.9 365.647 8551 0.000101658
17200 0.859422 0.828788 0.0306334 0 0.964356 12733.4 12225.5 507.93 0 -30.7092 -32.0419 2 17527.9 366.695 8601 9.63595e-05
17300 0.827028 0.801112 0.0259163 0 0.968663 12816.3 12305.6 510.731 0 -30.7193 -32.2729 2 17627.9 367.739 8651 9.26034e-05
17400 0.859246 0.827636 0.0316104 0 0.963212 12901.8 12388.4 513.42 0 -30.7277 -31.9849 2 17727.9 368.781 8701 9.51196e-05
17500 0.871709 0.842514 0.0291947 0 0.966509 12988.9 12472.6 516.314 0 -30.7353 -31.8561 2 17827.9 369.82 8751 9.62763e-05
17600 0.86261 0.834781 0.0278286 0 0.967739 13075.3 12556.1 519.158 0 -30.7437 -32.0163 2 17927.9 370.855 8801 9.48507e-05
17700 0.874803 0.849336 0.0254669 0 0.970888 13162.9 12641 521.888 0 -30.7507 -31.7982 2 18027.9 371.888 8851 9.59594e-05
17800 0.819416 0.796661 0.0227552 0 0.97223 13245.1 12720.7 524.419 0 -30.7592 -32.1182 2 18127.9 372.918 8901 8.95024e-05
17900 0.861677 0.834001 0.0276762 0 0.967881 13331.1 12804.1 526.993 0 -30.7644 -31.5607 2 18227.9 373.945 8951 9.3174e-05
18000 0.839971 0.812758 0.0272131 0 0.967602 13415 12885.4 529.671 0 -30.7716 -31.9209 2 18327.9 374.97 9001 9.02964e-05
18100 0.856402 0.828044 0.028358 0 0.966887 13500.6 12968.2 532.407 0 -30.7793 -31.9859 2 18427.9 375.991 9051 9.14865e-05
18200 0.852037 0.825066 0.0269707 0 0.968346 13585.8 13050.7 535.093 0 -30.7879 -32.1452 2 18527.9 377.01 9101 9.06567e-05
18300 0.883164 0.857618 0.0255461 0 0.971074 13674.4 13136.4 537.994 0 -30.7947 -31.839 2 18627.9 378.026 9151 9.37185e-05
18400 0.817857 0.790428 0.0274289 0 0.966463 13756.2 13215.5 540.71 0 -30.803 -32.1868 2 18727.9 379.039 9201 8.59067e-05
18500 0.818458 0.794837 0.023621 0 0.97114 13838.4 13295 543.428 0 -30.8107 -32.0988 2 18827.9 380.05 9251 8.5919e-05
18600 0.795634 0.768007 0.0276269 0 0.965277 13917.8 13371.8 546.016 0 -30.8177 -32.0468 2 18927.9 381.058 9301 8.25726e-05
18700 0.829687 0.799307 0.03038 0 0.963384 14000.5 13451.7 548.808 0 -30.8229 -31.691 2 19027.9 382.063 9351 8.54782e-05
18800 0.846631 0.817375 0.0292566 0 0.965444 14085.3 13533.4 551.861 0 -30.8276 -31.5977 2 19127.9 383.066 9401 8.69455e-05
18900 0.855057 0.825862 0.0291951 0 0.965856 14171 13616 554.951 0 -30.8345 -31.9789 2 19227.9 384.066 9451 8.73836e-05
19000 0.83538 0.809212 0.026168 0 0.968675 14254.8 13696.9 557.846 0 -30.8432 -32.3101 2 19327.9 385.063 9501 8.51712e-05
19100 0.847938 0.81797 0.0299677 0 0.964658 14339.4 13778.7 560.663 0 -30.8482 -31.6958 2 19427.9 386.058 9551 8.56424e-05
19200 0.905271 0.873561 0.0317097 0 0.964972 14430 13866.1 563.85 0 -30.8497 -31.0913 2 19527.9 387.051 9601 9.09865e-05
19300 0.914244 0.884039 0.0302057 0 0.966961 14521.5 13954.5 567.032 0 -30.8555 -31.7614 2 19627.9 388.04 9651 9.16007e-05
19400 0.863266 0.834365 0.0289003 0 0.966522 14607.9 14037.9 569.968 0 -30.8612 -31.8215 2 19727.9 389.027 9701 8.60082e-05
19500 0.833741 0.808986 0.024755 0 0.970309 14691.5 14118.8 572.628 0 -30.868 -32.0585 2 19827.9 390.012 9751 8.29645e-05
19600 0.79619 0.772753 0.0234372 0 0.970563 14771.3 14196.1 575.149 0 -30.8764 -32.4236 2 19927.9 390.994 9801 7.88443e-05
19700 0.846857 0.817158 0.0296988 0 0.964931 14855.5 14277.8 577.691 0 -30.8811 -31.7046 2 20027.9 391.974 9851 8.29518e-05
19800 0.884255 0.855026 0.0292292 0 0.966945 14943.9 14363.3 580.598 0 -30.8865 -31.7838 2 20127.9 392.952 9901 8.63575e-05
19900 0.894323 0.864436 0.0298864 0 0.966582 15033.3 14449.8 583.483 0 -30.8919 -31.8094 2 20227.9 393.927 9951 8.68693e-05
20000 0.890164 0.860439 0.0297244 0 0.966608 15122.2 14535.8 586.415 0 -30.8958 -31.5418 2 20327.9 394.899 10001 8.60353e-05
