100 0.0109443 0.00982885 0.00111544 0 0.89808 1.04251 0.982885 0.0596249 0 -28.0037 -28.0037 16 437.882 57.9587 7 0.00140412
200 0.0115957 0.0107781 0.000817639 0 0.929488 2.21516 2.0607 0.154466 0 -27.6569 -27.3485 16 533.882 63.9974 13 0.000829085
300 0.040555 0.0384044 0.00215061 0 0.946971 6.2597 5.90113 0.358571 0 -29.7188 -30.8482 16 629.882 69.5136 19 0.00202128
400 0.0554747 0.0525432 0.00293147 0 0.947157 11.8727 11.1555 0.717194 0 -28.4855 -27.11 16 741.882 75.441 26 0.00202089
500 0.0452213 0.0421605 0.00306082 0 0.932315 16.4072 15.3715 1.03568 0 -28.3957 -28.1608 16 837.882 80.1736 32 0.00131752
600 0.0409813 0.0383836 0.00259765 0 0.936614 20.5435 19.2099 1.33361 0 -28.3977 -28.4053 16 933.882 84.642 38 0.0010101
700 0.038103 0.0348969 0.0032061 0 0.915857 24.3083 22.6996 1.60871 0 -28.3565 -28.1317 16 1029.88 88.8861 44 0.000793112
800 0.0369007 0.0336454 0.00325537 0 0.91178 27.9726 26.0641 1.90853 0 -28.3695 -28.456 16 1141.88 93.5946 51 0.000659713
900 0.0339473 0.0318593 0.00208792 0 0.938495 31.4038 29.25 2.15374 0 -28.4612 -29.2083 16 1237.88 97.4495 57 0.000558936
1000 0.0353665 0.0334957 0.00187078 0 0.947103 34.9696 32.5996 2.37004 0 -28.5549 -29.3801 16 1333.88 101.158 63 0.000531678
1100 0.0355619 0.0338852 0.00167672 0 0.952851 38.5606 35.9881 2.5725 0 -28.6208 -29.2632 16 1429.88 104.735 69 0.00049109
1200 0.0374199 0.0350959 0.00232395 0 0.937895 42.3037 39.4977 2.80594 0 -28.6403 -28.8414 16 1541.88 108.759 76 0.000461788
1300 0.0717687 0.0684125 0.00335621 0 0.953236 49.4909 46.339 3.15194 0 -28.6072 -28.412 16 1637.88 112.094 82 0.000834299
1400 0.0671229 0.0641079 0.00301497 0 0.955083 56.2234 52.7498 3.47366 0 -28.5296 -27.9593 16 1733.88 115.332 88 0.000728499
1500 0.0662409 0.0637607 0.00248017 0 0.962558 62.8973 59.1258 3.77145 0 -28.3807 -27.1261 16 1829.88 118.482 94 0.000678305
1600 0.0578484 0.0550551 0.00279329 0 0.951714 68.7172 64.6313 4.08587 0 -28.3613 -28.1513 16 1941.88 122.054 101 0.0005451
1700 0.0575381 0.0543841 0.00315404 0 0.945183 74.4768 70.0697 4.40703 0 -28.3078 -27.6694 16 2037.88 125.034 107 0.000508262
1800 0.0631266 0.0598113 0.00331527 0 0.947482 80.8095 76.0509 4.75865 0 -28.315 -28.4004 16 2133.88 127.946 113 0.000529304
1900 0.0598756 0.0571041 0.00277145 0 0.953713 86.8303 81.7613 5.06898 0 -28.3681 -29.0806 16 2229.88 130.792 119 0.000479867
2000 0.0513769 0.0492771 0.00209981 0 0.959129 92.0168 86.689 5.32777 0 -28.4547 -29.9049 16 2341.88 134.036 126 0.000391088
2100 0.0615279 0.0584181 0.00310977 0 0.949458 98.1614 92.5308 5.63062 0 -28.5315 -29.6813 16 2437.88 136.756 132 0.000442562
2200 0.050355 0.048365 0.00198996 0 0.960481 103.254 97.3673 5.88661 0 -28.6205 -30.3359 16 2533.88 139.423 138 0.000350471
2300 0.0532239 0.0511494 0.00207443 0 0.961024 108.625 102.482 6.14261 0 -28.7354 -30.9443 16 2629.88 142.039 144 0.000355204
2400 0.0525042 0.0504533 0.00205087 0 0.960939 113.89 107.528 6.36241 0 -28.8463 -31.134 16 2741.88 145.032 151 0.000334128
2500 0.0643347 0.0612254 0.00310932 0 0.95167 120.261 113.65 6.61048 0 -28.8613 -29.1308 16 2837.88 147.549 157 0.00038997
2600 0.0507062 0.0481615 0.00254475 0 0.949814 125.346 118.466 6.87949 0 -28.9061 -29.9651 16 2933.88 150.024 163 0.000295469
2700 0.0475089 0.0451678 0.00234111 0 0.950723 130.113 122.983 7.12949 0 -28.9487 -30.0686 16 3029.88 152.459 169 0.000267265
2800 0.0596404 0.0563779 0.00326249 0 0.945297 136.002 128.621 7.38164 0 -28.9532 -29.052 16 3141.88 155.251 176 0.000320329
2900 0.0729252 0.0686928 0.00423234 0 0.941963 143.245 135.49 7.75496 0 -28.9333 -28.5593 16 3237.88 157.605 182 0.000377433
3000 0.107969 0.10167 0.00629939 0 0.941656 153.931 145.657 8.27349 0 -28.9958 -29.8337 16 3333.88 159.925 188 0.000540795
3100 0.088541 0.0841189 0.00442207 0 0.950056 162.859 154.069 8.78962 0 -29.0391 -29.7869 16 3429.88 162.211 194 0.000433603
3200 0.0817176 0.0771922 0.00452534 0 0.944622 171.091 161.788 9.30272 0 -29.0798 -29.8844 16 3541.88 164.838 201 0.000384041
3300 0.104523 0.0956635 0.00885925 0 0.915241 181.3 171.355 9.94562 0 -28.9493 -26.7627 16 3637.88 167.057 207 0.000462143
3400 0.115587 0.107019 0.00856809 0 0.925874 192.756 182.056 10.7 0 -28.8871 -27.9021 16 3733.88 169.247 213 0.000502438
3500 0.100936 0.0940969 0.00683941 0 0.93224 202.926 191.466 11.4596 0 -28.9247 -29.6371 16 3829.88 171.409 219 0.000429666
3600 0.0827641 0.0791285 0.0036356 0 0.956073 211.324 199.379 11.9447 0 -28.9837 -30.4107 16 3941.88 173.897 226 0.000350126
3700 0.120138 0.113843 0.00629462 0 0.947605 223.2 210.763 12.4372 0 -28.9145 -27.682 16 4037.88 176.002 232 0.000490702
3800 0.12183 0.115937 0.00589369 0 0.951624 235.339 222.357 12.9822 0 -28.8515 -27.6936 16 4133.88 178.082 238 0.000487129
3900 0.133729 0.127288 0.00644026 0 0.951841 248.719 235.086 13.6335 0 -28.7925 -27.7551 16 4229.88 180.138 244 0.000521674
4000 0.109414 0.104912 0.00450165 0 0.958857 259.809 245.577 14.2323 0 -28.7877 -28.6794 16 4341.88 182.507 251 0.000417976
4100 0.100062 0.0929691 0.00709252 0 0.929118 269.562 254.874 14.6885 0 -28.7853 -28.7218 16 4437.88 184.513 257 0.000361748
4200 0.115419 0.109471 0.0059478 0 0.948468 281.115 265.821 15.2936 0 -28.7709 -28.4359 16 4533.88 186.498 263 0.000416241
4300 0.0969341 0.0927372 0.00419695 0 0.956703 290.893 275.095 15.7986 0 -28.7876 -29.266 16 4629.88 188.463 269 0.000344748
4400 0.0982992 0.0946371 0.00366211 0 0.962745 300.776 284.558 16.2171 0 -28.7865 -28.7543 16 4741.88 190.728 276 0.000342888
4500 0.0915258 0.0884284 0.00309736 0 0.966159 309.974 293.401 16.5723 0 -28.8196 -29.9023 16 4837.88 192.649 282 0.000313576
4600 0.0945411 0.0918755 0.0026656 0 0.971805 319.51 302.589 16.9206 0 -28.8701 -30.5109 16 4933.88 194.551 288 0.000319012
4700 0.0775276 0.0757921 0.00173554 0 0.977614 327.323 310.168 17.1549 0 -28.9178 -30.8694 16 5029.88 196.435 294 0.000257796
4800 0.0755811 0.0740683 0.00151281 0 0.979984 334.938 317.575 17.3627 0 -28.9836 -31.8138 16 5141.88 198.61 301 0.000246074
4900 0.0695695 0.0685573 0.00101218 0 0.985451 341.922 324.431 17.4918 0 -29.0426 -31.8681 16 5237.88 200.455 307 0.000223314
5000 0.0755431 0.0738359 0.0017072 0 0.977401 349.429 331.814 17.615 0 -29.0924 -31.3619 16 5333.88 202.284 313 0.000235897
5100 0.0983979 0.094677 0.00372098 0 0.962184 359.263 341.282 17.9814 0 -29.1374 -30.7365 16 5429.88 204.096 319 0.000296793
5200 0.0906796 0.0875216 0.00315806 0 0.965173 368.411 350.034 18.3765 0 -29.1779 -30.7704 16 5541.88 206.191 326 0.000268471
5300 0.0810656 0.0783253 0.00274024 0 0.966197 376.565 357.867 18.6982 0 -29.2099 -30.6519 16 5637.88 207.969 332 0.00023592
5400 0.0749623 0.0726126 0.00234979 0 0.968654 384.084 365.128 18.9561 0 -29.2514 -31.3304 16 5733.88 209.732 338 0.00021483
5500 0.0800724 0.0770609 0.00301154 0 0.96239 392.08 372.834 19.2457 0 -29.2969 -31.4819 16 5829.88 211.48 344 0.000224014
5600 0.0719871 0.0698868 0.00210032 0 0.970824 399.349 379.823 19.5261 0 -29.3392 -31.6207 16 5941.88 213.502 351 0.000199108
5700 0.0677547 0.0650801 0.00267465 0 0.960525 406.09 386.331 19.759 0 -29.3688 -31.125 16 6037.88 215.22 357 0.000182297
5800 0.0763337 0.0734973 0.00283639 0 0.962842 413.766 393.68 20.0855 0 -29.4088 -31.5246 16 6133.88 216.924 363 0.000202472
5900 0.0773001 0.0737272 0.00357291 0 0.953779 421.462 401.053 20.4086 0 -29.4325 -30.7087 16 6229.88 218.615 369 0.000199803
6000 0.116996 0.111375 0.00562105 0 0.951955 433.115 412.191 20.9239 0 -29.4683 -30.7609 16 6341.88 220.571 376 0.00029621
6100 0.0857811 0.0824857 0.00329543 0 0.961583 441.816 420.439 21.3771 0 -29.5071 -31.4412 16 6437.88 222.235 382 0.000215931
6200 0.0947552 0.0910539 0.00370131 0 0.960938 451.345 429.545 21.8001 0 -29.5333 -30.7447 16 6533.88 223.885 388 0.000234675
6300 0.0941754 0.0905171 0.00365826 0 0.961155 460.802 438.596 22.2056 0 -29.5468 -30.1919 16 6629.88 225.524 394 0.000229739
6400 0.0779064 0.0752922 0.0026142 0 0.966444 468.649 446.125 22.5239 0 -29.5758 -31.2787 16 6741.88 227.421 401 0.000187761
6500 0.0909241 0.0858345 0.00508969 0 0.944023 477.586 454.709 22.8773 0 -29.5929 -30.4909 16 6837.88 229.034 407 0.000210895
6600 0.0809963 0.0786396 0.00235667 0 0.970904 485.783 462.573 23.21 0 -29.6212 -31.2713 16 6933.88 230.637 413 0.000190411
6700 0.078683 0.0758632 0.00281979 0 0.964163 493.653 470.159 23.4933 0 -29.6534 -31.6419 16 7029.88 232.228 419 0.000181058
6800 0.0810414 0.0787889 0.00225247 0 0.972206 501.855 478.038 23.8165 0 -29.6974 -32.3459 16 7141.88 234.07 426 0.00018495
6900 0.0742443 0.0715692 0.00267512 0 0.963969 509.258 485.195 24.063 0 -29.7339 -32.2032 16 7237.88 235.638 432 0.000165669
7000 0.0648859 0.0631268 0.00175916 0 0.972888 515.758 491.508 24.25 0 -29.7684 -32.4702 16 7333.88 237.196 438 0.000144125
7100 0.0700697 0.0679492 0.00212048 0 0.969738 522.776 498.303 24.4734 0 -29.802 -32.2739 16 7429.88 238.743 444 0.000153039
7200 0.106391 0.10279 0.00360094 0 0.966154 533.388 508.582 24.8061 0 -29.8102 -30.2152 16 7541.88 240.536 451 0.000227916
7300 0.116167 0.110224 0.00594305 0 0.948841 544.936 519.604 25.3316 0 -29.8001 -29.3338 16 7637.88 242.062 457 0.000241191
7400 0.0989114 0.0946975 0.00421383 0 0.957398 554.873 529.074 25.7992 0 -29.8091 -30.3026 16 7733.88 243.578 463 0.00020453
7500 0.0868963 0.0834585 0.00343782 0 0.960438 563.606 537.42 26.1859 0 -29.8181 -30.3896 16 7829.88 245.086 469 0.00017795
7600 0.0901811 0.0864198 0.00376132 0 0.958291 572.651 546.062 26.5895 0 -29.8126 -29.4687 16 7941.88 246.832 476 0.000181554
7700 0.0896082 0.0850667 0.00454141 0 0.949319 581.473 554.568 26.9048 0 -29.8158 -30.0263 16 8037.88 248.32 482 0.000176487
7800 0.0943735 0.0909549 0.0034186 0 0.963776 591.006 563.664 27.3427 0 -29.8326 -30.8531 16 8133.88 249.798 488 0.000186383
7900 0.0777762 0.0745373 0.00323882 0 0.958357 598.769 571.118 27.651 0 -29.8496 -31.1476 16 8229.88 251.268 494 0.000150885
8000 0.0852394 0.0814411 0.00379838 0 0.955439 607.311 579.262 28.0493 0 -29.8696 -31.2685 16 8341.88 252.972 501 0.000162557
8100 0.0821514 0.0784129 0.00373851 0 0.954492 615.559 587.103 28.4564 0 -29.8876 -31.2183 16 8437.88 254.423 507 0.000154661
8200 0.0745916 0.0714834 0.00310823 0 0.95833 623.033 594.251 28.7819 0 -29.9106 -31.8051 16 8533.88 255.866 513 0.000139344
8300 0.0814828 0.0785833 0.00289944 0 0.964417 631.23 602.11 29.1202 0 -29.9289 -31.3161 16 8629.88 257.302 519 0.000151413
8400 0.0691432 0.06735 0.00179315 0 0.974066 638.217 608.845 29.3723 0 -29.9571 -32.5049 16 8741.88 258.966 526 0.000128042
8500 0.083701 0.0793654 0.00433558 0 0.948202 646.414 616.781 29.6327 0 -29.9765 -31.4855 16 8837.88 260.384 532 0.000149183
8600 0.096155 0.0917964 0.00435864 0 0.954671 655.991 625.961 30.0304 0 -29.9981 -31.4565 16 8933.88 261.794 538 0.000170625
8700 0.0933491 0.0900616 0.00328752 0 0.964782 665.428 634.967 30.4609 0 -30.0104 -30.8638 16 9029.88 263.197 544 0.000165554
8800 0.0761789 0.0738494 0.00232949 0 0.969421 673.102 642.352 30.7504 0 -30.033 -31.9935 16 9141.88 264.824 551 0.000134028
8900 0.074844 0.0727947 0.00204927 0 0.972619 680.611 649.631 30.9798 0 -30.0494 -31.5218 16 9237.88 266.211 557 0.000130691
9000 0.0772947 0.0739714 0.00332329 0 0.957005 688.214 657.028 31.1855 0 -30.0574 -30.7774 16 9333.88 267.591 563 0.000131388
9100 0.143476 0.137893 0.00558271 0 0.961089 702.496 670.818 31.6778 0 -30.0375 -29.0748 16 9429.88 268.963 569 0.000242342
9200 0.128755 0.12383 0.00492486 0 0.96175 715.408 683.201 32.2071 0 -30.0453 -30.4732 16 9541.88 270.556 576 0.000214982
9300 0.13061 0.125323 0.00528727 0 0.959519 728.512 695.733 32.7789 0 -30.0563 -30.6568 16 9637.88 271.914 582 0.000215331
9400 0.108776 0.104694 0.00408266 0 0.962467 739.456 706.202 33.2538 0 -30.0752 -31.3349 16 9733.88 273.264 588 0.00017805
9500 0.137812 0.132036 0.00577564 0 0.95809 753.209 719.406 33.8026 0 -30.07 -29.7885 16 9829.88 274.609 594 0.000222284
9600 0.114272 0.110101 0.00417093 0 0.9635 764.758 730.416 34.342 0 -30.0801 -30.7368 16 9941.88 276.169 601 0.000183196
9700 0.116532 0.111805 0.0047267 0 0.959439 776.411 741.597 34.8144 0 -30.0915 -30.8388 16 10037.9 277.499 607 0.000184193
9800 0.113993 0.108659 0.00533383 0 0.953209 787.719 752.463 35.256 0 -30.088 -29.8467 16 10133.9 278.823 613 0.000177258
9900 0.107836 0.104577 0.00325915 0 0.969777 798.573 762.92 35.6531 0 -30.0932 -30.4727 16 10229.9 280.14 619 0.000168945
10000 0.0968685 0.0931813 0.00368724 0 0.961936 808.196 772.238 35.9575 0 -30.0975 -30.4587 16 10341.9 281.67 626 0.000148852
10100 0.132863 0.128203 0.00465974 0 0.964928 821.496 785.059 36.4378 0 -30.0967 -30.0445 16 10437.9 282.974 632 0.000202853
10200 0.112564 0.108864 0.00369905 0 0.967138 832.777 795.945 36.8316 0 -30.1006 -30.3896 16 10533.9 284.272 638 0.000170634
10300 0.0956594 0.0929542 0.00270517 0 0.971721 842.367 805.241 37.1262 0 -30.1119 -31.0933 16 10629.9 285.565 644 0.000144339
10400 0.0924879 0.090081 0.00240696 0 0.973975 851.664 814.249 37.4152 0 -30.1288 -31.6514 16 10741.9 287.065 651 0.000138373
10500 0.0964151 0.0932583 0.00315677 0 0.967259 861.262 823.574 37.6873 0 -30.1419 -31.3062 16 10837.9 288.345 657 0.000141946
10600 0.118368 0.113375 0.00499259 0 0.957821 873.041 834.912 38.1287 0 -30.1606 -31.5325 16 10933.9 289.619 663 0.000171003
10700 0.101438 0.097709 0.00372885 0 0.96324 883.242 844.683 38.5589 0 -30.1808 -31.9083 16 11029.9 290.888 669 0.000146052
10800 0.0849815 0.0826732 0.00230824 0 0.972838 891.815 852.95 38.8645 0 -30.2043 -32.621 16 11141.9 292.361 676 0.000122298
10900 0.0846029 0.082317 0.00228594 0 0.97298 900.309 861.182 39.1271 0 -30.23 -32.9266 16 11237.9 293.618 682 0.000120699
11000 0.106146 0.102442 0.00370313 0 0.965113 910.887 871.426 39.4609 0 -30.2284 -30.0969 16 11333.9 294.869 688 0.000148899
11100 0.101185 0.0980067 0.00317879 0 0.968585 921.136 881.227 39.9089 0 -30.2368 -30.978 16 11429.9 296.115 694 0.00014122
11200 0.0928153 0.0894283 0.00338701 0 0.963508 930.519 890.17 40.3492 0 -30.2455 -31.1032 16 11541.9 297.563 701 0.000127572
11300 0.0863919 0.0834478 0.00294413 0 0.965921 939.18 898.514 40.6653 0 -30.2576 -31.5634 16 11637.9 298.798 707 0.000118031
11400 0.0800704 0.0779211 0.00214934 0 0.973157 947.238 906.306 40.9314 0 -30.2706 -31.783 16 11733.9 300.027 713 0.000109286
11500 0.113848 0.108998 0.0048502 0 0.957398 958.529 917.206 41.3225 0 -30.2876 -31.7099 16 11829.9 301.252 719 0.000151596
11600 0.122739 0.116993 0.00574669 0 0.95318 970.664 928.906 41.7586 0 -30.2988 -31.1891 16 11941.9 302.675 726 0.000161147
11700 0.106302 0.102573 0.00372923 0 0.964919 981.329 939.163 42.1661 0 -30.3168 -31.9515 16 12037.9 303.889 732 0.000140127
11800 0.136736 0.130352 0.00638406 0 0.953311 994.83 952.198 42.6316 0 -30.3083 -29.6893 16 12133.9 305.098 738 0.000176629
11900 0.119709 0.115361 0.00434786 0 0.96368 1006.87 963.734 43.1396 0 -30.3132 -30.721 16 12229.9 306.303 744 0.000155055
12000 0.0977319 0.0942778 0.00345404 0 0.964658 1016.67 973.162 43.5064 0 -30.3242 -31.457 16 12341.9 307.702 751 0.000125536
12100 0.0971944 0.0933341 0.00386026 0 0.960283 1026.36 982.495 43.8621 0 -30.337 -31.6754 16 12437.9 308.897 757 0.000123295
12200 0.105195 0.101041 0.00415312 0 0.96052 1036.89 992.599 44.2887 0 -30.3449 -31.1147 16 12533.9 310.087 763 0.000132426
12300 0.101945 0.0969623 0.00498228 0 0.951128 1046.99 1002.3 44.6919 0 -30.3463 -30.4872 16 12629.9 311.272 769 0.000126089
12400 0.106895 0.102613 0.00428231 0 0.959939 1057.66 1012.56 45.0986 0 -30.349 -30.6143 16 12741.9 312.649 776 0.000132233
12500 0.0976513 0.0936977 0.00395363 0 0.959513 1067.43 1021.93 45.4999 0 -30.3586 -31.3983 16 12837.9 313.824 782 0.000119818
12600 0.0893777 0.0859208 0.00345687 0 0.961323 1076.34 1030.52 45.8198 0 -30.3691 -31.6333 16 12933.9 314.996 788 0.000109037
12700 0.086781 0.0839074 0.00287359 0 0.966887 1085.03 1038.91 46.123 0 -30.3797 -31.6881 16 13029.9 316.162 794 0.000105677
12800 0.0920822 0.0891292 0.00295299 0 0.967931 1094.24 1047.82 46.4127 0 -30.3883 -31.407 16 13141.9 317.518 801 0.000111272
12900 0.114919 0.10842 0.00649901 0 0.943447 1105.5 1058.66 46.8375 0 -30.3891 -30.4655 16 13237.9 318.676 807 0.000134349
13000 0.123603 0.117866 0.00573625 0 0.953591 1117.82 1070.45 47.369 0 -30.3911 -30.5632 16 13333.9 319.829 813 0.000144977
13100 0.109855 0.105601 0.00425434 0 0.961273 1128.87 1081.01 47.8593 0 -30.3934 -30.633 16 13429.9 320.979 819 0.000128939
13200 0.118236 0.112568 0.00566777 0 0.952064 1140.68 1092.27 48.4087 0 -30.3959 -30.6371 16 13541.9 322.314 826 0.000136281
13300 0.120119 0.115162 0.0049575 0 0.958729 1152.76 1103.78 48.9726 0 -30.4019 -30.9684 16 13637.9 323.455 832 0.000138416
13400 0.109017 0.104696 0.00432074 0 0.960366 1163.72 1114.25 49.4698 0 -30.4145 -31.7394 16 13733.9 324.591 838 0.000124935
13500 0.101953 0.0985008 0.00345263 0 0.966135 1173.98 1124.1 49.8775 0 -30.4278 -31.937 16 13829.9 325.724 844 0.000116707
13600 0.106165 0.102807 0.00335824 0 0.968368 1184.67 1134.38 50.2895 0 -30.4459 -32.4293 16 13941.9 327.04 851 0.000120807
13700 0.113135 0.109574 0.00356157 0 0.968519 1196.07 1145.34 50.7286 0 -30.4573 -31.6401 16 14037.9 328.164 857 0.000127857
13800 0.101457 0.0981405 0.00331676 0 0.967309 1206.26 1155.16 51.1062 0 -30.4682 -31.7505 16 14133.9 329.284 863 0.00011372
13900 0.0912953 0.0891552 0.00214015 0 0.976558 1215.43 1164.07 51.358 0 -30.4867 -32.913 16 14229.9 330.401 869 0.000102595
14000 0.0855117 0.0838363 0.00167545 0 0.980407 1224.03 1172.46 51.5713 0 -30.5032 -32.8454 16 14341.9 331.698 876 9.57035e-05
14100 0.0914682 0.0896627 0.00180549 0 0.980261 1233.23 1181.42 51.809 0 -30.5183 -32.5189 16 14437.9 332.807 882 0.000101658
14200 0.0933392 0.0897878 0.00355144 0 0.961951 1242.44 1190.4 52.0404 0 -30.5346 -32.724 16 14533.9 333.911 888 0.000101112
14300 0.0836212 0.0811698 0.00245137 0 0.970685 1250.81 1198.52 52.2925 0 -30.5523 -33.1814 16 14629.9 335.012 894 9.0794e-05
14400 0.0720841 0.0707355 0.00134861 0 0.981291 1258.08 1205.59 52.4864 0 -30.5717 -33.9132 16 14741.9 336.292 901 7.85077e-05
14500 0.0741083 0.0722668 0.00184146 0 0.975152 1265.49 1212.82 52.676 0 -30.5889 -33.4934 16 14837.9 337.385 907 7.96767e-05
14600 0.0699445 0.0680219 0.00192259 0 0.972513 1272.45 1219.62 52.8345 0 -30.6045 -33.445 16 14933.9 338.475 913 7.45037e-05
14700 0.0721074 0.06994 0.00216748 0 0.969941 1279.67 1226.61 53.0597 0 -30.6169 -32.8118 16 15029.9 339.561 919 7.61044e-05
14800 0.0752514 0.0737377 0.00151364 0 0.979886 1287.25 1233.99 53.2622 0 -30.6332 -33.3803 16 15141.9 340.824 926 7.96304e-05
14900 0.0676897 0.0660744 0.00161534 0 0.976136 1294.01 1240.59 53.4143 0 -30.6499 -33.8246 16 15237.9 341.903 932 7.08952e-05
15000 0.0869197 0.0844748 0.00244491 0 0.971872 1302.72 1249.04 53.6778 0 -30.6647 -32.8737 16 15333.9 342.978 938 9.00585e-05
15100 0.0742366 0.0722139 0.00202274 0 0.972753 1310.19 1256.26 53.9225 0 -30.6833 -33.9286 16 15429.9 344.05 944 7.64977e-05
15200 0.08183 0.0784933 0.00333671 0 0.959224 1318.3 1264.11 54.1901 0 -30.6884 -31.5122 16 15541.9 345.296 951 8.25377e-05
15300 0.0931926 0.0893686 0.003824 0 0.958967 1327.61 1273.05 54.5604 0 -30.6925 -31.2628 16 15637.9 346.361 957 9.33841e-05
15400 0.0997892 0.0957831 0.00400605 0 0.959855 1337.58 1282.63 54.9512 0 -30.7045 -32.3008 16 15733.9 347.423 963 9.94632e-05
15500 0.101275 0.0964812 0.0047938 0 0.952666 1347.65 1292.28 55.3696 0 -30.7145 -32.0456 16 15829.9 348.481 969 9.95678e-05
15600 0.0992373 0.0949442 0.00429314 0 0.956739 1357.59 1301.77 55.8215 0 -30.7183 -31.2366 16 15941.9 349.711 976 9.72789e-05
15700 0.0913284 0.0873596 0.00396887 0 0.956543 1366.74 1310.51 56.2306 0 -30.7263 -31.9108 16 16037.9 350.763 982 8.89608e-05
15800 0.0905833 0.0855931 0.00499017 0 0.944911 1375.68 1319.07 56.6164 0 -30.7334 -31.8207 16 16133.9 351.811 988 8.66327e-05
15900 0.100585 0.0963842 0.00420044 0 0.95824 1385.8 1328.7 57.0909 0 -30.737 -31.2327 16 16229.9 352.856 994 9.6966e-05
16000 0.094675 0.0908592 0.00381577 0 0.959696 1395.36 1337.79 57.5708 0 -30.7421 -31.4724 16 16341.9 354.072 1001 9.07684e-05
16100 0.0961541 0.0928209 0.00333319 0 0.965335 1405.07 1347.07 57.9979 0 -30.7446 -31.1112 16 16437.9 355.11 1007 9.21756e-05
16200 0.085673 0.0834787 0.00219429 0 0.974388 1413.75 1355.42 58.3339 0 -30.7514 -31.8507 16 16533.9 356.146 1013 8.24074e-05
16300 0.0954858 0.0908349 0.00465096 0 0.951292 1423.19 1364.5 58.6856 0 -30.7604 -32.0987 16 16629.9 357.178 1019 8.91412e-05
16400 0.111895 0.107034 0.00486021 0 0.956564 1434.43 1375.21 59.2251 0 -30.7716 -32.1983 16 16741.9 358.379 1026 0.000104322
16500 0.110348 0.106488 0.00385949 0 0.965024 1445.58 1385.86 59.7283 0 -30.7858 -32.6133 16 16837.9 359.405 1032 0.000103186
16600 0.0961564 0.0925899 0.00356652 0 0.962909 1455.2 1395.11 60.0809 0 -30.7978 -32.6005 16 16933.9 360.428 1038 8.92003e-05
16700 0.0891403 0.0869789 0.00216136 0 0.975753 1464.17 1403.81 60.3587 0 -30.8081 -32.4784 16 17029.9 361.448 1044 8.33131e-05
16800 0.102826 0.0991527 0.00367347 0 0.964275 1474.41 1413.73 60.6795 0 -30.8103 -31.1233 16 17141.9 362.635 1051 9.43413e-05
16900 0.112128 0.107072 0.00505566 0 0.954912 1485.51 1424.44 61.0753 0 -30.8088 -30.608 16 17237.9 363.649 1057 0.000101298
17000 0.11528 0.111117 0.00416384 0 0.963881 1497.09 1435.55 61.541 0 -30.8106 -31.0363 16 17333.9 364.66 1063 0.000104531
17100 0.0939773 0.0906366 0.00334067 0 0.964452 1506.52 1444.61 61.9103 0 -30.8158 -31.6518 16 17429.9 365.668 1069 8.47864e-05
17200 0.0957216 0.0919901 0.00373151 0 0.961017 1516.09 1453.81 62.2786 0 -30.8174 -31.065 16 17541.9 366.841 1076 8.54927e-05
17300 0.124461 0.118721 0.00574024 0 0.953879 1528.43 1465.68 62.7515 0 -30.8163 -30.6788 16 17637.9 367.844 1082 0.000109723
17400 0.147912 0.142101 0.0058112 0 0.960712 1543.27 1479.89 63.3753 0 -30.8127 -30.4481 16 17733.9 368.843 1088 0.000130608
17500 0.121139 0.116633 0.00450668 0 0.962798 1555.47 1491.55 63.9125 0 -30.8154 -31.1498 16 17829.9 369.84 1094 0.000106611
17600 0.105993 0.102745 0.00324803 0 0.969356 1566.16 1501.83 64.3347 0 -30.825 -32.2197 16 17941.9 371 1101 9.33197e-05
17700 0.116037 0.112109 0.00392872 0 0.966143 1577.79 1513.04 64.7514 0 -30.8256 -30.9046 16 18037.9 371.991 1107 0.000101272
17800 0.108619 0.104963 0.00365588 0 0.966342 1588.65 1523.54 65.1139 0 -30.8322 -31.7898 16 18133.9 372.98 1113 9.43066e-05
17900 0.104345 0.101391 0.00295361 0 0.971694 1599.13 1533.68 65.4524 0 -30.8377 -31.6807 16 18229.9 373.966 1119 9.0609e-05
18000 0.110919 0.108289 0.00263 0 0.976289 1610.3 1544.5 65.7923 0 -30.8458 -31.9981 16 18341.9 375.113 1126 9.61713e-05
18100 0.10314 0.100242 0.002898 0 0.971902 1620.6 1554.53 66.0717 0 -30.8555 -32.381 16 18437.9 376.093 1132 8.85532e-05
18200 0.101826 0.0990014 0.00282419 0 0.972264 1630.78 1564.43 66.3475 0 -30.8643 -32.2686 16 18533.9 377.071 1138 8.6996e-05
18300 0.114954 0.111641 0.00331372 0 0.971174 1642.27 1575.59 66.6808 0 -30.8675 -31.3108 16 18629.9 378.046 1144 9.75879e-05
18400 0.135227 0.131683 0.00354391 0 0.973793 1655.87 1588.76 67.1052 0 -30.8594 -29.8792 16 18741.9 379.181 1151 0.000114407
18500 0.10579 0.103772 0.00201809 0 0.980924 1666.53 1599.14 67.395 0 -30.8632 -31.4548 16 18837.9 380.151 1157 8.96908e-05
18600 0.101191 0.0995398 0.00165096 0 0.983685 1676.71 1609.09 67.6215 0 -30.8667 -31.4463 16 18933.9 381.118 1163 8.55888e-05
18700 0.103544 0.101548 0.0019956 0 0.980727 1687.07 1619.25 67.8248 0 -30.8767 -32.5009 16 19029.9 382.083 1169 8.68676e-05
18800 0.107767 0.105102 0.00266535 0 0.975267 1697.85 1629.76 68.0947 0 -30.8875 -32.5721 16 19141.9 383.206 1176 8.93721e-05
18900 0.106057 0.102688 0.00336903 0 0.968234 1708.41 1640.03 68.3861 0 -30.9004 -32.9773 16 19237.9 384.166 1182 8.68761e-05
19000 0.109227 0.106147 0.0030807 0 0.971796 1719.35 1650.64 68.713 0 -30.912 -32.7186 16 19333.9 385.123 1188 8.9349e-05
19100 0.103148 0.0999528 0.00319469 0 0.969028 1729.61 1660.64 68.9773 0 -30.9224 -32.6626 16 19429.9 386.078 1194 8.37126e-05
19200 0.121695 0.117192 0.00450334 0 0.962995 1741.75 1672.36 69.3985 0 -30.9286 -31.8183 16 19541.9 387.189 1201 9.75786e-05
19300 0.128362 0.12179 0.00657208 0 0.9488 1754.43 1684.53 69.8968 0 -30.9228 -30.1232 16 19637.9 388.139 1207 0.000100903
19400 0.137621 0.131835 0.00578666 0 0.957952 1768.21 1697.72 70.4878 0 -30.9185 -30.3666 16 19733.9 389.087 1213 0.000108685
19500 0.123356 0.119431 0.00392503 0 0.968181 1780.65 1709.66 70.9925 0 -30.9226 -31.5131 16 19829.9 390.032 1219 9.79744e-05
19600 0.141809 0.137016 0.00479287 0 0.966202 1794.88 1723.36 71.5144 0 -30.9188 -30.4454 16 19941.9 391.132 1226 0.000111759
19700 0.146529 0.140795 0.00573382 0 0.960869 1809.52 1737.44 72.0781 0 -30.9145 -30.3832 16 20037.9 392.072 1232 0.000114282
19800 0.123428 0.119205 0.00422368 0 0.96578 1821.92 1749.36 72.5558 0 -30.9171 -31.3007 16 20133.9 393.01 1238 9.62881e-05
19900 0.119685 0.115693 0.0039918 0 0.966647 1833.93 1760.93 72.9962 0 -30.9235 -31.8918 16 20229.9 393.946 1244 9.30008e-05
20000 0.104836 0.102124 0.00271173 0 0.974133 1844.49 1771.14 73.341 0 -30.9314 -32.304 16 20341.9 395.035 1251 8.16337e-05
