100 0.411688 0.376389 0.035299 0 0.914258 39.6765 37.6389 2.03759 0 -27.2939 -27.2939 1 426.882 57.2261 101 0.00372663
200 0.523586 0.486679 0.0369068 0 0.929511 91.8821 86.3069 5.57523 0 -27.5513 -27.7469 1 526.882 63.5765 201 0.00242129
300 0.611782 0.571172 0.0406103 0 0.93362 153.292 143.424 9.86791 0 -27.6524 -27.8037 1 626.882 69.3478 301 0.00189758
400 0.63421 0.588691 0.0455183 0 0.928228 216.906 202.293 14.6126 0 -27.7356 -27.936 1 726.882 74.6744 401 0.00146806
500 0.688163 0.629862 0.0583009 0 0.91528 284.868 265.279 19.5888 0 -27.6697 -27.4596 1 826.882 79.6456 501 0.00125721
600 0.778695 0.72324 0.0554551 0 0.928785 362.637 337.603 25.0334 0 -27.7562 -28.0728 1 926.882 84.3242 601 0.00120339
700 0.915849 0.855463 0.0603855 0 0.934066 453.981 423.15 30.8316 0 -27.7054 -27.504 1 1026.88 88.7565 701 0.00122035
800 0.866877 0.809 0.0578766 0 0.933236 540.656 504.05 36.606 0 -27.7731 -28.1276 1 1126.88 92.9778 801 0.00100999
900 0.914685 0.85451 0.0601747 0 0.934213 632.137 589.501 42.6359 0 -27.8075 -28.0109 1 1226.88 97.0156 901 0.000948402
1000 0.974005 0.909603 0.0644014 0 0.93388 729.382 680.461 48.9214 0 -27.8515 -28.1371 1 1326.88 100.892 1001 0.000908694
1100 1.10461 1.03293 0.0716797 0 0.935109 839.506 783.754 55.7519 0 -27.9251 -28.4128 1 1426.88 104.625 1101 0.000938177
1200 1.04136 0.980762 0.0605987 0 0.941808 944.219 881.83 62.3881 0 -28.0068 -28.6616 1 1526.88 108.229 1201 0.000816621
1300 1.0565 0.991884 0.0646135 0 0.938842 1049.88 981.019 68.8594 0 -28.0915 -28.8491 1 1626.88 111.717 1301 0.000762401
1400 1.14207 1.07841 0.0636603 0 0.944259 1164.34 1088.86 75.4845 0 -28.2032 -29.2275 1 1726.88 115.099 1401 0.000769746
1500 1.14288 1.08052 0.0623565 0 0.945439 1278.86 1196.91 81.9517 0 -28.2853 -29.1194 1 1826.88 118.385 1501 0.000719868
1600 1.16706 1.10444 0.0626143 0 0.946349 1395.49 1307.36 88.1285 0 -28.3288 -28.8061 1 1926.88 121.582 1601 0.000689846
1700 1.18697 1.12126 0.0657062 0 0.944644 1514.04 1419.48 94.5536 0 -28.3913 -29.1271 1 2026.88 124.696 1701 0.000659177
1800 1.17928 1.11089 0.0683916 0 0.942006 1631.69 1530.57 101.118 0 -28.4367 -29.0205 1 2126.88 127.736 1801 0.000616817
1900 1.16783 1.09925 0.0685852 0 0.941271 1748.18 1640.5 107.684 0 -28.4787 -29.0676 1 2226.88 130.704 1901 0.000578246
2000 1.18995 1.1231 0.0668511 0 0.94382 1867.06 1752.81 114.252 0 -28.5228 -29.1704 1 2326.88 133.606 2001 0.000561268
2100 1.13511 1.07717 0.0579363 0 0.94896 1980.88 1860.52 120.352 0 -28.5866 -29.6339 1 2426.88 136.447 2101 0.000512694
2200 1.11734 1.06214 0.0552004 0 0.950597 2092.78 1966.74 126.047 0 -28.6524 -29.818 1 2526.88 139.23 2201 0.000482571
2300 1.17886 1.12083 0.0580309 0 0.950774 2210.81 2078.82 131.989 0 -28.6993 -29.5309 1 2626.88 141.958 2301 0.000487105
2400 1.11819 1.06502 0.0531684 0 0.952451 2322.83 2185.32 137.508 0 -28.7477 -29.7014 1 2726.88 144.635 2401 0.000443573
2500 1.12212 1.068 0.0541217 0 0.951768 2434.88 2292.12 142.755 0 -28.7997 -29.8776 1 2826.88 147.263 2501 0.000427028
2600 1.13376 1.08314 0.0506254 0 0.955347 2548.52 2400.44 148.084 0 -28.8512 -29.9564 1 2926.88 149.845 2601 0.000416431
2700 1.1685 1.11715 0.0513501 0 0.956055 2665.49 2512.15 153.343 0 -28.8977 -29.9089 1 3026.88 152.383 2701 0.000413606
2800 1.22107 1.16145 0.0596127 0 0.95118 2787.26 2628.3 158.963 0 -28.9338 -29.726 1 3126.88 154.88 2801 0.000414657
2900 1.20945 1.15337 0.0560816 0 0.953631 2908.2 2743.63 164.571 0 -28.9641 -29.6621 1 3226.88 157.337 2901 0.000397576
3000 1.27505 1.21252 0.0625324 0 0.950957 3035.27 2864.88 170.388 0 -28.9929 -29.6519 1 3326.88 159.757 3001 0.000404038
3100 1.26174 1.20631 0.0554321 0 0.956067 3161.57 2985.52 176.055 0 -29.0271 -29.8477 1 3426.88 162.14 3101 0.000389006
3200 1.22704 1.17195 0.0550879 0 0.955105 3284.43 3102.71 181.719 0 -29.0644 -30.0259 1 3526.88 164.488 3201 0.000366121
3300 1.23231 1.1768 0.0555003 0 0.954962 3407.78 3220.39 187.392 0 -29.0904 -29.7821 1 3626.88 166.804 3301 0.0003565
3400 1.27937 1.22297 0.0564076 0 0.95591 3535.74 3342.69 193.052 0 -29.1112 -29.6642 1 3726.88 169.088 3401 0.00035959
3500 1.28255 1.22773 0.0548177 0 0.957259 3664.1 3465.46 198.636 0 -29.1332 -29.7411 1 3826.88 171.342 3501 0.000350681
3600 1.27382 1.21768 0.0561417 0 0.955926 3791.26 3587.23 204.028 0 -29.1528 -29.7174 1 3926.88 173.566 3601 0.000338149
3700 1.29895 1.24432 0.0546346 0 0.957939 3921.28 3711.66 209.618 0 -29.183 -30.0629 1 4026.88 175.762 3701 0.000336211
3800 1.28861 1.23184 0.0567725 0 0.955943 4049.95 3834.84 215.11 0 -29.2158 -30.2148 1 4126.88 177.931 3801 0.000324082
3900 1.29118 1.23966 0.051518 0 0.9601 4179.55 3958.81 220.735 0 -29.2479 -30.2513 1 4226.88 180.074 3901 0.000317781
4000 1.32306 1.26473 0.058325 0 0.955917 4311.64 4085.28 226.357 0 -29.2698 -29.9627 1 4326.88 182.191 4001 0.000316104
4100 1.30949 1.25481 0.0546806 0 0.958243 4442.58 4210.76 231.817 0 -29.2925 -30.0388 1 4426.88 184.285 4101 0.000305977
4200 1.40252 1.3438 0.0587182 0 0.958134 4582.78 4345.14 237.64 0 -29.3108 -29.8916 1 4526.88 186.354 4201 0.000319876
4300 1.35838 1.30232 0.0560601 0 0.95873 4718.92 4475.38 243.547 0 -29.3392 -30.2945 1 4626.88 188.401 4301 0.000302795
4400 1.42251 1.36599 0.0565272 0 0.960262 4861.51 4611.98 249.539 0 -29.3727 -30.4827 1 4726.88 190.427 4401 0.000310381
4500 1.38522 1.32805 0.0571771 0 0.958724 5000.22 4744.78 255.442 0 -29.4027 -30.4529 1 4826.88 192.43 4501 0.000295056
4600 1.42106 1.3603 0.0607643 0 0.95724 5142.48 4880.81 261.668 0 -29.4245 -30.1912 1 4926.88 194.413 4601 0.000295653
4700 1.49341 1.42788 0.0655307 0 0.95612 5291.66 5023.6 268.065 0 -29.4404 -29.9889 1 5026.88 196.376 4701 0.00030374
4800 1.48565 1.4215 0.0641486 0 0.956821 5440.19 5165.75 274.441 0 -29.4626 -30.2515 1 5126.88 198.32 4801 0.000296084
4900 1.44313 1.38283 0.0602962 0 0.958218 5584.82 5304.03 280.787 0 -29.4817 -30.2024 1 5226.88 200.245 4901 0.000282154
5000 1.43948 1.37477 0.0647081 0 0.955048 5728.5 5441.51 286.992 0 -29.5025 -30.3102 1 5326.88 202.151 5001 0.000274899
5100 1.43434 1.37678 0.0575613 0 0.959869 5872.48 5579.19 293.291 0 -29.5252 -30.4282 1 5426.88 204.04 5101 0.000269904
5200 1.40236 1.34161 0.0607492 0 0.956681 6012.27 5713.35 298.924 0 -29.5466 -30.4471 1 5526.88 205.911 5201 0.000257953
5300 1.48892 1.42416 0.0647552 0 0.956509 6160.89 5855.76 305.13 0 -29.5666 -30.3734 1 5626.88 207.766 5301 0.000268659
5400 1.47245 1.40942 0.063028 0 0.957195 6308.24 5996.71 311.533 0 -29.5857 -30.3859 1 5726.88 209.604 5401 0.000260955
5500 1.4487 1.38986 0.058849 0 0.959378 6453.37 6135.69 317.677 0 -29.6081 -30.5828 1 5826.88 211.426 5501 0.000252655
5600 1.56929 1.49918 0.0701086 0 0.955325 6609.71 6285.61 324.104 0 -29.6197 -30.0953 1 5926.88 213.232 5601 0.000267662
5700 1.49192 1.43111 0.0608139 0 0.959238 6759.43 6428.72 330.709 0 -29.6421 -30.6341 1 6026.88 215.024 5701 0.000251027
5800 1.50263 1.44236 0.0602677 0 0.959892 6909.92 6572.96 336.964 0 -29.668 -30.8282 1 6126.88 216.8 5801 0.00024864
5900 1.57341 1.51245 0.0609672 0 0.961252 7067.52 6724.2 343.317 0 -29.6863 -30.4921 1 6226.88 218.562 5901 0.000256303
6000 1.49361 1.43211 0.0615017 0 0.958824 7216.95 6867.41 349.534 0 -29.7069 -30.6818 1 6326.88 220.31 6001 0.000238645
6100 1.43151 1.37382 0.0576901 0 0.9597 7360.27 7004.79 355.474 0 -29.7304 -30.9119 1 6426.88 222.045 6101 0.000225179
6200 1.39015 1.33543 0.0547214 0 0.960636 7499.2 7138.34 360.865 0 -29.7489 -30.7262 1 6526.88 223.765 6201 0.000215357
6300 1.46359 1.40481 0.058774 0 0.959843 7645.27 7278.82 366.455 0 -29.7672 -30.7107 1 6626.88 225.473 6301 0.000222951
6400 1.50075 1.4427 0.0580466 0 0.961322 7795.45 7423.09 372.367 0 -29.7806 -30.4591 1 6726.88 227.168 6401 0.000225387
6500 1.47556 1.41756 0.057999 0 0.960694 7943.13 7564.84 378.282 0 -29.7959 -30.6036 1 6826.88 228.85 6501 0.000218053
6600 1.50741 1.44674 0.0606685 0 0.959753 8093.7 7709.52 384.178 0 -29.8111 -30.6174 1 6926.88 230.52 6601 0.00021917
6700 1.44958 1.3928 0.0567799 0 0.96083 8238.83 7848.8 390.032 0 -29.8284 -30.7919 1 7026.88 232.178 6701 0.000207849
6800 1.43211 1.37392 0.0581874 0 0.959369 8381.97 7986.19 395.784 0 -29.8456 -30.8333 1 7126.88 233.824 6801 0.000202017
6900 1.3948 1.34451 0.0502885 0 0.963946 8521.84 8120.64 401.203 0 -29.8623 -30.8668 1 7226.88 235.459 6901 0.000194829
7000 1.42542 1.36971 0.0557161 0 0.960913 8664.03 8257.61 406.418 0 -29.8788 -30.8655 1 7326.88 237.083 7001 0.000195644
7100 1.50628 1.44841 0.0578673 0 0.961583 8814.71 8402.45 412.258 0 -29.8886 -30.4503 1 7426.88 238.695 7101 0.000203973
7200 1.52817 1.46512 0.0630517 0 0.95874 8967.09 8548.96 418.13 0 -29.8957 -30.3105 1 7526.88 240.297 7201 0.00020346
7300 1.51419 1.45525 0.0589408 0 0.961074 9118.53 8694.49 424.036 0 -29.9099 -30.7458 1 7626.88 241.888 7301 0.000199322
7400 1.56088 1.50049 0.0603926 0 0.961309 9274.5 8844.54 429.964 0 -29.9233 -30.7115 1 7726.88 243.468 7401 0.000202741
7500 1.50284 1.44386 0.058981 0 0.960754 9424.92 8988.92 435.992 0 -29.9404 -30.9941 1 7826.88 245.039 7501 0.000192489
7600 1.47204 1.41828 0.0537623 0 0.963478 9572.31 9130.75 441.561 0 -29.9575 -31.0466 1 7926.88 246.599 7601 0.000186591
7700 1.49756 1.43877 0.0587986 0 0.960737 9721.82 9274.63 447.186 0 -29.9693 -30.7268 1 8026.88 248.15 7701 0.000186828
7800 1.45336 1.40109 0.0522699 0 0.964035 9867.66 9414.74 452.918 0 -29.9875 -31.2028 1 8126.88 249.691 7801 0.000179603
7900 1.47175 1.41747 0.0542822 0 0.963117 10015.1 9556.48 458.573 0 -30.0025 -31.0037 1 8226.88 251.222 7901 0.000179404
8000 1.63077 1.56603 0.0647435 0 0.960299 10178 9713.09 464.95 0 -30.0129 -30.6545 1 8326.88 252.744 8001 0.000195729
8100 1.57849 1.51226 0.0662299 0 0.958042 10335.6 9864.31 471.27 0 -30.0226 -30.6453 1 8426.88 254.257 8101 0.000186676
8200 1.56431 1.50166 0.0626475 0 0.959952 10492.1 10014.5 477.637 0 -30.0347 -30.8359 1 8526.88 255.762 8201 0.000183107
8300 1.56901 1.50777 0.0612359 0 0.960972 10649 10165.3 483.751 0 -30.0433 -30.6196 1 8626.88 257.257 8301 0.000181637
8400 1.61873 1.55373 0.0650043 0 0.959842 10810.7 10320.6 490.086 0 -30.0514 -30.582 1 8726.88 258.744 8401 0.000184946
8500 1.63722 1.57251 0.0647109 0 0.960475 10974.6 10477.9 496.692 0 -30.0584 -30.5244 1 8826.88 260.222 8501 0.00018498
8600 1.65724 1.591 0.0662333 0 0.960034 11140.3 10637 503.27 0 -30.0695 -30.8046 1 8926.88 261.692 8601 0.000184979
8700 1.66629 1.59834 0.0679493 0 0.959221 11306.8 10796.8 510.004 0 -30.0797 -30.7614 1 9026.88 263.153 8701 0.000183696
8800 1.65486 1.59522 0.0596396 0 0.963961 11472.9 10956.3 516.604 0 -30.093 -30.9963 1 9126.88 264.607 8801 0.000181254
8900 1.58191 1.51773 0.0641837 0 0.959426 11631 11108.1 522.894 0 -30.1015 -30.7164 1 9226.88 266.053 8901 0.000170512
9000 1.61578 1.55258 0.0632001 0 0.960886 11792.8 11263.4 529.461 0 -30.11 -30.7205 1 9326.88 267.49 9001 0.000172489
9100 1.51836 1.46098 0.0573776 0 0.962211 11944.9 11409.5 535.406 0 -30.1224 -31.0908 1 9426.88 268.921 9101 0.000160529
9200 1.54716 1.48551 0.0616438 0 0.960157 12099.1 11558 541.102 0 -30.1333 -30.9726 1 9526.88 270.343 9201 0.000161451
9300 1.61645 1.55509 0.0613564 0 0.962042 12260.8 11713.5 547.266 0 -30.1443 -30.9673 1 9626.88 271.758 9301 0.000167196
9400 1.63071 1.56491 0.0657958 0 0.959652 12423.5 11870 553.53 0 -30.1528 -30.7952 1 9726.88 273.166 9401 0.000166462
9500 1.74458 1.67552 0.0690663 0 0.960411 12598.3 12037.6 560.69 0 -30.1583 -30.5457 1 9826.88 274.567 9501 0.000176352
9600 1.72555 1.66114 0.0644029 0 0.962677 12771.5 12203.7 567.808 0 -30.167 -30.8031 1 9926.88 275.96 9601 0.000173018
9700 1.6407 1.57796 0.0627391 0 0.961761 12935.7 12361.5 574.235 0 -30.1799 -31.1807 1 10026.9 277.347 9701 0.00016266
9800 1.63071 1.56871 0.0620075 0 0.961975 13098.8 12518.3 580.49 0 -30.1933 -31.2566 1 10126.9 278.726 9801 0.000160056
9900 1.6245 1.56137 0.0631362 0 0.961135 13261.2 12674.5 586.703 0 -30.2066 -31.2823 1 10226.9 280.099 9901 0.000157698
10000 1.59538 1.53948 0.0559008 0 0.964961 13421.1 12828.4 592.686 0 -30.2216 -31.4651 1 10326.9 281.465 10001 0.000153933
10100 1.58958 1.52909 0.0604875 0 0.961947 13579.9 12981.3 598.536 0 -30.2347 -31.3419 1 10426.9 282.825 10101 0.00015138
10200 1.6428 1.58067 0.0621263 0 0.962183 13744 13139.4 604.612 0 -30.2439 -31.0032 1 10526.9 284.178 10201 0.000154953
10300 1.63626 1.57132 0.0649414 0 0.960311 13907.3 13296.5 610.738 0 -30.2536 -31.0672 1 10626.9 285.524 10301 0.00015254
10400 1.63182 1.56691 0.0649031 0 0.960226 14070.3 13453.2 617.111 0 -30.2623 -31.0121 1 10726.9 286.865 10401 0.00015065
10500 1.58874 1.5286 0.0601483 0 0.962141 14229.3 13606.1 623.242 0 -30.2748 -31.3802 1 10826.9 288.199 10501 0.000145567
10600 1.66151 1.59679 0.064722 0 0.961046 14395.2 13765.8 629.42 0 -30.2836 -31.0352 1 10926.9 289.526 10601 0.000150626
10700 1.60877 1.5501 0.0586672 0 0.963533 14556.3 13920.8 635.485 0 -30.2953 -31.3443 1 11026.9 290.848 10701 0.000144855
10800 1.62036 1.56116 0.059192 0 0.96347 14718.1 14076.9 641.241 0 -30.3055 -31.2238 1 11126.9 292.164 10801 0.000144539
10900 1.6436 1.58046 0.0631353 0 0.961587 14882.3 14234.9 647.338 0 -30.3177 -31.4074 1 11226.9 293.474 10901 0.000144983
11000 1.65222 1.59048 0.0617398 0 0.962632 15047.5 14394 653.556 0 -30.3287 -31.3196 1 11326.9 294.778 11001 0.000144576
11100 1.65274 1.59106 0.0616797 0 0.96268 15212.9 14553.1 659.787 0 -30.3377 -31.1574 1 11426.9 296.076 11101 0.000143326
11200 1.57394 1.51338 0.0605619 0 0.961522 15370.1 14704.4 665.685 0 -30.346 -31.1484 1 11526.9 297.369 11201 0.000135111
11300 1.58271 1.52782 0.0548843 0 0.965323 15528.8 14857.2 671.625 0 -30.3575 -31.4759 1 11626.9 298.656 11301 0.000135194
11400 1.63791 1.57729 0.0606164 0 0.962992 15692.6 15014.9 677.63 0 -30.3677 -31.3263 1 11726.9 299.938 11401 0.000138347
11500 1.67902 1.61156 0.0674593 0 0.959822 15860.1 15176.1 683.982 0 -30.3767 -31.2201 1 11826.9 301.214 11501 0.000140124
11600 1.74382 1.67572 0.0681044 0 0.960945 16034.3 15343.7 690.638 0 -30.3885 -31.4627 1 11926.9 302.485 11601 0.000144446
11700 1.72428 1.66063 0.0636553 0 0.963083 16207 15509.7 697.297 0 -30.4 -31.4728 1 12026.9 303.75 11701 0.000141922
11800 1.7164 1.65238 0.064023 0 0.962699 16378.8 15675 703.867 0 -30.4102 -31.3722 1 12126.9 305.01 11801 0.00014002
11900 1.55575 1.50568 0.0500702 0 0.967816 16535 15825.5 709.474 0 -30.4258 -32.0557 1 12226.9 306.265 11901 0.000126517
12000 1.61354 1.55895 0.0545921 0 0.966166 16696.3 15981.4 714.865 0 -30.438 -31.6953 1 12326.9 307.515 12001 0.000129901
12100 1.66348 1.60923 0.0542479 0 0.967389 16862.9 16142.4 720.576 0 -30.4494 -31.5917 1 12426.9 308.76 12101 0.000132984
12200 1.57783 1.52914 0.04869 0 0.969141 17021.1 16295.3 725.865 0 -30.4621 -31.8115 1 12526.9 310 12201 0.000125329
12300 1.50654 1.46223 0.0443114 0 0.970587 17172.1 16441.5 730.638 0 -30.4776 -32.2242 1 12626.9 311.235 12301 0.00011887
12400 1.44842 1.40282 0.0456012 0 0.968517 17316.8 16581.8 735.031 0 -30.491 -32.0838 1 12726.9 312.465 12401 0.000113122
12500 1.5947 1.53838 0.0563263 0 0.964679 17475.7 16735.6 740.038 0 -30.4997 -31.4436 1 12826.9 313.69 12501 0.00012306
12600 1.54951 1.50008 0.0494276 0 0.968101 17631 16885.6 745.421 0 -30.5098 -31.6481 1 12926.9 314.91 12601 0.000119045
12700 1.5664 1.51025 0.0561507 0 0.964153 17787.3 17036.6 750.612 0 -30.5193 -31.5949 1 13026.9 316.126 12701 0.000118908
12800 1.55485 1.50282 0.0520314 0 0.966536 17943 17186.9 756.032 0 -30.5274 -31.4568 1 13126.9 317.337 12801 0.000117399
12900 1.59275 1.53277 0.0599868 0 0.962338 18101.7 17340.2 761.475 0 -30.5364 -31.5512 1 13226.9 318.544 12901 0.00011881
13000 1.74986 1.68033 0.0695264 0 0.960267 18276.1 17508.2 767.892 0 -30.5436 -31.2898 1 13326.9 319.745 13001 0.000129246
13100 1.62099 1.5603 0.0606903 0 0.96256 18438.4 17664.3 774.126 0 -30.5522 -31.5168 1 13426.9 320.943 13101 0.000119098
13200 1.61966 1.56018 0.0594786 0 0.963277 18600.2 17820.3 779.957 0 -30.5625 -31.7438 1 13526.9 322.136 13201 0.000118186
13300 1.55981 1.50816 0.0516522 0 0.966886 18756.4 17971.1 785.327 0 -30.5747 -32.0181 1 13626.9 323.324 13301 0.000113387
13400 1.56584 1.51174 0.0541045 0 0.965447 18912.9 18122.3 790.652 0 -30.5848 -31.8001 1 13726.9 324.508 13401 0.000112808
13500 1.62877 1.57121 0.057559 0 0.964661 19075.8 18279.4 796.448 0 -30.592 -31.4284 1 13826.9 325.688 13501 0.000116378
13600 1.62565 1.57065 0.0549958 0 0.96617 19238.8 18436.5 802.31 0 -30.6009 -31.6398 1 13926.9 326.864 13601 0.000115481
13700 1.63314 1.57241 0.0607339 0 0.962812 19402 18593.7 808.255 0 -30.6073 -31.3693 1 14026.9 328.035 13701 0.000114766
13800 1.71556 1.65395 0.0616093 0 0.964088 19573.7 18759.1 814.596 0 -30.6125 -31.1971 1 14126.9 329.203 13801 0.000119843
13900 1.67407 1.61402 0.0600503 0 0.964129 19741.3 18920.5 820.792 0 -30.6186 -31.3275 1 14226.9 330.366 13901 0.000116109
14000 1.60674 1.55039 0.05635 0 0.964929 19902.2 19075.5 826.68 0 -30.626 -31.538 1 14326.9 331.525 14001 0.000110734
14100 1.55448 1.49996 0.0545204 0 0.964927 20057.7 19225.5 832.143 0 -30.6353 -31.8206 1 14426.9 332.68 14101 0.000106373
14200 1.58492 1.52993 0.0549951 0 0.965301 20216.3 19378.5 837.776 0 -30.6439 -31.7316 1 14526.9 333.831 14201 0.000107734
14300 1.50824 1.4639 0.0443362 0 0.970604 20367.8 19524.9 842.88 0 -30.654 -32.0079 1 14626.9 334.978 14301 0.000102364
14400 1.49173 1.4447 0.0470292 0 0.968473 20516.9 19669.4 847.464 0 -30.6643 -32.066 1 14726.9 336.121 14401 0.000100319
14500 1.59099 1.53537 0.0556179 0 0.965042 20675.2 19822.9 852.315 0 -30.6721 -31.6898 1 14826.9 337.26 14501 0.00010588
14600 1.54907 1.49684 0.0522297 0 0.966283 20830 19972.6 857.363 0 -30.6807 -31.821 1 14926.9 338.396 14601 0.000102516
14700 1.52775 1.4805 0.047248 0 0.969073 20983.2 20120.7 862.497 0 -30.6898 -31.9298 1 15026.9 339.527 14701 0.000100708
14800 1.57228 1.51824 0.0540357 0 0.965632 21140.5 20272.5 867.986 0 -30.6974 -31.7079 1 15126.9 340.655 14801 0.000102577
14900 1.52739 1.47457 0.0528138 0 0.965422 21293.3 20419.9 873.371 0 -30.7059 -31.8904 1 15226.9 341.779 14901 9.8958e-05
15000 1.5743 1.51703 0.0572625 0 0.963627 21450.4 20571.6 878.765 0 -30.7127 -31.6249 1 15326.9 342.9 15001 0.000101129
15100 1.63961 1.58397 0.0556396 0 0.966065 21614.8 20730 884.75 0 -30.7195 -31.6061 1 15426.9 344.016 15101 0.000104892
15200 1.55559 1.49685 0.0587419 0 0.962238 21770.1 20879.7 890.37 0 -30.7257 -31.6008 1 15526.9 345.13 15201 9.84706e-05
15300 1.56134 1.50591 0.0554314 0 0.964498 21926.3 21030.3 896.012 0 -30.7336 -31.8342 1 15626.9 346.239 15301 9.84192e-05
15400 1.52818 1.476 0.0521822 0 0.965853 22079.3 21177.9 901.346 0 -30.7431 -32.0939 1 15726.9 347.345 15401 9.58379e-05
15500 1.54563 1.4929 0.0527228 0 0.965889 22233.8 21327.2 906.638 0 -30.7511 -31.9018 1 15826.9 348.448 15501 9.63102e-05
15600 1.61155 1.55619 0.0553634 0 0.965646 22395 21482.8 912.161 0 -30.7592 -31.8774 1 15926.9 349.547 15601 9.97495e-05
15700 1.58798 1.53335 0.0546213 0 0.965603 22553.8 21636.2 917.651 0 -30.7668 -31.83 1 16026.9 350.643 15701 9.76597e-05
15800 1.68049 1.62182 0.0586636 0 0.965091 22721.8 21798.3 923.418 0 -30.7743 -31.7838 1 16126.9 351.735 15801 0.00010264
15900 1.61543 1.55884 0.05659 0 0.964969 22883.4 21954.2 929.12 0 -30.7835 -32.0781 1 16226.9 352.824 15901 9.80342e-05
16000 1.58148 1.52677 0.0547107 0 0.965405 23041.6 22106.9 934.725 0 -30.7915 -31.9521 1 16326.9 353.909 16001 9.54171e-05
16100 1.5764 1.51752 0.0588793 0 0.962649 23198.9 22258.7 940.213 0 -30.7987 -31.8475 1 16426.9 354.991 16101 9.42501e-05
16200 1.60616 1.55186 0.0543063 0 0.966189 23359.8 22413.8 945.935 0 -30.8054 -31.7797 1 16526.9 356.07 16201 9.57876e-05
16300 1.57815 1.52516 0.0529909 0 0.966422 23517.8 22566.4 951.427 0 -30.8133 -31.9805 1 16626.9 357.146 16301 9.35622e-05
16400 1.64061 1.58063 0.0599807 0 0.96344 23681.7 22724.4 957.271 0 -30.8217 -32.0168 1 16726.9 358.218 16401 9.63742e-05
16500 1.58792 1.53624 0.0516762 0 0.967457 23840.9 22878 962.844 0 -30.8295 -31.9964 1 16826.9 359.287 16501 9.31e-05
16600 1.54216 1.49077 0.0513885 0 0.966678 23995.1 23027.1 967.929 0 -30.8367 -31.9579 1 16926.9 360.353 16601 8.98e-05
16700 1.60314 1.54737 0.0557726 0 0.96521 24155.1 23181.9 973.23 0 -30.8434 -31.8409 1 17026.9 361.416 16701 9.26512e-05
16800 1.59431 1.53811 0.0562045 0 0.964747 24314.4 23335.7 978.754 0 -30.8498 -31.8182 1 17126.9 362.476 16801 9.15485e-05
16900 1.58337 1.52778 0.0555935 0 0.964889 24472.5 23488.5 984.048 0 -30.8576 -32.0597 1 17226.9 363.533 16901 9.03957e-05
17000 1.58705 1.53624 0.050807 0 0.967987 24631.4 23642.1 989.317 0 -30.8651 -32.0144 1 17326.9 364.586 17001 9.03619e-05
17100 1.57022 1.515 0.0552252 0 0.96483 24788.3 23793.6 994.697 0 -30.8715 -31.8756 1 17426.9 365.637 17101 8.8591e-05
17200 1.63492 1.57291 0.0620083 0 0.962072 24951.4 23950.9 1000.55 0 -30.8781 -31.8829 1 17526.9 366.684 17201 9.14428e-05
17300 1.68455 1.61813 0.0664176 0 0.960572 25119.6 24112.7 1006.88 0 -30.884 -31.762 1 17626.9 367.729 17301 9.35281e-05
17400 1.67511 1.6137 0.0614058 0 0.963342 25287.2 24274 1013.17 0 -30.8913 -31.9806 1 17726.9 368.771 17401 9.27362e-05
17500 1.62593 1.56777 0.0581574 0 0.964231 25449.9 24430.8 1019.04 0 -30.8986 -32.0396 1 17826.9 369.809 17501 8.95816e-05
17600 1.60857 1.55236 0.0562082 0 0.965057 25610.8 24586.1 1024.78 0 -30.9053 -31.9717 1 17926.9 370.845 17601 8.81972e-05
17700 1.61668 1.56142 0.0552633 0 0.965817 25772.7 24742.2 1030.52 0 -30.9116 -31.9083 1 18026.9 371.878 17701 8.82107e-05
17800 1.55076 1.50039 0.050369 0 0.96752 25928.1 24892.2 1035.86 0 -30.9186 -32.0681 1 18126.9 372.908 17801 8.42869e-05
17900 1.60989 1.55531 0.0545837 0 0.966095 26089 25047.8 1041.2 0 -30.9233 -31.6781 1 18226.9 373.935 17901 8.6884e-05
18000 1.62469 1.56847 0.0562254 0 0.965393 26251.4 25204.6 1046.82 0 -30.9279 -31.6743 1 18326.9 374.959 18001 8.71323e-05
18100 1.63551 1.58043 0.0550745 0 0.966326 26415.2 25362.7 1052.58 0 -30.9323 -31.644 1 18426.9 375.981 18101 8.73118e-05
18200 1.66165 1.60451 0.0571458 0 0.965609 26581.5 25523.1 1058.34 0 -30.9356 -31.4578 1 18526.9 377 18201 8.81548e-05
18300 1.66896 1.61655 0.052404 0 0.968601 26748.8 25684.8 1064.02 0 -30.9401 -31.6508 1 18626.9 378.016 18301 8.83315e-05
18400 1.71204 1.65137 0.0606711 0 0.964562 26919.7 25849.9 1069.75 0 -30.9433 -31.4434 1 18726.9 379.029 18401 8.97436e-05
18500 1.72103 1.65667 0.0643579 0 0.962605 27091.3 26015.6 1075.76 0 -30.9449 -31.1965 1 18826.9 380.04 18501 8.95451e-05
18600 1.62502 1.56641 0.0586175 0 0.963928 27253.9 26172.2 1081.66 0 -30.9488 -31.595 1 18926.9 381.048 18601 8.42109e-05
18700 1.66689 1.60824 0.0586519 0 0.964814 27420.8 26333 1087.79 0 -30.9532 -31.6779 1 19026.9 382.053 18701 8.59974e-05
18800 1.55178 1.49531 0.0564759 0 0.963606 27575.9 26482.6 1093.32 0 -30.9582 -31.8416 1 19126.9 383.056 18801 7.95334e-05
18900 1.66525 1.59921 0.0660424 0 0.960341 27742 26642.5 1099.51 0 -30.9619 -31.5648 1 19226.9 384.056 18901 8.46099e-05
19000 1.67583 1.61761 0.0582117 0 0.965264 27910.2 26804.3 1105.91 0 -30.9666 -31.7561 1 19326.9 385.053 19001 8.51331e-05
19100 1.6088 1.55212 0.0566862 0 0.964765 28071.4 26959.5 1111.92 0 -30.9722 -31.9383 1 19426.9 386.048 19101 8.12584e-05
19200 1.5647 1.51235 0.0523495 0 0.966543 28227.9 27110.7 1117.24 0 -30.9782 -32.0504 1 19526.9 387.041 19201 7.87642e-05
19300 1.64422 1.58868 0.055537 0 0.966223 28392.3 27269.6 1122.77 0 -30.9832 -31.8403 1 19626.9 388.03 19301 8.23108e-05
19400 1.61945 1.56166 0.05779 0 0.964315 28554.1 27425.7 1128.36 0 -30.988 -31.8344 1 19726.9 389.018 19401 8.04938e-05
19500 1.60591 1.54964 0.0562659 0 0.964963 28714.6 27580.7 1133.94 0 -30.9939 -32.0467 1 19826.9 390.002 19501 7.94647e-05
19600 1.65211 1.59219 0.0599266 0 0.963727 28879.7 27739.9 1139.74 0 -30.9993 -31.9388 1 19926.9 390.985 19601 8.12299e-05
19700 1.70831 1.64974 0.0585721 0 0.965713 29050.5 27904.9 1145.59 0 -31.004 -31.7928 1 20026.9 391.964 19701 8.37389e-05
19800 1.76766 1.7011 0.0665597 0 0.962346 29226.7 28075 1151.68 0 -31.0081 -31.6773 1 20126.9 392.942 19801 8.59096e-05
19900 1.74992 1.69101 0.0589098 0 0.966336 29402.1 28244.1 1157.98 0 -31.013 -31.8368 1 20226.9 393.917 19901 8.49711e-05
20000 1.66489 1.60784 0.057052 0 0.965732 29568.6 28404.9 1163.72 0 -31.0178 -31.8725 1 20325.9 394.88 20000 8.0392e-05
