100 0.0717771 0.0666072 0.00516991 0 0.927973 7.04895 6.66072 0.388233 0 -26.5589 -26.5589 4 429.882 57.4268 26 0.00256181
200 0.117605 0.109874 0.00773116 0 0.934262 18.8644 17.6481 1.21627 0 -27.6249 -28.2609 4 529.882 63.7572 51 0.00215439
300 0.118925 0.109173 0.00975236 0 0.917996 30.6982 28.5654 2.13279 0 -27.8593 -28.233 4 629.882 69.5136 76 0.00143648
400 0.146205 0.135479 0.0107258 0 0.926638 45.2087 42.1133 3.09544 0 -27.6389 -27.1726 4 729.882 74.8284 101 0.00134138
500 0.150897 0.141021 0.00987639 0 0.934549 60.3942 56.2154 4.17886 0 -27.6486 -27.6774 4 829.882 79.7899 126 0.00111921
600 0.191922 0.178076 0.0138459 0 0.927857 79.3844 74.023 5.3614 0 -27.8038 -28.2974 4 929.882 84.4605 151 0.00117931
700 0.19052 0.177742 0.0127772 0 0.932935 98.5609 91.7972 6.76364 0 -27.9846 -28.7328 4 1029.88 88.8861 176 0.0010099
800 0.210747 0.19465 0.0160966 0 0.923621 119.57 111.262 8.30737 0 -27.9729 -27.9181 4 1129.88 93.1015 201 0.00096841
900 0.186566 0.172804 0.0137621 0 0.926235 138.247 128.543 9.70386 0 -28.039 -28.4626 4 1229.88 97.1341 226 0.000764619
1000 0.201079 0.186874 0.0142042 0 0.92936 158.358 147.23 11.1275 0 -28.0272 -27.946 4 1329.88 101.006 251 0.000744519
1100 0.230859 0.215494 0.0153646 0 0.933446 181.512 168.779 12.7321 0 -28.1053 -28.6391 4 1429.88 104.735 276 0.000780775
1200 0.219333 0.20465 0.0146834 0 0.933054 203.424 189.244 14.1794 0 -28.1049 -28.1021 4 1529.88 108.335 301 0.0006799
1300 0.290417 0.273555 0.0168628 0 0.941936 232.335 216.6 15.7349 0 -28.0252 -27.4646 4 1629.88 111.82 326 0.000839125
1400 0.312635 0.294204 0.018431 0 0.941046 263.509 246.02 17.4884 0 -28.0017 -27.8265 4 1729.88 115.199 351 0.000838188
1500 0.293492 0.275123 0.0183692 0 0.937412 292.915 273.533 19.3825 0 -28.0157 -28.1411 4 1829.88 118.482 376 0.00073171
1600 0.275958 0.260797 0.0151613 0 0.945059 320.727 299.612 21.1146 0 -28.095 -28.9299 4 1929.88 121.676 401 0.000650366
1700 0.239171 0.226691 0.0124798 0 0.94782 344.777 322.281 22.4955 0 -28.1668 -29.1248 4 2029.88 124.789 426 0.000532139
1800 0.255045 0.241793 0.0132513 0 0.948043 370.309 346.461 23.848 0 -28.2063 -28.7393 4 2129.88 127.826 451 0.000536127
1900 0.23988 0.228616 0.0112647 0 0.95304 394.44 369.322 25.1176 0 -28.2342 -28.6622 4 2229.88 130.792 476 0.000480285
2000 0.234075 0.221316 0.0127594 0 0.94549 417.756 391.454 26.3021 0 -28.2814 -29.0795 4 2329.88 133.692 501 0.000441748
2100 0.25696 0.24388 0.0130805 0 0.949095 443.561 415.842 27.7188 0 -28.321 -28.9617 4 2429.88 136.531 526 0.000463649
2200 0.256179 0.242713 0.0134655 0 0.947437 469.17 440.113 29.057 0 -28.3581 -29.0012 4 2529.88 139.313 551 0.000440496
2300 0.238932 0.22553 0.0134016 0 0.94391 492.99 462.666 30.3236 0 -28.4247 -29.7364 4 2629.88 142.039 576 0.000391545
2400 0.266047 0.252867 0.0131802 0 0.950459 519.622 487.953 31.6694 0 -28.4799 -29.5019 4 2729.88 144.714 601 0.000420743
2500 0.29199 0.276791 0.0151997 0 0.947944 548.874 515.632 33.2417 0 -28.4989 -28.8373 4 2829.88 147.341 626 0.000442157
2600 0.278421 0.263787 0.0146348 0 0.947437 576.769 542.011 34.7589 0 -28.5401 -29.3494 4 2929.88 149.922 651 0.000405202
2700 0.329587 0.313248 0.0163386 0 0.950427 609.823 573.335 36.4877 0 -28.5468 -28.6649 4 3029.88 152.459 676 0.000463385
2800 0.293167 0.278157 0.0150096 0 0.948802 639.212 601.151 38.0612 0 -28.5773 -29.2086 4 3129.88 154.954 701 0.000396801
2900 0.275584 0.261271 0.0143134 0 0.948062 666.69 627.278 39.4119 0 -28.6197 -29.6056 4 3229.88 157.41 726 0.000359877
3000 0.271489 0.258643 0.0128457 0 0.952684 693.97 653.143 40.8275 0 -28.6577 -29.5864 4 3329.88 159.829 751 0.000344399
3100 0.279188 0.264779 0.0144089 0 0.94839 721.697 679.62 42.077 0 -28.6987 -29.7257 4 3429.88 162.211 776 0.00034121
3200 0.31739 0.30349 0.0139006 0 0.956203 753.615 709.969 43.6461 0 -28.7144 -29.069 4 3529.88 164.558 801 0.000378888
3300 0.280565 0.26801 0.0125557 0 0.955248 781.855 736.77 45.0847 0 -28.7409 -29.4479 4 3629.88 166.873 826 0.000324467
3400 0.33093 0.315035 0.0158944 0 0.95197 814.85 768.274 46.5762 0 -28.7804 -29.7166 4 3729.88 169.156 851 0.000370194
3500 0.326468 0.311045 0.015424 0 0.952755 847.62 799.378 48.2419 0 -28.8145 -29.6633 4 3829.88 171.409 876 0.000355074
3600 0.325523 0.309996 0.0155273 0 0.9523 880.251 830.378 49.8727 0 -28.8502 -29.7768 4 3929.88 173.632 901 0.000344057
3700 0.329958 0.315874 0.0140837 0 0.957317 913.482 861.965 51.5168 0 -28.8899 -29.943 4 4029.88 175.827 926 0.000341117
3800 0.297279 0.284992 0.0122873 0 0.958667 943.359 890.464 52.8948 0 -28.9294 -30.1347 4 4129.88 177.995 951 0.000299676
3900 0.290209 0.278532 0.0116778 0 0.959761 972.52 918.318 54.2024 0 -28.9697 -30.2743 4 4229.88 180.138 976 0.000285381
4000 0.380132 0.361436 0.018696 0 0.950817 1010.21 954.461 55.7533 0 -28.9841 -29.3556 4 4329.88 182.254 1001 0.000361075
4100 0.383193 0.36794 0.0152525 0 0.960196 1048.71 991.255 57.4565 0 -29.017 -29.8812 4 4429.88 184.347 1026 0.000358616
4200 0.372727 0.355833 0.0168944 0 0.954673 1086.02 1026.84 59.1771 0 -29.0561 -30.1542 4 4529.88 186.416 1051 0.000338566
4300 0.402783 0.385642 0.0171413 0 0.957443 1126.44 1065.4 61.0389 0 -29.0926 -30.0734 4 4629.88 188.463 1076 0.000358403
4400 0.359098 0.342857 0.0162404 0 0.954775 1162.39 1099.69 62.7013 0 -29.1193 -29.9558 4 4729.88 190.487 1101 0.000311405
4500 0.336519 0.324298 0.0122203 0 0.963686 1196.28 1132.12 64.1579 0 -29.1497 -30.1935 4 4829.88 192.49 1126 0.000288009
4600 0.346402 0.331625 0.0147765 0 0.957343 1230.79 1165.28 65.5112 0 -29.1715 -29.9266 4 4929.88 194.473 1151 0.000288119
4700 0.316068 0.307194 0.00887417 0 0.971923 1262.72 1196 66.7187 0 -29.2173 -30.9835 4 5029.88 196.435 1176 0.000261219
4800 0.31368 0.302877 0.010803 0 0.96556 1294.02 1226.29 67.7289 0 -29.2617 -31.0514 4 5129.88 198.378 1201 0.000252187
4900 0.316012 0.303446 0.0125663 0 0.960235 1325.59 1256.63 68.962 0 -29.3084 -31.2208 4 5229.88 200.302 1226 0.000247509
5000 0.319138 0.306267 0.0128713 0 0.959669 1357.37 1287.26 70.1122 0 -29.3425 -30.7687 4 5329.88 202.208 1251 0.000244818
5100 0.330565 0.316837 0.013728 0 0.958471 1390.44 1318.94 71.4994 0 -29.3664 -30.3452 4 5429.88 204.096 1276 0.000248305
5200 0.310364 0.296832 0.0135319 0 0.9564 1421.36 1348.63 72.7314 0 -29.3942 -30.6436 4 5529.88 205.967 1301 0.000228157
5300 0.351219 0.339873 0.0113459 0 0.967696 1456.69 1382.61 74.078 0 -29.43 -30.873 4 5629.88 207.821 1326 0.000256315
5400 0.351246 0.338092 0.0131537 0 0.962551 1491.84 1416.42 75.4224 0 -29.4558 -30.5253 4 5729.88 209.659 1351 0.000250253
5500 0.334629 0.322755 0.0118736 0 0.964517 1525.4 1448.7 76.6993 0 -29.4737 -30.2673 4 5829.88 211.48 1376 0.00023456
5600 0.301505 0.291787 0.00971784 0 0.967769 1555.63 1477.88 77.7497 0 -29.4994 -30.7946 4 5929.88 213.286 1401 0.000208271
5700 0.315767 0.303601 0.0121659 0 0.961472 1587.08 1508.24 78.8443 0 -29.5182 -30.4478 4 6029.88 215.077 1426 0.000212904
5800 0.322077 0.309978 0.0120983 0 0.962436 1619.37 1539.23 80.1313 0 -29.5485 -31.0381 4 6129.88 216.853 1451 0.000213631
5900 0.353916 0.34022 0.0136958 0 0.961302 1654.84 1573.26 81.5835 0 -29.5759 -30.8296 4 6229.88 218.615 1476 0.000230502
6000 0.359369 0.340815 0.018554 0 0.948371 1690.46 1607.34 83.126 0 -29.5929 -30.3817 4 6329.88 220.363 1501 0.000227059
6100 0.346471 0.333644 0.012827 0 0.962978 1725.36 1640.7 84.6566 0 -29.6149 -30.6823 4 6429.88 222.096 1526 0.000218639
6200 0.329589 0.317455 0.0121342 0 0.963184 1758.42 1672.45 85.9719 0 -29.6435 -31.1317 4 6529.88 223.817 1551 0.000204678
6300 0.318896 0.30638 0.0125151 0 0.960755 1790.25 1703.09 87.16 0 -29.6762 -31.4836 4 6629.88 225.524 1576 0.000194404
6400 0.329101 0.316106 0.0129948 0 0.960514 1823.16 1734.7 88.4633 0 -29.7017 -31.0919 4 6729.88 227.219 1601 0.000197443
6500 0.352579 0.334936 0.0176433 0 0.949959 1858.02 1768.19 89.8281 0 -29.7224 -30.8023 4 6829.88 228.9 1626 0.000205988
6600 0.390578 0.373735 0.0168433 0 0.956876 1897.18 1805.56 91.621 0 -29.737 -30.4311 4 6929.88 230.57 1651 0.000226369
6700 0.331426 0.31572 0.0157066 0 0.952609 1930.32 1837.14 93.1823 0 -29.7555 -30.815 4 7029.88 232.228 1676 0.000188377
6800 0.328942 0.313416 0.0155255 0 0.952802 1963.2 1868.48 94.7211 0 -29.7769 -31.0338 4 7129.88 233.874 1701 0.000184254
6900 0.328048 0.312987 0.0150616 0 0.954087 1996.03 1899.78 96.2538 0 -29.7958 -30.9269 4 7229.88 235.508 1726 0.000181336
7000 0.322277 0.309027 0.0132494 0 0.958888 2028.4 1930.68 97.7189 0 -29.8226 -31.4702 4 7329.88 237.131 1751 0.000176486
7100 0.3334 0.318408 0.0149923 0 0.955032 2061.68 1962.52 99.1564 0 -29.8465 -31.309 4 7429.88 238.743 1776 0.000179284
7200 0.347138 0.330966 0.0161725 0 0.953412 2096.28 1995.62 100.666 0 -29.8578 -30.5305 4 7529.88 240.344 1801 0.000183768
7300 0.34699 0.331422 0.0155678 0 0.955135 2130.98 2028.76 102.224 0 -29.8705 -30.6371 4 7629.88 241.935 1826 0.000181502
7400 0.358975 0.342933 0.0160426 0 0.95531 2167.02 2063.05 103.972 0 -29.8887 -30.966 4 7729.88 243.515 1851 0.000185269
7500 0.339666 0.323578 0.0160879 0 0.952636 2201.04 2095.41 105.63 0 -29.9052 -30.956 4 7829.88 245.086 1876 0.000172483
7600 0.343159 0.32536 0.0177989 0 0.948132 2235.09 2127.95 107.14 0 -29.9172 -30.6887 4 7929.88 246.646 1901 0.000171152
7700 0.384331 0.369811 0.0145198 0 0.962221 2273.72 2164.93 108.793 0 -29.9285 -30.5864 4 8029.88 248.196 1926 0.00019201
7800 0.343766 0.329402 0.0143634 0 0.958217 2308.13 2197.87 110.265 0 -29.9443 -30.9866 4 8129.88 249.737 1951 0.000168838
7900 0.316344 0.304554 0.0117905 0 0.962729 2339.84 2228.32 111.522 0 -29.9653 -31.4888 4 8229.88 251.268 1976 0.000154126
8000 0.307342 0.298841 0.00850148 0 0.972339 2370.74 2258.21 112.533 0 -29.992 -32.0176 4 8329.88 252.79 2001 0.000149346
8100 0.313301 0.304745 0.00855635 0 0.97269 2402.17 2288.68 113.487 0 -30.0164 -31.856 4 8429.88 254.303 2026 0.000150417
8200 0.306066 0.296853 0.00921334 0 0.969898 2432.81 2318.37 114.446 0 -30.0396 -31.8571 4 8529.88 255.806 2051 0.000144736
8300 0.287262 0.280108 0.0071546 0 0.975094 2461.75 2346.38 115.372 0 -30.0677 -32.4364 4 8629.88 257.302 2076 0.000134927
8400 0.369587 0.358178 0.0114088 0 0.969131 2498.69 2382.19 116.494 0 -30.0758 -30.6103 4 8729.88 258.788 2101 0.00017048
8500 0.380211 0.36899 0.0112215 0 0.970486 2536.97 2419.09 117.879 0 -30.09 -31.0162 4 8829.88 260.266 2126 0.00017356
8600 0.368032 0.355591 0.0124411 0 0.966196 2573.78 2454.65 119.124 0 -30.1044 -31.1032 4 8929.88 261.736 2151 0.000165314
8700 0.371852 0.358874 0.0129783 0 0.965098 2611.03 2490.54 120.49 0 -30.1203 -31.2148 4 9029.88 263.197 2176 0.000164924
8800 0.359013 0.345031 0.0139817 0 0.961055 2646.92 2525.04 121.878 0 -30.1346 -31.1761 4 9129.88 264.65 2201 0.000156761
8900 0.361495 0.34907 0.0124246 0 0.96563 2683.2 2559.95 123.252 0 -30.1453 -30.9231 4 9229.88 266.096 2226 0.000156815
9000 0.366729 0.353262 0.0134669 0 0.963278 2719.98 2595.28 124.705 0 -30.1604 -31.2609 4 9329.88 267.533 2251 0.000156936
9100 0.387216 0.370859 0.0163565 0 0.957759 2758.6 2632.36 126.237 0 -30.1805 -31.6013 4 9429.88 268.963 2276 0.000162943
9200 0.363249 0.351223 0.0120266 0 0.966892 2795.12 2667.48 127.632 0 -30.1951 -31.2957 4 9529.88 270.386 2301 0.000152639
9300 0.33892 0.327661 0.011259 0 0.96678 2829.11 2700.25 128.862 0 -30.2127 -31.6601 4 9629.88 271.801 2326 0.000140869
9400 0.363393 0.351998 0.011395 0 0.968643 2865.68 2735.45 130.232 0 -30.2333 -31.8266 4 9729.88 273.208 2351 0.000149723
9500 0.371486 0.356805 0.0146815 0 0.960479 2902.71 2771.13 131.574 0 -30.2483 -31.4101 4 9829.88 274.609 2376 0.00015017
9600 0.363347 0.350972 0.0123748 0 0.965942 2939.23 2806.23 132.999 0 -30.2662 -31.6869 4 9929.88 276.002 2401 0.000146178
9700 0.354968 0.342866 0.0121017 0 0.965908 2974.8 2840.51 134.281 0 -30.2853 -31.8653 4 10029.9 277.388 2426 0.00014133
9800 0.347767 0.334449 0.013318 0 0.961704 3009.49 2873.96 135.534 0 -30.2979 -31.3775 4 10129.9 278.768 2451 0.000136454
9900 0.379633 0.364366 0.0152668 0 0.959785 3047.4 2910.4 137.004 0 -30.3129 -31.5059 4 10229.9 280.14 2476 0.000147159
10000 0.371566 0.356622 0.014944 0 0.959781 3084.58 2946.06 138.52 0 -30.3265 -31.4361 4 10329.9 281.506 2501 0.000142592
10100 0.370056 0.353263 0.0167936 0 0.954619 3121.43 2981.38 140.046 0 -30.3391 -31.394 4 10429.9 282.865 2526 0.000139851
10200 0.431597 0.414389 0.0172076 0 0.96013 3164.8 3022.82 141.972 0 -30.3518 -31.2707 4 10529.9 284.218 2551 0.000162442
10300 0.407872 0.388305 0.019567 0 0.952027 3205.5 3061.65 143.843 0 -30.3635 -31.2686 4 10629.9 285.565 2576 0.00015074
10400 0.366558 0.350656 0.0159021 0 0.956618 3242.25 3096.72 145.534 0 -30.3785 -31.6916 4 10729.9 286.905 2601 0.000134816
10500 0.354959 0.340678 0.0142817 0 0.959765 3277.86 3130.79 147.073 0 -30.3921 -31.6317 4 10829.9 288.238 2626 0.000129733
10600 0.352009 0.339707 0.0123016 0 0.965053 3313.24 3164.76 148.483 0 -30.4047 -31.5731 4 10929.9 289.566 2651 0.000128143
10700 0.388467 0.37232 0.0161472 0 0.958434 3352.02 3201.99 150.029 0 -30.4125 -31.0725 4 11029.9 290.888 2676 0.000139133
10800 0.406301 0.388019 0.0182812 0 0.955006 3392.64 3240.79 151.847 0 -30.4206 -31.0938 4 11129.9 292.203 2701 0.000143658
10900 0.391493 0.374381 0.017112 0 0.95629 3431.86 3278.23 153.632 0 -30.4297 -31.215 4 11229.9 293.513 2726 0.000137337
11000 0.407336 0.390087 0.0172491 0 0.957654 3472.67 3317.24 155.431 0 -30.4379 -31.1255 4 11329.9 294.817 2751 0.000141798
11100 0.377428 0.362585 0.0148432 0 0.960673 3510.6 3353.5 157.098 0 -30.4538 -31.9125 4 11429.9 296.115 2776 0.000130614
11200 0.378191 0.362199 0.0159919 0 0.957715 3548.42 3389.72 158.699 0 -30.4671 -31.7002 4 11529.9 297.408 2801 0.00012931
11300 0.356201 0.342547 0.0136541 0 0.961667 3584.23 3423.97 160.254 0 -30.4809 -31.8478 4 11629.9 298.695 2826 0.000121213
11400 0.408422 0.390972 0.0174494 0 0.957276 3625.1 3463.07 162.034 0 -30.4902 -31.3054 4 11729.9 299.976 2851 0.000137135
11500 0.383784 0.363556 0.0202282 0 0.947293 3663.3 3499.43 163.877 0 -30.4975 -31.1955 4 11829.9 301.252 2876 0.00012641
11600 0.408699 0.388741 0.0199573 0 0.951169 3704.16 3538.3 165.861 0 -30.5042 -31.1003 4 11929.9 302.523 2901 0.000134002
11700 0.382536 0.36515 0.0173861 0 0.95455 3742.52 3574.81 167.705 0 -30.5092 -30.9897 4 12029.9 303.788 2926 0.000124795
11800 0.388221 0.371774 0.0164465 0 0.957636 3781.48 3611.99 169.487 0 -30.516 -31.1698 4 12129.9 305.048 2951 0.000125983
11900 0.389965 0.373042 0.0169224 0 0.956605 3820.39 3649.3 171.092 0 -30.5216 -31.0707 4 12229.9 306.303 2976 0.00012535
12000 0.449228 0.429555 0.019673 0 0.956207 3865.17 3692.25 172.917 0 -30.5218 -30.5408 4 12329.9 307.553 3001 0.000143137
12100 0.457821 0.441256 0.016565 0 0.963818 3911.21 3736.38 174.837 0 -30.5245 -30.7485 4 12429.9 308.797 3026 0.000145822
12200 0.412353 0.397159 0.0151937 0 0.963154 3952.49 3776.09 176.402 0 -30.5303 -31.0816 4 12529.9 310.037 3051 0.000130173
12300 0.400272 0.386642 0.0136294 0 0.96595 3992.64 3814.76 177.885 0 -30.537 -31.1979 4 12629.9 311.272 3076 0.000125696
12400 0.359023 0.347051 0.0119722 0 0.966653 4028.66 3849.46 179.198 0 -30.5477 -31.7277 4 12729.9 312.502 3101 0.000111916
12500 0.341465 0.329897 0.0115681 0 0.966122 4062.82 3882.45 180.37 0 -30.5593 -31.9267 4 12829.9 313.727 3126 0.000105533
12600 0.331467 0.321921 0.00954549 0 0.971202 4096.07 3914.64 181.43 0 -30.5718 -32.0985 4 12929.9 314.947 3151 0.000102165
12700 0.331709 0.322181 0.00952809 0 0.971276 4129.3 3946.86 182.44 0 -30.5856 -32.2855 4 13029.9 316.162 3176 0.000101442
12800 0.344946 0.333939 0.0110064 0 0.968092 4163.67 3980.26 183.413 0 -30.598 -32.0892 4 13129.9 317.373 3201 0.000104323
12900 0.383924 0.370423 0.0135004 0 0.964836 4201.91 4017.3 184.61 0 -30.6052 -31.3933 4 13229.9 318.58 3226 0.000114824
13000 0.38677 0.372928 0.0138422 0 0.964211 4240.59 4054.59 186.002 0 -30.6071 -30.8094 4 13329.9 319.781 3251 0.000114712
13100 0.352835 0.340466 0.0123688 0 0.964944 4275.95 4088.64 187.313 0 -30.6167 -31.7737 4 13429.9 320.979 3276 0.000103927
13200 0.374473 0.361908 0.0125654 0 0.966445 4313.51 4124.83 188.686 0 -30.6291 -32.0322 4 13529.9 322.171 3301 0.000109636
13300 0.391565 0.374085 0.0174798 0 0.955359 4352.33 4162.24 190.091 0 -30.6345 -31.2361 4 13629.9 323.36 3326 0.000112473
13400 0.43768 0.416549 0.0211319 0 0.951719 4395.7 4203.89 191.809 0 -30.6306 -30.2445 4 13729.9 324.544 3351 0.000124306
13500 0.424678 0.407132 0.0175452 0 0.958686 4438.01 4244.61 193.401 0 -30.632 -30.7727 4 13829.9 325.724 3376 0.000120596
13600 0.432193 0.416699 0.0154945 0 0.964149 4481.33 4286.28 195.056 0 -30.6379 -31.2444 4 13929.9 326.899 3401 0.000122522
13700 0.419236 0.402863 0.0163732 0 0.960945 4523.21 4326.56 196.648 0 -30.6438 -31.274 4 14029.9 328.07 3426 0.00011759
13800 0.417255 0.402934 0.0143202 0 0.96568 4565.16 4366.85 198.3 0 -30.651 -31.4244 4 14129.9 329.238 3451 0.000116759
13900 0.375041 0.362269 0.0127723 0 0.965944 4602.68 4403.08 199.6 0 -30.6604 -31.8107 4 14229.9 330.401 3476 0.00010422
14000 0.402693 0.387978 0.0147157 0 0.963457 4643.03 4441.88 201.155 0 -30.6668 -31.3936 4 14329.9 331.559 3501 0.000110819
14100 0.446361 0.428624 0.0177365 0 0.960264 4687.66 4484.74 202.919 0 -30.6723 -31.2437 4 14429.9 332.714 3526 0.000121561
14200 0.460131 0.444543 0.0155883 0 0.966122 4733.91 4529.2 204.71 0 -30.6682 -30.2513 4 14529.9 333.865 3551 0.000125188
14300 0.407814 0.391786 0.0160282 0 0.960697 4774.68 4568.37 206.307 0 -30.6697 -30.8448 4 14629.9 335.012 3576 0.00010956
14400 0.378128 0.365216 0.0129126 0 0.965851 4812.68 4604.9 207.786 0 -30.6743 -31.2579 4 14729.9 336.155 3601 0.000101421
14500 0.369156 0.356657 0.0124999 0 0.966139 4849.66 4640.56 209.094 0 -30.6821 -31.6975 4 14829.9 337.294 3626 9.83609e-05
14600 0.392658 0.380512 0.012146 0 0.969067 4889.1 4678.61 210.489 0 -30.6894 -31.5901 4 14929.9 338.43 3651 0.000104221
14700 0.380868 0.367189 0.0136791 0 0.964084 4927.12 4715.33 211.789 0 -30.6937 -31.245 4 15029.9 339.561 3676 9.98881e-05
14800 0.442504 0.424183 0.0183209 0 0.958597 4971.09 4757.75 213.341 0 -30.6947 -30.8051 4 15129.9 340.689 3701 0.000114613
14900 0.435347 0.421404 0.0139432 0 0.967972 5014.8 4799.89 214.912 0 -30.703 -31.6452 4 15229.9 341.813 3726 0.000113098
15000 0.449828 0.434662 0.0151661 0 0.966285 5059.94 4843.36 216.581 0 -30.7057 -31.0063 4 15329.9 342.933 3751 0.000115879
15100 0.442222 0.425598 0.0166244 0 0.962407 5104.18 4885.92 218.26 0 -30.7089 -31.0795 4 15429.9 344.05 3776 0.000112711
15200 0.417642 0.402528 0.015114 0 0.963811 5146.08 4926.17 219.913 0 -30.7148 -31.4221 4 15529.9 345.163 3801 0.0001059
15300 0.41624 0.401294 0.0149454 0 0.964094 5187.76 4966.3 221.462 0 -30.7217 -31.5731 4 15629.9 346.272 3826 0.000104886
15400 0.450007 0.432015 0.017992 0 0.960018 5232.64 5009.5 223.137 0 -30.7268 -31.323 4 15729.9 347.378 3851 0.000112183
15500 0.432547 0.417091 0.0154553 0 0.964269 5276.01 5051.21 224.803 0 -30.7338 -31.5818 4 15829.9 348.481 3876 0.000107609
15600 0.426477 0.41003 0.0164467 0 0.961436 5318.57 5092.21 226.36 0 -30.7393 -31.4145 4 15929.9 349.58 3901 0.000105109
15700 0.418249 0.403315 0.0149342 0 0.964293 5360.51 5132.54 227.964 0 -30.7473 -31.7685 4 16029.9 350.675 3926 0.000102729
15800 0.426179 0.409111 0.0170684 0 0.95995 5403.05 5173.46 229.595 0 -30.7516 -31.2946 4 16129.9 351.767 3951 0.000103546
15900 0.483749 0.463585 0.0201632 0 0.958319 5451.26 5219.81 231.448 0 -30.7517 -30.7525 4 16229.9 352.856 3976 0.000116596
16000 0.492237 0.469439 0.0227978 0 0.953685 5500.21 5266.76 233.453 0 -30.7502 -30.5839 4 16329.9 353.942 4001 0.000117331
16100 0.502506 0.484105 0.0184009 0 0.963382 5550.71 5315.17 235.541 0 -30.7537 -31.1433 4 16429.9 355.024 4026 0.000120245
16200 0.444618 0.429179 0.0154387 0 0.965277 5595.31 5358.09 237.225 0 -30.7632 -31.9459 4 16529.9 356.102 4051 0.000105944
16300 0.444503 0.429623 0.0148796 0 0.966525 5639.88 5401.05 238.827 0 -30.7697 -31.5771 4 16629.9 357.178 4076 0.000105403
16400 0.479868 0.461837 0.0180311 0 0.962425 5687.7 5447.23 240.466 0 -30.7745 -31.3425 4 16729.9 358.25 4101 0.000112616
16500 0.453832 0.440539 0.0132933 0 0.970709 5733.27 5491.29 241.981 0 -30.7809 -31.5759 4 16829.9 359.319 4126 0.000106771
16600 0.484918 0.465779 0.0191391 0 0.960531 5781.49 5537.86 243.626 0 -30.7888 -31.7277 4 16929.9 360.385 4151 0.000112209
16700 0.467227 0.452182 0.0150454 0 0.967799 5828.41 5583.08 245.328 0 -30.7963 -31.7245 4 17029.9 361.448 4176 0.000108281
16800 0.41979 0.407076 0.0127133 0 0.969715 5870.51 5623.79 246.724 0 -30.8052 -32.0372 4 17129.9 362.508 4201 9.68999e-05
16900 0.437923 0.424171 0.0137526 0 0.968596 5914.32 5666.21 248.115 0 -30.8107 -31.5524 4 17229.9 363.564 4226 0.000100372
17000 0.428464 0.413878 0.014586 0 0.965958 5957.15 5707.59 249.56 0 -30.8193 -32.0095 4 17329.9 364.618 4251 9.73601e-05
17100 0.425114 0.411311 0.0138028 0 0.967532 5999.82 5748.73 251.092 0 -30.8259 -31.7348 4 17429.9 365.668 4276 9.61906e-05
17200 0.387569 0.375525 0.0120437 0 0.968925 6038.69 5786.28 252.413 0 -30.834 -32.0964 4 17529.9 366.716 4301 8.73111e-05
17300 0.403099 0.388798 0.0143006 0 0.964523 6078.8 5825.16 253.639 0 -30.8413 -31.9305 4 17629.9 367.76 4326 8.98748e-05
17400 0.466374 0.450484 0.0158899 0 0.965929 6125.39 5870.21 255.18 0 -30.8496 -31.9346 4 17729.9 368.802 4351 0.000103536
17500 0.445635 0.432769 0.0128661 0 0.971129 6170.23 5913.48 256.751 0 -30.8565 -31.8054 4 17829.9 369.84 4376 9.88961e-05
17600 0.418449 0.403627 0.0148221 0 0.964579 6211.95 5953.85 258.106 0 -30.8656 -32.2089 4 17929.9 370.876 4401 9.17126e-05
17700 0.398109 0.386523 0.0115859 0 0.970898 6251.89 5992.5 259.393 0 -30.8764 -32.5561 4 18029.9 371.909 4426 8.73301e-05
17800 0.392656 0.380046 0.0126106 0 0.967884 6291.16 6030.5 260.66 0 -30.8854 -32.3162 4 18129.9 372.939 4451 8.53844e-05
17900 0.420403 0.40602 0.0143831 0 0.965787 6333.18 6071.1 262.073 0 -30.891 -31.7241 4 18229.9 373.966 4476 9.07104e-05
18000 0.427635 0.412227 0.015408 0 0.963969 6375.9 6112.33 263.576 0 -30.8986 -32.035 4 18329.9 374.99 4501 9.15856e-05
18100 0.456511 0.44042 0.0160909 0 0.964752 6421.58 6156.37 265.208 0 -30.9069 -32.0592 4 18429.9 376.012 4526 9.73089e-05
18200 0.429236 0.413621 0.0156153 0 0.963621 6464.47 6197.73 266.738 0 -30.9146 -32.0734 4 18529.9 377.03 4551 9.08857e-05
18300 0.446544 0.432202 0.0143421 0 0.967882 6509.25 6240.95 268.299 0 -30.9194 -31.6112 4 18629.9 378.046 4576 9.44497e-05
18400 0.457823 0.439969 0.0178541 0 0.961002 6554.96 6284.95 270.008 0 -30.923 -31.4313 4 18729.9 379.06 4601 9.56246e-05
18500 0.433944 0.416307 0.0176369 0 0.959357 6598.42 6326.58 271.837 0 -30.9263 -31.4285 4 18829.9 380.07 4626 8.99929e-05
18600 0.451081 0.433186 0.0178953 0 0.960328 6643.52 6369.9 273.625 0 -30.9285 -31.2438 4 18929.9 381.078 4651 9.31382e-05
18700 0.478785 0.46029 0.0184948 0 0.961371 6691.4 6415.93 275.474 0 -30.9314 -31.3417 4 19029.9 382.083 4676 9.84367e-05
18800 0.445712 0.43079 0.0149219 0 0.966521 6736.25 6459.01 277.245 0 -30.9389 -32.0551 4 19129.9 383.086 4701 9.16379e-05
18900 0.407392 0.392765 0.0146272 0 0.964096 6777.03 6498.28 278.749 0 -30.9475 -32.3621 4 19229.9 384.086 4726 8.31073e-05
19000 0.397498 0.383844 0.0136546 0 0.965649 6816.8 6536.67 280.137 0 -30.9545 -32.1593 4 19329.9 385.083 4751 8.07922e-05
19100 0.410709 0.398135 0.0125742 0 0.969384 6858.03 6576.48 281.549 0 -30.9602 -31.9023 4 19429.9 386.078 4776 8.33616e-05
19200 0.394925 0.38062 0.0143052 0 0.963778 6897.38 6614.54 282.836 0 -30.967 -32.1437 4 19529.9 387.07 4801 7.92792e-05
19300 0.462027 0.446066 0.0159615 0 0.965453 6943.57 6659.15 284.422 0 -30.9725 -31.7891 4 19629.9 388.06 4826 9.24297e-05
19400 0.44248 0.427278 0.0152021 0 0.965643 6988 6701.88 286.119 0 -30.9785 -31.9181 4 19729.9 389.047 4851 8.80804e-05
19500 0.40958 0.396066 0.0135137 0 0.967006 7029.02 6741.48 287.535 0 -30.9863 -32.3173 4 19829.9 390.032 4876 8.12276e-05
19600 0.474515 0.456771 0.0177447 0 0.962605 7076.4 6787.16 289.237 0 -30.9874 -31.1547 4 19929.9 391.014 4901 9.31995e-05
19700 0.447438 0.431068 0.0163702 0 0.963414 7121.23 6830.27 290.967 0 -30.9911 -31.5754 4 20029.9 391.994 4926 8.75087e-05
19800 0.402148 0.389676 0.012472 0 0.968987 7161.72 6869.23 292.49 0 -30.9984 -32.2864 4 20129.9 392.971 4951 7.87065e-05
19900 0.397642 0.384235 0.0134074 0 0.966283 7201.43 6907.66 293.77 0 -31.0065 -32.4568 4 20229.9 393.946 4976 7.72176e-05
20000 0.429248 0.415551 0.0136971 0 0.96809 7244.36 6949.21 295.142 0 -31.0119 -31.9274 4 20329.9 394.919 5001 8.30935e-05
20100 0.419199 0.406594 0.0126043 0 0.969932 7286.48 6989.87 296.612 0 -31.0189 -32.2179 4 20429.9 395.889 5026 8.08982e-05
20200 0.417848 0.405002 0.0128452 0 0.969259 7328.38 7030.37 298.011 0 -31.0259 -32.2353 4 20529.9 396.856 5051 8.01826e-05
20300 0.430712 0.416242 0.0144709 0 0.966403 7371.56 7072 299.56 0 -31.0317 -32.0289 4 20629.9 397.822 5076 8.20019e-05
20400 0.400422 0.387155 0.0132675 0 0.966866 7411.67 7110.71 300.953 0 -31.0376 -32.11 4 20729.9 398.785 5101 7.58978e-05
20500 0.427416 0.414074 0.0133413 0 0.968786 7454.46 7152.12 302.337 0 -31.0431 -32.0031 4 20829.9 399.745 5126 8.07792e-05
20600 0.392394 0.38164 0.0107537 0 0.972595 7493.82 7190.28 303.538 0 -31.0516 -32.6677 4 20929.9 400.704 5151 7.40905e-05
20700 0.384977 0.371383 0.0135937 0 0.96469 7532.1 7227.42 304.678 0 -31.0607 -32.8273 4 21029.9 401.66 5176 7.1751e-05
20800 0.410393 0.395937 0.0144559 0 0.964776 7572.96 7267.02 305.943 0 -31.0695 -32.6902 4 21129.9 402.614 5201 7.61271e-05
20900 0.395351 0.381857 0.0134942 0 0.965868 7612.46 7305.2 307.254 0 -31.0771 -32.5453 4 21229.9 403.565 5226 7.30686e-05
21000 0.410638 0.39627 0.014368 0 0.965011 7653.5 7344.83 308.673 0 -31.0815 -31.9002 4 21329.9 404.515 5251 7.54657e-05
21100 0.435892 0.42057 0.0153213 0 0.964851 7697.1 7386.89 310.214 0 -31.0869 -32.0218 4 21429.9 405.462 5276 7.97139e-05
21200 0.403526 0.389847 0.0136791 0 0.966101 7737.56 7425.87 311.688 0 -31.0941 -32.4619 4 21529.9 406.407 5301 7.35422e-05
21300 0.394987 0.381716 0.0132708 0 0.966402 7777.02 7464.04 312.976 0 -31.1001 -32.2879 4 21629.9 407.349 5326 7.16703e-05
21400 0.420289 0.404416 0.0158732 0 0.962233 7818.84 7504.48 314.356 0 -31.1028 -31.6024 4 21729.9 408.29 5351 7.55777e-05
21500 0.413229 0.398971 0.0142584 0 0.965495 7860.01 7544.38 315.63 0 -31.1074 -31.9801 4 21829.9 409.228 5376 7.42133e-05
21600 0.412641 0.399189 0.013452 0 0.9674 7901.29 7584.3 316.994 0 -31.1137 -32.3119 4 21929.9 410.165 5401 7.39103e-05
21700 0.398949 0.386741 0.0122085 0 0.969398 7941.29 7622.97 318.317 0 -31.1215 -32.6683 4 22029.9 411.099 5426 7.12755e-05
21800 0.389939 0.379064 0.0108751 0 0.972111 7980.43 7660.88 319.553 0 -31.129 -32.647 4 22129.9 412.031 5451 6.95403e-05
21900 0.422588 0.409511 0.0130777 0 0.969053 8022.63 7701.83 320.798 0 -31.1342 -32.1227 4 22229.9 412.961 5476 7.47828e-05
22000 0.399398 0.38761 0.0117887 0 0.970484 8062.67 7740.59 322.078 0 -31.1414 -32.577 4 22329.9 413.888 5501 7.04617e-05
22100 0.382024 0.3705 0.0115245 0 0.969833 8100.86 7777.64 323.216 0 -31.1487 -32.6942 4 22429.9 414.814 5526 6.70466e-05
22200 0.386414 0.374241 0.0121727 0 0.968498 8139.55 7815.07 324.481 0 -31.157 -32.8883 4 22529.9 415.738 5551 6.74187e-05
22300 0.393047 0.377967 0.0150803 0 0.961632 8178.68 7852.86 325.819 0 -31.1638 -32.587 4 22629.9 416.659 5576 6.77846e-05
22400 0.423408 0.409607 0.0138014 0 0.967404 8221.22 7893.82 327.398 0 -31.1709 -32.5242 4 22729.9 417.579 5601 7.3131e-05
22500 0.418403 0.404126 0.0142767 0 0.965878 8263.2 7934.24 328.96 0 -31.1775 -32.4788 4 22829.9 418.497 5626 7.18318e-05
22600 0.379648 0.365674 0.0139738 0 0.963193 8301.21 7970.8 330.404 0 -31.1846 -32.7231 4 22929.9 419.412 5651 6.47096e-05
22700 0.394312 0.379418 0.0148942 0 0.962227 8340.42 8008.75 331.676 0 -31.1886 -32.0447 4 23029.9 420.326 5676 6.6846e-05
22800 0.408202 0.394528 0.0136742 0 0.966501 8381.26 8048.2 333.066 0 -31.1922 -31.9133 4 23129.9 421.237 5701 6.92033e-05
22900 0.408224 0.394033 0.0141903 0 0.965239 8422.09 8087.6 334.489 0 -31.1953 -31.8413 4 23229.9 422.147 5726 6.88148e-05
23000 0.422526 0.407867 0.0146583 0 0.965308 8464.5 8128.39 336.113 0 -31.1981 -31.7608 4 23329.9 423.055 5751 7.09211e-05
23100 0.406346 0.393335 0.0130102 0 0.967982 8505.26 8167.72 337.542 0 -31.2015 -31.8959 4 23429.9 423.96 5776 6.80982e-05
23200 0.389277 0.376643 0.0126345 0 0.967544 8544.18 8205.39 338.798 0 -31.207 -32.4072 4 23529.9 424.864 5801 6.49272e-05
23300 0.391939 0.381226 0.0107132 0 0.972666 8583.61 8243.51 340.1 0 -31.2132 -32.5613 4 23629.9 425.766 5826 6.54353e-05
23400 0.361654 0.351354 0.0102999 0 0.97152 8619.84 8278.64 341.197 0 -31.2205 -32.9563 4 23729.9 426.666 5851 6.00502e-05
23500 0.395591 0.383157 0.0124347 0 0.968567 8659.31 8316.96 342.346 0 -31.2256 -32.3359 4 23829.9 427.564 5876 6.5207e-05
23600 0.447881 0.433539 0.0143419 0 0.967978 8704.13 8360.31 343.817 0 -31.2301 -32.1075 4 23929.9 428.46 5901 7.34687e-05
23700 0.430282 0.41711 0.0131719 0 0.969388 8747.38 8402.02 345.351 0 -31.2338 -31.9701 4 24029.9 429.354 5926 7.03865e-05
23800 0.433291 0.418613 0.0146781 0 0.966124 8790.73 8443.89 346.841 0 -31.2377 -32.018 4 24129.9 430.247 5951 7.03434e-05
23900 0.424096 0.407993 0.0161031 0 0.962029 8833.09 8484.69 348.404 0 -31.2431 -32.3772 4 24229.9 431.137 5976 6.82719e-05
24000 0.457623 0.442502 0.0151216 0 0.966956 8879.04 8528.94 350.1 0 -31.2474 -32.0766 4 24329.9 432.026 6001 7.3738e-05
24100 0.420625 0.40648 0.0141455 0 0.96637 8921.13 8569.58 351.549 0 -31.2523 -32.2675 4 24429.9 432.913 6026 6.74543e-05
24200 0.432889 0.418754 0.0141351 0 0.967347 8964.46 8611.46 352.999 0 -31.2556 -31.9405 4 24529.9 433.798 6051 6.9204e-05
24300 0.422358 0.407576 0.0147819 0 0.965001 9006.66 8652.22 354.442 0 -31.2589 -31.9585 4 24629.9 434.682 6076 6.70797e-05
24400 0.415451 0.401917 0.0135341 0 0.967423 9048.29 8692.41 355.883 0 -31.2641 -32.3966 4 24729.9 435.563 6101 6.58772e-05
24500 0.422122 0.409147 0.0129751 0 0.969262 9090.61 8733.32 357.287 0 -31.2695 -32.4171 4 24829.9 436.443 6126 6.67886e-05
24600 0.409841 0.396181 0.0136599 0 0.96667 9131.63 8772.94 358.685 0 -31.2754 -32.5917 4 24929.9 437.321 6151 6.44092e-05
24700 0.442933 0.424308 0.0186245 0 0.957952 9175.66 8815.37 360.291 0 -31.2768 -31.555 4 25029.9 438.197 6176 6.87027e-05
24800 0.469496 0.449912 0.0195843 0 0.958287 9222.46 8860.36 362.093 0 -31.2777 -31.4562 4 25129.9 439.072 6201 7.25547e-05
24900 0.454663 0.438603 0.0160596 0 0.964678 9268.1 8904.22 363.875 0 -31.2813 -32.0224 4 25229.9 439.944 6226 7.04471e-05
25000 0.439458 0.424188 0.0152698 0 0.965253 9312.15 8946.64 365.51 0 -31.2857 -32.1969 4 25329.9 440.815 6251 6.78593e-05
25100 0.475193 0.457346 0.0178471 0 0.962443 9359.56 8992.38 367.183 0 -31.287 -31.5547 4 25429.9 441.685 6276 7.28722e-05
25200 0.438511 0.424428 0.0140832 0 0.967884 9403.62 9034.82 368.802 0 -31.2897 -31.8481 4 25529.9 442.552 6301 6.73588e-05
25300 0.428286 0.412661 0.015625 0 0.963517 9446.41 9076.09 370.32 0 -31.2929 -32.0036 4 25629.9 443.418 6326 6.52325e-05
25400 0.430412 0.414387 0.016025 0 0.962768 9489.48 9117.52 371.955 0 -31.2968 -32.163 4 25729.9 444.282 6351 6.52476e-05
25500 0.414778 0.401201 0.013577 0 0.967267 9531.07 9157.64 373.424 0 -31.3 -32.0163 4 25829.9 445.145 6376 6.29236e-05
25600 0.453512 0.439169 0.0143428 0 0.968374 9576.58 9201.56 375.017 0 -31.3037 -32.0869 4 25929.9 446.006 6401 6.86095e-05
25700 0.436494 0.421652 0.0148412 0 0.965999 9620.3 9243.73 376.57 0 -31.3065 -31.9134 4 26029.9 446.865 6426 6.56166e-05
25800 0.402286 0.390447 0.0118394 0 0.97057 9660.73 9282.77 377.957 0 -31.312 -32.628 4 26129.9 447.722 6451 6.0525e-05
25900 0.426737 0.41219 0.0145468 0 0.965911 9703.45 9323.99 379.464 0 -31.3145 -31.8695 4 26229.9 448.578 6476 6.36488e-05
26000 0.387368 0.374651 0.0127171 0 0.96717 9742.22 9361.46 380.77 0 -31.3191 -32.4806 4 26329.9 449.433 6501 5.76297e-05
26100 0.407091 0.393676 0.0134148 0 0.967047 9782.94 9400.82 382.119 0 -31.3225 -32.1382 4 26429.9 450.285 6526 6.03243e-05
26200 0.396513 0.385056 0.0114571 0 0.971105 9822.64 9439.33 383.312 0 -31.327 -32.4318 4 26529.9 451.136 6551 5.87782e-05
26300 0.36928 0.358988 0.0102914 0 0.972131 9859.63 9475.23 384.403 0 -31.3322 -32.721 4 26629.9 451.986 6576 5.45907e-05
26400 0.371256 0.360164 0.0110925 0 0.970122 9896.77 9511.24 385.522 0 -31.3372 -32.642 4 26729.9 452.834 6601 5.4562e-05
26500 0.396923 0.384307 0.0126159 0 0.968216 9936.52 9549.67 386.847 0 -31.3406 -32.1995 4 26829.9 453.68 6626 5.79999e-05
26600 0.370817 0.358864 0.0119528 0 0.967766 9973.56 9585.56 387.996 0 -31.3448 -32.4641 4 26929.9 454.524 6651 5.39564e-05
26700 0.379223 0.367967 0.0112566 0 0.970317 10011.5 9622.36 389.134 0 -31.3487 -32.3695 4 27029.9 455.368 6676 5.51178e-05
26800 0.354841 0.345552 0.00928849 0 0.973823 10047 9656.91 390.135 0 -31.3542 -32.926 4 27129.9 456.209 6701 5.15673e-05
26900 0.353063 0.345565 0.00749788 0 0.978763 10082.6 9691.47 391.131 0 -31.3605 -33.1226 4 27229.9 457.049 6726 5.13775e-05
27000 0.365041 0.35747 0.00757157 0 0.979258 10119.2 9727.22 392.001 0 -31.3654 -32.725 4 27329.9 457.888 6751 5.29506e-05
27100 0.395018 0.381279 0.0137393 0 0.965219 10158.5 9765.34 393.162 0 -31.3694 -32.4044 4 27429.9 458.725 6776 5.6269e-05
27200 0.386815 0.376424 0.0103911 0 0.973137 10197.4 9802.99 394.419 0 -31.3749 -32.8126 4 27529.9 459.56 6801 5.53483e-05
27300 0.387194 0.377207 0.00998689 0 0.974207 10236.3 9840.71 395.62 0 -31.3813 -33.04 4 27629.9 460.394 6826 5.52604e-05
27400 0.399803 0.387348 0.0124549 0 0.968847 10276.3 9879.44 396.897 0 -31.3873 -32.9272 4 27729.9 461.226 6851 5.65389e-05
27500 0.366809 0.356099 0.0107099 0 0.970803 10313.1 9915.05 398.048 0 -31.3923 -32.7967 4 27829.9 462.057 6876 5.17887e-05
27600 0.378512 0.365732 0.0127795 0 0.966238 10350.8 9951.63 399.163 0 -31.3963 -32.4897 4 27929.9 462.887 6901 5.2997e-05
27700 0.375002 0.363897 0.0111055 0 0.970385 10388.4 9988.01 400.409 0 -31.4001 -32.4553 4 28029.9 463.715 6926 5.25406e-05
27800 0.410849 0.397161 0.013688 0 0.966684 10429.5 10027.7 401.784 0 -31.405 -32.6359 4 28129.9 464.541 6951 5.71372e-05
27900 0.382413 0.369809 0.0126045 0 0.96704 10467.7 10064.7 403.009 0 -31.4105 -32.9154 4 28229.9 465.366 6976 5.30116e-05
28000 0.403003 0.389155 0.0138478 0 0.965638 10507.9 10103.6 404.289 0 -31.415 -32.583 4 28329.9 466.189 7001 5.55856e-05
28100 0.37987 0.36917 0.0107001 0 0.971832 10546.1 10140.5 405.526 0 -31.4205 -32.9304 4 28429.9 467.012 7026 5.25434e-05
28200 0.420451 0.405547 0.0149043 0 0.964552 10588 10181.1 406.944 0 -31.4236 -32.2074 4 28529.9 467.832 7051 5.75163e-05
28300 0.398487 0.384958 0.013529 0 0.966049 10628 10219.6 408.42 0 -31.4279 -32.5505 4 28629.9 468.651 7076 5.44033e-05
28400 0.392087 0.3797 0.0123864 0 0.968409 10667.4 10257.6 409.813 0 -31.434 -33.0895 4 28729.9 469.469 7101 5.34714e-05
28500 0.377958 0.366646 0.011312 0 0.970071 10705.3 10294.2 411.052 0 -31.4388 -32.7869 4 28829.9 470.285 7126 5.14519e-05
28600 0.364676 0.35249 0.0121861 0 0.966584 10741.7 10329.5 412.185 0 -31.4442 -33.0412 4 28929.9 471.1 7151 4.92924e-05
28700 0.420601 0.405733 0.0148673 0 0.964652 10783.6 10370.1 413.504 0 -31.4452 -31.6957 4 29029.9 471.914 7176 5.65403e-05
28800 0.408438 0.394302 0.0141359 0 0.96539 10824.4 10409.5 414.912 0 -31.4473 -32.0022 4 29129.9 472.726 7201 5.47566e-05
28900 0.397761 0.383629 0.0141325 0 0.96447 10864.2 10447.8 416.334 0 -31.4488 -31.8507 4 29229.9 473.537 7226 5.309e-05
29000 0.367341 0.355685 0.0116565 0 0.968268 10901 10483.4 417.584 0 -31.4524 -32.5189 4 29329.9 474.346 7251 4.90532e-05
29100 0.357333 0.347171 0.0101625 0 0.97156 10936.8 10518.1 418.637 0 -31.457 -32.8554 4 29429.9 475.154 7276 4.77145e-05
29200 0.389354 0.376949 0.0124056 0 0.968138 10975.7 10555.8 419.892 0 -31.4596 -32.1917 4 29529.9 475.961 7301 5.16298e-05
29300 0.405266 0.389313 0.0159531 0 0.960635 11016.1 10594.8 421.317 0 -31.4612 -31.9021 4 29629.9 476.766 7326 5.31413e-05
29400 0.401172 0.388046 0.0131251 0 0.967283 11056.3 10633.6 422.752 0 -31.4631 -31.9839 4 29729.9 477.57 7351 5.27883e-05
29500 0.425542 0.410507 0.0150347 0 0.964669 11098.9 10674.6 424.269 0 -31.4646 -31.8544 4 29829.9 478.372 7376 5.56544e-05
29600 0.416577 0.402602 0.0139746 0 0.966454 11140.6 10714.9 425.746 0 -31.468 -32.3667 4 29929.9 479.173 7401 5.43984e-05
29700 0.413076 0.399583 0.0134929 0 0.967336 11182 10754.8 427.165 0 -31.4724 -32.6715 4 30029.9 479.973 7426 5.38087e-05
29800 0.399091 0.387788 0.0113033 0 0.971677 11222.1 10793.6 428.472 0 -31.4777 -32.9511 4 30129.9 480.772 7451 5.20451e-05
29900 0.37599 0.365839 0.0101509 0 0.973002 11259.9 10830.2 429.658 0 -31.4831 -33.073 4 30229.9 481.569 7476 4.89351e-05
30000 0.354751 0.344758 0.00999327 0 0.97183 11295.2 10864.7 430.575 0 -31.4893 -33.4857 4 30329.9 482.365 7501 4.59616e-05
30100 0.392755 0.379449 0.0133067 0 0.96612 11334.3 10902.6 431.717 0 -31.4933 -32.6309 4 30429.9 483.159 7526 5.04184e-05
30200 0.410198 0.396832 0.0133662 0 0.967415 11375.4 10942.3 433.057 0 -31.4973 -32.5982 4 30529.9 483.952 7551 5.25535e-05
30300 0.422703 0.407326 0.0153776 0 0.963621 11417.6 10983 434.532 0 -31.4983 -31.7786 4 30629.9 484.744 7576 5.37653e-05
30400 0.434861 0.418849 0.0160119 0 0.963179 11461 11024.9 436.063 0 -31.498 -31.4076 4 30729.9 485.535 7601 5.51045e-05
30500 0.425243 0.409397 0.0158465 0 0.962735 11503.4 11065.9 437.542 0 -31.4996 -31.9421 4 30829.9 486.324 7626 5.36844e-05
30600 0.437709 0.420614 0.0170947 0 0.960945 11547.1 11107.9 439.169 0 -31.5014 -31.9828 4 30929.9 487.112 7651 5.49751e-05
30700 0.429131 0.41317 0.0159603 0 0.962808 11590 11149.2 440.801 0 -31.5029 -31.896 4 31029.9 487.899 7676 5.38262e-05
30800 0.441275 0.426282 0.0149924 0 0.966025 11634.4 11191.9 442.505 0 -31.5023 -31.3493 4 31129.9 488.685 7701 5.53542e-05
30900 0.401364 0.3879 0.0134638 0 0.966455 11674.6 11230.7 443.94 0 -31.5042 -32.0546 4 31229.9 489.469 7726 5.02071e-05
31000 0.399155 0.384611 0.0145433 0 0.963565 11714.4 11269.1 445.336 0 -31.5066 -32.209 4 31329.9 490.252 7751 4.96209e-05
31100 0.394594 0.381627 0.0129674 0 0.967137 11754 11307.3 446.743 0 -31.5099 -32.4817 4 31429.9 491.034 7776 4.90775e-05
31200 0.421575 0.408166 0.0134087 0 0.968194 11796.2 11348.1 448.142 0 -31.5129 -32.3523 4 31529.9 491.814 7801 5.23223e-05
31300 0.404199 0.389813 0.0143861 0 0.964408 11836.7 11387.1 449.639 0 -31.515 -32.1265 4 31629.9 492.594 7826 4.981e-05
31400 0.399812 0.386143 0.0136683 0 0.965813 11876.7 11425.7 450.983 0 -31.5169 -32.0712 4 31729.9 493.372 7851 4.9184e-05
31500 0.413387 0.400808 0.0125792 0 0.96957 11918.1 11465.8 452.36 0 -31.5189 -32.1054 4 31829.9 494.149 7876 5.08898e-05
31600 0.405392 0.391838 0.0135535 0 0.966567 11958.7 11505 453.732 0 -31.5202 -31.8975 4 31929.9 494.924 7901 4.95935e-05
31700 0.456382 0.440142 0.0162399 0 0.964416 12004.4 11549 455.396 0 -31.5191 -31.2243 4 32029.9 495.699 7926 5.55314e-05
31800 0.411303 0.396652 0.0146514 0 0.964378 12045.6 11588.6 456.935 0 -31.5211 -32.117 4 32129.9 496.472 7951 4.98871e-05
31900 0.386136 0.374816 0.0113203 0 0.970683 12084.4 11626.1 458.272 0 -31.5239 -32.3974 4 32229.9 497.244 7976 4.69929e-05
32000 0.394508 0.382039 0.0124691 0 0.968393 12123.9 11664.3 459.539 0 -31.5263 -32.2382 4 32329.9 498.015 8001 4.77489e-05
32100 0.378167 0.365783 0.012384 0 0.967253 12161.7 11700.9 460.776 0 -31.5293 -32.4969 4 32429.9 498.784 8026 4.55748e-05
32200 0.465842 0.450151 0.0156918 0 0.966315 12208.3 11745.9 462.421 0 -31.5286 -31.35 4 32529.9 499.553 8051 5.59124e-05
32300 0.402806 0.390012 0.0127942 0 0.968237 12248.6 11784.9 463.733 0 -31.5313 -32.3539 4 32629.9 500.32 8076 4.82927e-05
32400 0.397702 0.384712 0.0129904 0 0.967336 12288.5 11823.4 465.109 0 -31.5344 -32.4866 4 32729.9 501.086 8101 4.74894e-05
32500 0.369382 0.358433 0.010949 0 0.970359 12325.7 11859.2 466.434 0 -31.539 -33.0562 4 32829.9 501.851 8126 4.41094e-05
32600 0.399774 0.385493 0.0142804 0 0.964279 12365.5 11897.8 467.687 0 -31.541 -32.1601 4 32929.9 502.615 8151 4.7294e-05
32700 0.415817 0.401044 0.0147727 0 0.964473 12407.1 11937.9 469.22 0 -31.5446 -32.6252 4 33029.9 503.377 8176 4.90514e-05
32800 0.472086 0.453507 0.0185793 0 0.960644 12454.1 11983.2 470.908 0 -31.5449 -31.6033 4 33129.9 504.139 8201 5.5299e-05
32900 0.459427 0.442093 0.0173338 0 0.962271 12500.1 12027.4 472.653 0 -31.5461 -31.8718 4 33229.9 504.899 8226 5.37434e-05
33000 0.492207 0.474674 0.0175329 0 0.964379 12549.4 12074.9 474.465 0 -31.545 -31.2831 4 33329.9 505.658 8251 5.75292e-05
33100 0.442841 0.427728 0.0151129 0 0.965873 12593.8 12117.7 476.115 0 -31.547 -32.1152 4 33429.9 506.416 8276 5.1683e-05
33200 0.433326 0.418674 0.0146517 0 0.966188 12637.1 12159.5 477.592 0 -31.5497 -32.3295 4 33529.9 507.173 8301 5.04366e-05
33300 0.449498 0.433486 0.0160121 0 0.964378 12682 12202.9 479.132 0 -31.5505 -31.7643 4 33629.9 507.929 8326 5.20641e-05
33400 0.449334 0.432644 0.0166898 0 0.962857 12726.8 12246.2 480.69 0 -31.5515 -31.8299 4 33729.9 508.683 8351 5.18074e-05
33500 0.417702 0.404668 0.013034 0 0.968796 12768.8 12286.6 482.172 0 -31.5549 -32.5843 4 33829.9 509.437 8376 4.83128e-05
33600 0.444145 0.427769 0.0163758 0 0.96313 12813.1 12329.4 483.702 0 -31.5566 -32.0694 4 33929.9 510.189 8401 5.09189e-05
33700 0.465969 0.449833 0.0161361 0 0.965371 12859.8 12374.4 485.391 0 -31.5571 -31.6966 4 34029.9 510.94 8426 5.33863e-05
33800 0.444593 0.430961 0.0136316 0 0.969339 12904.5 12417.5 486.991 0 -31.5591 -32.1328 4 34129.9 511.691 8451 5.09953e-05
33900 0.454679 0.439202 0.0154765 0 0.965962 12949.8 12461.4 488.422 0 -31.5607 -32.0008 4 34229.9 512.44 8476 5.18171e-05
34000 0.458748 0.444706 0.0140417 0 0.969391 12995.9 12505.9 489.999 0 -31.5627 -32.1427 4 34329.9 513.188 8501 5.23122e-05
34100 0.482202 0.464693 0.0175091 0 0.963689 13043.9 12552.3 491.571 0 -31.5652 -32.2316 4 34429.9 513.935 8526 5.4503e-05
34200 0.523878 0.501986 0.021892 0 0.958212 13096.1 12602.5 493.601 0 -31.5652 -31.57 4 34529.9 514.68 8551 5.8705e-05
34300 0.457389 0.440851 0.0165372 0 0.963844 13142.1 12646.6 495.52 0 -31.5673 -32.1681 4 34629.9 515.425 8576 5.14052e-05
34400 0.440996 0.423995 0.0170014 0 0.961448 13186.3 12689 497.25 0 -31.5704 -32.4746 4 34729.9 516.169 8601 4.9296e-05
34500 0.474995 0.457876 0.0171187 0 0.96396 13234 12734.8 499.157 0 -31.5734 -32.4079 4 34829.9 516.911 8626 5.30809e-05
34600 0.462357 0.445869 0.0164882 0 0.964339 13280.3 12779.4 500.864 0 -31.5754 -32.1564 4 34929.9 517.653 8651 5.15396e-05
34700 0.431368 0.416256 0.0151122 0 0.964967 13323.4 12821 502.383 0 -31.5787 -32.5809 4 35029.9 518.393 8676 4.79779e-05
34800 0.417688 0.403938 0.0137502 0 0.96708 13365.3 12861.4 503.917 0 -31.5823 -32.7347 4 35129.9 519.133 8701 4.64243e-05
34900 0.413422 0.398076 0.0153457 0 0.962881 13406.4 12901.2 505.199 0 -31.5845 -32.2943 4 35229.9 519.871 8726 4.56195e-05
35000 0.451623 0.437193 0.01443 0 0.968049 13451.7 12944.9 506.704 0 -31.5859 -32.0133 4 35329.9 520.608 8751 4.99592e-05
35100 0.428002 0.414129 0.0138734 0 0.967586 13494.5 12986.4 508.097 0 -31.5889 -32.5182 4 35429.9 521.345 8776 4.71888e-05
35200 0.433971 0.42126 0.0127111 0 0.97071 13538 13028.5 509.544 0 -31.5907 -32.1492 4 35529.9 522.08 8801 4.7865e-05
35300 0.444871 0.428904 0.0159669 0 0.964109 13582.3 13071.4 510.935 0 -31.59 -31.3706 4 35629.9 522.814 8826 4.85955e-05
35400 0.486287 0.46907 0.0172173 0 0.964594 13631 13118.3 512.672 0 -31.5876 -30.9187 4 35729.9 523.547 8851 5.29963e-05
35500 0.439751 0.425744 0.0140066 0 0.968149 13675.2 13160.9 514.296 0 -31.5879 -31.6875 4 35829.9 524.279 8876 4.79658e-05
35600 0.456195 0.439552 0.0166429 0 0.963518 13720.7 13204.8 515.871 0 -31.5868 -31.2428 4 35929.9 525.01 8901 4.93824e-05
35700 0.468683 0.452599 0.0160838 0 0.965683 13767.6 13250.1 517.563 0 -31.5861 -31.4041 4 36029.9 525.741 8926 5.07057e-05
35800 0.452728 0.435027 0.0177016 0 0.9609 13812.8 13293.6 519.206 0 -31.5866 -31.7285 4 36129.9 526.47 8951 4.86009e-05
35900 0.475466 0.459347 0.0161192 0 0.966098 13860.4 13339.5 520.899 0 -31.5862 -31.4732 4 36229.9 527.198 8976 5.1175e-05
36000 0.452618 0.436118 0.0164997 0 0.963546 13905.6 13383.1 522.512 0 -31.5873 -31.9129 4 36329.9 527.925 9001 4.84522e-05
36100 0.424174 0.41122 0.0129539 0 0.969461 13948.2 13424.2 523.98 0 -31.5901 -32.5144 4 36429.9 528.651 9026 4.55595e-05
36200 0.408778 0.397473 0.0113056 0 0.972343 13989.2 13464 525.198 0 -31.5937 -32.8309 4 36529.9 529.376 9051 4.39148e-05
36300 0.415825 0.403087 0.0127386 0 0.969366 14030.7 13504.3 526.376 0 -31.5959 -32.3302 4 36629.9 530.1 9076 4.44124e-05
36400 0.436711 0.422596 0.0141147 0 0.967679 14074.2 13546.6 527.651 0 -31.598 -32.275 4 36729.9 530.823 9101 4.6434e-05
36500 0.486308 0.470607 0.0157006 0 0.967715 14122.9 13593.6 529.305 0 -31.5983 -31.6861 4 36829.9 531.545 9126 5.15678e-05
36600 0.481504 0.466421 0.0150827 0 0.968676 14171.3 13640.3 531.024 0 -31.5974 -31.3185 4 36929.9 532.266 9151 5.09694e-05
36700 0.46524 0.449802 0.015438 0 0.966817 14217.8 13685.2 532.581 0 -31.5993 -32.1973 4 37029.9 532.987 9176 4.90194e-05
36800 0.506651 0.488932 0.0177187 0 0.965028 14268.4 13734.1 534.293 0 -31.5982 -31.2885 4 37129.9 533.706 9201 5.31391e-05
36900 0.463966 0.449571 0.0143948 0 0.968974 14315 13779.1 535.916 0 -31.6005 -32.3094 4 37229.9 534.424 9226 4.87287e-05
37000 0.479449 0.460313 0.0191363 0 0.960087 14362.6 13825.1 537.483 0 -31.6018 -31.9801 4 37329.9 535.141 9251 4.97581e-05
37100 0.482813 0.465069 0.0177436 0 0.963249 14410.9 13871.6 539.254 0 -31.6026 -31.8508 4 37429.9 535.857 9276 5.01369e-05
37200 0.462248 0.445737 0.0165102 0 0.964283 14457 13916.2 540.841 0 -31.6038 -31.9738 4 37529.9 536.573 9301 4.79236e-05
37300 0.459542 0.444547 0.0149947 0 0.96737 14503.1 13960.7 542.411 0 -31.6064 -32.4092 4 37629.9 537.287 9326 4.76675e-05
37400 0.465887 0.453234 0.0126523 0 0.972842 14549.9 14006 543.893 0 -31.6093 -32.5216 4 37729.9 538.001 9351 4.84691e-05
37500 0.448475 0.435511 0.012964 0 0.971093 14594.8 14049.5 545.259 0 -31.6119 -32.4497 4 37829.9 538.713 9376 4.64496e-05
37600 0.445879 0.434231 0.0116481 0 0.973876 14639.6 14093 546.663 0 -31.6153 -32.7238 4 37929.9 539.425 9401 4.61899e-05
37700 0.450658 0.437671 0.012987 0 0.971182 14684.7 14136.7 547.987 0 -31.6177 -32.3866 4 38029.9 540.135 9426 4.64323e-05
37800 0.452914 0.438597 0.0143173 0 0.968388 14730 14180.6 549.397 0 -31.6211 -32.7363 4 38129.9 540.845 9451 4.64074e-05
37900 0.458198 0.444789 0.0134088 0 0.970736 14775.9 14225.1 550.837 0 -31.6245 -32.7202 4 38229.9 541.554 9476 4.69384e-05
38000 0.447384 0.433459 0.013925 0 0.968875 14820.7 14268.4 552.256 0 -31.6268 -32.3831 4 38329.9 542.262 9501 4.56224e-05
38100 0.469524 0.45624 0.0132841 0 0.971707 14867.8 14314 553.768 0 -31.6269 -31.6566 4 38429.9 542.968 9526 4.78942e-05
38200 0.451928 0.437571 0.0143561 0 0.968234 14913.1 14357.8 555.265 0 -31.6283 -32.0804 4 38529.9 543.674 9551 4.58142e-05
38300 0.457236 0.442529 0.0147063 0 0.967836 14958.8 14402 556.735 0 -31.6285 -31.6877 4 38629.9 544.379 9576 4.62123e-05
38400 0.472063 0.457029 0.0150339 0 0.968153 15006 14447.7 558.221 0 -31.6281 -31.5166 4 38729.9 545.084 9601 4.76022e-05
38500 0.437267 0.422303 0.0149636 0 0.965779 15049.6 14490 559.588 0 -31.6294 -32.0756 4 38829.9 545.787 9626 4.38711e-05
38600 0.431243 0.419382 0.011861 0 0.972496 15092.8 14531.9 560.919 0 -31.6321 -32.5765 4 38929.9 546.489 9651 4.34548e-05
38700 0.426231 0.414052 0.0121788 0 0.971427 15135.5 14573.3 562.218 0 -31.6338 -32.223 4 39029.9 547.191 9676 4.27917e-05
38800 0.436948 0.423958 0.0129906 0 0.97027 15179.2 14615.7 563.467 0 -31.6354 -32.1891 4 39129.9 547.891 9701 4.37025e-05
38900 0.416948 0.406014 0.010934 0 0.973776 15221.1 14656.3 564.739 0 -31.6379 -32.5291 4 39229.9 548.591 9726 4.17452e-05
39000 0.403355 0.392321 0.0110338 0 0.972645 15261.4 14695.5 565.88 0 -31.6404 -32.6166 4 39329.9 549.29 9751 4.02339e-05
39100 0.439624 0.425778 0.0138461 0 0.968505 15305.3 14738.1 567.192 0 -31.6427 -32.4282 4 39429.9 549.987 9776 4.35534e-05
39200 0.425564 0.411535 0.0140285 0 0.967035 15347.8 14779.3 568.538 0 -31.6453 -32.5979 4 39529.9 550.684 9801 4.19891e-05
39300 0.468398 0.453696 0.0147017 0 0.968613 15394.7 14824.6 570.059 0 -31.6485 -32.6919 4 39629.9 551.381 9826 4.6173e-05
39400 0.460951 0.447959 0.0129918 0 0.971815 15441 14869.4 571.54 0 -31.6507 -32.387 4 39729.9 552.076 9851 4.54735e-05
39500 0.449183 0.436169 0.0130135 0 0.971029 15486.1 14913.1 573.05 0 -31.6527 -32.3293 4 39829.9 552.77 9876 4.41646e-05
39600 0.437784 0.423093 0.0146904 0 0.966444 15530 14955.4 574.628 0 -31.6549 -32.4193 4 39929.9 553.464 9901 4.27324e-05
39700 0.485022 0.469501 0.0155213 0 0.967999 15578.6 15002.3 576.245 0 -31.6541 -31.4124 4 40029.9 554.156 9926 4.73001e-05
39800 0.448097 0.433005 0.0150924 0 0.966319 15623.4 15045.6 577.761 0 -31.6548 -31.8816 4 40129.9 554.848 9951 4.35137e-05
39900 0.455265 0.441903 0.0133622 0 0.97065 15669.1 15089.8 579.249 0 -31.656 -32.0546 4 40229.9 555.539 9976 4.42966e-05
40000 0.458442 0.444018 0.0144231 0 0.968539 15714.9 15134.2 580.713 0 -31.6574 -32.1358 4 40329.9 556.229 10001 4.43974e-05
40100 0.452801 0.437741 0.01506 0 0.96674 15760.2 15178 582.232 0 -31.6583 -31.995 4 40429.9 556.918 10026 4.36606e-05
40200 0.439903 0.424799 0.0151043 0 0.965665 15804.2 15220.5 583.746 0 -31.6599 -32.2181 4 40529.9 557.606 10051 4.22643e-05
40300 0.448329 0.434648 0.0136815 0 0.969483 15849.3 15263.9 585.39 0 -31.6615 -32.2203 4 40629.9 558.294 10076 4.31369e-05
40400 0.450024 0.43735 0.0126739 0 0.971837 15894.5 15307.7 586.818 0 -31.663 -32.1881 4 40729.9 558.98 10101 4.32977e-05
40500 0.416364 0.40585 0.0105141 0 0.974748 15936.3 15348.3 588.006 0 -31.6657 -32.6874 4 40829.9 559.666 10126 4.008e-05
40600 0.396182 0.386156 0.0100268 0 0.974691 15975.9 15386.9 589.005 0 -31.6689 -32.9733 4 40929.9 560.351 10151 3.80411e-05
40700 0.397947 0.386423 0.0115244 0 0.97104 16015.5 15425.5 590.028 0 -31.6719 -32.8719 4 41029.9 561.035 10176 3.79739e-05
40800 0.458099 0.446266 0.0118331 0 0.974169 16061.4 15470.1 591.272 0 -31.676 -33.1284 4 41129.9 561.719 10201 4.37472e-05
40900 0.457807 0.443777 0.0140303 0 0.969353 16107.2 15514.5 592.69 0 -31.6799 -33.0367 4 41229.9 562.401 10226 4.33969e-05
41000 0.436897 0.420448 0.0164487 0 0.962351 16150.6 15556.6 594.048 0 -31.6833 -32.9508 4 41329.9 563.083 10251 4.10153e-05
41100 0.468359 0.451551 0.0168089 0 0.964111 16197.3 15601.7 595.581 0 -31.6862 -32.6644 4 41429.9 563.763 10276 4.39423e-05
41200 0.484454 0.466259 0.0181948 0 0.962443 16245.6 15648.3 597.232 0 -31.6874 -32.1139 4 41529.9 564.443 10301 4.52635e-05
41300 0.488361 0.469843 0.0185184 0 0.962081 16294.4 15695.3 599.083 0 -31.6886 -32.0739 4 41629.9 565.123 10326 4.5501e-05
41400 0.475243 0.459297 0.0159462 0 0.966446 16342.1 15741.3 600.857 0 -31.6914 -32.6381 4 41729.9 565.801 10351 4.43722e-05
41500 0.450537 0.435973 0.0145636 0 0.967675 16387.3 15784.9 602.424 0 -31.6937 -32.54 4 41829.9 566.478 10376 4.20175e-05
41600 0.447415 0.432084 0.0153308 0 0.965735 16431.9 15828.1 603.872 0 -31.6961 -32.5902 4 41929.9 567.155 10401 4.15425e-05
41700 0.470438 0.45405 0.0163877 0 0.965165 16478.8 15873.5 605.361 0 -31.6977 -32.2638 4 42029.9 567.831 10426 4.35498e-05
41800 0.482654 0.464208 0.0184463 0 0.961782 16526.9 15919.9 606.993 0 -31.6988 -32.0561 4 42129.9 568.506 10451 4.44176e-05
41900 0.467963 0.45368 0.0142831 0 0.969478 16573.8 15965.3 608.58 0 -31.7008 -32.4069 4 42229.9 569.18 10476 4.33066e-05
42000 0.440859 0.428758 0.0121004 0 0.972553 16618.2 16008.1 610.048 0 -31.7044 -33.0576 4 42329.9 569.854 10501 4.08303e-05
42100 0.43943 0.42369 0.0157397 0 0.964181 16661.8 16050.5 611.325 0 -31.7062 -32.3745 4 42429.9 570.527 10526 4.02517e-05
42200 0.458627 0.443672 0.0149543 0 0.967393 16707.8 16094.9 612.894 0 -31.709 -32.7356 4 42529.9 571.199 10551 4.20503e-05
42300 0.444031 0.429458 0.0145729 0 0.967181 16752.2 16137.8 614.354 0 -31.7128 -33.1305 4 42629.9 571.87 10576 4.06069e-05
42400 0.416265 0.403872 0.0123929 0 0.970228 16793.9 16178.2 615.739 0 -31.7168 -33.3241 4 42729.9 572.54 10601 3.80975e-05
42500 0.415496 0.404157 0.0113393 0 0.972709 16835.7 16218.6 617.109 0 -31.721 -33.4105 4 42829.9 573.21 10626 3.80347e-05
42600 0.409513 0.396503 0.0130091 0 0.968233 16876.7 16258.3 618.389 0 -31.7247 -33.2517 4 42929.9 573.878 10651 3.72269e-05
42700 0.41652 0.40304 0.0134798 0 0.967637 16918.4 16298.6 619.793 0 -31.7276 -32.8952 4 43029.9 574.546 10676 3.77519e-05
42800 0.388477 0.378896 0.00958118 0 0.975337 16957.4 16336.5 620.986 0 -31.7313 -33.3654 4 43129.9 575.214 10701 3.54075e-05
42900 0.404039 0.391712 0.0123277 0 0.969489 16997.7 16375.6 622.102 0 -31.7349 -33.2357 4 43229.9 575.88 10726 3.65198e-05
43000 0.427746 0.415651 0.0120952 0 0.971723 17040.6 16417.2 623.441 0 -31.7381 -32.995 4 43329.9 576.546 10751 3.86616e-05
43100 0.410919 0.399889 0.0110301 0 0.973157 17081.8 16457.2 624.656 0 -31.741 -32.9561 4 43429.9 577.211 10776 3.71092e-05
43200 0.394413 0.381412 0.0130004 0 0.967039 17121.1 16495.3 625.789 0 -31.7444 -33.2234 4 43529.9 577.875 10801 3.53127e-05
43300 0.437166 0.422231 0.014935 0 0.965837 17164.5 16537.5 626.977 0 -31.7466 -32.615 4 43629.9 578.538 10826 3.90016e-05
43400 0.449132 0.436257 0.0128752 0 0.971333 17209.5 16581.2 628.315 0 -31.7486 -32.499 4 43729.9 579.201 10851 4.02043e-05
43500 0.469726 0.45439 0.0153358 0 0.967352 17256.5 16626.6 629.871 0 -31.7519 -32.9516 4 43829.9 579.863 10876 4.17791e-05
43600 0.445983 0.43082 0.0151633 0 0.966 17301.1 16669.7 631.388 0 -31.7548 -32.8801 4 43929.9 580.524 10901 3.95211e-05
43700 0.448402 0.435677 0.0127258 0 0.97162 17346.1 16713.3 632.818 0 -31.7578 -32.932 4 44029.9 581.184 10926 3.98752e-05
43800 0.466691 0.452742 0.0139496 0 0.97011 17392.8 16758.5 634.254 0 -31.7592 -32.2549 4 44129.9 581.844 10951 4.13425e-05
43900 0.454735 0.440999 0.0137357 0 0.969794 17438.3 16802.6 635.627 0 -31.7614 -32.6217 4 44229.9 582.503 10976 4.01785e-05
44000 0.457149 0.443792 0.0133571 0 0.970782 17484.1 16847 637.062 0 -31.7643 -32.8557 4 44329.9 583.161 11001 4.0341e-05
44100 0.459887 0.444299 0.0155876 0 0.966106 17530.1 16891.4 638.66 0 -31.7674 -32.963 4 44429.9 583.818 11026 4.02956e-05
44200 0.451338 0.436994 0.0143434 0 0.96822 17575.3 16935.1 640.18 0 -31.7697 -32.6327 4 44529.9 584.475 11051 3.95434e-05
44300 0.443855 0.429489 0.0143657 0 0.967634 17619.7 16978.1 641.632 0 -31.7722 -32.7752 4 44629.9 585.131 11076 3.87765e-05
44400 0.417595 0.405165 0.0124295 0 0.970235 17661.6 17018.6 643.022 0 -31.7756 -33.2163 4 44729.9 585.786 11101 3.64981e-05
44500 0.41411 0.401906 0.0122046 0 0.970528 17703.1 17058.8 644.253 0 -31.7785 -32.9887 4 44829.9 586.44 11126 3.61231e-05
44600 0.415959 0.403617 0.0123414 0 0.97033 17744.7 17099.2 645.504 0 -31.7804 -32.6229 4 44929.9 587.094 11151 3.61956e-05
44700 0.395843 0.384934 0.0109089 0 0.972441 17784.3 17137.7 646.645 0 -31.783 -32.9324 4 45029.9 587.747 11176 3.44429e-05
44800 0.410783 0.398499 0.0122841 0 0.970096 17825.5 17177.5 647.947 0 -31.7848 -32.5494 4 45129.9 588.399 11201 3.55771e-05
44900 0.40567 0.392596 0.0130737 0 0.967773 17866 17216.8 649.267 0 -31.7866 -32.5977 4 45229.9 589.051 11226 3.4972e-05
45000 0.433657 0.418953 0.0147045 0 0.966092 17909.3 17258.7 650.592 0 -31.7865 -31.7233 4 45329.9 589.702 11251 3.72369e-05
45100 0.415941 0.403299 0.0126426 0 0.969605 17950.9 17299 651.929 0 -31.788 -32.4394 4 45429.9 590.352 11276 3.57661e-05
45200 0.435206 0.423262 0.0119435 0 0.972557 17994.5 17341.3 653.155 0 -31.7899 -32.5693 4 45529.9 591.001 11301 3.74535e-05
45300 0.407455 0.39645 0.0110054 0 0.97299 18035.4 17381 654.4 0 -31.7926 -32.9806 4 45629.9 591.65 11326 3.50035e-05
45400 0.417353 0.405221 0.0121323 0 0.97093 18077.1 17421.5 655.608 0 -31.7945 -32.6107 4 45729.9 592.298 11351 3.56991e-05
45500 0.386017 0.375437 0.01058 0 0.972592 18115.7 17459 656.676 0 -31.797 -32.9973 4 45829.9 592.945 11376 3.30025e-05
45600 0.373461 0.364227 0.00923413 0 0.975274 18153.1 17495.5 657.6 0 -31.7999 -33.1851 4 45929.9 593.592 11401 3.19469e-05
45700 0.375856 0.365552 0.0103038 0 0.972586 18190.6 17532 658.624 0 -31.8026 -33.1238 4 46029.9 594.237 11426 3.1993e-05
45800 0.394758 0.384242 0.0105159 0 0.973361 18230.2 17570.4 659.813 0 -31.8047 -32.7489 4 46129.9 594.883 11451 3.35553e-05
45900 0.353371 0.343738 0.00963354 0 0.972738 18265.6 17604.8 660.809 0 -31.808 -33.5318 4 46229.9 595.527 11476 2.99528e-05
46000 0.361229 0.351231 0.00999726 0 0.972324 18301.8 17639.9 661.886 0 -31.8113 -33.4884 4 46329.9 596.171 11501 3.05392e-05
46100 0.394726 0.380814 0.0139122 0 0.964755 18341.1 17678 663.1 0 -31.8136 -32.886 4 46429.9 596.814 11526 3.30395e-05
46200 0.403996 0.391806 0.0121897 0 0.969827 18381.7 17717.2 664.503 0 -31.8164 -33.0822 4 46529.9 597.456 11551 3.39197e-05
46300 0.380815 0.369158 0.011657 0 0.969389 18419.9 17754.1 665.756 0 -31.8192 -33.1441 4 46629.9 598.098 11576 3.189e-05
46400 0.373313 0.361599 0.0117138 0 0.968622 18457.2 17790.3 666.97 0 -31.8222 -33.2973 4 46729.9 598.739 11601 3.11697e-05
46500 0.38151 0.368972 0.0125379 0 0.967136 18495.3 17827.2 668.101 0 -31.8244 -32.9017 4 46829.9 599.379 11626 3.17368e-05
46600 0.419109 0.407092 0.0120174 0 0.971326 18537.3 17867.9 669.44 0 -31.8253 -32.2221 4 46929.9 600.019 11651 3.49405e-05
46700 0.421859 0.408865 0.0129943 0 0.969198 18579.6 17908.8 670.817 0 -31.8263 -32.2725 4 47029.9 600.658 11676 3.50175e-05
46800 0.432381 0.419376 0.0130053 0 0.969922 18623 17950.7 672.353 0 -31.8273 -32.23 4 47129.9 601.296 11701 3.5841e-05
46900 0.435433 0.418338 0.0170952 0 0.96074 18666.4 17992.5 673.866 0 -31.8279 -32.1006 4 47229.9 601.933 11726 3.56761e-05
47000 0.410426 0.396522 0.0139045 0 0.966122 18707.5 18032.2 675.358 0 -31.83 -32.7843 4 47329.9 602.57 11751 3.37436e-05
47100 0.43813 0.423317 0.0148133 0 0.96619 18751.4 18074.5 676.841 0 -31.8323 -32.8162 4 47429.9 603.207 11776 3.59475e-05
47200 0.44142 0.427034 0.014386 0 0.96741 18795.5 18117.2 678.265 0 -31.8347 -32.8529 4 47529.9 603.842 11801 3.61862e-05
47300 0.439086 0.427517 0.0115687 0 0.973653 18839.7 18160 679.755 0 -31.8379 -33.2076 4 47629.9 604.477 11826 3.61506e-05
47400 0.463982 0.447364 0.0166181 0 0.964184 18886 18204.7 681.25 0 -31.8379 -31.8378 4 47729.9 605.111 11851 3.77491e-05
47500 0.467902 0.449782 0.0181203 0 0.961273 18932.7 18249.7 682.977 0 -31.8379 -31.8195 4 47829.9 605.745 11876 3.78732e-05
47600 0.443875 0.42837 0.0155052 0 0.965069 18977 18292.5 684.521 0 -31.8395 -32.5089 4 47929.9 606.378 11901 3.59945e-05
47700 0.42706 0.412471 0.0145892 0 0.965838 19019.7 18333.8 685.978 0 -31.8408 -32.4252 4 48029.9 607.01 11926 3.45859e-05
47800 0.43111 0.416282 0.0148279 0 0.965605 19062.9 18375.4 687.48 0 -31.8416 -32.2187 4 48129.9 607.642 11951 3.48324e-05
47900 0.453672 0.438074 0.0155983 0 0.965618 19108.4 18419.2 689.193 0 -31.8435 -32.6117 4 48229.9 608.272 11976 3.65793e-05
48000 0.438083 0.421522 0.0165608 0 0.962197 19152.1 18461.4 690.781 0 -31.8444 -32.2589 4 48329.9 608.903 12001 3.51239e-05
48100 0.428852 0.41401 0.0148418 0 0.965392 19195.1 18502.8 692.378 0 -31.8458 -32.4617 4 48429.9 609.532 12026 3.44263e-05
48200 0.438565 0.422837 0.0157282 0 0.964137 19239 18545 693.917 0 -31.8471 -32.4339 4 48529.9 610.161 12051 3.50873e-05
48300 0.456163 0.438715 0.0174482 0 0.96175 19284.3 18588.9 695.409 0 -31.8472 -31.8742 4 48629.9 610.79 12076 3.63295e-05
48400 0.476846 0.460005 0.0168414 0 0.964682 19332 18634.9 697.072 0 -31.8478 -32.1091 4 48729.9 611.417 12101 3.80138e-05
48500 0.481036 0.464423 0.0166132 0 0.965464 19380.2 18681.4 698.893 0 -31.8494 -32.4618 4 48829.9 612.044 12126 3.82998e-05
48600 0.476644 0.458956 0.0176881 0 0.96289 19428 18727.2 700.719 0 -31.8497 -31.9679 4 48929.9 612.671 12151 3.7771e-05
48700 0.450735 0.43627 0.0144651 0 0.967908 19473.2 18770.9 702.291 0 -31.8504 -32.1757 4 49029.9 613.297 12176 3.58303e-05
48800 0.463945 0.451105 0.0128399 0 0.972325 19519.6 18816 703.636 0 -31.8509 -32.0558 4 49129.9 613.922 12201 3.69728e-05
48900 0.465834 0.449133 0.0167001 0 0.96415 19566 18860.9 705.119 0 -31.8512 -31.9829 4 49229.9 614.546 12226 3.67359e-05
49000 0.513972 0.49608 0.0178919 0 0.965189 19617.5 18910.5 706.957 0 -31.8507 -31.6685 4 49329.9 615.17 12251 4.0493e-05
49100 0.481395 0.46572 0.0156749 0 0.967439 19665.9 18957.1 708.776 0 -31.8514 -32.1154 4 49429.9 615.793 12276 3.79375e-05
49200 0.470511 0.45395 0.0165615 0 0.964801 19713 19002.5 710.478 0 -31.8523 -32.215 4 49529.9 616.416 12301 3.69035e-05
49300 0.443284 0.42986 0.0134238 0 0.969717 19757.5 19045.5 712.018 0 -31.8545 -32.8495 4 49629.9 617.038 12326 3.48743e-05
49400 0.422933 0.411127 0.0118059 0 0.972086 19800 19086.6 713.417 0 -31.8569 -32.9866 4 49729.9 617.659 12351 3.32869e-05
49500 0.415701 0.404382 0.0113185 0 0.972772 19841.7 19127 714.655 0 -31.8598 -33.2086 4 49829.9 618.28 12376 3.26747e-05
49600 0.386834 0.378515 0.00831913 0 0.978494 19880.5 19164.9 715.684 0 -31.8631 -33.55 4 49929.9 618.9 12401 3.05229e-05
49700 0.368785 0.361284 0.00750122 0 0.97966 19917.5 19201 716.528 0 -31.8667 -33.8308 4 50029.9 619.519 12426 2.90748e-05
49800 0.394274 0.386095 0.00817892 0 0.979256 19957.1 19239.6 717.479 0 -31.8689 -32.9557 4 50129.9 620.138 12451 3.10092e-05
49900 0.39633 0.385552 0.0107774 0 0.972807 19996.6 19278.2 718.413 0 -31.872 -33.419 4 50229.9 620.756 12476 3.09035e-05
50000 0.379687 0.370169 0.00951832 0 0.974931 20034.6 19315.2 719.432 0 -31.8755 -33.7227 4 50329.9 621.374 12501 2.96112e-05
