100 0.023025 0.0201744 0.00285061 0 0.876195 2.17739 2.01744 0.159942 0 -27.5083 -27.5083 16 437.882 57.9587 7 0.00288206
200 0.0528263 0.0494244 0.00340191 0 0.935602 7.43709 6.95988 0.477212 0 -29.0182 -29.6433 16 533.882 63.9974 13 0.00380187
300 0.0441122 0.0409784 0.00313373 0 0.92896 11.8271 11.0577 0.769345 0 -29.1251 -29.3062 16 629.882 69.5136 19 0.00215676
400 0.0520011 0.0489827 0.00301834 0 0.941956 17.0438 15.956 1.08785 0 -29.1005 -29.0446 16 741.882 75.441 26 0.00188395
500 0.0511405 0.0480823 0.00305826 0 0.940199 22.1501 20.7642 1.38584 0 -29.3919 -30.3645 16 837.882 80.1736 32 0.00150257
600 0.0431366 0.0405752 0.00256142 0 0.940621 26.4572 24.8217 1.63549 0 -29.5267 -30.2201 16 933.882 84.642 38 0.00106777
700 0.0386998 0.0369922 0.00170757 0 0.955877 30.3808 28.521 1.85982 0 -29.691 -30.7986 16 1029.88 88.8861 44 0.000840732
800 0.0478811 0.0457357 0.0021454 0 0.955193 35.1977 33.0945 2.10318 0 -29.7075 -29.8116 16 1141.88 93.5946 51 0.000896779
900 0.0406348 0.0389327 0.00170211 0 0.958112 39.2954 36.9878 2.30758 0 -29.8208 -30.7947 16 1237.88 97.4495 57 0.000683029
1000 0.041774 0.0400272 0.00174677 0 0.958185 43.4708 40.9905 2.48032 0 -29.9205 -30.8582 16 1333.88 101.158 63 0.000635353
1100 0.0623603 0.0589415 0.00341879 0 0.945177 49.6124 46.8847 2.72773 0 -29.6872 -28.0357 16 1429.88 104.735 69 0.000854225
1200 0.0649431 0.061065 0.00387806 0 0.940285 56.0842 52.9912 3.09304 0 -29.4706 -27.8105 16 1541.88 108.759 76 0.000803487
1300 0.0857792 0.080825 0.00495423 0 0.942244 64.6518 61.0737 3.57809 0 -29.1511 -27.0595 16 1637.88 112.094 82 0.000985671
1400 0.101906 0.0967889 0.00511688 0 0.949788 74.848 70.7526 4.09544 0 -28.7067 -25.8889 16 1733.88 115.332 88 0.00109987
1500 0.0805454 0.0764312 0.00411426 0 0.94892 82.9285 78.3957 4.53284 0 -28.5625 -27.2268 16 1829.88 118.482 94 0.000813097
1600 0.0953255 0.0905972 0.00472831 0 0.950398 92.44 87.4554 4.98464 0 -28.3078 -26.0875 16 1941.88 122.054 101 0.000897002
1700 0.0845983 0.0791621 0.00543618 0 0.935741 100.816 95.3716 5.44421 0 -28.1625 -26.5585 16 2037.88 125.034 107 0.000739833
1800 0.0732221 0.06794 0.00528207 0 0.927862 108.161 102.166 5.9953 0 -28.0695 -26.7928 16 2133.88 127.946 113 0.000601239
1900 0.0723585 0.0672769 0.00508156 0 0.929772 115.344 108.893 6.45088 0 -27.9873 -26.7496 16 2229.88 130.792 119 0.000565352
2000 0.0880493 0.0832225 0.00482677 0 0.945181 124.217 117.216 7.00192 0 -27.9418 -27.3508 16 2341.88 134.036 126 0.000660496
2100 0.122558 0.114519 0.00803888 0 0.934408 136.38 128.667 7.7125 0 -27.9407 -27.9295 16 2437.88 136.756 132 0.000867571
2200 0.0984373 0.0927011 0.00573626 0 0.941727 146.272 137.938 8.33487 0 -27.9806 -28.5306 16 2533.88 139.423 138 0.000671747
2300 0.0924071 0.0878229 0.00458419 0 0.950391 155.538 146.72 8.81768 0 -27.9867 -28.0823 16 2629.88 142.039 144 0.000609881
2400 0.0889742 0.0854957 0.00347844 0 0.960905 164.509 155.269 9.23952 0 -27.9813 -27.8883 16 2741.88 145.032 151 0.000566197
2500 0.090166 0.0865003 0.00366566 0 0.959345 173.577 163.92 9.65759 0 -28.0542 -29.3759 16 2837.88 147.549 157 0.000550958
2600 0.0889355 0.0845487 0.00438682 0 0.950674 182.447 172.374 10.0729 0 -28.087 -28.7298 16 2933.88 150.024 163 0.000518704
2700 0.0729875 0.0702951 0.00269243 0 0.963111 189.799 179.404 10.3955 0 -28.1478 -29.6576 16 3029.88 152.459 169 0.000415947
2800 0.0723232 0.069743 0.00258016 0 0.964325 197.017 186.378 10.6388 0 -28.207 -29.7617 16 3141.88 155.251 176 0.000396267
2900 0.0705085 0.0690315 0.00147701 0 0.979052 204.153 193.281 10.8715 0 -28.2854 -30.4497 16 3237.88 157.605 182 0.000379294
3000 0.0596676 0.0584848 0.00118277 0 0.980177 210.124 199.13 10.9944 0 -28.3493 -30.5352 16 3333.88 159.925 188 0.000311089
3100 0.0691116 0.067716 0.00139561 0 0.979806 217.067 205.901 11.166 0 -28.433 -30.9677 16 3429.88 162.211 194 0.000349051
3200 0.0705639 0.0684631 0.00210078 0 0.970229 224.122 212.748 11.3744 0 -28.489 -30.2108 16 3541.88 164.838 201 0.000340612
3300 0.0622997 0.0595746 0.00272514 0 0.956258 230.261 218.705 11.5563 0 -28.5346 -30.1986 16 3637.88 167.057 207 0.0002878
3400 0.07196 0.0695625 0.00239751 0 0.966683 237.51 225.661 11.8483 0 -28.5618 -29.4261 16 3733.88 169.247 213 0.000326584
3500 0.0683795 0.0653574 0.00302206 0 0.955805 244.357 232.197 12.1597 0 -28.6107 -30.3058 16 3829.88 171.409 219 0.000298436
3600 0.0869804 0.0836067 0.00337375 0 0.961213 253.211 240.558 12.6536 0 -28.6569 -29.9316 16 3941.88 173.897 226 0.000369941
3700 0.0738527 0.070631 0.00322165 0 0.956377 260.626 247.621 13.0054 0 -28.7028 -30.273 16 4037.88 176.002 232 0.000304444
3800 0.0685416 0.0662232 0.00231838 0 0.966176 267.585 254.243 13.3417 0 -28.7673 -31.1813 16 4133.88 178.082 238 0.000278249
3900 0.0604619 0.0585062 0.00195564 0 0.967655 273.663 260.094 13.5693 0 -28.8269 -31.453 16 4229.88 180.138 244 0.00023978
4000 0.0585331 0.0569076 0.00162549 0 0.97223 279.562 265.785 13.7769 0 -28.8833 -31.4972 16 4341.88 182.507 251 0.000226723
4100 0.0572455 0.0558282 0.00141731 0 0.975242 285.314 271.367 13.947 0 -28.9537 -32.3762 16 4437.88 184.513 257 0.00021723
4200 0.0696056 0.0672099 0.00239563 0 0.965583 292.232 278.088 14.1432 0 -29.0298 -32.1695 16 4533.88 186.498 263 0.000255551
4300 0.0886998 0.0840615 0.00463825 0 0.947708 301.016 286.495 14.5214 0 -29.033 -29.138 16 4629.88 188.463 269 0.000312496
4400 0.0823389 0.0788942 0.00344472 0 0.958164 309.282 294.384 14.8976 0 -29.0509 -29.7038 16 4741.88 190.728 276 0.000285849
4500 0.0735156 0.0712835 0.00223214 0 0.969637 316.714 301.512 15.2015 0 -29.0795 -30.271 16 4837.88 192.649 282 0.000252778
4600 0.0860129 0.0823597 0.0036532 0 0.957527 325.292 309.748 15.544 0 -29.1072 -30.1275 16 4933.88 194.551 288 0.000285971
4700 0.0803019 0.0763128 0.003989 0 0.950325 333.317 317.38 15.9372 0 -29.1372 -30.3558 16 5029.88 196.435 294 0.000259568
4800 0.0841272 0.0803909 0.00373633 0 0.955587 341.73 325.419 16.3111 0 -29.1362 -29.0955 16 5141.88 198.61 301 0.000267079
4900 0.0820366 0.0787226 0.00331393 0 0.959604 349.972 333.291 16.6807 0 -29.14 -29.2982 16 5237.88 200.455 307 0.000256425
5000 0.0827877 0.0793313 0.00345645 0 0.958249 358.253 341.224 17.0288 0 -29.1421 -29.2279 16 5333.88 202.284 313 0.000253455
5100 0.0758481 0.0722525 0.00359563 0 0.952594 365.793 348.449 17.3432 0 -29.1546 -29.752 16 5429.88 204.096 319 0.000226497
5200 0.0755856 0.0725013 0.00308426 0 0.959195 373.325 355.7 17.625 0 -29.1621 -29.5263 16 5541.88 206.191 326 0.000222397
5300 0.0848436 0.081074 0.00376964 0 0.95557 381.807 363.807 17.9997 0 -29.1681 -29.4303 16 5637.88 207.969 332 0.000244199
5400 0.0839337 0.0795618 0.00437183 0 0.947913 390.173 371.763 18.4095 0 -29.1723 -29.3642 16 5733.88 209.732 338 0.00023539
5500 0.0792964 0.0757117 0.00358476 0 0.954793 398.16 379.334 18.8258 0 -29.1772 -29.4192 16 5829.88 211.48 344 0.000220092
5600 0.0703829 0.0677729 0.00260999 0 0.962917 405.248 386.112 19.1363 0 -29.198 -30.3662 16 5941.88 213.502 351 0.000193085
5700 0.0683692 0.0655703 0.00279896 0 0.959061 412.038 392.669 19.3699 0 -29.2125 -30.0771 16 6037.88 215.22 357 0.00018367
5800 0.0648546 0.0632365 0.0016181 0 0.97505 418.563 398.992 19.571 0 -29.2376 -30.8209 16 6133.88 216.924 363 0.000174205
5900 0.0793114 0.0765458 0.00276561 0 0.96513 426.5 406.647 19.8529 0 -29.2365 -29.1804 16 6229.88 218.615 369 0.000207441
6000 0.0688268 0.0665879 0.00223889 0 0.967471 433.417 413.306 20.111 0 -29.2524 -30.2307 16 6341.88 220.571 376 0.000177095
6100 0.0765899 0.0721419 0.00444796 0 0.941925 440.917 420.52 20.3972 0 -29.2775 -30.7308 16 6437.88 222.235 382 0.000188853
6200 0.0779522 0.0743381 0.00361414 0 0.953636 448.699 427.954 20.7456 0 -29.3019 -30.6807 16 6533.88 223.885 388 0.000191593
6300 0.0935199 0.0892055 0.00431442 0 0.953866 458.1 436.874 21.2256 0 -29.3422 -31.2674 16 6629.88 225.524 394 0.00022641
6400 0.112726 0.10633 0.00639572 0 0.943263 469.289 447.507 21.7816 0 -29.3494 -29.6434 16 6741.88 227.421 401 0.000265163
6500 0.122859 0.116792 0.00606725 0 0.950616 481.641 459.186 22.4546 0 -29.3523 -29.4641 16 6837.88 229.034 407 0.000286958
6600 0.116295 0.109105 0.00719031 0 0.938172 493.21 470.097 23.1133 0 -29.363 -29.8077 16 6933.88 230.637 413 0.000264176
6700 0.114643 0.108691 0.00595172 0 0.948085 504.748 480.966 23.7825 0 -29.4022 -31.0789 16 7029.88 232.228 419 0.000259406
6800 0.0913822 0.0868987 0.00448346 0 0.950937 513.973 489.656 24.3174 0 -29.4371 -31.3461 16 7141.88 234.07 426 0.000203988
6900 0.0901286 0.0861876 0.00394103 0 0.956273 522.993 498.275 24.7183 0 -29.4667 -31.1506 16 7237.88 235.638 432 0.000199508
7000 0.0979404 0.091926 0.00601441 0 0.938591 532.611 507.467 25.1437 0 -29.4796 -30.1838 16 7333.88 237.196 438 0.000209877
7100 0.125664 0.119743 0.00592126 0 0.95288 545.145 519.441 25.7033 0 -29.4919 -30.0138 16 7429.88 238.743 444 0.000269691
7200 0.113335 0.108888 0.00444669 0 0.960765 556.593 530.33 26.2631 0 -29.5167 -30.6992 16 7541.88 240.536 451 0.000241437
7300 0.115093 0.107856 0.00723615 0 0.937128 567.925 541.116 26.8088 0 -29.5306 -30.2104 16 7637.88 242.062 457 0.00023601
7400 0.104657 0.100167 0.00449065 0 0.957092 578.494 551.133 27.3614 0 -29.5592 -31.0954 16 7733.88 243.578 463 0.000216342
7500 0.0953484 0.0913534 0.00399505 0 0.9581 588.07 560.268 27.8018 0 -29.5776 -30.6928 16 7829.88 245.086 469 0.000194783
7600 0.0898373 0.0862819 0.00355537 0 0.960424 597.068 568.896 28.1722 0 -29.5917 -30.5099 16 7941.88 246.832 476 0.000181265
7700 0.0885668 0.085498 0.00306883 0 0.96535 605.934 577.446 28.4879 0 -29.62 -31.5252 16 8037.88 248.32 482 0.000177382
7800 0.113166 0.109955 0.00321126 0 0.971624 617.267 588.441 28.8256 0 -29.6393 -30.6735 16 8133.88 249.798 488 0.000225318
7900 0.098904 0.0961165 0.00278742 0 0.971817 627.224 598.053 29.1713 0 -29.6521 -30.4417 16 8229.88 251.268 494 0.000194568
8000 0.0894483 0.0864361 0.0030122 0 0.966325 636.205 606.697 29.5088 0 -29.6748 -31.2612 16 8341.88 252.972 501 0.000172527
8100 0.0862885 0.082302 0.00398653 0 0.9538 644.763 614.927 29.8365 0 -29.6914 -30.9254 16 8437.88 254.423 507 0.000162331
8200 0.104019 0.097944 0.00607526 0 0.941595 654.947 624.721 30.2258 0 -29.6873 -29.4287 16 8533.88 255.866 513 0.000190924
8300 0.103264 0.0988913 0.0043724 0 0.957658 665.304 634.61 30.6934 0 -29.6964 -30.2695 16 8629.88 257.302 519 0.000190542
8400 0.106591 0.102574 0.00401689 0 0.962315 676.034 644.868 31.1667 0 -29.7126 -30.7213 16 8741.88 258.966 526 0.000195008
8500 0.0952452 0.0917817 0.00346351 0 0.963636 685.605 654.046 31.5591 0 -29.7248 -30.584 16 8837.88 260.384 532 0.000172522
8600 0.085028 0.0816678 0.00336024 0 0.960481 694.068 662.213 31.8552 0 -29.7369 -30.7193 16 8933.88 261.794 538 0.000151799
8700 0.0905563 0.086266 0.00429028 0 0.952623 703.051 670.839 32.2114 0 -29.7399 -29.9695 16 9029.88 263.197 544 0.000158577
8800 0.0977427 0.0936764 0.00406635 0 0.958397 712.824 680.207 32.6171 0 -29.7424 -29.9234 16 9141.88 264.824 551 0.000170012
8900 0.0991113 0.094689 0.0044223 0 0.95538 722.682 689.676 33.006 0 -29.7488 -30.2109 16 9237.88 266.211 557 0.000169998
9000 0.099968 0.0963499 0.00361808 0 0.963808 732.682 699.311 33.3713 0 -29.7643 -30.8848 16 9333.88 267.591 563 0.000171137
9100 0.128686 0.123509 0.00517654 0 0.959774 745.595 711.662 33.9334 0 -29.7737 -30.3057 16 9429.88 268.963 569 0.000217064
9200 0.12738 0.122328 0.00505221 0 0.960338 758.392 723.895 34.4973 0 -29.7592 -28.9174 16 9541.88 270.556 576 0.000212375
9300 0.110446 0.10335 0.00709546 0 0.935756 769.211 734.23 34.9818 0 -29.7521 -29.2535 16 9637.88 271.914 582 0.000177578
9400 0.107543 0.10357 0.00397254 0 0.963061 780.045 744.587 35.4585 0 -29.7627 -30.5168 16 9733.88 273.264 588 0.00017614
9500 0.0932946 0.0901751 0.00311948 0 0.966563 789.46 753.604 35.8562 0 -29.7787 -31.0987 16 9829.88 274.609 594 0.00015181
9600 0.0929702 0.0901763 0.00279393 0 0.969948 798.835 762.622 36.2135 0 -29.7899 -30.7323 16 9941.88 276.169 601 0.000150044
9700 0.0861628 0.0830055 0.00315734 0 0.963356 807.403 770.922 36.4806 0 -29.803 -31.0329 16 10037.9 277.499 607 0.000136747
9800 0.106431 0.101812 0.00461879 0 0.956603 817.886 781.104 36.7822 0 -29.8 -29.5645 16 10133.9 278.823 613 0.000166089
9900 0.114516 0.110659 0.00385702 0 0.966319 829.356 792.169 37.1866 0 -29.7949 -29.4337 16 10229.9 280.14 619 0.00017877
10000 0.0989299 0.0959524 0.00297752 0 0.969903 839.298 801.765 37.5337 0 -29.8037 -30.5359 16 10341.9 281.67 626 0.000153279
10100 0.107837 0.102731 0.00510552 0 0.952655 849.953 812.038 37.9152 0 -29.7986 -29.3936 16 10437.9 282.974 632 0.00016255
10200 0.102943 0.099282 0.00366069 0 0.96444 860.276 821.966 38.3098 0 -29.8059 -30.4069 16 10533.9 284.272 638 0.000155614
10300 0.089075 0.0867842 0.00229077 0 0.974283 869.258 830.644 38.6133 0 -29.8202 -31.1899 16 10629.9 285.565 644 0.000134758
10400 0.0935405 0.0912116 0.00232893 0 0.975102 878.666 839.766 38.9003 0 -29.8353 -31.2359 16 10741.9 287.065 651 0.00014011
10500 0.0809207 0.0789837 0.00193705 0 0.976062 886.774 847.664 39.1105 0 -29.8522 -31.684 16 10837.9 288.345 657 0.000120219
10600 0.0824042 0.080039 0.00236521 0 0.971297 895.012 855.668 39.3438 0 -29.8632 -31.0498 16 10933.9 289.619 663 0.000120722
10700 0.0840028 0.0818169 0.00218596 0 0.973978 903.419 863.85 39.5689 0 -29.8787 -31.5282 16 11029.9 290.888 669 0.000122297
10800 0.0834822 0.0813983 0.00208398 0 0.975037 911.754 871.989 39.7643 0 -29.8977 -31.9509 16 11141.9 292.361 676 0.000120412
10900 0.0883786 0.0855209 0.00285774 0 0.967665 920.536 880.541 39.995 0 -29.9208 -32.3166 16 11237.9 293.618 682 0.000125397
11000 0.0958032 0.0919044 0.00389878 0 0.959304 930.045 889.732 40.3133 0 -29.9347 -31.2813 16 11333.9 294.869 688 0.000133582
11100 0.122961 0.117369 0.00559292 0 0.954515 942.271 901.469 40.802 0 -29.9353 -29.9818 16 11429.9 296.115 694 0.000169119
11200 0.130589 0.124071 0.00651803 0 0.950088 955.312 913.876 41.4365 0 -29.9262 -29.269 16 11541.9 297.563 701 0.000176992
11300 0.114459 0.108546 0.00591294 0 0.94834 966.775 924.73 42.0445 0 -29.9289 -30.1581 16 11637.9 298.798 707 0.00015353
11400 0.109066 0.103208 0.00585807 0 0.946289 977.622 935.051 42.5709 0 -29.9333 -30.3189 16 11733.9 300.027 713 0.000144752
11500 0.107409 0.102975 0.0044341 0 0.958718 988.382 945.349 43.0329 0 -29.9442 -30.9418 16 11829.9 301.252 719 0.00014322
11600 0.0955685 0.092018 0.00355046 0 0.962849 997.985 954.551 43.4339 0 -29.9614 -31.7302 16 11941.9 302.675 726 0.000126747
11700 0.0883095 0.0851274 0.00318205 0 0.963967 1006.82 963.063 43.7613 0 -29.977 -31.7334 16 12037.9 303.889 732 0.000116294
11800 0.092311 0.0883616 0.00394937 0 0.957217 1016.02 971.9 44.12 0 -29.9916 -31.5924 16 12133.9 305.098 738 0.000119731
11900 0.0947649 0.0914606 0.00330428 0 0.965132 1025.56 981.046 44.514 0 -30.004 -31.3255 16 12229.9 306.303 744 0.000122931
12000 0.0934896 0.0902423 0.00324735 0 0.965265 1034.94 990.07 44.8749 0 -30.0158 -31.3009 16 12341.9 307.702 751 0.000120163
12100 0.108404 0.104254 0.00415047 0 0.961713 1045.84 1000.5 45.3494 0 -30.0289 -31.2731 16 12437.9 308.897 757 0.00013772
12200 0.095521 0.092018 0.003503 0 0.963327 1055.45 1009.7 45.7573 0 -30.0429 -31.5731 16 12533.9 310.087 763 0.0001206
12300 0.101963 0.0982196 0.00374332 0 0.963287 1065.64 1019.52 46.1185 0 -30.0508 -30.8632 16 12629.9 311.272 769 0.000127724
12400 0.100434 0.0975045 0.00292924 0 0.970834 1075.79 1029.27 46.5168 0 -30.0621 -31.2533 16 12741.9 312.649 776 0.00012565
12500 0.0986383 0.0951757 0.00346264 0 0.964896 1085.6 1038.79 46.8146 0 -30.0719 -31.1411 16 12837.9 313.824 782 0.000121708
12600 0.0935302 0.0907053 0.00282485 0 0.969797 1094.98 1047.86 47.1199 0 -30.0839 -31.4776 16 12933.9 314.996 788 0.000115108
12700 0.121701 0.116244 0.00545712 0 0.95516 1107.1 1059.48 47.6202 0 -30.0794 -29.6684 16 13029.9 316.162 794 0.000146402
12800 0.113209 0.108669 0.00453949 0 0.959902 1118.48 1070.35 48.1353 0 -30.0852 -30.6544 16 13141.9 317.518 801 0.000135667
12900 0.118216 0.113062 0.00515389 0 0.956403 1130.38 1081.66 48.7297 0 -30.0978 -31.2835 16 13237.9 318.676 807 0.000140101
13000 0.0990612 0.0950299 0.00403134 0 0.959305 1140.37 1091.16 49.2162 0 -30.1116 -31.6742 16 13333.9 319.829 813 0.000116888
13100 0.099037 0.095292 0.003745 0 0.962186 1150.32 1100.69 49.63 0 -30.118 -30.8452 16 13429.9 320.979 819 0.000116352
13200 0.107372 0.102866 0.004506 0 0.958034 1161.02 1110.97 50.0435 0 -30.1235 -30.7217 16 13541.9 322.314 826 0.000124535
13300 0.103448 0.0989231 0.00452481 0 0.95626 1171.37 1120.87 50.5026 0 -30.1325 -31.1335 16 13637.9 323.455 832 0.000118898
13400 0.0939263 0.0905874 0.00333889 0 0.964452 1180.82 1129.92 50.8945 0 -30.1435 -31.5115 16 13733.9 324.591 838 0.0001081
13500 0.112177 0.10754 0.00463658 0 0.958667 1191.99 1140.68 51.3096 0 -30.1395 -29.7122 16 13829.9 325.724 844 0.000127417
13600 0.133818 0.126956 0.0068625 0 0.948718 1205.38 1153.37 52.0015 0 -30.1297 -29.2596 16 13941.9 327.04 851 0.000149184
13700 0.119841 0.113861 0.00598015 0 0.950099 1217.37 1164.76 52.605 0 -30.1365 -30.8202 16 14037.9 328.164 857 0.00013286
13800 0.100896 0.0960884 0.00480717 0 0.952355 1227.51 1174.37 53.1409 0 -30.1452 -31.1901 16 14133.9 329.284 863 0.000111342
13900 0.0963818 0.091112 0.00526977 0 0.945324 1237.05 1183.48 53.5744 0 -30.1519 -31.0176 16 14229.9 330.401 869 0.000104847
14000 0.0954987 0.0918492 0.00364954 0 0.961784 1246.67 1192.67 54.0064 0 -30.1613 -31.3678 16 14341.9 331.698 876 0.000104851
14100 0.085959 0.0820892 0.00386979 0 0.954981 1255.21 1200.87 54.3334 0 -30.1712 -31.6173 16 14437.9 332.807 882 9.30716e-05
14200 0.107294 0.102685 0.00460942 0 0.957039 1265.93 1211.14 54.7847 0 -30.1729 -30.3662 16 14533.9 333.911 888 0.000115636
14300 0.0940085 0.0913621 0.0026463 0 0.97185 1275.39 1220.28 55.1103 0 -30.1829 -31.5247 16 14629.9 335.012 894 0.000102195
14400 0.0813254 0.0798262 0.00149925 0 0.981565 1283.59 1228.26 55.3286 0 -30.198 -32.5459 16 14741.9 336.292 901 8.85973e-05
14500 0.109459 0.106596 0.00286358 0 0.973839 1294.56 1238.92 55.6338 0 -30.1967 -30.0512 16 14837.9 337.385 907 0.000117526
14600 0.0952734 0.0916415 0.00363191 0 0.961879 1304.09 1248.09 56.0052 0 -30.2033 -31.0978 16 14933.9 338.475 913 0.000100374
14700 0.0925029 0.0892732 0.00322965 0 0.965086 1313.41 1257.01 56.3989 0 -30.209 -31.0034 16 15029.9 339.561 919 9.71417e-05
14800 0.0857869 0.0826339 0.00315299 0 0.963246 1321.99 1265.28 56.7133 0 -30.2171 -31.4635 16 15141.9 340.824 926 8.92375e-05
14900 0.088488 0.0849934 0.00349463 0 0.960507 1330.81 1273.78 57.033 0 -30.2203 -30.6959 16 15237.9 341.903 932 9.11946e-05
15000 0.0867812 0.0836565 0.00312462 0 0.963994 1339.46 1282.14 57.3143 0 -30.2259 -31.0822 16 15333.9 342.978 938 8.91861e-05
15100 0.0899061 0.0881103 0.00179583 0 0.980026 1348.55 1290.95 57.6016 0 -30.2446 -33.0022 16 15429.9 344.05 944 9.33371e-05
15200 0.0767466 0.0750087 0.0017379 0 0.977355 1356.22 1298.45 57.7661 0 -30.2588 -32.7598 16 15541.9 345.296 951 7.88735e-05
15300 0.080884 0.0781833 0.00270065 0 0.966611 1364.25 1306.27 57.981 0 -30.2721 -32.517 16 15637.9 346.361 957 8.16963e-05
15400 0.0745097 0.0732725 0.00123726 0 0.983395 1371.76 1313.6 58.1658 0 -30.2868 -32.9471 16 15733.9 347.423 963 7.60877e-05
15500 0.0783298 0.0768516 0.00147817 0 0.981129 1379.62 1321.28 58.3343 0 -30.3026 -33.0746 16 15829.9 348.481 969 7.93102e-05
15600 0.0699035 0.0685305 0.00137306 0 0.980358 1386.61 1328.14 58.4711 0 -30.3189 -33.5298 16 15941.9 349.711 976 7.02157e-05
15700 0.0723618 0.0693226 0.00303926 0 0.957999 1393.73 1335.07 58.6601 0 -30.3321 -32.9029 16 16037.9 350.763 982 7.05933e-05
15800 0.0672989 0.0658044 0.00149455 0 0.977792 1400.5 1341.65 58.8457 0 -30.3475 -33.5184 16 16133.9 351.811 988 6.66036e-05
15900 0.0915081 0.0882326 0.00327543 0 0.964206 1409.64 1350.47 59.1715 0 -30.3543 -31.3877 16 16229.9 352.856 994 8.87652e-05
16000 0.101216 0.0968924 0.00432396 0 0.95728 1419.76 1360.16 59.5991 0 -30.362 -31.4362 16 16341.9 354.072 1001 9.67956e-05
16100 0.10101 0.0968019 0.0042076 0 0.958345 1429.9 1369.84 60.0573 0 -30.3749 -32.1825 16 16437.9 355.11 1007 9.6129e-05
16200 0.103516 0.0977962 0.0057195 0 0.944747 1440.16 1379.62 60.5396 0 -30.3786 -30.8929 16 16533.9 356.146 1013 9.65412e-05
16300 0.0998429 0.095128 0.00471491 0 0.952777 1450.19 1389.13 61.0507 0 -30.3832 -31.0475 16 16629.9 357.178 1019 9.33543e-05
16400 0.0877211 0.0839685 0.00375259 0 0.957221 1459.03 1397.53 61.4986 0 -30.3932 -32.0352 16 16741.9 358.379 1026 8.18407e-05
16500 0.0863072 0.0826279 0.00367925 0 0.95737 1467.66 1405.79 61.8613 0 -30.4028 -32.026 16 16837.9 359.405 1032 8.00658e-05
16600 0.08663 0.0829671 0.0036629 0 0.957718 1476.33 1414.09 62.2409 0 -30.4123 -32.0144 16 16933.9 360.428 1038 7.99298e-05
16700 0.0984559 0.0946699 0.00378601 0 0.961546 1486.18 1423.56 62.6244 0 -30.4215 -31.8107 16 17029.9 361.448 1044 9.068e-05
16800 0.0931879 0.0904135 0.00277443 0 0.970228 1495.56 1432.6 62.9579 0 -30.4351 -32.5914 16 17141.9 362.635 1051 8.60262e-05
16900 0.0986227 0.0943788 0.00424388 0 0.956968 1505.41 1442.04 63.3768 0 -30.4448 -31.9106 16 17237.9 363.649 1057 8.92893e-05
17000 0.0994533 0.0953332 0.00412006 0 0.958573 1515.37 1451.57 63.8042 0 -30.4552 -32.0233 16 17333.9 364.66 1063 8.96832e-05
17100 0.0872877 0.0852188 0.00206893 0 0.976298 1524.21 1460.09 64.1197 0 -30.4643 -32.0309 16 17429.9 365.668 1069 7.97182e-05
17200 0.110342 0.107479 0.00286333 0 0.97405 1535.34 1470.84 64.5005 0 -30.4651 -30.5685 16 17541.9 366.841 1076 9.98873e-05
17300 0.102738 0.0987977 0.00393989 0 0.961651 1545.61 1480.72 64.8877 0 -30.4644 -30.3663 16 17637.9 367.844 1082 9.13103e-05
17400 0.0957954 0.0928588 0.00293665 0 0.969345 1555.29 1490.01 65.2796 0 -30.4695 -31.2761 16 17733.9 368.843 1088 8.53481e-05
17500 0.0972584 0.0942551 0.00300329 0 0.96912 1565.07 1499.43 65.6431 0 -30.4751 -31.3719 16 17829.9 369.84 1094 8.61564e-05
17600 0.0879891 0.0852638 0.00272528 0 0.969027 1573.89 1507.96 65.9341 0 -30.4863 -32.4781 16 17941.9 371 1101 7.74421e-05
17700 0.102784 0.0991746 0.00360946 0 0.964883 1584.16 1517.88 66.2837 0 -30.4917 -31.3079 16 18037.9 371.991 1107 8.95886e-05
17800 0.0940369 0.0913468 0.00269013 0 0.971393 1593.62 1527.01 66.6106 0 -30.497 -31.3839 16 18133.9 372.98 1113 8.20726e-05
17900 0.0819515 0.0797053 0.00224621 0 0.972591 1601.85 1534.98 66.8656 0 -30.5049 -32.05 16 18229.9 373.966 1119 7.1229e-05
18000 0.0832363 0.0808603 0.00237609 0 0.971454 1610.17 1543.07 67.1053 0 -30.5131 -32.0763 16 18341.9 375.113 1126 7.18119e-05
18100 0.0850746 0.0820604 0.00301416 0 0.96457 1618.68 1551.27 67.4049 0 -30.5223 -32.2716 16 18437.9 376.093 1132 7.24915e-05
18200 0.0897359 0.0877623 0.00197362 0 0.978006 1627.73 1560.05 67.6839 0 -30.5282 -31.5912 16 18533.9 377.071 1138 7.71197e-05
18300 0.0770146 0.0748323 0.0021823 0 0.971664 1635.44 1567.53 67.9078 0 -30.537 -32.3839 16 18629.9 378.046 1144 6.54128e-05
18400 0.112363 0.108578 0.0037847 0 0.966317 1646.69 1578.39 68.3012 0 -30.5386 -30.7727 16 18741.9 379.181 1151 9.43338e-05
18500 0.101275 0.0976261 0.00364941 0 0.963965 1656.86 1588.15 68.7046 0 -30.5452 -31.6148 16 18837.9 380.151 1157 8.43786e-05
18600 0.0960412 0.091984 0.00405723 0 0.957755 1666.44 1597.35 69.0876 0 -30.5526 -31.8402 16 18933.9 381.118 1163 7.9092e-05
18700 0.106477 0.101892 0.00458553 0 0.956934 1677.03 1607.54 69.4911 0 -30.5569 -31.231 16 19029.9 382.083 1169 8.71614e-05
18800 0.113692 0.108049 0.00564307 0 0.950365 1688.27 1618.34 69.9269 0 -30.5538 -30.0881 16 19141.9 383.206 1176 9.18781e-05
18900 0.100071 0.0967239 0.00334706 0 0.966553 1698.38 1628.02 70.3639 0 -30.5565 -31.0034 16 19237.9 384.166 1182 8.18307e-05
19000 0.0909593 0.0875233 0.00343595 0 0.962225 1707.42 1636.77 70.649 0 -30.5607 -31.3452 16 19333.9 385.123 1188 7.36728e-05
19100 0.097984 0.0951785 0.00280548 0 0.971368 1717.23 1646.29 70.9453 0 -30.5646 -31.2559 16 19429.9 386.078 1194 7.9714e-05
19200 0.107239 0.10398 0.00325938 0 0.969606 1727.98 1656.69 71.2995 0 -30.5628 -30.2735 16 19541.9 387.189 1201 8.65776e-05
19300 0.10725 0.103813 0.00343649 0 0.967958 1738.72 1667.07 71.6554 0 -30.5614 -30.3294 16 19637.9 388.139 1207 8.60095e-05
19400 0.0967609 0.0943601 0.00240083 0 0.975188 1748.47 1676.5 71.9686 0 -30.5676 -31.6792 16 19733.9 389.087 1213 7.77907e-05
19500 0.0830484 0.0816939 0.00135456 0 0.983689 1756.84 1684.67 72.165 0 -30.578 -32.7421 16 19829.9 390.032 1219 6.70171e-05
19600 0.0888767 0.0874486 0.00142808 0 0.983932 1765.75 1693.42 72.3327 0 -30.589 -32.7582 16 19941.9 391.132 1226 7.13284e-05
19700 0.106774 0.103538 0.00323609 0 0.969692 1776.38 1703.77 72.6141 0 -30.6001 -32.4552 16 20037.9 392.072 1232 8.40402e-05
19800 0.097883 0.094299 0.00358407 0 0.963384 1786.14 1713.2 72.9408 0 -30.61 -32.403 16 20133.9 393.01 1238 7.61704e-05
19900 0.0950774 0.092745 0.00233244 0 0.975468 1795.74 1722.48 73.2662 0 -30.6209 -32.6574 16 20229.9 393.946 1244 7.45539e-05
20000 0.112883 0.108641 0.00424181 0 0.962423 1807.01 1733.34 73.6695 0 -30.6235 -31.0337 16 20341.9 395.035 1251 8.68436e-05
