100 0.0679207 0.0628058 0.00511491 0 0.924693 6.66571 6.28058 0.385134 0 -25.4695 -25.4695 4 429.882 57.4268 26 0.00241561
200 0.155658 0.1441 0.0115572 0 0.925752 21.9993 20.6906 1.30872 0 -27.04 -27.7228 4 529.882 63.7572 51 0.0028255
300 0.1644 0.150478 0.0139219 0 0.915317 38.2493 35.7384 2.51091 0 -27.0286 -27.0132 4 629.882 69.5136 76 0.00197997
400 0.166532 0.154747 0.0117856 0 0.92923 55.0257 51.2131 3.8126 0 -27.2129 -27.633 4 729.882 74.8284 101 0.00153215
500 0.168576 0.156282 0.0122947 0 0.927067 71.934 66.8412 5.09278 0 -27.3678 -27.8718 4 829.882 79.7899 126 0.00124033
600 0.16988 0.158749 0.011131 0 0.934477 89.0106 82.7161 6.29444 0 -27.3384 -27.2148 4 929.882 84.4605 151 0.00105132
700 0.173875 0.161959 0.0119163 0 0.931466 106.427 98.912 7.51505 0 -27.3697 -27.5298 4 1029.88 88.8861 176 0.000920219
800 0.217994 0.202888 0.0151061 0 0.930704 128.055 119.201 8.85448 0 -27.3544 -27.2792 4 1129.88 93.1015 201 0.00100939
900 0.249207 0.233191 0.0160167 0 0.935729 152.899 142.52 10.3793 0 -27.5191 -28.3676 4 1229.88 97.1341 226 0.00103182
1000 0.249877 0.233821 0.0160561 0 0.935744 177.875 165.902 11.9734 0 -27.6652 -28.5596 4 1329.88 101.006 251 0.000931558
1100 0.250958 0.236729 0.0142287 0 0.943303 203.026 189.575 13.451 0 -27.7288 -28.1792 4 1429.88 104.735 276 0.000857715
1200 0.269547 0.251926 0.0176207 0 0.934628 229.658 214.767 14.8909 0 -27.7864 -28.2251 4 1529.88 108.335 301 0.000836963
1300 0.299833 0.282677 0.0171559 0 0.942782 259.698 243.035 16.6628 0 -27.8974 -28.7464 4 1629.88 111.82 326 0.000867108
1400 0.279095 0.26209 0.0170046 0 0.939072 287.628 269.244 18.3839 0 -27.9638 -28.5807 4 1729.88 115.199 351 0.000746696
1500 0.276615 0.256535 0.0200799 0 0.927409 314.908 294.898 20.0105 0 -27.9924 -28.2945 4 1829.88 118.482 376 0.000682275
1600 0.306067 0.288301 0.0177665 0 0.941952 345.481 323.728 21.7536 0 -28.0682 -28.8489 4 1929.88 121.676 401 0.000718954
1700 0.306758 0.289849 0.0169088 0 0.944879 376.122 352.713 23.4089 0 -28.1376 -28.9195 4 2029.88 124.789 426 0.000680397
1800 0.326465 0.311238 0.0152269 0 0.953358 408.879 383.837 25.0428 0 -28.243 -29.4539 4 2129.88 127.826 451 0.000690106
1900 0.316747 0.302824 0.013923 0 0.956044 440.656 414.119 26.5366 0 -28.288 -28.867 4 2229.88 130.792 476 0.000636186
2000 0.297865 0.286174 0.0116909 0 0.960751 470.648 442.736 27.912 0 -28.3401 -29.1047 4 2329.88 133.692 501 0.000571207
2100 0.295751 0.283802 0.0119488 0 0.959598 500.269 471.117 29.1527 0 -28.3974 -29.3087 4 2429.88 136.531 526 0.000539548
2200 0.294047 0.280708 0.0133381 0 0.954639 529.578 499.187 30.3905 0 -28.4443 -29.2436 4 2529.88 139.313 551 0.000509453
2300 0.316008 0.302364 0.0136442 0 0.956823 561.236 529.424 31.8125 0 -28.5078 -29.5704 4 2629.88 142.039 576 0.000524938
2400 0.306545 0.292828 0.0137179 0 0.95525 591.929 558.707 33.2222 0 -28.5718 -29.7422 4 2729.88 144.714 601 0.000487234
2500 0.29602 0.282103 0.0139169 0 0.952987 621.609 586.917 34.6925 0 -28.6368 -29.9342 4 2829.88 147.341 626 0.000450644
2600 0.301023 0.285694 0.0153293 0 0.949076 651.59 615.486 36.1033 0 -28.6732 -29.4264 4 2929.88 149.922 651 0.000438854
2700 0.298684 0.286988 0.011696 0 0.960841 681.62 644.185 37.4348 0 -28.7029 -29.3484 4 3029.88 152.459 676 0.000424539
2800 0.286303 0.275095 0.0112077 0 0.960854 710.321 671.695 38.6268 0 -28.757 -30.0417 4 3129.88 154.954 701 0.000392432
2900 0.341856 0.327597 0.0142588 0 0.95829 744.573 704.454 40.1189 0 -28.8291 -30.324 4 3229.88 157.41 726 0.000451235
3000 0.310783 0.298049 0.0127342 0 0.959025 775.786 734.259 41.5267 0 -28.8908 -30.363 4 3329.88 159.829 751 0.000396869
3100 0.329122 0.316727 0.0123945 0 0.962341 808.769 765.932 42.8374 0 -28.9207 -29.6247 4 3429.88 162.211 776 0.000408154
3200 0.419978 0.402809 0.0171689 0 0.959119 850.787 806.213 44.5741 0 -28.9215 -28.9359 4 3529.88 164.558 801 0.000502882
3300 0.366837 0.350994 0.0158427 0 0.956813 887.566 841.312 46.2541 0 -28.9426 -29.4318 4 3629.88 166.873 826 0.000424933
3400 0.376717 0.360812 0.0159048 0 0.957781 925.288 877.394 47.8948 0 -28.995 -30.228 4 3729.88 169.156 851 0.000423986
3500 0.402598 0.385022 0.0175764 0 0.956343 965.542 915.896 49.6465 0 -29.0339 -29.9274 4 3829.88 171.409 876 0.000439522
3600 0.402221 0.385675 0.0165454 0 0.958865 1005.89 954.463 51.4237 0 -29.0931 -30.5092 4 3929.88 173.632 901 0.000428053
3700 0.379012 0.36355 0.015462 0 0.959205 1044 990.818 53.1769 0 -29.1358 -30.2626 4 4029.88 175.827 926 0.000392603
3800 0.365507 0.348285 0.0172215 0 0.952883 1080.48 1025.65 54.8315 0 -29.1763 -30.3363 4 4129.88 177.995 951 0.00036623
3900 0.369636 0.354074 0.0155617 0 0.9579 1117.58 1061.05 56.5283 0 -29.2143 -30.3202 4 4229.88 180.138 976 0.000362781
4000 0.417403 0.399639 0.0177641 0 0.957441 1159.43 1101.02 58.416 0 -29.2228 -29.4507 4 4329.88 182.254 1001 0.000399239
4100 0.373209 0.355138 0.0180707 0 0.95158 1196.59 1136.53 60.0591 0 -29.2418 -29.8355 4 4429.88 184.347 1026 0.000346138
4200 0.43488 0.415014 0.0198662 0 0.954318 1240.12 1178.03 62.0877 0 -29.2547 -29.6071 4 4529.88 186.416 1051 0.000394876
4300 0.373259 0.357853 0.0154056 0 0.958727 1277.67 1213.82 63.8562 0 -29.2814 -30.165 4 4629.88 188.463 1076 0.000332577
4400 0.398545 0.378834 0.0197109 0 0.950543 1317.41 1251.7 65.7123 0 -29.2762 -29.1066 4 4729.88 190.487 1101 0.000344082
4500 0.377594 0.362631 0.0149632 0 0.960372 1355.3 1287.97 67.3302 0 -29.3019 -30.1971 4 4829.88 192.49 1126 0.000322053
4600 0.398948 0.384562 0.0143861 0 0.96394 1395.38 1326.42 68.9603 0 -29.3485 -30.925 4 4929.88 194.473 1151 0.000334111
4700 0.325394 0.315855 0.00953867 0 0.970686 1428.17 1358.01 70.1597 0 -29.3958 -31.4097 4 5029.88 196.435 1176 0.000268584
4800 0.373121 0.355628 0.0174926 0 0.953118 1464.99 1393.57 71.4193 0 -29.4219 -30.4344 4 5129.88 198.378 1201 0.00029611
4900 0.400954 0.385082 0.0158713 0 0.960416 1505.14 1432.08 73.0633 0 -29.4536 -30.6081 4 5229.88 200.302 1226 0.000314096
5000 0.37667 0.361692 0.014978 0 0.960236 1542.91 1468.25 74.6631 0 -29.4735 -30.2683 4 5329.88 202.208 1251 0.000289122
5100 0.346521 0.331897 0.0146237 0 0.957798 1577.57 1501.44 76.1373 0 -29.4988 -30.6219 4 5429.88 204.096 1276 0.000260107
5200 0.343462 0.32976 0.0137023 0 0.960105 1612.01 1534.41 77.5993 0 -29.5259 -30.7714 4 5529.88 205.967 1301 0.000253466
5300 0.301656 0.28938 0.0122758 0 0.959305 1642.24 1563.35 78.8875 0 -29.5559 -31.1554 4 5629.88 207.821 1326 0.000218235
5400 0.322357 0.30802 0.0143372 0 0.955524 1674.5 1594.15 80.3475 0 -29.5865 -31.1403 4 5729.88 209.659 1351 0.000227994
5500 0.328179 0.316691 0.011489 0 0.964992 1707.59 1625.82 81.767 0 -29.6181 -31.2182 4 5829.88 211.48 1376 0.000230153
5600 0.363925 0.35134 0.0125855 0 0.965417 1744.11 1660.96 83.1571 0 -29.6397 -30.6486 4 5929.88 213.286 1401 0.000250778
5700 0.365879 0.350971 0.0149078 0 0.959255 1780.61 1696.05 84.5609 0 -29.649 -30.0965 4 6029.88 215.077 1426 0.000246122
5800 0.363558 0.350143 0.0134147 0 0.963102 1816.96 1731.07 85.8959 0 -29.6625 -30.3205 4 6129.88 216.853 1451 0.000241311
5900 0.393741 0.378678 0.0150631 0 0.961744 1856.38 1768.93 87.4493 0 -29.6677 -29.9115 4 6229.88 218.615 1476 0.000256557
6000 0.429579 0.412635 0.0169443 0 0.960556 1899.38 1810.2 89.1823 0 -29.6779 -30.1176 4 6329.88 220.363 1501 0.000274907
6100 0.376389 0.361325 0.0150642 0 0.959977 1937.24 1846.33 90.9142 0 -29.688 -30.1924 4 6429.88 222.096 1526 0.000236779
6200 0.361437 0.345935 0.0155019 0 0.95711 1973.38 1880.92 92.4509 0 -29.7004 -30.3655 4 6529.88 223.817 1551 0.00022304
6300 0.369752 0.354818 0.0149339 0 0.959611 2010.57 1916.41 94.1606 0 -29.7099 -30.213 4 6629.88 225.524 1576 0.000225138
6400 0.370412 0.35335 0.0170627 0 0.953936 2047.44 1951.74 95.6942 0 -29.7162 -30.0594 4 6729.88 227.219 1601 0.000220706
6500 0.413981 0.396071 0.0179105 0 0.956736 2088.81 1991.35 97.4611 0 -29.7221 -30.0148 4 6829.88 228.9 1626 0.000243586
6600 0.388896 0.372628 0.0162679 0 0.958169 2127.73 2028.61 99.116 0 -29.7275 -30.0175 4 6929.88 230.57 1651 0.000225698
6700 0.356745 0.342711 0.0140338 0 0.960661 2163.56 2062.88 100.674 0 -29.7369 -30.2943 4 7029.88 232.228 1676 0.000204482
6800 0.336307 0.326077 0.0102308 0 0.969579 2197.45 2095.49 101.958 0 -29.7496 -30.5601 4 7129.88 233.874 1701 0.000191697
6900 0.333458 0.320358 0.0130993 0 0.960717 2230.7 2127.53 103.17 0 -29.7653 -30.8061 4 7229.88 235.508 1726 0.000185607
7000 0.344017 0.329625 0.0143922 0 0.958164 2265.07 2160.49 104.581 0 -29.7763 -30.4874 4 7329.88 237.131 1751 0.00018825
7100 0.323595 0.312466 0.0111295 0 0.965607 2297.62 2191.73 105.89 0 -29.7991 -31.3897 4 7429.88 238.743 1776 0.000175938
7200 0.341955 0.329465 0.0124894 0 0.963476 2331.73 2224.68 107.046 0 -29.8224 -31.3865 4 7529.88 240.344 1801 0.000182935
7300 0.388424 0.372652 0.0157714 0 0.959396 2370.44 2261.95 108.494 0 -29.8385 -30.8092 4 7629.88 241.935 1826 0.000204081
7400 0.400622 0.384587 0.0160352 0 0.959974 2410.5 2300.41 110.094 0 -29.8485 -30.4436 4 7729.88 243.515 1851 0.000207773
7500 0.381503 0.365745 0.0157579 0 0.958695 2448.62 2336.98 111.639 0 -29.8599 -30.5789 4 7829.88 245.086 1876 0.00019496
7600 0.401348 0.386933 0.0144148 0 0.964084 2488.84 2375.67 113.165 0 -29.8802 -31.1181 4 7929.88 246.646 1901 0.000203542
7700 0.354592 0.341909 0.0126824 0 0.964234 2524.37 2409.86 114.505 0 -29.8998 -31.2733 4 8029.88 248.196 1926 0.000177523
7800 0.345522 0.334004 0.011518 0 0.966665 2559.03 2443.26 115.764 0 -29.9205 -31.4221 4 8129.88 249.737 1951 0.000171196
7900 0.365997 0.354201 0.011796 0 0.96777 2595.75 2478.68 117.061 0 -29.9413 -31.394 4 8229.88 251.268 1976 0.000179252
8000 0.336716 0.324076 0.0126395 0 0.962463 2629.32 2511.09 118.231 0 -29.9628 -31.6259 4 8329.88 252.79 2001 0.000161957
8100 0.362843 0.350468 0.0123751 0 0.965894 2665.65 2546.14 119.509 0 -29.9809 -31.2907 4 8429.88 254.303 2026 0.000172985
8200 0.379468 0.363925 0.0155431 0 0.95904 2703.48 2582.53 120.944 0 -29.9908 -30.6915 4 8529.88 255.806 2051 0.000177438
8300 0.362914 0.349226 0.0136879 0 0.962283 2739.79 2617.45 122.339 0 -30.0054 -31.0905 4 8629.88 257.302 2076 0.000168221
8400 0.396969 0.380168 0.0168004 0 0.957678 2779.45 2655.47 123.976 0 -30.0151 -30.685 4 8729.88 258.788 2101 0.000180946
8500 0.383134 0.369692 0.0134416 0 0.964917 2817.87 2692.44 125.426 0 -30.0304 -31.1341 4 8829.88 260.266 2126 0.000173891
8600 0.380283 0.365046 0.0152365 0 0.959934 2855.74 2728.94 126.791 0 -30.0443 -31.077 4 8929.88 261.736 2151 0.00016971
8700 0.388095 0.376406 0.0116884 0 0.969883 2894.79 2766.59 128.203 0 -30.0626 -31.4032 4 9029.88 263.197 2176 0.000172981
8800 0.386897 0.373851 0.0130456 0 0.966281 2933.54 2803.97 129.57 0 -30.0726 -30.8179 4 9129.88 264.65 2201 0.000169855
8900 0.362195 0.351034 0.0111614 0 0.969184 2969.85 2839.07 130.776 0 -30.0884 -31.3709 4 9229.88 266.096 2226 0.000157697
9000 0.352553 0.341055 0.0114988 0 0.967384 3005.06 2873.18 131.882 0 -30.1071 -31.678 4 9329.88 267.533 2251 0.000151513
9100 0.391832 0.37623 0.0156025 0 0.960181 3044.07 2910.8 133.267 0 -30.1276 -31.7114 4 9429.88 268.963 2276 0.000165303
9200 0.376143 0.36293 0.0132129 0 0.964873 3081.79 2947.1 134.691 0 -30.1461 -31.6381 4 9529.88 270.386 2301 0.000157727
9300 0.381809 0.368649 0.0131602 0 0.965532 3120.03 2983.96 136.072 0 -30.1688 -31.9947 4 9629.88 271.801 2326 0.000158491
9400 0.400112 0.383207 0.016905 0 0.957749 3159.85 3022.28 137.57 0 -30.18 -31.06 4 9729.88 273.208 2351 0.000162998
9500 0.383072 0.370322 0.0127502 0 0.966716 3198.39 3059.31 139.079 0 -30.1948 -31.4113 4 9829.88 274.609 2376 0.000155859
9600 0.373115 0.359539 0.0135753 0 0.963616 3235.68 3095.27 140.413 0 -30.2054 -31.1153 4 9929.88 276.002 2401 0.000149746
9700 0.357267 0.346363 0.0109038 0 0.96948 3271.53 3129.9 141.626 0 -30.2212 -31.6413 4 10029.9 277.388 2426 0.000142771
9800 0.349904 0.339402 0.0105019 0 0.969986 3306.55 3163.84 142.705 0 -30.2362 -31.6407 4 10129.9 278.768 2451 0.000138475
9900 0.36282 0.351981 0.0108392 0 0.970125 3342.92 3199.04 143.876 0 -30.2522 -31.706 4 10229.9 280.14 2476 0.000142157
10000 0.379644 0.366174 0.0134694 0 0.964521 3380.8 3235.66 145.137 0 -30.2645 -31.3456 4 10329.9 281.506 2501 0.000146411
10100 0.346892 0.336321 0.0105713 0 0.969526 3415.62 3269.29 146.328 0 -30.2795 -31.7383 4 10429.9 282.865 2526 0.000133144
10200 0.415084 0.400468 0.0146164 0 0.964787 3457.12 3309.34 147.787 0 -30.2822 -30.5103 4 10529.9 284.218 2551 0.000156985
10300 0.451126 0.435949 0.0151772 0 0.966357 3502.41 3352.93 149.475 0 -30.2901 -30.8877 4 10629.9 285.565 2576 0.000169235
10400 0.398061 0.386018 0.0120422 0 0.969748 3542.46 3391.53 150.93 0 -30.2988 -31.0601 4 10729.9 286.905 2601 0.000148411
10500 0.427266 0.406313 0.0209536 0 0.950959 3584.72 3432.17 152.558 0 -30.293 -29.8122 4 10829.9 288.238 2626 0.000154727
10600 0.438427 0.41897 0.019457 0 0.955621 3628.56 3474.06 154.499 0 -30.2932 -30.3024 4 10929.9 289.566 2651 0.000158042
10700 0.431728 0.41463 0.0170976 0 0.960397 3671.87 3515.53 156.341 0 -30.2999 -30.8604 4 11029.9 290.888 2676 0.000154944
10800 0.413696 0.39796 0.0157358 0 0.961963 3713.27 3555.32 157.946 0 -30.3082 -31.0446 4 11129.9 292.203 2701 0.000147338
10900 0.400883 0.386449 0.0144337 0 0.963995 3753.5 3593.97 159.531 0 -30.3141 -30.8662 4 11229.9 293.513 2726 0.000141764
11000 0.363473 0.351948 0.0115252 0 0.968291 3790.01 3629.16 160.85 0 -30.3269 -31.6379 4 11329.9 294.817 2751 0.000127934
11100 0.397173 0.383938 0.0132348 0 0.966677 3829.81 3667.56 162.255 0 -30.3319 -30.8081 4 11429.9 296.115 2776 0.000138306
11200 0.391944 0.377483 0.0144615 0 0.963103 3869.01 3705.3 163.705 0 -30.3378 -30.9113 4 11529.9 297.408 2801 0.000134767
11300 0.419865 0.404898 0.0149667 0 0.964353 3911.06 3745.79 165.267 0 -30.3439 -30.9099 4 11629.9 298.695 2826 0.000143276
11400 0.386769 0.373455 0.013315 0 0.965574 3949.79 3783.14 166.653 0 -30.3562 -31.5977 4 11729.9 299.976 2851 0.000130991
11500 0.401972 0.388258 0.0137143 0 0.965882 3990.06 3821.96 168.096 0 -30.3661 -31.3383 4 11829.9 301.252 2876 0.000134999
11600 0.386347 0.371819 0.014528 0 0.962396 4028.55 3859.15 169.401 0 -30.3757 -31.3715 4 11929.9 302.523 2901 0.000128169
11700 0.424522 0.412601 0.0119207 0 0.97192 4071.28 3900.41 170.872 0 -30.385 -31.2635 4 12029.9 303.788 2926 0.000141012
11800 0.45719 0.439226 0.0179642 0 0.960707 4116.96 3944.33 172.627 0 -30.3817 -30.0882 4 12129.9 305.048 2951 0.00014884
11900 0.419596 0.403995 0.0156007 0 0.96282 4159.03 3984.73 174.303 0 -30.3887 -31.0652 4 12229.9 306.303 2976 0.000135751
12000 0.429064 0.412661 0.016403 0 0.96177 4202.07 4025.99 176.075 0 -30.3968 -31.1831 4 12329.9 307.553 3001 0.000137508
12100 0.4164 0.401161 0.0152391 0 0.963403 4243.83 4066.11 177.722 0 -30.4051 -31.2403 4 12429.9 308.797 3026 0.000132571
12200 0.397802 0.383079 0.0147235 0 0.962988 4283.65 4104.42 179.234 0 -30.4141 -31.3708 4 12529.9 310.037 3051 0.000125558
12300 0.390861 0.376781 0.0140803 0 0.963976 4322.85 4142.1 180.755 0 -30.4216 -31.2487 4 12629.9 311.272 3076 0.000122491
12400 0.368107 0.357518 0.010588 0 0.971236 4359.92 4177.85 182.068 0 -30.4331 -31.7666 4 12729.9 312.502 3101 0.000115291
12500 0.391165 0.376937 0.0142282 0 0.963626 4399.05 4215.54 183.506 0 -30.4446 -31.7256 4 12829.9 313.727 3126 0.000120581
12600 0.409039 0.395659 0.0133795 0 0.96729 4440.21 4255.11 185.102 0 -30.4557 -31.644 4 12929.9 314.947 3151 0.000125566
12700 0.372155 0.361334 0.0108208 0 0.970924 4477.6 4291.24 186.363 0 -30.4684 -31.9779 4 13029.9 316.162 3176 0.00011377
12800 0.374844 0.364931 0.0099126 0 0.973555 4515.26 4327.73 187.52 0 -30.4837 -32.3014 4 13129.9 317.373 3201 0.000114005
12900 0.356901 0.345954 0.0109476 0 0.969326 4550.89 4362.33 188.559 0 -30.4982 -32.3335 4 13229.9 318.58 3226 0.000107239
13000 0.357629 0.346858 0.0107717 0 0.96988 4586.72 4397.02 189.708 0 -30.5132 -32.42 4 13329.9 319.781 3251 0.000106693
13100 0.371468 0.358961 0.012507 0 0.966331 4623.93 4432.91 191.013 0 -30.5241 -31.8684 4 13429.9 320.979 3276 0.000109573
13200 0.365076 0.353036 0.0120401 0 0.96702 4660.53 4468.22 192.318 0 -30.5351 -31.9287 4 13529.9 322.171 3301 0.000106948
13300 0.364369 0.352187 0.0121827 0 0.966565 4696.96 4503.43 193.525 0 -30.5447 -31.7656 4 13629.9 323.36 3326 0.000105889
13400 0.397037 0.383293 0.0137437 0 0.965384 4736.7 4541.76 194.936 0 -30.5496 -31.1334 4 13729.9 324.544 3351 0.000114382
13500 0.40449 0.390677 0.0138128 0 0.965851 4777.35 4580.83 196.519 0 -30.5555 -31.2402 4 13829.9 325.724 3376 0.000115722
13600 0.390113 0.376839 0.0132738 0 0.965975 4816.44 4618.52 197.925 0 -30.5625 -31.4145 4 13929.9 326.899 3401 0.000110803
13700 0.375927 0.364667 0.0112602 0 0.970047 4854.21 4654.98 199.226 0 -30.5723 -31.825 4 14029.9 328.07 3426 0.000106441
13800 0.36934 0.357404 0.0119361 0 0.967683 4891.23 4690.72 200.504 0 -30.5824 -31.9085 4 14129.9 329.238 3451 0.000103565
13900 0.352445 0.341839 0.0106063 0 0.969907 4926.61 4724.91 201.701 0 -30.5934 -32.1112 4 14229.9 330.401 3476 9.83426e-05
14000 0.334753 0.32556 0.00919252 0 0.972539 4960.22 4757.46 202.759 0 -30.6055 -32.3806 4 14329.9 331.559 3501 9.29907e-05
14100 0.344089 0.334569 0.00952046 0 0.972331 4994.67 4790.92 203.751 0 -30.6156 -32.0712 4 14429.9 332.714 3526 9.48862e-05
14200 0.347323 0.336647 0.0106756 0 0.969263 5029.41 4824.58 204.825 0 -30.6225 -31.6122 4 14529.9 333.865 3551 9.48035e-05
14300 0.347874 0.337857 0.0100163 0 0.971207 5064.3 4858.37 205.931 0 -30.6297 -31.6712 4 14629.9 335.012 3576 9.44792e-05
14400 0.415256 0.400408 0.0148481 0 0.964244 5105.75 4898.41 207.34 0 -30.6305 -30.7295 4 14729.9 336.155 3601 0.000111193
14500 0.41432 0.39887 0.0154495 0 0.962711 5147.22 4938.3 208.927 0 -30.634 -31.0652 4 14829.9 337.294 3626 0.000110003
14600 0.433095 0.416668 0.0164267 0 0.962071 5190.68 4979.96 210.721 0 -30.6389 -31.2175 4 14929.9 338.43 3651 0.000114124
14700 0.411872 0.395702 0.0161696 0 0.960741 5231.94 5019.53 212.404 0 -30.6458 -31.5196 4 15029.9 339.561 3676 0.000107645
14800 0.388186 0.375359 0.0128273 0 0.966956 5271.04 5057.07 213.973 0 -30.6552 -31.9012 4 15129.9 340.689 3701 0.000101421
14900 0.414248 0.397635 0.0166129 0 0.959896 5312.35 5096.83 215.52 0 -30.6614 -31.4573 4 15229.9 341.813 3726 0.000106719
15000 0.423572 0.409185 0.0143874 0 0.966033 5354.88 5137.75 217.132 0 -30.6697 -31.7015 4 15329.9 342.933 3751 0.000109087
15100 0.426774 0.412438 0.0143354 0 0.96641 5397.69 5179 218.69 0 -30.6785 -31.7857 4 15429.9 344.05 3776 0.000109226
15200 0.411685 0.397325 0.0143598 0 0.965119 5438.91 5218.73 220.184 0 -30.688 -31.9362 4 15529.9 345.163 3801 0.000104532
15300 0.391784 0.3791 0.0126833 0 0.967627 5478.24 5256.64 221.599 0 -30.6985 -32.138 4 15629.9 346.272 3826 9.90853e-05
15400 0.378433 0.366383 0.0120495 0 0.96816 5516.1 5293.28 222.825 0 -30.7086 -32.1748 4 15729.9 347.378 3851 9.51398e-05
15500 0.388935 0.376307 0.0126289 0 0.967529 5554.99 5330.91 224.079 0 -30.7174 -31.9721 4 15829.9 348.481 3876 9.70863e-05
15600 0.380195 0.367597 0.0125988 0 0.966862 5592.97 5367.67 225.305 0 -30.7277 -32.2316 4 15929.9 349.58 3901 9.42314e-05
15700 0.468974 0.453438 0.0155361 0 0.966872 5639.8 5413.01 226.792 0 -30.7288 -30.8572 4 16029.9 350.675 3926 0.000115496
15800 0.434546 0.421053 0.0134924 0 0.968951 5683.36 5455.12 228.246 0 -30.7326 -31.2238 4 16129.9 351.767 3951 0.000106569
15900 0.427278 0.413043 0.0142345 0 0.966686 5726.02 5496.42 229.597 0 -30.7367 -31.2792 4 16229.9 352.856 3976 0.000103884
16000 0.478095 0.459296 0.0187992 0 0.960679 5773.51 5542.35 231.156 0 -30.7413 -31.2957 4 16329.9 353.942 4001 0.000114795
16100 0.478732 0.461569 0.0171637 0 0.964148 5821.6 5588.51 233.096 0 -30.7451 -31.2011 4 16429.9 355.024 4026 0.000114647
16200 0.434989 0.417926 0.0170632 0 0.960773 5865.21 5630.3 234.911 0 -30.7509 -31.5385 4 16529.9 356.102 4051 0.000103166
16300 0.470786 0.454191 0.0165951 0 0.96475 5912.34 5675.72 236.622 0 -30.7573 -31.5482 4 16629.9 357.178 4076 0.000111431
16400 0.43442 0.417829 0.0165909 0 0.961809 5955.78 5717.5 238.278 0 -30.7639 -31.6649 4 16729.9 358.25 4101 0.000101885
16500 0.442279 0.42586 0.0164187 0 0.962877 6000.21 5760.09 240.117 0 -30.7697 -31.549 4 16829.9 359.319 4126 0.000103214
16600 0.440998 0.42352 0.0174781 0 0.960367 6044.24 5802.44 241.802 0 -30.7724 -31.1341 4 16929.9 360.385 4151 0.000102028
16700 0.475203 0.45843 0.0167729 0 0.964704 6091.84 5848.28 243.553 0 -30.7754 -31.1569 4 17029.9 361.448 4176 0.000109777
16800 0.426856 0.411622 0.0152343 0 0.964311 6134.59 5889.45 245.143 0 -30.7803 -31.4835 4 17129.9 362.508 4201 9.7982e-05
16900 0.437424 0.419777 0.0176472 0 0.959656 6178.13 5931.42 246.703 0 -30.7825 -31.0826 4 17229.9 363.564 4226 9.9332e-05
17000 0.460921 0.445367 0.0155543 0 0.966254 6224.48 5975.96 248.52 0 -30.7839 -30.9698 4 17329.9 364.618 4251 0.000104768
17100 0.410084 0.396728 0.0133556 0 0.967432 6265.7 6015.63 250.068 0 -30.7892 -31.5989 4 17429.9 365.668 4276 9.27802e-05
17200 0.445934 0.427594 0.0183399 0 0.958873 6310.04 6058.39 251.647 0 -30.7947 -31.5691 4 17529.9 366.716 4301 9.94173e-05
17300 0.485439 0.467055 0.0183839 0 0.962129 6358.55 6105.1 253.455 0 -30.8009 -31.6018 4 17629.9 367.76 4326 0.000107965
17400 0.474947 0.458101 0.0168456 0 0.964532 6406.12 6150.91 255.209 0 -30.8063 -31.5279 4 17729.9 368.802 4351 0.000105286
17500 0.433092 0.420801 0.0122909 0 0.971621 6449.73 6192.99 256.743 0 -30.8141 -31.9719 4 17829.9 369.84 4376 9.61612e-05
17600 0.47408 0.454648 0.0194321 0 0.959011 6496.74 6238.45 258.291 0 -30.8169 -31.1982 4 17929.9 370.876 4401 0.000103306
17700 0.48233 0.466588 0.0157424 0 0.967362 6545.17 6285.11 260.055 0 -30.8243 -31.8119 4 18029.9 371.909 4426 0.00010542
17800 0.443651 0.427694 0.0159575 0 0.964031 6589.56 6327.88 261.677 0 -30.8308 -31.7978 4 18129.9 372.939 4451 9.60894e-05
17900 0.470977 0.454981 0.0159964 0 0.966036 6636.76 6373.38 263.385 0 -30.8388 -31.9546 4 18229.9 373.966 4476 0.000101649
18000 0.450428 0.434861 0.0155669 0 0.96544 6681.97 6416.86 265.107 0 -30.8492 -32.3738 4 18329.9 374.99 4501 9.66143e-05
18100 0.433708 0.418649 0.0150599 0 0.965276 6725.53 6458.73 266.803 0 -30.8576 -32.138 4 18429.9 376.012 4526 9.24986e-05
18200 0.437325 0.422126 0.0151994 0 0.965245 6769.41 6500.94 268.467 0 -30.8671 -32.3245 4 18529.9 377.03 4551 9.27545e-05
18300 0.409564 0.394894 0.0146692 0 0.964183 6810.35 6540.43 269.921 0 -30.8772 -32.5563 4 18629.9 378.046 4576 8.62968e-05
18400 0.399372 0.387603 0.0117693 0 0.97053 6850.48 6579.19 271.288 0 -30.888 -32.7131 4 18729.9 379.06 4601 8.42432e-05
18500 0.38925 0.376866 0.0123847 0 0.968183 6889.41 6616.88 272.532 0 -30.8981 -32.6777 4 18829.9 380.07 4626 8.14669e-05
18600 0.360188 0.348979 0.0112088 0 0.968881 6925.41 6651.78 273.638 0 -30.909 -32.9899 4 18929.9 381.078 4651 7.50332e-05
18700 0.378684 0.368111 0.0105723 0 0.972081 6963.41 6688.59 274.819 0 -30.92 -32.9269 4 19029.9 382.083 4676 7.87236e-05
18800 0.387042 0.374107 0.0129355 0 0.966579 7001.97 6726 275.971 0 -30.9279 -32.3631 4 19129.9 383.086 4701 7.95803e-05
18900 0.384436 0.373088 0.0113483 0 0.970481 7040.52 6763.31 277.211 0 -30.9378 -32.7222 4 19229.9 384.086 4726 7.89437e-05
19000 0.410784 0.394861 0.0159238 0 0.961236 7081.41 6802.79 278.621 0 -30.9451 -32.2055 4 19329.9 385.083 4751 8.31111e-05
19100 0.431072 0.418285 0.0127866 0 0.970338 7124.76 6844.62 280.14 0 -30.9529 -32.2316 4 19429.9 386.078 4776 8.75806e-05
19200 0.405323 0.389645 0.015678 0 0.96132 7165.13 6883.59 281.549 0 -30.96 -32.2084 4 19529.9 387.07 4801 8.11592e-05
19300 0.435741 0.419871 0.0158695 0 0.963581 7208.65 6925.57 283.073 0 -30.9645 -31.7094 4 19629.9 388.06 4826 8.70019e-05
19400 0.401167 0.38872 0.012447 0 0.968973 7248.91 6964.45 284.468 0 -30.9717 -32.2576 4 19729.9 389.047 4851 8.0132e-05
19500 0.410737 0.397487 0.0132502 0 0.96774 7290.06 7004.19 285.866 0 -30.9797 -32.3901 4 19829.9 390.032 4876 8.1519e-05
19600 0.435686 0.416166 0.0195199 0 0.955197 7333.26 7045.81 287.454 0 -30.9831 -31.5623 4 19929.9 391.014 4901 8.49145e-05
19700 0.410973 0.396746 0.0142269 0 0.965382 7374.54 7085.48 289.056 0 -30.9904 -32.2869 4 20029.9 391.994 4926 8.05411e-05
19800 0.471093 0.45322 0.0178734 0 0.96206 7421.53 7130.81 290.724 0 -30.9968 -32.0027 4 20129.9 392.971 4951 9.1541e-05
19900 0.436219 0.420816 0.0154031 0 0.96469 7465.23 7172.89 292.339 0 -31.0048 -32.3536 4 20229.9 393.946 4976 8.45691e-05
20000 0.458228 0.442602 0.0156262 0 0.965899 7511.18 7217.15 294.031 0 -31.0115 -32.1076 4 20329.9 394.919 5001 8.85027e-05
20100 0.431293 0.415675 0.0156179 0 0.963788 7554.14 7258.72 295.428 0 -31.018 -32.1503 4 20429.9 395.889 5026 8.2705e-05
20200 0.448984 0.433974 0.0150097 0 0.96657 7599.09 7302.11 296.976 0 -31.0249 -32.1804 4 20529.9 396.856 5051 8.59185e-05
20300 0.449602 0.435796 0.0138057 0 0.969294 7644.11 7345.69 298.42 0 -31.032 -32.232 4 20629.9 397.822 5076 8.58542e-05
20400 0.417278 0.405214 0.0120639 0 0.971089 7685.94 7386.21 299.722 0 -31.0384 -32.214 4 20729.9 398.785 5101 7.94382e-05
20500 0.417756 0.405568 0.0121883 0 0.970824 7727.74 7426.77 300.965 0 -31.0465 -32.5401 4 20829.9 399.745 5126 7.91197e-05
20600 0.404733 0.392942 0.0117906 0 0.970868 7768.27 7466.07 302.202 0 -31.0541 -32.5061 4 20929.9 400.704 5151 7.62846e-05
20700 0.414652 0.402517 0.0121352 0 0.970734 7809.78 7506.32 303.46 0 -31.0606 -32.2724 4 21029.9 401.66 5176 7.7766e-05
20800 0.401585 0.388975 0.0126096 0 0.9686 7849.93 7545.21 304.714 0 -31.066 -32.1057 4 21129.9 402.614 5201 7.47885e-05
20900 0.427947 0.414066 0.0138805 0 0.967565 7892.75 7586.62 306.126 0 -31.0717 -32.125 4 21229.9 403.565 5226 7.9232e-05
21000 0.424873 0.411493 0.0133796 0 0.968509 7935.3 7627.77 307.529 0 -31.0777 -32.1918 4 21329.9 404.515 5251 7.83647e-05
21100 0.429386 0.414666 0.0147201 0 0.965718 7978.25 7669.24 309.016 0 -31.0825 -31.9583 4 21429.9 405.462 5276 7.85947e-05
21200 0.419371 0.404431 0.0149404 0 0.964374 8020.11 7709.68 310.427 0 -31.0867 -31.8899 4 21529.9 406.407 5301 7.62933e-05
21300 0.476354 0.458903 0.0174519 0 0.963364 8067.74 7755.57 312.165 0 -31.0885 -31.3958 4 21629.9 407.349 5326 8.61627e-05
21400 0.46061 0.444591 0.0160193 0 0.965221 8113.86 7800.03 313.827 0 -31.0943 -32.1157 4 21729.9 408.29 5351 8.30856e-05
21500 0.465159 0.449033 0.0161264 0 0.965331 8160.42 7844.93 315.483 0 -31.0983 -31.7914 4 21829.9 409.228 5376 8.35255e-05
21600 0.448947 0.434116 0.0148307 0 0.966966 8205.43 7888.34 317.084 0 -31.1026 -31.8746 4 21929.9 410.165 5401 8.0377e-05
21700 0.438546 0.42233 0.0162157 0 0.963024 8249.13 7930.58 318.551 0 -31.1087 -32.2517 4 22029.9 411.099 5426 7.78346e-05
21800 0.434197 0.419582 0.0146154 0 0.966339 8292.57 7972.54 320.036 0 -31.1167 -32.6415 4 22129.9 412.031 5451 7.69734e-05
21900 0.44067 0.422705 0.017965 0 0.959232 8336.3 8014.81 321.492 0 -31.1222 -32.1595 4 22229.9 412.961 5476 7.71922e-05
22000 0.43769 0.42407 0.0136196 0 0.968883 8380.27 8057.21 323.053 0 -31.131 -32.8016 4 22329.9 413.888 5501 7.70897e-05
22100 0.410334 0.398171 0.0121628 0 0.970359 8421.47 8097.03 324.443 0 -31.1394 -32.8499 4 22429.9 414.814 5526 7.20541e-05
22200 0.425476 0.410326 0.0151497 0 0.964394 8463.85 8138.06 325.787 0 -31.1444 -32.1448 4 22529.9 415.738 5551 7.39194e-05
22300 0.434304 0.419363 0.0149414 0 0.965597 8507.27 8180 327.268 0 -31.1502 -32.283 4 22629.9 416.659 5576 7.52085e-05
22400 0.483818 0.466867 0.0169509 0 0.964964 8555.57 8226.69 328.888 0 -31.1529 -31.623 4 22729.9 417.579 5601 8.33543e-05
22500 0.433005 0.419591 0.0134141 0 0.969021 8598.97 8268.65 330.325 0 -31.1588 -32.3303 4 22829.9 418.497 5626 7.45807e-05
22600 0.459383 0.445052 0.0143311 0 0.968804 8644.88 8313.15 331.733 0 -31.1626 -31.8656 4 22929.9 419.412 5651 7.87564e-05
22700 0.492917 0.478757 0.0141599 0 0.971273 8694.41 8361.03 333.383 0 -31.1687 -32.2263 4 23029.9 420.326 5676 8.43476e-05
22800 0.429871 0.416107 0.0137643 0 0.96798 8737.45 8402.64 334.814 0 -31.176 -32.6623 4 23129.9 421.237 5701 7.29884e-05
22900 0.419205 0.407743 0.0114616 0 0.972659 8779.62 8443.41 336.209 0 -31.1834 -32.7243 4 23229.9 422.147 5726 7.12091e-05
23000 0.483368 0.46573 0.0176379 0 0.96351 8827.78 8489.98 337.793 0 -31.184 -31.2823 4 23329.9 423.055 5751 8.09825e-05
23100 0.463783 0.449027 0.0147564 0 0.968183 8874.31 8534.89 339.42 0 -31.1854 -31.4599 4 23429.9 423.96 5776 7.77401e-05
23200 0.414517 0.401542 0.0129751 0 0.968698 8915.9 8575.04 340.863 0 -31.1911 -32.3947 4 23529.9 424.864 5801 6.92194e-05
23300 0.398799 0.384906 0.0138935 0 0.965162 8955.69 8613.53 342.157 0 -31.1965 -32.4106 4 23629.9 425.766 5826 6.60669e-05
23400 0.428711 0.414559 0.0141524 0 0.966988 8998.69 8654.99 343.7 0 -31.2015 -32.2425 4 23729.9 426.666 5851 7.08526e-05
23500 0.393595 0.382091 0.0115048 0 0.97077 9038.19 8693.2 344.991 0 -31.2078 -32.644 4 23829.9 427.564 5876 6.50256e-05
23600 0.403435 0.392313 0.011122 0 0.972432 9078.6 8732.43 346.174 0 -31.2145 -32.7243 4 23929.9 428.46 5901 6.64824e-05
23700 0.447359 0.431666 0.0156936 0 0.964919 9123.09 8775.59 347.497 0 -31.2175 -31.816 4 24029.9 429.354 5926 7.28427e-05
23800 0.457097 0.43977 0.0173275 0 0.962092 9168.58 8819.57 349.007 0 -31.2211 -31.9537 4 24129.9 430.247 5951 7.38985e-05
23900 0.458936 0.443681 0.015255 0 0.96676 9214.58 8863.94 350.639 0 -31.2237 -31.7374 4 24229.9 431.137 5976 7.42438e-05
24000 0.439291 0.424208 0.0150822 0 0.965667 9258.52 8906.36 352.156 0 -31.2281 -32.1515 4 24329.9 432.026 6001 7.06896e-05
24100 0.446208 0.431636 0.0145713 0 0.967344 9303.21 8949.52 353.685 0 -31.2314 -31.9229 4 24429.9 432.913 6026 7.1629e-05
24200 0.420714 0.405154 0.0155605 0 0.963014 9345.02 8990.04 354.983 0 -31.2364 -32.3366 4 24529.9 433.798 6051 6.69565e-05
24300 0.476953 0.459217 0.0177359 0 0.962814 9392.68 9035.96 356.72 0 -31.2385 -31.6462 4 24629.9 434.682 6076 7.55788e-05
24400 0.441076 0.424586 0.0164902 0 0.962614 9436.71 9078.42 358.287 0 -31.24 -31.572 4 24729.9 435.563 6101 6.95928e-05
24500 0.44646 0.430832 0.0156286 0 0.964994 9481.38 9121.5 359.882 0 -31.2432 -31.9103 4 24829.9 436.443 6126 7.03284e-05
24600 0.496992 0.478842 0.0181504 0 0.963479 9531.07 9169.39 361.682 0 -31.2454 -31.6723 4 24929.9 437.321 6151 7.78478e-05
24700 0.477077 0.459005 0.0180722 0 0.962119 9578.78 9215.29 363.491 0 -31.2478 -31.7145 4 25029.9 438.197 6176 7.43208e-05
24800 0.466174 0.448171 0.0180035 0 0.96138 9625.29 9260.1 365.189 0 -31.2514 -31.9932 4 25129.9 439.072 6201 7.2274e-05
24900 0.512865 0.49528 0.0175852 0 0.965712 9676.65 9309.63 367.022 0 -31.2538 -31.7108 4 25229.9 439.944 6226 7.95503e-05
25000 0.523958 0.50778 0.0161775 0 0.969124 9729.29 9360.41 368.877 0 -31.2565 -31.7478 4 25329.9 440.815 6251 8.12318e-05
25100 0.493947 0.479035 0.0149113 0 0.969812 9778.92 9408.31 370.608 0 -31.2601 -31.9633 4 25429.9 441.685 6276 7.63281e-05
25200 0.453822 0.439053 0.0147691 0 0.967456 9824.29 9452.22 372.067 0 -31.2648 -32.2767 4 25529.9 442.552 6301 6.96799e-05
25300 0.499254 0.482038 0.0172165 0 0.965516 9874.24 9500.42 373.816 0 -31.2663 -31.5779 4 25629.9 443.418 6326 7.61995e-05
25400 0.487076 0.471335 0.0157405 0 0.967684 9923.05 9547.56 375.494 0 -31.2697 -31.9432 4 25729.9 444.282 6351 7.42143e-05
25500 0.474205 0.458618 0.0155864 0 0.967131 9970.61 9593.42 377.194 0 -31.2752 -32.4192 4 25829.9 445.145 6376 7.19289e-05
25600 0.488422 0.472393 0.0160282 0 0.967184 10019.6 9640.66 378.946 0 -31.2768 -31.6139 4 25929.9 446.006 6401 7.37999e-05
25700 0.445678 0.431618 0.0140598 0 0.968453 10064.3 9683.82 380.504 0 -31.2804 -32.0825 4 26029.9 446.865 6426 6.71674e-05
25800 0.397044 0.38662 0.0104237 0 0.973747 10104.2 9722.48 381.691 0 -31.2865 -32.8233 4 26129.9 447.722 6451 5.99318e-05
25900 0.404529 0.393466 0.0110636 0 0.972651 10144.7 9761.83 382.862 0 -31.2924 -32.7699 4 26229.9 448.578 6476 6.07575e-05
26000 0.410689 0.399549 0.01114 0 0.972875 10185.9 9801.78 384.115 0 -31.2985 -32.8111 4 26329.9 449.433 6501 6.14596e-05
26100 0.387999 0.378104 0.00989529 0 0.974497 10224.8 9839.59 385.234 0 -31.3051 -33.0298 4 26429.9 450.285 6526 5.7938e-05
26200 0.377242 0.368938 0.0083037 0 0.977988 10262.7 9876.49 386.186 0 -31.3121 -33.2002 4 26529.9 451.136 6551 5.63178e-05
26300 0.379588 0.370789 0.00879943 0 0.976818 10300.7 9913.57 387.154 0 -31.3187 -33.0848 4 26629.9 451.986 6576 5.63851e-05
26400 0.399474 0.389289 0.0101855 0 0.974503 10340.7 9952.49 388.209 0 -31.3234 -32.5407 4 26729.9 452.834 6601 5.89742e-05
26500 0.438912 0.425816 0.013096 0 0.970163 10384.6 9995.08 389.494 0 -31.3282 -32.4515 4 26829.9 453.68 6626 6.42644e-05
26600 0.394342 0.383211 0.0111308 0 0.971774 10424 10033.4 390.641 0 -31.3346 -33.0239 4 26929.9 454.524 6651 5.7617e-05
26700 0.392519 0.381485 0.0110347 0 0.971888 10463.3 10071.5 391.784 0 -31.3402 -32.8409 4 27029.9 455.368 6676 5.71427e-05
26800 0.433686 0.418949 0.0147371 0 0.966019 10506.6 10113.4 393.159 0 -31.3459 -32.7137 4 27129.9 456.209 6701 6.25204e-05
26900 0.433739 0.420752 0.0129871 0 0.970058 10550 10155.5 394.511 0 -31.3504 -32.4362 4 27229.9 457.049 6726 6.25561e-05
27000 0.378682 0.368742 0.0099404 0 0.97375 10588 10192.4 395.587 0 -31.357 -33.185 4 27329.9 457.888 6751 5.46204e-05
27100 0.399006 0.388036 0.0109702 0 0.972506 10627.9 10231.2 396.694 0 -31.3609 -32.4115 4 27429.9 458.725 6776 5.72662e-05
27200 0.417833 0.405057 0.0127761 0 0.969423 10669.6 10271.7 397.948 0 -31.3654 -32.5027 4 27529.9 459.56 6801 5.95585e-05
27300 0.429008 0.415676 0.0133319 0 0.968924 10712.7 10313.3 399.396 0 -31.3704 -32.6263 4 27629.9 460.394 6826 6.0896e-05
27400 0.404191 0.392216 0.0119745 0 0.970374 10753.1 10352.5 400.594 0 -31.3746 -32.4628 4 27729.9 461.226 6851 5.72495e-05
27500 0.491231 0.476117 0.0151133 0 0.969234 10802.3 10400.1 402.17 0 -31.3721 -30.8353 4 27829.9 462.057 6876 6.92433e-05
27600 0.467673 0.452564 0.0151096 0 0.967692 10849.1 10445.4 403.779 0 -31.372 -31.3389 4 27929.9 462.887 6901 6.55794e-05
27700 0.45934 0.44504 0.0142995 0 0.968869 10895.2 10489.9 405.328 0 -31.3739 -31.8402 4 28029.9 463.715 6926 6.42564e-05
27800 0.45608 0.442478 0.0136014 0 0.970178 10941 10534.1 406.941 0 -31.3778 -32.2995 4 28129.9 464.541 6951 6.36568e-05
27900 0.403143 0.392125 0.0110177 0 0.972671 10981.6 10573.3 408.258 0 -31.3833 -32.8715 4 28229.9 465.366 6976 5.62106e-05
28000 0.39701 0.384849 0.0121611 0 0.969368 11021.3 10611.8 409.455 0 -31.3872 -32.4469 4 28329.9 466.189 7001 5.49706e-05
28100 0.427001 0.412495 0.0145055 0 0.966029 11063.9 10653.1 410.828 0 -31.3899 -32.0899 4 28429.9 467.012 7026 5.87098e-05
28200 0.437204 0.422259 0.0149444 0 0.965818 11107.5 10695.3 412.265 0 -31.3929 -32.1615 4 28529.9 467.832 7051 5.98865e-05
28300 0.417095 0.40209 0.0150056 0 0.964024 11149.1 10735.5 413.647 0 -31.3971 -32.5069 4 28629.9 468.651 7076 5.68244e-05
28400 0.438564 0.425912 0.0126524 0 0.97115 11193.2 10778.1 415.143 0 -31.4007 -32.3123 4 28729.9 469.469 7101 5.99791e-05
28500 0.407806 0.396358 0.0114487 0 0.971926 11234.1 10817.7 416.366 0 -31.405 -32.5843 4 28829.9 470.285 7126 5.56214e-05
28600 0.40839 0.396019 0.0123709 0 0.969708 11275 10857.3 417.664 0 -31.4094 -32.6334 4 28929.9 471.1 7151 5.53796e-05
28700 0.427464 0.413973 0.0134912 0 0.968439 11317.7 10898.7 418.962 0 -31.4119 -32.0718 4 29029.9 471.914 7176 5.76885e-05
28800 0.380765 0.370415 0.0103501 0 0.972818 11355.8 10935.8 420.064 0 -31.4171 -32.9462 4 29129.9 472.726 7201 5.14394e-05
28900 0.361044 0.352307 0.00873698 0 0.975801 11392.1 10971 421.154 0 -31.4226 -33.1662 4 29229.9 473.537 7226 4.87555e-05
29000 0.346006 0.336949 0.00905632 0 0.973826 11426.8 11004.7 422.083 0 -31.4287 -33.4323 4 29329.9 474.346 7251 4.64694e-05
29100 0.3863 0.373973 0.012327 0 0.96809 11465.3 11042.1 423.172 0 -31.4319 -32.3694 4 29429.9 475.154 7276 5.13982e-05
29200 0.404634 0.391875 0.0127597 0 0.968466 11505.7 11081.3 424.469 0 -31.4357 -32.5165 4 29529.9 475.961 7301 5.36741e-05
29300 0.413021 0.397905 0.0151166 0 0.9634 11546.8 11121.1 425.775 0 -31.4391 -32.401 4 29629.9 476.766 7326 5.4314e-05
29400 0.461376 0.445851 0.0155244 0 0.966352 11593.1 11165.6 427.43 0 -31.4421 -32.1871 4 29729.9 477.57 7351 6.06518e-05
29500 0.417177 0.403219 0.013958 0 0.966542 11634.9 11206 428.915 0 -31.4459 -32.4978 4 29829.9 478.372 7376 5.46664e-05
29600 0.405284 0.392468 0.0128164 0 0.968377 11675.5 11245.2 430.246 0 -31.4496 -32.4918 4 29929.9 479.173 7401 5.3029e-05
29700 0.439459 0.42376 0.0156986 0 0.964277 11719.3 11287.6 431.674 0 -31.4504 -31.6703 4 30029.9 479.973 7426 5.70644e-05
29800 0.47634 0.4569 0.0194405 0 0.959188 11766.6 11333.3 433.364 0 -31.4476 -30.7492 4 30129.9 480.772 7451 6.13206e-05
29900 0.465651 0.448695 0.0169566 0 0.963585 11813.4 11378.1 435.274 0 -31.4478 -31.5015 4 30229.9 481.569 7476 6.0018e-05
30000 0.445319 0.428808 0.016511 0 0.962923 11858 11421 436.971 0 -31.4493 -31.8608 4 30329.9 482.365 7501 5.71668e-05
30100 0.420498 0.405711 0.0147872 0 0.964834 11900.1 11461.6 438.51 0 -31.4516 -32.0912 4 30429.9 483.159 7526 5.39079e-05
30200 0.389016 0.377934 0.0110818 0 0.971513 11939.1 11499.4 439.75 0 -31.4554 -32.6246 4 30529.9 483.952 7551 5.00508e-05
30300 0.376832 0.366259 0.010573 0 0.971942 11976.9 11536 440.84 0 -31.4603 -32.9874 4 30629.9 484.744 7576 4.83447e-05
30400 0.383983 0.372424 0.0115587 0 0.969898 12015.3 11573.3 442.002 0 -31.4636 -32.5197 4 30729.9 485.535 7601 4.89967e-05
30500 0.355683 0.346502 0.00918079 0 0.974188 12051 11607.9 443.079 0 -31.4686 -33.1244 4 30829.9 486.324 7626 4.54369e-05
30600 0.351698 0.341356 0.0103424 0 0.970593 12086.1 11642 444.048 0 -31.4738 -33.2614 4 30929.9 487.112 7651 4.46159e-05
30700 0.407993 0.395991 0.012002 0 0.970583 12127 11681.6 445.351 0 -31.4771 -32.4631 4 31029.9 487.899 7676 5.15882e-05
30800 0.389934 0.378866 0.0110682 0 0.971615 12166 11719.5 446.466 0 -31.4799 -32.358 4 31129.9 488.685 7701 4.9197e-05
30900 0.408265 0.396408 0.0118573 0 0.970957 12206.9 11759.2 447.687 0 -31.4832 -32.4674 4 31229.9 489.469 7726 5.13083e-05
31000 0.43399 0.420991 0.0129987 0 0.970048 12250.4 11801.3 449.163 0 -31.4848 -31.9165 4 31329.9 490.252 7751 5.43144e-05
31100 0.388618 0.376989 0.0116291 0 0.970076 12289.4 11839 450.421 0 -31.4888 -32.7415 4 31429.9 491.034 7776 4.84811e-05
31200 0.422002 0.407186 0.0148155 0 0.964892 12331.4 11879.7 451.714 0 -31.4915 -32.2823 4 31529.9 491.814 7801 5.21967e-05
31300 0.388383 0.3781 0.0102832 0 0.973523 12370.5 11917.5 452.993 0 -31.4957 -32.8301 4 31629.9 492.594 7826 4.83133e-05
31400 0.407342 0.393983 0.0133593 0 0.967204 12411.2 11956.9 454.264 0 -31.4985 -32.3371 4 31729.9 493.372 7851 5.01825e-05
31500 0.429604 0.417094 0.0125099 0 0.97088 12454.3 11998.6 455.736 0 -31.5022 -32.5685 4 31829.9 494.149 7876 5.29576e-05
31600 0.408621 0.395901 0.0127201 0 0.968871 12495.2 12038.2 457.029 0 -31.5056 -32.543 4 31929.9 494.924 7901 5.01077e-05
31700 0.42232 0.409998 0.0123219 0 0.970823 12537.6 12079.2 458.446 0 -31.5077 -32.1445 4 32029.9 495.699 7926 5.17283e-05
31800 0.426612 0.412536 0.0140758 0 0.967006 12580.3 12120.5 459.849 0 -31.509 -31.8774 4 32129.9 496.472 7951 5.18848e-05
31900 0.411711 0.399158 0.0125537 0 0.969508 12621.6 12160.4 461.235 0 -31.5118 -32.3731 4 32229.9 497.244 7976 5.00448e-05
32000 0.454334 0.438356 0.0159784 0 0.964831 12666.9 12204.2 462.693 0 -31.5138 -32.0565 4 32329.9 498.015 8001 5.47876e-05
32100 0.448412 0.432457 0.0159553 0 0.964418 12711.8 12247.4 464.355 0 -31.5169 -32.3969 4 32429.9 498.784 8026 5.3882e-05
32200 0.428683 0.414846 0.0138367 0 0.967723 12754.9 12288.9 465.926 0 -31.5197 -32.3607 4 32529.9 499.553 8051 5.15272e-05
32300 0.461532 0.445046 0.0164859 0 0.96428 12801 12333.4 467.589 0 -31.5193 -31.3989 4 32629.9 500.32 8076 5.51073e-05
32400 0.450168 0.433596 0.0165717 0 0.963188 12846.1 12376.8 469.301 0 -31.5207 -31.9091 4 32729.9 501.086 8101 5.35238e-05
32500 0.410047 0.396018 0.0140289 0 0.965787 12887.3 12416.4 470.868 0 -31.5234 -32.3755 4 32829.9 501.851 8126 4.87347e-05
32600 0.443498 0.427065 0.0164331 0 0.962947 12931.6 12459.1 472.476 0 -31.5252 -32.0441 4 32929.9 502.615 8151 5.23941e-05
32700 0.447515 0.431708 0.015807 0 0.964678 12976.3 12502.3 474.063 0 -31.527 -32.0562 4 33029.9 503.377 8176 5.28018e-05
32800 0.459233 0.44249 0.0167429 0 0.963542 13022.2 12546.5 475.696 0 -31.5288 -32.0488 4 33129.9 504.139 8201 5.39557e-05
32900 0.442272 0.42791 0.0143617 0 0.967528 13066.5 12589.3 477.225 0 -31.5318 -32.3927 4 33229.9 504.899 8226 5.20193e-05
33000 0.412452 0.398034 0.0144181 0 0.965043 13107.8 12629.1 478.708 0 -31.5352 -32.6228 4 33329.9 505.658 8251 4.82407e-05
33100 0.413281 0.399766 0.0135151 0 0.967298 13149.3 12669.1 480.165 0 -31.5382 -32.4882 4 33429.9 506.416 8276 4.83042e-05
33200 0.385371 0.372086 0.0132851 0 0.965526 13187.8 12706.3 481.466 0 -31.5422 -32.9171 4 33529.9 507.173 8301 4.48242e-05
33300 0.401602 0.388741 0.0128605 0 0.967977 13228 12745.2 482.788 0 -31.5464 -32.9177 4 33629.9 507.929 8326 4.669e-05
33400 0.412435 0.399727 0.0127078 0 0.969188 13269.2 12785.2 484.094 0 -31.5506 -32.8934 4 33729.9 508.683 8351 4.78658e-05
33500 0.420237 0.408667 0.0115695 0 0.972469 13311.4 12826 485.36 0 -31.554 -32.6198 4 33829.9 509.437 8376 4.87903e-05
33600 0.408181 0.396057 0.0121233 0 0.970299 13352.1 12865.6 486.492 0 -31.5569 -32.5073 4 33929.9 510.189 8401 4.71441e-05
33700 0.436098 0.42358 0.0125179 0 0.971296 13395.8 12908 487.788 0 -31.5602 -32.5534 4 34029.9 510.94 8426 5.02706e-05
33800 0.433926 0.420364 0.0135617 0 0.968747 13439.1 12950 489.061 0 -31.5625 -32.2757 4 34129.9 511.691 8451 4.97413e-05
33900 0.426249 0.414355 0.0118943 0 0.972096 13481.7 12991.5 490.28 0 -31.5643 -32.1491 4 34229.9 512.44 8476 4.88857e-05
34000 0.441825 0.426678 0.015147 0 0.965717 13525.7 13034.1 491.614 0 -31.5676 -32.5625 4 34329.9 513.188 8501 5.01915e-05
34100 0.4304 0.418041 0.0123582 0 0.971287 13568.9 13075.9 492.963 0 -31.5713 -32.7558 4 34429.9 513.935 8526 4.90314e-05
34200 0.413657 0.399815 0.0138422 0 0.966537 13610.2 13115.9 494.247 0 -31.575 -32.7803 4 34529.9 514.68 8551 4.67565e-05
34300 0.417019 0.401981 0.0150384 0 0.963938 13651.7 13156.1 495.573 0 -31.5785 -32.7385 4 34629.9 515.425 8576 4.68728e-05
34400 0.440791 0.423587 0.0172041 0 0.96097 13695.5 13198.5 497.059 0 -31.5798 -31.971 4 34729.9 516.169 8601 4.92486e-05
34500 0.44405 0.429426 0.0146245 0 0.967066 13740.1 13241.4 498.706 0 -31.5832 -32.6403 4 34829.9 516.911 8626 4.97827e-05
34600 0.398286 0.383955 0.0143312 0 0.964018 13780 13279.8 500.165 0 -31.5875 -33.0636 4 34929.9 517.653 8651 4.43828e-05
34700 0.387083 0.375122 0.0119615 0 0.969098 13818.8 13317.3 501.47 0 -31.5922 -33.2345 4 35029.9 518.393 8676 4.32367e-05
34800 0.388952 0.375699 0.0132533 0 0.965926 13857.6 13354.9 502.726 0 -31.5965 -33.1486 4 35129.9 519.133 8701 4.31788e-05
34900 0.412592 0.400152 0.0124398 0 0.96985 13899 13394.9 504.078 0 -31.5997 -32.6739 4 35229.9 519.871 8726 4.58575e-05
35000 0.386435 0.371236 0.0151997 0 0.960667 13937.4 13432 505.341 0 -31.6031 -32.8202 4 35329.9 520.608 8751 4.24221e-05
35100 0.412457 0.398181 0.014276 0 0.965388 13978.5 13471.8 506.683 0 -31.6068 -32.8761 4 35429.9 521.345 8776 4.53715e-05
35200 0.404267 0.392927 0.0113403 0 0.971948 14019.1 13511.1 507.985 0 -31.6112 -33.1324 4 35529.9 522.08 8801 4.46457e-05
35300 0.478319 0.463118 0.0152004 0 0.968221 14066.9 13557.4 509.453 0 -31.6117 -31.7477 4 35629.9 522.814 8826 5.2472e-05
35400 0.444197 0.429388 0.0148089 0 0.966661 14111.4 13600.4 511.039 0 -31.6129 -32.0041 4 35729.9 523.547 8851 4.8513e-05
35500 0.413754 0.402123 0.0116319 0 0.971887 14152.9 13640.6 512.343 0 -31.6158 -32.5797 4 35829.9 524.279 8876 4.53045e-05
35600 0.394392 0.380943 0.0134484 0 0.965901 14192.3 13678.7 513.623 0 -31.6183 -32.5206 4 35929.9 525.01 8901 4.27978e-05
35700 0.442387 0.427538 0.0148493 0 0.966434 14236.6 13721.4 515.164 0 -31.6194 -31.9859 4 36029.9 525.741 8926 4.7898e-05
35800 0.450576 0.436343 0.0142335 0 0.96841 14281.7 13765.1 516.616 0 -31.6197 -31.7142 4 36129.9 526.47 8951 4.87479e-05
35900 0.44353 0.428578 0.0149523 0 0.966288 14326.1 13807.9 518.168 0 -31.62 -31.7028 4 36229.9 527.198 8976 4.77471e-05
36000 0.468998 0.448969 0.0200293 0 0.957293 14372.6 13852.8 519.815 0 -31.6197 -31.5211 4 36329.9 527.925 9001 4.98799e-05
36100 0.461589 0.444631 0.0169586 0 0.96326 14418.9 13897.3 521.608 0 -31.6209 -32.0148 4 36429.9 528.651 9026 4.92611e-05
36200 0.447604 0.433008 0.0145962 0 0.96739 14463.8 13940.6 523.226 0 -31.6227 -32.1735 4 36529.9 529.376 9051 4.78409e-05
36300 0.464306 0.449425 0.014881 0 0.96795 14510.3 13985.5 524.775 0 -31.6237 -31.9351 4 36629.9 530.1 9076 4.9518e-05
36400 0.478591 0.462075 0.0165161 0 0.96549 14558.2 14031.7 526.432 0 -31.6246 -31.9218 4 36729.9 530.823 9101 5.07719e-05
36500 0.492081 0.475162 0.0169187 0 0.965618 14607.5 14079.3 528.252 0 -31.6257 -31.9367 4 36829.9 531.545 9126 5.20669e-05
36600 0.44641 0.431923 0.014487 0 0.967548 14652.3 14122.5 529.836 0 -31.6288 -32.634 4 36929.9 532.266 9151 4.71996e-05
36700 0.42502 0.411508 0.0135126 0 0.968207 14694.9 14163.6 531.266 0 -31.632 -32.736 4 37029.9 532.987 9176 4.48461e-05
36800 0.418063 0.40549 0.012573 0 0.969926 14736.7 14204.2 532.571 0 -31.6349 -32.671 4 37129.9 533.706 9201 4.40702e-05
36900 0.418971 0.406176 0.0127941 0 0.969463 14778.6 14244.8 533.87 0 -31.6379 -32.6659 4 37229.9 534.424 9226 4.40252e-05
37000 0.428215 0.414287 0.0139275 0 0.967475 14821.5 14286.2 535.286 0 -31.64 -32.3695 4 37329.9 535.141 9251 4.4783e-05
37100 0.425726 0.410966 0.0147596 0 0.965331 14863.9 14327.3 536.63 0 -31.6422 -32.4136 4 37429.9 535.857 9276 4.43042e-05
37200 0.413312 0.400936 0.0123759 0 0.970057 14905.4 14367.4 537.968 0 -31.6456 -32.8627 4 37529.9 536.573 9301 4.31068e-05
37300 0.420677 0.405464 0.0152125 0 0.963838 14947.1 14407.9 539.199 0 -31.6467 -32.0301 4 37629.9 537.287 9326 4.34767e-05
37400 0.428899 0.417167 0.0117329 0 0.972644 14990.1 14449.7 540.493 0 -31.6487 -32.3462 4 37729.9 538.001 9351 4.4612e-05
37500 0.427126 0.414639 0.0124868 0 0.970765 15032.8 14491.1 541.727 0 -31.651 -32.4747 4 37829.9 538.713 9376 4.42234e-05
37600 0.437769 0.424181 0.0135876 0 0.968962 15076.6 14533.5 543.045 0 -31.6535 -32.5109 4 37929.9 539.425 9401 4.51208e-05
37700 0.425845 0.41405 0.0117953 0 0.972301 15119.4 14574.9 544.455 0 -31.6562 -32.6152 4 38029.9 540.135 9426 4.39264e-05
37800 0.437171 0.422765 0.0144063 0 0.967047 15163.1 14617.2 545.857 0 -31.6587 -32.5257 4 38129.9 540.845 9451 4.47323e-05
37900 0.485647 0.468663 0.0169838 0 0.965028 15211.7 14664.1 547.594 0 -31.661 -32.3622 4 38229.9 541.554 9476 4.94579e-05
38000 0.487462 0.471532 0.01593 0 0.967321 15260.6 14711.2 549.371 0 -31.6635 -32.4543 4 38329.9 542.262 9501 4.96297e-05
38100 0.470115 0.453416 0.0166989 0 0.964479 15307.7 14756.6 551.143 0 -31.6656 -32.3247 4 38429.9 542.968 9526 4.75977e-05
38200 0.474938 0.45695 0.0179886 0 0.962124 15355.1 14802.3 552.856 0 -31.6671 -32.1713 4 38529.9 543.674 9551 4.78431e-05
38300 0.444128 0.42716 0.0169685 0 0.961794 15399.5 14845 554.479 0 -31.6694 -32.447 4 38629.9 544.379 9576 4.46073e-05
38400 0.460713 0.44333 0.0173835 0 0.962268 15445.5 14889.3 556.135 0 -31.672 -32.5453 4 38729.9 545.084 9601 4.61754e-05
38500 0.45237 0.438694 0.0136762 0 0.969768 15491 14933.2 557.778 0 -31.675 -32.6927 4 38829.9 545.787 9626 4.55738e-05
38600 0.44576 0.431512 0.0142481 0 0.968036 15535.6 14976.3 559.256 0 -31.6779 -32.698 4 38929.9 546.489 9651 4.47116e-05
38700 0.429024 0.414973 0.0140513 0 0.967248 15578.5 15017.8 560.645 0 -31.6813 -32.8969 4 39029.9 547.191 9676 4.28868e-05
38800 0.422477 0.409305 0.0131719 0 0.968822 15620.7 15058.8 561.949 0 -31.6843 -32.8022 4 39129.9 547.891 9701 4.21921e-05
38900 0.446429 0.432114 0.0143158 0 0.967933 15665.3 15102 563.304 0 -31.6875 -32.8024 4 39229.9 548.591 9726 4.44287e-05
39000 0.423019 0.409285 0.0137344 0 0.967532 15707.5 15142.9 564.603 0 -31.6912 -33.0832 4 39329.9 549.29 9751 4.19736e-05
39100 0.522748 0.501279 0.0214691 0 0.95893 15759.5 15193 566.434 0 -31.6917 -31.8349 4 39429.9 549.987 9776 5.12765e-05
39200 0.481579 0.464554 0.0170251 0 0.964647 15807.7 15239.5 568.231 0 -31.6933 -32.2063 4 39529.9 550.684 9801 4.73986e-05
39300 0.46831 0.454476 0.0138337 0 0.97046 15854.8 15284.9 569.858 0 -31.6959 -32.5821 4 39629.9 551.381 9826 4.62524e-05
39400 0.444448 0.429908 0.01454 0 0.967285 15899.3 15327.9 571.322 0 -31.6982 -32.515 4 39729.9 552.076 9851 4.3641e-05
39500 0.436365 0.424755 0.0116098 0 0.973394 15943.1 15370.4 572.694 0 -31.7009 -32.6954 4 39829.9 552.77 9876 4.30088e-05
39600 0.409261 0.399156 0.0101049 0 0.97531 15984.1 15410.3 573.817 0 -31.7047 -33.1674 4 39929.9 553.464 9901 4.03147e-05
39700 0.394228 0.384347 0.00988124 0 0.974935 16023.6 15448.8 574.867 0 -31.7091 -33.4852 4 40029.9 554.156 9926 3.87212e-05
39800 0.425057 0.413517 0.0115407 0 0.972849 16066.1 15490.1 575.964 0 -31.7129 -33.1403 4 40129.9 554.848 9951 4.15553e-05
39900 0.446493 0.43476 0.0117326 0 0.973723 16110.8 15533.6 577.217 0 -31.7159 -32.7934 4 40229.9 555.539 9976 4.35806e-05
40000 0.440702 0.427795 0.0129072 0 0.970712 16154.8 15576.4 578.468 0 -31.719 -32.8493 4 40329.9 556.229 10001 4.27752e-05
40100 0.428705 0.416246 0.0124591 0 0.970938 16197.8 15618 579.854 0 -31.7218 -32.7958 4 40429.9 556.918 10026 4.15166e-05
40200 0.419577 0.408175 0.0114025 0 0.972824 16239.9 15658.8 581.102 0 -31.7242 -32.6261 4 40529.9 557.606 10051 4.06104e-05
40300 0.441719 0.426762 0.0149575 0 0.966138 16284 15701.5 582.466 0 -31.7268 -32.7134 4 40629.9 558.294 10076 4.23543e-05
40400 0.422202 0.409528 0.0126742 0 0.969981 16326.2 15742.4 583.808 0 -31.7298 -32.8774 4 40729.9 558.98 10101 4.05433e-05
40500 0.427514 0.414287 0.0132268 0 0.969061 16369.1 15783.9 585.21 0 -31.7327 -32.811 4 40829.9 559.666 10126 4.09132e-05
40600 0.441763 0.425327 0.0164358 0 0.962795 16413.2 15826.4 586.771 0 -31.7347 -32.4852 4 40929.9 560.351 10151 4.19e-05
40700 0.476461 0.457272 0.0191881 0 0.959728 16460.7 15872.1 588.587 0 -31.7347 -31.7558 4 41029.9 561.035 10176 4.49364e-05
40800 0.448127 0.433522 0.0146046 0 0.96741 16505.7 15915.5 590.239 0 -31.7364 -32.3443 4 41129.9 561.719 10201 4.2498e-05
40900 0.399358 0.38889 0.0104675 0 0.973789 16545.9 15954.4 591.529 0 -31.7397 -33.0908 4 41229.9 562.401 10226 3.80295e-05
41000 0.390875 0.381003 0.00987227 0 0.974743 16585.1 15992.5 592.675 0 -31.7437 -33.432 4 41329.9 563.083 10251 3.71674e-05
41100 0.397745 0.386553 0.011192 0 0.971861 16624.9 16031.1 593.757 0 -31.7465 -32.9007 4 41429.9 563.763 10276 3.76171e-05
41200 0.403024 0.392386 0.0106381 0 0.973604 16665.2 16070.4 594.821 0 -31.7503 -33.3511 4 41529.9 564.443 10301 3.80921e-05
41300 0.390628 0.379975 0.0106526 0 0.97273 16704.3 16108.4 595.916 0 -31.7541 -33.3522 4 41629.9 565.123 10326 3.67979e-05
41400 0.405871 0.393837 0.0120338 0 0.970351 16744.9 16147.7 597.148 0 -31.7575 -33.1544 4 41729.9 565.801 10351 3.80483e-05
41500 0.422949 0.409368 0.0135806 0 0.967891 16787.2 16188.7 598.486 0 -31.7599 -32.7043 4 41829.9 566.478 10376 3.94534e-05
41600 0.399973 0.38725 0.0127232 0 0.96819 16827.2 16227.4 599.777 0 -31.7628 -32.9788 4 41929.9 567.155 10401 3.7232e-05
41700 0.394592 0.383733 0.0108594 0 0.972479 16866.7 16265.8 600.937 0 -31.7665 -33.3415 4 42029.9 567.831 10426 3.68054e-05
41800 0.426192 0.413014 0.0131776 0 0.969081 16909.2 16307.1 602.141 0 -31.769 -32.7809 4 42129.9 568.506 10451 3.95191e-05
41900 0.443391 0.429519 0.0138729 0 0.968712 16953.6 16350 603.541 0 -31.7705 -32.3384 4 42229.9 569.18 10476 4.10002e-05
42000 0.401563 0.38921 0.0123538 0 0.969236 16993.8 16389 604.805 0 -31.7728 -32.7296 4 42329.9 569.854 10501 3.70641e-05
42100 0.408392 0.395688 0.0127038 0 0.968893 17034.6 16428.5 606.076 0 -31.7753 -32.8126 4 42429.9 570.527 10526 3.75915e-05
42200 0.441813 0.429061 0.0127521 0 0.971137 17079 16471.4 607.564 0 -31.7773 -32.5502 4 42529.9 571.199 10551 4.06655e-05
42300 0.443968 0.428143 0.0158254 0 0.964355 17123.4 16514.2 609.146 0 -31.7789 -32.4125 4 42629.9 571.87 10576 4.04825e-05
42400 0.434488 0.422023 0.0124649 0 0.971311 17167.1 16556.4 610.684 0 -31.7816 -32.8296 4 42729.9 572.54 10601 3.98097e-05
42500 0.421375 0.409411 0.0119644 0 0.971606 17209.5 16597.4 612.071 0 -31.7842 -32.8563 4 42829.9 573.21 10626 3.85291e-05
42600 0.437171 0.422416 0.0147548 0 0.966249 17253.1 16639.6 613.504 0 -31.7861 -32.5224 4 42929.9 573.878 10651 3.96598e-05
42700 0.41925 0.407144 0.0121055 0 0.971126 17295.2 16680.3 614.871 0 -31.7878 -32.481 4 43029.9 574.546 10676 3.81364e-05
42800 0.416873 0.403962 0.0129107 0 0.96903 17336.9 16720.7 616.203 0 -31.7893 -32.4162 4 43129.9 575.214 10701 3.77499e-05
42900 0.440771 0.427122 0.0136493 0 0.969033 17381.1 16763.5 617.628 0 -31.7906 -32.2965 4 43229.9 575.88 10726 3.98211e-05
43000 0.391347 0.381062 0.0102851 0 0.973719 17420.4 16801.6 618.857 0 -31.7935 -33.0588 4 43329.9 576.546 10751 3.54443e-05
43100 0.408372 0.395718 0.0126541 0 0.969013 17461.2 16841.1 620.05 0 -31.7948 -32.3761 4 43429.9 577.211 10776 3.67221e-05
43200 0.459337 0.443381 0.0159565 0 0.965262 17507.1 16885.5 621.584 0 -31.7968 -32.5501 4 43529.9 577.875 10801 4.105e-05
43300 0.459295 0.441997 0.0172988 0 0.962336 17552.9 16929.7 623.215 0 -31.7978 -32.1819 4 43629.9 578.538 10826 4.08273e-05
43400 0.451453 0.434396 0.0170565 0 0.962219 17598 16973.1 624.933 0 -31.7985 -32.0724 4 43729.9 579.201 10851 4.00328e-05
43500 0.467712 0.450199 0.0175131 0 0.962556 17644.8 17018.1 626.639 0 -31.7992 -32.0707 4 43829.9 579.863 10876 4.13938e-05
43600 0.498894 0.480579 0.0183148 0 0.963289 17694.7 17066.2 628.535 0 -31.7987 -31.6169 4 43929.9 580.524 10901 4.40858e-05
43700 0.448405 0.432799 0.0156068 0 0.965195 17739.7 17109.5 630.263 0 -31.7999 -32.2593 4 44029.9 581.184 10926 3.96118e-05
43800 0.446735 0.432108 0.0146268 0 0.967259 17784.5 17152.7 631.858 0 -31.8018 -32.5527 4 44129.9 581.844 10951 3.94583e-05
43900 0.448891 0.434318 0.0145729 0 0.967536 17829.4 17196.1 633.315 0 -31.8024 -32.0575 4 44229.9 582.503 10976 3.95698e-05
44000 0.501996 0.484487 0.0175089 0 0.965121 17879.7 17244.6 635.113 0 -31.8032 -32.0767 4 44329.9 583.161 11001 4.40403e-05
44100 0.482183 0.464229 0.0179537 0 0.962766 17927.9 17291 636.945 0 -31.8047 -32.3484 4 44429.9 583.818 11026 4.21032e-05
44200 0.485593 0.465302 0.0202908 0 0.958214 17976.2 17337.5 638.681 0 -31.8043 -31.6622 4 44529.9 584.475 11051 4.2105e-05
44300 0.487221 0.471956 0.0152655 0 0.968668 18025.1 17384.7 640.397 0 -31.8049 -32.0345 4 44629.9 585.131 11076 4.26107e-05
44400 0.525968 0.508146 0.0178219 0 0.966116 18077.7 17435.5 642.192 0 -31.805 -31.8498 4 44729.9 585.786 11101 4.57748e-05
44500 0.546921 0.527882 0.0190391 0 0.965189 18132.6 17488.3 644.252 0 -31.8043 -31.5709 4 44829.9 586.44 11126 4.74458e-05
44600 0.523008 0.50484 0.0181686 0 0.965261 18185 17538.8 646.194 0 -31.804 -31.6782 4 44929.9 587.094 11151 4.5273e-05
44700 0.509673 0.493938 0.0157359 0 0.969126 18236.1 17588.2 647.959 0 -31.8046 -32.0368 4 45029.9 587.747 11176 4.41963e-05
44800 0.491609 0.475326 0.0162825 0 0.966879 18285.3 17635.7 649.582 0 -31.8056 -32.1524 4 45129.9 588.399 11201 4.2436e-05
44900 0.479727 0.465165 0.0145616 0 0.969646 18333.3 17682.2 651.047 0 -31.8074 -32.4958 4 45229.9 589.051 11226 4.14364e-05
45000 0.491771 0.478858 0.0129131 0 0.973742 18382.7 17730.1 652.588 0 -31.81 -32.795 4 45329.9 589.702 11251 4.25614e-05
45100 0.535459 0.518771 0.0166877 0 0.968835 18436.3 17782 654.292 0 -31.812 -32.4766 4 45429.9 590.352 11276 4.60067e-05
45200 0.488016 0.474261 0.0137551 0 0.971814 18485.2 17829.4 655.813 0 -31.8146 -32.7952 4 45529.9 591.001 11301 4.19663e-05
45300 0.455037 0.444446 0.0105902 0 0.976727 18531 17873.9 657.146 0 -31.8173 -32.9293 4 45629.9 591.65 11326 3.92413e-05
45400 0.465379 0.451946 0.0134335 0 0.971134 18577.5 17919.1 658.423 0 -31.8197 -32.7809 4 45729.9 592.298 11351 3.98155e-05
45500 0.446071 0.433626 0.0124449 0 0.972101 18622 17962.4 659.544 0 -31.8222 -32.8647 4 45829.9 592.945 11376 3.81176e-05
45600 0.427713 0.417747 0.00996638 0 0.976698 18664.7 18004.2 660.544 0 -31.8264 -33.6377 4 45929.9 593.592 11401 3.66413e-05
45700 0.4381 0.426679 0.0114206 0 0.973932 18708.5 18046.9 661.608 0 -31.8303 -33.4809 4 46029.9 594.237 11426 3.73428e-05
45800 0.462389 0.447633 0.0147559 0 0.968088 18754.6 18091.6 662.983 0 -31.8329 -32.9063 4 46129.9 594.883 11451 3.90912e-05
45900 0.458902 0.444413 0.0144893 0 0.968426 18800.5 18136.1 664.395 0 -31.8353 -32.8195 4 46229.9 595.527 11476 3.87254e-05
46000 0.436282 0.423296 0.0129852 0 0.970237 18844.2 18178.4 665.793 0 -31.838 -33.0135 4 46329.9 596.171 11501 3.68052e-05
46100 0.47174 0.456396 0.0153443 0 0.967473 18891.4 18224 667.346 0 -31.8401 -32.6799 4 46429.9 596.814 11526 3.95971e-05
46200 0.43152 0.420052 0.011468 0 0.973424 18934.7 18266 668.656 0 -31.8429 -33.0439 4 46529.9 597.456 11551 3.6365e-05
46300 0.457734 0.443648 0.0140852 0 0.969228 18980.4 18310.4 669.941 0 -31.8451 -32.764 4 46629.9 598.098 11576 3.83248e-05
46400 0.455021 0.443373 0.0116475 0 0.974402 19026 18354.7 671.296 0 -31.8472 -32.726 4 46729.9 598.739 11601 3.82185e-05
46500 0.435118 0.424209 0.0109087 0 0.974929 19069.6 18397.2 672.474 0 -31.8501 -33.1239 4 46829.9 599.379 11626 3.6488e-05
46600 0.423505 0.413713 0.00979261 0 0.976877 19112.1 18438.5 673.546 0 -31.8535 -33.3519 4 46929.9 600.019 11651 3.55088e-05
46700 0.402402 0.392116 0.0102861 0 0.974438 19152.3 18477.8 674.513 0 -31.857 -33.5163 4 47029.9 600.658 11676 3.35831e-05
46800 0.429352 0.418746 0.0106058 0 0.975298 19195.3 18519.6 675.689 0 -31.8589 -32.7274 4 47129.9 601.296 11701 3.57872e-05
46900 0.439607 0.424407 0.0151998 0 0.965424 19239 18562.1 676.899 0 -31.8607 -32.6628 4 47229.9 601.933 11726 3.61937e-05
47000 0.440787 0.427267 0.0135194 0 0.969329 19283.1 18604.8 678.262 0 -31.8621 -32.4342 4 47329.9 602.57 11751 3.63601e-05
47100 0.442157 0.428598 0.0135589 0 0.969335 19327.2 18647.7 679.594 0 -31.864 -32.7332 4 47429.9 603.207 11776 3.63959e-05
47200 0.453156 0.43986 0.0132957 0 0.97066 19372.7 18691.6 681.048 0 -31.8658 -32.6061 4 47529.9 603.842 11801 3.72731e-05
47300 0.451671 0.437424 0.014247 0 0.968457 19417.9 18735.4 682.541 0 -31.8668 -32.301 4 47629.9 604.477 11826 3.69883e-05
47400 0.458842 0.444345 0.0144969 0 0.968405 19464 18779.8 684.164 0 -31.8684 -32.5365 4 47729.9 605.111 11851 3.74943e-05
47500 0.481348 0.465376 0.0159712 0 0.96682 19512.1 18826.4 685.785 0 -31.8699 -32.4774 4 47829.9 605.745 11876 3.91863e-05
47600 0.475718 0.459112 0.0166056 0 0.965094 19559.7 18872.3 687.43 0 -31.8715 -32.5405 4 47929.9 606.378 11901 3.85776e-05
47700 0.460728 0.447628 0.0130999 0 0.971567 19606 18917 688.985 0 -31.8739 -32.8647 4 48029.9 607.01 11926 3.75338e-05
47800 0.434363 0.421923 0.0124395 0 0.971362 19649.6 18959.2 690.335 0 -31.8762 -32.9082 4 48129.9 607.642 11951 3.53044e-05
47900 0.47308 0.458974 0.0141056 0 0.970183 19696.9 19005.1 691.774 0 -31.8783 -32.752 4 48229.9 608.272 11976 3.83245e-05
48000 0.460956 0.446051 0.014905 0 0.967665 19742.9 19049.7 693.194 0 -31.8798 -32.5502 4 48329.9 608.903 12001 3.71678e-05
48100 0.460319 0.447208 0.0131107 0 0.971518 19789 19094.4 694.577 0 -31.8823 -32.9215 4 48429.9 609.532 12026 3.71868e-05
48200 0.443602 0.430284 0.0133179 0 0.969978 19833.4 19137.5 695.946 0 -31.8837 -32.514 4 48529.9 610.161 12051 3.57053e-05
48300 0.510281 0.4909 0.0193807 0 0.96202 19884.2 19186.6 697.662 0 -31.8829 -31.5855 4 48629.9 610.79 12076 4.06509e-05
48400 0.523377 0.503617 0.0197599 0 0.962245 19936.7 19236.9 699.728 0 -31.8821 -31.5578 4 48729.9 611.417 12101 4.16178e-05
48500 0.465754 0.449812 0.0159414 0 0.965773 19983.4 19281.9 701.489 0 -31.8833 -32.4305 4 48829.9 612.044 12126 3.70949e-05
48600 0.477916 0.465043 0.0128721 0 0.973066 20031.6 19328.4 703.145 0 -31.8858 -32.899 4 48929.9 612.671 12151 3.8272e-05
48700 0.458749 0.444692 0.0140573 0 0.969357 20077.5 19372.9 704.657 0 -31.8882 -32.9243 4 49029.9 613.297 12176 3.6522e-05
48800 0.451696 0.438787 0.0129089 0 0.971421 20122.8 19416.8 706.035 0 -31.8905 -32.9305 4 49129.9 613.922 12201 3.59632e-05
48900 0.452328 0.439829 0.0124989 0 0.972368 20168.2 19460.7 707.409 0 -31.8925 -32.7712 4 49229.9 614.546 12226 3.59749e-05
49000 0.431917 0.42133 0.0105868 0 0.975489 20211.5 19502.9 708.625 0 -31.8942 -32.6965 4 49329.9 615.17 12251 3.43915e-05
49100 0.425675 0.414653 0.011022 0 0.974107 20254.1 19544.3 709.726 0 -31.896 -32.7414 4 49429.9 615.793 12276 3.37776e-05
49200 0.447223 0.435303 0.0119208 0 0.973345 20298.8 19587.9 710.925 0 -31.8976 -32.622 4 49529.9 616.416 12301 3.53876e-05
49300 0.483501 0.469881 0.0136207 0 0.971829 20347.1 19634.9 712.247 0 -31.8989 -32.4444 4 49629.9 617.038 12326 3.81211e-05
49400 0.452711 0.439817 0.0128942 0 0.971518 20392.4 19678.8 713.605 0 -31.9004 -32.5853 4 49729.9 617.659 12351 3.56098e-05
49500 0.424136 0.41185 0.0122858 0 0.971033 20434.9 19720 714.851 0 -31.9028 -33.0335 4 49829.9 618.28 12376 3.32781e-05
49600 0.460032 0.446413 0.0136195 0 0.970394 20480.9 19764.7 716.275 0 -31.9039 -32.3902 4 49929.9 618.9 12401 3.59981e-05
49700 0.428057 0.416075 0.011982 0 0.972008 20523.9 19806.3 717.596 0 -31.9061 -32.9687 4 50029.9 619.519 12426 3.34842e-05
49800 0.393374 0.382147 0.0112266 0 0.971461 20563.2 19844.5 718.686 0 -31.9092 -33.5276 4 50129.9 620.138 12451 3.06921e-05
49900 0.398349 0.386879 0.0114698 0 0.971207 20602.9 19883.2 719.751 0 -31.9128 -33.7702 4 50229.9 620.756 12476 3.10099e-05
50000 0.420796 0.409196 0.0116 0 0.972433 20645.1 19924.1 720.968 0 -31.9157 -33.3362 4 50329.9 621.374 12501 3.27331e-05
