100 0.0334963 0.0310322 0.00246404 0 0.926438 3.29797 3.10322 0.194743 0 -24.5212 -24.5212 8 429.882 57.4268 13 0.00238709
200 0.0410372 0.036431 0.00460617 0 0.887756 7.23423 6.74632 0.487902 0 -24.3786 -24.2592 8 533.882 63.9974 26 0.00140119
300 0.0558584 0.0506999 0.00515853 0 0.90765 12.6993 11.8163 0.882966 0 -24.9951 -25.8112 8 629.882 69.5136 38 0.00133421
400 0.0733808 0.0687443 0.00463651 0 0.936816 20.0661 18.6907 1.37532 0 -25.6413 -26.7553 8 733.882 75.0331 51 0.00134793
500 0.0902226 0.0842838 0.00593876 0 0.934177 29.0905 27.1191 1.97139 0 -26.4179 -28.1446 8 829.882 79.7899 63 0.00133784
600 0.130244 0.120397 0.00984796 0 0.924389 41.9034 39.1588 2.74467 0 -26.6024 -27.0212 8 933.882 84.642 76 0.00158416
700 0.14739 0.13747 0.00992017 0 0.932695 56.5652 52.9058 3.65939 0 -26.7175 -27.0466 8 1029.88 88.8861 88 0.00156216
800 0.13356 0.124731 0.00882884 0 0.933896 69.9505 65.3789 4.57162 0 -26.8103 -27.2025 8 1133.88 93.2661 101 0.00123496
900 0.11233 0.105512 0.00681735 0 0.939309 81.3096 75.9301 5.37949 0 -26.9898 -28.0948 8 1229.88 97.1341 113 0.000933736
1000 0.109014 0.102224 0.00678973 0 0.937717 92.2522 86.1526 6.09961 0 -27.1548 -28.3809 8 1333.88 101.158 126 0.000811305
1100 0.154688 0.146677 0.00801167 0 0.948208 107.959 100.82 7.13845 0 -27.4588 -29.2443 8 1429.88 104.735 138 0.00106287
1200 0.124243 0.116886 0.00735727 0 0.940783 120.413 112.509 7.90448 0 -27.6115 -28.9355 8 1533.88 108.477 151 0.000774078
1300 0.107569 0.101467 0.00610232 0 0.943271 131.173 122.655 8.51714 0 -27.7508 -29.31 8 1629.88 111.82 163 0.000622496
1400 0.132682 0.123827 0.00885478 0 0.933263 144.296 135.038 9.25824 0 -27.8153 -28.4597 8 1733.88 115.332 176 0.000703565
1500 0.137731 0.12973 0.00800141 0 0.941906 158.074 148.011 10.0626 0 -27.9119 -28.9234 8 1829.88 118.482 188 0.000690053
1600 0.129624 0.122805 0.00681878 0 0.947396 171.06 160.292 10.7679 0 -27.972 -28.7038 8 1933.88 121.802 201 0.00061097
1700 0.167993 0.157616 0.0103772 0 0.938229 187.663 176.053 11.6098 0 -28.0701 -29.0807 8 2029.88 124.789 213 0.00073998
1800 0.163914 0.155186 0.00872768 0 0.946754 204.13 191.572 12.5584 0 -28.2047 -29.7389 8 2133.88 127.946 226 0.000686664
1900 0.200047 0.18803 0.0120163 0 0.939932 223.989 210.375 13.6144 0 -28.2308 -28.4994 8 2229.88 130.792 238 0.000790044
2000 0.177968 0.167945 0.010023 0 0.943681 241.826 227.169 14.6562 0 -28.2346 -28.2819 8 2333.88 133.807 251 0.000669104
2100 0.142965 0.135913 0.00705113 0 0.950679 256.272 240.761 15.5109 0 -28.2721 -28.8999 8 2429.88 136.531 263 0.000516781
2200 0.174374 0.165179 0.00919448 0 0.947271 273.662 257.279 16.3837 0 -28.299 -28.6957 8 2533.88 139.423 276 0.000598475
2300 0.186396 0.1757 0.0106958 0 0.942618 292.292 274.849 17.4429 0 -28.3848 -29.6453 8 2629.88 142.039 288 0.00061007
2400 0.203565 0.192856 0.0107093 0 0.947391 312.633 294.134 18.4986 0 -28.3688 -28.1387 8 2733.88 144.82 301 0.000640718
2500 0.162245 0.155053 0.00719135 0 0.955676 328.968 309.64 19.3278 0 -28.3921 -28.8377 8 2829.88 147.341 313 0.000495378
2600 0.171337 0.163381 0.00795576 0 0.953567 346.066 325.978 20.0881 0 -28.3953 -28.4575 8 2933.88 150.024 326 0.000501169
2700 0.179154 0.171303 0.00785102 0 0.956177 364.063 343.108 20.9552 0 -28.4248 -28.9917 8 3029.88 152.459 338 0.000506813
2800 0.154763 0.148502 0.00626046 0 0.959548 379.652 357.958 21.6941 0 -28.474 -29.6228 8 3133.88 155.053 351 0.000423084
2900 0.148315 0.14215 0.00616513 0 0.958432 394.498 372.173 22.3252 0 -28.5089 -29.4008 8 3229.88 157.41 363 0.000391598
3000 0.14874 0.14277 0.00596971 0 0.959865 409.461 386.45 23.0103 0 -28.5412 -29.3939 8 3333.88 159.925 376 0.000379707
3100 0.133215 0.128009 0.00520559 0 0.960923 422.787 399.251 23.5357 0 -28.5889 -30.0528 8 3429.88 162.211 388 0.00032992
3200 0.123882 0.119141 0.00474061 0 0.961733 435.168 411.165 24.0022 0 -28.6318 -30.0994 8 3533.88 164.652 401 0.00029711
3300 0.136303 0.13122 0.00508256 0 0.962711 448.814 424.287 24.5262 0 -28.6577 -29.4828 8 3629.88 166.873 413 0.000317725
3400 0.137493 0.132087 0.00540594 0 0.960682 462.59 437.496 25.0935 0 -28.6853 -29.5832 8 3733.88 169.247 426 0.000310064
3500 0.142608 0.137245 0.00536311 0 0.962393 476.852 451.221 25.6319 0 -28.7107 -29.5347 8 3829.88 171.409 438 0.000313345
3600 0.157975 0.150924 0.00705087 0 0.955367 492.676 466.313 26.3627 0 -28.725 -29.1555 8 3933.88 173.72 451 0.000334643
3700 0.145131 0.138914 0.00621619 0 0.957168 507.207 480.204 27.0021 0 -28.7655 -30.1411 8 4029.88 175.827 463 0.000300031
3800 0.174693 0.166915 0.00777724 0 0.95548 524.508 496.896 27.612 0 -28.791 -29.5365 8 4133.88 178.082 476 0.000350663
3900 0.162053 0.155983 0.00606963 0 0.962545 540.734 512.494 28.2397 0 -28.8295 -30.0756 8 4229.88 180.138 488 0.000319637
4000 0.14462 0.140352 0.00426789 0 0.970489 555.328 526.53 28.7984 0 -28.8672 -30.2626 8 4333.88 182.339 501 0.000280144
4100 0.147535 0.141198 0.00633715 0 0.957046 570.089 540.649 29.4399 0 -28.8917 -29.8162 8 4429.88 184.347 513 0.000275239
4200 0.152873 0.146655 0.00621763 0 0.959328 585.411 555.315 30.0962 0 -28.93 -30.3536 8 4533.88 186.498 526 0.000278813
4300 0.159528 0.15271 0.00681752 0 0.957264 601.336 570.586 30.75 0 -28.9713 -30.4911 8 4629.88 188.463 538 0.000283848
4400 0.151907 0.146239 0.00566825 0 0.962686 616.595 585.21 31.3857 0 -29.0194 -30.9131 8 4733.88 190.567 551 0.000265406
4500 0.144509 0.139397 0.00511288 0 0.964619 631.142 599.149 31.9926 0 -29.0579 -30.6901 8 4829.88 192.49 563 0.000247596
4600 0.141438 0.136793 0.00464428 0 0.967164 645.359 612.829 32.53 0 -29.0921 -30.6085 8 4933.88 194.551 576 0.000237489
4700 0.137578 0.132778 0.00479999 0 0.965111 659.151 626.106 33.0443 0 -29.1212 -30.4839 8 5029.88 196.435 588 0.000225812
4800 0.143503 0.139631 0.00387191 0 0.973019 673.632 640.07 33.5619 0 -29.1574 -30.8079 8 5133.88 198.455 601 0.000232332
4900 0.133745 0.129792 0.00395304 0 0.970443 687.047 653.049 33.9983 0 -29.2067 -31.6775 8 5229.88 200.302 613 0.000211732
5000 0.144945 0.140297 0.00464853 0 0.967929 701.546 667.078 34.4672 0 -29.2401 -30.8257 8 5333.88 202.284 626 0.000224116
5100 0.162868 0.155213 0.00765467 0 0.953001 717.648 682.6 35.0485 0 -29.2668 -30.4274 8 5429.88 204.096 638 0.000243281
5200 0.185806 0.176645 0.00916055 0 0.950698 736.106 700.264 35.8419 0 -29.2927 -30.3003 8 5533.88 206.042 651 0.000271344
5300 0.170451 0.163438 0.00701285 0 0.958857 753.224 716.608 36.6157 0 -29.312 -30.1448 8 5629.88 207.821 663 0.000246513
5400 0.155332 0.149175 0.00615767 0 0.960358 768.883 731.526 37.3572 0 -29.3251 -29.9552 8 5733.88 209.732 676 0.000220672
5500 0.147276 0.141282 0.00599357 0 0.959304 783.648 745.654 37.9941 0 -29.3488 -30.5834 8 5829.88 211.48 688 0.000205352
5600 0.143226 0.137036 0.00619032 0 0.95678 797.965 759.357 38.6079 0 -29.3636 -30.1724 8 5933.88 213.358 701 0.000195487
5700 0.143735 0.138525 0.0052096 0 0.963756 812.467 773.21 39.257 0 -29.3724 -29.857 8 6029.88 215.077 713 0.000194285
5800 0.136989 0.132756 0.0042333 0 0.969098 826.344 786.486 39.8581 0 -29.4088 -31.5357 8 6133.88 216.924 726 0.00018286
5900 0.136511 0.132235 0.00427639 0 0.968674 840.036 799.709 40.327 0 -29.437 -31.1401 8 6229.88 218.615 738 0.00017918
6000 0.160425 0.152669 0.00775591 0 0.951654 855.849 814.976 40.8733 0 -29.4572 -30.5318 8 6333.88 220.432 751 0.000203287
6100 0.190086 0.181895 0.00819093 0 0.956909 874.863 833.165 41.698 0 -29.4897 -30.9532 8 6429.88 222.096 763 0.000238394
6200 0.184045 0.175177 0.00886778 0 0.951817 893.221 850.683 42.5378 0 -29.5125 -30.5987 8 6533.88 223.885 776 0.000225744
6300 0.177273 0.168129 0.00914434 0 0.948417 910.833 867.496 43.3372 0 -29.538 -30.8315 8 6629.88 225.524 788 0.000213362
6400 0.168771 0.161611 0.00715996 0 0.957576 927.767 883.657 44.1094 0 -29.5739 -31.5043 8 6733.88 227.286 801 0.000201761
6500 0.155211 0.148241 0.00696972 0 0.955095 943.316 898.481 44.8344 0 -29.6037 -31.3843 8 6829.88 228.9 813 0.000182338
6600 0.148067 0.142107 0.00596067 0 0.959744 958.249 912.692 45.5567 0 -29.6358 -31.6613 8 6933.88 230.637 826 0.000172042
6700 0.154783 0.149193 0.00559073 0 0.96388 973.805 927.611 46.1941 0 -29.671 -31.8409 8 7029.88 232.228 838 0.000178034
6800 0.161043 0.154349 0.0066947 0 0.958429 989.923 943.046 46.8766 0 -29.6929 -31.0127 8 7133.88 233.939 851 0.000181373
6900 0.147914 0.141602 0.00631147 0 0.95733 1004.65 957.206 47.4446 0 -29.7202 -31.5541 8 7229.88 235.508 863 0.000164081
7000 0.184608 0.176746 0.00786284 0 0.957408 1023.05 974.881 48.1707 0 -29.7237 -29.9179 8 7333.88 237.196 876 0.000201764
7100 0.176996 0.167662 0.00933477 0 0.94726 1040.67 991.647 49.0213 0 -29.7322 -30.2246 8 7429.88 238.743 888 0.000188808
7200 0.17511 0.168038 0.00707271 0 0.95961 1058.28 1008.45 49.8255 0 -29.7429 -30.3765 8 7533.88 240.408 901 0.000186501
7300 0.177285 0.170245 0.00703933 0 0.960294 1076.07 1025.48 50.5981 0 -29.7627 -30.9392 8 7629.88 241.935 913 0.000186468
7400 0.181872 0.174342 0.00753039 0 0.958595 1094.26 1042.91 51.3552 0 -29.7765 -30.5906 8 7733.88 243.578 926 0.000188274
7500 0.190715 0.183678 0.00703756 0 0.963099 1113.41 1061.28 52.1299 0 -29.7876 -30.4252 8 7829.88 245.086 938 0.000195818
7600 0.187771 0.178844 0.00892681 0 0.952459 1132.05 1079.16 52.8865 0 -29.7928 -30.1043 8 7933.88 246.708 951 0.000188059
7700 0.198471 0.190352 0.00811885 0 0.959093 1151.97 1098.2 53.7767 0 -29.8011 -30.2721 8 8029.88 248.196 963 0.000197666
7800 0.167249 0.160523 0.00672572 0 0.959786 1168.75 1114.25 54.4967 0 -29.8195 -31.0795 8 8133.88 249.798 976 0.000164471
7900 0.202435 0.193036 0.00939897 0 0.95357 1188.93 1133.55 55.3761 0 -29.8164 -29.6354 8 8229.88 251.268 988 0.00019538
8000 0.189584 0.180982 0.0086018 0 0.954628 1207.98 1151.65 56.3271 0 -29.8173 -29.8752 8 8333.88 252.85 1001 0.000180801
8100 0.174892 0.167814 0.00707779 0 0.95953 1225.59 1168.43 57.1599 0 -29.8293 -30.6545 8 8429.88 254.303 1013 0.000165661
8200 0.164979 0.157394 0.00758468 0 0.954026 1241.99 1184.17 57.8188 0 -29.8459 -31.0882 8 8533.88 255.866 1026 0.000153406
8300 0.21687 0.208281 0.00858899 0 0.960396 1263.77 1205 58.7719 0 -29.8542 -30.326 8 8629.88 257.302 1038 0.000200656
8400 0.196632 0.188722 0.00791016 0 0.959772 1283.53 1223.87 59.6561 0 -29.8655 -30.5874 8 8733.88 258.847 1051 0.000179565
8500 0.180242 0.172374 0.00786823 0 0.956346 1301.58 1241.11 60.475 0 -29.8762 -30.6396 8 8829.88 260.266 1063 0.000162158
8600 0.172701 0.165541 0.00715938 0 0.958545 1318.91 1257.66 61.2454 0 -29.8934 -31.1816 8 8933.88 261.794 1076 0.000153849
8700 0.198046 0.18928 0.008766 0 0.955737 1338.61 1276.59 62.0156 0 -29.8999 -30.3348 8 9029.88 263.197 1088 0.00017397
8800 0.264436 0.251328 0.0131075 0 0.950432 1364.93 1301.72 63.2026 0 -29.8965 -29.726 8 9133.88 264.708 1101 0.000228273
8900 0.268499 0.255512 0.0129875 0 0.951629 1391.66 1327.28 64.3881 0 -29.89 -29.5583 8 9229.88 266.096 1113 0.00022957
9000 0.250525 0.239722 0.0108027 0 0.95688 1416.77 1351.25 65.5238 0 -29.8871 -29.7273 8 9333.88 267.591 1126 0.000212897
9100 0.254002 0.240662 0.0133395 0 0.947483 1442.01 1375.31 66.6986 0 -29.8831 -29.6548 8 9429.88 268.963 1138 0.000211478
9200 0.228159 0.218194 0.00996511 0 0.956324 1465.03 1397.13 67.9004 0 -29.8967 -30.7476 8 9533.88 270.443 1151 0.000189569
9300 0.209034 0.200366 0.0086685 0 0.958531 1486.02 1417.17 68.8518 0 -29.9109 -30.9043 8 9629.88 271.801 1163 0.000172284
9400 0.214797 0.205748 0.00904805 0 0.957876 1507.46 1437.74 69.7125 0 -29.9242 -30.8438 8 9733.88 273.264 1176 0.000174956
9500 0.256467 0.246803 0.0096638 0 0.96232 1533.15 1462.43 70.7278 0 -29.9283 -30.1712 8 9829.88 274.609 1188 0.000207747
9600 0.235587 0.22593 0.0096569 0 0.959009 1556.73 1485.02 71.7142 0 -29.939 -30.6328 8 9933.88 276.058 1201 0.000188119
9700 0.242072 0.233813 0.00825946 0 0.96588 1581.01 1508.4 72.6149 0 -29.9597 -31.2908 8 10029.9 277.388 1213 0.000192756
9800 0.24414 0.233189 0.0109517 0 0.955142 1605.28 1531.72 73.5582 0 -29.9754 -30.9993 8 10133.9 278.823 1226 0.000190203
9900 0.224786 0.217262 0.00752372 0 0.966529 1627.93 1553.44 74.4824 0 -29.9906 -31.0627 8 10229.9 280.14 1238 0.000175495
10000 0.199188 0.193681 0.00550671 0 0.972354 1648 1572.81 75.19 0 -30.012 -31.7516 8 10333.9 281.561 1251 0.000154821
10100 0.196257 0.191428 0.00482981 0 0.97539 1667.74 1591.96 75.7894 0 -30.0321 -31.7089 8 10429.9 282.865 1263 0.000151566
10200 0.180321 0.17637 0.00395098 0 0.978089 1685.88 1609.59 76.2831 0 -30.0562 -32.2685 8 10533.9 284.272 1276 0.000138221
10300 0.189286 0.184691 0.00459467 0 0.975726 1704.77 1628.06 76.7127 0 -30.0673 -31.0601 8 10629.9 285.565 1288 0.000143394
10400 0.236946 0.226803 0.0101431 0 0.957192 1728.17 1650.74 77.4244 0 -30.0757 -30.6887 8 10733.9 286.958 1301 0.00017433
10500 0.254709 0.247254 0.00745424 0 0.970734 1753.82 1675.47 78.3514 0 -30.0828 -30.5599 8 10829.9 288.238 1313 0.000188313
10600 0.222098 0.214761 0.00733718 0 0.966964 1776.1 1696.94 79.161 0 -30.0911 -30.7462 8 10933.9 289.619 1326 0.000161962
10700 0.202741 0.195991 0.00674925 0 0.96671 1796.43 1716.54 79.8912 0 -30.1027 -31.1118 8 11029.9 290.888 1338 0.000146481
10800 0.192142 0.186641 0.00550075 0 0.971371 1815.76 1735.21 80.5534 0 -30.1183 -31.5757 8 11133.9 292.256 1351 0.000138151
10900 0.191238 0.184281 0.0069569 0 0.963622 1834.79 1753.63 81.1584 0 -30.1315 -31.3893 8 11229.9 293.513 1363 0.000135202
11000 0.187351 0.182175 0.00517592 0 0.972373 1853.62 1771.85 81.7653 0 -30.1456 -31.5168 8 11333.9 294.869 1376 0.000132395
11100 0.186965 0.180796 0.00616863 0 0.967006 1872.29 1789.93 82.3562 0 -30.1554 -31.1319 8 11429.9 296.115 1388 0.000130256
11200 0.171567 0.166257 0.00530942 0 0.969053 1889.44 1806.56 82.8819 0 -30.1687 -31.6161 8 11533.9 297.459 1401 0.000118671
11300 0.167949 0.16318 0.0047685 0 0.971607 1906.21 1822.88 83.3387 0 -30.1838 -31.8811 8 11629.9 298.695 1413 0.000115485
11400 0.209511 0.203887 0.00562413 0 0.973156 1927.2 1843.26 83.9381 0 -30.1953 -31.2412 8 11733.9 300.027 1426 0.000142978
11500 0.175237 0.170486 0.00475042 0 0.972891 1944.73 1860.31 84.4214 0 -30.2131 -32.1692 8 11829.9 301.252 1438 0.000118558
11600 0.176619 0.170887 0.00573202 0 0.967546 1962.34 1877.4 84.9385 0 -30.2272 -31.7869 8 11933.9 302.574 1451 0.000117772
11700 0.188349 0.182237 0.00611155 0 0.967552 1981.16 1895.63 85.5338 0 -30.2409 -31.6724 8 12029.9 303.788 1463 0.000124564
11800 0.187537 0.181955 0.00558252 0 0.970232 2000.01 1913.82 86.1862 0 -30.2485 -31.0503 8 12133.9 305.098 1476 0.000123276
11900 0.175613 0.170597 0.00501511 0 0.971442 2017.64 1930.88 86.7604 0 -30.2598 -31.5365 8 12229.9 306.303 1488 0.000114649
12000 0.183579 0.177611 0.00596822 0 0.96749 2036 1948.64 87.3621 0 -30.268 -31.1675 8 12333.9 307.603 1501 0.000118328
12100 0.174714 0.168621 0.00609308 0 0.965125 2053.47 1965.5 87.9622 0 -30.2771 -31.3365 8 12429.9 308.797 1513 0.000111448
12200 0.185431 0.179924 0.00550671 0 0.970303 2072.1 1983.5 88.6068 0 -30.2801 -30.6158 8 12533.9 310.087 1526 0.000117906
12300 0.175115 0.170279 0.00483551 0 0.972387 2089.68 2000.52 89.1551 0 -30.2896 -31.4037 8 12629.9 311.272 1538 0.000110715
12400 0.18612 0.181035 0.00508453 0 0.972681 2108.37 2018.63 89.7424 0 -30.2995 -31.4152 8 12733.9 312.551 1551 0.000116722
12500 0.213373 0.205367 0.00800514 0 0.962483 2129.68 2039.16 90.5205 0 -30.3139 -31.7356 8 12829.9 313.727 1563 0.000131393
12600 0.212724 0.204837 0.00788711 0 0.962923 2151.01 2059.65 91.3649 0 -30.3231 -31.2415 8 12933.9 314.996 1576 0.000129973
12700 0.207791 0.199629 0.00816224 0 0.960719 2171.79 2079.61 92.1769 0 -30.3323 -31.2873 8 13029.9 316.162 1588 0.000125711
12800 0.182983 0.176586 0.00639679 0 0.965042 2190.19 2097.27 92.9223 0 -30.3441 -31.7348 8 13133.9 317.422 1601 0.000110297
12900 0.192409 0.185147 0.00726204 0 0.962257 2209.42 2115.78 93.6379 0 -30.3513 -31.1632 8 13229.9 318.58 1613 0.000114784
13000 0.214419 0.205762 0.0086562 0 0.959629 2230.84 2136.36 94.4827 0 -30.3544 -30.6788 8 13333.9 319.829 1626 0.000126545
13100 0.209262 0.19938 0.00988239 0 0.952775 2251.66 2156.3 95.3642 0 -30.3526 -30.1651 8 13429.9 320.979 1638 0.000121722
13200 0.210984 0.203723 0.00726118 0 0.965584 2272.88 2176.67 96.2067 0 -30.3509 -30.1679 8 13533.9 322.219 1651 0.000123394
13300 0.185162 0.178456 0.00670552 0 0.963786 2291.33 2194.52 96.8171 0 -30.3572 -31.1296 8 13629.9 323.36 1663 0.00010731
13400 0.201049 0.194716 0.00633381 0 0.968496 2311.47 2213.99 97.485 0 -30.3684 -31.6462 8 13733.9 324.591 1676 0.000116179
13500 0.236785 0.229433 0.00735196 0 0.968951 2335.32 2236.93 98.391 0 -30.3681 -30.3362 8 13829.9 325.724 1688 0.00013592
13600 0.195187 0.188648 0.00653872 0 0.9665 2354.96 2255.8 99.1615 0 -30.3739 -31.0647 8 13933.9 326.946 1701 0.000110904
13700 0.227963 0.21984 0.00812325 0 0.964366 2377.69 2277.78 99.9067 0 -30.3843 -31.4567 8 14029.9 328.07 1713 0.000128336
13800 0.238454 0.230871 0.007583 0 0.968199 2401.61 2300.87 100.739 0 -30.3891 -30.8664 8 14133.9 329.284 1726 0.000133761
13900 0.206326 0.199677 0.00664908 0 0.967774 2422.31 2320.83 101.478 0 -30.3982 -31.4608 8 14229.9 330.401 1738 0.000114889
14000 0.22189 0.213331 0.00855897 0 0.961427 2444.49 2342.17 102.324 0 -30.4031 -30.931 8 14333.9 331.606 1751 0.000121834
14100 0.218937 0.210651 0.00828584 0 0.962154 2466.48 2363.23 103.244 0 -30.4096 -31.1338 8 14429.9 332.714 1763 0.000119485
14200 0.21714 0.209238 0.00790129 0 0.963612 2488.23 2384.16 104.074 0 -30.4129 -30.7949 8 14533.9 333.911 1776 0.000117814
14300 0.208817 0.200809 0.00800789 0 0.961651 2509.13 2404.24 104.889 0 -30.4174 -30.9438 8 14629.9 335.012 1788 0.000112309
14400 0.201964 0.19472 0.00724393 0 0.964133 2529.45 2423.71 105.737 0 -30.423 -31.1227 8 14733.9 336.201 1801 0.000108118
14500 0.201559 0.193427 0.00813165 0 0.959656 2549.61 2443.05 106.559 0 -30.4273 -30.9695 8 14829.9 337.294 1813 0.000106689
14600 0.179901 0.174441 0.00545991 0 0.96965 2567.75 2460.5 107.252 0 -30.4388 -32.0468 8 14933.9 338.475 1826 9.55318e-05
14700 0.196774 0.188257 0.00851784 0 0.956713 2587.21 2479.32 107.892 0 -30.4432 -31.0257 8 15029.9 339.561 1838 0.000102425
14800 0.192902 0.18721 0.00569216 0 0.970492 2606.61 2498.04 108.571 0 -30.4515 -31.5518 8 15133.9 340.734 1851 0.00010114
14900 0.201081 0.195005 0.00607567 0 0.969785 2626.8 2517.54 109.26 0 -30.4677 -32.5593 8 15229.9 341.813 1863 0.000104673
15000 0.191529 0.186775 0.004754 0 0.975179 2646.09 2536.22 109.868 0 -30.4787 -31.9858 8 15333.9 342.978 1876 9.95602e-05
15100 0.195481 0.18954 0.00594091 0 0.969609 2665.66 2555.18 110.484 0 -30.4912 -32.1823 8 15429.9 344.05 1888 0.000100392
15200 0.17836 0.174223 0.00413723 0 0.976804 2683.65 2572.6 111.049 0 -30.5076 -32.9294 8 15533.9 345.207 1901 9.16482e-05
15300 0.198994 0.19209 0.00690405 0 0.965305 2703.5 2591.81 111.695 0 -30.5186 -32.0082 8 15629.9 346.272 1913 0.000100413
15400 0.176819 0.172021 0.0047973 0 0.972869 2721.35 2609.01 112.339 0 -30.5336 -32.8043 8 15733.9 347.423 1926 8.93153e-05
15500 0.190999 0.18327 0.00772851 0 0.959536 2740.28 2627.34 112.943 0 -30.543 -31.8993 8 15829.9 348.481 1938 9.45667e-05
15600 0.200826 0.19352 0.0073053 0 0.963624 2760.32 2646.69 113.635 0 -30.5495 -31.4408 8 15933.9 349.624 1951 9.91903e-05
15700 0.196783 0.19016 0.0066232 0 0.966343 2780.01 2665.7 114.309 0 -30.5589 -31.8697 8 16029.9 350.675 1963 9.68721e-05
15800 0.207316 0.199398 0.00791759 0 0.961809 2800.7 2685.64 115.055 0 -30.5628 -31.0842 8 16133.9 351.811 1976 0.00010091
15900 0.216266 0.20608 0.0101862 0 0.952899 2822.11 2706.25 115.862 0 -30.5656 -30.9432 8 16229.9 352.856 1988 0.000103662
16000 0.225506 0.217555 0.00795103 0 0.964741 2844.76 2728.01 116.757 0 -30.5726 -31.4373 8 16333.9 353.985 2001 0.000108723
16100 0.213358 0.205288 0.00806995 0 0.962176 2866.1 2748.54 117.562 0 -30.581 -31.702 8 16429.9 355.024 2013 0.000101981
16200 0.218165 0.210242 0.00792311 0 0.963683 2887.92 2769.56 118.359 0 -30.5919 -32.0198 8 16533.9 356.146 2026 0.000103772
16300 0.219435 0.210812 0.00862377 0 0.9607 2909.76 2790.64 119.123 0 -30.6019 -31.9318 8 16629.9 357.178 2038 0.00010344
16400 0.200896 0.194552 0.00634461 0 0.968418 2929.93 2810.1 119.831 0 -30.6117 -32.0291 8 16733.9 358.293 2051 9.48569e-05
16500 0.183554 0.179056 0.00449845 0 0.975492 2948.38 2828 120.383 0 -30.6235 -32.4854 8 16829.9 359.319 2063 8.67938e-05
16600 0.180513 0.174499 0.00601422 0 0.966683 2966.27 2845.45 120.823 0 -30.6358 -32.6724 8 16933.9 360.428 2076 8.40555e-05
16700 0.206778 0.199154 0.00762369 0 0.963131 2986.87 2865.37 121.502 0 -30.6466 -32.1946 8 17029.9 361.448 2088 9.53803e-05
16800 0.213804 0.204631 0.00917326 0 0.957095 3008.09 2885.83 122.261 0 -30.6517 -31.3721 8 17133.9 362.55 2101 9.7397e-05
16900 0.207285 0.199977 0.00730728 0 0.964748 3028.9 2905.83 123.068 0 -30.6585 -31.6367 8 17229.9 363.564 2113 9.46414e-05
17000 0.198208 0.19171 0.00649866 0 0.967213 3048.82 2925 123.821 0 -30.6702 -32.4595 8 17333.9 364.66 2126 9.01738e-05
17100 0.205375 0.197972 0.007403 0 0.963954 3069.43 2944.8 124.632 0 -30.6745 -31.3027 8 17429.9 365.668 2138 9.25967e-05
17200 0.208473 0.201229 0.00724407 0 0.965252 3090.4 2964.92 125.486 0 -30.6746 -30.6922 8 17533.9 366.758 2151 9.35512e-05
17300 0.24637 0.234437 0.0119328 0 0.951565 3114.8 2988.36 126.435 0 -30.6793 -31.278 8 17629.9 367.76 2163 0.000108385
17400 0.235071 0.227023 0.00804828 0 0.965762 3138.5 3011.06 127.431 0 -30.6892 -31.9912 8 17733.9 368.843 2176 0.00010433
17500 0.236383 0.226617 0.00976551 0 0.958688 3162.16 3033.73 128.43 0 -30.696 -31.5979 8 17829.9 369.84 2188 0.000103573
17600 0.210947 0.203995 0.00695239 0 0.967042 3183.44 3054.13 129.31 0 -30.704 -31.8948 8 17933.9 370.917 2201 9.26829e-05
17700 0.191426 0.183385 0.00804091 0 0.957995 3202.5 3072.46 130.038 0 -30.7127 -32.151 8 18029.9 371.909 2213 8.28673e-05
17800 0.210701 0.20245 0.00825144 0 0.960838 3223.54 3092.71 130.827 0 -30.7187 -31.6313 8 18133.9 372.98 2226 9.09477e-05
17900 0.211923 0.204443 0.00748021 0 0.964703 3244.76 3113.15 131.602 0 -30.7252 -31.7148 8 18229.9 373.966 2238 9.13506e-05
18000 0.183743 0.178632 0.00511094 0 0.972184 3263.2 3131.02 132.186 0 -30.7358 -32.6118 8 18333.9 375.031 2251 7.93567e-05
18100 0.20683 0.199984 0.00684613 0 0.9669 3283.97 3151.02 132.953 0 -30.7432 -31.8948 8 18429.9 376.012 2263 8.83711e-05
18200 0.197296 0.191158 0.00613795 0 0.96889 3303.77 3170.13 133.641 0 -30.7524 -32.2838 8 18533.9 377.071 2276 8.39887e-05
18300 0.187935 0.18094 0.00699446 0 0.962782 3322.58 3188.23 134.356 0 -30.7618 -32.4191 8 18629.9 378.046 2288 7.90822e-05
18400 0.168854 0.164066 0.00478847 0 0.971641 3339.55 3204.63 134.917 0 -30.7735 -33.058 8 18733.9 379.1 2301 7.1302e-05
18500 0.170785 0.164867 0.00591747 0 0.965351 3356.58 3221.12 135.457 0 -30.783 -32.6555 8 18829.9 380.07 2313 7.12785e-05
18600 0.197642 0.190526 0.00711615 0 0.963995 3376.34 3240.17 136.173 0 -30.7886 -31.7284 8 18933.9 381.118 2326 8.19115e-05
18700 0.17663 0.171738 0.00489125 0 0.972308 3394.11 3257.35 136.768 0 -30.7977 -32.5336 8 19029.9 382.083 2338 7.34552e-05
18800 0.187426 0.179966 0.00746066 0 0.960194 3412.82 3275.34 137.476 0 -30.8037 -31.8948 8 19133.9 383.126 2351 7.65486e-05
18900 0.218797 0.21079 0.00800687 0 0.963405 3434.76 3296.42 138.34 0 -30.8042 -30.8782 8 19229.9 384.086 2363 8.92045e-05
19000 0.215866 0.208093 0.00777313 0 0.963991 3456.41 3317.23 139.184 0 -30.8027 -30.5585 8 19333.9 385.123 2376 8.75813e-05
19100 0.212607 0.205002 0.00760437 0 0.964233 3477.75 3337.73 140.015 0 -30.8031 -30.8685 8 19429.9 386.078 2388 8.58469e-05
19200 0.195168 0.188625 0.00654326 0 0.966474 3497.33 3356.59 140.733 0 -30.8062 -31.3544 8 19533.9 387.11 2401 7.85611e-05
19300 0.204508 0.197587 0.00692094 0 0.966158 3517.84 3376.35 141.49 0 -30.8077 -31.0705 8 19629.9 388.06 2413 8.18843e-05
19400 0.195114 0.188285 0.00682875 0 0.965001 3537.4 3395.18 142.216 0 -30.8123 -31.6463 8 19733.9 389.087 2426 7.76115e-05
19500 0.206883 0.198334 0.00854866 0 0.958679 3557.98 3415.01 142.971 0 -30.8125 -30.8402 8 19829.9 390.032 2438 8.13512e-05
19600 0.217721 0.210346 0.00737519 0 0.966125 3579.82 3436.05 143.77 0 -30.8164 -31.456 8 19933.9 391.053 2451 8.58203e-05
19700 0.211716 0.205426 0.00629034 0 0.970289 3601.1 3456.59 144.515 0 -30.8202 -31.4583 8 20029.9 391.994 2463 8.34047e-05
19800 0.206426 0.199742 0.00668478 0 0.967617 3621.69 3476.56 145.122 0 -30.8233 -31.3622 8 20133.9 393.01 2476 8.06711e-05
19900 0.21125 0.205185 0.00606508 0 0.97129 3642.87 3497.08 145.787 0 -30.8283 -31.6909 8 20229.9 393.946 2488 8.24699e-05
20000 0.196786 0.192165 0.00462043 0 0.976521 3662.73 3516.3 146.431 0 -30.8366 -32.3603 8 20333.9 394.957 2501 7.68354e-05
