100 0.317067 0.291693 0.025374 0 0.919973 30.8453 29.1693 1.676 0 -27.5424 -27.5424 1 426.882 57.2261 101 0.00288805
200 0.51404 0.475259 0.0387814 0 0.924556 81.7576 76.6952 5.06244 0 -27.7167 -27.8223 1 526.882 63.5765 201 0.00236447
300 0.603128 0.560771 0.0423574 0 0.92977 142.123 132.772 9.35043 0 -27.6233 -27.4969 1 626.882 69.3478 301 0.00186303
400 0.634315 0.584217 0.0500979 0 0.921021 205.08 191.194 13.8863 0 -27.7976 -28.1909 1 726.882 74.6744 401 0.0014569
500 0.766487 0.714559 0.0519284 0 0.932251 281.579 262.65 18.929 0 -28.0488 -28.7221 1 826.882 79.6456 501 0.00142627
600 0.871616 0.816219 0.055397 0 0.936443 368.843 344.272 24.5713 0 -28.0552 -28.0761 1 926.882 84.3242 601 0.0013581
700 0.805042 0.752693 0.0523482 0 0.934975 449.343 419.541 29.8023 0 -28.1296 -28.4706 1 1026.88 88.7565 701 0.00107374
800 0.857034 0.800267 0.0567667 0 0.933764 535.01 499.568 35.4423 0 -28.149 -28.2503 1 1126.88 92.9778 801 0.000999085
900 0.98021 0.914074 0.0661362 0 0.932529 632.575 590.975 41.5994 0 -28.0878 -27.7522 1 1226.88 97.0156 901 0.00101451
1000 1.02478 0.958105 0.0666747 0 0.934938 735.101 686.786 48.3155 0 -28.1673 -28.658 1 1326.88 100.892 1001 0.000957148
1100 0.937344 0.88119 0.0561536 0 0.940093 829.327 774.905 54.4225 0 -28.2676 -29.0497 1 1426.88 104.625 1101 0.000800354
1200 0.967377 0.907983 0.0593938 0 0.938603 925.91 865.703 60.2073 0 -28.3192 -28.7626 1 1526.88 108.229 1201 0.000756023
1300 0.993453 0.936144 0.0573092 0 0.942313 1025.38 959.317 66.0651 0 -28.3429 -28.5631 1 1626.88 111.717 1301 0.000719557
1400 1.00661 0.950439 0.056168 0 0.944201 1126.22 1054.36 71.8561 0 -28.4138 -29.1349 1 1726.88 115.099 1401 0.0006784
1500 1.01645 0.959536 0.0569107 0 0.94401 1227.83 1150.31 77.514 0 -28.4804 -29.2188 1 1826.88 118.385 1501 0.000639265
1600 1.05029 0.994258 0.056033 0 0.94665 1333.02 1249.74 83.2796 0 -28.5532 -29.4029 1 1926.88 121.582 1601 0.000621023
1700 1.06083 1.00494 0.0558949 0 0.94731 1439.14 1350.23 88.9019 0 -28.6033 -29.233 1 2026.88 124.696 1701 0.000590791
1800 1.08876 1.03256 0.0561974 0 0.948384 1548.12 1453.49 94.6331 0 -28.6496 -29.2601 1 2126.88 127.736 1801 0.000573327
1900 1.2042 1.14074 0.0634591 0 0.947302 1668.4 1567.56 100.832 0 -28.6776 -29.0381 1 2226.88 130.704 1901 0.000600074
2000 1.20164 1.13771 0.0639261 0 0.946801 1788.56 1681.34 107.22 0 -28.7044 -29.0765 1 2326.88 133.606 2001 0.000568572
2100 1.20985 1.14931 0.0605396 0 0.949961 1910.12 1796.27 113.854 0 -28.7275 -29.0678 1 2426.88 136.447 2101 0.00054703
2200 1.11619 1.05923 0.0569607 0 0.948968 2022.08 1902.19 119.894 0 -28.7623 -29.3554 1 2526.88 139.23 2201 0.000481247
2300 1.13316 1.07342 0.059743 0 0.947278 2135.46 2009.53 125.929 0 -28.788 -29.2472 1 2626.88 141.958 2301 0.000466501
2400 1.19458 1.13338 0.0612029 0 0.948766 2254.88 2122.87 132.014 0 -28.8065 -29.1375 1 2726.88 144.635 2401 0.000472044
2500 1.21448 1.15764 0.0568409 0 0.953197 2376.92 2238.63 138.289 0 -28.8496 -29.6454 1 2826.88 147.263 2501 0.000462871
2600 1.17492 1.11675 0.0581689 0 0.950491 2494.33 2350.31 144.022 0 -28.8865 -29.6341 1 2926.88 149.845 2601 0.000429354
2700 1.36023 1.29072 0.0695135 0 0.948896 2629.83 2479.38 150.447 0 -28.9207 -29.5507 1 3026.88 152.383 2701 0.000477866
2800 1.29721 1.23689 0.0603221 0 0.953499 2760.01 2603.07 156.943 0 -28.9657 -29.8739 1 3126.88 154.88 2801 0.000441588
2900 1.33411 1.26562 0.0684899 0 0.948662 2893.1 2729.63 163.473 0 -28.9922 -29.5416 1 3226.88 157.337 2901 0.000436269
3000 1.29577 1.23188 0.0638946 0 0.95069 3022.58 2852.82 169.76 0 -29.0051 -29.2942 1 3326.88 159.757 3001 0.000410489
3100 1.35305 1.28819 0.0648536 0 0.952068 3158.01 2981.64 176.375 0 -29.0204 -29.3613 1 3426.88 162.14 3101 0.000415412
3200 1.33087 1.27272 0.058151 0 0.956306 3291.56 3108.91 182.65 0 -29.0562 -29.9026 1 3526.88 164.488 3201 0.000397601
3300 1.30206 1.23583 0.066233 0 0.949132 3420.95 3232.49 188.454 0 -29.0777 -29.6251 1 3626.88 166.804 3301 0.000374381
3400 1.41447 1.3506 0.0638646 0 0.954849 3562.45 3367.55 194.895 0 -29.1037 -29.7314 1 3726.88 169.088 3401 0.000397119
3500 1.32959 1.26617 0.0634223 0 0.952299 3695.38 3494.17 201.216 0 -29.136 -30.0017 1 3826.88 171.342 3501 0.000361659
3600 1.33015 1.27152 0.0586311 0 0.955921 3828.57 3621.32 207.251 0 -29.174 -30.229 1 3926.88 173.566 3601 0.000353102
3700 1.36542 1.29927 0.0661547 0 0.95155 3964.41 3751.25 213.159 0 -29.1989 -29.9014 1 4026.88 175.762 3701 0.000351059
3800 1.40004 1.34204 0.0579937 0 0.958577 4104.8 3885.45 219.343 0 -29.226 -29.9891 1 4126.88 177.931 3801 0.000353076
3900 1.44119 1.37942 0.0617768 0 0.957135 4249.09 4023.39 225.696 0 -29.2556 -30.0997 1 4226.88 180.074 3901 0.000353606
4000 1.42638 1.35834 0.068038 0 0.9523 4391.21 4159.23 231.986 0 -29.2831 -30.1038 1 4326.88 182.191 4001 0.0003395
4100 1.39012 1.3272 0.0629189 0 0.954738 4530.5 4291.95 238.548 0 -29.3129 -30.2532 1 4426.88 184.285 4101 0.000323628
4200 1.3901 1.32644 0.0636629 0 0.954203 4669.49 4424.59 244.902 0 -29.3478 -30.4852 1 4526.88 186.354 4201 0.000315743
4300 1.36422 1.30978 0.0544345 0 0.960098 4806.5 4555.57 250.933 0 -29.3864 -30.701 1 4626.88 188.401 4301 0.00030453
4400 1.33407 1.28256 0.0515134 0 0.961386 4940.35 4683.83 256.526 0 -29.4199 -30.6253 1 4726.88 190.427 4401 0.000291424
4500 1.32672 1.27504 0.051674 0 0.961051 5073.28 4811.33 261.951 0 -29.453 -30.6828 1 4826.88 192.43 4501 0.00028328
4600 1.32286 1.2672 0.0556653 0 0.957921 5205.5 4938.05 267.454 0 -29.4798 -30.5086 1 4926.88 194.413 4601 0.000275418
4700 1.37475 1.32058 0.0541656 0 0.9606 5343.05 5070.11 272.938 0 -29.5091 -30.6151 1 5026.88 196.376 4701 0.000280915
4800 1.38956 1.33477 0.0547864 0 0.960573 5482.02 5203.58 278.439 0 -29.5316 -30.3975 1 5126.88 198.32 4801 0.00027802
4900 1.43239 1.37446 0.0579238 0 0.959561 5625.26 5341.03 284.229 0 -29.557 -30.5305 1 5226.88 200.245 4901 0.000280445
5000 1.48859 1.42442 0.0641654 0 0.956895 5773.79 5483.47 290.314 0 -29.5714 -30.1168 1 5326.88 202.151 5001 0.000284828
5100 1.48805 1.42002 0.0680247 0 0.954286 5922.29 5625.48 296.81 0 -29.5815 -29.9735 1 5426.88 204.04 5101 0.000278381
5200 1.47558 1.41505 0.0605275 0 0.958981 6070.24 5766.98 303.255 0 -29.5984 -30.2755 1 5526.88 205.911 5201 0.000272073
5300 1.47235 1.41416 0.0581986 0 0.960472 6217.72 5908.4 309.327 0 -29.6181 -30.4275 1 5626.88 207.766 5301 0.000266772
5400 1.40727 1.35109 0.0561813 0 0.960078 6358.77 6043.51 315.268 0 -29.6369 -30.4677 1 5726.88 209.604 5401 0.000250155
5500 1.37791 1.32309 0.0548159 0 0.960218 6496.55 6175.81 320.738 0 -29.6528 -30.3834 1 5826.88 211.426 5501 0.000240519
5600 1.40383 1.3429 0.0609308 0 0.956597 6636.45 6310.11 326.342 0 -29.6654 -30.2513 1 5926.88 213.232 5601 0.000239761
5700 1.47182 1.41521 0.0566034 0 0.961542 6783.76 6451.63 332.136 0 -29.685 -30.5708 1 6026.88 215.024 5701 0.000248239
5800 1.38549 1.33166 0.0538318 0 0.961146 6922.44 6584.79 337.651 0 -29.7097 -30.9179 1 6126.88 216.8 5801 0.000229556
5900 1.40709 1.35397 0.0531261 0 0.962244 7063.3 6720.19 343.112 0 -29.7304 -30.7442 1 6226.88 218.562 5901 0.000229447
6000 1.48689 1.42536 0.0615271 0 0.95862 7211.36 6862.72 348.639 0 -29.7469 -30.5368 1 6326.88 220.31 6001 0.000237521
6100 1.52714 1.46469 0.0624541 0 0.959104 7363.83 7009.19 354.631 0 -29.7574 -30.2511 1 6426.88 222.045 6101 0.000240074
6200 1.54685 1.47967 0.0671766 0 0.956572 7518.17 7157.16 361.006 0 -29.7661 -30.1818 1 6526.88 223.765 6201 0.000238619
6300 1.47198 1.41237 0.059607 0 0.959506 7665.76 7298.4 367.359 0 -29.7844 -30.7178 1 6626.88 225.473 6301 0.000224151
6400 1.44743 1.38896 0.0584737 0 0.959602 7810.44 7437.29 373.146 0 -29.8046 -30.8728 1 6726.88 227.168 6401 0.00021699
6500 1.48344 1.42768 0.0557625 0 0.96241 7958.96 7580.06 378.899 0 -29.8203 -30.6458 1 6826.88 228.85 6501 0.000219609
6600 1.41001 1.35791 0.0521016 0 0.963049 8100.18 7715.85 384.329 0 -29.8394 -30.9158 1 6926.88 230.52 6601 0.000205713
6700 1.45617 1.39989 0.0562821 0 0.961349 8245.56 7855.84 389.718 0 -29.8534 -30.6349 1 7026.88 232.178 6701 0.000208907
6800 1.47519 1.42005 0.0551349 0 0.962625 8393.37 7997.85 395.525 0 -29.8686 -30.7198 1 7126.88 233.824 6801 0.0002088
6900 1.45208 1.3964 0.0556828 0 0.961653 8538.66 8137.49 401.171 0 -29.8864 -30.9115 1 7226.88 235.459 6901 0.000202348
7000 1.49371 1.4403 0.0534065 0 0.964246 8688.53 8281.52 407.015 0 -29.908 -31.1412 1 7326.88 237.083 7001 0.000205728
7100 1.51966 1.46233 0.0573354 0 0.962271 8840.48 8427.75 412.731 0 -29.9274 -31.0343 1 7426.88 238.695 7101 0.000205932
7200 1.59683 1.53434 0.0624873 0 0.960868 9000.12 8581.18 418.935 0 -29.9392 -30.5929 1 7526.88 240.297 7201 0.000213074
7300 1.56155 1.50211 0.0594399 0 0.961935 9156.69 8731.39 425.297 0 -29.9513 -30.6447 1 7626.88 241.888 7301 0.00020574
7400 1.53738 1.47611 0.0612717 0 0.960145 9310.49 8879.01 431.482 0 -29.9648 -30.7713 1 7726.88 243.468 7401 0.000199447
7500 1.57444 1.51045 0.0639911 0 0.959356 9467.9 9030.05 437.845 0 -29.9796 -30.8562 1 7826.88 245.039 7501 0.000201367
7600 1.49981 1.4429 0.0569047 0 0.962059 9618.3 9174.34 443.959 0 -29.9984 -31.182 1 7926.88 246.599 7601 0.000189831
7700 1.44496 1.39305 0.0519125 0 0.964073 9763.01 9313.65 449.364 0 -30.018 -31.3185 1 8026.88 248.15 7701 0.000180892
7800 1.49286 1.43582 0.0570335 0 0.961796 9912.15 9457.23 454.925 0 -30.0318 -30.9322 1 8126.88 249.691 7801 0.000184056
7900 1.53277 1.47406 0.0587059 0 0.961699 10065.3 9604.63 460.652 0 -30.0467 -31.0155 1 8226.88 251.222 7901 0.000186566
8000 1.54843 1.48756 0.0608747 0 0.960686 10220 9753.39 466.575 0 -30.0596 -30.8989 1 8326.88 252.744 8001 0.000185922
8100 1.51247 1.45921 0.0532508 0 0.964792 10371.6 9899.31 472.272 0 -30.0738 -31.0316 1 8426.88 254.257 8101 0.000180128
8200 1.49886 1.44409 0.0547685 0 0.96346 10521.5 10043.7 477.737 0 -30.0887 -31.1213 1 8526.88 255.762 8201 0.000176087
8300 1.4725 1.42175 0.0507588 0 0.965529 10668.8 10185.9 482.939 0 -30.1052 -31.2782 1 8626.88 257.257 8301 0.000171274
8400 1.46265 1.41328 0.0493687 0 0.966247 10815.3 10327.2 488.041 0 -30.1218 -31.3351 1 8726.88 258.744 8401 0.000168227
8500 1.55849 1.50351 0.0549746 0 0.964726 10971.4 10477.6 493.779 0 -30.1349 -31.0385 1 8826.88 260.222 8501 0.000176863
8600 1.49334 1.43766 0.0556833 0 0.962712 11120.7 10621.3 499.388 0 -30.1475 -31.0774 1 8926.88 261.692 8601 0.00016715
8700 1.54482 1.48758 0.0572442 0 0.962944 11275.2 10770.1 505.121 0 -30.1602 -31.0692 1 9026.88 263.153 8701 0.000170966
8800 1.47886 1.4265 0.0523582 0 0.964596 11423.2 10912.7 510.46 0 -30.1764 -31.413 1 9126.88 264.607 8801 0.000162084
8900 1.43292 1.38343 0.0494812 0 0.965468 11566.8 11051.1 515.719 0 -30.194 -31.5918 1 9226.88 266.053 8901 0.000155425
9000 1.45154 1.39628 0.0552622 0 0.961929 11711.5 11190.7 520.751 0 -30.2091 -31.4218 1 9326.88 267.49 9001 0.000155125
9100 1.48868 1.43569 0.0529947 0 0.964402 11860.2 11334.3 525.929 0 -30.2212 -31.1705 1 9426.88 268.921 9101 0.000157751
9200 1.48418 1.43229 0.0518917 0 0.965037 12008.9 11477.5 531.35 0 -30.2326 -31.1395 1 9526.88 270.343 9201 0.000155666
9300 1.50301 1.45346 0.0495531 0 0.967031 12159.6 11622.9 536.705 0 -30.2473 -31.4196 1 9626.88 271.758 9301 0.000156269
9400 1.52652 1.46825 0.0582686 0 0.961829 12311.9 11769.7 542.195 0 -30.2576 -31.0835 1 9726.88 273.166 9401 0.00015618
9500 1.61192 1.55123 0.0606888 0 0.96235 12473.2 11924.8 548.368 0 -30.2678 -31.042 1 9826.88 274.567 9501 0.000163271
9600 1.66002 1.59285 0.0671728 0 0.959535 12638.8 12084.1 554.707 0 -30.2726 -30.6356 1 9926.88 275.96 9601 0.000165905
9700 1.62052 1.55674 0.0637754 0 0.960645 12801 12239.8 561.214 0 -30.2804 -30.8935 1 10026.9 277.347 9701 0.000160472
9800 1.57807 1.51668 0.061391 0 0.961097 12959.1 12391.4 567.682 0 -30.2934 -31.3412 1 10126.9 278.726 9801 0.000154748
9900 1.52166 1.46459 0.0570635 0 0.962499 13111.6 12537.9 573.668 0 -30.3045 -31.2527 1 10226.9 280.099 9901 0.000147924
10000 1.5136 1.4543 0.0592953 0 0.960825 13262.7 12683.3 579.342 0 -30.3177 -31.4571 1 10326.9 281.465 10001 0.000145416
10100 1.65314 1.58531 0.0678269 0 0.958971 13427.7 12841.9 585.853 0 -30.3252 -30.9296 1 10426.9 282.825 10101 0.000156946
10200 1.59847 1.53759 0.0608801 0 0.961914 13587.9 12995.6 592.254 0 -30.3337 -31.0495 1 10526.9 284.178 10201 0.00015073
10300 1.5733 1.51133 0.0619656 0 0.960614 13745.1 13146.8 598.338 0 -30.3423 -31.0799 1 10626.9 285.524 10301 0.000146717
10400 1.63203 1.56927 0.0627544 0 0.961548 13908.5 13303.7 604.805 0 -30.3522 -31.1858 1 10726.9 286.865 10401 0.000150877
10500 1.57428 1.51525 0.0590236 0 0.962507 14066.1 13455.2 610.854 0 -30.3609 -31.1325 1 10826.9 288.199 10501 0.000144296
10600 1.50474 1.45136 0.0533799 0 0.964525 14217.1 13600.3 616.747 0 -30.3746 -31.6507 1 10926.9 289.526 10601 0.000136908
10700 1.54598 1.48692 0.0590558 0 0.9618 14371.3 13749 622.297 0 -30.3841 -31.2561 1 11026.9 290.848 10701 0.000138952
10800 1.60907 1.55294 0.0561319 0 0.965115 14532.6 13904.3 628.227 0 -30.3872 -30.6691 1 11126.9 292.164 10801 0.000143777
10900 1.61798 1.55731 0.0606713 0 0.962502 14694.2 14060.1 634.099 0 -30.3894 -30.5803 1 11226.9 293.474 10901 0.000142859
11000 1.77288 1.69925 0.0736291 0 0.958469 14870.7 14230 640.753 0 -30.3871 -30.1999 1 11326.9 294.778 11001 0.000154464
11100 1.7441 1.67645 0.0676443 0 0.961215 15045.6 14397.6 647.959 0 -30.3877 -30.4401 1 11426.9 296.076 11101 0.000151018
11200 1.71758 1.64779 0.0697931 0 0.959366 15217.4 14562.4 655.03 0 -30.3905 -30.6369 1 11526.9 297.369 11201 0.000147111
11300 1.60636 1.54651 0.059842 0 0.962747 15378.4 14717.1 661.391 0 -30.3976 -31.0664 1 11626.9 298.656 11301 0.000136848
11400 1.57782 1.52262 0.0552023 0 0.965014 15536.7 14869.3 667.37 0 -30.4057 -31.192 1 11726.9 299.938 11401 0.000133551
11500 1.58777 1.53271 0.0550541 0 0.965326 15695.7 15022.6 673.068 0 -30.4132 -31.1451 1 11826.9 301.214 11501 0.000133268
11600 1.62053 1.56537 0.0551581 0 0.965963 15857.7 15179.1 678.586 0 -30.4207 -31.1504 1 11926.9 302.485 11601 0.000134934
11700 1.76435 1.69918 0.0651664 0 0.963065 16034 15349 684.996 0 -30.4253 -30.8364 1 12026.9 303.75 11701 0.000145217
11800 1.69457 1.63348 0.0610988 0 0.963944 16203.8 15512.4 691.4 0 -30.4331 -31.1672 1 12126.9 305.01 11801 0.000138418
11900 1.64431 1.58204 0.0622731 0 0.962128 16368.1 15670.6 697.46 0 -30.4415 -31.2735 1 12226.9 306.265 11901 0.000132933
12000 1.66724 1.60328 0.0639599 0 0.961637 16534.6 15830.9 703.664 0 -30.4502 -31.3055 1 12326.9 307.515 12001 0.000133595
12100 1.69992 1.63265 0.0672671 0 0.960429 16704.4 15994.2 710.161 0 -30.4553 -30.9478 1 12426.9 308.76 12101 0.000134918
12200 1.67731 1.61519 0.0621184 0 0.962965 16872.3 16155.7 716.607 0 -30.4619 -31.1166 1 12526.9 310 12201 0.000132382
12300 1.59891 1.54258 0.0563286 0 0.964771 17032.4 16310 722.471 0 -30.4723 -31.5731 1 12626.9 311.235 12301 0.000125403
12400 1.57611 1.52414 0.0519655 0 0.967029 17190.4 16462.4 728.011 0 -30.4828 -31.6118 1 12726.9 312.465 12401 0.000122905
12500 1.57054 1.52139 0.0491444 0 0.968709 17347.7 16614.5 733.201 0 -30.4961 -31.9492 1 12826.9 313.69 12501 0.000121702
12600 1.53642 1.49012 0.0462949 0 0.969868 17501.6 16763.5 738.109 0 -30.5073 -31.7722 1 12926.9 314.91 12601 0.000118254
12700 1.59452 1.54335 0.0511664 0 0.967911 17661.2 16917.9 743.334 0 -30.517 -31.586 1 13026.9 316.126 12701 0.000121514
12800 1.52908 1.48037 0.0487133 0 0.968142 17814.2 17065.9 748.319 0 -30.5297 -31.9872 1 13126.9 317.337 12801 0.000115645
12900 1.53108 1.47892 0.0521557 0 0.965935 17967.1 17213.8 753.329 0 -30.5408 -31.8349 1 13226.9 318.544 12901 0.000114636
13000 1.51596 1.46496 0.0509995 0 0.966358 18118.7 17360.3 758.425 0 -30.5515 -31.8259 1 13326.9 319.745 13001 0.000112681
13100 1.48861 1.43749 0.0511255 0 0.965656 18267.6 17504 763.577 0 -30.5631 -31.9659 1 13426.9 320.943 13101 0.000109723
13200 1.59286 1.53396 0.0588965 0 0.963025 18426.4 17657.4 768.999 0 -30.5717 -31.5671 1 13526.9 322.136 13201 0.000116201
13300 1.67166 1.604 0.0676663 0 0.959522 18593.1 17817.8 775.226 0 -30.5775 -31.2162 1 13626.9 323.324 13301 0.000120592
13400 1.68182 1.6206 0.0612205 0 0.963599 18761.5 17979.9 781.627 0 -30.5842 -31.3293 1 13726.9 324.508 13401 0.000120931
13500 1.71862 1.65375 0.0648696 0 0.962255 18933.6 18145.3 788.325 0 -30.5906 -31.2807 1 13826.9 325.688 13501 0.000122491
13600 1.65095 1.58785 0.0630949 0 0.961783 19098.8 18304.1 794.782 0 -30.5981 -31.4581 1 13926.9 326.864 13601 0.000116745
13700 1.62287 1.56457 0.0582975 0 0.964077 19261.6 18460.5 801.048 0 -30.6069 -31.6494 1 14026.9 328.035 13701 0.000114194
13800 1.58416 1.52589 0.0582648 0 0.96322 19419.8 18613.1 806.676 0 -30.6156 -31.6702 1 14126.9 329.203 13801 0.000110564
13900 1.61489 1.5587 0.056192 0 0.965204 19581.5 18769 812.522 0 -30.6243 -31.6623 1 14226.9 330.366 13901 0.000112129
14000 1.73449 1.66759 0.0669032 0 0.961428 19754.6 18935.7 818.866 0 -30.6287 -31.13 1 14326.9 331.525 14001 0.000119105
14100 1.71752 1.65532 0.0622067 0 0.963781 19926.8 19101.3 825.492 0 -30.6357 -31.4433 1 14426.9 332.68 14101 0.00011739
14200 1.7114 1.64934 0.0620609 0 0.963737 20097.9 19266.2 831.672 0 -30.6425 -31.4342 1 14526.9 333.831 14201 0.000116142
14300 1.74465 1.68733 0.0573157 0 0.967148 20272.9 19434.9 838.004 0 -30.6504 -31.5552 1 14626.9 334.978 14301 0.000117987
14400 1.65531 1.60096 0.0543449 0 0.967169 20438.7 19595 843.657 0 -30.658 -31.5809 1 14726.9 336.121 14401 0.00011117
14500 1.63012 1.57643 0.0536916 0 0.967063 20601.7 19752.7 849.071 0 -30.6662 -31.7051 1 14826.9 337.26 14501 0.000108712
14600 1.60459 1.55202 0.0525691 0 0.967238 20762.3 19907.9 854.47 0 -30.6736 -31.6137 1 14926.9 338.396 14601 0.000106295
14700 1.66818 1.60899 0.0591905 0 0.964518 20929 20068.8 860.255 0 -30.68 -31.476 1 15026.9 339.527 14701 0.000109447
14800 1.60822 1.55274 0.055476 0 0.965505 21090 20224 865.945 0 -30.6876 -31.6798 1 15126.9 340.655 14801 0.000104908
14900 1.60587 1.55031 0.0555598 0 0.965402 21250.7 20379.1 871.596 0 -30.6962 -31.8307 1 15226.9 341.779 14901 0.000104041
15000 1.78707 1.71723 0.0698365 0 0.960921 21429.1 20550.8 878.276 0 -30.7004 -31.1995 1 15326.9 342.9 15001 0.000114474
15100 1.63897 1.57982 0.0591572 0 0.963906 21593.2 20708.8 884.44 0 -30.7077 -31.6636 1 15426.9 344.016 15101 0.000104617
15200 1.66224 1.6061 0.0561374 0 0.966228 21760 20869.4 890.56 0 -30.7153 -31.6916 1 15526.9 345.13 15201 0.000105657
15300 1.6371 1.5777 0.0594022 0 0.963715 21923.7 21027.2 896.503 0 -30.7241 -31.8945 1 15626.9 346.239 15301 0.000103111
15400 1.74962 1.67975 0.0698646 0 0.960069 22098.2 21195.1 903.019 0 -30.7284 -31.2677 1 15726.9 347.345 15401 0.000109068
15500 1.81653 1.75399 0.0625361 0 0.965574 22280.5 21370.5 909.959 0 -30.7332 -31.3153 1 15826.9 348.448 15501 0.000113153
15600 1.66667 1.60867 0.0580045 0 0.965197 22447.5 21531.4 916.107 0 -30.7402 -31.6712 1 15926.9 349.547 15601 0.000103113
15700 1.77028 1.70495 0.065334 0 0.963094 22624.3 21701.9 922.394 0 -30.7446 -31.3074 1 16026.9 350.643 15701 0.000108589
15800 1.72687 1.66449 0.0623777 0 0.963878 22797.2 21868.3 928.836 0 -30.7484 -31.2452 1 16126.9 351.735 15801 0.000105341
15900 1.64792 1.58868 0.059244 0 0.964049 22961.8 22027.2 934.608 0 -30.7531 -31.4003 1 16226.9 352.824 15901 9.99107e-05
16000 1.66005 1.59995 0.0600991 0 0.963797 23127.7 22187.2 940.457 0 -30.7585 -31.5159 1 16326.9 353.909 16001 9.99905e-05
16100 1.6171 1.55978 0.0573191 0 0.964554 23289.5 22343.2 946.307 0 -30.7645 -31.6139 1 16426.9 354.991 16101 9.68747e-05
16200 1.6536 1.59422 0.059383 0 0.964089 23454.6 22502.6 952.03 0 -30.7706 -31.6286 1 16526.9 356.07 16201 9.84024e-05
16300 1.76294 1.70062 0.06232 0 0.96465 23630.7 22672.7 958.065 0 -30.7777 -31.7257 1 16626.9 357.146 16301 0.000104326
16400 1.66404 1.60224 0.0618056 0 0.962858 23797.1 22832.9 964.154 0 -30.7853 -31.8711 1 16726.9 358.218 16401 9.76913e-05
16500 1.60819 1.55413 0.0540632 0 0.966383 23958.1 22988.3 969.827 0 -30.793 -31.922 1 16826.9 359.287 16501 9.41839e-05
16600 1.65198 1.59256 0.0594247 0 0.964028 24123 23147.6 975.405 0 -30.7976 -31.4754 1 16926.9 360.353 16601 9.59314e-05
16700 1.64724 1.59251 0.0547288 0 0.966776 24288 23306.8 981.212 0 -30.8043 -31.7742 1 17026.9 361.416 16701 9.53544e-05
16800 1.69523 1.63659 0.0586413 0 0.965408 24457.7 23470.5 987.18 0 -30.8097 -31.5812 1 17126.9 362.476 16801 9.74104e-05
16900 1.63543 1.57826 0.0571681 0 0.965044 24621.4 23628.3 993.109 0 -30.8167 -31.8682 1 17226.9 363.533 16901 9.33826e-05
17000 1.70765 1.64247 0.0651883 0 0.961826 24791.7 23792.5 999.17 0 -30.8226 -31.6828 1 17326.9 364.586 17001 9.661e-05
17100 1.66525 1.60804 0.0572146 0 0.965642 24958.6 23953.4 1005.27 0 -30.8307 -32.0287 1 17426.9 365.637 17101 9.40319e-05
17200 1.71016 1.64607 0.0640862 0 0.962526 25129.2 24118 1011.28 0 -30.8355 -31.5297 1 17526.9 366.684 17201 9.56964e-05
17300 1.63594 1.57871 0.0572235 0 0.965021 25292.9 24275.8 1017.1 0 -30.8422 -31.8765 1 17626.9 367.729 17301 9.12498e-05
17400 1.67435 1.61566 0.0586949 0 0.964945 25460.2 24437.4 1022.82 0 -30.8485 -31.8037 1 17726.9 368.771 17401 9.28486e-05
17500 1.69526 1.63768 0.0575858 0 0.966031 25629.9 24601.2 1028.75 0 -30.8567 -32.0842 1 17826.9 369.809 17501 9.35761e-05
17600 1.65561 1.59387 0.0617391 0 0.962709 25795 24760.6 1034.43 0 -30.8636 -31.9385 1 17926.9 370.845 17601 9.05558e-05
17700 1.69106 1.63379 0.0572669 0 0.966135 25964.3 24923.9 1040.38 0 -30.8712 -32.0202 1 18026.9 371.878 17701 9.22993e-05
17800 1.7338 1.67204 0.0617674 0 0.964375 26137.6 25091.1 1046.44 0 -30.8775 -31.8266 1 18126.9 372.908 17801 9.39294e-05
17900 1.74617 1.68082 0.0653533 0 0.962573 26312 25259.2 1052.75 0 -30.8815 -31.4871 1 18226.9 373.935 17901 9.38952e-05
18000 1.71999 1.65538 0.064612 0 0.962435 26483.9 25424.8 1059.12 0 -30.8861 -31.581 1 18326.9 374.959 18001 9.19605e-05
18100 1.71436 1.65509 0.0592665 0 0.965429 26655.5 25590.3 1065.29 0 -30.893 -31.9598 1 18426.9 375.981 18101 9.14365e-05
18200 1.67816 1.61384 0.064321 0 0.961672 26822.6 25751.6 1071 0 -30.9001 -32.0359 1 18526.9 377 18201 8.86674e-05
18300 1.68929 1.63324 0.0560496 0 0.966821 26991.9 25915 1076.98 0 -30.908 -32.1593 1 18626.9 378.016 18301 8.92433e-05
18400 1.64152 1.57861 0.0629126 0 0.961674 27155.7 26072.8 1082.88 0 -30.9147 -32.0204 1 18726.9 379.029 18401 8.57894e-05
18500 1.70452 1.64364 0.0608886 0 0.964278 27326.2 26237.2 1089 0 -30.9203 -31.8145 1 18826.9 380.04 18501 8.88403e-05
18600 1.66845 1.60982 0.0586329 0 0.964858 27493.2 26398.2 1095.06 0 -30.9268 -31.978 1 18926.9 381.048 18601 8.65446e-05
18700 1.65789 1.60012 0.0577719 0 0.965153 27659.1 26558.2 1100.91 0 -30.932 -31.8066 1 19026.9 382.053 18701 8.55635e-05
18800 1.71512 1.65671 0.0584131 0 0.965942 27830.7 26723.9 1106.81 0 -30.9375 -31.8276 1 19126.9 383.056 18801 8.8118e-05
18900 1.83049 1.75543 0.0750642 0 0.958992 28012.9 26899.4 1113.48 0 -30.9418 -31.5908 1 19226.9 384.056 18901 9.28749e-05
19000 1.77679 1.70702 0.0697627 0 0.960737 28190.4 27070.1 1120.34 0 -30.9474 -31.832 1 19326.9 385.053 19001 8.98386e-05
19100 1.72401 1.66054 0.0634715 0 0.963184 28363.2 27236.2 1127.09 0 -30.9538 -32.0005 1 19426.9 386.048 19101 8.69348e-05
19200 1.72699 1.66301 0.0639813 0 0.962952 28535.9 27402.5 1133.48 0 -30.9601 -31.9888 1 19526.9 387.041 19201 8.66107e-05
19300 1.81816 1.75319 0.0649781 0 0.964262 28718 27577.8 1140.19 0 -30.967 -32.0532 1 19626.9 388.03 19301 9.08339e-05
19400 1.76329 1.70321 0.0600853 0 0.965924 28894.7 27748.1 1146.55 0 -30.9733 -32.0001 1 19726.9 389.018 19401 8.77896e-05
19500 1.73386 1.67322 0.0606371 0 0.965028 29068 27915.4 1152.62 0 -30.9796 -32.0167 1 19826.9 390.002 19501 8.58017e-05
19600 1.68702 1.63269 0.0543303 0 0.967795 29237.1 28078.7 1158.36 0 -30.9858 -32.0533 1 19926.9 390.985 19601 8.3296e-05
19700 1.70629 1.64321 0.0630829 0 0.963029 29407.2 28243 1164.15 0 -30.9903 -31.772 1 20026.9 391.964 19701 8.34075e-05
19800 1.68125 1.62522 0.0560363 0 0.96667 29575.5 28405.5 1169.96 0 -30.9967 -32.1072 1 20126.9 392.942 19801 8.20775e-05
19900 1.63419 1.57996 0.0542309 0 0.966815 29738.9 28563.5 1175.38 0 -31.0025 -32.0663 1 20226.9 393.917 19901 7.9391e-05
20000 1.64905 1.59226 0.0567874 0 0.965563 29903.5 28722.8 1180.74 0 -31.0083 -32.0516 1 20325.9 394.88 20000 7.96129e-05
