100 0.0153957 0.0143269 0.00106883 0 0.930576 1.504 1.43269 0.0713075 0 -28.3324 -28.3324 16 437.882 57.9587 7 0.0020467
200 0.0150895 0.014422 0.000667477 0 0.955765 3.04795 2.87489 0.173059 0 -29.2619 -30.1673 16 533.882 63.9974 13 0.00110939
300 0.0200756 0.018912 0.0011636 0 0.942039 5.06002 4.76609 0.293925 0 -29.5747 -30.0486 16 629.882 69.5136 19 0.000995368
400 0.0250312 0.0234167 0.00161452 0 0.9355 7.55973 7.10776 0.45197 0 -29.7377 -30.0675 16 741.882 75.441 26 0.000900643
500 0.0449367 0.0422495 0.00268712 0 0.940202 12.0455 11.3327 0.712787 0 -29.2367 -28.3925 16 837.882 80.1736 32 0.0013203
600 0.0683217 0.0657593 0.00256244 0 0.962495 18.9234 17.9086 1.01474 0 -29.7748 -30.717 16 933.882 84.642 38 0.00173051
700 0.0511157 0.0481366 0.00297915 0 0.941718 24.0222 22.7223 1.29992 0 -29.6601 -29.2346 16 1029.88 88.8861 44 0.00109401
800 0.0382455 0.0361343 0.00211121 0 0.944798 27.8536 26.3357 1.51792 0 -29.7585 -30.3753 16 1141.88 93.5946 51 0.000708515
900 0.0401677 0.037421 0.00274668 0 0.93162 31.821 30.0778 1.74319 0 -29.6659 -29.0162 16 1237.88 97.4495 57 0.000656509
1000 0.0482437 0.0438596 0.00438412 0 0.909125 36.4568 34.4638 1.99306 0 -29.4242 -27.7649 16 1333.88 101.158 63 0.000696184
1100 0.0600311 0.0572815 0.00274955 0 0.954198 42.5088 40.1919 2.3169 0 -29.4618 -29.6884 16 1429.88 104.735 69 0.000830167
1200 0.0597053 0.0560809 0.00362444 0 0.939295 48.4737 45.8 2.67363 0 -29.2792 -27.9774 16 1541.88 108.759 76 0.000737906
1300 0.0636643 0.0604218 0.00324251 0 0.949069 54.9386 51.8422 3.09638 0 -29.3121 -29.5592 16 1637.88 112.094 82 0.000736851
1400 0.0515494 0.0481753 0.00337407 0 0.934547 60.0692 56.6597 3.40948 0 -29.3067 -29.2486 16 1733.88 115.332 88 0.000547446
1500 0.0437974 0.0414731 0.00232426 0 0.946931 64.4784 60.807 3.67138 0 -29.3564 -30.0339 16 1829.88 118.482 94 0.000441203
1600 0.0527865 0.050224 0.00256251 0 0.951455 69.8155 65.8294 3.98609 0 -29.3292 -29.0006 16 1941.88 122.054 101 0.000497267
1700 0.0570923 0.0532731 0.00381923 0 0.933104 75.4553 71.1568 4.29855 0 -29.2611 -28.4182 16 2037.88 125.034 107 0.000497879
1800 0.0646774 0.0592301 0.00544732 0 0.915777 81.8169 77.0798 4.73717 0 -29.1073 -27.2825 16 2133.88 127.946 113 0.00052416
1900 0.0866742 0.0798204 0.00685386 0 0.920924 90.4202 85.0618 5.35845 0 -29.0807 -28.8284 16 2229.88 130.792 119 0.000670759
2000 0.082321 0.0762085 0.00611255 0 0.925747 98.7118 92.6826 6.02914 0 -29.1631 -30.0608 16 2341.88 134.036 126 0.000604829
2100 0.0752639 0.0695161 0.00574784 0 0.923631 106.228 99.6343 6.59361 0 -29.2052 -29.7585 16 2437.88 136.756 132 0.000526637
2200 0.0757347 0.0711647 0.00456998 0 0.939658 113.864 106.751 7.11314 0 -29.1315 -28.1062 16 2533.88 139.423 138 0.000515686
2300 0.06439 0.0604766 0.00391347 0 0.939222 120.349 112.798 7.55097 0 -29.1376 -29.2449 16 2629.88 142.039 144 0.000419976
2400 0.0571184 0.0535757 0.00354273 0 0.937976 126.102 118.156 7.94596 0 -29.1489 -29.385 16 2741.88 145.032 151 0.000354806
2500 0.0508328 0.0482184 0.00261449 0 0.948567 131.253 122.978 8.27496 0 -29.1741 -29.7912 16 2837.88 147.549 157 0.000307123
2600 0.0716457 0.0672316 0.00441408 0 0.93839 138.353 129.701 8.65211 0 -29.2116 -29.9046 16 2933.88 150.024 163 0.000412464
2700 0.0655071 0.0617243 0.00378282 0 0.942253 144.946 135.873 9.07299 0 -29.275 -30.6047 16 3029.88 152.459 169 0.000365233
2800 0.069379 0.065594 0.00378502 0 0.945444 151.963 142.433 9.53016 0 -29.3442 -30.7737 16 3141.88 155.251 176 0.000372693
2900 0.0757742 0.0703539 0.00542025 0 0.928468 159.517 149.468 10.0487 0 -29.4163 -30.8675 16 3237.88 157.605 182 0.00038656
3000 0.0841134 0.0798825 0.00423083 0 0.949701 168.043 157.456 10.5865 0 -29.4626 -30.3296 16 3333.88 159.925 188 0.000424907
3100 0.0724358 0.0689036 0.0035322 0 0.951237 175.341 164.347 10.9939 0 -29.51 -30.6005 16 3429.88 162.211 194 0.000355173
3200 0.0633851 0.060712 0.00267316 0 0.957827 181.752 170.418 11.3345 0 -29.5676 -31.1425 16 3541.88 164.838 201 0.00030205
3300 0.0686462 0.0649907 0.00365543 0 0.94675 188.608 176.917 11.6911 0 -29.6159 -30.8962 16 3637.88 167.057 207 0.000313965
3400 0.0598361 0.0576057 0.00223033 0 0.962726 194.664 182.678 11.9868 0 -29.6707 -31.378 16 3733.88 169.247 213 0.000270449
3500 0.0577314 0.055537 0.00219439 0 0.96199 200.469 188.231 12.2373 0 -29.6946 -30.495 16 3829.88 171.409 219 0.000253593
3600 0.0517485 0.0501814 0.00156713 0 0.969716 205.676 193.249 12.4267 0 -29.7331 -31.2175 16 3941.88 173.897 226 0.000222041
3700 0.096338 0.0917333 0.0046047 0 0.952203 215.22 202.423 12.797 0 -29.6629 -28.1498 16 4037.88 176.002 232 0.000395402
3800 0.0800099 0.0763216 0.00368822 0 0.953903 223.258 210.055 13.2031 0 -29.643 -29.1088 16 4133.88 178.082 238 0.000320679
3900 0.0852044 0.0813518 0.00385259 0 0.954784 231.789 218.19 13.5986 0 -29.638 -29.5085 16 4229.88 180.138 244 0.000333409
4000 0.0988541 0.0944985 0.00435567 0 0.955938 241.691 227.64 14.0506 0 -29.5562 -27.6412 16 4341.88 182.507 251 0.000376488
4100 0.106787 0.100028 0.00675966 0 0.9367 252.21 237.643 14.5669 0 -29.534 -29.0237 16 4437.88 184.513 257 0.000389213
4200 0.0926509 0.087733 0.00491784 0 0.946921 261.518 246.416 15.1024 0 -29.5142 -28.9777 16 4533.88 186.498 263 0.000333586
4300 0.0867439 0.0821278 0.00461602 0 0.946786 270.241 254.629 15.6117 0 -29.5144 -29.5213 16 4629.88 188.463 269 0.000305308
4400 0.0853593 0.0816282 0.00373105 0 0.95629 278.897 262.792 16.1053 0 -29.5447 -30.4891 16 4741.88 190.728 276 0.000295754
4500 0.0694023 0.0670738 0.00232849 0 0.966449 285.908 269.499 16.4087 0 -29.5808 -31.018 16 4837.88 192.649 282 0.000237851
4600 0.0693271 0.0671239 0.00220321 0 0.96822 292.848 276.211 16.6363 0 -29.6212 -31.2843 16 4933.88 194.551 288 0.000233069
4700 0.0658929 0.0635704 0.00232243 0 0.964755 299.405 282.568 16.8367 0 -29.6609 -31.4356 16 5029.88 196.435 294 0.000216226
4800 0.0685467 0.0661352 0.00241158 0 0.964819 306.267 289.182 17.085 0 -29.6967 -31.2588 16 5141.88 198.61 301 0.000219718
4900 0.0913167 0.0875426 0.00377412 0 0.95867 315.395 297.936 17.4592 0 -29.6762 -28.987 16 5237.88 200.455 307 0.000285155
5000 0.0763552 0.0719914 0.00436371 0 0.94285 322.974 305.135 17.8386 0 -29.684 -30.0084 16 5333.88 202.284 313 0.000230005
5100 0.0794073 0.0752671 0.0041402 0 0.947861 330.937 312.662 18.2748 0 -29.7117 -30.8383 16 5429.88 204.096 319 0.000235947
5200 0.0793427 0.0751701 0.00417254 0 0.947411 338.868 320.179 18.6886 0 -29.7237 -30.2244 16 5541.88 206.191 326 0.000230583
5300 0.0754586 0.0714024 0.00405623 0 0.946246 346.483 327.319 19.1634 0 -29.7249 -29.7758 16 5637.88 207.969 332 0.000215067
5400 0.0695756 0.0659045 0.00367104 0 0.947237 353.453 333.91 19.5434 0 -29.7284 -29.9046 16 5733.88 209.732 338 0.000194984
5500 0.0599914 0.0576945 0.00229685 0 0.961714 359.51 339.679 19.8306 0 -29.749 -30.9501 16 5829.88 211.48 344 0.000167717
5600 0.066425 0.0632584 0.00316657 0 0.952329 366.141 346.005 20.1363 0 -29.7711 -30.9661 16 5941.88 213.502 351 0.000180223
5700 0.0769332 0.0734467 0.00348647 0 0.954682 373.857 353.35 20.5073 0 -29.7808 -30.2422 16 6037.88 215.22 357 0.000205733
5800 0.0713356 0.0676593 0.00367629 0 0.948465 380.956 360.116 20.8404 0 -29.7987 -30.7451 16 6133.88 216.924 363 0.000186389
5900 0.0664224 0.0645551 0.00186723 0 0.971889 387.689 366.571 21.1176 0 -29.8354 -31.9075 16 6229.88 218.615 369 0.000174946
6000 0.0616136 0.0601578 0.00145575 0 0.976373 393.883 372.587 21.296 0 -29.8654 -31.7425 16 6341.88 220.571 376 0.000159994
6100 0.078623 0.0738747 0.00474828 0 0.939607 401.583 379.974 21.6086 0 -29.8513 -29.1309 16 6437.88 222.235 382 0.000193389
6200 0.079373 0.0751078 0.00426519 0 0.946264 409.469 387.485 21.9838 0 -29.8505 -29.8091 16 6533.88 223.885 388 0.000193577
6300 0.0911217 0.0868119 0.00430976 0 0.952703 418.54 396.166 22.3736 0 -29.8385 -29.2972 16 6629.88 225.524 394 0.000220335
6400 0.104902 0.100981 0.00392106 0 0.962622 429.055 406.265 22.7906 0 -29.8101 -28.6815 16 6741.88 227.421 401 0.000251823
6500 0.107842 0.103928 0.00391438 0 0.963703 439.916 416.657 23.2591 0 -29.7863 -28.8453 16 6837.88 229.034 407 0.000255352
6600 0.0842577 0.0811527 0.00310498 0 0.963149 448.4 424.773 23.627 0 -29.7823 -29.5774 16 6933.88 230.637 413 0.000196496
6700 0.108605 0.105099 0.00350588 0 0.967719 459.346 435.283 24.063 0 -29.7418 -28.0791 16 7029.88 232.228 419 0.000250832
6800 0.0808155 0.0779627 0.00285281 0 0.9647 467.471 443.079 24.3921 0 -29.7359 -29.4037 16 7141.88 234.07 426 0.000183011
6900 0.077413 0.0748035 0.00260956 0 0.96629 475.225 450.559 24.6662 0 -29.7368 -29.7906 16 7237.88 235.638 432 0.000173156
7000 0.0739773 0.0709826 0.00299474 0 0.959518 482.538 457.657 24.8804 0 -29.7363 -29.7082 16 7333.88 237.196 438 0.000162061
7100 0.089567 0.0864856 0.00308144 0 0.965596 491.533 466.306 25.2266 0 -29.7169 -28.6747 16 7429.88 238.743 444 0.000194787
7200 0.096451 0.0933084 0.00314265 0 0.967417 501.212 475.637 25.575 0 -29.7143 -29.5806 16 7541.88 240.536 451 0.000206892
7300 0.104226 0.100718 0.00350817 0 0.966341 511.694 485.709 25.9855 0 -29.6995 -28.9927 16 7637.88 242.062 457 0.00022039
7400 0.0798363 0.0763552 0.00348112 0 0.956397 519.664 493.344 26.3194 0 -29.7 -29.729 16 7733.88 243.578 463 0.000164914
7500 0.0768401 0.0739038 0.00293633 0 0.961786 527.342 500.735 26.6076 0 -29.7065 -30.1487 16 7829.88 245.086 469 0.000157577
7600 0.0815374 0.0786704 0.00286696 0 0.964839 535.514 508.602 26.9125 0 -29.7201 -30.5999 16 7941.88 246.832 476 0.000165274
7700 0.101083 0.0953805 0.00570278 0 0.943583 545.423 518.14 27.2837 0 -29.6918 -28.1632 16 8037.88 248.32 482 0.000197885
7800 0.122083 0.117593 0.00449021 0 0.96322 557.712 529.899 27.8127 0 -29.6476 -27.6823 16 8133.88 249.798 488 0.000240969
7900 0.114143 0.109218 0.00492547 0 0.956848 569.186 540.821 28.3654 0 -29.6189 -28.2247 16 8229.88 251.268 494 0.000221089
8000 0.0944056 0.0901381 0.00426757 0 0.954795 578.614 549.834 28.7795 0 -29.6124 -29.2231 16 8341.88 252.972 501 0.000179916
8100 0.0874884 0.0844575 0.00303092 0 0.965356 587.397 558.28 29.1168 0 -29.6175 -29.9509 16 8437.88 254.423 507 0.000166583
8200 0.0808183 0.0779462 0.00287213 0 0.964462 595.495 566.075 29.4203 0 -29.6252 -30.1878 16 8533.88 255.866 513 0.000151942
8300 0.122312 0.118503 0.00380942 0 0.968855 607.731 577.925 29.8062 0 -29.6142 -29.0767 16 8629.88 257.302 519 0.00022833
8400 0.10029 0.096831 0.00345875 0 0.965512 617.784 587.608 30.1761 0 -29.6133 -29.5588 16 8741.88 258.966 526 0.000184089
8500 0.0929703 0.089728 0.0032423 0 0.965125 627.102 596.581 30.5212 0 -29.6174 -29.8909 16 8837.88 260.384 532 0.000168662
8600 0.0897977 0.0864464 0.00335131 0 0.962679 636.111 605.226 30.885 0 -29.628 -30.3626 16 8933.88 261.794 538 0.000160681
8700 0.0808921 0.0785753 0.00231681 0 0.971359 644.261 613.083 31.1778 0 -29.6424 -30.768 16 9029.88 263.197 544 0.00014444
8800 0.0745504 0.0725377 0.00201266 0 0.973003 651.74 620.337 31.4032 0 -29.6625 -31.3922 16 9141.88 264.824 551 0.000131647
8900 0.0737608 0.071821 0.00193979 0 0.973702 659.14 627.519 31.6207 0 -29.6769 -30.9502 16 9237.88 266.211 557 0.000128943
9000 0.0777027 0.0748757 0.00282699 0 0.963618 666.877 635.007 31.8699 0 -29.6925 -31.0173 16 9333.88 267.591 563 0.000132994
9100 0.0717212 0.0693672 0.00235405 0 0.967178 674.086 641.943 32.1431 0 -29.7074 -31.089 16 9429.88 268.963 569 0.000121911
9200 0.10344 0.0977347 0.00570545 0 0.944843 684.229 651.717 32.5117 0 -29.707 -29.6797 16 9541.88 270.556 576 0.000169678
9300 0.100543 0.0959743 0.00456862 0 0.95456 694.294 661.314 32.98 0 -29.7094 -29.8748 16 9637.88 271.914 582 0.000164904
9400 0.0920398 0.0881022 0.00393763 0 0.957218 703.488 670.124 33.3632 0 -29.7037 -29.2716 16 9733.88 273.264 588 0.000149834
9500 0.079274 0.0768808 0.00239317 0 0.969811 711.502 677.813 33.6899 0 -29.7113 -30.3786 16 9829.88 274.609 594 0.000129429
9600 0.0863511 0.0831863 0.00316484 0 0.963349 720.093 686.131 33.962 0 -29.7123 -29.7944 16 9941.88 276.169 601 0.000138413
9700 0.0995723 0.0959812 0.00359107 0 0.963935 730.069 695.729 34.3392 0 -29.7066 -29.2928 16 10037.9 277.499 607 0.000158124
9800 0.0971998 0.0939134 0.00328633 0 0.96619 739.824 705.121 34.7035 0 -29.7096 -29.938 16 10133.9 278.823 613 0.000153203
9900 0.0998623 0.095953 0.00390924 0 0.960854 749.876 714.716 35.1604 0 -29.7124 -29.9185 16 10229.9 280.14 619 0.000155013
10000 0.0913928 0.0878007 0.00359211 0 0.960696 759.063 723.496 35.5672 0 -29.7265 -30.872 16 10341.9 281.67 626 0.000140257
10100 0.118105 0.111247 0.00685866 0 0.941928 770.732 734.621 36.1112 0 -29.7256 -29.6679 16 10437.9 282.974 632 0.000176023
10200 0.10888 0.103512 0.00536807 0 0.950697 781.607 744.972 36.6348 0 -29.7247 -29.6653 16 10533.9 284.272 638 0.000162244
10300 0.110993 0.105229 0.00576448 0 0.948065 792.726 755.495 37.2312 0 -29.7301 -30.1061 16 10629.9 285.565 644 0.000163398
10400 0.0930992 0.0899644 0.00313488 0 0.966328 802.186 764.491 37.6947 0 -29.7433 -30.8528 16 10741.9 287.065 651 0.000138194
10500 0.100008 0.0963915 0.00361662 0 0.963837 812.325 774.13 38.1952 0 -29.75 -30.2808 16 10837.9 288.345 657 0.000146715
10600 0.0853396 0.0821386 0.00320091 0 0.962492 820.911 782.344 38.5665 0 -29.7569 -30.4043 16 10933.9 289.619 663 0.000123889
10700 0.0777369 0.0753541 0.00238284 0 0.969347 828.735 789.88 38.855 0 -29.7662 -30.748 16 11029.9 290.888 669 0.000112637
10800 0.0758565 0.0738955 0.00196098 0 0.974149 836.359 797.269 39.0904 0 -29.7784 -31.0974 16 11141.9 292.361 676 0.000109313
10900 0.0878808 0.0850747 0.00280608 0 0.968069 845.134 805.777 39.3571 0 -29.7936 -31.2479 16 11237.9 293.618 682 0.000124743
11000 0.0860055 0.083605 0.00240055 0 0.972088 853.769 814.137 39.6314 0 -29.8109 -31.5039 16 11333.9 294.869 688 0.000121519
11100 0.0851681 0.0818563 0.00331187 0 0.961114 862.265 822.323 39.9422 0 -29.8256 -31.3015 16 11429.9 296.115 694 0.000117949
11200 0.10711 0.102698 0.00441138 0 0.958814 873.002 832.593 40.4092 0 -29.8384 -30.8636 16 11541.9 297.563 701 0.000146503
11300 0.102427 0.0984665 0.00396039 0 0.961334 883.332 842.439 40.8932 0 -29.846 -30.4938 16 11637.9 298.798 707 0.000139274
11400 0.0812114 0.0785464 0.00266501 0 0.967184 891.516 850.294 41.2223 0 -29.8618 -31.5658 16 11733.9 300.027 713 0.000110163
11500 0.0749619 0.0730125 0.00194946 0 0.973994 899.077 857.595 41.4819 0 -29.8835 -32.4375 16 11829.9 301.252 719 0.000101547
11600 0.0862246 0.0832854 0.00293919 0 0.965912 907.667 865.924 41.7432 0 -29.9004 -31.6745 16 11941.9 302.675 726 0.000114718
11700 0.10904 0.105693 0.00334632 0 0.969311 918.63 876.493 42.1372 0 -29.909 -30.6147 16 12037.9 303.889 732 0.00014439
11800 0.100817 0.0976638 0.00315309 0 0.968725 928.7 886.259 42.4403 0 -29.9215 -31.0604 16 12133.9 305.098 738 0.000132336
11900 0.0876942 0.0845905 0.0031037 0 0.964608 937.45 894.718 42.7318 0 -29.938 -31.6905 16 12229.9 306.303 744 0.000113697
12000 0.114017 0.109834 0.00418217 0 0.96332 948.883 905.702 43.1808 0 -29.958 -31.6041 16 12341.9 307.702 751 0.000146251
12100 0.0976574 0.0934147 0.00424265 0 0.956556 958.606 915.043 43.5625 0 -29.9785 -31.9761 16 12437.9 308.897 757 0.000123401
12200 0.0999016 0.0964893 0.00341227 0 0.965844 968.621 924.692 43.9285 0 -30.0021 -32.2628 16 12533.9 310.087 763 0.00012646
12300 0.0881556 0.085598 0.00255758 0 0.970988 977.479 933.252 44.2272 0 -30.0285 -32.9137 16 12629.9 311.272 769 0.000111311
12400 0.0816449 0.079237 0.0024079 0 0.970508 985.668 941.176 44.4927 0 -30.0519 -32.847 16 12741.9 312.649 776 0.000102109
12500 0.0791203 0.0767312 0.00238918 0 0.969803 993.601 948.849 44.7522 0 -30.0757 -33.0253 16 12837.9 313.824 782 9.81217e-05
12600 0.0757699 0.0740965 0.00167338 0 0.977915 1001.23 956.258 44.9709 0 -30.0981 -33.0135 16 12933.9 314.996 788 9.40311e-05
12700 0.0712903 0.0692428 0.00204749 0 0.97128 1008.32 963.183 45.1351 0 -30.1164 -32.7106 16 13029.9 316.162 794 8.72075e-05
12800 0.0760343 0.0744036 0.00163067 0 0.978553 1015.98 970.623 45.3602 0 -30.1385 -33.049 16 13141.9 317.518 801 9.28884e-05
12900 0.0676211 0.0660205 0.00160059 0 0.97633 1022.73 977.225 45.5004 0 -30.1599 -33.3734 16 13237.9 318.676 807 8.18098e-05
13000 0.0729657 0.0707846 0.00218114 0 0.970107 1029.97 984.304 45.667 0 -30.1782 -32.7709 16 13333.9 319.829 813 8.70659e-05
13100 0.0672258 0.0663971 0.000828653 0 0.987674 1036.75 990.943 45.8101 0 -30.2006 -33.5899 16 13429.9 320.979 819 8.10709e-05
13200 0.072115 0.0709358 0.00117919 0 0.983648 1044 998.037 45.9615 0 -30.2261 -33.8762 16 13541.9 322.314 826 8.58787e-05
13300 0.0776864 0.0750242 0.00266222 0 0.965731 1051.78 1005.54 46.2378 0 -30.2396 -32.051 16 13637.9 323.455 832 9.01733e-05
13400 0.0922884 0.0868368 0.00545164 0 0.940928 1060.84 1014.22 46.6215 0 -30.2483 -31.2574 16 13733.9 324.591 838 0.000103624
13500 0.0870481 0.0827649 0.00428324 0 0.950795 1069.54 1022.5 47.045 0 -30.262 -31.9318 16 13829.9 325.724 844 9.80627e-05
13600 0.075284 0.0721914 0.00309261 0 0.958921 1077.13 1029.72 47.4134 0 -30.2799 -32.8128 16 13941.9 327.04 851 8.48312e-05
13700 0.0784118 0.0756551 0.0027567 0 0.964843 1085.02 1037.28 47.7319 0 -30.2976 -32.7111 16 14037.9 328.164 857 8.8279e-05
13800 0.0745695 0.0718867 0.00268284 0 0.964022 1092.52 1044.47 48.0446 0 -30.3114 -32.3063 16 14133.9 329.284 863 8.32986e-05
13900 0.0790801 0.0763821 0.00269805 0 0.965882 1100.48 1052.11 48.3641 0 -30.328 -32.6037 16 14229.9 330.401 869 8.78966e-05
14000 0.0731641 0.0709684 0.00219573 0 0.969989 1107.82 1059.21 48.6139 0 -30.3454 -32.9644 16 14341.9 331.698 876 8.10141e-05
14100 0.0698794 0.0671381 0.00274133 0 0.960771 1114.77 1065.92 48.8514 0 -30.3597 -32.6395 16 14437.9 332.807 882 7.61203e-05
14200 0.0725445 0.0706258 0.00191868 0 0.973552 1122.06 1072.98 49.0716 0 -30.3722 -32.2853 16 14533.9 333.911 888 7.95336e-05
14300 0.105867 0.101727 0.0041392 0 0.960902 1132.58 1083.16 49.4246 0 -30.3666 -29.7659 16 14629.9 335.012 894 0.000113789
14400 0.0954177 0.0922227 0.00319501 0 0.966516 1142.18 1092.38 49.798 0 -30.3667 -30.3719 16 14741.9 336.292 901 0.000102356
14500 0.0900371 0.086859 0.00317815 0 0.964702 1151.2 1101.07 50.134 0 -30.3778 -31.7896 16 14837.9 337.385 907 9.57651e-05
14600 0.107637 0.101974 0.00566279 0 0.94739 1161.89 1111.26 50.6245 0 -30.37 -29.5319 16 14933.9 338.475 913 0.000111691
14700 0.10981 0.104599 0.00521049 0 0.95255 1172.93 1121.72 51.2119 0 -30.3702 -30.3847 16 15029.9 339.561 919 0.000113819
14800 0.0923555 0.0879973 0.00435819 0 0.952811 1182.19 1130.52 51.6683 0 -30.3745 -30.921 16 15141.9 340.824 926 9.50295e-05
14900 0.0871411 0.0836506 0.00349054 0 0.959944 1190.98 1138.89 52.0913 0 -30.3823 -31.4321 16 15237.9 341.903 932 8.97539e-05
15000 0.111205 0.107083 0.00412149 0 0.962938 1202.11 1149.6 52.5177 0 -30.3773 -29.8475 16 15333.9 342.978 938 0.000114161
15100 0.0980243 0.0947783 0.00324598 0 0.966886 1211.96 1159.07 52.8877 0 -30.3783 -30.4947 16 15429.9 344.05 944 0.000100401
15200 0.0831677 0.081138 0.00202974 0 0.975595 1220.35 1167.19 53.1605 0 -30.3854 -31.4203 16 15541.9 345.296 951 8.53186e-05
15300 0.0799245 0.077286 0.00263852 0 0.966987 1228.35 1174.92 53.4335 0 -30.3925 -31.4763 16 15637.9 346.361 957 8.07586e-05
15400 0.0999378 0.095818 0.00411979 0 0.958776 1238.32 1184.5 53.8256 0 -30.3913 -30.2396 16 15733.9 347.423 963 9.94994e-05
15500 0.0825474 0.0800952 0.00245227 0 0.970293 1246.66 1192.51 54.1507 0 -30.3985 -31.4652 16 15829.9 348.481 969 8.26575e-05
15600 0.0803263 0.0779669 0.00235936 0 0.970628 1254.73 1200.3 54.4262 0 -30.4088 -31.9999 16 15941.9 349.711 976 7.98841e-05
15700 0.0756653 0.0739923 0.00167307 0 0.977889 1262.35 1207.7 54.6492 0 -30.4216 -32.5307 16 16037.9 350.763 982 7.53485e-05
15800 0.0746288 0.0725696 0.00205915 0 0.972408 1269.79 1214.96 54.8275 0 -30.4342 -32.5696 16 16133.9 351.811 988 7.34511e-05
15900 0.0775563 0.0753595 0.00219682 0 0.971675 1277.51 1222.5 55.0188 0 -30.4484 -32.789 16 16229.9 352.856 994 7.58144e-05
16000 0.0786526 0.0769143 0.00173832 0 0.977899 1285.45 1230.19 55.2634 0 -30.4607 -32.44 16 16341.9 354.072 1001 7.68375e-05
16100 0.0878898 0.083516 0.00437375 0 0.950236 1294.07 1238.54 55.5278 0 -30.4663 -31.3029 16 16437.9 355.11 1007 8.29355e-05
16200 0.100512 0.096014 0.00449757 0 0.955253 1304.08 1248.14 55.9431 0 -30.471 -31.0804 16 16533.9 356.146 1013 9.47818e-05
16300 0.132085 0.126828 0.00525692 0 0.9602 1317.35 1260.82 56.524 0 -30.4694 -30.3033 16 16629.9 357.178 1019 0.000124463
16400 0.109245 0.104832 0.00441274 0 0.959607 1328.37 1271.31 57.0684 0 -30.4724 -30.8307 16 16741.9 358.379 1026 0.000102175
16500 0.100899 0.0959707 0.00492824 0 0.951157 1338.41 1280.9 57.5073 0 -30.4737 -30.6522 16 16837.9 359.405 1032 9.29949e-05
16600 0.0911249 0.0877503 0.00337454 0 0.962968 1347.58 1289.68 57.9064 0 -30.4806 -31.4896 16 16933.9 360.428 1038 8.45379e-05
16700 0.0786225 0.0765026 0.00211986 0 0.973038 1355.51 1297.33 58.1811 0 -30.4912 -32.2939 16 17029.9 361.448 1044 7.32784e-05
16800 0.0774765 0.0752247 0.00225184 0 0.970935 1363.27 1304.85 58.4237 0 -30.4994 -31.9322 16 17141.9 362.635 1051 7.15744e-05
16900 0.0752212 0.0729007 0.00232053 0 0.969151 1370.8 1312.14 58.6637 0 -30.5098 -32.3847 16 17237.9 363.649 1057 6.89694e-05
17000 0.0804271 0.0780323 0.00239474 0 0.970225 1378.87 1319.94 58.9213 0 -30.5187 -32.0304 16 17333.9 364.66 1063 7.34076e-05
17100 0.107429 0.105093 0.00233607 0 0.978255 1389.66 1330.45 59.2107 0 -30.5381 -33.0175 16 17429.9 365.668 1069 9.83097e-05
17200 0.0890487 0.0856013 0.00344738 0 0.961287 1398.53 1339.01 59.5204 0 -30.5478 -32.0627 16 17541.9 366.841 1076 7.95551e-05
17300 0.0934892 0.0896382 0.00385103 0 0.958808 1407.83 1347.98 59.8551 0 -30.5587 -32.2013 16 17637.9 367.844 1082 8.28449e-05
17400 0.098738 0.0947108 0.0040272 0 0.959213 1417.66 1357.45 60.2113 0 -30.57 -32.1901 16 17733.9 368.843 1088 8.70504e-05
17500 0.099246 0.0950327 0.0042133 0 0.957547 1427.6 1366.95 60.651 0 -30.5796 -31.9512 16 17829.9 369.84 1094 8.68672e-05
17600 0.0957447 0.0916206 0.00412402 0 0.956927 1437.21 1376.11 61.0989 0 -30.5902 -32.1647 16 17941.9 371 1101 8.32158e-05
17700 0.0881057 0.0843028 0.00380294 0 0.956837 1446.01 1384.54 61.4639 0 -30.6017 -32.4826 16 18037.9 371.991 1107 7.61543e-05
17800 0.0835121 0.0801574 0.0033547 0 0.95983 1454.34 1392.56 61.7779 0 -30.6131 -32.5885 16 18133.9 372.98 1113 7.20192e-05
17900 0.0821978 0.0802559 0.0019419 0 0.976375 1462.63 1400.59 62.0434 0 -30.6261 -32.9018 16 18229.9 373.966 1119 7.17211e-05
18000 0.0977151 0.0940314 0.0036837 0 0.962302 1472.36 1409.99 62.37 0 -30.6282 -30.9515 16 18341.9 375.113 1126 8.35093e-05
18100 0.104363 0.100884 0.00347853 0 0.966669 1482.88 1420.08 62.8059 0 -30.6335 -31.3738 16 18437.9 376.093 1132 8.91206e-05
18200 0.0906816 0.0870526 0.003629 0 0.959981 1491.94 1428.78 63.1533 0 -30.6379 -31.3476 16 18533.9 377.071 1138 7.64961e-05
18300 0.104324 0.100631 0.00369336 0 0.964597 1502.42 1438.85 63.5705 0 -30.6344 -30.149 16 18629.9 378.046 1144 8.7964e-05
18400 0.114338 0.109212 0.00512611 0 0.955167 1513.83 1449.77 64.063 0 -30.6351 -30.7202 16 18741.9 379.181 1151 9.48844e-05
18500 0.0910463 0.087353 0.00369334 0 0.959435 1522.94 1458.5 64.4423 0 -30.6418 -31.7575 16 18837.9 380.151 1157 7.54995e-05
18600 0.0871641 0.0840281 0.00313593 0 0.964023 1531.64 1466.91 64.7309 0 -30.6514 -32.3245 16 18933.9 381.118 1163 7.22512e-05
18700 0.106398 0.102556 0.00384163 0 0.963894 1542.29 1477.16 65.1289 0 -30.6581 -31.6347 16 19029.9 382.083 1169 8.77297e-05
18800 0.0976128 0.0943773 0.00323549 0 0.966854 1552.08 1486.6 65.4854 0 -30.6643 -31.637 16 19141.9 383.206 1176 8.02528e-05
18900 0.0855621 0.0835224 0.00203967 0 0.976161 1560.69 1494.95 65.7403 0 -30.6763 -32.8268 16 19237.9 384.166 1182 7.0662e-05
19000 0.0910697 0.0879841 0.00308561 0 0.966118 1569.74 1503.75 65.988 0 -30.6852 -32.2255 16 19333.9 385.123 1188 7.40607e-05
19100 0.098972 0.0959934 0.00297857 0 0.969905 1579.73 1513.35 66.3782 0 -30.693 -31.9144 16 19429.9 386.078 1194 8.03965e-05
19200 0.0986733 0.0950205 0.00365278 0 0.962981 1589.57 1522.85 66.7177 0 -30.6955 -31.1097 16 19541.9 387.189 1201 7.91178e-05
19300 0.0987312 0.0952222 0.00350906 0 0.964459 1599.44 1532.37 67.0626 0 -30.6988 -31.2189 16 19637.9 388.139 1207 7.88916e-05
19400 0.117727 0.113881 0.00384606 0 0.967331 1611.23 1543.76 67.4675 0 -30.705 -31.5479 16 19733.9 389.087 1213 9.3884e-05
19500 0.108378 0.103551 0.00482715 0 0.95546 1622.01 1554.12 67.8894 0 -30.7094 -31.3738 16 19829.9 390.032 1219 8.49474e-05
19600 0.107052 0.103544 0.00350728 0 0.967237 1632.8 1564.47 68.3313 0 -30.7116 -31.0409 16 19941.9 391.132 1226 8.4457e-05
19700 0.107759 0.102843 0.00491626 0 0.954377 1643.49 1574.75 68.7344 0 -30.712 -30.7647 16 20037.9 392.072 1232 8.34761e-05
19800 0.13322 0.12757 0.00565058 0 0.957585 1656.86 1587.51 69.3472 0 -30.7174 -31.3855 16 20133.9 393.01 1238 0.000103045
19900 0.130868 0.125452 0.00541673 0 0.958609 1670.06 1600.06 70.0066 0 -30.7308 -32.4192 16 20229.9 393.946 1244 0.000100845
20000 0.129186 0.124553 0.00463214 0 0.964143 1683.08 1612.51 70.5659 0 -30.7414 -32.0912 16 20341.9 395.035 1251 9.95631e-05
