100 0.000175937 0.000175937 0 0 1 0.0183828 0.0175937 0.000789181 0 -46.1773 -46.1773 128 453.882 59.0081 1 0.000175937
200 0.00092758 0.000882161 4.54187e-05 0 0.951035 0.112982 0.10581 0.00717273 0 -34.1985 -31.8707 128 581.882 66.8124 2 0.00044108
300 0.00204747 0.00190031 0.000147165 0 0.928124 0.3135 0.29584 0.017659 0 -32.014 -30.7832 128 709.882 73.796 3 0.000633436
400 0.00205385 0.00182238 0.000231474 0 0.887298 0.509157 0.478078 0.0310789 0 -30.494 -28.0584 128 837.882 80.1736 4 0.000455595
500 0.00157195 0.00154701 2.49379e-05 0 0.984136 0.671728 0.63278 0.0389488 0 -30.5607 -30.7697 128 837.882 80.1736 4 0.000386753
600 0.00424402 0.00402021 0.000223811 0 0.947264 1.10028 1.0348 0.0654774 0 -31.1756 -32.1394 128 965.882 86.08 5 0.000804041
700 0.0052236 0.00486422 0.000359386 0 0.9312 1.62827 1.52122 0.10705 0 -30.3753 -28.7076 128 1093.88 91.6063 6 0.000810703
800 0.00336012 0.00309727 0.000262842 0 0.921776 1.96677 1.83095 0.135817 0 -30.2147 -29.4422 128 1221.88 96.8177 7 0.000442468
900 0.00308331 0.00263098 0.000452329 0 0.853297 2.24841 2.09405 0.154361 0 -29.783 -26.7681 128 1349.88 101.763 8 0.000328872
1000 0.00410359 0.00392661 0.000176974 0 0.956873 2.67029 2.48671 0.183578 0 -29.187 -26.0106 128 1349.88 101.763 8 0.000490827
1100 0.00985725 0.00918862 0.00066863 0 0.932169 3.65879 3.40557 0.253222 0 -28.0119 -24.8377 128 1477.88 106.478 9 0.00102096
1200 0.0049212 0.00466081 0.000260383 0 0.947089 4.16248 3.87165 0.290826 0 -27.7955 -26.2233 128 1605.88 110.993 10 0.000466081
1300 0.00707526 0.0062725 0.000802761 0 0.88654 4.82186 4.4989 0.322954 0 -27.3187 -24.3086 128 1733.88 115.332 11 0.000570227
1400 0.00755845 0.00716486 0.000393586 0 0.947928 5.60045 5.21539 0.385059 0 -27.1184 -25.8779 128 1733.88 115.332 11 0.000651351
1500 0.00697733 0.00674353 0.000233804 0 0.966491 6.32268 5.88974 0.432935 0 -27.371 -29.3299 128 1861.88 119.513 12 0.000561961
1600 0.00528175 0.00511034 0.000171408 0 0.967547 6.85435 6.40078 0.453579 0 -27.5157 -29.2372 128 1989.88 123.553 13 0.000393103
1700 0.00439049 0.00421331 0.000177186 0 0.959643 7.29237 6.82211 0.470268 0 -27.6421 -29.6191 128 2117.88 127.465 14 0.00030095
1800 0.00538288 0.00465898 0.000723898 0 0.865518 7.77834 7.288 0.490341 0 -27.5902 -26.8122 128 2245.88 131.26 15 0.000310599
1900 0.00525124 0.00522033 3.09124e-05 0 0.994113 8.32338 7.81004 0.513342 0 -27.7514 -30.0522 128 2245.88 131.26 15 0.000348022
2000 0.00585713 0.0057747 8.24289e-05 0 0.985927 8.91669 8.38751 0.529186 0 -27.7573 -27.8395 128 2373.88 134.949 16 0.000360919
2100 0.00562971 0.00552997 9.97447e-05 0 0.982282 9.48071 8.9405 0.540211 0 -27.8358 -29.0761 128 2501.88 138.539 17 0.000325292
2200 0.00439047 0.00429072 9.97447e-05 0 0.977282 9.91981 9.36958 0.550231 0 -27.9293 -29.9488 128 2629.88 142.039 18 0.000238373
2300 0.00343109 0.00336528 6.58085e-05 0 0.98082 10.263 9.7061 0.556901 0 -28.0216 -30.6906 128 2629.88 142.039 18 0.00018696
2400 0.0089699 0.00883226 0.000137648 0 0.984654 11.1746 10.5893 0.58531 0 -28.2219 -30.4761 128 2757.88 145.455 19 0.000464856
2500 0.00512603 0.0050098 0.000116232 0 0.977325 11.6893 11.0903 0.598987 0 -28.3613 -31.3891 128 2885.88 148.792 20 0.00025049
2600 0.00392216 0.00388291 3.92454e-05 0 0.989994 12.0876 11.4786 0.608991 0 -28.4678 -31.5939 128 3013.88 152.056 21 0.000184901
2700 0.00460898 0.00426939 0.000339597 0 0.926318 12.5221 11.9055 0.61652 0 -28.5109 -29.7087 128 3141.88 155.251 22 0.000194063
2800 0.00534228 0.00515185 0.000190422 0 0.964356 13.0571 12.4207 0.636394 0 -28.613 -31.0034 128 3141.88 155.251 22 0.000234175
2900 0.00997064 0.00954576 0.000424877 0 0.957387 14.0651 13.3753 0.689783 0 -28.504 -27.0911 128 3269.88 158.382 23 0.000415033
3000 0.00654135 0.00637842 0.000162928 0 0.975093 14.7342 14.0131 0.721104 0 -28.538 -29.2537 128 3397.88 161.452 24 0.000265768
3100 0.020243 0.018418 0.001825 0 0.909845 16.6331 15.8549 0.778182 0 -28.1931 -25.5164 128 3525.88 164.465 25 0.000736718
3200 0.0205656 0.0198588 0.000706807 0 0.965632 18.7273 17.8408 0.886495 0 -28.1159 -27.5031 128 3653.88 167.424 26 0.000763799
3300 0.0380824 0.0365984 0.00148403 0 0.961031 22.5872 21.5007 1.08652 0 -28.6497 -31.2397 128 3653.88 167.424 26 0.00140763
3400 0.026391 0.0246255 0.00176552 0 0.933102 25.2736 23.9632 1.31036 0 -28.7786 -29.8623 128 3781.88 170.331 27 0.000912055
3500 0.0164128 0.0155265 0.000886297 0 0.946 26.9244 25.5159 1.40856 0 -28.8704 -30.2754 128 3909.88 173.19 28 0.000554518
3600 0.0126764 0.0122012 0.00047522 0 0.962512 28.1939 26.736 1.45788 0 -28.9661 -30.9964 128 4037.88 176.002 29 0.000420732
3700 0.0105681 0.0101477 0.000420414 0 0.960219 29.2535 27.7507 1.50276 0 -29.051 -31.3102 128 4037.88 176.002 29 0.000349921
3800 0.00942778 0.00910209 0.000325695 0 0.965454 30.2027 28.661 1.54177 0 -29.1364 -31.7668 128 4165.88 178.77 30 0.000303403
3900 0.00879867 0.00855077 0.000247903 0 0.971825 31.0885 29.516 1.57248 0 -29.2307 -32.447 128 4293.88 181.495 31 0.000275831
4000 0.00792234 0.00776943 0.000152907 0 0.980699 31.8815 30.293 1.5885 0 -29.3135 -32.5612 128 4421.88 184.18 32 0.000242795
4100 0.00796829 0.00762745 0.000340842 0 0.957225 32.6552 31.0557 1.59946 0 -29.3767 -31.9793 128 4549.88 186.827 33 0.000231135
4200 0.0093598 0.00917996 0.000179846 0 0.980785 33.5967 31.9737 1.62299 0 -29.4724 -32.7908 128 4549.88 186.827 33 0.000278181
4300 0.00845401 0.00817312 0.000280895 0 0.966774 34.4457 32.791 1.65467 0 -29.513 -31.1224 128 4677.88 189.437 34 0.000240386
4400 0.00804629 0.00772979 0.000316495 0 0.960666 35.2478 33.564 1.68379 0 -29.5327 -30.3762 128 4805.88 192.011 35 0.000220851
4500 0.012575 0.0116941 0.000880916 0 0.929947 36.4585 34.7334 1.72508 0 -29.5073 -28.7676 128 4933.88 194.551 36 0.000324837
4600 0.013472 0.0129995 0.00047252 0 0.964926 37.8311 36.0334 1.79774 0 -29.5282 -30.0853 128 4933.88 194.551 36 0.000361096
4700 0.0144119 0.0135995 0.000812331 0 0.943635 39.2886 37.3933 1.89524 0 -29.5474 -30.0441 128 5061.88 197.059 37 0.000367555
4800 0.0103467 0.00985998 0.000486763 0 0.952955 40.3292 38.3793 1.94989 0 -29.5541 -29.8083 128 5189.88 199.535 38 0.000259473
4900 0.00865205 0.00823724 0.000414816 0 0.952056 41.202 39.203 1.99892 0 -29.58 -30.7766 128 5317.88 201.98 39 0.000211211
5000 0.00707798 0.00690489 0.000173087 0 0.975546 41.9162 39.8935 2.02269 0 -29.6215 -32.0158 128 5445.88 204.397 40 0.000172622
5100 0.00617326 0.0060223 0.000150954 0 0.975547 42.5347 40.4958 2.03898 0 -29.6622 -32.4216 128 5445.88 204.397 40 0.000150558
5200 0.00683974 0.00664594 0.000193806 0 0.971665 43.2224 41.1604 2.06201 0 -29.7131 -32.8589 128 5573.88 206.785 41 0.000162096
5300 0.00583214 0.00574934 8.28006e-05 0 0.985803 43.8085 41.7353 2.0732 0 -29.7515 -32.5858 128 5701.88 209.146 42 0.000136889
5400 0.00543932 0.00539114 4.81834e-05 0 0.991142 44.3552 42.2744 2.08085 0 -29.797 -33.4366 128 5829.88 211.48 43 0.000125375
5500 0.00494855 0.00492159 2.69584e-05 0 0.994552 44.851 42.7666 2.08444 0 -29.8441 -34.0648 128 5829.88 211.48 43 0.000114456
5600 0.0265708 0.0252101 0.00136075 0 0.948788 47.5698 45.2876 2.2822 0 -30.0679 -33.7595 128 5957.88 213.789 44 0.000572957
5700 0.0156106 0.0146113 0.000999377 0 0.935981 49.1573 46.7487 2.4086 0 -30.1188 -31.6429 128 6085.88 216.074 45 0.000324695
5800 0.0118389 0.0113067 0.000532204 0 0.955046 50.3781 47.8794 2.49876 0 -30.1836 -32.7939 128 6213.88 218.334 46 0.000245798
5900 0.0119987 0.0109757 0.00102294 0 0.914745 51.5298 48.9769 2.55288 0 -30.1887 -30.4113 128 6341.88 220.571 47 0.000233526
6000 0.0111361 0.0107797 0.000356379 0 0.967998 52.6759 50.0549 2.62096 0 -30.2045 -30.9137 128 6341.88 220.571 47 0.000229356
6100 0.0125157 0.0121344 0.00038128 0 0.969536 53.9441 51.2684 2.6757 0 -30.222 -30.9508 128 6469.88 222.786 48 0.0002528
6200 0.0100722 0.00981207 0.000260136 0 0.974173 54.9633 52.2496 2.71379 0 -30.2392 -31.1513 128 6597.88 224.979 49 0.000200246
6300 0.00896029 0.00866875 0.000291543 0 0.967463 55.8555 53.1164 2.73908 0 -30.259 -31.4776 128 6725.88 227.151 50 0.000173375
6400 0.00763353 0.00742662 0.000206913 0 0.972894 56.6219 53.8591 2.76276 0 -30.2896 -32.5198 128 6853.88 229.302 51 0.00014562
6500 0.00927678 0.00903872 0.000238065 0 0.974338 57.5567 54.763 2.7937 0 -30.337 -33.2088 128 6853.88 229.302 51 0.00017723
6600 0.00727052 0.00695482 0.000315697 0 0.956579 58.2927 55.4584 2.83428 0 -30.3662 -32.648 128 6981.88 231.434 52 0.000133747
6700 0.00627962 0.00617874 0.000100878 0 0.983936 58.9351 56.0763 2.85877 0 -30.407 -34.1053 128 7109.88 233.545 53 0.00011658
6800 0.00960897 0.00866614 0.000942825 0 0.901881 59.8247 56.9429 2.88178 0 -30.4059 -30.3322 128 7237.88 235.638 54 0.000160484
6900 0.011271 0.0107551 0.000515904 0 0.954227 60.9612 58.0184 2.94274 0 -30.428 -31.593 128 7237.88 235.638 54 0.000199168
7000 0.0111702 0.0106627 0.000507443 0 0.954572 62.0897 59.0847 3.00497 0 -30.4546 -31.8916 128 7365.88 237.713 55 0.000193868
7100 0.00801667 0.0077159 0.000300774 0 0.962482 62.9059 59.8563 3.04961 0 -30.4892 -33.1243 128 7493.88 239.769 56 0.000137784
7200 0.0114532 0.0107224 0.000730817 0 0.936191 64.0238 60.9286 3.09528 0 -30.504 -31.3379 128 7621.88 241.808 57 0.000188112
7300 0.0136788 0.0116714 0.00200746 0 0.853243 65.2437 62.0957 3.14801 0 -30.4608 -28.1895 128 7749.88 243.83 58 0.00020123
7400 0.0180649 0.0173316 0.000733389 0 0.959403 67.0849 63.8288 3.25603 0 -30.4107 -28.636 128 7749.88 243.83 58 0.00029882
7500 0.0113219 0.0109653 0.000356666 0 0.968498 68.2365 64.9254 3.31117 0 -30.4124 -30.5097 128 7877.88 245.836 59 0.000185852
7600 0.00899871 0.00881145 0.000187263 0 0.97919 69.143 65.8065 3.3365 0 -30.4307 -31.8119 128 8005.88 247.825 60 0.000146857
7700 0.00766723 0.00766723 0 0 1 69.919 66.5732 3.34579 0 -30.4647 -33.4974 128 8133.88 249.798 61 0.000125692
7800 0.00651857 0.00651857 0 0 1 70.5709 67.2251 3.34579 0 -30.498 -34.0697 128 8133.88 249.798 61 0.000106862
7900 0.0071316 0.00708325 4.83494e-05 0 0.99322 71.2869 67.9334 3.35346 0 -30.5336 -34.0359 128 8261.88 251.756 62 0.000114246
8000 0.00687693 0.00673569 0.000141241 0 0.979462 71.9754 68.607 3.36837 0 -30.5599 -33.2904 128 8389.88 253.699 63 0.000106916
8100 0.00642073 0.00630879 0.000111942 0 0.982565 72.6196 69.2379 3.38176 0 -30.5901 -33.9535 128 8517.88 255.626 64 9.85749e-05
8200 0.00785213 0.00743008 0.000422051 0 0.94625 73.3736 69.9809 3.39273 0 -30.6153 -33.0515 128 8645.88 257.54 65 0.000114309
8300 0.010722 0.0104988 0.000223254 0 0.979178 74.4575 71.0307 3.42677 0 -30.666 -34.096 128 8645.88 257.54 65 0.000161519
8400 0.0100361 0.0098128 0.000223254 0 0.977755 75.4753 72.012 3.46328 0 -30.7445 -36.4866 128 8773.88 259.439 66 0.000148679
8500 0.0217123 0.0203557 0.00135663 0 0.937518 77.6066 74.0476 3.559 0 -30.786 -32.2537 128 8901.88 261.325 67 0.000303816
8600 0.0163528 0.0153349 0.00101787 0 0.937755 79.2421 75.5811 3.66105 0 -30.8127 -32.0809 128 9029.88 263.197 68 0.000225514
8700 0.0120456 0.0114595 0.000586075 0 0.951345 80.4748 76.727 3.74775 0 -30.8433 -32.8119 128 9029.88 263.197 68 0.000168522
8800 0.0100952 0.00953322 0.000562017 0 0.944329 81.4909 77.6804 3.81058 0 -30.8699 -32.979 128 9157.88 265.056 69 0.000138163
8900 0.00913578 0.00881964 0.000316137 0 0.965396 82.4249 78.5623 3.86258 0 -30.9087 -34.2897 128 9285.88 266.902 70 0.000125995
9000 0.00819157 0.00790859 0.000282974 0 0.965455 83.2424 79.3532 3.88923 0 -30.9435 -34.4516 128 9413.88 268.735 71 0.000111389
9100 0.00798482 0.00751727 0.000467548 0 0.941445 84.023 80.1049 3.91811 0 -30.9691 -33.6977 128 9541.88 270.556 72 0.000104407
9200 0.0074174 0.00736933 4.80721e-05 0 0.993519 84.7915 80.8418 3.9497 0 -31.0088 -35.3564 128 9541.88 270.556 72 0.000102352
9300 0.00687799 0.00681029 6.76996e-05 0 0.990157 85.4836 81.5229 3.96075 0 -31.0436 -35.3085 128 9669.88 272.365 73 9.32917e-05
9400 0.0078767 0.00774047 0.000136225 0 0.982705 86.2734 82.2969 3.97645 0 -31.0809 -35.1134 128 9797.88 274.161 74 0.000104601
9500 0.00807865 0.00792387 0.000154779 0 0.980841 87.0769 83.0893 3.98759 0 -31.1067 -33.8725 128 9925.88 275.946 75 0.000105652
9600 0.00720361 0.00711922 8.43898e-05 0 0.988285 87.7999 83.8012 3.99867 0 -31.1348 -34.5264 128 10053.9 277.72 76 9.36739e-05
9700 0.0165046 0.0158933 0.000611335 0 0.96296 89.4609 85.3906 4.07032 0 -31.114 -30.0151 128 10053.9 277.72 76 0.000209122
9800 0.0180659 0.0171861 0.000879811 0 0.9513 91.2747 87.1092 4.16553 0 -31.1331 -32.0733 128 10181.9 279.482 77 0.000223196
9900 0.0126482 0.0119862 0.000661959 0 0.947664 92.545 88.3078 4.23718 0 -31.1503 -32.385 128 10309.9 281.233 78 0.000153669
10000 0.0104332 0.0100141 0.000419166 0 0.959824 93.5951 89.3092 4.28591 0 -31.1723 -33.1133 128 10437.9 282.974 79 0.00012676
10100 0.00899752 0.00871679 0.000280732 0 0.968799 94.4982 90.1809 4.31728 0 -31.1986 -33.9262 128 10437.9 282.974 79 0.000110339
10200 0.00953467 0.00933728 0.000197387 0 0.979298 95.4611 91.1146 4.34651 0 -31.2178 -33.1052 128 10565.9 284.704 80 0.000116716
10300 0.0109113 0.010575 0.000336299 0 0.969179 96.551 92.1721 4.37893 0 -31.2122 -30.7134 128 10693.9 286.423 81 0.000130555
10400 0.0094901 0.00917194 0.000318151 0 0.966475 97.4973 93.0893 4.40801 0 -31.2208 -32.098 128 10821.9 288.132 82 0.000111853
10500 0.00951157 0.0085525 0.000959076 0 0.899167 98.3774 93.9445 4.43288 0 -31.2134 -30.3985 128 10949.9 289.831 83 0.000103042
10600 0.0102462 0.00986934 0.000376861 0 0.963219 99.4213 94.9315 4.48984 0 -31.2046 -30.3784 128 10949.9 289.831 83 0.000118908
10700 0.0102745 0.00984423 0.000430243 0 0.958125 100.456 95.9159 4.53971 0 -31.2014 -30.894 128 11077.9 291.52 84 0.000117193
10800 0.00867181 0.00851654 0.000155274 0 0.982094 101.333 96.7676 4.56577 0 -31.2126 -32.4928 128 11205.9 293.199 85 0.000100195
10900 0.00903248 0.00866016 0.000372324 0 0.958779 102.215 97.6336 4.58103 0 -31.2242 -32.5571 128 11333.9 294.869 86 0.0001007
11000 0.00864516 0.00846875 0.000176412 0 0.979594 103.082 98.4804 4.60169 0 -31.2462 -33.8349 128 11333.9 294.869 86 9.84738e-05
11100 0.00873212 0.00853735 0.000194766 0 0.977695 103.96 99.3342 4.62571 0 -31.2557 -32.3776 128 11461.9 296.53 87 9.81305e-05
11200 0.00852023 0.00839833 0.000121899 0 0.985693 104.822 100.174 4.64777 0 -31.2774 -33.8853 128 11589.9 298.181 88 9.54355e-05
11300 0.0075911 0.00745753 0.000133569 0 0.982405 105.577 100.92 4.65758 0 -31.2968 -33.9932 128 11717.9 299.823 89 8.37925e-05
11400 0.00687665 0.00671161 0.000165037 0 0.976 106.259 101.591 4.66783 0 -31.3148 -34.1021 128 11845.9 301.456 90 7.45735e-05
11500 0.00616985 0.00614397 2.58842e-05 0 0.995805 106.878 102.205 4.67313 0 -31.3369 -35.1338 128 11845.9 301.456 90 6.82663e-05
11600 0.00861803 0.00842952 0.000188516 0 0.978125 107.751 103.048 4.7027 0 -31.3565 -33.7568 128 11973.9 303.08 91 9.2632e-05
11700 0.00714959 0.00710528 4.43055e-05 0 0.993803 108.475 103.759 4.71595 0 -31.3749 -34.1116 128 12101.9 304.696 92 7.72313e-05
11800 0.0106175 0.0095384 0.00107911 0 0.898365 109.458 104.713 4.74521 0 -31.3473 -28.3073 128 12229.9 306.303 93 0.000102563
11900 0.0100972 0.00941515 0.00068206 0 0.932451 110.477 105.654 4.82314 0 -31.3271 -29.1508 128 12229.9 306.303 93 0.000101238
12000 0.0114295 0.0108174 0.000612073 0 0.946448 111.635 106.736 4.89875 0 -31.3151 -30.1763 128 12357.9 307.902 94 0.000115079
12100 0.0205109 0.0197976 0.000713392 0 0.965219 113.714 108.716 4.99828 0 -31.3082 -30.9368 128 12485.9 309.492 95 0.000208395
12200 0.014398 0.013666 0.000732015 0 0.949159 115.146 110.082 5.06405 0 -31.2953 -30.2662 128 12613.9 311.075 96 0.000142354
12300 0.0116256 0.0112134 0.000412182 0 0.964545 116.305 111.204 5.1016 0 -31.2926 -31.0233 128 12741.9 312.649 97 0.000115602
12400 0.0102761 0.00996191 0.000314229 0 0.969422 117.336 112.2 5.13645 0 -31.2944 -31.5062 128 12741.9 312.649 97 0.0001027
12500 0.00922724 0.00911228 0.000114966 0 0.987541 118.277 113.111 5.16581 0 -31.3142 -33.7784 128 12869.9 314.215 98 9.29824e-05
12600 0.0208749 0.0202793 0.000595571 0 0.971469 120.358 115.139 5.21889 0 -31.3374 -32.6539 128 12997.9 315.774 99 0.000204841
12700 0.0200787 0.0193165 0.000762284 0 0.962035 122.363 117.071 5.29218 0 -31.3355 -31.2258 128 13125.9 317.325 100 0.000193165
12800 0.0169724 0.0163917 0.000580683 0 0.965787 124.07 118.71 5.36033 0 -31.3367 -31.424 128 13253.9 318.868 101 0.000162294
12900 0.0175971 0.0171909 0.000406142 0 0.97692 125.858 120.429 5.42881 0 -31.3388 -31.4833 128 13253.9 318.868 101 0.000170207
13000 0.0127039 0.0124369 0.00026704 0 0.97898 127.134 121.673 5.46131 0 -31.3558 -33.0287 128 13381.9 320.405 102 0.00012193
13100 0.0130429 0.0128086 0.000234271 0 0.982038 128.442 122.953 5.48861 0 -31.3609 -31.8536 128 13509.9 321.933 103 0.000124355
13200 0.0113883 0.0111924 0.000195897 0 0.982798 129.582 124.073 5.50964 0 -31.3735 -32.798 128 13637.9 323.455 104 0.000107619
13300 0.00986179 0.00983901 2.27867e-05 0 0.997689 130.575 125.057 5.51858 0 -31.3946 -34.1445 128 13637.9 323.455 104 9.46058e-05
13400 0.0122546 0.0121742 8.03816e-05 0 0.993441 131.819 126.274 5.54529 0 -31.4285 -34.984 128 13765.9 324.969 105 0.000115945
13500 0.00981321 0.00977119 4.20242e-05 0 0.995718 132.803 127.251 5.5518 0 -31.4541 -34.8867 128 13893.9 326.476 106 9.2181e-05
13600 0.00959643 0.00940997 0.000186464 0 0.980569 133.753 128.192 5.56119 0 -31.4747 -34.3579 128 14021.9 327.977 107 8.79436e-05
13700 0.00885404 0.00870019 0.000153849 0 0.982624 134.636 129.062 5.57404 0 -31.4971 -34.8945 128 14149.9 329.47 108 8.05573e-05
13800 0.00785251 0.00784069 1.18192e-05 0 0.998495 135.427 129.846 5.58078 0 -31.5236 -36.024 128 14149.9 329.47 108 7.2599e-05
13900 0.0103946 0.0101156 0.000279083 0 0.973151 136.465 130.858 5.60729 0 -31.528 -32.113 128 14277.9 330.957 109 9.28033e-05
14000 0.0155284 0.0146467 0.000881728 0 0.943218 137.993 132.322 5.67086 0 -31.489 -27.9984 128 14405.9 332.437 110 0.000133152
14100 0.0131314 0.0124028 0.00072857 0 0.944517 139.304 133.563 5.74136 0 -31.4677 -29.2277 128 14533.9 333.911 111 0.000111737
14200 0.0106257 0.0102022 0.000423551 0 0.960139 140.374 134.583 5.79102 0 -31.4647 -31.0823 128 14533.9 333.911 111 9.19116e-05
14300 0.0096132 0.00936764 0.000245559 0 0.974456 141.351 135.52 5.83159 0 -31.474 -32.8039 128 14661.9 335.378 112 8.36396e-05
14400 0.0100274 0.00980469 0.000222678 0 0.977793 142.361 136.5 5.86048 0 -31.4821 -32.6219 128 14789.9 336.839 113 8.67672e-05
14500 0.00900858 0.0088309 0.000177683 0 0.980276 143.26 137.383 5.87721 0 -31.4936 -33.3051 128 14917.9 338.293 114 7.7464e-05
14600 0.00809321 0.00795738 0.000135835 0 0.983216 144.066 138.179 5.88742 0 -31.5079 -34.0614 128 15045.9 339.742 115 6.91946e-05
14700 0.00728778 0.00727502 1.27593e-05 0 0.998249 144.799 138.906 5.89266 0 -31.5264 -35.1553 128 15045.9 339.742 115 6.32611e-05
14800 0.00866747 0.00857709 9.03746e-05 0 0.989573 145.672 139.764 5.90766 0 -31.5433 -34.3507 128 15173.9 341.184 116 7.39404e-05
14900 0.0073999 0.00730509 9.48183e-05 0 0.987187 146.412 140.495 5.91698 0 -31.5566 -34.1789 128 15301.9 342.62 117 6.24366e-05
15000 0.0107027 0.010152 0.000550772 0 0.948539 147.449 141.51 5.93909 0 -31.5583 -31.7879 128 15429.9 344.05 118 8.60335e-05
15100 0.00936962 0.00915252 0.000217102 0 0.976829 148.401 142.425 5.97541 0 -31.5702 -33.4243 128 15429.9 344.05 118 7.75637e-05
15200 0.00859127 0.00845753 0.000133741 0 0.984433 149.275 143.271 6.00431 0 -31.5875 -34.513 128 15557.9 345.474 119 7.10716e-05
15300 0.00769521 0.00753917 0.00015604 0 0.979722 150.045 144.025 6.02069 0 -31.6003 -34.0761 128 15685.9 346.892 120 6.28264e-05
15400 0.00699362 0.00692074 7.28774e-05 0 0.989579 150.751 144.717 6.03366 0 -31.6144 -34.6233 128 15813.9 348.305 121 5.71962e-05
15500 0.00664947 0.00648265 0.000166827 0 0.974911 151.404 145.365 6.03875 0 -31.6272 -34.5855 128 15941.9 349.711 122 5.31365e-05
15600 0.00624853 0.00624231 6.22367e-06 0 0.999004 152.034 145.989 6.04504 0 -31.6441 -35.7042 128 15941.9 349.711 122 5.11665e-05
15700 0.00656606 0.00653992 2.61351e-05 0 0.99602 152.696 146.643 6.05269 0 -31.6613 -35.6101 128 16069.9 351.113 123 5.31701e-05
15800 0.00595901 0.00590251 5.6497e-05 0 0.990519 153.293 147.234 6.05954 0 -31.6773 -35.7786 128 16197.9 352.508 124 4.76009e-05
15900 0.00545891 0.00540487 5.40332e-05 0 0.990102 153.84 147.774 6.06623 0 -31.6929 -36.0532 128 16325.9 353.898 125 4.3239e-05
16000 0.00490307 0.00490307 0 0 1 154.333 148.264 6.06851 0 -31.7097 -36.9657 128 16453.9 355.283 126 3.89133e-05
16100 0.00529507 0.00526425 3.08199e-05 0 0.99418 154.865 148.791 6.0743 0 -31.723 -35.557 128 16453.9 355.283 126 4.17798e-05
16200 0.00673443 0.00660425 0.000130175 0 0.98067 155.542 149.451 6.09086 0 -31.7311 -33.5953 128 16581.9 356.662 127 5.2002e-05
16300 0.00558069 0.00547883 0.000101865 0 0.981747 156.105 149.999 6.1054 0 -31.7441 -35.3487 128 16709.9 358.036 128 4.28034e-05
16400 0.0074625 0.00667834 0.000784163 0 0.89492 156.79 150.667 6.1234 0 -31.739 -30.5629 128 16837.9 359.405 129 5.17701e-05
16500 0.00817797 0.00779887 0.000379092 0 0.953645 157.613 151.447 6.16633 0 -31.7364 -31.2542 128 16837.9 359.405 129 6.04564e-05
16600 0.00667193 0.00640695 0.000264984 0 0.960284 158.285 152.088 6.19705 0 -31.7389 -32.3119 128 16965.9 360.768 130 4.92842e-05
16700 0.00548489 0.00533053 0.000154365 0 0.971856 158.843 152.621 6.22225 0 -31.7467 -33.953 128 17093.9 362.127 131 4.06911e-05
16800 0.0258673 0.0245606 0.00130667 0 0.949486 161.364 155.077 6.28721 0 -31.7105 -29.4329 128 17221.9 363.48 132 0.000186065
16900 0.024948 0.0214805 0.00346747 0 0.861012 163.626 157.225 6.40116 0 -31.6547 -27.6697 128 17349.9 364.828 133 0.000161508
17000 0.0190114 0.0179482 0.00106322 0 0.944075 165.56 159.02 6.54014 0 -31.6276 -29.3389 128 17349.9 364.828 133 0.000134949
17100 0.0126876 0.0120999 0.000587706 0 0.953679 166.854 160.23 6.62465 0 -31.6224 -30.9514 128 17477.9 366.171 134 9.02979e-05
17200 0.0124034 0.0116943 0.000709054 0 0.942834 168.106 161.399 6.70676 0 -31.6069 -29.5443 128 17605.9 367.51 135 8.66246e-05
17300 0.00981158 0.00954866 0.000262924 0 0.973203 169.099 162.354 6.74513 0 -31.6081 -31.8104 128 17733.9 368.843 136 7.02107e-05
17400 0.00827813 0.00809617 0.000181959 0 0.978019 169.932 163.163 6.7681 0 -31.6153 -33.0707 128 17733.9 368.843 136 5.95307e-05
17500 0.00747996 0.00741534 6.46242e-05 0 0.99136 170.696 163.905 6.79092 0 -31.6268 -34.1895 128 17861.9 370.172 137 5.41265e-05
17600 0.00861055 0.00837316 0.000237387 0 0.972431 171.563 164.742 6.82038 0 -31.6323 -32.7136 128 17989.9 371.496 138 6.06751e-05
17700 0.00905759 0.00884111 0.000216482 0 0.976099 172.471 165.626 6.84457 0 -31.6347 -32.0963 128 18117.9 372.815 139 6.36051e-05
17800 0.00951593 0.00858705 0.000928881 0 0.902387 173.357 166.485 6.87186 0 -31.6283 -30.3713 128 18245.9 374.13 140 6.13361e-05
17900 0.00844955 0.00818481 0.000264747 0 0.968667 174.215 167.304 6.91179 0 -31.6327 -32.5251 128 18245.9 374.13 140 5.84629e-05
18000 0.00726962 0.00711113 0.000158486 0 0.978199 174.954 168.015 6.93942 0 -31.64 -33.3685 128 18373.9 375.44 141 5.04336e-05
18100 0.00681484 0.00659615 0.000218688 0 0.96791 175.635 168.674 6.96043 0 -31.6446 -32.8147 128 18501.9 376.745 142 4.64518e-05
18200 0.00783884 0.00735164 0.000487194 0 0.937849 176.389 169.409 6.98002 0 -31.644 -31.5061 128 18629.9 378.046 143 5.14101e-05
18300 0.00770472 0.00740203 0.000302684 0 0.960714 177.17 170.15 7.02047 0 -31.6467 -32.2683 128 18629.9 378.046 143 5.17625e-05
18400 0.0213786 0.0200039 0.00137475 0 0.935695 179.327 172.15 7.17647 0 -31.5909 -27.0085 128 18757.9 379.343 144 0.000138916
18500 0.0114434 0.0110097 0.000433707 0 0.9621 180.511 173.251 7.25968 0 -31.581 -30.0803 128 18885.9 380.635 145 7.59287e-05
18600 0.00892048 0.00880233 0.000118154 0 0.986755 181.413 174.131 7.28223 0 -31.584 -32.1774 128 19013.9 381.923 146 6.02899e-05
18700 0.00950236 0.00898682 0.000515544 0 0.945746 182.329 175.03 7.29881 0 -31.5843 -31.6349 128 19141.9 383.206 147 6.11348e-05
18800 0.0101794 0.00990173 0.000277691 0 0.97272 183.352 176.02 7.33174 0 -31.5916 -32.9043 128 19141.9 383.206 147 6.73587e-05
18900 0.0116821 0.0114003 0.000281785 0 0.975879 184.536 177.16 7.3763 0 -31.5987 -32.6958 128 19269.9 384.485 148 7.70289e-05
19000 0.00941852 0.00899328 0.000425238 0 0.954851 185.481 178.059 7.42183 0 -31.6069 -33.2097 128 19397.9 385.76 149 6.03576e-05
19100 0.008732 0.00847303 0.000258978 0 0.970342 186.359 178.907 7.45175 0 -31.6139 -33.096 128 19525.9 387.031 150 5.64868e-05
19200 0.0078084 0.00766259 0.000145816 0 0.981326 187.143 179.673 7.46948 0 -31.6228 -33.7312 128 19653.9 388.297 151 5.07456e-05
19300 0.00852768 0.00845298 7.46949e-05 0 0.991241 188.012 180.518 7.49383 0 -31.6387 -35.0656 128 19653.9 388.297 151 5.598e-05
19400 0.00696084 0.00681669 0.000144149 0 0.979292 188.71 181.2 7.50988 0 -31.6495 -34.5599 128 19781.9 389.56 152 4.48467e-05
19500 0.00641265 0.00632119 9.14577e-05 0 0.985738 189.355 181.832 7.52301 0 -31.6615 -35.1583 128 19909.9 390.818 153 4.1315e-05
19600 0.006962 0.00676693 0.000195073 0 0.97198 190.043 182.509 7.53387 0 -31.6671 -33.2095 128 20037.9 392.072 154 4.39411e-05
19700 0.00638697 0.00637174 1.52247e-05 0 0.997616 190.684 183.146 7.53837 0 -31.6773 -34.7076 128 20037.9 392.072 154 4.1375e-05
19800 0.0060218 0.00599256 2.9233e-05 0 0.995145 191.289 183.745 7.54366 0 -31.689 -35.361 128 20165.9 393.322 155 3.86617e-05
19900 0.00518831 0.00516691 2.1406e-05 0 0.995874 191.809 184.262 7.5474 0 -31.7014 -36.2907 128 20293.9 394.569 156 3.31212e-05
20000 0.00516214 0.00509521 6.69265e-05 0 0.987035 192.324 184.771 7.55213 0 -31.7137 -36.2963 128 20421.9 395.811 157 3.24536e-05
