100 0.0214043 0.019151 0.00225328 0 0.894727 2.08465 1.9151 0.169552 0 -25.0278 -25.0278 8 429.882 57.4268 13 0.00147315
200 0.0287747 0.0267622 0.0020125 0 0.93006 4.98112 4.59132 0.389798 0 -25.9399 -26.5963 8 533.882 63.9974 26 0.00102932
300 0.033674 0.0311971 0.00247697 0 0.926443 8.34438 7.71103 0.633351 0 -26.2986 -26.8299 8 629.882 69.5136 38 0.000820976
400 0.0432339 0.0403049 0.00292898 0 0.932253 12.6987 11.7415 0.957204 0 -27.2267 -29.0053 8 733.882 75.0331 51 0.000790293
500 0.0523338 0.0481337 0.00420012 0 0.919744 17.8502 16.5549 1.29534 0 -27.8041 -29.2274 8 829.882 79.7899 63 0.000764026
600 0.0919916 0.0862647 0.0057269 0 0.937745 27.1031 25.1814 1.92175 0 -27.397 -26.6117 8 933.882 84.642 76 0.00113506
700 0.0757268 0.0698771 0.00584973 0 0.922752 34.6364 32.1691 2.46733 0 -27.1873 -26.433 8 1029.88 88.8861 88 0.000794058
800 0.088723 0.0838231 0.00489985 0 0.944774 43.6429 40.5514 3.09151 0 -27.1463 -26.9885 8 1133.88 93.2661 101 0.000829932
900 0.0897726 0.08467 0.00510265 0 0.94316 52.6617 49.0184 3.64334 0 -27.1318 -27.0617 8 1229.88 97.1341 113 0.000749292
1000 0.103429 0.0978013 0.00562795 0 0.945586 63.0195 58.7985 4.22103 0 -27.3078 -28.2023 8 1333.88 101.158 126 0.000776201
1100 0.0978593 0.0928522 0.00500713 0 0.948833 72.8153 68.0837 4.73162 0 -27.4753 -28.5533 8 1429.88 104.735 138 0.000672842
1200 0.132465 0.123769 0.00869657 0 0.934348 85.8707 80.4606 5.41008 0 -27.4053 -27.0144 8 1533.88 108.477 151 0.00081966
1300 0.145922 0.137155 0.00876749 0 0.939917 100.4 94.1761 6.22414 0 -27.5338 -28.2935 8 1629.88 111.82 163 0.00084144
1400 0.126708 0.119639 0.00706902 0 0.94421 113.109 106.14 6.96921 0 -27.5596 -27.7637 8 1733.88 115.332 176 0.000679764
1500 0.127899 0.121072 0.00682739 0 0.946619 125.902 118.247 7.65474 0 -27.6983 -28.9239 8 1829.88 118.482 188 0.000644001
1600 0.102664 0.0974005 0.00526351 0 0.948731 136.202 127.987 8.21507 0 -27.8019 -29.0694 8 1933.88 121.802 201 0.00048458
1700 0.10133 0.0926957 0.00863456 0 0.914788 145.988 137.257 8.73081 0 -27.8565 -28.6151 8 2029.88 124.789 213 0.000435191
1800 0.132807 0.124733 0.00807434 0 0.939202 159.242 149.73 9.51162 0 -28.0268 -29.9027 8 2133.88 127.946 226 0.000551915
1900 0.126251 0.118229 0.00802123 0 0.936466 171.914 161.553 10.3613 0 -28.1186 -29.2729 8 2229.88 130.792 238 0.000496762
2000 0.130384 0.122558 0.00782512 0 0.939984 184.957 173.809 11.1486 0 -28.2417 -29.8633 8 2333.88 133.807 251 0.000488281
2100 0.137009 0.129499 0.00750994 0 0.945186 198.645 186.759 11.8866 0 -28.4061 -30.6274 8 2429.88 136.531 263 0.000492391
2200 0.151093 0.143418 0.00767431 0 0.949208 213.758 201.1 12.6579 0 -28.5336 -30.2098 8 2533.88 139.423 276 0.000519631
2300 0.124648 0.119046 0.00560168 0 0.95506 226.363 213.005 13.3584 0 -28.66 -30.8038 8 2629.88 142.039 288 0.000413355
2400 0.122784 0.115662 0.0071221 0 0.941995 238.543 224.571 13.9714 0 -28.7328 -30.086 8 2733.88 144.82 301 0.000384258
2500 0.117986 0.112548 0.00543782 0 0.953911 250.416 235.826 14.5902 0 -28.8196 -30.5626 8 2829.88 147.341 313 0.000359579
2600 0.124265 0.118698 0.00556735 0 0.955198 262.862 247.696 15.1663 0 -28.8731 -29.9496 8 2933.88 150.024 326 0.000364104
2700 0.153184 0.144454 0.00873039 0 0.943007 277.997 262.141 15.8562 0 -28.8741 -28.8911 8 3029.88 152.459 338 0.000427377
2800 0.142701 0.136378 0.0063227 0 0.955693 292.38 275.779 16.6005 0 -28.9328 -30.0683 8 3133.88 155.053 351 0.000388542
2900 0.161461 0.151863 0.00959887 0 0.94055 308.461 290.965 17.4961 0 -28.937 -29.0132 8 3229.88 157.41 363 0.000418354
3000 0.145807 0.138922 0.0068855 0 0.952777 323.235 304.858 18.3778 0 -28.9623 -29.49 8 3333.88 159.925 376 0.000369473
3100 0.137539 0.129239 0.00829985 0 0.939655 336.852 317.781 19.071 0 -29.0009 -29.9176 8 3429.88 162.211 388 0.00033309
3200 0.186409 0.177816 0.00859248 0 0.953905 355.624 335.563 20.0612 0 -28.9911 -28.8163 8 3533.88 164.652 401 0.000443432
3300 0.15322 0.145189 0.00803119 0 0.947584 370.945 350.082 20.8627 0 -29.0026 -29.2683 8 3629.88 166.873 413 0.000351546
3400 0.152241 0.145176 0.00706551 0 0.95359 386.132 364.599 21.5321 0 -29.0352 -29.8308 8 3733.88 169.247 426 0.000340788
3500 0.149373 0.14399 0.00538327 0 0.963961 401.155 378.998 22.1563 0 -29.0999 -30.7637 8 3829.88 171.409 438 0.000328744
3600 0.158161 0.151942 0.00621886 0 0.96068 417.042 394.193 22.8497 0 -29.1696 -30.9296 8 3933.88 173.72 451 0.000336901
3700 0.145007 0.13878 0.00622707 0 0.957057 431.601 408.071 23.5302 0 -29.2398 -31.2521 8 4029.88 175.827 463 0.00029974
3800 0.152851 0.146187 0.00666417 0 0.956401 446.85 422.689 24.1605 0 -29.2735 -30.2254 8 4133.88 178.082 476 0.000307115
3900 0.158118 0.150891 0.00722772 0 0.954289 462.654 437.778 24.8761 0 -29.3137 -30.4509 8 4229.88 180.138 488 0.000309202
4000 0.164841 0.157269 0.00757226 0 0.954063 479.103 453.505 25.5979 0 -29.358 -30.6028 8 4333.88 182.339 501 0.00031391
4100 0.15611 0.1495 0.00660918 0 0.957663 494.816 468.455 26.3607 0 -29.4003 -30.6903 8 4429.88 184.347 513 0.000291424
4200 0.155379 0.148534 0.00684439 0 0.95595 510.366 483.309 27.0576 0 -29.4385 -30.6552 8 4533.88 186.498 526 0.000282385
4300 0.147747 0.142323 0.00542439 0 0.963286 525.197 497.541 27.6555 0 -29.499 -31.5799 8 4629.88 188.463 538 0.000264541
4400 0.148946 0.14214 0.00680596 0 0.954306 540.019 511.755 28.2637 0 -29.5512 -31.4002 8 4733.88 190.567 551 0.000257968
4500 0.165636 0.159449 0.00618633 0 0.962651 556.637 527.7 28.9369 0 -29.5839 -30.6475 8 4829.88 192.49 563 0.000283214
4600 0.171365 0.164981 0.00638423 0 0.962745 573.807 544.198 29.6093 0 -29.6075 -30.3739 8 4933.88 194.551 576 0.000286425
4700 0.22701 0.215487 0.0115233 0 0.949239 596.275 565.747 30.5282 0 -29.6064 -29.5789 8 5029.88 196.435 588 0.000366475
4800 0.202936 0.193949 0.0089875 0 0.955713 616.666 585.142 31.5241 0 -29.6316 -30.3684 8 5133.88 198.455 601 0.00032271
4900 0.164873 0.157296 0.00757629 0 0.954048 633.173 600.871 32.3018 0 -29.6611 -30.7634 8 5229.88 200.302 613 0.000256601
5000 0.168004 0.161722 0.00628106 0 0.962614 650.095 617.043 33.0514 0 -29.7163 -31.7793 8 5333.88 202.284 626 0.000258343
5100 0.14407 0.137112 0.006958 0 0.951704 664.402 630.755 33.6472 0 -29.7563 -31.5723 8 5429.88 204.096 638 0.000214908
5200 0.141609 0.137461 0.00414811 0 0.970707 678.72 644.501 34.2197 0 -29.8054 -32.0846 8 5533.88 206.042 651 0.000211153
5300 0.136264 0.131285 0.0049793 0 0.963458 692.305 657.629 34.6759 0 -29.835 -31.3166 8 5629.88 207.821 663 0.000198016
5400 0.155254 0.149574 0.00568044 0 0.963412 707.816 672.587 35.2292 0 -29.8466 -30.363 8 5733.88 209.732 676 0.000221263
5500 0.144252 0.139019 0.0052334 0 0.96372 722.261 686.488 35.7724 0 -29.8677 -30.9031 8 5829.88 211.48 688 0.000202062
5600 0.15409 0.147974 0.00611642 0 0.960306 737.687 701.286 36.4008 0 -29.8844 -30.6642 8 5933.88 213.358 701 0.00021109
5700 0.139246 0.133094 0.00615143 0 0.955823 751.549 714.595 36.9537 0 -29.8983 -30.6388 8 6029.88 215.077 713 0.000186668
5800 0.160955 0.153685 0.00727002 0 0.954832 767.609 729.964 37.6449 0 -29.905 -30.2174 8 6133.88 216.924 726 0.000211687
5900 0.195401 0.185711 0.0096901 0 0.950409 787.075 748.535 38.5401 0 -29.9169 -30.3853 8 6229.88 218.615 738 0.000251641
6000 0.174671 0.166347 0.00832406 0 0.952344 804.621 765.169 39.4511 0 -29.9421 -31.0749 8 6333.88 220.432 751 0.0002215
6100 0.172066 0.163205 0.00886157 0 0.948499 821.804 781.49 40.3142 0 -29.9495 -30.2973 8 6429.88 222.096 763 0.000213899
6200 0.179419 0.170184 0.00923539 0 0.948526 839.691 798.508 41.1823 0 -29.9629 -30.5773 8 6533.88 223.885 776 0.000219309
6300 0.160069 0.152429 0.00764021 0 0.952269 855.655 813.751 41.9042 0 -29.9843 -31.108 8 6629.88 225.524 788 0.000193438
6400 0.162161 0.155463 0.00669797 0 0.958696 871.888 829.298 42.59 0 -30.012 -31.4738 8 6733.88 227.286 801 0.000194087
6500 0.1733 0.166689 0.00661017 0 0.961857 889.246 845.967 43.2795 0 -30.0261 -30.7354 8 6829.88 228.9 813 0.00020503
6600 0.148658 0.143318 0.00534013 0 0.964078 904.146 860.298 43.848 0 -30.0502 -31.4883 8 6933.88 230.637 826 0.000173508
6700 0.164126 0.156936 0.0071903 0 0.956191 920.558 875.992 44.5662 0 -30.0662 -30.9495 8 7029.88 232.228 838 0.000187275
6800 0.156186 0.148638 0.00754806 0 0.951673 936.192 890.856 45.3359 0 -30.0707 -30.3313 8 7133.88 233.939 851 0.000174663
6900 0.182102 0.172531 0.0095713 0 0.94744 954.319 908.109 46.2101 0 -30.0614 -29.5826 8 7229.88 235.508 863 0.00019992
7000 0.172252 0.163957 0.00829514 0 0.951843 971.624 924.505 47.1191 0 -30.0618 -30.0843 8 7333.88 237.196 876 0.000187166
7100 0.166767 0.15684 0.00992665 0 0.940476 988.132 940.189 47.9438 0 -30.0552 -29.6649 8 7429.88 238.743 888 0.000176622
7200 0.169539 0.161722 0.0078177 0 0.953889 1005.2 956.361 48.8399 0 -30.0496 -29.7248 8 7533.88 240.408 901 0.000179491
7300 0.152099 0.145582 0.00651678 0 0.957154 1020.48 970.919 49.5619 0 -30.0506 -30.1188 8 7629.88 241.935 913 0.000159455
7400 0.163659 0.155113 0.00854585 0 0.947782 1036.72 986.43 50.2901 0 -30.0498 -29.9994 8 7733.88 243.578 926 0.000167508
7500 0.161741 0.155072 0.00666899 0 0.958767 1052.92 1001.94 50.9823 0 -30.0629 -30.8993 8 7829.88 245.086 938 0.000165321
7600 0.162296 0.154219 0.00807715 0 0.950232 1069.04 1017.36 51.6799 0 -30.0718 -30.6577 8 7933.88 246.708 951 0.000162165
7700 0.177039 0.168171 0.00886825 0 0.949908 1086.78 1034.18 52.6024 0 -30.0739 -30.2007 8 8029.88 248.196 963 0.000174632
7800 0.164693 0.157568 0.00712564 0 0.956734 1103.39 1049.93 53.4612 0 -30.0813 -30.5646 8 8133.88 249.798 976 0.000161442
7900 0.147056 0.140825 0.00623044 0 0.957632 1118.16 1064.02 54.1442 0 -30.0927 -30.9452 8 8229.88 251.268 988 0.000142536
8000 0.197589 0.189432 0.00815682 0 0.958718 1137.81 1082.96 54.8525 0 -30.0822 -29.4826 8 8333.88 252.85 1001 0.000189243
8100 0.174952 0.167508 0.00744374 0 0.957453 1155.32 1099.71 55.6065 0 -30.0804 -29.9659 8 8429.88 254.303 1013 0.000165359
8200 0.167802 0.162033 0.00576969 0 0.965616 1172.26 1115.91 56.3428 0 -30.097 -31.2237 8 8533.88 255.866 1026 0.000157926
8300 0.160419 0.155121 0.00529759 0 0.966976 1188.4 1131.42 56.9786 0 -30.1105 -31.0918 8 8629.88 257.302 1038 0.000149442
8400 0.15977 0.153934 0.00583653 0 0.963469 1204.35 1146.82 57.5347 0 -30.1198 -30.8152 8 8733.88 258.847 1051 0.000146464
8500 0.158886 0.152919 0.00596733 0 0.962443 1220.21 1162.11 58.0981 0 -30.1308 -30.962 8 8829.88 260.266 1063 0.000143856
8600 0.159 0.152752 0.00624752 0 0.960707 1236.15 1177.39 58.7602 0 -30.1416 -30.9744 8 8933.88 261.794 1076 0.000141963
8700 0.161582 0.154856 0.0067252 0 0.958379 1252.24 1192.87 59.3718 0 -30.1474 -30.5888 8 9029.88 263.197 1088 0.000142331
8800 0.168396 0.16077 0.00762593 0 0.954714 1269.07 1208.95 60.1187 0 -30.1448 -29.9557 8 9133.88 264.708 1101 0.000146022
8900 0.16038 0.152822 0.00755805 0 0.952874 1285.11 1224.23 60.8845 0 -30.1511 -30.6489 8 9229.88 266.096 1113 0.000137306
9000 0.166195 0.159025 0.00716983 0 0.956859 1301.75 1240.13 61.6166 0 -30.1516 -30.1881 8 9333.88 267.591 1126 0.00014123
9100 0.1708 0.164062 0.00673801 0 0.96055 1318.93 1256.54 62.3952 0 -30.1545 -30.3771 8 9429.88 268.963 1138 0.000144167
9200 0.158409 0.151755 0.00665427 0 0.957993 1334.81 1271.71 63.0915 0 -30.1587 -30.5002 8 9533.88 270.443 1151 0.000131846
9300 0.162029 0.155532 0.0064973 0 0.9599 1351.02 1287.27 63.7508 0 -30.1669 -30.8461 8 9629.88 271.801 1163 0.000133733
9400 0.174489 0.167974 0.00651555 0 0.962659 1368.49 1304.06 64.4236 0 -30.17 -30.413 8 9733.88 273.264 1176 0.000142835
9500 0.164739 0.157254 0.00748469 0 0.954566 1384.86 1319.79 65.0724 0 -30.1741 -30.5129 8 9829.88 274.609 1188 0.000132369
9600 0.185655 0.178721 0.00693467 0 0.962648 1403.5 1337.66 65.838 0 -30.1967 -31.8774 8 9933.88 276.058 1201 0.00014881
9700 0.151073 0.146384 0.0046884 0 0.968966 1418.64 1352.3 66.3424 0 -30.2155 -31.956 8 10029.9 277.388 1213 0.000120679
9800 0.141338 0.136877 0.00446116 0 0.968436 1432.8 1365.99 66.8116 0 -30.2313 -31.8169 8 10133.9 278.823 1226 0.000111645
9900 0.156712 0.149067 0.00764427 0 0.951221 1448.22 1380.9 67.3285 0 -30.2358 -30.6554 8 10229.9 280.14 1238 0.00012041
10000 0.19671 0.188617 0.0080934 0 0.958856 1467.92 1399.76 68.1673 0 -30.2388 -30.4555 8 10333.9 281.561 1251 0.000150773
10100 0.18476 0.17628 0.00848043 0 0.9541 1486.46 1417.38 69.0738 0 -30.2488 -31.0401 8 10429.9 282.865 1263 0.000139572
10200 0.190217 0.181586 0.00863014 0 0.95463 1505.54 1435.54 69.9925 0 -30.2557 -30.7987 8 10533.9 284.272 1276 0.000142309
10300 0.19061 0.182703 0.00790685 0 0.958518 1524.68 1453.81 70.8655 0 -30.2666 -31.1241 8 10629.9 285.565 1288 0.00014185
10400 0.18644 0.176958 0.00948195 0 0.949142 1543.19 1471.51 71.6814 0 -30.2741 -30.8871 8 10733.9 286.958 1301 0.000136017
10500 0.19148 0.182969 0.00851056 0 0.955554 1562.4 1489.81 72.598 0 -30.2948 -31.955 8 10829.9 288.238 1313 0.000139352
10600 0.197202 0.19 0.00720267 0 0.963476 1582.26 1508.81 73.4514 0 -30.3099 -31.5009 8 10933.9 289.619 1326 0.000143288
10700 0.205385 0.197136 0.00824894 0 0.959837 1602.81 1528.52 74.2886 0 -30.3211 -31.1827 8 11029.9 290.888 1338 0.000147337
10800 0.178604 0.172009 0.00659579 0 0.96307 1620.76 1545.72 75.0437 0 -30.3345 -31.5299 8 11133.9 292.256 1351 0.00012732
10900 0.162825 0.158972 0.00385241 0 0.97634 1637.22 1561.62 75.6056 0 -30.3497 -31.8475 8 11229.9 293.513 1363 0.000116634
11000 0.164739 0.159664 0.00507495 0 0.969194 1653.68 1577.58 76.091 0 -30.3572 -31.1093 8 11333.9 294.869 1376 0.000116035
11100 0.155049 0.15076 0.00428933 0 0.972336 1669.22 1592.66 76.5614 0 -30.3679 -31.4975 8 11429.9 296.115 1388 0.000108617
11200 0.16686 0.159335 0.00752475 0 0.954904 1685.67 1608.59 77.0809 0 -30.3676 -30.336 8 11533.9 297.459 1401 0.000113729
11300 0.177336 0.170724 0.00661239 0 0.962713 1703.42 1625.67 77.7556 0 -30.3673 -30.3403 8 11629.9 298.695 1413 0.000120824
11400 0.164709 0.15841 0.00629958 0 0.961753 1719.91 1641.51 78.404 0 -30.3716 -30.8152 8 11733.9 300.027 1426 0.000111087
11500 0.169318 0.161757 0.00756068 0 0.955346 1736.79 1657.68 79.1099 0 -30.3715 -30.3696 8 11829.9 301.252 1438 0.000112488
11600 0.156976 0.151884 0.00509253 0 0.967559 1752.64 1672.87 79.7644 0 -30.3799 -31.2987 8 11933.9 302.574 1451 0.000104675
11700 0.151054 0.14613 0.00492348 0 0.967406 1767.75 1687.48 80.2662 0 -30.3887 -31.409 8 12029.9 303.788 1463 9.98839e-05
11800 0.154997 0.1484 0.0065968 0 0.957439 1783.11 1702.32 80.7807 0 -30.3944 -31.0426 8 12133.9 305.098 1476 0.000100542
11900 0.153426 0.146613 0.00681259 0 0.955597 1798.32 1716.99 81.3322 0 -30.395 -30.4703 8 12229.9 306.303 1488 9.85303e-05
12000 0.183848 0.176621 0.00722646 0 0.960693 1816.75 1734.65 82.1062 0 -30.3916 -30.0615 8 12333.9 307.603 1501 0.000117669
12100 0.182713 0.175345 0.00736865 0 0.959671 1835.07 1752.18 82.8873 0 -30.3912 -30.3503 8 12429.9 308.797 1513 0.000115892
12200 0.169931 0.162723 0.00720799 0 0.957583 1852.11 1768.45 83.6544 0 -30.3957 -30.8761 8 12533.9 310.087 1526 0.000106634
12300 0.192637 0.183418 0.00921898 0 0.952143 1871.3 1786.8 84.5063 0 -30.401 -30.9148 8 12629.9 311.272 1538 0.000119257
12400 0.173697 0.166441 0.00725602 0 0.958226 1888.78 1803.44 85.3385 0 -30.4086 -31.2236 8 12733.9 312.551 1551 0.000107312
12500 0.178296 0.16971 0.0085856 0 0.951846 1906.55 1820.41 86.1354 0 -30.4111 -30.672 8 12829.9 313.727 1563 0.00010858
12600 0.187452 0.180486 0.00696555 0 0.962841 1925.43 1838.46 86.9679 0 -30.4091 -30.2098 8 12933.9 314.996 1576 0.000114522
12700 0.167497 0.161833 0.00566406 0 0.966184 1942.26 1854.64 87.6139 0 -30.4154 -31.1392 8 13029.9 316.162 1588 0.00010191
12800 0.171164 0.163185 0.00797922 0 0.953383 1959.18 1870.96 88.2216 0 -30.4187 -30.7943 8 13133.9 317.422 1601 0.000101927
12900 0.177887 0.171337 0.00655027 0 0.963177 1977.04 1888.1 88.9445 0 -30.4267 -31.3115 8 13229.9 318.58 1613 0.000106222
13000 0.156004 0.150337 0.00566709 0 0.963673 1992.63 1903.13 89.5039 0 -30.4366 -31.6884 8 13333.9 319.829 1626 9.2458e-05
13100 0.156274 0.150785 0.00548908 0 0.964875 2008.27 1918.21 90.0605 0 -30.445 -31.5143 8 13429.9 320.979 1638 9.20545e-05
13200 0.152155 0.147314 0.00484056 0 0.968187 2023.55 1932.94 90.6101 0 -30.4526 -31.4443 8 13533.9 322.219 1651 8.92273e-05
13300 0.158304 0.151836 0.00646796 0 0.959142 2039.27 1948.12 91.1487 0 -30.4598 -31.3926 8 13629.9 323.36 1663 9.13026e-05
13400 0.163236 0.157856 0.00537997 0 0.967042 2055.62 1963.91 91.7121 0 -30.47 -31.7411 8 13733.9 324.591 1676 9.41864e-05
13500 0.168911 0.163055 0.00585562 0 0.965333 2072.57 1980.21 92.3569 0 -30.4817 -31.8989 8 13829.9 325.724 1688 9.65968e-05
13600 0.180012 0.17107 0.00894173 0 0.950327 2090.4 1997.32 93.0838 0 -30.4858 -30.9695 8 13933.9 326.946 1701 0.00010057
13700 0.159195 0.153373 0.00582229 0 0.963427 2106.44 2012.66 93.7775 0 -30.498 -32.0895 8 14029.9 328.07 1713 8.95345e-05
13800 0.174414 0.167686 0.00672855 0 0.961422 2123.89 2029.43 94.4642 0 -30.5028 -31.0791 8 14133.9 329.284 1726 9.71527e-05
13900 0.179467 0.173026 0.00644125 0 0.964109 2141.93 2046.73 95.1999 0 -30.5135 -31.7748 8 14229.9 330.401 1738 9.95545e-05
14000 0.17733 0.170526 0.00680389 0 0.961632 2159.64 2063.78 95.854 0 -30.5153 -30.7349 8 14333.9 331.606 1751 9.73879e-05
14100 0.188894 0.182024 0.00686998 0 0.963631 2178.62 2081.98 96.6398 0 -30.5174 -30.7478 8 14429.9 332.714 1763 0.000103247
14200 0.185187 0.1773 0.00788726 0 0.957409 2197.16 2099.71 97.4453 0 -30.5211 -30.9604 8 14533.9 333.911 1776 9.98309e-05
14300 0.179786 0.171557 0.00822884 0 0.95423 2215.08 2116.87 98.207 0 -30.525 -31.0057 8 14629.9 335.012 1788 9.59493e-05
14400 0.197249 0.188585 0.00866425 0 0.956075 2234.81 2135.73 99.0773 0 -30.5269 -30.7315 8 14733.9 336.201 1801 0.000104711
14500 0.221761 0.212556 0.00920519 0 0.958491 2257.01 2156.98 100.03 0 -30.5325 -31.1059 8 14829.9 337.294 1813 0.00011724
14600 0.182608 0.176172 0.00643582 0 0.964756 2275.38 2174.6 100.774 0 -30.5401 -31.4631 8 14933.9 338.475 1826 9.64797e-05
14700 0.195354 0.186793 0.00856115 0 0.956176 2294.77 2193.28 101.488 0 -30.5461 -31.2529 8 15029.9 339.561 1838 0.000101628
14800 0.222462 0.212474 0.00998898 0 0.955098 2316.95 2214.53 102.424 0 -30.5542 -31.3908 8 15133.9 340.734 1851 0.000114788
14900 0.201429 0.193094 0.00833454 0 0.958623 2337.22 2233.84 103.383 0 -30.564 -31.6931 8 15229.9 341.813 1863 0.000103647
15000 0.18655 0.17899 0.00755975 0 0.959476 2355.84 2251.74 104.107 0 -30.5727 -31.6634 8 15333.9 342.978 1876 9.54104e-05
15100 0.200417 0.194021 0.00639637 0 0.968085 2376.02 2271.14 104.885 0 -30.5752 -30.8601 8 15429.9 344.05 1888 0.000102765
15200 0.175617 0.170688 0.00492845 0 0.971936 2393.67 2288.21 105.461 0 -30.5828 -31.6048 8 15533.9 345.207 1901 8.97886e-05
15300 0.202219 0.192956 0.0092638 0 0.954189 2413.64 2307.5 106.136 0 -30.5854 -30.8973 8 15629.9 346.272 1913 0.000100865
15400 0.199006 0.193084 0.0059228 0 0.970238 2433.66 2326.81 106.846 0 -30.5961 -31.89 8 15733.9 347.423 1926 0.000100251
15500 0.19691 0.189948 0.00696215 0 0.964643 2453.33 2345.81 107.519 0 -30.6056 -31.7841 8 15829.9 348.481 1938 9.80124e-05
15600 0.180042 0.173967 0.00607457 0 0.96626 2471.37 2363.2 108.167 0 -30.6153 -31.9279 8 15933.9 349.624 1951 8.91683e-05
15700 0.187211 0.180383 0.00682742 0 0.963531 2490.07 2381.24 108.824 0 -30.6237 -31.74 8 16029.9 350.675 1963 9.18916e-05
15800 0.172843 0.167579 0.00526344 0 0.969548 2507.41 2398 109.409 0 -30.6343 -32.1504 8 16133.9 351.811 1976 8.48074e-05
15900 0.179325 0.17336 0.00596462 0 0.966738 2525.33 2415.34 109.994 0 -30.6425 -31.7908 8 16229.9 352.856 1988 8.72032e-05
16000 0.204379 0.196642 0.0077378 0 0.96214 2545.8 2435 110.798 0 -30.6503 -31.6138 8 16333.9 353.985 2001 9.82716e-05
16100 0.195716 0.187821 0.00789556 0 0.959658 2565.44 2453.78 111.656 0 -30.6616 -32.1243 8 16429.9 355.024 2013 9.3304e-05
16200 0.187535 0.180088 0.00744723 0 0.960289 2584.18 2471.79 112.388 0 -30.6735 -32.3098 8 16533.9 356.146 2026 8.88882e-05
16300 0.192591 0.184472 0.00811852 0 0.957846 2603.39 2490.24 113.149 0 -30.6831 -31.9714 8 16629.9 357.178 2038 9.05163e-05
16400 0.250151 0.240884 0.00926665 0 0.962956 2628.47 2514.33 114.14 0 -30.6732 -29.6416 8 16733.9 358.293 2051 0.000117447
16500 0.215807 0.208289 0.00751737 0 0.965166 2650.14 2535.15 114.982 0 -30.6745 -30.8382 8 16829.9 359.319 2063 0.000100964
16600 0.207207 0.200961 0.00624584 0 0.969857 2670.91 2555.25 115.655 0 -30.6774 -31.0486 8 16933.9 360.428 2076 9.68021e-05
16700 0.207602 0.202121 0.00548072 0 0.9736 2691.75 2575.46 116.291 0 -30.6838 -31.4963 8 17029.9 361.448 2088 9.68012e-05
16800 0.190816 0.184678 0.00613808 0 0.967833 2710.77 2593.93 116.839 0 -30.6919 -31.8371 8 17133.9 362.55 2101 8.79002e-05
16900 0.219601 0.213095 0.00650572 0 0.970375 2732.83 2615.24 117.585 0 -30.6954 -31.1267 8 17229.9 363.564 2113 0.00010085
17000 0.18722 0.180533 0.00668751 0 0.96428 2751.51 2633.29 118.22 0 -30.701 -31.5211 8 17333.9 364.66 2126 8.49167e-05
17100 0.227958 0.219277 0.00868124 0 0.961917 2774.3 2655.22 119.08 0 -30.697 -30.2195 8 17429.9 365.668 2138 0.000102562
17200 0.201549 0.194277 0.00727175 0 0.963921 2794.55 2674.65 119.901 0 -30.6992 -30.9931 8 17533.9 366.758 2151 9.03195e-05
17300 0.231099 0.222677 0.00842201 0 0.963557 2817.7 2696.92 120.781 0 -30.6928 -29.9213 8 17629.9 367.76 2163 0.000102948
17400 0.217999 0.209107 0.00889146 0 0.959213 2839.47 2717.83 121.645 0 -30.6878 -30.04 8 17733.9 368.843 2176 9.60972e-05
17500 0.231968 0.22268 0.00928814 0 0.959959 2862.63 2740.1 122.531 0 -30.6817 -29.9383 8 17829.9 369.84 2188 0.000101773
17600 0.230118 0.219973 0.0101451 0 0.955913 2885.52 2762.09 123.424 0 -30.6764 -30.0076 8 17933.9 370.917 2201 9.99423e-05
17700 0.284482 0.272473 0.0120088 0 0.957787 2913.99 2789.34 124.652 0 -30.6769 -30.7294 8 18029.9 371.909 2213 0.000123124
17800 0.224772 0.216653 0.00811895 0 0.963879 2936.62 2811.01 125.619 0 -30.6817 -31.3065 8 18133.9 372.98 2226 9.73284e-05
17900 0.207455 0.199211 0.00824346 0 0.960264 2957.42 2830.93 126.488 0 -30.6874 -31.4865 8 18229.9 373.966 2238 8.90131e-05
18000 0.210746 0.201622 0.00912333 0 0.956709 2978.44 2851.09 127.356 0 -30.6933 -31.5183 8 18333.9 375.031 2251 8.95701e-05
18100 0.20622 0.197822 0.00839805 0 0.959276 2999.07 2870.87 128.197 0 -30.6952 -30.9798 8 18429.9 376.012 2263 8.74158e-05
18200 0.242115 0.233377 0.00873838 0 0.963908 3023.35 2894.21 129.145 0 -30.6995 -31.2312 8 18533.9 377.071 2276 0.000102538
18300 0.21711 0.208837 0.00827291 0 0.961895 3045.08 2915.09 129.991 0 -30.7033 -31.2304 8 18629.9 378.046 2288 9.12748e-05
18400 0.194932 0.189292 0.00564035 0 0.971065 3064.72 2934.02 130.7 0 -30.71 -31.7492 8 18733.9 379.1 2301 8.2265e-05
18500 0.179901 0.175212 0.00468919 0 0.973935 3082.77 2951.54 131.231 0 -30.7188 -32.2034 8 18829.9 380.07 2313 7.5751e-05
18600 0.182647 0.177226 0.00542042 0 0.970323 3101.02 2969.27 131.753 0 -30.7264 -32.021 8 18933.9 381.118 2326 7.61936e-05
18700 0.18523 0.179594 0.00563542 0 0.969576 3119.54 2987.22 132.319 0 -30.7335 -31.9202 8 19029.9 382.083 2338 7.68154e-05
18800 0.1834 0.178057 0.00534323 0 0.970866 3137.94 3005.03 132.905 0 -30.7387 -31.6169 8 19133.9 383.126 2351 7.57368e-05
18900 0.195709 0.189418 0.00629061 0 0.967857 3157.56 3023.97 133.586 0 -30.7392 -30.8185 8 19229.9 384.086 2363 8.01601e-05
19000 0.184692 0.178492 0.00620017 0 0.96643 3176.02 3041.82 134.197 0 -30.7422 -31.2587 8 19333.9 385.123 2376 7.51229e-05
19100 0.178461 0.172813 0.00564857 0 0.968348 3193.88 3059.1 134.774 0 -30.748 -31.7675 8 19429.9 386.078 2388 7.23672e-05
19200 0.176892 0.171114 0.0057786 0 0.967333 3211.57 3076.21 135.352 0 -30.7528 -31.6354 8 19533.9 387.11 2401 7.12676e-05
19300 0.216881 0.206418 0.0104628 0 0.951758 3233.08 3096.86 136.22 0 -30.7493 -30.2183 8 19629.9 388.06 2413 8.5544e-05
19400 0.194289 0.186943 0.00734682 0 0.962186 3252.68 3115.55 137.126 0 -30.7503 -30.9158 8 19733.9 389.087 2426 7.7058e-05
19500 0.176908 0.171273 0.00563498 0 0.968147 3270.47 3132.68 137.793 0 -30.7573 -32.0445 8 19829.9 390.032 2438 7.02513e-05
19600 0.200912 0.192818 0.00809455 0 0.959711 3290.5 3151.96 138.54 0 -30.7578 -30.8404 8 19933.9 391.053 2451 7.8669e-05
19700 0.177067 0.170258 0.00680875 0 0.961547 3308.22 3168.99 139.239 0 -30.765 -32.0923 8 20029.9 391.994 2463 6.91264e-05
19800 0.173603 0.166911 0.00669132 0 0.961456 3325.56 3185.68 139.884 0 -30.7703 -31.7941 8 20133.9 393.01 2476 6.74117e-05
19900 0.182533 0.176276 0.00625701 0 0.965721 3343.79 3203.3 140.484 0 -30.7759 -31.7919 8 20229.9 393.946 2488 7.08506e-05
20000 0.217857 0.210664 0.00719289 0 0.966983 3365.7 3224.37 141.331 0 -30.7795 -31.3331 8 20333.9 394.957 2501 8.4232e-05
