100 0.00226405 0.00223519 2.88622e-05 0 0.987252 0.235462 0.223519 0.011943 0 -32.1992 -32.1992 128 453.882 59.0081 1 0.00223519
200 0.0014517 0.00142148 3.02169e-05 0 0.979185 0.381536 0.365667 0.015869 0 -31.7545 -31.0377 128 581.882 66.8124 2 0.000710741
300 0.00121754 0.00114951 6.80334e-05 0 0.944122 0.502404 0.480618 0.021786 0 -31.3406 -30.034 128 709.882 73.796 3 0.000383169
400 0.00116655 0.00106782 9.87326e-05 0 0.915363 0.614944 0.5874 0.0275445 0 -31.0855 -29.9467 128 837.882 80.1736 4 0.000266954
500 0.000992872 0.000981305 1.15665e-05 0 0.98835 0.71711 0.68553 0.0315796 0 -31.3437 -32.8981 128 837.882 80.1736 4 0.000245326
600 0.00111255 0.00111255 0 0 1 0.832373 0.796785 0.0355879 0 -31.8316 -34.8671 128 965.882 86.08 5 0.00022251
700 0.00225522 0.00208366 0.000171568 0 0.923924 1.05787 1.00515 0.052724 0 -31.4586 -30.0817 128 1093.88 91.6063 6 0.000347276
800 0.00471925 0.00418192 0.000537335 0 0.88614 1.50714 1.42334 0.0838001 0 -29.8073 -25.919 128 1221.88 96.8177 7 0.000597416
900 0.00589328 0.00489439 0.000998888 0 0.830504 2.03592 1.91278 0.123143 0 -28.2619 -23.8572 128 1349.88 101.763 8 0.000611798
1000 0.00769187 0.00752978 0.000162096 0 0.978926 2.8373 2.66576 0.171544 0 -27.704 -26.2868 128 1349.88 101.763 8 0.000941222
1100 0.00924212 0.00894772 0.000294394 0 0.968146 3.76986 3.56053 0.209332 0 -27.3964 -26.4605 128 1477.88 106.478 9 0.000994191
1200 0.00719819 0.00703518 0.000163009 0 0.977354 4.50721 4.26405 0.24316 0 -27.3265 -26.9692 128 1605.88 110.993 10 0.000703518
1300 0.0107122 0.0100287 0.000683581 0 0.936187 5.5326 5.26691 0.26569 0 -27.7333 -29.5212 128 1733.88 115.332 11 0.000911696
1400 0.0105937 0.0102875 0.000306259 0 0.971091 6.5975 6.29566 0.301835 0 -28.3229 -31.3862 128 1733.88 115.332 11 0.000935225
1500 0.00717392 0.0069898 0.000184117 0 0.974335 7.31924 6.99464 0.324602 0 -28.6114 -31.2483 128 1861.88 119.513 12 0.000582484
1600 0.00556683 0.0053927 0.000174129 0 0.96872 7.87778 7.53391 0.343863 0 -28.8353 -31.7695 128 1989.88 123.553 13 0.000414823
1700 0.00488603 0.00475159 0.000134439 0 0.972485 8.36706 8.00907 0.357988 0 -28.9753 -31.2303 128 2117.88 127.465 14 0.000339399
1800 0.00531024 0.00492595 0.000384284 0 0.927633 8.87166 8.50167 0.369998 0 -29.0128 -29.634 128 2245.88 131.26 15 0.000328397
1900 0.00595166 0.00578108 0.000170587 0 0.971338 9.47584 9.07977 0.396064 0 -29.1127 -30.5803 128 2245.88 131.26 15 0.000385405
2000 0.00518638 0.00498008 0.000206304 0 0.960222 9.99802 9.57778 0.420239 0 -29.1933 -30.6553 128 2373.88 134.949 16 0.000311255
2100 0.00703131 0.00676144 0.000269862 0 0.96162 10.6937 10.2539 0.439823 0 -29.3281 -31.2652 128 2501.88 138.539 17 0.000397732
2200 0.00618645 0.00583872 0.00034773 0 0.943792 11.3023 10.8378 0.464507 0 -29.4208 -31.0491 128 2629.88 142.039 18 0.000324373
2300 0.00500918 0.00478528 0.000223906 0 0.955301 11.8058 11.3163 0.489496 0 -29.5185 -31.7126 128 2629.88 142.039 18 0.000265849
2400 0.00497461 0.00478658 0.000188033 0 0.962201 12.3122 11.795 0.517211 0 -29.6459 -32.6161 128 2757.88 145.455 19 0.000251925
2500 0.0123488 0.0117034 0.000645427 0 0.947734 13.5603 12.9653 0.594953 0 -29.5501 -28.6053 128 2885.88 148.792 20 0.000585171
2600 0.00763173 0.00721368 0.000418046 0 0.945223 14.341 13.6867 0.6543 0 -29.5932 -30.3411 128 3013.88 152.056 21 0.000343509
2700 0.00750558 0.00671644 0.000789135 0 0.89486 15.0569 14.3583 0.698521 0 -29.6263 -30.2905 128 3141.88 155.251 22 0.000305293
2800 0.00726376 0.00710486 0.0001589 0 0.978124 15.8083 15.0688 0.739445 0 -29.8654 -34.6552 128 3141.88 155.251 22 0.000322948
2900 0.0049527 0.00493801 1.46917e-05 0 0.997034 16.314 15.5626 0.751424 0 -30.0121 -34.5976 128 3269.88 158.382 23 0.000214696
3000 0.0043662 0.00433734 2.88603e-05 0 0.99339 16.7535 15.9964 0.757156 0 -30.1543 -35.4346 128 3397.88 161.452 24 0.000180722
3100 0.00637796 0.00600061 0.000377344 0 0.940836 17.3696 16.5964 0.773139 0 -30.2408 -32.5932 128 3525.88 164.465 25 0.000240025
3200 0.00532483 0.00524184 8.29839e-05 0 0.984416 17.9122 17.1206 0.791575 0 -30.3635 -34.2909 128 3653.88 167.424 26 0.000201609
3300 0.0160118 0.0155112 0.000500652 0 0.968732 19.5358 18.6717 0.864125 0 -30.5589 -32.7148 128 3653.88 167.424 26 0.000596584
3400 0.00704643 0.0068779 0.000168536 0 0.976082 20.2421 19.3595 0.882605 0 -30.6638 -33.5649 128 3781.88 170.331 27 0.000254737
3500 0.00725819 0.00695793 0.000300267 0 0.958631 20.9616 20.0553 0.906306 0 -30.6906 -31.4445 128 3909.88 173.19 28 0.000248497
3600 0.00606895 0.00596303 0.000105915 0 0.982548 21.5829 20.6516 0.931274 0 -30.746 -32.6151 128 4037.88 176.002 29 0.000205622
3700 0.00508663 0.0050454 4.12326e-05 0 0.991894 22.0955 21.1561 0.939327 0 -30.8153 -33.7304 128 4037.88 176.002 29 0.000173979
3800 0.00570155 0.00569235 9.198e-06 0 0.998387 22.6773 21.7254 0.951955 0 -30.8972 -34.0083 128 4165.88 178.77 30 0.000189745
3900 0.00507679 0.00507679 0 0 1 23.1914 22.2331 0.95829 0 -31.0027 -35.6597 128 4293.88 181.495 31 0.000163768
4000 0.0163356 0.0155982 0.00073735 0 0.954862 24.7846 23.7929 0.991755 0 -31.0636 -31.9496 128 4421.88 184.18 32 0.000487444
4100 0.0159121 0.0152158 0.000696288 0 0.956242 26.3684 25.3145 1.05398 0 -31.1621 -32.7034 128 4549.88 186.827 33 0.000461086
4200 0.010173 0.00991672 0.000256318 0 0.974804 27.4022 26.3061 1.09601 0 -31.2592 -33.7346 128 4549.88 186.827 33 0.000300507
4300 0.00901939 0.0086489 0.00037049 0 0.958923 28.3067 27.171 1.13568 0 -31.3191 -33.134 128 4677.88 189.437 34 0.000254379
4400 0.0170999 0.0162563 0.000843579 0 0.950668 30.0053 28.7967 1.20861 0 -31.2949 -30.8914 128 4805.88 192.011 35 0.000464467
4500 0.0141879 0.0135273 0.000660586 0 0.95344 31.4366 30.1494 1.28718 0 -31.3036 -31.4878 128 4933.88 194.551 36 0.000375758
4600 0.0102193 0.00992672 0.000292599 0 0.971368 32.4794 31.1421 1.33736 0 -31.3519 -32.808 128 4933.88 194.551 36 0.000275742
4700 0.00829005 0.00816604 0.000124008 0 0.985041 33.3244 31.9587 1.3657 0 -31.4211 -34.0778 128 5061.88 197.059 37 0.000220704
4800 0.010242 0.0100112 0.000230811 0 0.977464 34.3493 32.9598 1.38954 0 -31.464 -32.8619 128 5189.88 199.535 38 0.000263453
4900 0.00795119 0.00786049 9.0696e-05 0 0.988593 35.1465 33.7458 1.40061 0 -31.5139 -33.6629 128 5317.88 201.98 39 0.000201551
5000 0.00855127 0.00751625 0.00103503 0 0.878962 35.913 34.4975 1.4155 0 -31.4842 -30.1199 128 5445.88 204.397 40 0.000187906
5100 0.00891293 0.00842148 0.00049145 0 0.944861 36.8091 35.3396 1.46947 0 -31.4628 -30.6061 128 5445.88 204.397 40 0.000210537
5200 0.00770144 0.00737148 0.000329957 0 0.957156 37.5834 36.0768 1.50659 0 -31.4592 -31.2904 128 5573.88 206.785 41 0.000179792
5300 0.00666731 0.0064749 0.000192409 0 0.971141 38.2596 36.7243 1.53532 0 -31.4765 -32.435 128 5701.88 209.146 42 0.000154164
5400 0.00623987 0.00596362 0.000276247 0 0.955729 38.8776 37.3206 1.55697 0 -31.5 -32.9551 128 5829.88 211.48 43 0.000138689
5500 0.00540436 0.00533083 7.35381e-05 0 0.986393 39.4302 37.8537 1.57648 0 -31.5436 -34.6123 128 5829.88 211.48 43 0.000123973
5600 0.00504476 0.00495152 9.32376e-05 0 0.981518 39.9366 38.3489 1.58775 0 -31.5862 -34.9047 128 5957.88 213.789 44 0.000112535
5700 0.00709412 0.00668885 0.000405268 0 0.942873 40.6528 39.0177 1.63511 0 -31.5949 -32.081 128 6085.88 216.074 45 0.000148641
5800 0.0102663 0.00953689 0.000729386 0 0.928953 41.6864 39.9714 1.71502 0 -31.5111 -28.2137 128 6213.88 218.334 46 0.000207324
5900 0.0123655 0.0102346 0.00213093 0 0.827671 42.8 40.9949 1.80516 0 -31.4078 -27.5391 128 6341.88 220.571 47 0.000217757
6000 0.0136878 0.0123624 0.00132536 0 0.903172 44.1907 42.2311 1.9596 0 -31.4029 -31.2547 128 6341.88 220.571 47 0.00026303
6100 0.009309 0.00849181 0.00081719 0 0.912215 45.1498 43.0803 2.06953 0 -31.4241 -32.3971 128 6469.88 222.786 48 0.000176913
6200 0.00830171 0.00756268 0.000739029 0 0.910979 45.9903 43.8366 2.15372 0 -31.4333 -31.9298 128 6597.88 224.979 49 0.00015434
6300 0.00709186 0.00672468 0.000367188 0 0.948224 46.7199 44.509 2.2109 0 -31.4706 -33.8208 128 6725.88 227.151 50 0.000134494
6400 0.00557811 0.00540894 0.000169162 0 0.969674 47.2926 45.0499 2.24268 0 -31.5149 -35.1267 128 6853.88 229.302 51 0.000106058
6500 0.00615117 0.00593422 0.000216954 0 0.96473 47.9207 45.6434 2.27738 0 -31.5443 -33.7572 128 6853.88 229.302 51 0.000116357
6600 0.018525 0.0175542 0.000970786 0 0.947596 49.7683 47.3988 2.36954 0 -31.5643 -32.0829 128 6981.88 231.434 52 0.00033758
6700 0.0113705 0.0109248 0.00044573 0 0.960799 50.9189 48.4913 2.42767 0 -31.6019 -33.2285 128 7109.88 233.545 53 0.000206128
6800 0.00919337 0.00885471 0.000338659 0 0.963163 51.8368 49.3767 2.46004 0 -31.6344 -33.4405 128 7237.88 235.638 54 0.000163976
6900 0.00784773 0.0077911 5.66364e-05 0 0.992783 52.6271 50.1558 2.47129 0 -31.6781 -34.5436 128 7237.88 235.638 54 0.00014428
7000 0.00866508 0.00834996 0.000315125 0 0.963633 53.5002 50.9908 2.50934 0 -31.7203 -34.2659 128 7365.88 237.713 55 0.000151817
7100 0.0222888 0.0204391 0.00184973 0 0.917011 55.6964 53.0347 2.66165 0 -31.6059 -28.8183 128 7493.88 239.769 56 0.000364984
7200 0.0152761 0.0141459 0.00113016 0 0.926018 57.2629 54.4493 2.8136 0 -31.5647 -30.0985 128 7621.88 241.808 57 0.000248175
7300 0.0123728 0.0109303 0.00144248 0 0.883415 58.4702 55.5424 2.92786 0 -31.5193 -29.3665 128 7749.88 243.83 58 0.000188453
7400 0.0122749 0.0115227 0.000752158 0 0.938724 59.7163 56.6946 3.02166 0 -31.4775 -29.5189 128 7749.88 243.83 58 0.000198668
7500 0.0189009 0.0174888 0.00141203 0 0.925293 61.6298 58.4435 3.18623 0 -31.3269 -26.6242 128 7877.88 245.836 59 0.000296421
7600 0.0349541 0.0332261 0.00172793 0 0.950566 65.1623 61.7661 3.39617 0 -31.298 -30.7945 128 8005.88 247.825 60 0.000553769
7700 0.0233909 0.0224126 0.000978303 0 0.958176 67.5376 64.0074 3.53025 0 -31.3073 -31.5638 128 8133.88 249.798 61 0.000367419
7800 0.0156594 0.015435 0.000224399 0 0.98567 69.1378 65.5509 3.58692 0 -31.3441 -32.8964 128 8133.88 249.798 61 0.000253033
7900 0.0130724 0.0129903 8.20655e-05 0 0.993722 70.4508 66.8499 3.60089 0 -31.3813 -33.3391 128 8261.88 251.756 62 0.000209521
8000 0.0129223 0.0129 2.22362e-05 0 0.998279 71.7579 68.1399 3.61799 0 -31.4168 -33.3324 128 8389.88 253.699 63 0.000204763
8100 0.0107921 0.0107032 8.89076e-05 0 0.991762 72.8344 69.2102 3.62412 0 -31.4536 -33.9035 128 8517.88 255.626 64 0.000167237
8200 0.00964789 0.00938614 0.000261747 0 0.97287 73.7809 70.1489 3.63208 0 -31.4843 -33.8502 128 8645.88 257.54 65 0.000144402
8300 0.0086737 0.00858513 8.85634e-05 0 0.989789 74.6559 71.0074 3.6485 0 -31.5228 -34.7655 128 8645.88 257.54 65 0.000132079
8400 0.00805178 0.00797181 7.99727e-05 0 0.990068 75.4646 71.8046 3.66006 0 -31.5543 -34.4597 128 8773.88 259.439 66 0.000120785
8500 0.00743081 0.00738919 4.1625e-05 0 0.994398 76.2123 72.5435 3.66885 0 -31.5867 -34.8649 128 8901.88 261.325 67 0.000110286
8600 0.00765495 0.00752638 0.000128572 0 0.983204 76.9709 73.2961 3.67479 0 -31.6118 -34.1323 128 9029.88 263.197 68 0.000110682
8700 0.00680512 0.00677325 3.18721e-05 0 0.995316 77.6568 73.9734 3.6834 0 -31.6421 -35.041 128 9029.88 263.197 68 9.96066e-05
8800 0.00587469 0.00587164 3.04869e-06 0 0.999481 78.2463 74.5606 3.68573 0 -31.6744 -35.9267 128 9157.88 265.056 69 8.50962e-05
8900 0.00615225 0.00613499 1.72605e-05 0 0.997194 78.8631 75.1741 3.68899 0 -31.7106 -36.2982 128 9285.88 266.902 70 8.76427e-05
9000 0.00591833 0.00586629 5.20357e-05 0 0.991208 79.4523 75.7607 3.69156 0 -31.7395 -35.6173 128 9413.88 268.735 71 8.26239e-05
9100 0.0159378 0.0137662 0.00217163 0 0.863744 80.8578 77.1374 3.72044 0 -31.6892 -28.8411 128 9541.88 270.556 72 0.000191197
9200 0.0254742 0.0241918 0.00128242 0 0.949658 83.4432 79.5565 3.88663 0 -31.6627 -30.8364 128 9541.88 270.556 72 0.000335997
9300 0.0163417 0.0150592 0.00128242 0 0.921525 85.0774 81.0625 4.01491 0 -31.6511 -31.0561 128 9669.88 272.365 73 0.000206291
9400 0.0133218 0.0124897 0.000832085 0 0.93754 86.4116 82.3114 4.10018 0 -31.6605 -32.2598 128 9797.88 274.161 74 0.00016878
9500 0.0119033 0.0112759 0.000627398 0 0.947292 87.62 83.439 4.18094 0 -31.6689 -32.2676 128 9925.88 275.946 75 0.000150345
9600 0.010815 0.0102359 0.000579042 0 0.946459 88.7052 84.4626 4.24261 0 -31.6796 -32.5506 128 10053.9 277.72 76 0.000134683
9700 0.00952716 0.00921825 0.00030891 0 0.967576 89.676 85.3844 4.2916 0 -31.7017 -33.7166 128 10053.9 277.72 76 0.000121293
9800 0.00905998 0.00877147 0.00028851 0 0.968156 90.5839 86.2616 4.32232 0 -31.7243 -33.96 128 10181.9 279.482 77 0.000113915
9900 0.0117433 0.0115247 0.000218611 0 0.981384 91.7693 87.4141 4.3552 0 -31.71 -30.6151 128 10309.9 281.233 78 0.000147752
10000 0.0126282 0.0118478 0.000780347 0 0.938206 92.9845 88.5988 4.38569 0 -31.6929 -30.4004 128 10437.9 282.974 79 0.000149972
10100 0.0106049 0.0104666 0.000138312 0 0.986958 94.0665 89.6455 4.42102 0 -31.709 -33.0942 128 10437.9 282.974 79 0.000132489
10200 0.0091926 0.00915635 3.62533e-05 0 0.996056 94.9896 90.5611 4.42846 0 -31.7279 -33.6504 128 10565.9 284.704 80 0.000114454
10300 0.0123239 0.0121513 0.000172576 0 0.985997 96.2231 91.7763 4.44688 0 -31.7307 -31.9506 128 10693.9 286.423 81 0.000150016
10400 0.0122716 0.0118795 0.000392045 0 0.968053 97.4437 92.9642 4.47954 0 -31.7251 -31.2834 128 10821.9 288.132 82 0.000144872
10500 0.00998004 0.00983692 0.000143128 0 0.985659 98.4444 93.9479 4.49651 0 -31.7357 -32.769 128 10949.9 289.831 83 0.000118517
10600 0.00838922 0.00836874 2.04856e-05 0 0.997558 99.2873 94.7848 4.50254 0 -31.7551 -34.0173 128 10949.9 289.831 83 0.000100828
10700 0.00851539 0.00847903 3.63643e-05 0 0.99573 100.14 95.6327 4.50782 0 -31.7815 -34.8589 128 11077.9 291.52 84 0.000100941
10800 0.0121939 0.0117727 0.000421151 0 0.965462 101.346 96.81 4.53585 0 -31.7821 -31.8253 128 11205.9 293.199 85 0.000138503
10900 0.011954 0.01155 0.000404067 0 0.966198 102.541 97.965 4.57565 0 -31.7932 -32.7415 128 11333.9 294.869 86 0.000134302
11000 0.0106208 0.0102994 0.00032138 0 0.96974 103.607 98.9949 4.61235 0 -31.8128 -33.69 128 11333.9 294.869 86 0.000119761
11100 0.022258 0.0213455 0.000912514 0 0.959003 105.845 101.129 4.71516 0 -31.7651 -29.5554 128 11461.9 296.53 87 0.000245351
11200 0.0167635 0.0158992 0.000864274 0 0.948443 107.52 102.719 4.80033 0 -31.7506 -30.8388 128 11589.9 298.181 88 0.000180673
11300 0.0155392 0.0147488 0.000790353 0 0.949138 109.07 104.194 4.87573 0 -31.732 -30.4432 128 11717.9 299.823 89 0.000165717
11400 0.0132542 0.0128091 0.000445109 0 0.966418 110.419 105.475 4.94406 0 -31.7287 -31.4553 128 11845.9 301.456 90 0.000142324
11500 0.0109806 0.010714 0.000266651 0 0.975716 111.53 106.547 4.98297 0 -31.7375 -32.6183 128 11845.9 301.456 90 0.000119044
11600 0.0101896 0.0100593 0.000130298 0 0.987213 112.561 107.552 5.00818 0 -31.7489 -32.9838 128 11973.9 303.08 91 0.000110542
11700 0.00945661 0.00937682 7.97977e-05 0 0.991562 113.511 108.49 5.02074 0 -31.7655 -33.732 128 12101.9 304.696 92 0.000101922
11800 0.00873707 0.00866557 7.1493e-05 0 0.991817 114.383 109.357 5.02614 0 -31.7823 -33.9639 128 12229.9 306.303 93 9.31782e-05
11900 0.00808004 0.00804746 3.25855e-05 0 0.995967 115.193 110.161 5.0313 0 -31.8012 -34.4716 128 12229.9 306.303 93 8.65318e-05
12000 0.0114094 0.0110818 0.000327649 0 0.971283 116.339 111.27 5.06963 0 -31.8173 -33.4303 128 12357.9 307.902 94 0.000117891
12100 0.00836048 0.00816034 0.000200141 0 0.976061 117.179 112.086 5.09338 0 -31.8356 -34.3749 128 12485.9 309.492 95 8.58983e-05
12200 0.00823846 0.00803379 0.000204678 0 0.975156 118.005 112.889 5.11556 0 -31.8544 -34.5323 128 12613.9 311.075 96 8.36853e-05
12300 0.0078679 0.00764953 0.000218365 0 0.972246 118.788 113.654 5.13384 0 -31.8711 -34.373 128 12741.9 312.649 97 7.88611e-05
12400 0.00730677 0.00723643 7.03419e-05 0 0.990373 119.525 114.378 5.14716 0 -31.8907 -35.0526 128 12741.9 312.649 97 7.46024e-05
12500 0.0092218 0.00907948 0.000142312 0 0.984568 120.455 115.286 5.16898 0 -31.8948 -32.4309 128 12869.9 314.215 98 9.26478e-05
12600 0.00806279 0.00794227 0.000120518 0 0.985053 121.265 116.08 5.18521 0 -31.9098 -34.133 128 12997.9 315.774 99 8.02249e-05
12700 0.0116216 0.0111202 0.000501367 0 0.956859 122.402 117.192 5.20994 0 -31.9013 -30.9924 128 13125.9 317.325 100 0.000111202
12800 0.0109808 0.0108063 0.000174504 0 0.984108 123.516 118.272 5.24325 0 -31.9041 -32.2166 128 13253.9 318.868 101 0.000106993
12900 0.008623 0.00855005 7.29538e-05 0 0.99154 124.386 119.127 5.25854 0 -31.9169 -33.7305 128 13253.9 318.868 101 8.46539e-05
13000 0.0111754 0.0108964 0.000279 0 0.975034 125.51 120.217 5.2927 0 -31.9276 -33.1093 128 13381.9 320.405 102 0.000106827
13100 0.00891728 0.00873195 0.000185326 0 0.979217 126.407 121.09 5.31696 0 -31.9412 -33.8482 128 13509.9 321.933 103 8.47762e-05
13200 0.00823686 0.00802064 0.000216219 0 0.97375 127.229 121.892 5.33623 0 -31.9542 -33.9465 128 13637.9 323.455 104 7.71216e-05
13300 0.0074713 0.00740792 6.33889e-05 0 0.991516 127.98 122.633 5.34693 0 -31.9718 -34.955 128 13637.9 323.455 104 7.123e-05
13400 0.024179 0.0236191 0.00055989 0 0.976844 130.426 124.995 5.43059 0 -32.0046 -33.723 128 13765.9 324.969 105 0.000224943
13500 0.0138135 0.0134752 0.000338285 0 0.975511 131.827 126.343 5.48449 0 -32.0264 -34.058 128 13893.9 326.476 106 0.000127125
13600 0.0131751 0.0127088 0.000466341 0 0.964604 133.139 127.613 5.52599 0 -32.0382 -33.217 128 14021.9 327.977 107 0.000118774
13700 0.0111526 0.0109151 0.000237469 0 0.978707 134.255 128.705 5.55008 0 -32.0564 -34.2341 128 14149.9 329.47 108 0.000101066
13800 0.00990601 0.0098725 3.3508e-05 0 0.996617 135.261 129.692 5.5687 0 -32.0785 -35.0212 128 14149.9 329.47 108 9.1412e-05
13900 0.0118616 0.0116981 0.000163512 0 0.986215 136.451 130.862 5.58916 0 -32.1066 -35.3003 128 14277.9 330.957 109 0.000107322
14000 0.012443 0.0121928 0.000250224 0 0.97989 137.695 132.081 5.61329 0 -32.1293 -34.62 128 14405.9 332.437 110 0.000110844
14100 0.0129215 0.012366 0.000555535 0 0.957007 138.96 133.318 5.64208 0 -32.1323 -32.462 128 14533.9 333.911 111 0.000111405
14200 0.0113991 0.0111127 0.000286418 0 0.974874 140.109 134.429 5.67974 0 -32.141 -33.1982 128 14533.9 333.911 111 0.000100114
14300 0.0100311 0.00986785 0.000163238 0 0.983727 141.121 135.416 5.70501 0 -32.1635 -35.2769 128 14661.9 335.378 112 8.81058e-05
14400 0.00974489 0.00959246 0.000152432 0 0.984358 142.107 136.375 5.73209 0 -32.1873 -35.5881 128 14789.9 336.839 113 8.4889e-05
14500 0.00908144 0.00879541 0.000286029 0 0.968504 143.001 137.255 5.74645 0 -32.2061 -35.1864 128 14917.9 338.293 114 7.71527e-05
14600 0.00851751 0.00825462 0.000262891 0 0.969135 143.843 138.08 5.76292 0 -32.2256 -35.5471 128 15045.9 339.742 115 7.17793e-05
14700 0.00809331 0.00795663 0.000136683 0 0.983112 144.658 138.876 5.78187 0 -32.2492 -36.4222 128 15045.9 339.742 115 6.91881e-05
14800 0.00876185 0.00867897 8.28849e-05 0 0.99054 145.547 139.744 5.80342 0 -32.2674 -35.2285 128 15173.9 341.184 116 7.48187e-05
14900 0.006954 0.00687112 8.28849e-05 0 0.988081 146.243 140.431 5.81235 0 -32.2898 -36.9687 128 15301.9 342.62 117 5.87275e-05
15000 0.00781374 0.007613 0.000200743 0 0.974309 147.016 141.192 5.82347 0 -32.2998 -34.1849 128 15429.9 344.05 118 6.45169e-05
15100 0.0073508 0.0073508 0 0 1 147.761 141.927 5.83349 0 -32.3148 -35.286 128 15429.9 344.05 118 6.22949e-05
15200 0.00740745 0.00737669 3.07581e-05 0 0.995848 148.51 142.665 5.84499 0 -32.3276 -34.8376 128 15557.9 345.474 119 6.1989e-05
15300 0.0213591 0.0205824 0.000776729 0 0.963635 150.662 144.723 5.93861 0 -32.2839 -29.2673 128 15685.9 346.892 120 0.00017152
15400 0.0346213 0.0327006 0.00192067 0 0.944523 154.109 147.993 6.11578 0 -32.1188 -24.9066 128 15813.9 348.305 121 0.000270253
15500 0.034245 0.0307477 0.00349728 0 0.897875 157.401 151.068 6.33293 0 -31.9654 -24.7814 128 15941.9 349.711 122 0.000252031
15600 0.0276671 0.0260603 0.0016068 0 0.941924 160.248 153.674 6.57365 0 -31.8744 -26.8425 128 15941.9 349.711 122 0.000213609
15700 0.0193074 0.0179052 0.00140215 0 0.927378 162.195 155.465 6.73015 0 -31.8246 -27.7281 128 16069.9 351.113 123 0.000145571
15800 0.0184229 0.0176575 0.000765496 0 0.958449 164.121 157.23 6.8909 0 -31.7895 -28.8376 128 16197.9 352.508 124 0.000142399
15900 0.0153321 0.0145784 0.00075376 0 0.950838 165.653 158.688 6.96477 0 -31.7679 -29.4527 128 16325.9 353.898 125 0.000116627
16000 0.0131535 0.0124928 0.000660683 0 0.949771 166.974 159.937 7.03633 0 -31.7552 -30.1585 128 16453.9 355.283 126 9.9149e-05
16100 0.012129 0.0117464 0.000382594 0 0.968456 168.207 161.112 7.09472 0 -31.7469 -30.6168 128 16453.9 355.283 126 9.32257e-05
16200 0.0103746 0.0100185 0.000356158 0 0.96567 169.25 162.114 7.13564 0 -31.7458 -31.5698 128 16581.9 356.662 127 7.88857e-05
16300 0.0102678 0.00983643 0.000431345 0 0.95799 170.272 163.098 7.17402 0 -31.7443 -31.4942 128 16709.9 358.036 128 7.68471e-05
16400 0.00926831 0.00918742 8.08911e-05 0 0.991272 171.22 164.016 7.20416 0 -31.7503 -32.8431 128 16837.9 359.405 129 7.12203e-05
16500 0.00812469 0.0080785 4.61869e-05 0 0.994315 172.033 164.824 7.20912 0 -31.7596 -33.6998 128 16837.9 359.405 129 6.2624e-05
16600 0.00799548 0.00792924 6.62351e-05 0 0.991716 172.834 165.617 7.21691 0 -31.7707 -34.1656 128 16965.9 360.768 130 6.09942e-05
16700 0.00843256 0.0083075 0.000125053 0 0.98517 173.678 166.448 7.23053 0 -31.7781 -33.285 128 17093.9 362.127 131 6.34161e-05
16800 0.00779161 0.00773509 5.65287e-05 0 0.992745 174.462 167.221 7.24088 0 -31.7886 -34.1174 128 17221.9 363.48 132 5.85991e-05
16900 0.00722574 0.00715194 7.38e-05 0 0.989787 175.181 167.937 7.24483 0 -31.7988 -34.2712 128 17349.9 364.828 133 5.3774e-05
17000 0.00727341 0.00725505 1.83602e-05 0 0.997476 175.911 168.662 7.24905 0 -31.8082 -34.0763 128 17349.9 364.828 133 5.45493e-05
17100 0.00833618 0.00823316 0.000103022 0 0.987642 176.748 169.485 7.26214 0 -31.8188 -34.0472 128 17477.9 366.171 134 6.14415e-05
17200 0.0101273 0.00978868 0.000338666 0 0.966559 177.76 170.464 7.29574 0 -31.8215 -32.283 128 17605.9 367.51 135 7.25087e-05
17300 0.0108253 0.0103585 0.000466819 0 0.956877 178.833 171.5 7.33281 0 -31.8166 -31.0053 128 17733.9 368.843 136 7.61655e-05
17400 0.00958508 0.00949063 9.44464e-05 0 0.990147 179.807 172.449 7.35818 0 -31.8203 -32.5074 128 17733.9 368.843 136 6.97841e-05
17500 0.0128069 0.0125281 0.000278774 0 0.978232 181.102 173.702 7.40026 0 -31.8312 -33.3516 128 17861.9 370.172 137 9.1446e-05
17600 0.00929648 0.00922051 7.59654e-05 0 0.991829 182.044 174.624 7.41958 0 -31.845 -34.4869 128 17989.9 371.496 138 6.68153e-05
17700 0.00833149 0.00820225 0.000129241 0 0.984488 182.874 175.444 7.42971 0 -31.8587 -34.8631 128 18117.9 372.815 139 5.9009e-05
17800 0.00967899 0.00893946 0.000739532 0 0.923594 183.782 176.338 7.44361 0 -31.8549 -31.0995 128 18245.9 374.13 140 6.38533e-05
17900 0.0102767 0.0101158 0.000160953 0 0.984338 184.831 177.35 7.48133 0 -31.8507 -31.1058 128 18245.9 374.13 140 7.22556e-05
18000 0.0103319 0.00998653 0.000345392 0 0.96657 185.866 178.348 7.51772 0 -31.8574 -33.0573 128 18373.9 375.44 141 7.08265e-05
18100 0.00827764 0.00808802 0.00018962 0 0.977093 186.709 179.157 7.55147 0 -31.8718 -35.0561 128 18501.9 376.745 142 5.69579e-05
18200 0.0102857 0.00965216 0.00063351 0 0.938409 187.703 180.122 7.58054 0 -31.8763 -32.7138 128 18629.9 378.046 143 6.74976e-05
18300 0.00969295 0.0093015 0.000391445 0 0.959616 188.678 181.053 7.625 0 -31.8857 -33.7057 128 18629.9 378.046 143 6.50455e-05
18400 0.0177029 0.0169584 0.000744487 0 0.957945 190.464 182.748 7.71589 0 -31.903 -33.7262 128 18757.9 379.343 144 0.000117766
18500 0.0108745 0.0104718 0.000402716 0 0.962967 191.564 183.796 7.76883 0 -31.9165 -34.2446 128 18885.9 380.635 145 7.22192e-05
18600 0.00893555 0.00867123 0.000264314 0 0.97042 192.47 184.663 7.80738 0 -31.9288 -34.531 128 19013.9 381.923 146 5.9392e-05
18700 0.00990308 0.00932072 0.000582357 0 0.941194 193.428 185.595 7.83332 0 -31.9341 -33.013 128 19141.9 383.206 147 6.34063e-05
18800 0.0108451 0.0105113 0.000333733 0 0.969227 194.517 186.646 7.87146 0 -31.9436 -33.6265 128 19141.9 383.206 147 7.15058e-05
18900 0.00908895 0.00880678 0.000282175 0 0.968954 195.43 187.527 7.90337 0 -31.9559 -34.5802 128 19269.9 384.485 148 5.95052e-05
19000 0.0080693 0.00793135 0.000137947 0 0.982905 196.24 188.32 7.92028 0 -31.9704 -35.4626 128 19397.9 385.76 149 5.32305e-05
19100 0.00771098 0.00751823 0.000192749 0 0.975003 197.008 189.072 7.93692 0 -31.9835 -35.3272 128 19525.9 387.031 150 5.01215e-05
19200 0.00674853 0.00670794 4.05894e-05 0 0.993985 197.689 189.742 7.94657 0 -31.9988 -36.4238 128 19653.9 388.297 151 4.44235e-05
19300 0.0112357 0.0111952 4.05894e-05 0 0.996387 198.86 190.862 7.99857 0 -32.0054 -33.1285 128 19653.9 388.297 151 7.41401e-05
19400 0.0080797 0.00800776 7.19401e-05 0 0.991096 199.67 191.663 8.00735 0 -32.0155 -34.4782 128 19781.9 389.56 152 5.26826e-05
19500 0.00867542 0.0082622 0.000413225 0 0.952368 200.523 192.489 8.03387 0 -32.0233 -33.8653 128 19909.9 390.818 153 5.40013e-05
19600 0.0108329 0.00975838 0.00107452 0 0.90081 201.55 193.465 8.08539 0 -32.0183 -31.0409 128 20037.9 392.072 154 6.33661e-05
19700 0.0108544 0.0104146 0.000439882 0 0.959474 202.672 194.506 8.16607 0 -32.0211 -32.5253 128 20037.9 392.072 154 6.76271e-05
19800 0.00951457 0.0093151 0.000199475 0 0.979035 203.647 195.438 8.20957 0 -32.0341 -34.7279 128 20165.9 393.322 155 6.00974e-05
19900 0.00814226 0.00800247 0.000139787 0 0.982832 204.466 196.238 8.22811 0 -32.0434 -34.3704 128 20293.9 394.569 156 5.12979e-05
20000 0.00753123 0.0073938 0.000137433 0 0.981752 205.216 196.977 8.23888 0 -32.0539 -34.9086 128 20421.9 395.811 157 4.70943e-05
