100 0.0160174 0.0147843 0.00123312 0 0.923014 1.54686 1.47843 0.0684283 0 -22.7447 -22.7447 32 453.882 59.0081 4 0.00369608
200 0.015929 0.0149174 0.00101159 0 0.936494 3.14663 2.97017 0.176456 0 -23.3979 -24.0295 32 549.882 64.9493 7 0.00213105
300 0.0207025 0.018775 0.00192749 0 0.906895 5.1422 4.84766 0.294531 0 -24.3696 -25.9018 32 645.882 70.3909 10 0.0018775
400 0.0275585 0.0256976 0.0018609 0 0.932474 7.91273 7.41742 0.495309 0 -25.6366 -27.9881 32 741.882 75.441 13 0.00197674
500 0.0313898 0.0293711 0.00201869 0 0.93569 11.0501 10.3545 0.695591 0 -25.9855 -26.8655 32 837.882 80.1736 16 0.0018357
600 0.0214585 0.0200396 0.00141897 0 0.933874 13.2248 12.3585 0.866265 0 -26.3067 -27.9389 32 933.882 84.642 19 0.00105471
700 0.0445193 0.0417699 0.00274934 0 0.938244 17.6473 16.5355 1.11186 0 -25.8221 -24.3729 32 1029.88 88.8861 22 0.00189863
800 0.0368714 0.035007 0.00186442 0 0.949434 21.3949 20.0362 1.35871 0 -25.8541 -26.0046 32 1157.88 94.248 26 0.00134642
900 0.0265493 0.0250945 0.00145485 0 0.945202 24.0785 22.5456 1.5329 0 -25.9698 -26.8927 32 1253.88 98.0773 29 0.000865326
1000 0.0234235 0.0223218 0.00110169 0 0.952966 26.4472 24.7778 1.66938 0 -26.0963 -27.3819 32 1349.88 101.763 32 0.000697557
1100 0.0203683 0.0195241 0.000844202 0 0.958553 28.4921 26.7302 1.76188 0 -26.2146 -27.7455 32 1445.88 105.319 35 0.000557832
1200 0.0172105 0.0167968 0.000413721 0 0.975961 30.236 28.4099 1.82611 0 -26.3517 -28.5908 32 1541.88 108.759 38 0.000442022
1300 0.0373553 0.0355477 0.0018076 0 0.951611 33.9476 31.9647 1.9829 0 -26.2697 -25.6021 32 1637.88 112.094 41 0.000867016
1400 0.0460781 0.0434315 0.0026466 0 0.942563 38.5677 36.3078 2.25984 0 -26.3878 -27.2552 32 1733.88 115.332 44 0.000987079
1500 0.0314316 0.0299389 0.00149263 0 0.952512 41.7621 39.3017 2.46039 0 -26.4518 -27.2244 32 1829.88 118.482 47 0.000636999
1600 0.048517 0.0459686 0.00254838 0 0.947474 46.6421 43.8986 2.7435 0 -26.6714 -28.5506 32 1957.88 122.556 51 0.000901346
1700 0.038289 0.0354674 0.00282161 0 0.926308 50.4268 47.4453 2.98151 0 -26.7896 -28.2464 32 2053.88 125.524 54 0.000656804
1800 0.0350378 0.0322059 0.00283191 0 0.919176 53.8524 50.6659 3.1865 0 -26.8584 -27.8717 32 2149.88 128.424 57 0.000565016
1900 0.0371828 0.0353035 0.00187929 0 0.949458 57.6417 54.1963 3.44548 0 -27.049 -29.7572 32 2245.88 131.26 60 0.000588392
2000 0.0373763 0.0356923 0.00168396 0 0.954946 61.4533 57.7655 3.6878 0 -27.2198 -29.8026 32 2341.88 134.036 63 0.000566545
2100 0.0298429 0.0291297 0.000713155 0 0.976103 64.4782 60.6785 3.79969 0 -27.3822 -30.6809 32 2437.88 136.756 66 0.00044136
2200 0.038283 0.0374605 0.000822552 0 0.978514 68.3603 64.4245 3.93579 0 -27.4955 -29.3775 32 2533.88 139.423 69 0.000542905
2300 0.0357989 0.0342548 0.0015441 0 0.956867 71.9442 67.85 4.0942 0 -27.6542 -30.6821 32 2629.88 142.039 72 0.000475762
2400 0.0325147 0.0308608 0.00165393 0 0.949133 75.2075 70.9361 4.2714 0 -27.7686 -30.2908 32 2757.88 145.455 76 0.000406063
2500 0.0553299 0.0529765 0.00235339 0 0.957466 80.7727 76.2337 4.53893 0 -28.0034 -31.1757 32 2853.88 147.965 79 0.000670588
2600 0.0461376 0.044016 0.00212159 0 0.954016 85.3794 80.6353 4.74412 0 -28.1631 -30.9641 32 2949.88 150.433 82 0.000536781
2700 0.0450396 0.0435183 0.00152138 0 0.966221 89.9415 84.9872 4.95433 0 -28.3045 -30.9512 32 3045.88 152.861 85 0.00051198
2800 0.0345139 0.0334823 0.00103152 0 0.970113 93.4344 88.3354 5.099 0 -28.4324 -31.7247 32 3141.88 155.251 88 0.000380481
2900 0.0309648 0.0296642 0.00130058 0 0.957998 96.5171 91.3018 5.2153 0 -28.5442 -31.9341 32 3237.88 157.605 91 0.00032598
3000 0.0708222 0.0683416 0.00248058 0 0.964975 103.626 98.136 5.48988 0 -28.7298 -31.2493 32 3333.88 159.925 94 0.000727038
3100 0.0536158 0.0518172 0.00179858 0 0.966454 109.036 103.318 5.71794 0 -28.8503 -31.1578 32 3429.88 162.211 97 0.000534198
3200 0.0495253 0.0475382 0.00198708 0 0.959877 114.005 108.072 5.93343 0 -28.9506 -31.1523 32 3557.88 165.21 101 0.000470675
3300 0.0409559 0.0388801 0.00207578 0 0.949317 118.07 111.96 6.11047 0 -29.0341 -31.3769 32 3653.88 167.424 104 0.000373847
3400 0.0533471 0.0515825 0.00176461 0 0.966922 123.443 117.118 6.32563 0 -29.1839 -32.4735 32 3749.88 169.609 107 0.00048208
3500 0.0564372 0.0542901 0.00214716 0 0.961955 129.125 122.547 6.57795 0 -29.2371 -30.393 32 3845.88 171.766 110 0.000493546
3600 0.0482317 0.0460927 0.00213903 0 0.955651 133.93 127.156 6.77406 0 -29.2975 -30.9207 32 3941.88 173.897 113 0.0004079
3700 0.0453862 0.0436222 0.00176395 0 0.961135 138.465 131.518 6.94706 0 -29.3519 -30.9595 32 4037.88 176.002 116 0.000376054
3800 0.0416954 0.0399244 0.00177095 0 0.957526 142.637 135.511 7.12657 0 -29.3921 -30.7251 32 4133.88 178.082 119 0.000335499
3900 0.0409693 0.0398385 0.00113085 0 0.972398 146.771 139.495 7.27602 0 -29.4547 -31.6158 32 4229.88 180.138 122 0.000326545
4000 0.0369062 0.0359779 0.000928289 0 0.974847 150.472 143.092 7.37946 0 -29.5186 -32.0545 32 4357.88 182.843 126 0.000285539
4100 0.0490455 0.0466749 0.00237052 0 0.951667 155.327 147.76 7.56678 0 -29.5077 -29.1684 32 4453.88 184.846 129 0.000361821
4200 0.0542879 0.0521622 0.00212567 0 0.960845 160.782 152.976 7.80581 0 -29.5646 -31.1838 32 4549.88 186.827 132 0.000395169
4300 0.0481968 0.0462366 0.00196022 0 0.959329 165.644 157.6 8.04444 0 -29.5963 -30.6448 32 4645.88 188.788 135 0.000342493
4400 0.0419366 0.0401102 0.00182638 0 0.956449 169.871 161.611 8.25997 0 -29.6144 -30.3263 32 4741.88 190.728 138 0.000290654
4500 0.0351373 0.0338978 0.00123951 0 0.964724 173.428 165.001 8.42761 0 -29.6517 -31.4288 32 4837.88 192.649 141 0.00024041
4600 0.0467584 0.0451647 0.00159372 0 0.965916 178.113 169.517 8.5961 0 -29.7141 -32.0262 32 4933.88 194.551 144 0.000313643
4700 0.0489868 0.0473587 0.00162804 0 0.966766 183.052 174.253 8.79884 0 -29.7417 -30.7359 32 5029.88 196.435 147 0.000322168
4800 0.0389146 0.0373599 0.00155464 0 0.96005 186.979 177.989 8.98978 0 -29.7827 -31.6958 32 5157.88 198.919 151 0.000247417
4900 0.0368637 0.0351402 0.00172353 0 0.953246 190.631 181.503 9.12844 0 -29.8223 -31.848 32 5253.88 200.761 154 0.000228183
5000 0.0329859 0.0319566 0.0010293 0 0.968796 193.936 184.699 9.23786 0 -29.8754 -32.9392 32 5349.88 202.587 157 0.000203546
5100 0.031203 0.0306365 0.000566458 0 0.981846 197.067 187.762 9.30486 0 -29.927 -33.1249 32 5445.88 204.397 160 0.000191478
5200 0.0302352 0.0292372 0.000997952 0 0.966994 200.067 190.686 9.38083 0 -29.9677 -32.6402 32 5541.88 206.191 163 0.000179369
5300 0.0291863 0.0284737 0.000712535 0 0.975587 203.003 193.533 9.46985 0 -30.0156 -33.2754 32 5637.88 207.969 166 0.000171529
5400 0.0320267 0.0306542 0.00137251 0 0.957145 206.178 196.599 9.57891 0 -30.0559 -32.637 32 5733.88 209.732 169 0.000181386
5500 0.0319606 0.0309068 0.00105377 0 0.967029 209.384 199.689 9.69502 0 -30.0921 -32.4178 32 5829.88 211.48 172 0.000179691
5600 0.0280908 0.0275379 0.000552921 0 0.980317 212.238 202.443 9.79504 0 -30.1413 -33.7508 32 5957.88 213.789 176 0.000156465
5700 0.0302596 0.0259885 0.00427103 0 0.858854 214.923 205.042 9.88095 0 -30.1407 -30.0921 32 6053.88 215.505 179 0.000145187
5800 0.0323173 0.0308117 0.00150566 0 0.95341 218.189 208.123 10.0658 0 -30.1611 -31.5071 32 6149.88 217.207 182 0.000169295
5900 0.061432 0.0591963 0.00223564 0 0.963608 224.34 214.043 10.2975 0 -30.1049 -28.1121 32 6245.88 218.896 185 0.00031998
6000 0.0455208 0.0438651 0.00165566 0 0.963629 228.919 218.429 10.4895 0 -30.1012 -29.92 32 6341.88 220.571 188 0.000233325
6100 0.0690648 0.0667249 0.00233992 0 0.96612 235.823 225.102 10.7216 0 -30.122 -30.8114 32 6437.88 222.235 191 0.000349345
6200 0.0663542 0.0637683 0.00258591 0 0.961029 242.506 231.479 11.0272 0 -30.1271 -30.306 32 6533.88 223.885 194 0.000328703
6300 0.0497997 0.0474148 0.00238494 0 0.952109 247.498 236.22 11.2778 0 -30.1431 -30.9194 32 6629.88 225.524 197 0.000240684
6400 0.042737 0.0410503 0.00168678 0 0.960531 251.819 240.325 11.4938 0 -30.1693 -31.6695 32 6757.88 227.691 201 0.00020423
6500 0.0539481 0.0505133 0.00343481 0 0.936331 257.129 245.377 11.7529 0 -30.1647 -29.946 32 6853.88 229.302 204 0.000247614
6600 0.0456525 0.0437186 0.00193394 0 0.957638 261.753 249.748 12.005 0 -30.1892 -31.5538 32 6949.88 230.903 207 0.000211201
6700 0.038706 0.037116 0.00158998 0 0.958922 265.639 253.46 12.1791 0 -30.2123 -31.771 32 7045.88 232.492 210 0.000176743
6800 0.0363668 0.0354441 0.000922709 0 0.974628 269.337 257.004 12.3324 0 -30.24 -32.2262 32 7141.88 234.07 213 0.000166404
6900 0.0587518 0.0564862 0.00226562 0 0.961438 275.21 262.653 12.5573 0 -30.2672 -31.5126 32 7237.88 235.638 216 0.00026151
7000 0.0444918 0.0430047 0.00148711 0 0.966576 279.708 266.953 12.755 0 -30.2943 -31.9524 32 7333.88 237.196 219 0.000196368
7100 0.0518868 0.0499586 0.00192816 0 0.962839 284.914 271.949 12.9646 0 -30.321 -31.7571 32 7429.88 238.743 222 0.000225039
7200 0.0756715 0.0739614 0.00171005 0 0.977402 292.619 279.345 13.2735 0 -30.3445 -31.2144 32 7557.88 240.791 226 0.000327263
7300 0.0513268 0.0495649 0.00176191 0 0.965673 297.75 284.302 13.4482 0 -30.3685 -31.7342 32 7653.88 242.315 229 0.000216441
7400 0.061827 0.0591826 0.0026444 0 0.957229 303.923 290.22 13.7024 0 -30.3546 -29.684 32 7749.88 243.83 232 0.000255098
7500 0.0569808 0.0551952 0.00178555 0 0.968664 309.675 295.74 13.9356 0 -30.3663 -30.9866 32 7845.88 245.336 235 0.000234873
7600 0.0511963 0.0496158 0.0015805 0 0.969129 314.808 300.701 14.1067 0 -30.3922 -31.953 32 7941.88 246.832 238 0.00020847
7700 0.0462455 0.0448 0.00144548 0 0.968743 319.421 305.181 14.2395 0 -30.4221 -32.4636 32 8037.88 248.32 241 0.000185892
7800 0.0419931 0.0411238 0.000869345 0 0.979298 323.643 309.294 14.3498 0 -30.457 -33.0949 32 8133.88 249.798 244 0.00016854
7900 0.038877 0.0380106 0.000866445 0 0.977713 327.541 313.095 14.4462 0 -30.4853 -32.8409 32 8229.88 251.268 247 0.000153889
8000 0.0479796 0.0458395 0.00214005 0 0.955397 332.258 317.679 14.5798 0 -30.4968 -31.2903 32 8357.88 253.214 251 0.000182628
8100 0.0691143 0.0657696 0.00334468 0 0.951607 339.097 324.256 14.8414 0 -30.4982 -30.5697 32 8453.88 254.664 254 0.000258936
8200 0.0620261 0.0593197 0.00270642 0 0.956366 345.345 330.188 15.1574 0 -30.5045 -30.8425 32 8549.88 256.106 257 0.000230816
8300 0.0565256 0.0542875 0.00223808 0 0.960406 351.015 335.616 15.3985 0 -30.5094 -30.8096 32 8645.88 257.54 260 0.000208798
8400 0.0503582 0.0484538 0.00190439 0 0.962183 356.07 340.462 15.6084 0 -30.5199 -31.2521 32 8741.88 258.966 263 0.000184235
8500 0.0477076 0.0465256 0.00118205 0 0.975223 360.904 345.114 15.7898 0 -30.5399 -32.0138 32 8837.88 260.384 266 0.000174908
8600 0.0433323 0.042221 0.0011113 0 0.974354 365.25 349.336 15.9135 0 -30.565 -32.6482 32 8933.88 261.794 269 0.000156955
8700 0.0510089 0.0497319 0.00127707 0 0.974964 370.363 354.31 16.0537 0 -30.5782 -31.5184 32 9029.88 263.197 272 0.000182838
8800 0.0465821 0.0451897 0.00139234 0 0.97011 375.014 358.829 16.1853 0 -30.5939 -31.8486 32 9157.88 265.056 276 0.000163731
8900 0.0411609 0.040445 0.000715837 0 0.982609 379.158 362.873 16.2852 0 -30.616 -32.6136 32 9253.88 266.442 279 0.000144964
9000 0.04611 0.0449225 0.00118748 0 0.974247 383.769 367.365 16.4037 0 -30.6415 -32.7379 32 9349.88 267.82 282 0.0001593
9100 0.0396875 0.0389134 0.000774161 0 0.980494 387.746 371.257 16.4894 0 -30.6673 -33.1553 32 9445.88 269.191 285 0.000136538
9200 0.0425815 0.0415604 0.00102106 0 0.976021 392.019 375.413 16.6063 0 -30.6803 -31.8606 32 9541.88 270.556 288 0.000144307
9300 0.0369638 0.0366617 0.000302131 0 0.991826 395.754 379.079 16.675 0 -30.7006 -32.832 32 9637.88 271.914 291 0.000125985
9400 0.0428491 0.0420908 0.000758349 0 0.982302 400.057 383.288 16.7693 0 -30.7247 -32.9429 32 9733.88 273.264 294 0.000143166
9500 0.0384287 0.0378778 0.000550915 0 0.985664 403.931 387.076 16.855 0 -30.7474 -33.0904 32 9829.88 274.609 297 0.000127535
9600 0.0505994 0.0492862 0.00131323 0 0.974047 408.996 392.004 16.9916 0 -30.782 -33.543 32 9957.88 276.391 301 0.000163741
9700 0.0496771 0.0474067 0.00227045 0 0.954296 413.921 396.745 17.1763 0 -30.7988 -32.1941 32 10053.9 277.72 304 0.000155943
9800 0.0433143 0.0419701 0.00134415 0 0.968967 418.274 400.942 17.3321 0 -30.8231 -33.1347 32 10149.9 279.043 307 0.00013671
9900 0.0438696 0.0428329 0.00103673 0 0.976368 422.674 405.225 17.4484 0 -30.8407 -32.5145 32 10245.9 280.359 310 0.000138171
10000 0.0420057 0.0411523 0.000853393 0 0.979684 426.881 409.341 17.5404 0 -30.8645 -33.2463 32 10341.9 281.67 313 0.000131477
10100 0.0480733 0.0472191 0.000854213 0 0.982231 431.7 414.062 17.6372 0 -30.8781 -32.0901 32 10437.9 282.974 316 0.000149427
10200 0.0401984 0.0394993 0.000699094 0 0.982609 435.729 418.012 17.7168 0 -30.8994 -33.1801 32 10533.9 284.272 319 0.000123822
10300 0.0369257 0.0363709 0.000554801 0 0.984975 439.428 421.649 17.7788 0 -30.9227 -33.6701 32 10629.9 285.565 322 0.000112953
10400 0.0499882 0.0484761 0.00151213 0 0.96975 444.423 426.497 17.926 0 -30.9225 -30.9011 32 10757.9 287.279 326 0.0001487
10500 0.0507393 0.0486686 0.00207067 0 0.95919 449.48 431.364 18.1159 0 -30.9275 -31.3622 32 10853.9 288.558 329 0.000147929
10600 0.053975 0.051099 0.002876 0 0.946716 454.814 436.474 18.3402 0 -30.9219 -30.4529 32 10949.9 289.831 332 0.000153913
10700 0.0507404 0.0488759 0.00186444 0 0.963255 459.923 441.361 18.5616 0 -30.9261 -31.2996 32 11045.9 291.099 335 0.000145898
10800 0.0448525 0.0433887 0.00146377 0 0.967365 464.445 445.7 18.7447 0 -30.9335 -31.6861 32 11141.9 292.361 338 0.000128369
10900 0.0447159 0.042856 0.00185988 0 0.958407 468.888 449.986 18.9022 0 -30.9389 -31.5105 32 11237.9 293.618 341 0.000125677
11000 0.0411256 0.0400956 0.00102998 0 0.974955 473.019 453.995 19.0237 0 -30.9465 -31.8047 32 11333.9 294.869 344 0.000116557
11100 0.0466619 0.04518 0.00148194 0 0.968241 477.696 458.513 19.1824 0 -30.9542 -31.7295 32 11429.9 296.115 347 0.000130202
11200 0.0379667 0.0374081 0.000558675 0 0.985285 481.54 462.254 19.2853 0 -30.9723 -33.2197 32 11557.9 297.769 351 0.000106576
11300 0.0453106 0.0436585 0.00165214 0 0.963537 486.007 466.62 19.3872 0 -30.9882 -32.7014 32 11653.9 299.003 354 0.000123329
11400 0.0641796 0.0612744 0.00290522 0 0.954733 492.355 472.748 19.6076 0 -30.9532 -28.2776 32 11749.9 300.232 357 0.000171637
11500 0.0593546 0.0569174 0.00243725 0 0.958937 498.314 478.439 19.8744 0 -30.9255 -28.6373 32 11845.9 301.456 360 0.000158104
11600 0.0824972 0.0799406 0.00255655 0 0.96901 506.603 486.433 20.1696 0 -30.8529 -26.4901 32 11941.9 302.675 363 0.000220222
11700 0.0704203 0.0676712 0.00274913 0 0.960961 513.676 493.2 20.4756 0 -30.8125 -27.9189 32 12037.9 303.889 366 0.000184894
11800 0.0709695 0.0680694 0.0029001 0 0.959136 520.792 500.007 20.7848 0 -30.7882 -29.0301 32 12133.9 305.098 369 0.00018447
11900 0.0618448 0.0593914 0.00245339 0 0.96033 527.03 505.947 21.0833 0 -30.7744 -29.622 32 12229.9 306.303 372 0.000159654
12000 0.0543663 0.052849 0.00151736 0 0.97209 532.53 511.231 21.299 0 -30.7685 -30.2069 32 12357.9 307.902 376 0.000140556
12100 0.0745358 0.0698846 0.00465117 0 0.937598 539.784 518.22 21.5637 0 -30.75 -29.3901 32 12453.9 309.095 379 0.000184392
12200 0.0749161 0.07188 0.00303612 0 0.959473 547.34 525.408 21.9324 0 -30.738 -29.8773 32 12549.9 310.284 382 0.000188168
12300 0.0595322 0.0576349 0.00189727 0 0.96813 553.34 531.171 22.169 0 -30.738 -30.7384 32 12645.9 311.469 385 0.000149701
12400 0.0534459 0.0517419 0.00170406 0 0.968116 558.697 536.346 22.3514 0 -30.7411 -31.0699 32 12741.9 312.649 388 0.000133355
12500 0.0515639 0.0498487 0.00171514 0 0.966738 563.831 541.33 22.5006 0 -30.7405 -30.6714 32 12837.9 313.824 391 0.00012749
12600 0.0489129 0.0474636 0.00144928 0 0.97037 568.712 546.077 22.6347 0 -30.743 -31.0324 32 12933.9 314.996 394 0.000120466
12700 0.0512688 0.0498551 0.00141365 0 0.972427 573.867 551.062 22.8048 0 -30.7501 -31.5354 32 13029.9 316.162 397 0.00012558
12800 0.0523606 0.0506454 0.00171528 0 0.967241 579.102 556.127 22.9748 0 -30.7639 -32.2722 32 13157.9 317.712 401 0.000126298
12900 0.0482854 0.046279 0.00200644 0 0.958446 583.86 560.755 23.1052 0 -30.7699 -31.5003 32 13253.9 318.868 404 0.000114552
13000 0.0489676 0.0477385 0.00122911 0 0.9749 588.747 565.529 23.2183 0 -30.7787 -31.8329 32 13349.9 320.021 407 0.000117294
13100 0.0458891 0.0449472 0.000941911 0 0.979474 593.357 570.023 23.3335 0 -30.791 -32.3641 32 13445.9 321.17 410 0.000109627
13200 0.0527603 0.050692 0.0020683 0 0.960798 598.557 575.093 23.4644 0 -30.7951 -31.2576 32 13541.9 322.314 413 0.000122741
13300 0.0618578 0.0599346 0.00192321 0 0.968909 604.751 581.086 23.6652 0 -30.8079 -32.0449 32 13637.9 323.455 416 0.000144074
13400 0.0694307 0.0670158 0.00241487 0 0.965219 611.696 587.788 23.9083 0 -30.8067 -30.7043 32 13733.9 324.591 419 0.000159942
13500 0.0526432 0.0513474 0.00129574 0 0.975386 617.003 592.922 24.0803 0 -30.8176 -32.0697 32 13829.9 325.724 422 0.000121676
13600 0.0474998 0.0463936 0.00110618 0 0.976712 621.778 597.562 24.2161 0 -30.8287 -32.2647 32 13957.9 327.228 426 0.000108905
13700 0.055614 0.0538016 0.00181237 0 0.967412 627.364 602.942 24.4224 0 -30.8412 -32.2297 32 14053.9 328.351 429 0.000125412
13800 0.0647847 0.062909 0.00187573 0 0.971047 633.864 609.233 24.6312 0 -30.8368 -30.413 32 14149.9 329.47 432 0.000145623
13900 0.0492166 0.0485558 0.000660809 0 0.986573 638.828 614.088 24.7401 0 -30.8476 -32.2346 32 14245.9 330.586 435 0.000111622
14000 0.0478202 0.04693 0.000890228 0 0.981384 643.601 618.781 24.8194 0 -30.8622 -32.8158 32 14341.9 331.698 438 0.000107146
14100 0.0487801 0.0476281 0.00115206 0 0.976383 648.491 623.544 24.9466 0 -30.883 -33.6194 32 14437.9 332.807 441 0.000108
14200 0.0430724 0.0421879 0.000884462 0 0.979466 652.811 627.763 25.0481 0 -30.902 -33.7564 32 14533.9 333.911 444 9.50179e-05
14300 0.058342 0.0566841 0.00165786 0 0.971584 658.657 633.431 25.2259 0 -30.8986 -30.5109 32 14629.9 335.012 447 0.00012681
14400 0.0493811 0.0478064 0.00157465 0 0.968112 663.596 638.212 25.3841 0 -30.9053 -31.7977 32 14757.9 336.474 451 0.000106001
14500 0.0438815 0.0426835 0.00119794 0 0.972701 668 642.48 25.5199 0 -30.9155 -32.4612 32 14853.9 337.567 454 9.40166e-05
14600 0.0420227 0.0411086 0.000914171 0 0.978246 672.224 646.591 25.6331 0 -30.9313 -33.4239 32 14949.9 338.656 457 8.99531e-05
14700 0.0561229 0.0542205 0.0019024 0 0.966103 677.829 652.013 25.8156 0 -30.9368 -31.6039 32 15045.9 339.742 460 0.000117871
14800 0.0462717 0.045274 0.000997685 0 0.978439 682.494 656.541 25.9535 0 -30.9501 -32.8767 32 15141.9 340.824 463 9.77841e-05
14900 0.048411 0.0467052 0.00170583 0 0.964764 687.335 661.211 26.1243 0 -30.9638 -32.8941 32 15237.9 341.903 466 0.000100226
15000 0.0391196 0.0388186 0.000300981 0 0.992306 691.321 665.093 26.2279 0 -30.9834 -34.3703 32 15333.9 342.978 469 8.27688e-05
15100 0.0445843 0.0437747 0.000809648 0 0.98184 695.778 669.47 26.3079 0 -30.9891 -31.875 32 15429.9 344.05 472 9.2743e-05
15200 0.0424 0.0416117 0.000788299 0 0.981408 700.026 673.632 26.3941 0 -30.997 -32.2877 32 15557.9 345.474 476 8.74195e-05
15300 0.0467186 0.0442418 0.00247683 0 0.946984 704.552 678.056 26.4966 0 -30.9973 -31.0444 32 15653.9 346.538 479 9.23628e-05
15400 0.0442391 0.0431052 0.00113391 0 0.974369 709.003 682.366 26.6363 0 -31.0055 -32.294 32 15749.9 347.599 482 8.94299e-05
15500 0.0379467 0.0371788 0.000767975 0 0.979762 712.815 686.084 26.7307 0 -31.0164 -33.0456 32 15845.9 348.657 485 7.66572e-05
15600 0.0397811 0.0380241 0.00175699 0 0.955833 716.709 689.887 26.8228 0 -31.024 -32.4226 32 15941.9 349.711 488 7.79182e-05
15700 0.042779 0.0415683 0.00121066 0 0.9717 721.03 694.043 26.9865 0 -31.0353 -32.9095 32 16037.9 350.763 491 8.46605e-05
15800 0.0431061 0.0417723 0.00133377 0 0.969058 725.356 698.221 27.1349 0 -31.0506 -33.6013 32 16133.9 351.811 494 8.45593e-05
15900 0.0351479 0.0346798 0.000468036 0 0.986684 728.912 701.689 27.2235 0 -31.068 -34.6106 32 16229.9 352.856 497 6.97783e-05
16000 0.0374442 0.0367657 0.000678515 0 0.981879 732.672 705.365 27.3065 0 -31.0863 -34.6424 32 16357.9 354.245 501 7.33846e-05
16100 0.0348921 0.0343525 0.000539578 0 0.984536 736.167 708.801 27.3665 0 -31.1031 -34.6104 32 16453.9 355.283 504 6.81597e-05
16200 0.0421607 0.0406411 0.00151956 0 0.963958 740.37 712.865 27.5049 0 -31.1157 -33.3275 32 16549.9 356.318 507 8.016e-05
16300 0.0376845 0.0367837 0.000900813 0 0.976096 744.173 716.543 27.6301 0 -31.1297 -33.8675 32 16645.9 357.35 510 7.21249e-05
16400 0.0346193 0.0335689 0.00105037 0 0.969659 747.637 719.9 27.7366 0 -31.1446 -34.337 32 16741.9 358.379 513 6.54365e-05
16500 0.036959 0.0359343 0.0010247 0 0.972275 751.338 723.493 27.8448 0 -31.1605 -34.373 32 16837.9 359.405 516 6.96402e-05
16600 0.039204 0.03772 0.00148394 0 0.962148 755.247 727.265 27.9813 0 -31.1707 -33.1221 32 16933.9 360.428 519 7.26783e-05
16700 0.0432318 0.0414764 0.00175545 0 0.959395 759.569 731.413 28.1558 0 -31.1764 -32.1788 32 17029.9 361.448 522 7.94567e-05
16800 0.0409765 0.0396108 0.00136571 0 0.966671 763.706 735.374 28.332 0 -31.186 -32.94 32 17157.9 362.804 526 7.53058e-05
16900 0.0363364 0.0349551 0.00138126 0 0.961987 767.319 738.87 28.4495 0 -31.1958 -33.2872 32 17253.9 363.817 529 6.60777e-05
17000 0.0359815 0.034942 0.00103943 0 0.971112 770.921 742.364 28.557 0 -31.2043 -33.0097 32 17349.9 364.828 532 6.56805e-05
17100 0.0374703 0.0364838 0.000986547 0 0.973671 774.665 746.012 28.6529 0 -31.2145 -33.3099 32 17445.9 365.836 535 6.8194e-05
17200 0.0373942 0.036362 0.00103214 0 0.972398 778.397 749.648 28.7483 0 -31.2266 -33.7482 32 17541.9 366.841 538 6.75874e-05
17300 0.0371575 0.0359465 0.00121108 0 0.967407 782.111 753.243 28.8677 0 -31.2373 -33.4668 32 17637.9 367.844 541 6.64445e-05
17400 0.032751 0.0318245 0.000926558 0 0.971709 785.395 756.425 28.9696 0 -31.2481 -33.835 32 17733.9 368.843 544 5.85009e-05
17500 0.0354443 0.0349831 0.000461181 0 0.986989 788.971 759.924 29.0472 0 -31.2597 -33.805 32 17829.9 369.84 547 6.39545e-05
17600 0.03259 0.0321071 0.000482851 0 0.985184 792.225 763.134 29.0909 0 -31.2725 -34.3634 32 17957.9 371.166 551 5.82706e-05
17700 0.0395064 0.0384402 0.0010662 0 0.973012 796.182 766.978 29.2033 0 -31.2805 -32.8918 32 18053.9 372.156 554 6.93867e-05
17800 0.0338216 0.0329145 0.0009071 0 0.97318 799.561 770.27 29.2912 0 -31.2895 -33.4079 32 18149.9 373.144 557 5.90924e-05
17900 0.0522352 0.0502781 0.00195704 0 0.962534 804.771 775.298 29.4732 0 -31.2828 -30.2494 32 18245.9 374.13 560 8.97824e-05
18000 0.0407117 0.0393134 0.00139833 0 0.965653 808.877 779.229 29.6483 0 -31.2846 -31.6327 32 18341.9 375.113 563 6.98284e-05
18100 0.0361013 0.0348626 0.00123871 0 0.965688 812.49 782.715 29.7743 0 -31.289 -32.2769 32 18437.9 376.093 566 6.15946e-05
18200 0.0409654 0.0396138 0.00135161 0 0.967006 816.621 786.677 29.9447 0 -31.2953 -32.5456 32 18533.9 377.071 569 6.96201e-05
18300 0.0342706 0.0334996 0.000770939 0 0.977504 820.071 790.027 30.0448 0 -31.3033 -33.1867 32 18629.9 378.046 572 5.85658e-05
18400 0.034681 0.0340149 0.000666103 0 0.980793 823.582 793.428 30.1541 0 -31.3137 -33.7335 32 18757.9 379.343 576 5.90537e-05
18500 0.034668 0.0326045 0.00206352 0 0.940478 826.919 796.689 30.2307 0 -31.3178 -32.3453 32 18853.9 380.312 579 5.63117e-05
18600 0.0395277 0.0382613 0.00126633 0 0.967963 830.891 800.515 30.3758 0 -31.3157 -30.8734 32 18949.9 381.279 582 6.57411e-05
18700 0.0324144 0.031409 0.0010054 0 0.968983 834.133 803.656 30.4775 0 -31.3206 -32.5726 32 19045.9 382.244 585 5.36906e-05
18800 0.0659498 0.0630607 0.00288908 0 0.956193 840.671 809.962 30.7089 0 -31.2914 -27.5748 32 19141.9 383.206 588 0.000107246
18900 0.0528858 0.0508221 0.00206368 0 0.960978 846.014 815.044 30.9697 0 -31.2788 -29.2966 32 19237.9 384.166 591 8.59934e-05
19000 0.0466044 0.0446612 0.0019432 0 0.958304 850.696 819.51 31.186 0 -31.2735 -30.2992 32 19333.9 385.123 594 7.51872e-05
19100 0.0392439 0.0379627 0.00128121 0 0.967353 854.66 823.306 31.3537 0 -31.2729 -31.1623 32 19429.9 386.078 597 6.35891e-05
19200 0.0374037 0.0364559 0.00094782 0 0.97466 858.406 826.952 31.4545 0 -31.2733 -31.3558 32 19557.9 387.348 601 6.06587e-05
19300 0.0448108 0.0430948 0.00171606 0 0.961704 862.868 831.261 31.6064 0 -31.2666 -29.9735 32 19653.9 388.297 604 7.1349e-05
19400 0.0421788 0.0403244 0.00185443 0 0.956034 867.066 835.294 31.7717 0 -31.2636 -30.6445 32 19749.9 389.244 607 6.64323e-05
19500 0.0417974 0.0403612 0.00143621 0 0.965639 871.261 839.33 31.9309 0 -31.2603 -30.5874 32 19845.9 390.189 610 6.61659e-05
19600 0.0673778 0.0647006 0.00267724 0 0.960265 878.001 845.8 32.2013 0 -31.2318 -27.5491 32 19941.9 391.132 613 0.000105547
19700 0.0636749 0.0617019 0.001973 0 0.969014 884.467 851.97 32.4969 0 -31.2161 -29.0792 32 20037.9 392.072 616 0.000100165
19800 0.0641283 0.0614943 0.00263405 0 0.958925 890.912 858.12 32.7919 0 -31.2022 -29.2898 32 20133.9 393.01 619 9.93446e-05
19900 0.056414 0.0540807 0.00233329 0 0.95864 896.554 863.528 33.0259 0 -31.1912 -29.464 32 20229.9 393.946 622 8.69465e-05
20000 0.0493016 0.0479393 0.00136239 0 0.972366 901.532 868.322 33.2108 0 -31.1849 -30.0569 32 20357.9 395.19 626 7.65803e-05
