100 0.102874 0.0966013 0.00627236 0 0.939029 10.1239 9.66013 0.463726 0 -28.0007 -28.0007 4 429.882 57.4268 26 0.00371544
200 0.146346 0.135318 0.0110283 0 0.924642 24.5631 23.1919 1.37123 0 -27.0672 -26.4126 4 529.882 63.7572 51 0.00265329
300 0.152751 0.142502 0.0102493 0 0.932902 39.8636 37.4421 2.4215 0 -27.1755 -27.3493 4 629.882 69.5136 76 0.00187502
400 0.158824 0.148047 0.0107766 0 0.932147 55.7498 52.2468 3.50295 0 -27.2857 -27.5623 4 729.882 74.8284 101 0.00146581
500 0.167259 0.156982 0.010277 0 0.938557 72.6086 67.945 4.6635 0 -27.5942 -28.6143 4 829.882 79.7899 126 0.00124589
600 0.176595 0.16511 0.0114849 0 0.934965 90.2324 84.456 5.77636 0 -27.5297 -27.2638 4 929.882 84.4605 151 0.00109344
700 0.22492 0.211005 0.013915 0 0.938133 112.637 105.557 7.08032 0 -27.5743 -27.7538 4 1029.88 88.8861 176 0.00119889
800 0.240559 0.22072 0.0198389 0 0.91753 136.273 127.629 8.64397 0 -27.6991 -28.2939 4 1129.88 93.1015 201 0.00109811
900 0.213787 0.200657 0.0131302 0 0.938583 157.9 147.694 10.2055 0 -27.9229 -29.3331 4 1229.88 97.1341 226 0.000887862
1000 0.227507 0.212492 0.0150154 0 0.934 180.597 168.943 11.6531 0 -28.0934 -29.2797 4 1329.88 101.006 251 0.000846582
1100 0.212033 0.198935 0.0130978 0 0.938227 201.829 188.837 12.992 0 -28.1842 -28.9565 4 1429.88 104.735 276 0.000720778
1200 0.207768 0.195341 0.0124271 0 0.940188 222.618 208.371 14.2474 0 -28.2769 -29.1765 4 1529.88 108.335 301 0.000648974
1300 0.21066 0.199504 0.0111553 0 0.947046 243.812 228.321 15.4909 0 -28.3992 -29.6846 4 1629.88 111.82 326 0.000611976
1400 0.228799 0.21562 0.0131787 0 0.942401 266.52 249.884 16.6362 0 -28.4474 -28.9646 4 1729.88 115.199 351 0.000614302
1500 0.246577 0.232586 0.0139909 0 0.943259 291.084 273.142 17.9418 0 -28.5507 -29.6717 4 1829.88 118.482 376 0.00061858
1600 0.271025 0.257863 0.0131613 0 0.951439 318.342 298.928 19.4134 0 -28.6919 -30.1994 4 1929.88 121.676 401 0.000643051
1700 0.279118 0.262609 0.0165093 0 0.940852 346.121 325.189 20.9313 0 -28.7406 -29.2992 4 2029.88 124.789 426 0.000616453
1800 0.26484 0.248545 0.0162946 0 0.938474 372.482 350.044 22.438 0 -28.7469 -28.8296 4 2129.88 127.826 451 0.000551098
1900 0.248101 0.235096 0.0130048 0 0.947583 397.426 373.553 23.8729 0 -28.7948 -29.5095 4 2229.88 130.792 476 0.0004939
2000 0.232249 0.220573 0.0116757 0 0.949727 420.724 395.611 25.1127 0 -28.8551 -29.8833 4 2329.88 133.692 501 0.000440266
2100 0.251933 0.239808 0.0121257 0 0.951869 445.929 419.592 26.3378 0 -28.9054 -29.745 4 2429.88 136.531 526 0.000455908
2200 0.255572 0.243025 0.0125466 0 0.950908 471.554 443.894 27.6594 0 -28.8955 -28.7231 4 2529.88 139.313 551 0.000441063
2300 0.259184 0.245297 0.0138873 0 0.946419 497.431 468.424 29.0076 0 -28.8801 -28.6 4 2629.88 142.039 576 0.000425862
2400 0.285152 0.270835 0.0143177 0 0.949789 526.035 495.507 30.5278 0 -28.912 -29.4675 4 2729.88 144.714 601 0.00045064
2500 0.286703 0.271216 0.0154868 0 0.945983 554.698 522.629 32.0689 0 -28.9393 -29.4389 4 2829.88 147.341 626 0.000433252
2600 0.325362 0.307869 0.0174934 0 0.946234 587.197 553.416 33.7813 0 -28.9481 -29.0987 4 2929.88 149.922 651 0.000472917
2700 0.295882 0.281318 0.0145644 0 0.950777 616.885 581.548 35.3378 0 -28.9895 -29.8089 4 3029.88 152.459 676 0.000416151
2800 0.28181 0.267664 0.0141465 0 0.949801 645.121 608.314 36.8075 0 -29.0448 -30.2526 4 3129.88 154.954 701 0.000381831
2900 0.277546 0.265088 0.0124581 0 0.955113 673.027 634.823 38.2041 0 -29.0926 -30.1983 4 3229.88 157.41 726 0.000365135
3000 0.32621 0.311447 0.0147629 0 0.954744 705.734 665.967 39.7666 0 -29.1435 -30.1894 4 3329.88 159.829 751 0.000414709
3100 0.321619 0.30605 0.0155691 0 0.951592 737.851 696.572 41.2783 0 -29.1669 -29.6807 4 3429.88 162.211 776 0.000394394
3200 0.330603 0.315505 0.0150976 0 0.954333 771.055 728.123 42.9324 0 -29.186 -29.6115 4 3529.88 164.558 801 0.000393889
3300 0.353174 0.335112 0.0180627 0 0.948856 806.27 761.634 44.6361 0 -29.2378 -30.3731 4 3629.88 166.873 826 0.000405704
3400 0.33912 0.321549 0.0175707 0 0.948187 840.159 793.789 46.3697 0 -29.2693 -30.0168 4 3729.88 169.156 851 0.000377849
3500 0.33451 0.318447 0.0160634 0 0.951979 873.763 825.634 48.1294 0 -29.2977 -30.0098 4 3829.88 171.409 876 0.000363524
3600 0.295101 0.281741 0.0133601 0 0.954727 903.416 853.808 49.6081 0 -29.3516 -30.9392 4 3929.88 173.632 901 0.000312698
3700 0.288074 0.274761 0.0133132 0 0.953785 932.218 881.284 50.9347 0 -29.4025 -30.9989 4 4029.88 175.827 926 0.000296718
3800 0.324859 0.310677 0.014182 0 0.956344 964.801 912.351 52.4495 0 -29.4279 -30.1535 4 4129.88 177.995 951 0.000326684
3900 0.295654 0.283611 0.012043 0 0.959267 994.554 940.713 53.8413 0 -29.468 -30.7679 4 4229.88 180.138 976 0.000290585
4000 0.34649 0.332443 0.0140469 0 0.959459 1029.33 973.957 55.3724 0 -29.4645 -29.3642 4 4329.88 182.254 1001 0.000332111
4100 0.356521 0.340895 0.0156261 0 0.95617 1064.89 1008.05 56.8434 0 -29.4657 -29.5002 4 4429.88 184.347 1026 0.000332256
4200 0.340333 0.326391 0.0139423 0 0.959033 1098.99 1040.69 58.3094 0 -29.4836 -30.0424 4 4529.88 186.416 1051 0.000310553
4300 0.325943 0.312418 0.0135253 0 0.958504 1131.65 1071.93 59.7231 0 -29.5094 -30.3776 4 4629.88 188.463 1076 0.000290351
4400 0.324446 0.312633 0.0118127 0 0.963591 1164.12 1103.19 60.9318 0 -29.5477 -30.8857 4 4729.88 190.487 1101 0.000283954
4500 0.307501 0.297109 0.0103917 0 0.966206 1194.94 1132.9 62.0377 0 -29.5826 -30.8993 4 4829.88 192.49 1126 0.000263863
4600 0.351189 0.33666 0.0145294 0 0.958628 1229.94 1166.57 63.3772 0 -29.6055 -30.3886 4 4929.88 194.473 1151 0.000292493
4700 0.373445 0.357412 0.0160327 0 0.957068 1267.24 1202.31 64.9319 0 -29.6332 -30.5439 4 5029.88 196.435 1176 0.000303922
4800 0.343666 0.327721 0.0159453 0 0.953602 1301.55 1235.08 66.4709 0 -29.6537 -30.4123 4 5129.88 198.378 1201 0.000272873
4900 0.398272 0.382063 0.0162096 0 0.9593 1341.64 1273.29 68.3491 0 -29.6605 -29.8803 4 5229.88 200.302 1226 0.000311633
5000 0.372494 0.356376 0.0161184 0 0.956728 1378.93 1308.92 70.0103 0 -29.6656 -29.851 4 5329.88 202.208 1251 0.000284873
5100 0.375253 0.358777 0.0164758 0 0.956094 1416.45 1344.8 71.6456 0 -29.669 -29.7914 4 5429.88 204.096 1276 0.000281174
5200 0.377878 0.362446 0.0154316 0 0.959162 1454.22 1381.05 73.1752 0 -29.6778 -30.0109 4 5529.88 205.967 1301 0.000278591
5300 0.364083 0.351872 0.0122117 0 0.966459 1490.95 1416.23 74.7196 0 -29.7006 -30.6002 4 5629.88 207.821 1326 0.000265363
5400 0.343131 0.330298 0.0128325 0 0.962602 1525.3 1449.26 76.0318 0 -29.7225 -30.6747 4 5729.88 209.659 1351 0.000244484
5500 0.359117 0.344416 0.0147009 0 0.959064 1561.16 1483.71 77.4506 0 -29.7427 -30.6017 4 5829.88 211.48 1376 0.000250303
5600 0.361592 0.346889 0.0147033 0 0.959337 1597.31 1518.39 78.9159 0 -29.7471 -29.939 4 5929.88 213.286 1401 0.000247601
5700 0.327682 0.315703 0.0119792 0 0.963443 1630.2 1549.96 80.2394 0 -29.765 -30.6338 4 6029.88 215.077 1426 0.000221391
5800 0.393406 0.37747 0.0159364 0 0.959491 1669.42 1587.71 81.7094 0 -29.7751 -30.1921 4 6129.88 216.853 1451 0.000260144
5900 0.40524 0.386532 0.0187086 0 0.953833 1709.86 1626.36 83.4932 0 -29.7949 -30.614 4 6229.88 218.615 1476 0.000261878
6000 0.331972 0.319883 0.0120896 0 0.963583 1743.28 1658.35 84.9261 0 -29.8247 -31.3494 4 6329.88 220.363 1501 0.000213113
6100 0.333334 0.319727 0.0136068 0 0.95918 1776.54 1690.33 86.2173 0 -29.8397 -30.6276 4 6429.88 222.096 1526 0.00020952
6200 0.336752 0.322894 0.0138589 0 0.958846 1810.16 1722.62 87.5424 0 -29.8518 -30.4898 4 6529.88 223.817 1551 0.000208184
6300 0.383465 0.366624 0.0168407 0 0.956083 1848.13 1759.28 88.8527 0 -29.864 -30.4468 4 6629.88 225.524 1576 0.00023263
6400 0.363241 0.350836 0.012405 0 0.965849 1884.69 1794.36 90.3263 0 -29.8905 -31.2266 4 6729.88 227.219 1601 0.000219135
6500 0.32823 0.316149 0.0120801 0 0.963196 1917.39 1825.98 91.4096 0 -29.9141 -31.2779 4 6829.88 228.9 1626 0.000194434
6600 0.344666 0.333207 0.0114591 0 0.966753 1951.74 1859.3 92.4477 0 -29.9324 -30.9536 4 6929.88 230.57 1651 0.000201822
6700 0.353738 0.340669 0.0130691 0 0.963054 1987.05 1893.36 93.6905 0 -29.9491 -30.8707 4 7029.88 232.228 1676 0.000203263
6800 0.334113 0.321758 0.0123553 0 0.963021 2020.5 1925.54 94.9573 0 -29.9747 -31.4983 4 7129.88 233.874 1701 0.000189158
6900 0.33512 0.320769 0.0143501 0 0.957179 2053.92 1957.62 96.3021 0 -29.9958 -31.2697 4 7229.88 235.508 1726 0.000185846
7000 0.329175 0.316966 0.012209 0 0.96291 2087 1989.31 97.6831 0 -30.0189 -31.4537 4 7329.88 237.131 1751 0.00018102
7100 0.359517 0.346198 0.0133185 0 0.962954 2123.02 2023.93 99.0895 0 -30.0529 -32.0203 4 7429.88 238.743 1776 0.000194931
7200 0.34125 0.326894 0.0143561 0 0.957931 2157.02 2056.62 100.4 0 -30.0792 -31.7235 4 7529.88 240.344 1801 0.000181507
7300 0.355929 0.343704 0.012225 0 0.965653 2192.76 2090.99 101.762 0 -30.1119 -32.0823 4 7629.88 241.935 1826 0.000188228
7400 0.372991 0.361265 0.0117264 0 0.968561 2230.14 2127.12 103.022 0 -30.1365 -31.582 4 7729.88 243.515 1851 0.000195173
7500 0.389429 0.374532 0.0148964 0 0.961748 2268.97 2164.57 104.397 0 -30.1483 -30.8261 4 7829.88 245.086 1876 0.000199644
7600 0.402196 0.388361 0.0138353 0 0.965601 2309.31 2203.41 105.906 0 -30.1683 -31.2904 4 7929.88 246.646 1901 0.000204293
7700 0.40663 0.390931 0.0156988 0 0.961393 2350.01 2242.5 107.511 0 -30.177 -30.6722 4 8029.88 248.196 1926 0.000202976
7800 0.375197 0.360739 0.0144582 0 0.961465 2387.47 2278.58 108.891 0 -30.1905 -31.0359 4 8129.88 249.737 1951 0.0001849
7900 0.402304 0.384943 0.0173605 0 0.956847 2427.48 2317.07 110.413 0 -30.1971 -30.5946 4 8229.88 251.268 1976 0.000194809
8000 0.371518 0.361321 0.0101974 0 0.972552 2464.97 2353.2 111.772 0 -30.2133 -31.2628 4 8329.88 252.79 2001 0.00018057
8100 0.348257 0.338785 0.00947153 0 0.972803 2499.98 2387.08 112.894 0 -30.2334 -31.6503 4 8429.88 254.303 2026 0.000167219
8200 0.330198 0.319057 0.0111416 0 0.966258 2532.84 2418.99 113.856 0 -30.2511 -31.5969 4 8529.88 255.806 2051 0.000155562
8300 0.333154 0.323113 0.0100404 0 0.969863 2566.19 2451.3 114.895 0 -30.2673 -31.496 4 8629.88 257.302 2076 0.000155642
8400 0.342548 0.330873 0.0116746 0 0.965918 2600.44 2484.38 116.06 0 -30.2863 -31.7103 4 8729.88 258.788 2101 0.000157484
8500 0.395097 0.378172 0.0169245 0 0.957164 2639.7 2522.2 117.497 0 -30.2873 -30.3529 4 8829.88 260.266 2126 0.00017788
8600 0.359072 0.347071 0.0120015 0 0.966576 2675.75 2556.91 118.842 0 -30.2929 -30.704 4 8929.88 261.736 2151 0.000161353
8700 0.344385 0.3334 0.0109849 0 0.968103 2710.25 2590.25 119.997 0 -30.3002 -30.8659 4 9029.88 263.197 2176 0.000153217
8800 0.354076 0.342284 0.0117923 0 0.966696 2745.66 2624.48 121.183 0 -30.3069 -30.819 4 9129.88 264.65 2201 0.000155513
8900 0.339564 0.328122 0.0114418 0 0.966304 2779.67 2657.29 122.376 0 -30.3191 -31.3035 4 9229.88 266.096 2226 0.000147404
9000 0.357034 0.342825 0.0142093 0 0.960202 2815.27 2691.57 123.697 0 -30.3296 -31.1519 4 9329.88 267.533 2251 0.000152299
9100 0.36311 0.350515 0.0125948 0 0.965314 2851.84 2726.62 125.219 0 -30.3397 -31.1115 4 9429.88 268.963 2276 0.000154005
9200 0.376371 0.36065 0.0157216 0 0.958228 2889.33 2762.69 126.639 0 -30.3408 -30.4276 4 9529.88 270.386 2301 0.000156736
9300 0.403246 0.388819 0.0144273 0 0.964222 2929.79 2801.57 128.218 0 -30.3424 -30.4552 4 9629.88 271.801 2326 0.000167162
9400 0.390802 0.374841 0.0159613 0 0.959158 2968.76 2839.05 129.703 0 -30.3475 -30.7315 4 9729.88 273.208 2351 0.000159439
9500 0.404556 0.38817 0.0163853 0 0.959498 3009.24 2877.87 131.373 0 -30.3483 -30.4063 4 9829.88 274.609 2376 0.000163371
9600 0.38772 0.372085 0.0156348 0 0.959675 3048.05 2915.08 132.965 0 -30.3542 -30.8124 4 9929.88 276.002 2401 0.000154971
9700 0.389435 0.3722 0.017235 0 0.955744 3086.78 2952.3 134.479 0 -30.3606 -30.8619 4 10029.9 277.388 2426 0.000153421
9800 0.389012 0.375765 0.0132465 0 0.965948 3125.96 2989.88 136.079 0 -30.3709 -31.1856 4 10129.9 278.768 2451 0.000153311
9900 0.36457 0.349678 0.0148923 0 0.959151 3162.3 3024.84 137.458 0 -30.383 -31.4269 4 10229.9 280.14 2476 0.000141227
10000 0.367625 0.352926 0.0146988 0 0.960017 3199.09 3060.14 138.958 0 -30.3948 -31.4025 4 10329.9 281.506 2501 0.000141114
10100 0.369089 0.356508 0.0125809 0 0.965914 3236.1 3095.79 140.316 0 -30.4026 -31.0814 4 10429.9 282.865 2526 0.000141136
10200 0.388102 0.373761 0.0143403 0 0.96305 3274.84 3133.16 141.676 0 -30.4116 -31.1579 4 10529.9 284.218 2551 0.000146516
10300 0.403835 0.3887 0.0151346 0 0.962523 3315.29 3172.03 143.254 0 -30.4162 -30.7947 4 10629.9 285.565 2576 0.000150893
10400 0.392819 0.377333 0.0154866 0 0.960576 3354.48 3209.77 144.717 0 -30.4219 -30.9038 4 10729.9 286.905 2601 0.000145072
10500 0.36387 0.350913 0.0129568 0 0.964392 3390.99 3244.86 146.127 0 -30.4346 -31.6 4 10829.9 288.238 2626 0.00013363
10600 0.370136 0.356767 0.0133692 0 0.96388 3428.08 3280.54 147.544 0 -30.445 -31.3962 4 10929.9 289.566 2651 0.000134578
10700 0.358928 0.346047 0.012881 0 0.964113 3464.03 3315.14 148.892 0 -30.4551 -31.4186 4 11029.9 290.888 2676 0.000129315
10800 0.356752 0.344993 0.011759 0 0.967039 3499.79 3349.64 150.147 0 -30.4656 -31.4847 4 11129.9 292.203 2701 0.000127728
10900 0.346892 0.337034 0.00985853 0 0.97158 3534.62 3383.34 151.277 0 -30.4785 -31.7754 4 11229.9 293.513 2726 0.000123637
11000 0.382717 0.371745 0.0109714 0 0.971333 3573.08 3420.52 152.562 0 -30.4892 -31.4682 4 11329.9 294.817 2751 0.000135131
11100 0.356339 0.34332 0.0130189 0 0.963465 3608.64 3454.85 153.79 0 -30.5001 -31.6005 4 11429.9 296.115 2776 0.000123674
11200 0.358052 0.345867 0.0121848 0 0.965969 3644.57 3489.44 155.133 0 -30.5122 -31.725 4 11529.9 297.408 2801 0.00012348
11300 0.365739 0.35215 0.0135887 0 0.962846 3681.12 3524.65 156.465 0 -30.5233 -31.631 4 11629.9 298.695 2826 0.000124611
11400 0.401071 0.385315 0.0157557 0 0.960716 3721.25 3563.18 158.063 0 -30.5353 -31.6371 4 11729.9 299.976 2851 0.000135151
11500 0.3799 0.365143 0.0147568 0 0.961156 3759.35 3599.7 159.65 0 -30.5454 -31.526 4 11829.9 301.252 2876 0.000126962
11600 0.35487 0.341337 0.0135335 0 0.961864 3794.89 3633.83 161.06 0 -30.5535 -31.4132 4 11929.9 302.523 2901 0.000117662
11700 0.356228 0.341305 0.0149231 0 0.958108 3830.39 3667.96 162.429 0 -30.5612 -31.3829 4 12029.9 303.788 2926 0.000116645
11800 0.342175 0.330363 0.011812 0 0.96548 3864.78 3701 163.787 0 -30.5729 -31.8771 4 12129.9 305.048 2951 0.00011195
11900 0.330217 0.317171 0.0130458 0 0.960493 3897.73 3732.71 165.017 0 -30.5847 -31.9647 4 12229.9 306.303 2976 0.000106576
12000 0.326672 0.316102 0.0105692 0 0.967646 3930.49 3764.32 166.17 0 -30.5982 -32.2103 4 12329.9 307.553 3001 0.000105332
12100 0.361299 0.348852 0.0124461 0 0.965552 3966.69 3799.21 167.476 0 -30.6086 -31.7375 4 12429.9 308.797 3026 0.000115285
12200 0.366386 0.351788 0.0145981 0 0.960157 4003.24 3834.39 168.855 0 -30.6151 -31.3207 4 12529.9 310.037 3051 0.000115302
12300 0.339649 0.327043 0.0126054 0 0.962887 4037.27 3867.09 170.181 0 -30.6234 -31.5983 4 12629.9 311.272 3076 0.000106321
12400 0.352232 0.338384 0.0138473 0 0.960687 4072.49 3900.93 171.563 0 -30.634 -31.8516 4 12729.9 312.502 3101 0.000109121
12500 0.395293 0.380499 0.0147939 0 0.962575 4112.13 3938.98 173.144 0 -30.6471 -31.9868 4 12829.9 313.727 3126 0.000121721
12600 0.375574 0.361342 0.0142313 0 0.962108 4149.67 3975.12 174.552 0 -30.6598 -32.0581 4 12929.9 314.947 3151 0.000114675
12700 0.397383 0.382716 0.014667 0 0.963091 4189.43 4013.39 176.045 0 -30.6698 -31.713 4 13029.9 316.162 3176 0.000120502
12800 0.381895 0.366322 0.0155723 0 0.959224 4227.54 4050.02 177.523 0 -30.6775 -31.5205 4 13129.9 317.373 3201 0.00011444
12900 0.361597 0.349606 0.011991 0 0.966839 4263.92 4084.98 178.944 0 -30.6871 -31.805 4 13229.9 318.58 3226 0.000108371
13000 0.353321 0.340966 0.0123549 0 0.965032 4299.18 4119.08 180.1 0 -30.6985 -32.0756 4 13329.9 319.781 3251 0.00010488
13100 0.367311 0.355065 0.0122458 0 0.966661 4335.97 4154.58 181.387 0 -30.711 -32.1672 4 13429.9 320.979 3276 0.000108384
13200 0.357453 0.344837 0.0126162 0 0.964705 4371.68 4189.07 182.617 0 -30.7205 -31.8836 4 13529.9 322.171 3301 0.000104464
13300 0.359671 0.346935 0.0127359 0 0.96459 4407.7 4223.76 183.94 0 -30.7315 -32.0622 4 13629.9 323.36 3326 0.00010431
13400 0.423469 0.406441 0.0170288 0 0.959787 4450.06 4264.4 185.66 0 -30.7337 -30.9626 4 13729.9 324.544 3351 0.000121289
13500 0.384158 0.371031 0.0131271 0 0.965829 4488.66 4301.51 187.157 0 -30.7443 -31.9694 4 13829.9 325.724 3376 0.000109902
13600 0.362543 0.347896 0.0146474 0 0.959598 4524.78 4336.3 188.479 0 -30.7533 -31.8651 4 13929.9 326.899 3401 0.000102292
13700 0.402619 0.38599 0.0166295 0 0.958697 4564.96 4374.9 190.068 0 -30.7598 -31.4966 4 14029.9 328.07 3426 0.000112665
13800 0.393407 0.379746 0.0136607 0 0.965276 4604.52 4412.87 191.648 0 -30.7705 -31.999 4 14129.9 329.238 3451 0.000110039
13900 0.353155 0.342082 0.0110736 0 0.968644 4639.99 4447.08 192.916 0 -30.7822 -32.3049 4 14229.9 330.401 3476 9.84125e-05
14000 0.399647 0.383525 0.0161223 0 0.959659 4679.8 4485.43 194.366 0 -30.7897 -31.6627 4 14329.9 331.559 3501 0.000109547
14100 0.408735 0.39389 0.014845 0 0.96368 4720.83 4524.82 196.012 0 -30.7921 -31.0632 4 14429.9 332.714 3526 0.00011171
14200 0.385667 0.37212 0.0135473 0 0.964873 4759.54 4562.03 197.507 0 -30.7983 -31.5569 4 14529.9 333.865 3551 0.000104793
14300 0.361293 0.348928 0.0123649 0 0.965776 4795.67 4596.93 198.749 0 -30.8059 -31.8073 4 14629.9 335.012 3576 9.7575e-05
14400 0.348657 0.337027 0.01163 0 0.966644 4830.6 4630.63 199.969 0 -30.8149 -32.0548 4 14729.9 336.155 3601 9.35927e-05
14500 0.37569 0.363408 0.0122813 0 0.96731 4868.28 4666.97 201.309 0 -30.8183 -31.2517 4 14829.9 337.294 3626 0.000100223
14600 0.395287 0.382222 0.0130653 0 0.966947 4907.96 4705.19 202.77 0 -30.8256 -31.7189 4 14929.9 338.43 3651 0.00010469
14700 0.345336 0.335024 0.010312 0 0.970139 4942.68 4738.69 203.985 0 -30.8364 -32.3704 4 15029.9 339.561 3676 9.11382e-05
14800 0.396186 0.382065 0.0141207 0 0.964358 4982.24 4776.9 205.342 0 -30.8466 -32.1211 4 15129.9 340.689 3701 0.000103233
14900 0.385229 0.370035 0.0151944 0 0.960558 5020.67 4813.9 206.768 0 -30.8568 -32.1701 4 15229.9 341.813 3726 9.93115e-05
15000 0.40484 0.389723 0.0151172 0 0.962659 5061.1 4852.88 208.229 0 -30.8631 -31.6464 4 15329.9 342.933 3751 0.000103898
15100 0.407202 0.393161 0.014041 0 0.965518 5101.99 4892.19 209.801 0 -30.8669 -31.3366 4 15429.9 344.05 3776 0.000104121
15200 0.389442 0.376054 0.0133877 0 0.965623 5141.05 4929.8 211.257 0 -30.875 -31.9333 4 15529.9 345.163 3801 9.89356e-05
15300 0.378979 0.366097 0.012882 0 0.966009 5178.92 4966.41 212.513 0 -30.883 -31.9758 4 15629.9 346.272 3826 9.56866e-05
15400 0.381094 0.368711 0.0123834 0 0.967506 5217.01 5003.28 213.73 0 -30.8899 -31.8314 4 15729.9 347.378 3851 9.57441e-05
15500 0.35347 0.341898 0.0115729 0 0.967259 5252.35 5037.47 214.878 0 -30.8982 -32.1201 4 15829.9 348.481 3876 8.82089e-05
15600 0.38664 0.371109 0.0155312 0 0.95983 5290.77 5074.58 216.193 0 -30.902 -31.4138 4 15929.9 349.58 3901 9.51318e-05
15700 0.384632 0.371631 0.0130008 0 0.966199 5329.39 5111.74 217.653 0 -30.9069 -31.5809 4 16029.9 350.675 3926 9.46589e-05
15800 0.43242 0.416083 0.0163368 0 0.96222 5372.66 5153.35 219.306 0 -30.9145 -31.8539 4 16129.9 351.767 3951 0.000105311
15900 0.381556 0.366376 0.0151803 0 0.960215 5410.81 5189.99 220.821 0 -30.9224 -32.0339 4 16229.9 352.856 3976 9.21468e-05
16000 0.384199 0.369561 0.0146374 0 0.961901 5449.2 5226.94 222.261 0 -30.9312 -32.1655 4 16329.9 353.942 4001 9.23672e-05
16100 0.38267 0.366025 0.0166449 0 0.956503 5487.16 5263.55 223.616 0 -30.9389 -32.052 4 16429.9 355.024 4026 9.09153e-05
16200 0.433567 0.4179 0.0156667 0 0.963866 5530.63 5305.34 225.297 0 -30.9429 -31.4455 4 16529.9 356.102 4051 0.00010316
16300 0.424591 0.407884 0.016708 0 0.960649 5573.07 5346.12 226.943 0 -30.9433 -30.9916 4 16629.9 357.178 4076 0.00010007
16400 0.396241 0.38233 0.013911 0 0.964893 5612.85 5384.36 228.496 0 -30.9484 -31.6624 4 16729.9 358.25 4101 9.32284e-05
16500 0.365014 0.354325 0.010689 0 0.970716 5649.62 5419.79 229.827 0 -30.959 -32.5842 4 16829.9 359.319 4126 8.58761e-05
16600 0.368191 0.352683 0.0155083 0 0.95788 5686.06 5455.06 231.002 0 -30.9661 -32.0732 4 16929.9 360.385 4151 8.49633e-05
16700 0.40457 0.389328 0.0152414 0 0.962327 5726.47 5493.99 232.48 0 -30.9728 -31.906 4 17029.9 361.448 4176 9.32299e-05
16800 0.401348 0.388537 0.0128102 0 0.968082 5766.79 5532.84 233.941 0 -30.9801 -32.0131 4 17129.9 362.508 4201 9.24869e-05
16900 0.397074 0.385318 0.0117563 0 0.970393 5806.58 5571.38 235.207 0 -30.9885 -32.2177 4 17229.9 363.564 4226 9.1178e-05
17000 0.376531 0.364803 0.0117284 0 0.968851 5844.28 5607.86 236.427 0 -30.9961 -32.1608 4 17329.9 364.618 4251 8.58157e-05
17100 0.415608 0.400976 0.0146318 0 0.964794 5885.84 5647.95 237.884 0 -31.0005 -31.623 4 17429.9 365.668 4276 9.37736e-05
17200 0.41355 0.393589 0.0199602 0 0.951734 5926.74 5687.31 239.431 0 -31.0008 -31.0353 4 17529.9 366.716 4301 9.15111e-05
17300 0.434094 0.415806 0.0182879 0 0.957871 5970.31 5728.89 241.412 0 -30.9987 -30.7151 4 17629.9 367.76 4326 9.61178e-05
17400 0.42087 0.401161 0.0197087 0 0.953171 6012.15 5769.01 243.136 0 -30.997 -30.7523 4 17729.9 368.802 4351 9.21997e-05
17500 0.416437 0.402523 0.0139138 0 0.966588 6054.1 5809.26 244.836 0 -30.9997 -31.3944 4 17829.9 369.84 4376 9.19842e-05
17600 0.379026 0.36444 0.0145859 0 0.961517 6091.92 5845.71 246.213 0 -31.0057 -31.9691 4 17929.9 370.876 4401 8.28085e-05
17700 0.401839 0.385078 0.0167617 0 0.958288 6131.96 5884.21 247.745 0 -31.0079 -31.3445 4 18029.9 371.909 4426 8.70036e-05
17800 0.403298 0.387585 0.0157128 0 0.961039 6172.3 5922.97 249.323 0 -31.0107 -31.4221 4 18129.9 372.939 4451 8.70782e-05
17900 0.424056 0.407831 0.0162254 0 0.961738 6214.78 5963.76 251.02 0 -31.0128 -31.3289 4 18229.9 373.966 4476 9.1115e-05
18000 0.414481 0.398083 0.0163982 0 0.960437 6256.18 6003.56 252.614 0 -31.0154 -31.4058 4 18329.9 374.99 4501 8.84432e-05
18100 0.422879 0.408274 0.0146042 0 0.965465 6298.65 6044.39 254.257 0 -31.0193 -31.5924 4 18429.9 376.012 4526 9.02064e-05
18200 0.394146 0.380182 0.0139637 0 0.964572 6338.04 6082.41 255.631 0 -31.0237 -31.7295 4 18529.9 377.03 4551 8.35382e-05
18300 0.532596 0.512004 0.020592 0 0.961337 6391.29 6133.61 257.682 0 -31.0192 -30.4834 4 18629.9 378.046 4576 0.000111889
18400 0.491307 0.472267 0.0190398 0 0.961247 6440.55 6180.84 259.715 0 -31.0203 -31.1597 4 18729.9 379.06 4601 0.000102644
18500 0.448702 0.432078 0.0166235 0 0.962952 6485.54 6224.04 261.497 0 -31.0235 -31.4849 4 18829.9 380.07 4626 9.34021e-05
18600 0.413512 0.398016 0.0154965 0 0.962525 6526.98 6263.85 263.139 0 -31.0285 -31.8004 4 18929.9 381.078 4651 8.55764e-05
18700 0.425668 0.410026 0.0156422 0 0.963253 6569.63 6304.85 264.78 0 -31.0334 -31.7814 4 19029.9 382.083 4676 8.76872e-05
18800 0.433024 0.416888 0.0161363 0 0.962736 6612.92 6346.54 266.385 0 -31.037 -31.5963 4 19129.9 383.086 4701 8.86807e-05
18900 0.436889 0.422982 0.013907 0 0.968168 6656.78 6388.84 267.943 0 -31.0451 -32.2546 4 19229.9 384.086 4726 8.95011e-05
19000 0.433239 0.42014 0.0130991 0 0.969765 6700.25 6430.85 269.405 0 -31.0514 -32.0297 4 19329.9 385.083 4751 8.84318e-05
19100 0.422324 0.410296 0.0120277 0 0.97152 6742.64 6471.88 270.757 0 -31.0561 -31.7978 4 19429.9 386.078 4776 8.59079e-05
19200 0.431095 0.416725 0.0143696 0 0.966667 6785.68 6513.55 272.129 0 -31.0613 -31.8677 4 19529.9 387.07 4801 8.67997e-05
19300 0.422253 0.410514 0.0117394 0 0.972198 6828.14 6554.6 273.537 0 -31.0678 -32.1097 4 19629.9 388.06 4826 8.5063e-05
19400 0.424974 0.408996 0.0159783 0 0.962402 6870.42 6595.5 274.919 0 -31.0716 -31.6882 4 19729.9 389.047 4851 8.43116e-05
19500 0.383617 0.371992 0.0116249 0 0.969697 6908.91 6632.7 276.205 0 -31.0788 -32.3605 4 19829.9 390.032 4876 7.62904e-05
19600 0.405137 0.390752 0.0143851 0 0.964493 6949.25 6671.78 277.473 0 -31.0827 -31.7505 4 19929.9 391.014 4901 7.9729e-05
19700 0.435036 0.420697 0.0143385 0 0.967041 6992.81 6713.85 278.959 0 -31.0856 -31.5514 4 20029.9 391.994 4926 8.54034e-05
19800 0.420295 0.407076 0.0132193 0 0.968548 7034.93 6754.55 280.38 0 -31.0925 -32.2344 4 20129.9 392.971 4951 8.2221e-05
19900 0.409404 0.396479 0.012925 0 0.96843 7075.88 6794.2 281.682 0 -31.0995 -32.3067 4 20229.9 393.946 4976 7.96783e-05
20000 0.474444 0.457762 0.0166816 0 0.96484 7123.21 6839.98 283.233 0 -31.1053 -31.9716 4 20329.9 394.919 5001 9.15341e-05
20100 0.485578 0.468276 0.0173016 0 0.964369 7171.85 6886.81 285.044 0 -31.1066 -31.2928 4 20429.9 395.889 5026 9.31708e-05
20200 0.49312 0.47499 0.0181306 0 0.963233 7221.18 6934.31 286.876 0 -31.1055 -30.941 4 20529.9 396.856 5051 9.40387e-05
20300 0.490862 0.469018 0.0218435 0 0.9555 7270.06 6981.21 288.854 0 -31.1065 -31.2602 4 20629.9 397.822 5076 9.23992e-05
20400 0.459646 0.441955 0.0176906 0 0.961513 7316.19 7025.4 290.783 0 -31.1117 -31.9346 4 20729.9 398.785 5101 8.66409e-05
20500 0.459855 0.442423 0.0174317 0 0.962093 7362.21 7069.64 292.564 0 -31.1149 -31.6269 4 20829.9 399.745 5126 8.63097e-05
20600 0.465852 0.448083 0.0177699 0 0.961855 7408.79 7114.45 294.335 0 -31.1185 -31.6782 4 20929.9 400.704 5151 8.69894e-05
20700 0.51071 0.491456 0.0192539 0 0.9623 7459.98 7163.6 296.382 0 -31.1204 -31.4014 4 21029.9 401.66 5176 9.49491e-05
20800 0.49728 0.478901 0.0183788 0 0.963041 7509.89 7211.49 298.4 0 -31.123 -31.5041 4 21129.9 402.614 5201 9.20786e-05
20900 0.479475 0.461893 0.0175818 0 0.963331 7557.9 7257.68 300.225 0 -31.1267 -31.7074 4 21229.9 403.565 5226 8.83836e-05
21000 0.436983 0.423767 0.0132159 0 0.969756 7601.84 7300.05 301.782 0 -31.1339 -32.3737 4 21329.9 404.515 5251 8.07022e-05
21100 0.430836 0.417033 0.0138032 0 0.967962 7644.88 7341.76 303.125 0 -31.1395 -32.1375 4 21429.9 405.462 5276 7.90434e-05
21200 0.487914 0.472021 0.0158926 0 0.967428 7693.56 7388.96 304.603 0 -31.1413 -31.4186 4 21529.9 406.407 5301 8.90438e-05
21300 0.486255 0.470786 0.0154689 0 0.968188 7742.33 7436.04 306.287 0 -31.1458 -31.8596 4 21629.9 407.349 5326 8.83939e-05
21400 0.483415 0.467248 0.0161671 0 0.966557 7790.71 7482.76 307.95 0 -31.1502 -31.8558 4 21729.9 408.29 5351 8.73197e-05
21500 0.489937 0.473789 0.0161479 0 0.967041 7839.81 7530.14 309.664 0 -31.1557 -32.0187 4 21829.9 409.228 5376 8.81304e-05
21600 0.450367 0.435406 0.0149612 0 0.96678 7884.89 7573.68 311.204 0 -31.1612 -32.1259 4 21929.9 410.165 5401 8.06158e-05
21700 0.454925 0.440407 0.0145175 0 0.968088 7930.42 7617.72 312.692 0 -31.1674 -32.236 4 22029.9 411.099 5426 8.11661e-05
21800 0.456381 0.441743 0.0146381 0 0.967926 7976.13 7661.9 314.228 0 -31.1731 -32.162 4 22129.9 412.031 5451 8.10388e-05
21900 0.502251 0.479605 0.0226455 0 0.954912 8025.83 7709.86 315.973 0 -31.1745 -31.4043 4 22229.9 412.961 5476 8.75831e-05
22000 0.50722 0.488647 0.0185726 0 0.963383 8076.69 7758.72 317.965 0 -31.1794 -31.9487 4 22329.9 413.888 5501 8.88288e-05
22100 0.472802 0.456209 0.0165939 0 0.964903 8124.18 7804.34 319.832 0 -31.1848 -32.105 4 22429.9 414.814 5526 8.25567e-05
22200 0.442797 0.428821 0.0139752 0 0.968439 8168.63 7847.23 321.406 0 -31.1903 -32.1874 4 22529.9 415.738 5551 7.72512e-05
22300 0.452613 0.438507 0.0141054 0 0.968836 8214 7891.08 322.922 0 -31.1949 -32.0217 4 22629.9 416.659 5576 7.86419e-05
22400 0.443054 0.431823 0.0112309 0 0.974651 8258.53 7934.26 324.268 0 -31.2027 -32.6448 4 22729.9 417.579 5601 7.70975e-05
22500 0.430685 0.417433 0.0132529 0 0.969228 8301.55 7976 325.547 0 -31.2107 -32.7582 4 22829.9 418.497 5626 7.41971e-05
22600 0.470655 0.456307 0.0143484 0 0.969514 8348.74 8021.63 327.105 0 -31.2159 -32.1239 4 22929.9 419.412 5651 8.0748e-05
22700 0.447062 0.433454 0.0136083 0 0.969561 8393.53 8064.98 328.549 0 -31.2233 -32.6025 4 23029.9 420.326 5676 7.63661e-05
22800 0.450022 0.437777 0.0122451 0 0.97279 8438.72 8108.76 329.968 0 -31.2317 -32.7933 4 23129.9 421.237 5701 7.67895e-05
22900 0.449567 0.436956 0.012611 0 0.971948 8483.89 8152.45 331.436 0 -31.2365 -32.1219 4 23229.9 422.147 5726 7.63108e-05
23000 0.432187 0.420762 0.0114252 0 0.973564 8527.32 8194.53 332.793 0 -31.2431 -32.5413 4 23329.9 423.055 5751 7.31633e-05
23100 0.414008 0.403026 0.0109819 0 0.973474 8568.79 8234.83 333.955 0 -31.2515 -32.9767 4 23429.9 423.96 5776 6.97759e-05
23200 0.398789 0.388617 0.0101724 0 0.974492 8608.78 8273.69 335.084 0 -31.261 -33.3001 4 23529.9 424.864 5801 6.69913e-05
23300 0.409671 0.398936 0.0107349 0 0.973796 8649.78 8313.59 336.196 0 -31.2697 -33.0987 4 23629.9 425.766 5826 6.8475e-05
23400 0.409199 0.39663 0.0125693 0 0.969283 8690.59 8353.25 337.336 0 -31.2772 -32.8671 4 23729.9 426.666 5851 6.77884e-05
23500 0.42613 0.41409 0.0120404 0 0.971745 8733.36 8394.66 338.706 0 -31.2841 -32.6839 4 23829.9 427.564 5876 7.04713e-05
23600 0.413432 0.400484 0.0129484 0 0.968681 8774.76 8434.71 340.058 0 -31.2904 -32.6091 4 23929.9 428.46 5901 6.78671e-05
23700 0.423313 0.409228 0.0140845 0 0.966728 8817.05 8475.63 341.419 0 -31.2945 -32.1471 4 24029.9 429.354 5926 6.90564e-05
23800 0.43408 0.421366 0.0127141 0 0.97071 8860.78 8517.77 343.018 0 -31.3 -32.4065 4 24129.9 430.247 5951 7.08058e-05
23900 0.442945 0.429047 0.0138979 0 0.968624 8905.14 8560.67 344.468 0 -31.3014 -31.5832 4 24229.9 431.137 5976 7.17951e-05
24000 0.481337 0.464596 0.0167412 0 0.965219 8953.3 8607.13 346.17 0 -31.3012 -31.2638 4 24329.9 432.026 6001 7.74198e-05
24100 0.441796 0.426302 0.0154947 0 0.964928 8997.6 8649.76 347.843 0 -31.3043 -31.9346 4 24429.9 432.913 6026 7.07437e-05
24200 0.451562 0.43424 0.0173218 0 0.96164 9042.59 8693.18 349.403 0 -31.3097 -32.4009 4 24529.9 433.798 6051 7.17634e-05
24300 0.449182 0.436168 0.0130138 0 0.971028 9087.84 8736.8 351.039 0 -31.3167 -32.7166 4 24629.9 434.682 6076 7.17854e-05
24400 0.396762 0.38627 0.0104921 0 0.973556 9127.63 8775.43 352.203 0 -31.3247 -33.1317 4 24729.9 435.563 6101 6.33125e-05
24500 0.39811 0.387699 0.0104113 0 0.973848 9167.48 8814.2 353.283 0 -31.3312 -32.8406 4 24829.9 436.443 6126 6.32875e-05
24600 0.431095 0.416169 0.0149257 0 0.965377 9210.31 8855.81 354.494 0 -31.3348 -32.0857 4 24929.9 437.321 6151 6.76588e-05
24700 0.433869 0.420487 0.0133819 0 0.969157 9253.72 8897.86 355.86 0 -31.3384 -32.1159 4 25029.9 438.197 6176 6.80841e-05
24800 0.420233 0.407507 0.0127257 0 0.969718 9295.96 8938.61 357.344 0 -31.3416 -32.0492 4 25129.9 439.072 6201 6.57164e-05
24900 0.406404 0.393726 0.0126781 0 0.968804 9336.66 8977.99 358.673 0 -31.3464 -32.4364 4 25229.9 439.944 6226 6.3239e-05
25000 0.443554 0.429296 0.0142578 0 0.967856 9381.03 9020.92 360.115 0 -31.3525 -32.6382 4 25329.9 440.815 6251 6.86764e-05
25100 0.417593 0.405383 0.0122104 0 0.97076 9423 9061.45 361.544 0 -31.3599 -33.0113 4 25429.9 441.685 6276 6.45925e-05
25200 0.396715 0.384035 0.0126805 0 0.968036 9462.63 9099.86 362.773 0 -31.3656 -32.7131 4 25529.9 442.552 6301 6.09482e-05
25300 0.429157 0.416279 0.0128783 0 0.969992 9505.61 9141.49 364.126 0 -31.369 -32.1308 4 25629.9 443.418 6326 6.58045e-05
25400 0.464207 0.443171 0.0210361 0 0.954684 9551.44 9185.8 365.637 0 -31.3695 -31.466 4 25729.9 444.282 6351 6.97798e-05
25500 0.47495 0.459706 0.0152444 0 0.967903 9599.13 9231.77 367.356 0 -31.3732 -32.1113 4 25829.9 445.145 6376 7.20994e-05
25600 0.458529 0.441377 0.0171527 0 0.962592 9644.9 9275.91 368.988 0 -31.3753 -31.8146 4 25929.9 446.006 6401 6.89543e-05
25700 0.475983 0.458165 0.0178184 0 0.962565 9692.43 9321.73 370.703 0 -31.3801 -32.3486 4 26029.9 446.865 6426 7.12986e-05
25800 0.488901 0.470467 0.0184346 0 0.962294 9741.37 9368.77 372.592 0 -31.3837 -32.1066 4 26129.9 447.722 6451 7.29293e-05
25900 0.491724 0.474142 0.0175823 0 0.964244 9790.74 9416.19 374.55 0 -31.3871 -32.0523 4 26229.9 448.578 6476 7.32153e-05
26000 0.513535 0.493176 0.0203583 0 0.960356 9842.11 9465.51 376.604 0 -31.3886 -31.6845 4 26329.9 449.433 6501 7.58616e-05
26100 0.54864 0.527775 0.0208644 0 0.961971 9897.2 9518.28 378.913 0 -31.39 -31.6299 4 26429.9 450.285 6526 8.08727e-05
26200 0.545698 0.522593 0.0231049 0 0.95766 9951.7 9570.54 381.153 0 -31.3892 -31.2458 4 26529.9 451.136 6551 7.97731e-05
26300 0.515006 0.496002 0.0190041 0 0.963099 10003.4 9620.14 383.3 0 -31.3919 -31.9136 4 26629.9 451.986 6576 7.54261e-05
26400 0.507082 0.489049 0.0180332 0 0.964437 10054.2 9669.05 385.194 0 -31.394 -31.8057 4 26729.9 452.834 6601 7.40871e-05
26500 0.485653 0.468762 0.0168911 0 0.96522 10102.9 9715.92 386.935 0 -31.3972 -32.059 4 26829.9 453.68 6626 7.07458e-05
26600 0.474915 0.459506 0.0154087 0 0.967555 10150.5 9761.88 388.641 0 -31.4019 -32.4013 4 26929.9 454.524 6651 6.90882e-05
26700 0.432489 0.419297 0.013192 0 0.969497 10193.9 9803.8 390.123 0 -31.4084 -32.9251 4 27029.9 455.368 6676 6.28066e-05
26800 0.459224 0.444185 0.015039 0 0.967251 10239.9 9848.22 391.707 0 -31.4129 -32.421 4 27129.9 456.209 6701 6.62864e-05
26900 0.477866 0.457663 0.0202034 0 0.957722 10287.3 9893.99 393.306 0 -31.4145 -31.7583 4 27229.9 457.049 6726 6.80438e-05
27000 0.455039 0.441549 0.0134906 0 0.970353 10333 9938.14 394.809 0 -31.4174 -32.0621 4 27329.9 457.888 6751 6.54049e-05
27100 0.45395 0.44102 0.0129301 0 0.971516 10378.5 9982.25 396.228 0 -31.4212 -32.2781 4 27429.9 458.725 6776 6.50855e-05
27200 0.44544 0.428892 0.0165472 0 0.962852 10422.7 10025.1 397.526 0 -31.425 -32.3138 4 27529.9 459.56 6801 6.30631e-05
27300 0.484245 0.468301 0.0159441 0 0.967074 10471.1 10072 399.172 0 -31.4294 -32.3773 4 27629.9 460.394 6826 6.86055e-05
27400 0.461452 0.447485 0.0139671 0 0.969732 10517.4 10116.7 400.702 0 -31.4329 -32.226 4 27729.9 461.226 6851 6.53168e-05
27500 0.490069 0.471531 0.0185386 0 0.962171 10566.4 10163.9 402.49 0 -31.4337 -31.6197 4 27829.9 462.057 6876 6.85763e-05
27600 0.469293 0.451673 0.0176193 0 0.962456 10613.1 10209 404.106 0 -31.4375 -32.2802 4 27929.9 462.887 6901 6.54504e-05
27700 0.465767 0.450454 0.0153125 0 0.967124 10659.7 10254.1 405.665 0 -31.4431 -32.7222 4 28029.9 463.715 6926 6.50381e-05
27800 0.435415 0.422566 0.012849 0 0.97049 10703.5 10296.3 407.173 0 -31.45 -33.1246 4 28129.9 464.541 6951 6.0792e-05
27900 0.447536 0.430494 0.0170419 0 0.961921 10748 10339.4 408.632 0 -31.4561 -32.9293 4 28229.9 465.366 6976 6.17107e-05
28000 0.462895 0.447891 0.0150042 0 0.967586 10794.4 10384.2 410.207 0 -31.462 -32.8221 4 28329.9 466.189 7001 6.39753e-05
28100 0.43808 0.423733 0.014347 0 0.96725 10838.2 10426.5 411.62 0 -31.4673 -32.7859 4 28429.9 467.012 7026 6.03093e-05
28200 0.473414 0.457153 0.016261 0 0.965652 10885.5 10472.3 413.199 0 -31.4711 -32.3521 4 28529.9 467.832 7051 6.48352e-05
28300 0.460154 0.443507 0.0166478 0 0.963821 10931.4 10516.6 414.763 0 -31.4759 -32.5923 4 28629.9 468.651 7076 6.26776e-05
28400 0.443639 0.430391 0.0132473 0 0.97014 10975.8 10559.7 416.191 0 -31.4816 -32.885 4 28729.9 469.469 7101 6.06099e-05
28500 0.463273 0.448865 0.0144085 0 0.968899 11022.3 10604.5 417.715 0 -31.4856 -32.4293 4 28829.9 470.285 7126 6.29897e-05
28600 0.453961 0.440895 0.0130663 0 0.971217 11067.7 10648.6 419.088 0 -31.49 -32.5646 4 28929.9 471.1 7151 6.16549e-05
28700 0.428842 0.416658 0.0121839 0 0.971589 11110.7 10690.3 420.414 0 -31.4953 -32.8509 4 29029.9 471.914 7176 5.80628e-05
28800 0.407181 0.397308 0.00987321 0 0.975752 11151.6 10730 421.543 0 -31.5019 -33.3199 4 29129.9 472.726 7201 5.51739e-05
28900 0.428524 0.414535 0.0139894 0 0.967355 11194.2 10771.5 422.75 0 -31.5073 -32.9212 4 29229.9 473.537 7226 5.73672e-05
29000 0.464901 0.451992 0.0129095 0 0.972232 11240.8 10816.7 424.141 0 -31.5119 -32.6129 4 29329.9 474.346 7251 6.23351e-05
29100 0.438449 0.422872 0.0155771 0 0.964472 11284.4 10859 425.456 0 -31.5164 -32.665 4 29429.9 475.154 7276 5.81187e-05
29200 0.45701 0.439162 0.0178484 0 0.960945 11329.9 10902.9 427.026 0 -31.5206 -32.5682 4 29529.9 475.961 7301 6.01509e-05
29300 0.447563 0.431704 0.0158596 0 0.964564 11374.8 10946.1 428.705 0 -31.5256 -32.7979 4 29629.9 476.766 7326 5.89276e-05
29400 0.41188 0.398334 0.0135464 0 0.967111 11416.1 10985.9 430.242 0 -31.531 -32.9968 4 29729.9 477.57 7351 5.41877e-05
29500 0.391899 0.381033 0.0108664 0 0.972272 11455.5 11024 431.555 0 -31.537 -33.2789 4 29829.9 478.372 7376 5.16585e-05
29600 0.380063 0.36853 0.0115325 0 0.969656 11493.4 11060.8 432.595 0 -31.5424 -33.1876 4 29929.9 479.173 7401 4.97947e-05
29700 0.387523 0.377508 0.0100144 0 0.974158 11532.4 11098.6 433.775 0 -31.548 -33.1879 4 30029.9 479.973 7426 5.0836e-05
29800 0.425187 0.415631 0.00955625 0 0.977525 11575.2 11140.2 435.036 0 -31.5534 -32.9994 4 30129.9 480.772 7451 5.57819e-05
29900 0.363592 0.35623 0.00736201 0 0.979752 11611.7 11175.8 435.912 0 -31.5608 -33.9212 4 30229.9 481.569 7476 4.76498e-05
30000 0.402776 0.391786 0.0109902 0 0.972714 11651.8 11215 436.821 0 -31.5677 -33.5531 4 30329.9 482.365 7501 5.22312e-05
30100 0.447804 0.435683 0.012121 0 0.972932 11696.7 11258.5 438.178 0 -31.5726 -32.8579 4 30429.9 483.159 7526 5.78904e-05
30200 0.416558 0.403648 0.0129103 0 0.969007 11738.4 11298.9 439.543 0 -31.577 -32.8096 4 30529.9 483.952 7551 5.34562e-05
30300 0.453785 0.441503 0.0122821 0 0.972934 11784.1 11343 441.026 0 -31.5783 -31.9231 4 30629.9 484.744 7576 5.82766e-05
30400 0.43026 0.416363 0.0138967 0 0.967702 11827 11384.7 442.37 0 -31.5825 -32.7197 4 30729.9 485.535 7601 5.47774e-05
30500 0.476971 0.457829 0.0191424 0 0.959867 11874.5 11430.5 444.079 0 -31.5858 -32.4177 4 30829.9 486.324 7626 6.00352e-05
30600 0.484859 0.467995 0.0168636 0 0.96522 11923.2 11477.3 445.901 0 -31.5875 -31.9998 4 30929.9 487.112 7651 6.11678e-05
30700 0.467123 0.447811 0.0193116 0 0.958658 11969.8 11522 447.742 0 -31.589 -31.9782 4 31029.9 487.899 7676 5.83391e-05
30800 0.490467 0.470253 0.0202134 0 0.958787 12019 11569.1 449.957 0 -31.5908 -32.0183 4 31129.9 488.685 7701 6.10639e-05
30900 0.4387 0.421564 0.0171361 0 0.960939 12063.1 11611.2 451.871 0 -31.5943 -32.5463 4 31229.9 489.469 7726 5.45643e-05
31000 0.438626 0.422663 0.0159633 0 0.963606 12107.1 11653.5 453.632 0 -31.5976 -32.5132 4 31329.9 490.252 7751 5.45301e-05
31100 0.450405 0.434042 0.0163625 0 0.963672 12152.3 11696.9 455.379 0 -31.6007 -32.4091 4 31429.9 491.034 7776 5.58182e-05
31200 0.419862 0.40556 0.0143019 0 0.965937 12194.4 11737.4 456.917 0 -31.6043 -32.6438 4 31529.9 491.814 7801 5.19882e-05
31300 0.412141 0.399161 0.0129801 0 0.968506 12235.7 11777.4 458.333 0 -31.6086 -32.887 4 31629.9 492.594 7826 5.10045e-05
31400 0.418728 0.405462 0.0132666 0 0.968317 12277.5 11817.9 459.612 0 -31.6116 -32.5001 4 31729.9 493.372 7851 5.16446e-05
31500 0.444055 0.429136 0.0149187 0 0.966403 12321.9 11860.8 461.03 0 -31.615 -32.5617 4 31829.9 494.149 7876 5.44866e-05
31600 0.423765 0.412224 0.0115409 0 0.972766 12364.4 11902 462.315 0 -31.6199 -33.0147 4 31929.9 494.924 7901 5.21737e-05
31700 0.45316 0.437104 0.0160555 0 0.96457 12409.4 11945.8 463.597 0 -31.6227 -32.4054 4 32029.9 495.699 7926 5.51482e-05
31800 0.450111 0.435497 0.0146134 0 0.967534 12454.5 11989.3 465.182 0 -31.6256 -32.432 4 32129.9 496.472 7951 5.47727e-05
31900 0.466413 0.450036 0.0163765 0 0.964888 12501.2 12034.3 466.865 0 -31.628 -32.2647 4 32229.9 497.244 7976 5.64238e-05
32000 0.497289 0.47932 0.0179681 0 0.963868 12551 12082.2 468.708 0 -31.6308 -32.3256 4 32329.9 498.015 8001 5.99076e-05
32100 0.526252 0.505379 0.0208733 0 0.960336 12603.5 12132.8 470.733 0 -31.6332 -32.2167 4 32429.9 498.784 8026 6.29677e-05
32200 0.501173 0.480744 0.0204284 0 0.959239 12653.6 12180.9 472.736 0 -31.6345 -31.9501 4 32529.9 499.553 8051 5.97124e-05
32300 0.478131 0.460441 0.0176896 0 0.963003 12701.5 12226.9 474.576 0 -31.637 -32.2979 4 32629.9 500.32 8076 5.70135e-05
32400 0.457177 0.440271 0.016906 0 0.963021 12747.2 12270.9 476.322 0 -31.6404 -32.5792 4 32729.9 501.086 8101 5.43477e-05
32500 0.447133 0.43261 0.0145228 0 0.96752 12792 12314.2 477.852 0 -31.6444 -32.8011 4 32829.9 501.851 8126 5.32377e-05
32600 0.450092 0.43541 0.0146817 0 0.967381 12837.1 12357.7 479.4 0 -31.6473 -32.46 4 32929.9 502.615 8151 5.3418e-05
32700 0.450678 0.436085 0.0145934 0 0.967619 12882.3 12401.3 480.931 0 -31.6492 -32.1842 4 33029.9 503.377 8176 5.33372e-05
32800 0.452874 0.436361 0.0165129 0 0.963538 12927.6 12445 482.597 0 -31.6502 -31.9314 4 33129.9 504.139 8201 5.32083e-05
32900 0.438065 0.422201 0.0158636 0 0.963787 12971.4 12487.2 484.165 0 -31.6528 -32.4409 4 33229.9 504.899 8226 5.13252e-05
33000 0.444255 0.42621 0.0180455 0 0.95938 13015.6 12529.8 485.788 0 -31.6559 -32.562 4 33329.9 505.658 8251 5.16556e-05
33100 0.460968 0.442468 0.0185009 0 0.959865 13061.7 12574.1 487.621 0 -31.6576 -32.1331 4 33429.9 506.416 8276 5.34639e-05
33200 0.429405 0.412294 0.017111 0 0.960152 13104.6 12615.3 489.265 0 -31.6606 -32.5655 4 33529.9 507.173 8301 4.96679e-05
33300 0.434586 0.420975 0.0136116 0 0.968679 13148.1 12657.4 490.712 0 -31.6627 -32.2869 4 33629.9 507.929 8326 5.05614e-05
33400 0.42681 0.415677 0.0111322 0 0.973918 13191 12699 492.046 0 -31.6659 -32.6728 4 33729.9 508.683 8351 4.97758e-05
33500 0.424742 0.411704 0.0130382 0 0.969303 13233.5 12740.1 493.361 0 -31.6691 -32.6571 4 33829.9 509.437 8376 4.91528e-05
33600 0.42222 0.408335 0.0138848 0 0.967115 13275.6 12781 494.664 0 -31.6726 -32.7745 4 33929.9 510.189 8401 4.86055e-05
33700 0.421429 0.407082 0.0143465 0 0.965957 13317.7 12821.7 496.028 0 -31.6762 -32.8054 4 34029.9 510.94 8426 4.83126e-05
33800 0.406865 0.394174 0.012691 0 0.968808 13358.5 12861.1 497.382 0 -31.6807 -33.1459 4 34129.9 511.691 8451 4.66423e-05
33900 0.419721 0.405747 0.0139741 0 0.966706 13400.3 12901.7 498.664 0 -31.6853 -33.1562 4 34229.9 512.44 8476 4.78701e-05
34000 0.435226 0.420244 0.0149818 0 0.965577 13443.8 12943.7 500.136 0 -31.6892 -32.9049 4 34329.9 513.188 8501 4.94346e-05
34100 0.484154 0.468183 0.0159708 0 0.967013 13492.3 12990.5 501.814 0 -31.6901 -31.9298 4 34429.9 513.935 8526 5.49124e-05
34200 0.447541 0.43248 0.0150609 0 0.966347 13537.1 13033.8 503.344 0 -31.6921 -32.2977 4 34529.9 514.68 8551 5.05766e-05
34300 0.448222 0.431024 0.017198 0 0.961631 13581.8 13076.9 504.938 0 -31.6945 -32.413 4 34629.9 515.425 8576 5.02593e-05
34400 0.453907 0.436455 0.0174522 0 0.961551 13627.2 13120.5 506.711 0 -31.697 -32.4559 4 34729.9 516.169 8601 5.07446e-05
34500 0.424442 0.410857 0.0135852 0 0.967993 13669.8 13161.6 508.228 0 -31.7007 -32.8629 4 34829.9 516.911 8626 4.76301e-05
34600 0.474815 0.457216 0.0175997 0 0.962934 13717.3 13207.3 509.957 0 -31.7018 -32.0183 4 34929.9 517.653 8651 5.28512e-05
34700 0.423925 0.410517 0.013408 0 0.968372 13759.8 13248.4 511.49 0 -31.7057 -32.9885 4 35029.9 518.393 8676 4.73164e-05
34800 0.482853 0.466082 0.0167709 0 0.965267 13808.1 13295 513.108 0 -31.7082 -32.4213 4 35129.9 519.133 8701 5.35665e-05
34900 0.463364 0.446202 0.0171615 0 0.962963 13854.3 13339.6 514.703 0 -31.711 -32.5192 4 35229.9 519.871 8726 5.11348e-05
35000 0.452338 0.437936 0.0144016 0 0.968162 13899.6 13383.4 516.263 0 -31.7143 -32.727 4 35329.9 520.608 8751 5.00441e-05
35100 0.433607 0.420372 0.0132351 0 0.969477 13943.1 13425.4 517.699 0 -31.7189 -33.212 4 35429.9 521.345 8776 4.79002e-05
35200 0.401324 0.390539 0.0107852 0 0.973126 13983.4 13464.5 518.963 0 -31.7237 -33.3844 4 35529.9 522.08 8801 4.43744e-05
35300 0.428634 0.414319 0.0143149 0 0.966603 14026.2 13505.9 520.261 0 -31.7267 -32.7066 4 35629.9 522.814 8826 4.6943e-05
35400 0.425135 0.411331 0.0138039 0 0.967531 14068.7 13547 521.631 0 -31.7303 -32.9145 4 35729.9 523.547 8851 4.64729e-05
35500 0.487605 0.469195 0.0184091 0 0.962246 14117.4 13594 523.417 0 -31.7317 -32.1331 4 35829.9 524.279 8876 5.28611e-05
35600 0.485735 0.468881 0.0168541 0 0.965302 14166 13640.8 525.206 0 -31.7351 -32.7265 4 35929.9 525.01 8901 5.26773e-05
35700 0.447127 0.430952 0.0161749 0 0.963825 14210.9 13683.9 526.97 0 -31.7382 -32.714 4 36029.9 525.741 8926 4.82805e-05
35800 0.443944 0.428494 0.01545 0 0.965198 14255.3 13726.8 528.522 0 -31.7408 -32.5558 4 36129.9 526.47 8951 4.78711e-05
35900 0.439332 0.426245 0.0130866 0 0.970212 14299.4 13769.4 529.98 0 -31.743 -32.4748 4 36229.9 527.198 8976 4.74872e-05
36000 0.439193 0.423633 0.0155604 0 0.964571 14343.1 13811.8 531.37 0 -31.7445 -32.2114 4 36329.9 527.925 9001 4.70651e-05
36100 0.515616 0.499044 0.0165728 0 0.967858 14394.8 13861.7 533.08 0 -31.7429 -31.3215 4 36429.9 528.651 9026 5.52896e-05
36200 0.502532 0.485969 0.0165634 0 0.96704 14445.2 13910.3 534.937 0 -31.7416 -31.353 4 36529.9 529.376 9051 5.36923e-05
36300 0.480012 0.463752 0.0162601 0 0.966126 14493.2 13956.7 536.596 0 -31.7419 -31.8494 4 36629.9 530.1 9076 5.10965e-05
36400 0.472774 0.458079 0.0146954 0 0.968917 14540.8 14002.5 538.306 0 -31.7429 -32.0513 4 36729.9 530.823 9101 5.03328e-05
36500 0.476583 0.462009 0.0145742 0 0.969419 14588.5 14048.7 539.801 0 -31.745 -32.3674 4 36829.9 531.545 9126 5.06256e-05
36600 0.482322 0.467431 0.0148909 0 0.969127 14636.8 14095.4 541.394 0 -31.7449 -31.716 4 36929.9 532.266 9151 5.10798e-05
36700 0.443494 0.430509 0.0129849 0 0.970721 14681.2 14138.5 542.785 0 -31.7456 -31.9902 4 37029.9 532.987 9176 4.69169e-05
36800 0.48797 0.473106 0.0148638 0 0.96954 14730.1 14185.8 544.287 0 -31.7448 -31.5018 4 37129.9 533.706 9201 5.1419e-05
36900 0.486451 0.470659 0.0157922 0 0.967536 14778.8 14232.8 545.924 0 -31.7461 -32.1215 4 37229.9 534.424 9226 5.10144e-05
37000 0.482471 0.469333 0.0131379 0 0.97277 14827.3 14279.8 547.545 0 -31.7458 -31.6758 4 37329.9 535.141 9251 5.07332e-05
37100 0.448925 0.435445 0.0134805 0 0.969972 14872.3 14323.3 548.947 0 -31.7471 -32.1635 4 37429.9 535.857 9276 4.69432e-05
37200 0.442624 0.427977 0.0146467 0 0.966909 14916.5 14366.1 550.398 0 -31.748 -32.0379 4 37529.9 536.573 9301 4.60141e-05
37300 0.445152 0.431387 0.0137652 0 0.969078 14961 14409.2 551.792 0 -31.7495 -32.2668 4 37629.9 537.287 9326 4.62564e-05
37400 0.448491 0.432844 0.0156465 0 0.965113 15005.8 14452.5 553.318 0 -31.7515 -32.4007 4 37729.9 538.001 9351 4.62886e-05
37500 0.427271 0.413856 0.0134147 0 0.968604 15048.6 14493.9 554.691 0 -31.7532 -32.3745 4 37829.9 538.713 9376 4.414e-05
37600 0.439563 0.426083 0.0134802 0 0.969333 15092.5 14536.5 556.013 0 -31.755 -32.3648 4 37929.9 539.425 9401 4.53232e-05
37700 0.433738 0.421502 0.0122366 0 0.971788 15136.1 14578.7 557.436 0 -31.7574 -32.5733 4 38029.9 540.135 9426 4.47169e-05
37800 0.43788 0.423323 0.0145568 0 0.966756 15179.9 14621 558.921 0 -31.7587 -32.2095 4 38129.9 540.845 9451 4.47914e-05
37900 0.425769 0.413186 0.0125832 0 0.970446 15222.6 14662.3 560.321 0 -31.7596 -32.101 4 38229.9 541.554 9476 4.36034e-05
38000 0.439996 0.425116 0.0148798 0 0.966182 15266.5 14704.8 561.677 0 -31.7617 -32.4645 4 38329.9 542.262 9501 4.47444e-05
38100 0.477015 0.461245 0.0157702 0 0.96694 15314.3 14751 563.296 0 -31.7635 -32.3528 4 38429.9 542.968 9526 4.84196e-05
38200 0.446889 0.429966 0.0169226 0 0.962132 15358.7 14794 564.76 0 -31.7652 -32.3401 4 38529.9 543.674 9551 4.50179e-05
38300 0.46191 0.446892 0.0150184 0 0.967486 15405 14838.6 566.356 0 -31.7659 -32.0195 4 38629.9 544.379 9576 4.66679e-05
38400 0.446372 0.430295 0.0160772 0 0.963983 15449.5 14881.7 567.844 0 -31.7674 -32.287 4 38729.9 545.084 9601 4.48177e-05
38500 0.436932 0.423087 0.0138456 0 0.968312 15493.3 14924 569.298 0 -31.7695 -32.4909 4 38829.9 545.787 9626 4.39525e-05
38600 0.437261 0.424994 0.0122668 0 0.971946 15537.2 14966.5 570.671 0 -31.7721 -32.7013 4 38929.9 546.489 9651 4.40363e-05
38700 0.442003 0.428013 0.0139896 0 0.968349 15581.2 15009.3 571.961 0 -31.7741 -32.4777 4 39029.9 547.191 9676 4.42345e-05
38800 0.448863 0.435024 0.0138387 0 0.969169 15626.2 15052.8 573.444 0 -31.7753 -32.1945 4 39129.9 547.891 9701 4.48433e-05
38900 0.439672 0.423748 0.0159245 0 0.963781 15670.1 15095.2 574.94 0 -31.7761 -32.0647 4 39229.9 548.591 9726 4.35685e-05
39000 0.426701 0.414103 0.0125984 0 0.970475 15712.9 15136.6 576.344 0 -31.779 -32.8295 4 39329.9 549.29 9751 4.24677e-05
39100 0.412367 0.399445 0.0129221 0 0.968664 15754.2 15176.5 577.632 0 -31.7827 -33.1795 4 39429.9 549.987 9776 4.08598e-05
39200 0.386057 0.373401 0.0126561 0 0.967217 15792.7 15213.9 578.823 0 -31.7864 -33.3125 4 39529.9 550.684 9801 3.80983e-05
39300 0.403011 0.39128 0.0117302 0 0.970894 15833 15253 580.06 0 -31.7908 -33.5128 4 39629.9 551.381 9826 3.98209e-05
39400 0.371491 0.361921 0.0095699 0 0.974239 15870.3 15289.2 581.155 0 -31.7951 -33.615 4 39729.9 552.076 9851 3.67395e-05
39500 0.41526 0.402126 0.0131347 0 0.96837 15911.6 15329.4 582.225 0 -31.7978 -32.8423 4 39829.9 552.77 9876 4.07175e-05
39600 0.451356 0.436891 0.0144648 0 0.967952 15956.8 15373.1 583.737 0 -31.801 -32.9296 4 39929.9 553.464 9901 4.41259e-05
39700 0.42391 0.409875 0.0140353 0 0.966891 15999.2 15414.1 585.151 0 -31.8042 -32.995 4 40029.9 554.156 9926 4.12931e-05
39800 0.425225 0.412137 0.0130882 0 0.969221 16041.8 15455.3 586.522 0 -31.8062 -32.5772 4 40129.9 554.848 9951 4.14166e-05
39900 0.475278 0.461186 0.0140913 0 0.970351 16089.6 15501.4 588.186 0 -31.8086 -32.6017 4 40229.9 555.539 9976 4.62296e-05
40000 0.439668 0.426141 0.0135277 0 0.969232 16133.6 15544 589.573 0 -31.8107 -32.5998 4 40329.9 556.229 10001 4.26098e-05
40100 0.490871 0.476175 0.0146962 0 0.970061 16182.9 15591.6 591.239 0 -31.8115 -32.0519 4 40429.9 556.918 10026 4.7494e-05
40200 0.444686 0.427605 0.0170813 0 0.961588 16227.1 15634.4 592.675 0 -31.8129 -32.3214 4 40529.9 557.606 10051 4.25435e-05
40300 0.472011 0.455386 0.0166253 0 0.964778 16274.3 15679.9 594.367 0 -31.8135 -32.0454 4 40629.9 558.294 10076 4.51951e-05
40400 0.469321 0.452255 0.0170664 0 0.963636 16321.2 15725.2 596.026 0 -31.8144 -32.132 4 40729.9 558.98 10101 4.47733e-05
40500 0.452857 0.43808 0.0147776 0 0.967368 16366.5 15769 597.552 0 -31.8164 -32.5244 4 40829.9 559.666 10126 4.32628e-05
40600 0.450541 0.435732 0.0148093 0 0.96713 16411.4 15812.5 598.908 0 -31.8186 -32.6201 4 40929.9 560.351 10151 4.2925e-05
40700 0.461732 0.44743 0.0143018 0 0.969026 16457.6 15857.3 600.311 0 -31.8199 -32.2909 4 41029.9 561.035 10176 4.39692e-05
40800 0.449433 0.436732 0.0127013 0 0.971739 16502.7 15901 601.701 0 -31.822 -32.5713 4 41129.9 561.719 10201 4.28127e-05
40900 0.451542 0.438934 0.0126072 0 0.97208 16547.9 15944.8 603.049 0 -31.8236 -32.4027 4 41229.9 562.401 10226 4.29234e-05
41000 0.437912 0.42621 0.0117021 0 0.973278 16591.8 15987.5 604.324 0 -31.8259 -32.6863 4 41329.9 563.083 10251 4.15774e-05
41100 0.434023 0.420285 0.0137378 0 0.968348 16635 16029.5 605.481 0 -31.8288 -32.9624 4 41429.9 563.763 10276 4.08997e-05
41200 0.450034 0.436629 0.0134046 0 0.970214 16680 16073.2 606.803 0 -31.8323 -33.1244 4 41529.9 564.443 10301 4.23871e-05
41300 0.431363 0.420145 0.0112182 0 0.973994 16723.2 16115.2 607.999 0 -31.836 -33.2684 4 41629.9 565.123 10326 4.06881e-05
41400 0.445845 0.434762 0.0110834 0 0.975141 16767.8 16158.7 609.181 0 -31.8381 -32.6091 4 41729.9 565.801 10351 4.20019e-05
41500 0.425246 0.413662 0.0115843 0 0.972759 16810.3 16200 610.315 0 -31.8404 -32.7474 4 41829.9 566.478 10376 3.98672e-05
41600 0.467419 0.448367 0.0190518 0 0.95924 16856.5 16244.9 611.605 0 -31.8404 -31.8554 4 41929.9 567.155 10401 4.31081e-05
41700 0.490287 0.474101 0.0161858 0 0.966987 16905.5 16292.3 613.253 0 -31.8408 -31.9864 4 42029.9 567.831 10426 4.5473e-05
41800 0.438512 0.425104 0.0134087 0 0.969422 16949.5 16334.8 614.736 0 -31.8427 -32.5506 4 42129.9 568.506 10451 4.06759e-05
41900 0.43098 0.418779 0.0122017 0 0.971689 16992.8 16376.7 616.107 0 -31.8456 -32.9916 4 42229.9 569.18 10476 3.99751e-05
42000 0.464512 0.44696 0.0175517 0 0.962215 17038.9 16421.3 617.557 0 -31.8473 -32.4637 4 42329.9 569.854 10501 4.25636e-05
42100 0.44367 0.430099 0.0135714 0 0.969411 17083.5 16464.4 619.143 0 -31.8502 -32.9622 4 42429.9 570.527 10526 4.08606e-05
42200 0.466348 0.451933 0.0144143 0 0.969091 17130.2 16509.6 620.691 0 -31.8537 -33.1523 4 42529.9 571.199 10551 4.28332e-05
42300 0.429224 0.416273 0.0129517 0 0.969825 17173.3 16551.2 622.097 0 -31.8574 -33.2934 4 42629.9 571.87 10576 3.93601e-05
42400 0.416005 0.401822 0.0141831 0 0.965906 17214.8 16591.4 623.464 0 -31.8601 -33.0041 4 42729.9 572.54 10601 3.79041e-05
42500 0.436441 0.425752 0.010689 0 0.975509 17258.8 16633.9 624.846 0 -31.863 -33.0042 4 42829.9 573.21 10626 4.0067e-05
42600 0.418565 0.406076 0.0124896 0 0.970161 17300.6 16674.5 626.027 0 -31.8661 -33.1283 4 42929.9 573.878 10651 3.81256e-05
42700 0.446513 0.432034 0.0144793 0 0.967572 17345.3 16717.7 627.559 0 -31.8681 -32.6419 4 43029.9 574.546 10676 4.04677e-05
42800 0.443702 0.430115 0.0135863 0 0.96938 17389.7 16760.8 628.985 0 -31.8701 -32.6522 4 43129.9 575.214 10701 4.01939e-05
42900 0.431104 0.418664 0.012439 0 0.971146 17433 16802.6 630.328 0 -31.8722 -32.7217 4 43229.9 575.88 10726 3.90327e-05
43000 0.448103 0.435645 0.012458 0 0.972198 17478 16846.2 631.772 0 -31.8748 -32.8627 4 43329.9 576.546 10751 4.05213e-05
43100 0.450652 0.436225 0.0144274 0 0.967986 17522.9 16889.8 633.113 0 -31.8765 -32.5526 4 43429.9 577.211 10776 4.04811e-05
43200 0.456627 0.441346 0.0152813 0 0.966534 17568.5 16933.9 634.539 0 -31.8775 -32.2552 4 43529.9 577.875 10801 4.08616e-05
43300 0.49168 0.474092 0.017588 0 0.964229 17617.5 16981.4 636.195 0 -31.8771 -31.7285 4 43629.9 578.538 10826 4.3792e-05
43400 0.465514 0.449082 0.0164322 0 0.964701 17664.2 17026.3 637.935 0 -31.8776 -32.0919 4 43729.9 579.201 10851 4.13862e-05
43500 0.498554 0.480264 0.0182895 0 0.963315 17714 17074.3 639.752 0 -31.8782 -32.0779 4 43829.9 579.863 10876 4.41582e-05
43600 0.481742 0.465626 0.0161164 0 0.966546 17762.5 17120.9 641.603 0 -31.8798 -32.461 4 43929.9 580.524 10901 4.2714e-05
43700 0.465698 0.450002 0.0156968 0 0.966294 17809 17165.9 643.194 0 -31.8822 -32.8077 4 44029.9 581.184 10926 4.11863e-05
43800 0.46179 0.445248 0.0165419 0 0.964179 17855.2 17210.4 644.804 0 -31.8841 -32.6217 4 44129.9 581.844 10951 4.06582e-05
43900 0.471829 0.456823 0.0150052 0 0.968198 17902.5 17256.1 646.426 0 -31.8854 -32.3769 4 44229.9 582.503 10976 4.16202e-05
44000 0.473215 0.455695 0.0175204 0 0.962976 17949.7 17301.6 648.105 0 -31.8867 -32.3627 4 44329.9 583.161 11001 4.1423e-05
44100 0.479992 0.461062 0.0189296 0 0.960563 17997.6 17347.7 649.851 0 -31.8874 -32.1489 4 44429.9 583.818 11026 4.18159e-05
44200 0.484248 0.469704 0.0145448 0 0.969964 18046.2 17394.7 651.499 0 -31.8889 -32.4443 4 44529.9 584.475 11051 4.25033e-05
44300 0.460514 0.444481 0.0160333 0 0.965184 18092.1 17439.2 652.957 0 -31.8907 -32.6133 4 44629.9 585.131 11076 4.01301e-05
44400 0.447886 0.433841 0.014045 0 0.968642 18136.9 17482.5 654.412 0 -31.8935 -33.0139 4 44729.9 585.786 11101 3.90813e-05
44500 0.439287 0.425319 0.0139674 0 0.968204 18180.9 17525.1 655.821 0 -31.8966 -33.1769 4 44829.9 586.44 11126 3.82275e-05
44600 0.47116 0.458438 0.0127224 0 0.972998 18228.3 17570.9 657.353 0 -31.8993 -32.9491 4 44929.9 587.094 11151 4.11118e-05
44700 0.469751 0.454839 0.0149128 0 0.968254 18275.1 17616.4 658.747 0 -31.9024 -33.0882 4 45029.9 587.747 11176 4.06978e-05
44800 0.452736 0.437597 0.0151396 0 0.96656 18320.3 17660.2 660.184 0 -31.9052 -33.0369 4 45129.9 588.399 11201 3.90676e-05
44900 0.454126 0.439486 0.0146402 0 0.967762 18365.7 17704.1 661.615 0 -31.9069 -32.6073 4 45229.9 589.051 11226 3.91489e-05
45000 0.463002 0.447683 0.0153191 0 0.966913 18412 17748.9 663.175 0 -31.9083 -32.4517 4 45329.9 589.702 11251 3.97905e-05
45100 0.486856 0.46805 0.0188062 0 0.961372 18460.6 17795.7 664.935 0 -31.9078 -31.7142 4 45429.9 590.352 11276 4.15085e-05
45200 0.441281 0.425587 0.0156939 0 0.964436 18504.8 17838.2 666.543 0 -31.9087 -32.2779 4 45529.9 591.001 11301 3.76593e-05
45300 0.405859 0.393881 0.0119779 0 0.970488 18545.6 17877.6 667.96 0 -31.9111 -33.0342 4 45629.9 591.65 11326 3.47767e-05
45400 0.381018 0.370378 0.0106405 0 0.972073 18583.7 17914.7 669.079 0 -31.9143 -33.474 4 45729.9 592.298 11351 3.26295e-05
45500 0.375035 0.365801 0.0092343 0 0.975378 18621.4 17951.2 670.151 0 -31.9179 -33.6882 4 45829.9 592.945 11376 3.21555e-05
45600 0.425678 0.411495 0.0141832 0 0.966681 18663.7 17992.4 671.298 0 -31.919 -32.3926 4 45929.9 593.592 11401 3.60929e-05
45700 0.449118 0.435686 0.0134317 0 0.970093 18708.7 18036 672.78 0 -31.9204 -32.4923 4 46029.9 594.237 11426 3.81311e-05
45800 0.445328 0.42995 0.0153784 0 0.965467 18753.2 18079 674.217 0 -31.9216 -32.4421 4 46129.9 594.883 11451 3.75469e-05
45900 0.413122 0.401047 0.0120745 0 0.970773 18794.7 18119.1 675.599 0 -31.924 -32.9899 4 46229.9 595.527 11476 3.49466e-05
46000 0.442093 0.429314 0.0127784 0 0.971096 18839 18162 677.046 0 -31.9255 -32.5521 4 46329.9 596.171 11501 3.73284e-05
46100 0.458082 0.444033 0.0140491 0 0.969331 18885.1 18206.4 678.656 0 -31.9279 -32.9403 4 46429.9 596.814 11526 3.85245e-05
46200 0.4615 0.446815 0.0146848 0 0.96818 18931.4 18251.1 680.273 0 -31.9303 -32.9024 4 46529.9 597.456 11551 3.8682e-05
46300 0.432187 0.418033 0.0141541 0 0.96725 18974.7 18292.9 681.846 0 -31.9333 -33.22 4 46629.9 598.098 11576 3.6112e-05
46400 0.422498 0.409476 0.0130218 0 0.969179 19017.1 18333.8 683.278 0 -31.9354 -32.8819 4 46729.9 598.739 11601 3.52966e-05
46500 0.412018 0.397894 0.0141243 0 0.965719 19058.2 18373.6 684.598 0 -31.9378 -33.0555 4 46829.9 599.379 11626 3.42245e-05
46600 0.442044 0.428453 0.0135915 0 0.969253 19102.5 18416.5 686.061 0 -31.9397 -32.7638 4 46929.9 600.019 11651 3.67739e-05
46700 0.441369 0.424704 0.0166653 0 0.962242 19146.3 18458.9 687.401 0 -31.9416 -32.7614 4 47029.9 600.658 11676 3.63741e-05
46800 0.458893 0.441425 0.017468 0 0.961934 19192.1 18503.1 689.045 0 -31.9428 -32.434 4 47129.9 601.296 11701 3.77254e-05
46900 0.466426 0.450959 0.015467 0 0.966839 19238.9 18548.2 690.735 0 -31.9444 -32.6269 4 47229.9 601.933 11726 3.84581e-05
47000 0.477643 0.459508 0.0181348 0 0.962033 19286.6 18594.1 692.429 0 -31.945 -32.1753 4 47329.9 602.57 11751 3.91037e-05
47100 0.510763 0.492935 0.0178276 0 0.965096 19337.7 18643.4 694.314 0 -31.9462 -32.3934 4 47429.9 603.207 11776 4.18593e-05
47200 0.4818 0.463392 0.0184081 0 0.961793 19385.9 18689.8 696.149 0 -31.9477 -32.5575 4 47529.9 603.842 11801 3.92671e-05
47300 0.475962 0.459301 0.0166612 0 0.964995 19433.5 18735.7 697.854 0 -31.9495 -32.6767 4 47629.9 604.477 11826 3.88382e-05
47400 0.47865 0.461192 0.0174579 0 0.963527 19481.4 18781.8 699.604 0 -31.9513 -32.6711 4 47729.9 605.111 11851 3.89159e-05
47500 0.48136 0.465035 0.0163246 0 0.966086 19529.6 18828.3 701.333 0 -31.9531 -32.6763 4 47829.9 605.745 11876 3.91575e-05
47600 0.484833 0.469428 0.0154052 0 0.968226 19578.3 18875.3 703.064 0 -31.9551 -32.759 4 47929.9 606.378 11901 3.94444e-05
47700 0.486668 0.468137 0.0185311 0 0.961922 19626.8 18922.1 704.782 0 -31.9571 -32.7827 4 48029.9 607.01 11926 3.92535e-05
47800 0.457719 0.441315 0.0164048 0 0.96416 19672.5 18966.2 706.291 0 -31.9588 -32.6982 4 48129.9 607.642 11951 3.6927e-05
47900 0.45535 0.441386 0.013964 0 0.969334 19718.2 19010.3 707.825 0 -31.961 -32.9045 4 48229.9 608.272 11976 3.68559e-05
48000 0.467132 0.450364 0.0167681 0 0.964104 19764.7 19055.4 709.295 0 -31.9631 -32.8521 4 48329.9 608.903 12001 3.75272e-05
48100 0.509845 0.493734 0.016111 0 0.9684 19815.8 19104.7 711.097 0 -31.9648 -32.6241 4 48429.9 609.532 12026 4.10555e-05
48200 0.462566 0.447919 0.0146466 0 0.968336 19862.2 19149.5 712.656 0 -31.9671 -32.9633 4 48529.9 610.161 12051 3.71686e-05
48300 0.44798 0.435362 0.0126178 0 0.971834 19907.1 19193.1 714.074 0 -31.9691 -32.815 4 48629.9 610.79 12076 3.60519e-05
48400 0.466111 0.453224 0.0128865 0 0.972353 19953.9 19238.4 715.544 0 -31.9705 -32.5872 4 48729.9 611.417 12101 3.74534e-05
48500 0.44085 0.426836 0.0140136 0 0.968212 19997.8 19281.1 716.768 0 -31.973 -33.0839 4 48829.9 612.044 12126 3.52001e-05
48600 0.450836 0.435875 0.0149609 0 0.966815 20042.8 19324.7 718.179 0 -31.9752 -32.9795 4 48929.9 612.671 12151 3.58716e-05
48700 0.478629 0.460231 0.0183977 0 0.961562 20090.5 19370.7 719.777 0 -31.976 -32.306 4 49029.9 613.297 12176 3.77982e-05
48800 0.45794 0.44239 0.0155496 0 0.966044 20136.4 19414.9 721.452 0 -31.9775 -32.6305 4 49129.9 613.922 12201 3.62585e-05
48900 0.443202 0.430387 0.0128144 0 0.971087 20180.8 19458 722.878 0 -31.9795 -32.8873 4 49229.9 614.546 12226 3.52026e-05
49000 0.403582 0.39423 0.0093524 0 0.976827 20221.4 19497.4 724.049 0 -31.9826 -33.5326 4 49329.9 615.17 12251 3.21794e-05
49100 0.407443 0.396123 0.0113202 0 0.972217 20262.1 19537 725.118 0 -31.9853 -33.335 4 49429.9 615.793 12276 3.22681e-05
49200 0.406471 0.395618 0.0108531 0 0.973299 20302.8 19576.6 726.252 0 -31.9882 -33.4141 4 49529.9 616.416 12301 3.21615e-05
49300 0.462663 0.447825 0.0148385 0 0.967928 20349 19621.3 727.648 0 -31.9895 -32.5633 4 49629.9 617.038 12326 3.63317e-05
49400 0.483632 0.467426 0.0162061 0 0.966491 20397.3 19668.1 729.216 0 -31.9896 -32.0213 4 49729.9 617.659 12351 3.78452e-05
49500 0.48122 0.464455 0.0167641 0 0.965163 20445.3 19714.5 730.811 0 -31.9896 -31.9826 4 49829.9 618.28 12376 3.75287e-05
49600 0.484169 0.470509 0.0136594 0 0.971788 20494 19761.6 732.42 0 -31.9922 -33.094 4 49929.9 618.9 12401 3.79412e-05
49700 0.465959 0.449939 0.0160196 0 0.96562 20540.5 19806.6 733.939 0 -31.9938 -32.7156 4 50029.9 619.519 12426 3.62095e-05
49800 0.489392 0.473906 0.0154854 0 0.968358 20589.6 19854 735.629 0 -31.9961 -32.9714 4 50129.9 620.138 12451 3.80617e-05
49900 0.459239 0.444231 0.0150079 0 0.96732 20635.5 19898.4 737.149 0 -31.9985 -33.0655 4 50229.9 620.756 12476 3.56068e-05
50000 0.44076 0.4287 0.0120598 0 0.972639 20679.8 19941.3 738.56 0 -32.0016 -33.4328 4 50329.9 621.374 12501 3.42933e-05
