100 0.0305647 0.028577 0.00198767 0 0.934969 2.99424 2.8577 0.136535 0 -25.4376 -25.4376 32 453.882 59.0081 4 0.00714426
200 0.0276631 0.0258252 0.0018379 0 0.933561 5.77966 5.44023 0.339434 0 -25.3513 -25.2585 32 549.882 64.9493 7 0.00368932
300 0.0405263 0.0370873 0.00343906 0 0.91514 9.71985 9.14895 0.5709 0 -26.2637 -27.6021 32 645.882 70.3909 10 0.00370873
400 0.0494335 0.0455768 0.00385669 0 0.921982 14.5853 13.7066 0.878647 0 -26.9277 -28.254 32 741.882 75.441 13 0.00350591
500 0.0516764 0.0490847 0.00259164 0 0.949849 19.8362 18.6151 1.22109 0 -27.495 -29.071 32 837.882 80.1736 16 0.0030678
600 0.0361492 0.0343287 0.00182051 0 0.949639 23.4853 22.048 1.4373 0 -27.7742 -29.2915 32 933.882 84.642 19 0.00180677
700 0.03279 0.0315074 0.00128264 0 0.960883 26.8172 25.1987 1.61848 0 -28.1183 -30.5441 32 1029.88 88.8861 22 0.00143215
800 0.031579 0.0305309 0.00104808 0 0.966811 30.0078 28.2518 1.75603 0 -28.3081 -29.9033 32 1157.88 94.248 26 0.00117427
900 0.026042 0.0250818 0.000960173 0 0.96313 32.6207 30.76 1.86067 0 -28.4887 -30.5621 32 1253.88 98.0773 29 0.000864891
1000 0.0240457 0.0230235 0.00102214 0 0.957492 35.0197 33.0623 1.95733 0 -28.6658 -31.0739 32 1349.88 101.763 32 0.000719485
1100 0.025362 0.0241496 0.00121243 0 0.952195 37.5376 35.4773 2.06027 0 -28.8231 -31.0109 32 1445.88 105.319 35 0.000689987
1200 0.0283606 0.0271131 0.00124747 0 0.956014 40.3898 38.1886 2.20117 0 -28.9743 -30.9647 32 1541.88 108.759 38 0.000713503
1300 0.0234161 0.0226634 0.000752712 0 0.967855 42.7627 40.4549 2.30774 0 -29.1254 -31.6974 32 1637.88 112.094 41 0.000552766
1400 0.0251236 0.0239708 0.00115279 0 0.954115 45.2416 42.852 2.38959 0 -29.1901 -30.3061 32 1733.88 115.332 44 0.000544791
1500 0.0281034 0.0272871 0.000816337 0 0.970952 48.0757 45.5807 2.49495 0 -29.2323 -29.9062 32 1829.88 118.482 47 0.000580576
1600 0.0357181 0.0340256 0.00169242 0 0.952617 51.647 48.9833 2.66369 0 -29.3 -30.2109 32 1957.88 122.556 51 0.00066717
1700 0.057586 0.0553829 0.00220315 0 0.961742 57.4447 54.5216 2.92309 0 -29.2046 -28.3551 32 2053.88 125.524 54 0.00102561
1800 0.0562568 0.0504974 0.00575935 0 0.897624 62.6873 59.5713 3.11597 0 -29.1538 -28.5969 32 2149.88 128.424 57 0.00088592
1900 0.0748819 0.0715568 0.00332515 0 0.955595 70.1563 66.727 3.42926 0 -29.4905 -32.3162 32 2245.88 131.26 60 0.00119261
2000 0.0549129 0.0523769 0.00253605 0 0.953817 75.6843 71.9647 3.71965 0 -29.6628 -31.8503 32 2341.88 134.036 63 0.000831379
2100 0.0440322 0.0422101 0.00182209 0 0.958619 80.1131 76.1857 3.92742 0 -29.7803 -31.7876 32 2437.88 136.756 66 0.000639547
2200 0.0394892 0.0380707 0.00141847 0 0.964079 84.0782 79.9928 4.08542 0 -29.8921 -32.1507 32 2533.88 139.423 69 0.000551749
2300 0.0412836 0.0400716 0.00121197 0 0.970643 88.2396 83.9999 4.23968 0 -30.0127 -32.4499 32 2629.88 142.039 72 0.00055655
2400 0.056108 0.0546404 0.0014676 0 0.973843 93.8789 89.464 4.41496 0 -30.1533 -32.3533 32 2757.88 145.455 76 0.000718953
2500 0.0673669 0.0640768 0.00329005 0 0.951162 100.486 95.8717 4.61427 0 -30.2099 -31.0139 32 2853.88 147.965 79 0.000811099
2600 0.0685582 0.0660126 0.00254563 0 0.962869 107.422 102.473 4.94945 0 -30.2344 -30.5891 32 2949.88 150.433 82 0.000805031
2700 0.0693408 0.0662762 0.00306461 0 0.955804 114.403 109.101 5.30209 0 -30.2828 -31.0276 32 3045.88 152.861 85 0.00077972
2800 0.0607981 0.0572999 0.00349818 0 0.942462 120.474 114.831 5.64362 0 -30.3284 -31.1871 32 3141.88 155.251 88 0.000651135
2900 0.0757266 0.0720156 0.00371095 0 0.950995 128.088 122.032 6.05605 0 -30.258 -29.1442 32 3237.88 157.605 91 0.000791381
3000 0.0547818 0.0521354 0.00264634 0 0.951693 133.624 127.246 6.37842 0 -30.2696 -30.5389 32 3333.88 159.925 94 0.000554632
3100 0.0575281 0.0544571 0.00307104 0 0.946617 139.325 132.691 6.6341 0 -30.2357 -29.4418 32 3429.88 162.211 97 0.000561413
3200 0.0507153 0.0487044 0.00201089 0 0.960349 144.438 137.562 6.87588 0 -30.2311 -30.1058 32 3557.88 165.21 101 0.000482222
3300 0.0707318 0.0680248 0.00270701 0 0.961729 151.511 144.364 7.14712 0 -30.1955 -29.4672 32 3653.88 167.424 104 0.000654085
3400 0.0572486 0.0552992 0.00194947 0 0.965947 157.272 149.894 7.3774 0 -30.2141 -30.705 32 3749.88 169.609 107 0.000516815
3500 0.048179 0.0465153 0.0016637 0 0.965468 162.116 154.546 7.57007 0 -30.2458 -31.2731 32 3845.88 171.766 110 0.000422866
3600 0.0517166 0.050207 0.00150956 0 0.970811 167.324 159.566 7.75795 0 -30.2671 -30.9316 32 3941.88 173.897 113 0.00044431
3700 0.0532258 0.0510583 0.00216752 0 0.959277 172.627 164.672 7.95522 0 -30.3022 -31.4093 32 4037.88 176.002 116 0.000440158
3800 0.0450279 0.0437093 0.0013186 0 0.970716 177.17 169.043 8.12658 0 -30.3476 -32.0714 32 4133.88 178.082 119 0.000367305
3900 0.0408092 0.0398723 0.000936908 0 0.977042 181.289 173.03 8.25849 0 -30.401 -32.6974 32 4229.88 180.138 122 0.000326822
4000 0.0408593 0.0399318 0.000927455 0 0.977301 185.395 177.024 8.37097 0 -30.458 -32.9781 32 4357.88 182.843 126 0.000316919
4100 0.0385434 0.0374415 0.00110192 0 0.971411 189.233 180.768 8.46519 0 -30.512 -33.1189 32 4453.88 184.846 129 0.000290244
4200 0.0481327 0.0463435 0.00178923 0 0.962827 194.006 185.402 8.60354 0 -30.5182 -30.7624 32 4549.88 186.827 132 0.000351087
4300 0.0450979 0.0437941 0.00130379 0 0.97109 198.536 189.781 8.75487 0 -30.5335 -31.1914 32 4645.88 188.788 135 0.0003244
4400 0.041454 0.0399629 0.00149106 0 0.964031 202.679 193.778 8.90106 0 -30.5521 -31.4424 32 4741.88 190.728 138 0.000289587
4500 0.0437568 0.0426082 0.00114856 0 0.973751 207.09 198.039 9.05183 0 -30.5657 -31.1886 32 4837.88 192.649 141 0.000302186
4600 0.0373227 0.0365663 0.000756439 0 0.979732 210.858 201.695 9.1628 0 -30.598 -32.3735 32 4933.88 194.551 144 0.000253932
4700 0.0332076 0.0328869 0.000320633 0 0.990345 214.207 204.984 9.22339 0 -30.6364 -33.0552 32 5029.88 196.435 147 0.000223721
4800 0.0397576 0.0389388 0.000818791 0 0.979405 218.177 208.878 9.29908 0 -30.6836 -33.2305 32 5157.88 198.919 151 0.000257873
4900 0.0340397 0.0333852 0.000654491 0 0.980773 221.577 212.216 9.36111 0 -30.7304 -33.734 32 5253.88 200.761 154 0.000216787
5000 0.0333415 0.0324422 0.000899268 0 0.973029 224.879 215.461 9.41885 0 -30.7618 -32.8716 32 5349.88 202.587 157 0.000206638
5100 0.0345608 0.033907 0.000653849 0 0.981081 228.342 218.851 9.49028 0 -30.7821 -32.1004 32 5445.88 204.397 160 0.000211919
5200 0.052461 0.0501636 0.00229732 0 0.956209 233.52 223.868 9.65261 0 -30.7791 -30.6467 32 5541.88 206.191 163 0.000307752
5300 0.0444907 0.0427541 0.00173664 0 0.960966 238.014 228.143 9.87094 0 -30.8071 -32.2604 32 5637.88 207.969 166 0.000257555
5400 0.0488596 0.0466448 0.00221481 0 0.95467 242.899 232.807 10.0918 0 -30.8157 -31.2338 32 5733.88 209.732 169 0.000276005
5500 0.0392404 0.0382984 0.00094198 0 0.975995 246.888 236.637 10.2502 0 -30.8455 -32.6593 32 5829.88 211.48 172 0.000222665
5600 0.0321015 0.0313057 0.000795764 0 0.975211 250.112 239.768 10.3445 0 -30.8786 -33.4148 32 5957.88 213.789 176 0.000177873
5700 0.0343362 0.0333408 0.000995333 0 0.971012 253.544 243.102 10.4422 0 -30.8979 -32.305 32 6053.88 215.505 179 0.000186262
5800 0.0507362 0.0487372 0.00199901 0 0.9606 258.544 247.976 10.5683 0 -30.8709 -29.503 32 6149.88 217.207 182 0.000267787
5900 0.0476102 0.0460351 0.00157509 0 0.966917 263.301 252.579 10.7214 0 -30.8637 -30.4718 32 6245.88 218.896 185 0.000248838
6000 0.0431583 0.0417112 0.00144715 0 0.966469 267.636 256.75 10.8852 0 -30.8787 -31.7867 32 6341.88 220.571 188 0.000221868
6100 0.0509946 0.0484475 0.00254715 0 0.950051 272.679 261.595 11.0839 0 -30.8923 -31.6164 32 6437.88 222.235 191 0.000253652
6200 0.045695 0.0437512 0.00194379 0 0.957462 277.271 265.97 11.301 0 -30.9015 -31.4445 32 6533.88 223.885 194 0.000225522
6300 0.0436834 0.0418883 0.00179509 0 0.958907 281.674 270.159 11.5148 0 -30.8971 -30.6202 32 6629.88 225.524 197 0.000212631
6400 0.038789 0.0375098 0.00127924 0 0.967021 285.578 273.91 11.6682 0 -30.9051 -31.4888 32 6757.88 227.691 201 0.000186616
6500 0.0383909 0.0368309 0.00155994 0 0.959367 289.392 277.593 11.7988 0 -30.908 -31.1202 32 6853.88 229.302 204 0.000180544
6600 0.0360982 0.0350382 0.00105997 0 0.970636 293.008 281.097 11.9108 0 -30.9182 -31.7331 32 6949.88 230.903 207 0.000169267
6700 0.0326318 0.0316617 0.00097007 0 0.970272 296.26 284.263 11.9972 0 -30.9353 -32.4794 32 7045.88 232.492 210 0.00015077
6800 0.0357832 0.0344771 0.00130612 0 0.963499 299.823 287.711 12.1122 0 -30.9471 -31.926 32 7141.88 234.07 213 0.000161864
6900 0.0386051 0.0372525 0.00135254 0 0.964965 303.687 291.436 12.2505 0 -30.9595 -31.9206 32 7237.88 235.638 216 0.000172465
7000 0.036184 0.0347581 0.00142582 0 0.960595 307.293 294.912 12.381 0 -30.9665 -31.5588 32 7333.88 237.196 219 0.000158713
7100 0.0353574 0.0342714 0.00108594 0 0.969287 310.844 298.339 12.5046 0 -30.9847 -32.5587 32 7429.88 238.743 222 0.000154376
7200 0.033039 0.0319897 0.00104925 0 0.968242 314.176 301.538 12.6383 0 -31.0042 -32.8199 32 7557.88 240.791 226 0.000141547
7300 0.0337294 0.0324466 0.00128279 0 0.961968 317.54 304.783 12.7571 0 -31.0162 -32.1463 32 7653.88 242.315 229 0.000141688
7400 0.0366715 0.0350311 0.00164037 0 0.955269 321.155 308.286 12.8693 0 -31.0279 -32.0517 32 7749.88 243.83 232 0.000150996
7500 0.0489499 0.0465284 0.0024215 0 0.950531 325.994 312.939 13.0556 0 -31.0367 -31.6195 32 7845.88 245.336 235 0.000197993
7600 0.0417214 0.0406491 0.00107233 0 0.974298 330.229 317.003 13.2252 0 -31.0661 -33.3323 32 7941.88 246.832 238 0.000170794
7700 0.0361953 0.0347018 0.00149352 0 0.958737 333.82 320.474 13.3462 0 -31.0813 -32.4752 32 8037.88 248.32 241 0.000143991
7800 0.057598 0.0552851 0.00231288 0 0.959845 339.561 326.002 13.5591 0 -31.1071 -32.609 32 8133.88 249.798 244 0.000226578
7900 0.0539593 0.0515981 0.00236116 0 0.956242 345.042 331.162 13.88 0 -31.1192 -31.8663 32 8229.88 251.268 247 0.000208899
8000 0.0459218 0.0438688 0.00205305 0 0.955293 349.659 335.549 14.1106 0 -31.1375 -32.507 32 8357.88 253.214 251 0.000174776
8100 0.0492434 0.0464212 0.00282219 0 0.942689 354.53 340.191 14.3386 0 -31.152 -32.1913 32 8453.88 254.664 254 0.000182761
8200 0.0464228 0.0444472 0.00197557 0 0.957444 359.202 344.636 14.566 0 -31.1709 -32.6096 32 8549.88 256.106 257 0.000172946
8300 0.0392246 0.0381141 0.00111056 0 0.971687 363.17 348.447 14.7227 0 -31.1966 -33.5243 32 8645.88 257.54 260 0.000146593
8400 0.0337692 0.0328245 0.00094461 0 0.972027 366.549 351.73 14.8191 0 -31.225 -34.2687 32 8741.88 258.966 263 0.000124808
8500 0.0519857 0.0498152 0.00217049 0 0.958248 371.668 356.711 14.9572 0 -31.2065 -29.8846 32 8837.88 260.384 266 0.000187275
8600 0.0613991 0.0593606 0.00203854 0 0.966798 377.859 362.647 15.2114 0 -31.2018 -30.918 32 8933.88 261.794 269 0.000220671
8700 0.0690263 0.0655575 0.00346878 0 0.949747 384.736 369.203 15.533 0 -31.1669 -29.2505 32 9029.88 263.197 272 0.00024102
8800 0.0634836 0.0608281 0.00265558 0 0.958169 391.166 375.286 15.8799 0 -31.1593 -30.7037 32 9157.88 265.056 276 0.000220392
8900 0.0647542 0.0614698 0.00328439 0 0.949279 397.573 381.433 16.1405 0 -31.1317 -29.4497 32 9253.88 266.442 279 0.000220322
9000 0.0641397 0.0610954 0.0030443 0 0.952536 403.965 387.542 16.4224 0 -31.1063 -29.5267 32 9349.88 267.82 282 0.00021665
9100 0.0696466 0.0662336 0.00341308 0 0.950994 410.917 394.166 16.7519 0 -31.0837 -29.7674 32 9445.88 269.191 285 0.000232398
9200 0.067729 0.063498 0.00423108 0 0.937529 417.559 400.515 17.044 0 -31.0578 -29.4542 32 9541.88 270.556 288 0.000220479
9300 0.0708019 0.0676335 0.00316846 0 0.955249 424.642 407.279 17.3632 0 -31.0479 -30.4644 32 9637.88 271.914 291 0.000232417
9400 0.0704076 0.0680847 0.00232285 0 0.967009 431.746 414.087 17.6587 0 -31.0579 -31.6596 32 9733.88 273.264 294 0.000231581
9500 0.057789 0.0560788 0.0017102 0 0.970406 437.529 419.695 17.8343 0 -31.067 -31.741 32 9829.88 274.609 297 0.000188817
9600 0.0501013 0.0493926 0.000708658 0 0.985855 442.613 424.634 17.9785 0 -31.0841 -32.5562 32 9957.88 276.391 301 0.000164095
9700 0.0439082 0.0431252 0.000783021 0 0.982167 446.989 428.947 18.0421 0 -31.105 -33.2188 32 10053.9 277.72 304 0.000141859
9800 0.0460156 0.0451859 0.000829677 0 0.98197 451.595 433.465 18.1296 0 -31.1211 -32.6873 32 10149.9 279.043 307 0.000147185
9900 0.0578045 0.0567335 0.00107098 0 0.981472 457.42 439.139 18.281 0 -31.1127 -30.4615 32 10245.9 280.359 310 0.000183011
10000 0.0482593 0.0472236 0.00103575 0 0.978538 462.256 443.861 18.395 0 -31.1219 -31.9896 32 10341.9 281.67 313 0.000150874
10100 0.0427262 0.0423094 0.000416836 0 0.990244 466.559 448.092 18.4666 0 -31.1383 -32.9071 32 10437.9 282.974 316 0.00013389
10200 0.041515 0.0407652 0.000749753 0 0.98194 470.704 452.169 18.5353 0 -31.1545 -32.969 32 10533.9 284.272 319 0.000127791
10300 0.0449497 0.0440557 0.000894035 0 0.98011 475.209 456.574 18.6346 0 -31.1698 -32.7775 32 10629.9 285.565 322 0.000136819
10400 0.0461787 0.0445571 0.00162161 0 0.964884 479.791 461.03 18.7609 0 -31.1746 -31.6713 32 10757.9 287.279 326 0.000136678
10500 0.0443682 0.0434615 0.000906641 0 0.979566 484.24 465.376 18.8635 0 -31.1866 -32.4814 32 10853.9 288.558 329 0.000132102
10600 0.0424183 0.0418459 0.000572412 0 0.986506 488.494 469.561 18.9337 0 -31.2055 -33.3527 32 10949.9 289.831 332 0.000126042
10700 0.0385818 0.0379129 0.000668992 0 0.98266 492.355 473.352 19.0035 0 -31.2227 -33.398 32 11045.9 291.099 335 0.000113173
10800 0.0383204 0.0375086 0.000811735 0 0.978817 496.188 477.103 19.0855 0 -31.2391 -33.3446 32 11141.9 292.361 338 0.000110972
10900 0.0399575 0.0388025 0.00115499 0 0.971095 500.157 480.983 19.1743 0 -31.2516 -32.8158 32 11237.9 293.618 341 0.00011379
11000 0.0472297 0.0458483 0.00138143 0 0.970751 504.9 485.568 19.3322 0 -31.2642 -32.597 32 11333.9 294.869 344 0.00013328
11100 0.0377393 0.0369869 0.000752388 0 0.980064 508.698 489.267 19.4309 0 -31.2833 -33.8142 32 11429.9 296.115 347 0.000106591
11200 0.079064 0.075896 0.00316804 0 0.959931 516.589 496.856 19.7332 0 -31.253 -29.3037 32 11557.9 297.769 351 0.000216228
11300 0.0572618 0.0544879 0.00277382 0 0.951559 522.313 502.305 20.0081 0 -31.2463 -30.6372 32 11653.9 299.003 354 0.000153921
11400 0.0506489 0.0488148 0.00183409 0 0.963788 527.428 507.186 20.2418 0 -31.2535 -31.9884 32 11749.9 300.232 357 0.000136736
11500 0.0443457 0.0423489 0.00199674 0 0.954973 531.845 511.421 20.4233 0 -31.2607 -32.1278 32 11845.9 301.456 360 0.000117636
11600 0.0489797 0.047019 0.0019607 0 0.959969 536.748 516.123 20.625 0 -31.2518 -30.2829 32 11941.9 302.675 363 0.000129529
11700 0.0482581 0.0465404 0.00171771 0 0.964406 541.614 520.777 20.8372 0 -31.2427 -30.2372 32 12037.9 303.889 366 0.00012716
11800 0.0435403 0.0420033 0.00153705 0 0.964698 545.992 524.978 21.0149 0 -31.2406 -30.9857 32 12133.9 305.098 369 0.00011383
11900 0.0403678 0.0392561 0.00111167 0 0.972461 550.052 528.903 21.1486 0 -31.2462 -32.0012 32 12229.9 306.303 372 0.000105527
12000 0.0613654 0.0592216 0.00214376 0 0.965066 556.201 534.825 21.3753 0 -31.2368 -30.3948 32 12357.9 307.902 376 0.000157504
12100 0.04655 0.0451809 0.00136912 0 0.970588 560.896 539.343 21.5529 0 -31.2424 -31.8992 32 12453.9 309.095 379 0.000119211
12200 0.0499887 0.0483983 0.00159042 0 0.968184 565.895 544.183 21.7118 0 -31.2482 -31.8982 32 12549.9 310.284 382 0.000126697
12300 0.0460041 0.044498 0.0015061 0 0.967262 570.506 548.633 21.8728 0 -31.2569 -32.3231 32 12645.9 311.469 385 0.000115579
12400 0.0393086 0.0384106 0.000898016 0 0.977155 574.455 552.474 21.9809 0 -31.2681 -32.8887 32 12741.9 312.649 388 9.89964e-05
12500 0.0358158 0.0353638 0.000452005 0 0.98738 578.051 556.011 22.04 0 -31.2843 -33.8738 32 12837.9 313.824 391 9.04445e-05
12600 0.033668 0.0332248 0.000443186 0 0.986837 581.415 559.333 22.0818 0 -31.2997 -33.9546 32 12933.9 314.996 394 8.43269e-05
12700 0.0311592 0.0309565 0.000202773 0 0.993492 584.546 562.429 22.1169 0 -31.3181 -34.7205 32 13029.9 316.162 397 7.7976e-05
12800 0.0344846 0.0340764 0.000408177 0 0.988163 588.008 565.836 22.1716 0 -31.3263 -32.7188 32 13157.9 317.712 401 8.49786e-05
12900 0.0663293 0.0638394 0.00248992 0 0.962461 594.65 572.22 22.4296 0 -31.31 -29.8705 32 13253.9 318.868 404 0.000158018
13000 0.0499968 0.0479763 0.00202055 0 0.959586 599.674 577.018 22.6563 0 -31.3071 -30.9556 32 13349.9 320.021 407 0.000117878
13100 0.0449574 0.0431902 0.00176719 0 0.960692 604.179 581.337 22.8418 0 -31.3081 -31.4393 32 13445.9 321.17 410 0.000105342
13200 0.0483601 0.0456908 0.00266927 0 0.944804 608.923 585.906 23.0166 0 -31.2993 -30.1884 32 13541.9 322.314 413 0.000110631
13300 0.050723 0.0491226 0.00160038 0 0.968449 614.046 590.818 23.2278 0 -31.3001 -31.3853 32 13637.9 323.455 416 0.000118083
13400 0.0484836 0.0456544 0.00282919 0 0.941647 618.791 595.384 23.4072 0 -31.2959 -30.7547 32 13733.9 324.591 419 0.00010896
13500 0.0495385 0.0478882 0.00165024 0 0.966688 623.8 600.172 23.6273 0 -31.2961 -31.3248 32 13829.9 325.724 422 0.000113479
13600 0.0449603 0.0436523 0.00130793 0 0.970909 628.328 604.538 23.79 0 -31.2978 -31.5317 32 13957.9 327.228 426 0.00010247
13700 0.0439703 0.0429972 0.000973136 0 0.977868 632.76 608.837 23.9221 0 -31.3064 -32.5228 32 14053.9 328.351 429 0.000100227
13800 0.0362912 0.035643 0.000648194 0 0.982139 636.402 612.402 23.9998 0 -31.3177 -33.2871 32 14149.9 329.47 432 8.2507e-05
13900 0.0389379 0.038144 0.0007939 0 0.979611 640.29 616.216 24.0742 0 -31.3264 -32.7463 32 14245.9 330.586 435 8.76873e-05
14000 0.0402588 0.0393046 0.000954229 0 0.976298 644.318 620.147 24.1719 0 -31.3356 -32.7932 32 14341.9 331.698 438 8.97365e-05
14100 0.0388107 0.0379676 0.000843099 0 0.978277 648.214 623.943 24.2708 0 -31.3502 -33.7755 32 14437.9 332.807 441 8.60944e-05
14200 0.0429093 0.0413878 0.00152149 0 0.964542 652.473 628.082 24.3904 0 -31.3508 -31.4316 32 14533.9 333.911 444 9.32157e-05
14300 0.0424794 0.0411542 0.00132515 0 0.968805 656.738 632.198 24.5409 0 -31.3565 -32.2306 32 14629.9 335.012 447 9.20677e-05
14400 0.0464831 0.0443253 0.00215786 0 0.953578 661.325 636.63 24.6945 0 -31.3531 -30.8626 32 14757.9 336.474 451 9.82822e-05
14500 0.0490692 0.0459923 0.0030769 0 0.937295 666.132 641.229 24.9026 0 -31.3444 -30.1514 32 14853.9 337.567 454 0.000101305
14600 0.0440148 0.0425791 0.00143571 0 0.967381 670.575 645.487 25.0873 0 -31.3477 -31.8474 32 14949.9 338.656 457 9.3171e-05
14700 0.0679254 0.0660393 0.00188614 0 0.972232 677.408 652.091 25.317 0 -31.3635 -32.9142 32 15045.9 339.742 460 0.000143564
14800 0.0584647 0.0566494 0.00181531 0 0.96895 683.283 657.756 25.5268 0 -31.3805 -33.3351 32 15141.9 340.824 463 0.000122353
14900 0.0485525 0.0471762 0.00137627 0 0.971654 688.195 662.474 25.7211 0 -31.3992 -34.0032 32 15237.9 341.903 466 0.000101237
15000 0.0488526 0.0464166 0.00243604 0 0.950135 693.038 667.115 25.9226 0 -31.4108 -33.0602 32 15333.9 342.978 469 9.89692e-05
15100 0.0461185 0.0440728 0.00204562 0 0.955644 697.648 671.523 26.1256 0 -31.4202 -32.8297 32 15429.9 344.05 472 9.33746e-05
15200 0.0470792 0.0452656 0.00181355 0 0.961479 702.404 676.049 26.3551 0 -31.4284 -32.633 32 15557.9 345.474 476 9.50958e-05
15300 0.0464524 0.0442196 0.00223278 0 0.951934 706.996 680.471 26.5249 0 -31.4328 -32.1105 32 15653.9 346.538 479 9.23165e-05
15400 0.0650466 0.0622353 0.00281133 0 0.95678 713.453 686.695 26.7579 0 -31.4282 -30.9181 32 15749.9 347.599 482 0.000129119
15500 0.0612417 0.0578607 0.00338099 0 0.944793 719.486 692.481 27.0054 0 -31.4294 -31.5712 32 15845.9 348.657 485 0.0001193
15600 0.0680757 0.0654598 0.00261592 0 0.961573 726.338 699.027 27.3113 0 -31.4405 -32.6141 32 15941.9 349.711 488 0.000134139
15700 0.0527439 0.0504356 0.00230831 0 0.956236 731.619 704.07 27.549 0 -31.4521 -33.042 32 16037.9 350.763 491 0.00010272
15800 0.0502488 0.0483864 0.00186247 0 0.962935 736.65 708.909 27.7415 0 -31.4626 -32.9907 32 16133.9 351.811 494 9.79481e-05
15900 0.0493531 0.0477009 0.00165218 0 0.966523 741.607 713.679 27.9283 0 -31.4707 -32.6802 32 16229.9 352.856 497 9.59777e-05
16000 0.0566277 0.054469 0.00215864 0 0.96188 747.263 719.126 28.1374 0 -31.4865 -33.548 32 16357.9 354.245 501 0.000108721
16100 0.0485313 0.0467472 0.00178415 0 0.963237 752.131 723.801 28.3299 0 -31.5016 -33.8245 32 16453.9 355.283 504 9.27524e-05
16200 0.0444388 0.0434928 0.000946031 0 0.978712 756.618 728.15 28.468 0 -31.5181 -34.2786 32 16549.9 356.318 507 8.57846e-05
16300 0.0418751 0.040672 0.00120312 0 0.971269 760.771 732.217 28.5537 0 -31.5324 -34.1368 32 16645.9 357.35 510 7.9749e-05
16400 0.0437935 0.0433005 0.000493043 0 0.988742 765.191 736.547 28.6439 0 -31.5443 -33.6015 32 16741.9 358.379 513 8.44064e-05
16500 0.0375628 0.03708 0.000482897 0 0.987144 768.944 740.255 28.6893 0 -31.5602 -34.8039 32 16837.9 359.405 516 7.18604e-05
16600 0.0354581 0.035159 0.000299058 0 0.991566 772.498 743.771 28.7273 0 -31.5762 -35.0249 32 16933.9 360.428 519 6.77438e-05
16700 0.0390908 0.0386061 0.000484705 0 0.987601 776.43 747.632 28.798 0 -31.5926 -34.8222 32 17029.9 361.448 522 7.3958e-05
16800 0.0393486 0.0385001 0.000848536 0 0.978435 780.361 751.482 28.879 0 -31.61 -35.0541 32 17157.9 362.804 526 7.31941e-05
16900 0.0469424 0.044756 0.00218642 0 0.953423 784.983 755.957 29.026 0 -31.6102 -31.6426 32 17253.9 363.817 529 8.4605e-05
17000 0.0437456 0.0425075 0.00123818 0 0.971696 789.381 760.208 29.1733 0 -31.6217 -33.6636 32 17349.9 364.828 532 7.99012e-05
17100 0.0415876 0.0399407 0.00164683 0 0.960401 793.52 764.202 29.3175 0 -31.6307 -33.3473 32 17445.9 365.836 535 7.46556e-05
17200 0.0576578 0.0552126 0.00244517 0 0.957592 799.253 769.723 29.53 0 -31.6372 -32.5446 32 17541.9 366.841 538 0.000102626
17300 0.0552085 0.0528242 0.0023843 0 0.956813 804.804 775.006 29.7982 0 -31.6393 -31.9353 32 17637.9 367.844 541 9.76418e-05
17400 0.0665386 0.0631051 0.00343352 0 0.948398 811.497 781.316 30.1805 0 -31.6384 -31.5321 32 17733.9 368.843 544 0.000116002
17500 0.0537159 0.0511693 0.00254652 0 0.952593 816.911 786.433 30.4773 0 -31.642 -32.1878 32 17829.9 369.84 547 9.35454e-05
17600 0.0517032 0.0493253 0.00237792 0 0.954008 822.134 791.366 30.7687 0 -31.6469 -32.4132 32 17957.9 371.166 551 8.95195e-05
17700 0.0462809 0.0445565 0.00172444 0 0.96274 826.843 795.821 31.0211 0 -31.6521 -32.5573 32 18053.9 372.156 554 8.04268e-05
17800 0.049116 0.0463094 0.00280663 0 0.942857 831.686 800.452 31.2333 0 -31.6513 -31.506 32 18149.9 373.144 557 8.31407e-05
17900 0.0722028 0.0688156 0.00338715 0 0.953088 838.946 807.334 31.6119 0 -31.6336 -29.6106 32 18245.9 374.13 560 0.000122885
18000 0.0507588 0.0478558 0.002903 0 0.942808 844.036 812.119 31.916 0 -31.6308 -31.1734 32 18341.9 375.113 563 8.50015e-05
18100 0.048709 0.046115 0.00259401 0 0.946745 848.926 816.731 32.1948 0 -31.6278 -31.1028 32 18437.9 376.093 566 8.14752e-05
18200 0.0431657 0.041374 0.00179175 0 0.958491 853.268 820.868 32.3994 0 -31.632 -32.4586 32 18533.9 377.071 569 7.27135e-05
18300 0.0488555 0.0470734 0.00178204 0 0.963524 858.195 825.576 32.6193 0 -31.6291 -31.1324 32 18629.9 378.046 572 8.22962e-05
18400 0.0413212 0.0401175 0.00120367 0 0.97087 862.373 829.587 32.7854 0 -31.6335 -32.5324 32 18757.9 379.343 576 6.96485e-05
18500 0.0407961 0.039055 0.0017411 0 0.957322 866.432 833.493 32.9393 0 -31.6383 -32.642 32 18853.9 380.312 579 6.74525e-05
18600 0.0374511 0.0363794 0.00107165 0 0.971385 870.224 837.131 33.0928 0 -31.646 -33.4194 32 18949.9 381.279 582 6.25076e-05
18700 0.0349528 0.0340797 0.000873144 0 0.975019 873.725 840.539 33.186 0 -31.6553 -33.9673 32 19045.9 382.244 585 5.82559e-05
18800 0.0357692 0.0346667 0.00110249 0 0.969178 877.301 844.006 33.2951 0 -31.6632 -33.5865 32 19141.9 383.206 588 5.8957e-05
18900 0.0407307 0.0393017 0.00142895 0 0.964917 881.38 847.936 33.4443 0 -31.6705 -33.2337 32 19237.9 384.166 591 6.65004e-05
19000 0.0370002 0.0362307 0.0007695 0 0.979203 885.132 851.559 33.5733 0 -31.6787 -33.6147 32 19333.9 385.123 594 6.09944e-05
19100 0.0321184 0.0317851 0.000333285 0 0.989623 888.365 854.737 33.6279 0 -31.6885 -34.371 32 19429.9 386.078 597 5.32414e-05
19200 0.0304584 0.0299219 0.000536493 0 0.982386 891.397 857.73 33.6673 0 -31.699 -34.7645 32 19557.9 387.348 601 4.97869e-05
19300 0.0616896 0.0589674 0.00272217 0 0.955873 897.445 863.626 33.8192 0 -31.6838 -29.4456 32 19653.9 388.297 604 9.76282e-05
19400 0.0598286 0.0573649 0.00246371 0 0.958821 903.402 869.363 34.0394 0 -31.6812 -31.2963 32 19749.9 389.244 607 9.45056e-05
19500 0.0511195 0.0491081 0.00201141 0 0.960653 908.528 874.274 34.254 0 -31.6801 -31.4777 32 19845.9 390.189 610 8.05051e-05
19600 0.0503731 0.0473962 0.00297691 0 0.940903 913.472 879.013 34.4584 0 -31.6753 -30.8038 32 19941.9 391.132 613 7.73185e-05
19700 0.0479099 0.0454476 0.00246227 0 0.948606 918.29 883.558 34.732 0 -31.6709 -30.8391 32 20037.9 392.072 616 7.37786e-05
19800 0.0467395 0.0449966 0.00174292 0 0.96271 923.001 888.058 34.943 0 -31.6708 -31.6405 32 20133.9 393.01 619 7.26924e-05
19900 0.0399625 0.0387088 0.00125372 0 0.968628 927.029 891.928 35.1003 0 -31.6753 -32.7094 32 20229.9 393.946 622 6.22327e-05
20000 0.0626287 0.0605463 0.00208242 0 0.96675 933.316 897.983 35.3333 0 -31.6845 -33.0405 32 20357.9 395.19 626 9.67193e-05
