100 0.0025611 0.00242157 0.000139529 0 0.94552 0.258877 0.242157 0.0167197 0 -30.4644 -30.4644 128 453.882 59.0081 1 0.00242157
200 0.0068062 0.00615321 0.000652988 0 0.90406 0.946165 0.857478 0.0886862 0 -30.1587 -30.0435 128 581.882 66.8124 2 0.00307661
300 0.0215348 0.0201461 0.00138869 0 0.935514 3.06968 2.87209 0.197599 0 -28.2192 -27.355 128 709.882 73.796 3 0.00671536
400 0.017801 0.0165357 0.00126522 0 0.928924 4.84581 4.52566 0.320148 0 -27.8795 -27.2924 128 837.882 80.1736 4 0.00413394
500 0.0125418 0.0116944 0.000847327 0 0.932439 6.11577 5.6951 0.420667 0 -27.8107 -27.5483 128 837.882 80.1736 4 0.00292361
600 0.0100647 0.00964235 0.000422399 0 0.958032 7.14676 6.65934 0.487425 0 -27.9581 -28.8323 128 965.882 86.08 5 0.00192847
700 0.00824696 0.00783199 0.000414972 0 0.949682 7.97544 7.44254 0.5329 0 -28.0746 -29.0791 128 1093.88 91.6063 6 0.00130533
800 0.00806927 0.00742087 0.000648396 0 0.919646 8.7681 8.18462 0.583479 0 -28.1472 -28.8784 128 1221.88 96.8177 7 0.00106012
900 0.00664664 0.00640605 0.000240591 0 0.963803 9.44318 8.82523 0.617949 0 -28.3031 -30.3278 128 1349.88 101.763 8 0.000800756
1000 0.00590176 0.00573049 0.000171269 0 0.97098 10.0345 9.39828 0.636191 0 -28.4341 -30.5256 128 1349.88 101.763 8 0.000716311
1100 0.00863203 0.0083901 0.000241938 0 0.971972 10.9063 10.2373 0.669015 0 -28.5409 -29.77 128 1477.88 106.478 9 0.000932233
1200 0.0112647 0.0107911 0.000473668 0 0.957951 12.0297 11.3164 0.713302 0 -28.3643 -26.6506 128 1605.88 110.993 10 0.00107911
1300 0.00931544 0.0089784 0.000337038 0 0.963819 12.9719 12.2142 0.757666 0 -28.3011 -27.4932 128 1733.88 115.332 11 0.000816218
1400 0.00729464 0.00710738 0.000187262 0 0.974329 13.7054 12.925 0.780383 0 -28.3234 -28.7177 128 1733.88 115.332 11 0.000646126
1500 0.00727483 0.00709321 0.000181628 0 0.975033 14.4416 13.6343 0.807298 0 -28.3368 -28.5871 128 1861.88 119.513 12 0.000591101
1600 0.00681794 0.00663336 0.000184576 0 0.972928 15.1273 14.2976 0.829714 0 -28.3889 -29.4851 128 1989.88 123.553 13 0.000510259
1700 0.00878694 0.00849072 0.000296228 0 0.966288 15.997 15.1467 0.850341 0 -28.33 -27.3058 128 2117.88 127.465 14 0.00060648
1800 0.0104615 0.00980577 0.000655694 0 0.937323 17.0041 16.1273 0.876778 0 -28.1949 -26.0499 128 2245.88 131.26 15 0.000653718
1900 0.011679 0.0114166 0.000262342 0 0.977537 18.1902 17.2689 0.921243 0 -28.1304 -27.2055 128 2245.88 131.26 15 0.000761108
2000 0.0146974 0.0141121 0.000585244 0 0.96018 19.6564 18.6802 0.976207 0 -28.1487 -28.3761 128 2373.88 134.949 16 0.000882009
2100 0.0101645 0.00972595 0.000438571 0 0.956853 20.683 19.6527 1.03026 0 -28.2068 -29.3184 128 2501.88 138.539 17 0.000572115
2200 0.0130966 0.012328 0.000768589 0 0.941314 21.9716 20.8855 1.08606 0 -28.1736 -27.6409 128 2629.88 142.039 18 0.00068489
2300 0.013049 0.0125558 0.000493221 0 0.962202 23.2932 22.1411 1.15212 0 -28.1901 -28.465 128 2629.88 142.039 18 0.000697545
2400 0.0143531 0.0136589 0.000694228 0 0.951632 24.7464 23.507 1.23934 0 -28.2191 -28.6835 128 2757.88 145.455 19 0.000718887
2500 0.0257051 0.024587 0.00111805 0 0.956505 27.3664 25.9657 1.40073 0 -27.98 -25.7214 128 2885.88 148.792 20 0.00122935
2600 0.0166217 0.0163283 0.000293348 0 0.982351 29.066 27.5985 1.4675 0 -27.9623 -27.6779 128 3013.88 152.056 21 0.000777539
2700 0.0129322 0.0125599 0.000372323 0 0.97121 30.3506 28.8545 1.49611 0 -27.9873 -28.5529 128 3141.88 155.251 22 0.000570903
2800 0.0101547 0.0100945 6.0192e-05 0 0.994072 31.3766 29.864 1.51263 0 -28.0546 -30.0454 128 3141.88 155.251 22 0.000458842
2900 0.0118481 0.0113833 0.000464799 0 0.96077 32.5636 31.0023 1.56124 0 -28.0621 -28.2591 128 3269.88 158.382 23 0.000494926
3000 0.0128118 0.0123573 0.000454559 0 0.96452 33.8532 32.238 1.61512 0 -28.1648 -30.7591 128 3397.88 161.452 24 0.000514887
3100 0.0114057 0.0108697 0.000535994 0 0.953006 34.9905 33.325 1.66544 0 -28.2195 -29.8468 128 3525.88 164.465 25 0.000434788
3200 0.00943987 0.00920657 0.000233301 0 0.975286 35.9448 34.2457 1.69917 0 -28.2865 -30.743 128 3653.88 167.424 26 0.000354099
3300 0.0108877 0.0105013 0.000386401 0 0.96451 37.0423 35.2958 1.74646 0 -28.3268 -29.6484 128 3653.88 167.424 26 0.000403898
3400 0.00972044 0.00938973 0.000330706 0 0.965978 38.0276 36.2348 1.79282 0 -28.3671 -29.883 128 3781.88 170.331 27 0.000347768
3500 0.00865679 0.00847974 0.000177043 0 0.979549 38.9034 37.0828 1.8206 0 -28.4126 -30.3874 128 3909.88 173.19 28 0.000302848
3600 0.00985781 0.0092788 0.000579007 0 0.941264 39.8527 38.0106 1.84208 0 -28.4094 -28.2751 128 4037.88 176.002 29 0.000319959
3700 0.0106225 0.0103048 0.000317742 0 0.970088 40.9229 39.0411 1.88179 0 -28.4063 -28.2944 128 4037.88 176.002 29 0.000355336
3800 0.00882333 0.00858329 0.000240044 0 0.972794 41.8174 39.8994 1.918 0 -28.4467 -30.291 128 4165.88 178.77 30 0.00028611
3900 0.0169479 0.0162427 0.000705196 0 0.95839 43.5124 41.5237 1.98871 0 -28.5146 -30.1913 128 4293.88 181.495 31 0.000523959
4000 0.0120275 0.0115913 0.000436146 0 0.963737 44.7338 42.6828 2.05098 0 -28.5682 -30.4766 128 4421.88 184.18 32 0.000362229
4100 0.0122323 0.0104323 0.00180008 0 0.852843 45.8232 43.7261 2.0971 0 -28.5582 -28.1465 128 4549.88 186.827 33 0.000316129
4200 0.0139854 0.0135336 0.000451859 0 0.967691 47.2465 45.0794 2.16706 0 -28.6732 -32.3755 128 4549.88 186.827 33 0.000410108
4300 0.00956926 0.00936329 0.000205967 0 0.978476 48.2107 46.0158 2.19496 0 -28.7532 -32.6762 128 4677.88 189.437 34 0.000275391
4400 0.00873631 0.00855229 0.000184016 0 0.978937 49.0851 46.871 2.21411 0 -28.8284 -32.9747 128 4805.88 192.011 35 0.000244351
4500 0.00961355 0.00901646 0.000597097 0 0.93789 50.0134 47.7726 2.24078 0 -28.8884 -32.0591 128 4933.88 194.551 36 0.000250457
4600 0.00796049 0.00790674 5.3744e-05 0 0.993249 50.825 48.5633 2.26167 0 -28.975 -34.3115 128 4933.88 194.551 36 0.000219632
4700 0.00792649 0.00788034 4.61494e-05 0 0.994178 51.6287 49.3513 2.27732 0 -29.0371 -32.964 128 5061.88 197.059 37 0.000212982
4800 0.00903557 0.00888094 0.000154633 0 0.982886 52.534 50.2394 2.29457 0 -29.0906 -32.1405 128 5189.88 199.535 38 0.000233709
4900 0.00756933 0.0074147 0.000154633 0 0.979571 53.2919 50.9809 2.31096 0 -29.1437 -32.827 128 5317.88 201.98 39 0.00019012
5000 0.00675652 0.00652949 0.000227028 0 0.966399 53.9584 51.6339 2.32456 0 -29.1906 -32.9431 128 5445.88 204.397 40 0.000163237
5100 0.00633174 0.00619267 0.000139071 0 0.978036 54.5947 52.2531 2.34156 0 -29.2425 -33.6422 128 5445.88 204.397 40 0.000154817
5200 0.0073441 0.00723067 0.000113429 0 0.984555 55.338 52.9762 2.36184 0 -29.2717 -31.4122 128 5573.88 206.785 41 0.000176358
5300 0.00614953 0.00605286 9.66652e-05 0 0.984281 55.954 53.5815 2.37258 0 -29.3101 -32.762 128 5701.88 209.146 42 0.000144116
5400 0.00637258 0.00618173 0.000190842 0 0.970053 56.5834 54.1996 2.3838 0 -29.352 -33.0804 128 5829.88 211.48 43 0.000143761
5500 0.00564498 0.00556454 8.04395e-05 0 0.98575 57.1506 54.7561 2.39448 0 -29.3977 -33.9542 128 5829.88 211.48 43 0.000129408
5600 0.00620821 0.00619222 1.59949e-05 0 0.997424 57.7856 55.3753 2.41031 0 -29.4419 -33.4182 128 5957.88 213.789 44 0.000140732
5700 0.0145331 0.0141875 0.000345631 0 0.976218 59.2492 56.7941 2.45512 0 -29.5445 -33.5965 128 6085.88 216.074 45 0.000315277
5800 0.010267 0.00993731 0.000329637 0 0.967893 60.286 57.7878 2.49818 0 -29.6106 -33.3866 128 6213.88 218.334 46 0.000216029
5900 0.0206258 0.0187447 0.00188105 0 0.908801 62.2207 59.6623 2.55847 0 -29.5276 -26.9425 128 6341.88 220.571 47 0.000398824
6000 0.0304704 0.0294286 0.00104182 0 0.965809 65.3306 62.6051 2.7255 0 -29.4429 -27.748 128 6341.88 220.571 47 0.00062614
6100 0.0209547 0.0197765 0.00117819 0 0.943775 67.4333 64.5828 2.85053 0 -29.4272 -28.939 128 6469.88 222.786 48 0.000412011
6200 0.0249199 0.0236204 0.00129951 0 0.947853 69.9474 66.9448 3.00253 0 -29.3395 -26.9861 128 6597.88 224.979 49 0.000482049
6300 0.0202273 0.0190646 0.0011627 0 0.942519 71.9804 68.8513 3.12906 0 -29.2949 -27.7611 128 6725.88 227.151 50 0.000381293
6400 0.0158312 0.0153566 0.000474641 0 0.970019 73.6093 70.3869 3.22237 0 -29.295 -29.2983 128 6853.88 229.302 51 0.000301109
6500 0.0258553 0.0249238 0.000931467 0 0.963974 76.2307 72.8793 3.35138 0 -29.3535 -30.9971 128 6853.88 229.302 51 0.000488702
6600 0.0172808 0.016594 0.000686814 0 0.960256 77.9757 74.5387 3.43702 0 -29.3976 -31.3264 128 6981.88 231.434 52 0.000319115
6700 0.0159076 0.0152483 0.000659347 0 0.958552 79.5737 76.0636 3.51018 0 -29.4178 -30.4002 128 7109.88 233.545 53 0.000287703
6800 0.0156089 0.0149212 0.000687768 0 0.955938 81.1211 77.5557 3.56544 0 -29.4429 -30.7359 128 7237.88 235.638 54 0.000276318
6900 0.0142497 0.0139912 0.000258464 0 0.981862 82.5555 78.9548 3.60067 0 -29.4905 -32.1808 128 7237.88 235.638 54 0.000259096
7000 0.0160297 0.0158087 0.000220999 0 0.986213 84.1708 80.5357 3.63511 0 -29.5494 -32.5612 128 7365.88 237.713 55 0.000287431
7100 0.0128253 0.012643 0.000182318 0 0.985785 85.458 81.8 3.65807 0 -29.5944 -32.5377 128 7493.88 239.769 56 0.000225768
7200 0.0120873 0.0118362 0.000251088 0 0.979227 86.6633 82.9836 3.67976 0 -29.6394 -32.8275 128 7621.88 241.808 57 0.000207653
7300 0.0127331 0.0116596 0.00107347 0 0.915695 87.8444 84.1495 3.69486 0 -29.6585 -31.0597 128 7749.88 243.83 58 0.000201028
7400 0.0144893 0.014202 0.000287325 0 0.98017 89.31 85.5697 3.74027 0 -29.696 -31.9455 128 7749.88 243.83 58 0.000244862
7500 0.0129757 0.0126511 0.000324569 0 0.974986 90.6141 86.8349 3.77925 0 -29.7301 -32.0671 128 7877.88 245.836 59 0.000214426
7600 0.0187912 0.0179571 0.000834109 0 0.955612 92.4851 88.6306 3.8545 0 -29.7802 -32.2063 128 8005.88 247.825 60 0.000299286
7700 0.0148536 0.0143013 0.000552209 0 0.962823 93.9805 90.0607 3.9198 0 -29.8251 -32.6009 128 8133.88 249.798 61 0.000234448
7800 0.0119428 0.0115573 0.000385482 0 0.967723 95.1832 91.2164 3.96673 0 -29.8663 -33.0866 128 8133.88 249.798 61 0.000189464
7900 0.0135233 0.0132736 0.000249653 0 0.981539 96.5587 92.5438 4.01495 0 -29.9284 -34.221 128 8261.88 251.756 62 0.000214091
8000 0.0103771 0.0102149 0.000162214 0 0.984368 97.6016 93.5653 4.03626 0 -29.976 -34.3825 128 8389.88 253.699 63 0.000162141
8100 0.0230761 0.0214914 0.00158467 0 0.931328 99.8171 95.7144 4.10266 0 -30.0225 -32.073 128 8517.88 255.626 64 0.000335803
8200 0.0347938 0.0297385 0.00505533 0 0.854706 102.961 98.6883 4.27242 0 -29.9249 -26.8266 128 8645.88 257.54 65 0.000457515
8300 0.0365323 0.0348149 0.00171735 0 0.952991 106.717 102.17 4.54747 0 -29.824 -27.0587 128 8645.88 257.54 65 0.000535614
8400 0.0207616 0.0202754 0.000486258 0 0.976579 108.855 104.197 4.65719 0 -29.8467 -30.9812 128 8773.88 259.439 66 0.000307203
8500 0.0193161 0.0188225 0.000493583 0 0.974447 110.799 106.08 4.71974 0 -29.8889 -32.2503 128 8901.88 261.325 67 0.000280933
8600 0.016236 0.016028 0.000208036 0 0.987187 112.425 107.682 4.74271 0 -29.9334 -32.9625 128 9029.88 263.197 68 0.000235705
8700 0.0137593 0.0137094 4.99156e-05 0 0.996372 113.803 109.053 4.74976 0 -29.9812 -33.8861 128 9029.88 263.197 68 0.000201608
8800 0.0140623 0.0139074 0.000154929 0 0.988983 115.212 110.444 4.7678 0 -30.0226 -33.3667 128 9157.88 265.056 69 0.000201556
8900 0.0186017 0.0178427 0.000759077 0 0.959193 117.058 112.228 4.82983 0 -30.044 -31.3753 128 9285.88 266.902 70 0.000254895
9000 0.0137102 0.0133174 0.000392763 0 0.971352 118.433 113.56 4.87303 0 -30.0779 -32.9685 128 9413.88 268.735 71 0.00018757
9100 0.0117687 0.0114723 0.000296367 0 0.974817 119.614 114.707 4.90656 0 -30.1128 -33.6106 128 9541.88 270.556 72 0.000159338
9200 0.010666 0.0104531 0.000212954 0 0.980034 120.684 115.753 4.93092 0 -30.1485 -34.1439 128 9541.88 270.556 72 0.000145182
9300 0.0102414 0.010022 0.000219397 0 0.978578 121.712 116.755 4.95689 0 -30.1868 -34.6792 128 9669.88 272.365 73 0.000137288
9400 0.0105492 0.0103839 0.00016525 0 0.984335 122.777 117.793 4.98335 0 -30.2308 -35.263 128 9797.88 274.161 74 0.000140323
9500 0.028596 0.0269066 0.00168937 0 0.940923 125.555 120.484 5.07077 0 -30.1595 -27.0077 128 9925.88 275.946 75 0.000358755
9600 0.0302967 0.0286074 0.00168937 0 0.944239 128.584 123.345 5.2397 0 -30.0955 -27.4432 128 10053.9 277.72 76 0.000376413
9700 0.038852 0.0366161 0.00223587 0 0.942452 132.474 127.006 5.46764 0 -30.0091 -27.154 128 10053.9 277.72 76 0.000481791
9800 0.0342972 0.0320388 0.00225837 0 0.934153 135.936 130.21 5.72549 0 -29.9786 -28.809 128 10181.9 279.482 77 0.000416089
9900 0.0302885 0.0284148 0.00187365 0 0.93814 138.981 133.052 5.9297 0 -29.9458 -28.4823 128 10309.9 281.233 78 0.000364292
10000 0.0262755 0.0243946 0.00188092 0 0.928415 141.602 135.491 6.1114 0 -29.9183 -28.4603 128 10437.9 282.974 79 0.000308792
10100 0.0223806 0.0212501 0.00113048 0 0.949488 143.859 137.616 6.24317 0 -29.9085 -29.2914 128 10437.9 282.974 79 0.000268989
10200 0.0190014 0.0183215 0.000679888 0 0.964219 145.792 139.448 6.34419 0 -29.9163 -30.5012 128 10565.9 284.704 80 0.000229019
10300 0.0174772 0.0168506 0.000626574 0 0.964149 147.55 141.133 6.41713 0 -29.9314 -31.1787 128 10693.9 286.423 81 0.000208032
10400 0.0265022 0.0255002 0.00100195 0 0.962193 150.174 143.683 6.49051 0 -29.8995 -28.1076 128 10821.9 288.132 82 0.000310978
10500 0.0309502 0.0279452 0.00300497 0 0.902909 153.07 146.478 6.5918 0 -29.8462 -27.0838 128 10949.9 289.831 83 0.000336689
10600 0.0327395 0.0314579 0.00128165 0 0.960853 156.387 149.624 6.76327 0 -29.8411 -29.6033 128 10949.9 289.831 83 0.00037901
10700 0.0286433 0.0273268 0.00131649 0 0.954038 159.29 152.356 6.93353 0 -29.8201 -28.6881 128 11077.9 291.52 84 0.000325319
10800 0.0212808 0.0206831 0.000597637 0 0.971917 161.463 154.425 7.0388 0 -29.8282 -30.4267 128 11205.9 293.199 85 0.000243331
10900 0.0319088 0.0305646 0.0013442 0 0.957874 164.575 157.481 7.09365 0 -29.8028 -28.4844 128 11333.9 294.869 86 0.000355402
11000 0.0365669 0.0352227 0.0013442 0 0.96324 168.231 161.003 7.22807 0 -29.7722 -28.3918 128 11333.9 294.869 86 0.000409566
11100 0.0368935 0.0350154 0.00187807 0 0.949095 171.971 164.505 7.46579 0 -29.7309 -27.8735 128 11461.9 296.53 87 0.000402476
11200 0.0265605 0.0253221 0.00123843 0 0.953373 174.675 167.037 7.63751 0 -29.7197 -29.0078 128 11589.9 298.181 88 0.000287751
11300 0.0228973 0.0218547 0.00104266 0 0.954464 176.979 169.222 7.75636 0 -29.7181 -29.5971 128 11717.9 299.823 89 0.000245558
11400 0.0204723 0.0194683 0.00100406 0 0.950956 179.025 171.169 7.85602 0 -29.7207 -29.9485 128 11845.9 301.456 90 0.000216314
11500 0.0185196 0.0176881 0.000831439 0 0.955105 180.884 172.938 7.9462 0 -29.7279 -30.4168 128 11845.9 301.456 90 0.000196535
11600 0.0177568 0.0171282 0.000628653 0 0.964597 182.684 174.651 8.03263 0 -29.7402 -30.9806 128 11973.9 303.08 91 0.000188222
11700 0.0223334 0.0213915 0.000941851 0 0.957828 184.909 176.79 8.11888 0 -29.75 -30.5528 128 12101.9 304.696 92 0.000232516
11800 0.0185002 0.017703 0.000797203 0 0.956908 186.773 178.56 8.2122 0 -29.7636 -31.1122 128 12229.9 306.303 93 0.000190355
11900 0.0159656 0.0151834 0.000782252 0 0.951004 188.371 180.079 8.29176 0 -29.7765 -31.2884 128 12229.9 306.303 93 0.000163262
12000 0.0150849 0.0145646 0.000520289 0 0.965509 189.888 181.535 8.35256 0 -29.7945 -32.025 128 12357.9 307.902 94 0.000154943
12100 0.0207183 0.0197272 0.000991076 0 0.952164 191.978 183.508 8.47053 0 -29.8238 -32.4842 128 12485.9 309.492 95 0.000207655
12200 0.0194936 0.0183798 0.00111373 0 0.942867 193.937 185.346 8.59066 0 -29.8284 -30.2795 128 12613.9 311.075 96 0.000191457
12300 0.0198025 0.0182782 0.00152428 0 0.923026 195.868 187.174 8.69428 0 -29.822 -29.1854 128 12741.9 312.649 97 0.000188435
12400 0.018699 0.0179032 0.000795848 0 0.957439 197.763 188.964 8.79937 0 -29.8262 -30.2572 128 12741.9 312.649 97 0.000184569
12500 0.0160753 0.0157794 0.000295904 0 0.981593 199.398 190.542 8.8558 0 -29.8437 -31.9574 128 12869.9 314.215 98 0.000161014
12600 0.0216362 0.0209116 0.000724635 0 0.966508 201.567 192.633 8.93337 0 -29.861 -31.4545 128 12997.9 315.774 99 0.000211228
12700 0.0244705 0.0233684 0.00110203 0 0.954965 203.963 194.97 8.99339 0 -29.8923 -32.5236 128 13125.9 317.325 100 0.000233684
12800 0.0210781 0.0206998 0.000378207 0 0.982057 206.087 197.04 9.04701 0 -29.9325 -33.7969 128 13253.9 318.868 101 0.000204949
12900 0.0180042 0.0178145 0.000189665 0 0.989466 207.916 198.821 9.09444 0 -29.9646 -33.5759 128 13253.9 318.868 101 0.000176381
13000 0.0187396 0.0184436 0.000295987 0 0.984205 209.803 200.666 9.13728 0 -30.0029 -34.2274 128 13381.9 320.405 102 0.000180819
13100 0.0145306 0.0144609 6.96908e-05 0 0.995204 211.262 202.112 9.15058 0 -30.0362 -34.8184 128 13509.9 321.933 103 0.000140397
13200 0.0128241 0.0127073 0.000116784 0 0.990893 212.54 203.383 9.15742 0 -30.065 -34.8303 128 13637.9 323.455 104 0.000122186
13300 0.0114551 0.011444 1.1117e-05 0 0.99903 213.688 204.527 9.1608 0 -30.0928 -35.2478 128 13637.9 323.455 104 0.000110038
13400 0.0125178 0.0123522 0.000165609 0 0.98677 214.945 205.762 9.18273 0 -30.1157 -33.9938 128 13765.9 324.969 105 0.00011764
13500 0.0114636 0.0113638 9.98299e-05 0 0.991292 216.097 206.899 9.19873 0 -30.1381 -34.3175 128 13893.9 326.476 106 0.000107206
13600 0.0109927 0.010776 0.000216696 0 0.980287 217.192 207.976 9.21609 0 -30.1594 -34.3778 128 14021.9 327.977 107 0.00010071
13700 0.0110847 0.010565 0.000519774 0 0.953109 218.275 209.033 9.24182 0 -30.1775 -33.7969 128 14149.9 329.47 108 9.78238e-05
13800 0.0100387 0.00992178 0.000116885 0 0.988357 219.279 210.025 9.25458 0 -30.2033 -35.8102 128 14149.9 329.47 108 9.18683e-05
13900 0.00968605 0.00951851 0.000167537 0 0.982703 220.259 210.977 9.28194 0 -30.2246 -34.9918 128 14277.9 330.957 109 8.73258e-05
14000 0.010599 0.0104198 0.000179188 0 0.983094 221.319 212.019 9.3001 0 -30.2397 -33.3835 128 14405.9 332.437 110 9.47255e-05
14100 0.00941739 0.00928269 0.000134698 0 0.985697 222.263 212.947 9.31633 0 -30.2571 -34.3422 128 14533.9 333.911 111 8.36278e-05
14200 0.00857738 0.00851126 6.6121e-05 0 0.992291 223.124 213.798 9.32581 0 -30.276 -35.1506 128 14533.9 333.911 111 7.6678e-05
14300 0.00918964 0.00907387 0.000115775 0 0.987402 224.054 214.706 9.34814 0 -30.2937 -34.5442 128 14661.9 335.378 112 8.10167e-05
14400 0.00905786 0.00889003 0.000167835 0 0.981471 224.958 215.595 9.36397 0 -30.3071 -33.6116 128 14789.9 336.839 113 7.86728e-05
14500 0.0109445 0.0105494 0.000395122 0 0.963898 226.044 216.649 9.39444 0 -30.3178 -32.5366 128 14917.9 338.293 114 9.25385e-05
14600 0.00962492 0.00923934 0.000385576 0 0.95994 226.977 217.573 9.40319 0 -30.3308 -33.4927 128 15045.9 339.742 115 8.03421e-05
14700 0.00829116 0.00817892 0.000112243 0 0.986462 227.812 218.391 9.42107 0 -30.3468 -34.6973 128 15045.9 339.742 115 7.1121e-05
14800 0.00809094 0.00801673 7.42019e-05 0 0.990829 228.627 219.193 9.43437 0 -30.3613 -34.3904 128 15173.9 341.184 116 6.91098e-05
14900 0.00693999 0.00693999 0 0 1 229.323 219.887 9.43569 0 -30.3779 -35.8541 128 15301.9 342.62 117 5.93162e-05
15000 0.00818772 0.00790704 0.00028068 0 0.965719 230.122 220.678 9.44396 0 -30.3904 -33.9705 128 15429.9 344.05 118 6.70088e-05
15100 0.00794859 0.00779314 0.00015545 0 0.980443 230.919 221.457 9.46164 0 -30.4045 -34.4866 128 15429.9 344.05 118 6.60435e-05
15200 0.019229 0.0184603 0.000768649 0 0.960027 232.866 223.303 9.56344 0 -30.3735 -26.698 128 15557.9 345.474 119 0.000155129
15300 0.0141985 0.0137148 0.000483683 0 0.965934 234.3 224.674 9.62586 0 -30.367 -29.3031 128 15685.9 346.892 120 0.00011429
15400 0.0109102 0.0106238 0.000286415 0 0.973748 235.4 225.737 9.66341 0 -30.3715 -31.3341 128 15813.9 348.305 121 8.77997e-05
15500 0.00980551 0.00951466 0.000290853 0 0.970338 236.377 226.688 9.68849 0 -30.3786 -32.0892 128 15941.9 349.711 122 7.7989e-05
15600 0.00928435 0.00914208 0.000142268 0 0.984677 237.31 227.603 9.70745 0 -30.3892 -33.0717 128 15941.9 349.711 122 7.49351e-05
15700 0.00864916 0.00860169 4.74706e-05 0 0.994512 238.186 228.463 9.72317 0 -30.4016 -33.7611 128 16069.9 351.113 123 6.99324e-05
15800 0.00755183 0.00750436 4.74706e-05 0 0.993714 238.942 229.213 9.72881 0 -30.4155 -34.8011 128 16197.9 352.508 124 6.0519e-05
15900 0.00700336 0.00693358 6.97772e-05 0 0.990037 239.64 229.906 9.73313 0 -30.4282 -34.7946 128 16325.9 353.898 125 5.54687e-05
16000 0.00654582 0.00654582 0 0 1 240.298 230.561 9.73682 0 -30.4419 -35.4225 128 16453.9 355.283 126 5.19509e-05
16100 0.00705527 0.0070364 1.887e-05 0 0.997325 241.006 231.265 9.74138 0 -30.4562 -35.2989 128 16453.9 355.283 126 5.58444e-05
16200 0.0208738 0.0200891 0.000784666 0 0.962409 243.091 233.274 9.81691 0 -30.4419 -28.7878 128 16581.9 356.662 127 0.000158182
16300 0.0153298 0.0148361 0.00049373 0 0.967793 244.655 234.757 9.89748 0 -30.442 -30.4607 128 16709.9 358.036 128 0.000115907
16400 0.0121461 0.0115969 0.00054924 0 0.954781 245.865 235.917 9.94821 0 -30.4461 -31.2759 128 16837.9 359.405 129 8.98983e-05
16500 0.0102552 0.00994636 0.000308832 0 0.969885 246.897 236.912 9.98576 0 -30.4539 -32.3165 128 16837.9 359.405 129 7.71035e-05
16600 0.00910366 0.00896255 0.000141111 0 0.9845 247.827 237.808 10.0195 0 -30.4646 -33.3063 128 16965.9 360.768 130 6.89427e-05
16700 0.00905059 0.00884461 0.000205981 0 0.977241 248.732 238.692 10.0402 0 -30.4739 -33.0183 128 17093.9 362.127 131 6.75161e-05
16800 0.00797868 0.00793041 4.82755e-05 0 0.993949 249.542 239.485 10.0571 0 -30.4853 -33.9865 128 17221.9 363.48 132 6.00788e-05
16900 0.00983426 0.00900359 0.000830665 0 0.915534 250.449 240.386 10.0636 0 -30.4852 -30.458 128 17349.9 364.828 133 6.76962e-05
17000 0.014989 0.0146855 0.000303491 0 0.979752 251.965 241.854 10.111 0 -30.4815 -29.862 128 17349.9 364.828 133 0.000110418
17100 0.0183756 0.0178229 0.000552676 0 0.969923 253.827 243.637 10.1908 0 -30.4989 -32.8562 128 17477.9 366.171 134 0.000133007
17200 0.01297 0.0125865 0.000383411 0 0.970439 255.141 244.895 10.2456 0 -30.5121 -33.0585 128 17605.9 367.51 135 9.32337e-05
17300 0.0137436 0.0131092 0.000634345 0 0.953844 256.491 246.206 10.285 0 -30.5249 -32.9399 128 17733.9 368.843 136 9.63915e-05
17400 0.0135757 0.0132442 0.000331446 0 0.975585 257.856 247.531 10.3255 0 -30.5435 -34.0482 128 17733.9 368.843 136 9.73842e-05
17500 0.011822 0.0114329 0.000389052 0 0.967091 259.042 248.674 10.3683 0 -30.559 -33.9234 128 17861.9 370.172 137 8.34519e-05
17600 0.0145356 0.0141636 0.000371933 0 0.974412 260.502 250.09 10.4115 0 -30.5629 -31.2593 128 17989.9 371.496 138 0.000102635
17700 0.016081 0.0152815 0.000799466 0 0.950285 262.086 251.618 10.4673 0 -30.5679 -31.3866 128 18117.9 372.815 139 0.000109939
17800 0.013946 0.0136424 0.000303589 0 0.978231 263.506 252.983 10.5231 0 -30.5817 -33.1313 128 18245.9 374.13 140 9.74457e-05
17900 0.0114103 0.0112979 0.000112379 0 0.990151 264.649 254.112 10.5369 0 -30.5974 -34.2157 128 18245.9 374.13 140 8.06994e-05
18000 0.0125597 0.012339 0.000220774 0 0.982422 265.908 255.346 10.5618 0 -30.6136 -34.013 128 18373.9 375.44 141 8.75104e-05
18100 0.0106876 0.0105742 0.000113425 0 0.989387 266.989 256.404 10.5851 0 -30.6314 -35.012 128 18501.9 376.745 142 7.44661e-05
18200 0.0108534 0.0104793 0.000374119 0 0.96553 268.055 257.452 10.6039 0 -30.6415 -33.1605 128 18629.9 378.046 143 7.32819e-05
18300 0.00979565 0.00979565 0 0 1 269.048 258.431 10.6166 0 -30.6554 -34.4363 128 18629.9 378.046 143 6.8501e-05
18400 0.0110352 0.0109216 0.00011357 0 0.989708 270.158 259.523 10.6342 0 -30.6658 -33.1848 128 18757.9 379.343 144 7.58447e-05
18500 0.00911151 0.009044 6.7508e-05 0 0.992591 271.073 260.428 10.6455 0 -30.6791 -34.5895 128 18885.9 380.635 145 6.23724e-05
18600 0.0117941 0.01145 0.000344035 0 0.97083 272.237 261.573 10.664 0 -30.6894 -33.0962 128 19013.9 381.923 146 7.84248e-05
18700 0.0114526 0.0110696 0.000382972 0 0.96656 273.363 262.68 10.6838 0 -30.6962 -32.3254 128 19141.9 383.206 147 7.53034e-05
18800 0.0114023 0.0111812 0.000221097 0 0.980609 274.512 263.798 10.7137 0 -30.6997 -31.5488 128 19141.9 383.206 147 7.60626e-05
18900 0.00935988 0.00924209 0.000117793 0 0.987415 275.456 264.722 10.7339 0 -30.7097 -33.6186 128 19269.9 384.485 148 6.24465e-05
19000 0.00976025 0.00957091 0.00018934 0 0.980601 276.438 265.679 10.7588 0 -30.7168 -32.7114 128 19397.9 385.76 149 6.42343e-05
19100 0.0104812 0.010107 0.000374267 0 0.964292 277.475 266.69 10.785 0 -30.7213 -31.9092 128 19525.9 387.031 150 6.73797e-05
19200 0.00955528 0.00945218 0.000103096 0 0.989211 278.444 267.635 10.8091 0 -30.7305 -33.3756 128 19653.9 388.297 151 6.25972e-05
19300 0.0114562 0.0114562 0 0 1 279.629 268.781 10.8483 0 -30.7503 -35.3814 128 19653.9 388.297 151 7.58686e-05
19400 0.00910844 0.00905821 5.02349e-05 0 0.994485 280.542 269.686 10.8551 0 -30.7643 -35.0713 128 19781.9 389.56 152 5.95935e-05
19500 0.00805762 0.00801608 4.15403e-05 0 0.994845 281.347 270.488 10.8585 0 -30.7772 -35.2706 128 19909.9 390.818 153 5.23927e-05
19600 0.00743105 0.00734835 8.26927e-05 0 0.988872 282.085 271.223 10.8619 0 -30.7891 -35.3295 128 20037.9 392.072 154 4.77166e-05
19700 0.00684489 0.00682635 1.85456e-05 0 0.997291 282.771 271.906 10.8654 0 -30.8016 -35.9321 128 20037.9 392.072 154 4.43269e-05
19800 0.0112348 0.0109599 0.00027493 0 0.975529 283.9 273.002 10.8981 0 -30.7999 -30.3774 128 20165.9 393.322 155 7.07089e-05
19900 0.00844023 0.00829882 0.000141412 0 0.983246 284.754 273.831 10.9229 0 -30.8063 -32.9173 128 20293.9 394.569 156 5.31976e-05
20000 0.00843135 0.00821201 0.000219345 0 0.973985 285.592 274.653 10.9389 0 -30.8144 -33.5695 128 20421.9 395.811 157 5.23058e-05
