100 0.0115069 0.0107241 0.00078287 0 0.931965 1.1405 1.07241 0.0680957 0 -29.3059 -29.3059 16 437.882 57.9587 7 0.00153201
200 0.0144396 0.0131744 0.00126523 0 0.912378 2.56299 2.38984 0.173148 0 -28.3815 -27.6404 16 533.882 63.9974 13 0.00101341
300 0.019363 0.0171429 0.0022201 0 0.885343 4.45389 4.10414 0.349753 0 -27.005 -25.1391 16 629.882 69.5136 19 0.00090226
400 0.022847 0.0209917 0.00185524 0 0.918797 6.74842 6.20331 0.54511 0 -27.4419 -28.2899 16 741.882 75.441 26 0.000807374
500 0.0295923 0.0262889 0.00330337 0 0.888371 9.60202 8.8322 0.769815 0 -27.2631 -26.8402 16 837.882 80.1736 32 0.000821529
600 0.0558126 0.0529446 0.00286791 0 0.948615 15.2012 14.1267 1.07454 0 -27.2685 -27.2778 16 933.882 84.642 38 0.00139328
700 0.0421941 0.0392365 0.0029576 0 0.929905 19.4042 18.0503 1.35386 0 -27.3559 -27.6722 16 1029.88 88.8861 44 0.000891739
800 0.0394631 0.0377321 0.00173099 0 0.956136 23.4651 21.8235 1.64157 0 -27.6988 -29.337 16 1141.88 93.5946 51 0.000739846
900 0.050131 0.046718 0.00341304 0 0.931918 28.3631 26.4953 1.86776 0 -27.9509 -29.1587 16 1237.88 97.4495 57 0.000819613
1000 0.088791 0.0834275 0.00536348 0 0.939594 37.1546 34.8381 2.31656 0 -28.2305 -29.1326 16 1333.88 101.158 63 0.00132425
1100 0.0729008 0.0683178 0.00458294 0 0.937135 44.471 41.6699 2.80111 0 -28.4022 -29.2739 16 1429.88 104.735 69 0.000990113
1200 0.0643781 0.0601719 0.00420625 0 0.934663 50.9507 47.6871 3.26368 0 -28.4863 -29.0639 16 1541.88 108.759 76 0.000791735
1300 0.0627906 0.0581434 0.00464717 0 0.925989 57.1828 53.5014 3.68143 0 -28.4972 -28.5857 16 1637.88 112.094 82 0.000709066
1400 0.0613738 0.0580442 0.00332954 0 0.94575 63.3846 59.3058 4.07881 0 -28.5739 -29.2811 16 1733.88 115.332 88 0.000659594
1500 0.0523078 0.048883 0.00342477 0 0.934526 68.5905 64.1941 4.39636 0 -28.6496 -29.5719 16 1829.88 118.482 94 0.000520032
1600 0.0575565 0.0546876 0.00286894 0 0.950154 74.4077 69.6629 4.74478 0 -28.7934 -30.4888 16 1941.88 122.054 101 0.000541461
1700 0.0777419 0.0725113 0.00523064 0 0.932718 82.035 76.914 5.12097 0 -28.9519 -30.4978 16 2037.88 125.034 107 0.000677675
1800 0.0679792 0.0646023 0.00337691 0 0.950324 88.9146 83.3742 5.54035 0 -29.0642 -30.4039 16 2133.88 127.946 113 0.000571702
1900 0.0631608 0.0577367 0.00542417 0 0.914121 95.0122 89.1479 5.86434 0 -29.0923 -29.5026 16 2229.88 130.792 119 0.000485182
2000 0.0931065 0.0873944 0.00571209 0 0.93865 104.25 97.8873 6.36231 0 -29.1223 -29.4298 16 2341.88 134.036 126 0.000693607
2100 0.0834635 0.0790324 0.00443107 0 0.94691 112.664 105.791 6.87296 0 -29.1845 -29.9558 16 2437.88 136.756 132 0.00059873
2200 0.0775227 0.0720085 0.00551419 0 0.92887 120.33 112.991 7.33834 0 -29.1739 -29.0184 16 2533.88 139.423 138 0.000521801
2300 0.0752841 0.0703701 0.00491405 0 0.934727 127.868 120.028 7.83992 0 -29.1829 -29.3263 16 2629.88 142.039 144 0.000488681
2400 0.0660484 0.0624178 0.00363061 0 0.945031 134.541 126.27 8.27074 0 -29.2367 -30.2679 16 2741.88 145.032 151 0.000413363
2500 0.0762868 0.0726949 0.00359189 0 0.952916 142.208 133.54 8.66849 0 -29.2127 -28.7914 16 2837.88 147.549 157 0.000463025
2600 0.0657057 0.0617447 0.00396099 0 0.939716 148.738 139.714 9.02357 0 -29.2287 -29.5769 16 2933.88 150.024 163 0.000378802
2700 0.0727011 0.0693956 0.00330553 0 0.954533 156.068 146.654 9.41405 0 -29.2577 -29.8458 16 3029.88 152.459 169 0.000410625
2800 0.0944288 0.0899542 0.0044746 0 0.952614 165.558 155.649 9.90849 0 -29.2386 -28.9249 16 3141.88 155.251 176 0.000511103
2900 0.0881979 0.0822036 0.00599435 0 0.932035 174.246 163.87 10.3764 0 -29.2489 -29.4457 16 3237.88 157.605 182 0.000451668
3000 0.0940198 0.0895864 0.00443343 0 0.952846 183.674 172.828 10.8461 0 -29.2887 -30.0229 16 3333.88 159.925 188 0.000476523
3100 0.0768411 0.0739646 0.00287642 0 0.962567 191.45 180.225 11.2251 0 -29.3515 -30.8362 16 3429.88 162.211 194 0.000381261
3200 0.0663508 0.064046 0.0023048 0 0.965263 198.122 186.629 11.4931 0 -29.4211 -31.4173 16 3541.88 164.838 201 0.000318637
3300 0.0731671 0.0702137 0.00295338 0 0.959635 205.515 193.651 11.8643 0 -29.4986 -31.5749 16 3637.88 167.057 207 0.000339197
3400 0.0628941 0.0611027 0.00179143 0 0.971517 211.873 199.761 12.1123 0 -29.5664 -31.7609 16 3733.88 169.247 213 0.000286867
3500 0.0729799 0.0698305 0.00314939 0 0.956846 219.125 206.744 12.3807 0 -29.5797 -29.967 16 3829.88 171.409 219 0.000318861
3600 0.0699417 0.0667389 0.00320277 0 0.954208 226.116 213.418 12.6983 0 -29.611 -30.5906 16 3941.88 173.897 226 0.000295305
3700 0.0746574 0.0712644 0.00339309 0 0.954551 233.601 220.544 13.057 0 -29.6634 -31.2464 16 4037.88 176.002 232 0.000307174
3800 0.0809832 0.0777238 0.00325939 0 0.959752 241.755 228.317 13.4384 0 -29.6455 -29.1343 16 4133.88 178.082 238 0.00032657
3900 0.0780172 0.0743476 0.00366956 0 0.952965 249.553 235.751 13.802 0 -29.6197 -28.8209 16 4229.88 180.138 244 0.000304703
4000 0.069757 0.06656 0.003197 0 0.954169 256.555 242.407 14.1476 0 -29.6169 -29.5156 16 4341.88 182.507 251 0.000265179
4100 0.0807166 0.0761992 0.0045174 0 0.944034 264.565 250.027 14.5377 0 -29.6163 -29.5978 16 4437.88 184.513 257 0.000296495
4200 0.124411 0.118254 0.00615649 0 0.950515 276.96 261.853 15.1072 0 -29.5612 -28.3834 16 4533.88 186.498 263 0.000449636
4300 0.0927932 0.0888246 0.00396862 0 0.957232 286.345 270.735 15.6097 0 -29.5504 -29.2335 16 4629.88 188.463 269 0.000330203
4400 0.0908503 0.0872468 0.0036035 0 0.960336 295.475 279.46 16.0152 0 -29.5559 -29.7267 16 4741.88 190.728 276 0.000316111
4500 0.0804257 0.0772737 0.00315202 0 0.960808 303.537 287.187 16.3501 0 -29.5717 -30.1525 16 4837.88 192.649 282 0.00027402
4600 0.0759394 0.0726519 0.00328754 0 0.956708 311.063 294.452 16.611 0 -29.5865 -30.1837 16 4933.88 194.551 288 0.000252263
4700 0.0730096 0.0703429 0.00266665 0 0.963475 318.437 301.487 16.95 0 -29.6122 -30.6977 16 5029.88 196.435 294 0.000239262
4800 0.0850566 0.081454 0.00360264 0 0.957644 326.938 309.632 17.3064 0 -29.6046 -29.3168 16 5141.88 198.61 301 0.000270611
4900 0.105648 0.0976883 0.00796 0 0.924656 337.165 319.401 17.764 0 -29.5558 -27.9986 16 5237.88 200.455 307 0.000318203
5000 0.10198 0.0966639 0.00531622 0 0.94787 347.384 329.067 18.3163 0 -29.5521 -29.4283 16 5333.88 202.284 313 0.00030883
5100 0.0828157 0.0788367 0.00397899 0 0.951954 355.733 336.951 18.7823 0 -29.5614 -29.9504 16 5429.88 204.096 319 0.000247137
5200 0.0974211 0.0923566 0.00506448 0 0.948015 365.559 346.187 19.3728 0 -29.525 -28.2055 16 5541.88 206.191 326 0.000283303
5300 0.096953 0.0917625 0.00519055 0 0.946463 375.263 355.363 19.9001 0 -29.5084 -28.8824 16 5637.88 207.969 332 0.000276393
5400 0.0839821 0.0802529 0.00372922 0 0.955595 383.717 363.388 20.3287 0 -29.5136 -29.7437 16 5733.88 209.732 338 0.000237435
5500 0.084135 0.0802881 0.00384688 0 0.954277 392.141 371.417 20.7245 0 -29.5052 -29.1222 16 5829.88 211.48 344 0.000233396
5600 0.109649 0.105395 0.00425362 0 0.961207 403.168 381.957 21.2117 0 -29.4675 -28.1276 16 5941.88 213.502 351 0.000300271
5700 0.0849095 0.0822804 0.00262906 0 0.969037 411.771 390.185 21.586 0 -29.4741 -29.7841 16 6037.88 215.22 357 0.000230477
5800 0.0772933 0.0744651 0.00282813 0 0.96341 419.506 397.631 21.8748 0 -29.487 -30.1713 16 6133.88 216.924 363 0.000205138
5900 0.0909016 0.0881841 0.0027175 0 0.970105 428.649 406.449 22.1998 0 -29.4819 -29.2504 16 6229.88 218.615 369 0.000238981
6000 0.0968307 0.092465 0.0043657 0 0.954914 438.218 415.696 22.5217 0 -29.4841 -29.5824 16 6341.88 220.571 376 0.000245918
6100 0.0993766 0.0956937 0.00368289 0 0.96294 448.178 425.265 22.9124 0 -29.4944 -29.9466 16 6437.88 222.235 382 0.000250507
6200 0.0851427 0.0820313 0.00311145 0 0.963456 456.723 433.468 23.2543 0 -29.5124 -30.4587 16 6533.88 223.885 388 0.000211421
6300 0.0782281 0.0753324 0.0028957 0 0.962984 464.561 441.002 23.5593 0 -29.5351 -30.8578 16 6629.88 225.524 394 0.000191199
6400 0.0719041 0.0696433 0.00226084 0 0.968558 471.766 447.966 23.7998 0 -29.5624 -31.3195 16 6741.88 227.421 401 0.000173674
6500 0.0779694 0.0745705 0.00339893 0 0.956407 479.492 455.423 24.0689 0 -29.5814 -30.7431 16 6837.88 229.034 407 0.00018322
6600 0.0930862 0.0889449 0.00414139 0 0.95551 488.776 464.318 24.4588 0 -29.5982 -30.4684 16 6933.88 230.637 413 0.000215363
6700 0.0945638 0.0900805 0.0044833 0 0.95259 498.237 473.326 24.9117 0 -29.6009 -29.7374 16 7029.88 232.228 419 0.000214989
6800 0.0840826 0.0808085 0.00327415 0 0.96106 506.712 481.406 25.3053 0 -29.6104 -30.172 16 7141.88 234.07 426 0.000189691
6900 0.116725 0.110819 0.00590601 0 0.949402 518.312 492.488 25.8235 0 -29.5872 -28.5715 16 7237.88 235.638 432 0.000256525
7000 0.0977632 0.0947252 0.00303806 0 0.968924 528.22 501.961 26.2591 0 -29.5818 -29.2986 16 7333.88 237.196 438 0.000216268
7100 0.0995217 0.0968178 0.00270389 0 0.972831 538.254 511.643 26.6109 0 -29.5879 -29.9105 16 7429.88 238.743 444 0.000218058
7200 0.126644 0.12063 0.0060139 0 0.952513 550.838 523.706 27.1327 0 -29.5702 -28.8111 16 7541.88 240.536 451 0.000267472
7300 0.122066 0.115216 0.00684996 0 0.943883 563.034 535.227 27.807 0 -29.5612 -29.1563 16 7637.88 242.062 457 0.000252114
7400 0.104598 0.0997712 0.00482654 0 0.953856 573.528 545.204 28.3237 0 -29.5715 -30.1237 16 7733.88 243.578 463 0.000215489
7500 0.0963712 0.091286 0.00508517 0 0.947234 583.103 554.333 28.7702 0 -29.576 -29.8438 16 7829.88 245.086 469 0.00019464
7600 0.100684 0.0965632 0.00412095 0 0.959071 593.208 563.989 29.2186 0 -29.5834 -30.0105 16 7941.88 246.832 476 0.000202864
7700 0.0912063 0.0866634 0.00454283 0 0.950192 602.225 572.656 29.5696 0 -29.5956 -30.4023 16 8037.88 248.32 482 0.0001798
7800 0.1017 0.0974164 0.00428387 0 0.957877 612.418 582.397 30.0208 0 -29.6154 -30.785 16 8133.88 249.798 488 0.000199624
7900 0.0952542 0.0917223 0.00353196 0 0.962921 622.018 591.57 30.4484 0 -29.628 -30.43 16 8229.88 251.268 494 0.000185673
8000 0.126602 0.121605 0.00499734 0 0.960527 634.649 603.73 30.9194 0 -29.624 -29.4268 16 8341.88 252.972 501 0.000242724
8100 0.110445 0.105995 0.00445018 0 0.959707 645.744 614.329 31.4147 0 -29.6343 -30.2269 16 8437.88 254.423 507 0.000209062
8200 0.104617 0.100896 0.00372067 0 0.964435 656.274 624.419 31.855 0 -29.6455 -30.3311 16 8533.88 255.866 513 0.000196679
8300 0.0960136 0.0929791 0.00303449 0 0.968395 665.928 633.717 32.2108 0 -29.6642 -30.934 16 8629.88 257.302 519 0.000179151
8400 0.0942274 0.0919198 0.00230762 0 0.97551 675.44 642.909 32.5305 0 -29.6937 -31.7573 16 8741.88 258.966 526 0.000174752
8500 0.0806977 0.0794448 0.00125293 0 0.984474 683.549 650.853 32.6957 0 -29.7258 -32.4032 16 8837.88 260.384 532 0.000149332
8600 0.0883288 0.0865042 0.00182461 0 0.979343 692.399 659.504 32.8947 0 -29.7477 -31.4339 16 8933.88 261.794 538 0.000160788
8700 0.110576 0.105548 0.0050286 0 0.954524 703.228 670.059 33.1692 0 -29.7594 -30.5108 16 9029.88 263.197 544 0.000194022
8800 0.130226 0.126019 0.00420742 0 0.967691 716.278 682.661 33.617 0 -29.7884 -31.3524 16 9141.88 264.824 551 0.000228709
8900 0.11952 0.115279 0.00424039 0 0.964521 728.242 694.188 34.0535 0 -29.7955 -30.2201 16 9237.88 266.211 557 0.000206965
9000 0.101265 0.0980027 0.00326178 0 0.96779 738.401 703.989 34.4125 0 -29.8155 -31.2483 16 9333.88 267.591 563 0.000174072
9100 0.0917905 0.0892676 0.0025229 0 0.972515 747.598 712.916 34.6821 0 -29.8367 -31.5417 16 9429.88 268.963 569 0.000156885
9200 0.09384 0.0915526 0.00228741 0 0.975624 757.025 722.071 34.9543 0 -29.8584 -31.5786 16 9541.88 270.556 576 0.000158945
9300 0.107097 0.102696 0.00440098 0 0.958906 767.74 732.34 35.4001 0 -29.877 -31.1876 16 9637.88 271.914 582 0.000176453
9400 0.0888315 0.0858214 0.00301007 0 0.966115 776.658 740.922 35.736 0 -29.8997 -31.8574 16 9733.88 273.264 588 0.000145955
9500 0.0927174 0.0882695 0.00444782 0 0.952028 785.798 749.749 36.049 0 -29.9163 -31.3248 16 9829.88 274.609 594 0.000148602
9600 0.0922406 0.0893276 0.00291309 0 0.968419 795.05 758.682 36.3674 0 -29.9358 -31.595 16 9941.88 276.169 601 0.000148632
9700 0.0964517 0.0927721 0.00367958 0 0.961851 804.706 767.959 36.7462 0 -29.9582 -31.8028 16 10037.9 277.499 607 0.000152837
9800 0.12379 0.117145 0.00664501 0 0.94632 816.998 779.674 37.3236 0 -29.9615 -30.1746 16 10133.9 278.823 613 0.000191102
9900 0.102843 0.0985986 0.00424406 0 0.958732 827.407 789.534 37.8735 0 -29.9718 -30.7841 16 10229.9 280.14 619 0.000159287
10000 0.111129 0.106879 0.00424991 0 0.961757 838.632 800.222 38.4099 0 -29.9754 -30.2344 16 10341.9 281.67 626 0.000170734
10100 0.101515 0.0952031 0.00631173 0 0.937825 848.581 809.742 38.8386 0 -29.9845 -30.7538 16 10437.9 282.974 632 0.000150638
10200 0.0983557 0.0937024 0.00465334 0 0.952689 858.461 819.112 39.3492 0 -29.9929 -30.7144 16 10533.9 284.272 638 0.000146869
10300 0.0841024 0.0815148 0.00258763 0 0.969232 866.935 827.264 39.6713 0 -30.0106 -31.8018 16 10629.9 285.565 644 0.000126576
10400 0.0818912 0.0797658 0.00212538 0 0.974046 875.166 835.24 39.9255 0 -30.0296 -32.0307 16 10741.9 287.065 651 0.000122528
10500 0.0805661 0.0785777 0.00198847 0 0.975319 883.243 843.098 40.1445 0 -30.0519 -32.4722 16 10837.9 288.345 657 0.000119601
10600 0.0719834 0.0709616 0.00102178 0 0.985805 890.458 850.194 40.2639 0 -30.0757 -32.9873 16 10933.9 289.619 663 0.000107031
10700 0.0803822 0.0779285 0.00245361 0 0.969476 898.443 857.987 40.4555 0 -30.0927 -31.9957 16 11029.9 290.888 669 0.000116485
10800 0.0916186 0.0895521 0.00206642 0 0.977445 907.637 866.942 40.695 0 -30.1112 -31.9182 16 11141.9 292.361 676 0.000132474
10900 0.0884994 0.0857088 0.00279059 0 0.968468 916.47 875.513 40.957 0 -30.1335 -32.4204 16 11237.9 293.618 682 0.000125673
11000 0.10507 0.100345 0.00472475 0 0.955032 926.865 885.548 41.3168 0 -30.134 -30.1779 16 11333.9 294.869 688 0.00014585
11100 0.094158 0.0896665 0.00449149 0 0.952298 936.212 894.514 41.6976 0 -30.1443 -31.1659 16 11429.9 296.115 694 0.000129203
11200 0.0990591 0.0949055 0.0041537 0 0.958069 946.072 904.005 42.0672 0 -30.1539 -31.0661 16 11541.9 297.563 701 0.000135386
11300 0.0953025 0.0911028 0.00419975 0 0.955932 955.562 913.115 42.447 0 -30.1612 -30.8934 16 11637.9 298.798 707 0.000128858
11400 0.0908109 0.0878344 0.00297656 0 0.967222 964.703 921.899 42.804 0 -30.1767 -31.7946 16 11733.9 300.027 713 0.00012319
11500 0.0933068 0.0898468 0.00345999 0 0.962918 974.054 930.883 43.1711 0 -30.1959 -32.1731 16 11829.9 301.252 719 0.000124961
11600 0.0909589 0.088301 0.00265798 0 0.970778 983.218 939.713 43.5044 0 -30.2149 -32.2393 16 11941.9 302.675 726 0.000121627
11700 0.0801191 0.0780467 0.0020724 0 0.974134 991.264 947.518 43.7458 0 -30.2331 -32.4517 16 12037.9 303.889 732 0.000106621
11800 0.0903093 0.0876977 0.00261157 0 0.971082 1000.29 956.288 44.0058 0 -30.2435 -31.3808 16 12133.9 305.098 738 0.000118832
11900 0.0937762 0.0900936 0.00368261 0 0.96073 1009.57 965.297 44.271 0 -30.2448 -30.393 16 12229.9 306.303 744 0.000121094
12000 0.11466 0.111075 0.00358541 0 0.96873 1021.1 976.405 44.6983 0 -30.2316 -29.0715 16 12341.9 307.702 751 0.000147902
12100 0.0914026 0.0884937 0.00290892 0 0.968175 1030.26 985.254 45.0083 0 -30.2384 -30.9967 16 12437.9 308.897 757 0.0001169
12200 0.0872229 0.0834313 0.00379159 0 0.95653 1038.91 993.597 45.3094 0 -30.2421 -30.6835 16 12533.9 310.087 763 0.000109346
12300 0.0892976 0.0861758 0.00312174 0 0.965041 1047.89 1002.21 45.6773 0 -30.2482 -30.9604 16 12629.9 311.272 769 0.000112062
12400 0.0960336 0.0928722 0.00316147 0 0.96708 1057.53 1011.5 46.0246 0 -30.2472 -30.1349 16 12741.9 312.649 776 0.000119681
12500 0.105519 0.100807 0.00471214 0 0.955343 1068.06 1021.58 46.4742 0 -30.254 -30.9325 16 12837.9 313.824 782 0.000128909
12600 0.0888155 0.0859497 0.0028658 0 0.967733 1077.01 1030.18 46.8348 0 -30.2658 -31.6793 16 12933.9 314.996 788 0.000109073
12700 0.112859 0.108612 0.00424696 0 0.962369 1088.28 1041.04 47.2382 0 -30.2599 -29.6966 16 13029.9 316.162 794 0.000136791
12800 0.102279 0.0983569 0.00392247 0 0.961649 1098.52 1050.87 47.6441 0 -30.2639 -30.6832 16 13141.9 317.518 801 0.000122793
12900 0.0860335 0.0834695 0.00256393 0 0.970198 1107.17 1059.22 47.9446 0 -30.2741 -31.5735 16 13237.9 318.676 807 0.000103432
13000 0.0845536 0.0822732 0.00228033 0 0.973031 1115.64 1067.45 48.1948 0 -30.2891 -32.2496 16 13333.9 319.829 813 0.000101197
13100 0.0798816 0.0785209 0.00136067 0 0.982966 1123.7 1075.3 48.3953 0 -30.3039 -32.351 16 13429.9 320.979 819 9.58741e-05
13200 0.0802102 0.0785562 0.00165403 0 0.979379 1131.73 1083.16 48.5718 0 -30.321 -32.7206 16 13541.9 322.314 826 9.51043e-05
13300 0.0705334 0.0693149 0.00121849 0 0.982725 1138.8 1090.09 48.7087 0 -30.3391 -33.2367 16 13637.9 323.455 832 8.33112e-05
13400 0.0668254 0.0657176 0.00110775 0 0.983423 1145.48 1096.66 48.8178 0 -30.3575 -33.4924 16 13733.9 324.591 838 7.8422e-05
13500 0.0647463 0.0637654 0.00098097 0 0.984849 1151.94 1103.04 48.9011 0 -30.3775 -33.919 16 13829.9 325.724 844 7.55514e-05
13600 0.0823764 0.0804907 0.00188567 0 0.977109 1160.22 1111.09 49.1303 0 -30.3844 -31.3455 16 13941.9 327.04 851 9.45837e-05
13700 0.0890472 0.0857867 0.00326053 0 0.963384 1169.04 1119.66 49.3805 0 -30.3868 -30.6966 16 14037.9 328.164 857 0.000100101
13800 0.089558 0.0867521 0.00280594 0 0.968669 1178.06 1128.34 49.7178 0 -30.3904 -30.8593 16 14133.9 329.284 863 0.000100524
13900 0.0759861 0.0738028 0.00218329 0 0.971267 1185.68 1135.72 49.9621 0 -30.4005 -31.9679 16 14229.9 330.401 869 8.49285e-05
14000 0.104085 0.100487 0.00359845 0 0.965428 1196.04 1145.77 50.2757 0 -30.4088 -31.3558 16 14341.9 331.698 876 0.000114711
14100 0.103957 0.100966 0.00299101 0 0.971228 1206.48 1155.86 50.6178 0 -30.4233 -32.0811 16 14437.9 332.807 882 0.000114474
14200 0.102444 0.0984533 0.00399108 0 0.961041 1216.67 1165.71 50.9632 0 -30.4361 -31.9534 16 14533.9 333.911 888 0.000110871
14300 0.0919877 0.0888202 0.00316754 0 0.965566 1225.9 1174.59 51.3128 0 -30.4494 -32.2106 16 14629.9 335.012 894 9.93515e-05
14400 0.085055 0.0823326 0.00272246 0 0.967992 1234.46 1182.83 51.6383 0 -30.4631 -32.4262 16 14741.9 336.292 901 9.13791e-05
14500 0.0845381 0.0814835 0.00305461 0 0.963867 1242.93 1190.97 51.9559 0 -30.4711 -31.6274 16 14837.9 337.385 907 8.98384e-05
14600 0.0770789 0.0748086 0.00227025 0 0.970546 1250.66 1198.45 52.2013 0 -30.4846 -32.6633 16 14933.9 338.475 913 8.19371e-05
14700 0.0729508 0.0712611 0.00168971 0 0.976838 1257.99 1205.58 52.4079 0 -30.4997 -33.0726 16 15029.9 339.561 919 7.7542e-05
14800 0.0742363 0.0724677 0.00176853 0 0.976177 1265.41 1212.83 52.5862 0 -30.5142 -32.9764 16 15141.9 340.824 926 7.82589e-05
14900 0.0898735 0.0852341 0.0046394 0 0.948379 1274.18 1221.35 52.8275 0 -30.5193 -31.2482 16 15237.9 341.903 932 9.14529e-05
15000 0.100102 0.0943104 0.00579182 0 0.942141 1284.01 1230.78 53.2301 0 -30.527 -31.5233 16 15333.9 342.978 938 0.000100544
15100 0.111682 0.107906 0.00377524 0 0.966196 1295.26 1241.57 53.6863 0 -30.5461 -32.7317 16 15429.9 344.05 944 0.000114308
15200 0.121515 0.117176 0.00433976 0 0.964286 1307.49 1253.29 54.1969 0 -30.5497 -30.9281 16 15541.9 345.296 951 0.000123213
15300 0.101475 0.0977893 0.00368588 0 0.963677 1317.7 1263.07 54.6349 0 -30.5568 -31.4659 16 15637.9 346.361 957 0.000102183
15400 0.0924256 0.0885224 0.00390315 0 0.95777 1326.9 1271.92 54.9786 0 -30.5665 -31.9523 16 15733.9 347.423 963 9.19236e-05
15500 0.0959734 0.0930086 0.00296477 0 0.969108 1336.57 1281.22 55.3522 0 -30.5796 -32.3812 16 15829.9 348.481 969 9.59841e-05
15600 0.10986 0.105564 0.00429607 0 0.960895 1347.54 1291.78 55.7628 0 -30.582 -30.8763 16 15941.9 349.711 976 0.00010816
15700 0.14095 0.134947 0.00600276 0 0.957412 1361.67 1305.27 56.3982 0 -30.5618 -28.6315 16 16037.9 350.763 982 0.000137421
15800 0.114411 0.109925 0.00448631 0 0.960788 1373.19 1316.27 56.928 0 -30.56 -30.349 16 16133.9 351.811 988 0.00011126
15900 0.103324 0.0980349 0.00528939 0 0.948808 1383.42 1326.07 57.3508 0 -30.5614 -30.7522 16 16229.9 352.856 994 9.86267e-05
16000 0.0995485 0.0957994 0.00374911 0 0.962339 1393.43 1335.65 57.7833 0 -30.5678 -31.4483 16 16341.9 354.072 1001 9.57037e-05
16100 0.119711 0.114793 0.00491806 0 0.958917 1405.38 1347.13 58.2527 0 -30.5763 -31.5716 16 16437.9 355.11 1007 0.000113995
16200 0.101644 0.0976422 0.00400156 0 0.960632 1415.58 1356.89 58.6918 0 -30.5846 -31.7194 16 16533.9 356.146 1013 9.63892e-05
16300 0.0975274 0.0939898 0.00353756 0 0.963728 1425.38 1366.29 59.0913 0 -30.595 -32.1014 16 16629.9 357.178 1019 9.22373e-05
16400 0.0951536 0.0921429 0.00301065 0 0.96836 1434.94 1375.51 59.4299 0 -30.6057 -32.2036 16 16741.9 358.379 1026 8.98079e-05
16500 0.136425 0.129158 0.00726711 0 0.946732 1448.39 1388.42 59.9716 0 -30.6009 -30.0876 16 16837.9 359.405 1032 0.000125153
16600 0.117101 0.112794 0.00430698 0 0.96322 1460.21 1399.7 60.5116 0 -30.6045 -31.0419 16 16933.9 360.428 1038 0.000108664
16700 0.114807 0.109608 0.00519936 0 0.954712 1471.67 1410.66 61.0044 0 -30.6098 -31.2967 16 17029.9 361.448 1044 0.000104988
16800 0.120133 0.11576 0.00437235 0 0.963604 1483.76 1422.24 61.5219 0 -30.6128 -30.9786 16 17141.9 362.635 1051 0.000110143
16900 0.100757 0.0973847 0.00337205 0 0.966533 1493.92 1431.98 61.9414 0 -30.6215 -31.8872 16 17237.9 363.649 1057 9.21331e-05
17000 0.0978127 0.0940745 0.00373822 0 0.961782 1503.69 1441.38 62.3052 0 -30.6327 -32.3428 16 17333.9 364.66 1063 8.84991e-05
17100 0.115666 0.111093 0.0045725 0 0.960468 1515.26 1452.49 62.7655 0 -30.6363 -31.1063 16 17429.9 365.668 1069 0.000103923
17200 0.108481 0.10478 0.00370124 0 0.965881 1526.21 1462.97 63.2349 0 -30.6453 -31.884 16 17541.9 366.841 1076 9.73791e-05
17300 0.104796 0.100754 0.00404203 0 0.96143 1536.62 1473.05 63.5757 0 -30.6501 -31.3578 16 17637.9 367.844 1082 9.31183e-05
17400 0.102295 0.0979226 0.00437244 0 0.957257 1546.8 1482.84 63.9624 0 -30.6543 -31.2849 16 17733.9 368.843 1088 9.00024e-05
17500 0.106937 0.101473 0.0054643 0 0.948902 1557.41 1492.99 64.424 0 -30.6523 -30.3668 16 17829.9 369.84 1094 9.27537e-05
17600 0.123275 0.118195 0.00507965 0 0.958794 1569.75 1504.81 64.9404 0 -30.6481 -30.1132 16 17941.9 371 1101 0.000107352
17700 0.150235 0.144723 0.00551141 0 0.963315 1584.82 1519.28 65.5386 0 -30.6547 -31.3482 16 18037.9 371.991 1107 0.000130735
17800 0.119952 0.115675 0.00427645 0 0.964349 1596.85 1530.85 66.0066 0 -30.6647 -31.9728 16 18133.9 372.98 1113 0.000103931
17900 0.107815 0.104863 0.00295176 0 0.972622 1607.69 1541.33 66.3602 0 -30.677 -32.4946 16 18229.9 373.966 1119 9.37116e-05
18000 0.114954 0.111397 0.00355739 0 0.969054 1619.21 1552.47 66.7421 0 -30.6806 -31.1816 16 18341.9 375.113 1126 9.89314e-05
18100 0.117188 0.113691 0.00349727 0 0.970157 1630.97 1563.84 67.1331 0 -30.6882 -31.7384 16 18437.9 376.093 1132 0.000100434
18200 0.10241 0.099646 0.00276438 0 0.973007 1641.25 1573.81 67.4468 0 -30.6963 -31.9721 16 18533.9 377.071 1138 8.75624e-05
18300 0.105899 0.10144 0.00445993 0 0.957885 1651.72 1583.95 67.7741 0 -30.7015 -31.5267 16 18629.9 378.046 1144 8.86709e-05
18400 0.15632 0.150199 0.00612047 0 0.960846 1667.34 1598.97 68.3673 0 -30.7097 -31.5709 16 18741.9 379.181 1151 0.000130494
18500 0.165663 0.158879 0.00678314 0 0.959054 1683.93 1614.86 69.0755 0 -30.7196 -31.7163 16 18837.9 380.151 1157 0.00013732
18600 0.131222 0.127056 0.00416565 0 0.968255 1697.16 1627.56 69.5996 0 -30.7327 -32.3964 16 18933.9 381.118 1163 0.000109249
18700 0.13222 0.128545 0.0036749 0 0.972206 1710.51 1640.42 70.0971 0 -30.739 -31.5388 16 19029.9 382.083 1169 0.000109962
18800 0.111602 0.108545 0.0030572 0 0.972606 1721.71 1651.27 70.4417 0 -30.7503 -32.4907 16 19141.9 383.206 1176 9.23001e-05
18900 0.107377 0.104359 0.00301831 0 0.97189 1732.48 1661.71 70.7723 0 -30.7637 -32.8915 16 19237.9 384.166 1182 8.82899e-05
19000 0.141572 0.13581 0.00576149 0 0.959303 1746.53 1675.29 71.2433 0 -30.7708 -31.6561 16 19333.9 385.123 1188 0.000114318
19100 0.132523 0.127375 0.00514826 0 0.961152 1759.81 1688.03 71.7812 0 -30.7795 -31.9175 16 19429.9 386.078 1194 0.000106679
19200 0.132849 0.127702 0.00514705 0 0.961256 1773.12 1700.8 72.3189 0 -30.7774 -30.5052 16 19541.9 387.189 1201 0.00010633
19300 0.122022 0.116769 0.00525248 0 0.956954 1785.27 1712.47 72.7924 0 -30.7805 -31.2248 16 19637.9 388.139 1207 9.67432e-05
19400 0.124916 0.120193 0.00472394 0 0.962183 1797.82 1724.49 73.327 0 -30.7909 -32.2788 16 19733.9 389.087 1213 9.9087e-05
19500 0.114477 0.109632 0.00484471 0 0.95768 1809.21 1735.46 73.7555 0 -30.7989 -32.0557 16 19829.9 390.032 1219 8.99362e-05
19600 0.134083 0.12881 0.00527271 0 0.960676 1822.64 1748.34 74.3075 0 -30.8004 -31.0014 16 19941.9 391.132 1226 0.000105065
19700 0.117592 0.11442 0.003172 0 0.973025 1834.53 1759.78 74.7539 0 -30.8064 -31.7215 16 20037.9 392.072 1232 9.28733e-05
19800 0.10648 0.103278 0.00320173 0 0.969931 1845.18 1770.11 75.0702 0 -30.8143 -32.1899 16 20133.9 393.01 1238 8.34232e-05
19900 0.108559 0.105205 0.00335368 0 0.969107 1856.05 1780.63 75.4231 0 -30.824 -32.466 16 20229.9 393.946 1244 8.45699e-05
20000 0.116641 0.113258 0.00338225 0 0.971003 1867.67 1791.95 75.7199 0 -30.8335 -32.3544 16 20341.9 395.035 1251 9.05343e-05
