100 0.0083112 0.00693077 0.00138043 0 0.833907 0.733843 0.693077 0.0407659 0 -23.988 -23.988 16 437.882 57.9587 7 0.000990109
200 0.0480076 0.0444811 0.00352649 0 0.926543 5.46702 5.14119 0.325835 0 -26.1371 -26.4703 16 533.882 63.9974 13 0.00342162
300 0.046973 0.0438916 0.00308136 0 0.934402 10.209 9.53035 0.678636 0 -25.8957 -25.6175 16 629.882 69.5136 19 0.00231008
400 0.0403896 0.0377177 0.00267183 0 0.933849 14.2909 13.3021 0.98882 0 -25.9641 -26.1353 16 741.882 75.441 26 0.00145068
500 0.0370779 0.0323475 0.00473042 0 0.872419 17.7718 16.5369 1.23497 0 -25.7063 -24.6475 16 837.882 80.1736 32 0.00101086
600 0.0434072 0.0412689 0.00213827 0 0.950739 22.1638 20.6638 1.50006 0 -25.8285 -26.3231 16 933.882 84.642 38 0.00108602
700 0.0311247 0.0293404 0.00178433 0 0.942672 25.2739 23.5978 1.67614 0 -25.9581 -26.8818 16 1029.88 88.8861 44 0.000666826
800 0.0350122 0.0334456 0.00156665 0 0.955254 28.8078 26.9424 1.86548 0 -26.1017 -27.1286 16 1141.88 93.5946 51 0.000655795
900 0.0316611 0.0304197 0.00124141 0 0.960791 32.0025 29.9843 2.01819 0 -26.276 -27.8474 16 1237.88 97.4495 57 0.000533679
1000 0.0365479 0.0349976 0.00155023 0 0.957583 35.6944 33.4841 2.21034 0 -26.5485 -28.9106 16 1333.88 101.158 63 0.000555518
1100 0.0429549 0.0405799 0.00237506 0 0.944708 40.0387 37.5421 2.49659 0 -26.5798 -26.8377 16 1429.88 104.735 69 0.000588114
1200 0.0426235 0.0396935 0.00293006 0 0.931257 44.2834 41.5114 2.77201 0 -26.7403 -28.254 16 1541.88 108.759 76 0.000522283
1300 0.0454568 0.0411925 0.00426433 0 0.90619 48.6748 45.6307 3.04415 0 -26.8984 -28.4924 16 1637.88 112.094 82 0.000502348
1400 0.0672573 0.0641991 0.00305819 0 0.95453 55.4778 52.0506 3.42721 0 -27.3834 -30.8539 16 1733.88 115.332 88 0.000729536
1500 0.0482692 0.0457394 0.00252971 0 0.947591 60.2952 56.6245 3.67065 0 -27.6073 -30.1859 16 1829.88 118.482 94 0.00048659
1600 0.0617104 0.0585811 0.00312928 0 0.949291 66.4561 62.4826 3.9735 0 -27.779 -29.4592 16 1941.88 122.054 101 0.000580011
1700 0.0856142 0.0812862 0.00432801 0 0.949447 75.0222 70.6113 4.41094 0 -27.9762 -29.5061 16 2037.88 125.034 107 0.000759684
1800 0.0780286 0.073946 0.00408261 0 0.947678 82.8245 78.0059 4.81861 0 -28.0948 -29.235 16 2133.88 127.946 113 0.00065439
1900 0.0793774 0.0743484 0.00502904 0 0.936644 90.6943 85.4407 5.2536 0 -28.2263 -29.61 16 2229.88 130.792 119 0.000624776
2000 0.0673177 0.0640829 0.00323481 0 0.951947 97.511 91.849 5.66206 0 -28.3873 -30.5291 16 2341.88 134.036 126 0.000508594
2100 0.05777 0.0553167 0.00245322 0 0.957535 103.326 97.3807 5.94547 0 -28.5307 -30.9355 16 2437.88 136.756 132 0.000419066
2200 0.069048 0.0664654 0.00258264 0 0.962596 110.276 104.027 6.24839 0 -28.6261 -30.0443 16 2533.88 139.423 138 0.000481633
2300 0.0561563 0.0544588 0.00169741 0 0.969773 115.956 109.473 6.48255 0 -28.752 -31.1964 16 2629.88 142.039 144 0.000378186
2400 0.0615472 0.0595969 0.00195035 0 0.968311 122.155 115.433 6.7221 0 -28.8557 -30.7954 16 2741.88 145.032 151 0.000394681
2500 0.0525761 0.050691 0.00188519 0 0.964144 127.423 120.502 6.92129 0 -28.9579 -31.3284 16 2837.88 147.549 157 0.000322872
2600 0.0483675 0.046659 0.0017085 0 0.964677 132.255 125.168 7.0873 0 -29.0642 -31.8662 16 2933.88 150.024 163 0.000286251
2700 0.072002 0.0685222 0.00347979 0 0.951671 139.382 132.02 7.362 0 -29.0081 -27.968 16 3029.88 152.459 169 0.000405457
2800 0.0748731 0.0714294 0.00344371 0 0.954006 146.918 139.163 7.75483 0 -28.9921 -28.6963 16 3141.88 155.251 176 0.000405849
2900 0.0727725 0.0683743 0.00439817 0 0.939563 154.115 146 8.11464 0 -29.0174 -29.5327 16 3237.88 157.605 182 0.000375683
3000 0.0652418 0.0617011 0.00354071 0 0.945729 160.684 152.17 8.51337 0 -29.0649 -30.1792 16 3333.88 159.925 188 0.000328197
3100 0.0678917 0.0634643 0.00442733 0 0.934788 167.375 158.517 8.85793 0 -29.0588 -28.9125 16 3429.88 162.211 194 0.000327136
3200 0.0836627 0.0784388 0.00522396 0 0.937559 175.714 166.361 9.35363 0 -29.0888 -29.6912 16 3541.88 164.838 201 0.000390243
3300 0.0699713 0.0660151 0.00395624 0 0.943459 182.712 172.962 9.75003 0 -29.1182 -29.8568 16 3637.88 167.057 207 0.000318914
3400 0.106671 0.099513 0.00715795 0 0.932897 193.152 182.914 10.2381 0 -29.0365 -27.6059 16 3733.88 169.247 213 0.000467197
3500 0.111816 0.106177 0.00563982 0 0.949562 204.415 193.531 10.8836 0 -28.9655 -27.7481 16 3829.88 171.409 219 0.000484825
3600 0.0917919 0.0872374 0.00455449 0 0.950382 213.651 202.255 11.3964 0 -28.9677 -29.0166 16 3941.88 173.897 226 0.000386006
3700 0.095026 0.0869599 0.00806616 0 0.915116 222.83 210.951 11.8785 0 -28.95 -28.5387 16 4037.88 176.002 232 0.000374827
3800 0.0938702 0.0887759 0.00509426 0 0.945731 232.306 219.829 12.4776 0 -28.9645 -29.3062 16 4133.88 178.082 238 0.000373008
3900 0.0805447 0.0775425 0.00300222 0 0.962726 240.476 227.583 12.8936 0 -29.0176 -30.5254 16 4229.88 180.138 244 0.000317797
4000 0.0626593 0.0608719 0.00178736 0 0.971475 246.793 233.67 13.1231 0 -29.0675 -30.9663 16 4341.88 182.507 251 0.000242518
4100 0.0727957 0.0703613 0.00243441 0 0.966558 254.07 240.706 13.3635 0 -29.1022 -30.2796 16 4437.88 184.513 257 0.000273779
4200 0.0605511 0.0591866 0.00136448 0 0.977466 260.141 246.625 13.5164 0 -29.1459 -30.9776 16 4533.88 186.498 263 0.000225044
4300 0.0894537 0.0858641 0.00358959 0 0.959872 268.989 255.211 13.7779 0 -29.1715 -29.922 16 4629.88 188.463 269 0.000319197
4400 0.112158 0.106982 0.00517604 0 0.953851 280.128 265.909 14.2185 0 -29.2131 -30.2172 16 4741.88 190.728 276 0.000387617
4500 0.103787 0.0983136 0.00547307 0 0.947266 290.46 275.741 14.7194 0 -29.2167 -29.3151 16 4837.88 192.649 282 0.00034863
4600 0.0820187 0.0781346 0.00388406 0 0.952644 298.726 283.554 15.172 0 -29.2399 -30.0549 16 4933.88 194.551 288 0.000271301
4700 0.093454 0.0886605 0.00479348 0 0.948708 308.09 292.42 15.67 0 -29.2422 -29.3165 16 5029.88 196.435 294 0.000301566
4800 0.0886181 0.0848559 0.00376215 0 0.957546 317.041 300.906 16.1346 0 -29.2611 -29.9102 16 5141.88 198.61 301 0.000281913
4900 0.0755725 0.0724158 0.00315676 0 0.958229 324.617 308.147 16.4694 0 -29.2925 -30.6087 16 5237.88 200.455 307 0.000235882
5000 0.0896421 0.0863691 0.00327304 0 0.963488 333.571 316.784 16.7864 0 -29.3389 -31.0222 16 5333.88 202.284 313 0.000275939
5100 0.101654 0.0972937 0.00436019 0 0.957108 343.701 326.514 17.1872 0 -29.3614 -30.1002 16 5429.88 204.096 319 0.000304996
5200 0.0866174 0.0833712 0.00324618 0 0.962523 352.426 334.851 17.5749 0 -29.3896 -30.4991 16 5541.88 206.191 326 0.00025574
5300 0.100122 0.0957128 0.00440932 0 0.955961 362.447 344.422 18.0251 0 -29.3925 -29.4977 16 5637.88 207.969 332 0.000288292
5400 0.087532 0.0839886 0.0035434 0 0.959519 371.23 352.821 18.4093 0 -29.4167 -30.4117 16 5733.88 209.732 338 0.000248487
5500 0.0879832 0.0845781 0.00340506 0 0.961299 380.044 361.279 18.7653 0 -29.4569 -31.1524 16 5829.88 211.48 344 0.000245867
5600 0.0791466 0.0762415 0.00290508 0 0.963295 387.931 368.903 19.028 0 -29.495 -31.3313 16 5941.88 213.502 351 0.000217212
5700 0.0814378 0.0786472 0.0027906 0 0.965733 396.053 376.768 19.2854 0 -29.5344 -31.4153 16 6037.88 215.22 357 0.0002203
5800 0.096569 0.0924385 0.00413049 0 0.957228 405.583 386.012 19.5711 0 -29.5362 -29.6099 16 6133.88 216.924 363 0.000254652
5900 0.0975238 0.0943821 0.00314172 0 0.967785 415.359 395.45 19.9091 0 -29.5609 -30.5867 16 6229.88 218.615 369 0.000255778
6000 0.0898153 0.0866262 0.00318915 0 0.964492 424.347 404.112 20.2344 0 -29.5907 -30.9671 16 6341.88 220.571 376 0.000230389
6100 0.0927911 0.0891626 0.00362851 0 0.960896 433.638 413.029 20.6098 0 -29.6181 -30.8685 16 6437.88 222.235 382 0.00023341
6200 0.0816696 0.0792632 0.00240647 0 0.970534 441.874 420.955 20.9186 0 -29.656 -31.6562 16 6533.88 223.885 388 0.000204287
6300 0.0877251 0.0850334 0.00269168 0 0.969317 450.693 429.458 21.2347 0 -29.6741 -30.577 16 6629.88 225.524 394 0.000215821
6400 0.0964147 0.0928665 0.00354823 0 0.963198 460.344 438.745 21.5993 0 -29.7029 -31.0486 16 6741.88 227.421 401 0.000231587
6500 0.105305 0.100948 0.00435779 0 0.958618 470.911 448.84 22.071 0 -29.7349 -31.1316 16 6837.88 229.034 407 0.000248028
6600 0.0878277 0.0839796 0.00384804 0 0.956186 479.734 457.238 22.4964 0 -29.7633 -31.2786 16 6933.88 230.637 413 0.000203341
6700 0.105679 0.0999572 0.00572226 0 0.945853 490.185 467.233 22.9515 0 -29.7786 -30.4802 16 7029.88 232.228 419 0.000238561
6800 0.106327 0.101422 0.0049048 0 0.953871 500.857 477.376 23.4811 0 -29.7931 -30.457 16 7141.88 234.07 426 0.00023808
6900 0.095606 0.091193 0.004413 0 0.953842 510.472 486.495 23.9771 0 -29.8108 -30.7364 16 7237.88 235.638 432 0.000211095
7000 0.0846788 0.0807412 0.00393762 0 0.953499 518.964 494.569 24.3949 0 -29.8349 -31.2809 16 7333.88 237.196 438 0.000184341
7100 0.0906099 0.0872354 0.00337452 0 0.962758 528.074 503.293 24.7818 0 -29.8627 -31.4474 16 7429.88 238.743 444 0.000196476
7200 0.0898123 0.0861743 0.00363798 0 0.959494 537.046 511.91 25.1365 0 -29.8936 -31.7144 16 7541.88 240.536 451 0.000191074
7300 0.0786716 0.0765175 0.00215406 0 0.97262 545.001 519.562 25.4389 0 -29.9371 -32.8741 16 7637.88 242.062 457 0.000167434
7400 0.0884432 0.0840651 0.00437811 0 0.950498 553.678 527.968 25.7098 0 -29.9623 -31.5451 16 7733.88 243.578 463 0.000181566
7500 0.100982 0.0977234 0.00325878 0 0.967729 563.802 537.741 26.061 0 -29.9889 -31.4418 16 7829.88 245.086 469 0.000208365
7600 0.0808145 0.078614 0.0022005 0 0.972771 571.935 545.602 26.3333 0 -30.0222 -32.3296 16 7941.88 246.832 476 0.000165155
7700 0.0742461 0.0720027 0.00224337 0 0.969785 579.352 552.802 26.5497 0 -30.049 -32.1182 16 8037.88 248.32 482 0.000149383
7800 0.082129 0.0793465 0.00278244 0 0.966121 587.542 560.737 26.8053 0 -30.0735 -31.8079 16 8133.88 249.798 488 0.000162595
7900 0.0897043 0.0860321 0.00367223 0 0.959063 596.412 569.34 27.0718 0 -30.0856 -30.886 16 8229.88 251.268 494 0.000174154
8000 0.115283 0.111172 0.00411025 0 0.964346 607.961 580.457 27.5036 0 -30.1052 -31.1176 16 8341.88 252.972 501 0.000221901
8100 0.0929819 0.0891919 0.00378994 0 0.95924 617.268 589.377 27.8911 0 -30.1198 -31.0721 16 8437.88 254.423 507 0.000175921
8200 0.0868699 0.0837994 0.00307048 0 0.964654 625.976 597.756 28.2191 0 -30.1398 -31.5542 16 8533.88 255.866 513 0.000163352
8300 0.0782477 0.0761996 0.00204808 0 0.973826 633.823 605.376 28.4461 0 -30.1655 -32.2146 16 8629.88 257.302 519 0.00014682
8400 0.0811241 0.0780715 0.00305261 0 0.962371 641.927 613.184 28.7434 0 -30.1897 -32.0876 16 8741.88 258.966 526 0.000148425
8500 0.0765799 0.0721277 0.00445219 0 0.941862 649.423 620.396 29.0266 0 -30.2052 -31.5313 16 8837.88 260.384 532 0.000135578
8600 0.0818514 0.0781164 0.00373504 0 0.954368 657.571 628.208 29.3633 0 -30.2197 -31.3775 16 8933.88 261.794 538 0.000145198
8700 0.125935 0.121506 0.00442983 0 0.964825 670.194 640.359 29.8359 0 -30.2341 -30.9833 16 9029.88 263.197 544 0.000223356
8800 0.0946101 0.0911402 0.00346986 0 0.963325 679.695 649.473 30.2223 0 -30.2581 -31.9467 16 9141.88 264.824 551 0.000165409
8900 0.0969682 0.0922329 0.00473527 0 0.951167 689.328 658.696 30.6318 0 -30.2712 -31.2016 16 9237.88 266.211 557 0.000165589
9000 0.0949818 0.0911214 0.00386035 0 0.959357 698.866 667.808 31.0576 0 -30.2876 -31.474 16 9333.88 267.591 563 0.00016185
9100 0.0891778 0.0847314 0.00444642 0 0.95014 707.697 676.281 31.4157 0 -30.2928 -30.7032 16 9429.88 268.963 569 0.000148913
9200 0.11413 0.108332 0.0057975 0 0.949203 719.011 687.114 31.8962 0 -30.2767 -29.2671 16 9541.88 270.556 576 0.000188077
9300 0.114963 0.109927 0.00503593 0 0.956195 730.611 698.107 32.5034 0 -30.2709 -29.9113 16 9637.88 271.914 582 0.000188879
9400 0.101116 0.0973767 0.0037391 0 0.963022 740.782 707.845 32.9372 0 -30.2794 -30.8884 16 9733.88 273.264 588 0.000165607
9500 0.123606 0.118791 0.00481438 0 0.961051 753.132 719.724 33.4084 0 -30.2997 -31.5176 16 9829.88 274.609 594 0.000199985
9600 0.142988 0.138411 0.00457733 0 0.967988 767.505 733.565 33.9396 0 -30.3103 -30.8673 16 9941.88 276.169 601 0.000230301
9700 0.113674 0.10946 0.00421361 0 0.962932 778.903 744.511 34.3923 0 -30.3298 -31.6424 16 10037.9 277.499 607 0.00018033
9800 0.117057 0.112052 0.005005 0 0.957243 790.549 755.716 34.8324 0 -30.3533 -31.9219 16 10133.9 278.823 613 0.000182793
9900 0.12628 0.121703 0.00457691 0 0.963756 803.202 767.887 35.3155 0 -30.3746 -31.7077 16 10229.9 280.14 619 0.000196613
10000 0.114515 0.10975 0.00476458 0 0.958393 814.702 778.862 35.8401 0 -30.3931 -31.6872 16 10341.9 281.67 626 0.00017532
10100 0.110233 0.106316 0.0039172 0 0.964464 825.808 789.493 36.3144 0 -30.4157 -32.0689 16 10437.9 282.974 632 0.000168221
10200 0.105371 0.101383 0.00398861 0 0.962147 836.355 799.631 36.724 0 -30.4352 -31.9657 16 10533.9 284.272 638 0.000158907
10300 0.109055 0.104929 0.00412676 0 0.962159 847.282 810.124 37.1579 0 -30.4433 -31.0651 16 10629.9 285.565 644 0.000162933
10400 0.0988181 0.0957806 0.00303746 0 0.969262 857.243 819.702 37.541 0 -30.4616 -32.0142 16 10741.9 287.065 651 0.000147128
10500 0.0979731 0.0946651 0.00330799 0 0.966236 867.055 829.169 37.8863 0 -30.4771 -31.8318 16 10837.9 288.345 657 0.000144087
10600 0.0862004 0.0847173 0.00148304 0 0.982795 875.756 837.641 38.1155 0 -30.5015 -32.9317 16 10933.9 289.619 663 0.000127779
10700 0.0808314 0.0792258 0.00160554 0 0.980137 883.844 845.563 38.2812 0 -30.523 -32.852 16 11029.9 290.888 669 0.000118424
10800 0.0799019 0.0782956 0.00160626 0 0.979897 891.844 853.393 38.451 0 -30.5415 -32.5863 16 11141.9 292.361 676 0.000115822
10900 0.0846758 0.0822081 0.00246771 0 0.970857 900.258 861.614 38.6442 0 -30.5572 -32.2209 16 11237.9 293.618 682 0.00012054
11000 0.0893138 0.0867198 0.00259403 0 0.970956 909.206 870.286 38.9209 0 -30.5688 -31.7322 16 11333.9 294.869 688 0.000126046
11100 0.0852758 0.0824027 0.00287304 0 0.966309 917.703 878.526 39.1769 0 -30.5819 -31.993 16 11429.9 296.115 694 0.000118736
11200 0.103885 0.0997828 0.00410182 0 0.960516 928.094 888.504 39.5894 0 -30.5813 -30.5221 16 11541.9 297.563 701 0.000142343
11300 0.111487 0.107564 0.00392286 0 0.964813 939.356 899.261 40.0959 0 -30.591 -31.3923 16 11637.9 298.798 707 0.000152142
11400 0.106121 0.102323 0.00379804 0 0.96421 949.971 909.493 40.4781 0 -30.5995 -31.3513 16 11733.9 300.027 713 0.00014351
11500 0.0928497 0.0901756 0.00267406 0 0.9712 959.3 918.51 40.7895 0 -30.611 -31.7801 16 11829.9 301.252 719 0.000125418
11600 0.116035 0.110884 0.00515106 0 0.955608 970.858 929.599 41.2592 0 -30.6107 -30.587 16 11941.9 302.675 726 0.000152732
11700 0.117863 0.113469 0.00439421 0 0.962718 982.719 940.946 41.7729 0 -30.6212 -31.4799 16 12037.9 303.889 732 0.000155012
11800 0.10531 0.0991646 0.00614532 0 0.941645 993.03 950.862 42.1682 0 -30.6251 -31.004 16 12133.9 305.098 738 0.000134369
11900 0.100274 0.0971799 0.00309421 0 0.969143 1003.09 960.58 42.5132 0 -30.6323 -31.3343 16 12229.9 306.303 744 0.000130618
12000 0.0876381 0.0852402 0.00239781 0 0.97264 1011.87 969.104 42.7678 0 -30.6446 -32.0566 16 12341.9 307.702 751 0.000113502
12100 0.0819547 0.0798012 0.00215358 0 0.973722 1020.09 977.084 43.004 0 -30.6588 -32.4002 16 12437.9 308.897 757 0.000105418
12200 0.0847144 0.0826738 0.00204058 0 0.975912 1028.58 985.352 43.2295 0 -30.6737 -32.4659 16 12533.9 310.087 763 0.000108354
12300 0.0815504 0.0800836 0.00146674 0 0.982014 1036.76 993.36 43.4031 0 -30.6929 -33.1032 16 12629.9 311.272 769 0.00010414
12400 0.124039 0.120636 0.00340368 0 0.97256 1049.21 1005.42 43.7846 0 -30.7177 -32.7844 16 12741.9 312.649 776 0.000155458
12500 0.103103 0.0992828 0.0038199 0 0.962951 1059.52 1015.35 44.1685 0 -30.739 -32.912 16 12837.9 313.824 782 0.00012696
12600 0.0902027 0.0869124 0.00329033 0 0.963523 1068.54 1024.04 44.496 0 -30.7569 -32.8524 16 12933.9 314.996 788 0.000110295
12700 0.103768 0.100219 0.00354856 0 0.965803 1078.93 1034.06 44.8642 0 -30.7764 -32.7912 16 13029.9 316.162 794 0.000126221
12800 0.100924 0.0972745 0.00364987 0 0.963836 1089.01 1043.79 45.2171 0 -30.7926 -32.5197 16 13141.9 317.518 801 0.000121441
12900 0.0899202 0.0871042 0.00281601 0 0.968683 1098.06 1052.5 45.5578 0 -30.8116 -33.102 16 13237.9 318.676 807 0.000107936
13000 0.0946734 0.090875 0.00379837 0 0.959879 1107.48 1061.59 45.8939 0 -30.8272 -32.6459 16 13333.9 319.829 813 0.000111777
13100 0.101444 0.0966656 0.00477806 0 0.952899 1117.56 1071.26 46.3032 0 -30.8316 -31.3066 16 13429.9 320.979 819 0.000118029
13200 0.0999911 0.0957056 0.00428551 0 0.957141 1127.56 1080.83 46.7345 0 -30.8348 -31.1975 16 13541.9 322.314 826 0.000115866
13300 0.0892064 0.0860436 0.00316278 0 0.964545 1136.52 1089.43 47.0843 0 -30.8453 -32.1701 16 13637.9 323.455 832 0.000103418
13400 0.0980566 0.094308 0.00374859 0 0.961771 1146.28 1098.86 47.4186 0 -30.8537 -31.831 16 13733.9 324.591 838 0.000112539
13500 0.0938173 0.0913447 0.00247255 0 0.973645 1155.73 1108 47.7357 0 -30.8608 -31.7215 16 13829.9 325.724 844 0.000108228
13600 0.0963854 0.0924664 0.00391899 0 0.95934 1165.33 1117.24 48.0899 0 -30.8666 -31.5669 16 13941.9 327.04 851 0.000108656
13700 0.105761 0.0993924 0.00636884 0 0.939781 1175.71 1127.18 48.5282 0 -30.8656 -30.7546 16 14037.9 328.164 857 0.000115977
13800 0.12673 0.120489 0.00624091 0 0.950754 1188.34 1139.23 49.1122 0 -30.8559 -29.9466 16 14133.9 329.284 863 0.000139617
13900 0.12986 0.124432 0.00542768 0 0.958203 1201.39 1151.68 49.7102 0 -30.8508 -30.3869 16 14229.9 330.401 869 0.00014319
14000 0.102023 0.0990673 0.00295556 0 0.97103 1211.71 1161.58 50.1293 0 -30.8576 -31.6538 16 14341.9 331.698 876 0.000113091
14100 0.0883763 0.0863281 0.00204816 0 0.976825 1220.58 1170.21 50.3658 0 -30.8695 -32.4955 16 14437.9 332.807 882 9.78777e-05
14200 0.0859741 0.0834905 0.0024836 0 0.971112 1229.14 1178.56 50.5788 0 -30.8821 -32.6808 16 14533.9 333.911 888 9.40208e-05
14300 0.0938198 0.0911089 0.00271089 0 0.971105 1238.52 1187.67 50.8436 0 -30.8904 -31.9678 16 14629.9 335.012 894 0.000101911
14400 0.0847334 0.0829246 0.00180883 0 0.978653 1247.06 1195.97 51.0979 0 -30.9005 -32.373 16 14741.9 336.292 901 9.20361e-05
14500 0.0838285 0.0812146 0.00261386 0 0.968819 1255.45 1204.09 51.3627 0 -30.9104 -32.381 16 14837.9 337.385 907 8.9542e-05
14600 0.0766848 0.0753183 0.00136651 0 0.98218 1263.18 1211.62 51.5595 0 -30.9247 -33.2518 16 14933.9 338.475 913 8.24954e-05
14700 0.0851288 0.0831755 0.00195336 0 0.977054 1271.7 1219.94 51.758 0 -30.9383 -32.9522 16 15029.9 339.561 919 9.05065e-05
14800 0.0835151 0.0813657 0.00214942 0 0.974263 1280.07 1228.07 51.9939 0 -30.9529 -33.1626 16 15141.9 340.824 926 8.78679e-05
14900 0.0844199 0.0813513 0.00306859 0 0.963651 1288.51 1236.21 52.3021 0 -30.9639 -32.6329 16 15237.9 341.903 932 8.72868e-05
15000 0.0759905 0.0736961 0.00229446 0 0.969806 1296.17 1243.58 52.5859 0 -30.9751 -32.8684 16 15333.9 342.978 938 7.85672e-05
15100 0.0815245 0.0784349 0.00308959 0 0.962102 1304.28 1251.42 52.8606 0 -30.9826 -32.1829 16 15429.9 344.05 944 8.30878e-05
15200 0.0768344 0.0735553 0.00327914 0 0.957322 1311.91 1258.78 53.1343 0 -30.9919 -32.5697 16 15541.9 345.296 951 7.73452e-05
15300 0.0976668 0.0933725 0.0042943 0 0.956031 1321.61 1268.12 53.4951 0 -30.9868 -30.3035 16 15637.9 346.361 957 9.75679e-05
15400 0.0950038 0.0910186 0.00398515 0 0.958053 1331.13 1277.22 53.9128 0 -30.9844 -30.6498 16 15733.9 347.423 963 9.45157e-05
15500 0.0812143 0.0788025 0.00241176 0 0.970304 1339.33 1285.1 54.2365 0 -30.9917 -32.182 16 15829.9 348.481 969 8.13235e-05
15600 0.09486 0.0931982 0.00166178 0 0.982482 1348.92 1294.42 54.5006 0 -31.0009 -32.2804 16 15941.9 349.711 976 9.549e-05
15700 0.0831511 0.0811067 0.00204437 0 0.975414 1357.23 1302.53 54.7029 0 -31.011 -32.6512 16 16037.9 350.763 982 8.25934e-05
15800 0.0812655 0.0789472 0.0023183 0 0.971472 1365.31 1310.42 54.8891 0 -31.0194 -32.4377 16 16133.9 351.811 988 7.99061e-05
15900 0.141941 0.137377 0.00456439 0 0.967843 1379.54 1324.16 55.3752 0 -31.0051 -29.6277 16 16229.9 352.856 994 0.000138206
16000 0.0996867 0.0962777 0.00340907 0 0.965802 1389.58 1333.79 55.7958 0 -31.0045 -30.927 16 16341.9 354.072 1001 9.61815e-05
16100 0.109944 0.105331 0.00461355 0 0.958037 1400.54 1344.32 56.2235 0 -31.0068 -31.298 16 16437.9 355.11 1007 0.000104599
16200 0.110942 0.105955 0.00498688 0 0.95505 1411.59 1354.92 56.6727 0 -31.0001 -30.1433 16 16533.9 356.146 1013 0.000104596
16300 0.0990964 0.0952039 0.00389248 0 0.96072 1421.56 1364.44 57.1225 0 -31.0005 -31.0659 16 16629.9 357.178 1019 9.34288e-05
16400 0.100371 0.0956614 0.00470948 0 0.953079 1431.57 1374 57.5713 0 -31.0034 -31.4111 16 16741.9 358.379 1026 9.32372e-05
16500 0.0864815 0.0837767 0.00270475 0 0.968725 1440.32 1382.38 57.937 0 -31.0123 -32.4657 16 16837.9 359.405 1032 8.1179e-05
16600 0.0940807 0.089549 0.00453168 0 0.951832 1449.57 1391.34 58.2379 0 -31.0135 -31.2002 16 16933.9 360.428 1038 8.62708e-05
16700 0.102175 0.098208 0.00396706 0 0.961174 1459.78 1401.16 58.6262 0 -31.0149 -31.2141 16 17029.9 361.448 1044 9.40689e-05
16800 0.0987596 0.0935225 0.00523711 0 0.946971 1469.5 1410.51 58.992 0 -31.017 -31.3423 16 17141.9 362.635 1051 8.89843e-05
16900 0.0964322 0.0920792 0.00435296 0 0.95486 1479.17 1419.72 59.451 0 -31.0199 -31.4538 16 17237.9 363.649 1057 8.71137e-05
17000 0.0851658 0.0820904 0.00307543 0 0.963889 1487.74 1427.93 59.8125 0 -31.0268 -32.224 16 17333.9 364.66 1063 7.72252e-05
17100 0.12137 0.115772 0.00559841 0 0.953873 1499.77 1439.5 60.2667 0 -31.0299 -31.4023 16 17429.9 365.668 1069 0.000108299
17200 0.129888 0.124238 0.00565016 0 0.9565 1512.77 1451.93 60.8388 0 -31.0278 -30.7925 16 17541.9 366.841 1076 0.000115463
17300 0.1301 0.124401 0.00569842 0 0.9562 1525.8 1464.37 61.4348 0 -31.0248 -30.681 16 17637.9 367.844 1082 0.000114973
17400 0.108887 0.105015 0.00387215 0 0.964439 1536.77 1474.87 61.897 0 -31.0265 -31.2554 16 17733.9 368.843 1088 9.65208e-05
17500 0.123131 0.117649 0.00548218 0 0.955477 1549.05 1486.63 62.4206 0 -31.0295 -31.4103 16 17829.9 369.84 1094 0.00010754
17600 0.11847 0.11327 0.00519996 0 0.956107 1560.92 1497.96 62.9566 0 -31.0366 -31.9627 16 17941.9 371 1101 0.000102879
17700 0.104175 0.099087 0.00508834 0 0.951156 1571.33 1507.87 63.4638 0 -31.0432 -32.0233 16 18037.9 371.991 1107 8.95095e-05
17800 0.103259 0.099411 0.00384812 0 0.962733 1581.75 1517.81 63.9351 0 -31.0475 -31.7082 16 18133.9 372.98 1113 8.93181e-05
17900 0.116534 0.11276 0.00377433 0 0.967612 1593.49 1529.09 64.4075 0 -31.0513 -31.5504 16 18229.9 373.966 1119 0.000100769
18000 0.0914858 0.0887044 0.00278142 0 0.969597 1602.68 1537.96 64.7197 0 -31.0602 -32.6176 16 18341.9 375.113 1126 7.87784e-05
18100 0.095337 0.0929428 0.00239424 0 0.974887 1612.29 1547.25 65.0367 0 -31.0713 -32.9229 16 18437.9 376.093 1132 8.21049e-05
18200 0.118032 0.113098 0.00493391 0 0.958199 1624.03 1558.56 65.4709 0 -31.0776 -31.9404 16 18533.9 377.071 1138 9.93832e-05
18300 0.106245 0.103192 0.00305248 0 0.971269 1634.77 1568.88 65.8882 0 -31.0907 -33.0679 16 18629.9 378.046 1144 9.0203e-05
18400 0.125754 0.121187 0.00456633 0 0.963688 1647.3 1581 66.3015 0 -31.0976 -31.9971 16 18741.9 379.181 1151 0.000105289
18500 0.112085 0.107733 0.0043519 0 0.961173 1658.48 1591.77 66.7073 0 -31.1063 -32.3871 16 18837.9 380.151 1157 9.31142e-05
18600 0.119381 0.112239 0.00714193 0 0.940175 1670.11 1603 67.1163 0 -31.111 -31.7772 16 18933.9 381.118 1163 9.65082e-05
18700 0.136092 0.1313 0.00479138 0 0.964793 1683.76 1616.13 67.6371 0 -31.1168 -31.8287 16 19029.9 382.083 1169 0.000112318
18800 0.127295 0.12115 0.00614447 0 0.95173 1696.43 1628.24 68.188 0 -31.1189 -31.3982 16 19141.9 383.206 1176 0.000103019
18900 0.112074 0.107896 0.00417821 0 0.962719 1707.72 1639.03 68.6889 0 -31.1276 -32.4449 16 19237.9 384.166 1182 9.12828e-05
19000 0.105381 0.101137 0.00424387 0 0.959728 1718.22 1649.14 69.0802 0 -31.134 -32.1626 16 19333.9 385.123 1188 8.51321e-05
19100 0.128448 0.123965 0.00448331 0 0.965096 1731.11 1661.54 69.5721 0 -31.15 -33.2901 16 19429.9 386.078 1194 0.000103823
19200 0.107867 0.103629 0.00423837 0 0.960708 1741.94 1671.9 70.0394 0 -31.1604 -32.8204 16 19541.9 387.189 1201 8.62856e-05
19300 0.0956499 0.09275 0.00289991 0 0.969682 1751.59 1681.18 70.4094 0 -31.1732 -33.4906 16 19637.9 388.139 1207 7.68434e-05
19400 0.110004 0.10675 0.00325395 0 0.97042 1762.66 1691.85 70.8073 0 -31.1864 -33.2663 16 19733.9 389.087 1213 8.80047e-05
19500 0.0993605 0.0965927 0.00276774 0 0.972144 1772.6 1701.51 71.0894 0 -31.1972 -33.1114 16 19829.9 390.032 1219 7.92393e-05
19600 0.0970716 0.0943788 0.00269283 0 0.972259 1782.31 1710.95 71.3639 0 -31.2083 -33.2291 16 19941.9 391.132 1226 7.69811e-05
19700 0.0901394 0.0881592 0.0019802 0 0.978032 1791.39 1719.77 71.6205 0 -31.2229 -34.0906 16 20037.9 392.072 1232 7.15578e-05
19800 0.0858063 0.083827 0.0019792 0 0.976934 1799.96 1728.15 71.8064 0 -31.2384 -34.4991 16 20133.9 393.01 1238 6.77117e-05
19900 0.0971087 0.0941818 0.00292693 0 0.969859 1809.62 1737.57 72.0477 0 -31.2515 -33.6748 16 20229.9 393.946 1244 7.57088e-05
20000 0.106207 0.103767 0.00243986 0 0.977027 1820.34 1747.94 72.398 0 -31.2645 -33.4653 16 20341.9 395.035 1251 8.29471e-05
