100 0.0363574 0.0335272 0.0028302 0 0.922156 3.61203 3.35272 0.259313 0 -26.512 -26.512 8 429.882 57.4268 13 0.00257901
200 0.0716234 0.0668173 0.00480612 0 0.932897 10.7978 10.0344 0.763357 0 -27.3427 -27.7603 8 533.882 63.9974 26 0.00256989
300 0.0790679 0.0723475 0.00672035 0 0.915005 18.66 17.2692 1.39084 0 -27.2271 -27.0683 8 629.882 69.5136 38 0.00190388
400 0.096057 0.0892823 0.00677463 0 0.929473 28.311 26.1974 2.11356 0 -27.0149 -26.6047 8 733.882 75.0331 51 0.00175063
500 0.106598 0.0991092 0.0074886 0 0.929749 38.9908 36.1083 2.88245 0 -26.8108 -26.2697 8 829.882 79.7899 63 0.00157316
600 0.0881728 0.0822589 0.00591387 0 0.932929 47.898 44.3342 3.56377 0 -26.7338 -26.3968 8 933.882 84.642 76 0.00108235
700 0.095056 0.0891181 0.00593791 0 0.937532 57.4362 53.246 4.19017 0 -26.8553 -27.4652 8 1029.88 88.8861 88 0.00101271
800 0.0970154 0.0912586 0.00575679 0 0.940661 67.1506 62.3719 4.77865 0 -27.0899 -28.4769 8 1133.88 93.2661 101 0.00090355
900 0.106639 0.100859 0.00578031 0 0.945796 77.8338 72.4578 5.37596 0 -27.2794 -28.4707 8 1229.88 97.1341 113 0.000892559
1000 0.093454 0.0890765 0.00437748 0 0.953159 87.2813 81.3655 5.9158 0 -27.5169 -29.4738 8 1333.88 101.158 126 0.000706956
1100 0.122856 0.115687 0.00716961 0 0.941642 99.4886 92.9341 6.55442 0 -27.6679 -28.7471 8 1429.88 104.735 138 0.000838309
1200 0.12977 0.119861 0.0099095 0 0.923638 112.218 104.92 7.29743 0 -27.7503 -28.3949 8 1533.88 108.477 151 0.000793778
1300 0.166369 0.158661 0.00770803 0 0.953669 129.071 120.786 8.28441 0 -28.0994 -30.4235 8 1629.88 111.82 163 0.000973381
1400 0.157081 0.146462 0.0106187 0 0.9324 144.69 135.432 9.2575 0 -28.2153 -29.1736 8 1733.88 115.332 176 0.00083217
1500 0.193631 0.181437 0.0121936 0 0.937027 164.065 153.576 10.4883 0 -28.3616 -29.454 8 1829.88 118.482 188 0.000965093
1600 0.172225 0.161649 0.0105765 0 0.938589 181.406 169.741 11.6652 0 -28.4898 -29.7023 8 1933.88 121.802 201 0.000804223
1700 0.198395 0.189383 0.00901172 0 0.954577 201.505 188.679 12.826 0 -28.6465 -30.0606 8 2029.88 124.789 213 0.000889122
1800 0.15325 0.145289 0.00796097 0 0.948052 216.945 203.208 13.7363 0 -28.7439 -30.0158 8 2133.88 127.946 226 0.000642873
1900 0.175099 0.165244 0.00985476 0 0.943719 234.409 219.733 14.6761 0 -28.8462 -30.1165 8 2229.88 130.792 238 0.000694304
2000 0.15034 0.14204 0.00830027 0 0.94479 249.524 233.937 15.5876 0 -28.9297 -30.2255 8 2333.88 133.807 251 0.000565895
2100 0.169824 0.161677 0.00814681 0 0.952028 266.573 250.104 16.4683 0 -29.0265 -30.4422 8 2429.88 136.531 263 0.000614743
2200 0.136084 0.130149 0.00593501 0 0.956387 280.276 263.119 17.1563 0 -29.1192 -30.9241 8 2533.88 139.423 276 0.000471555
2300 0.132971 0.125975 0.00699641 0 0.947384 293.528 275.717 17.8115 0 -29.177 -30.3986 8 2629.88 142.039 288 0.000437412
2400 0.123677 0.11761 0.00606691 0 0.950945 305.896 287.478 18.4183 0 -29.2384 -30.6958 8 2733.88 144.82 301 0.00039073
2500 0.14201 0.134968 0.00704172 0 0.950414 320.052 300.975 19.0774 0 -29.2945 -30.5063 8 2829.88 147.341 313 0.000431209
2600 0.130529 0.124817 0.00571173 0 0.956242 333.181 313.456 19.7244 0 -29.3581 -30.9084 8 2933.88 150.024 326 0.000382874
2700 0.157904 0.150751 0.00715321 0 0.954699 348.987 328.531 20.4556 0 -29.4291 -30.926 8 3029.88 152.459 338 0.000446009
2800 0.143593 0.138154 0.00543904 0 0.962122 363.517 342.347 21.1706 0 -29.4971 -31.1307 8 3133.88 155.053 351 0.0003936
2900 0.136904 0.131102 0.00580184 0 0.957621 377.232 355.457 21.7751 0 -29.5293 -30.3831 8 3229.88 157.41 363 0.000361163
3000 0.168428 0.157954 0.0104739 0 0.937814 393.748 371.252 22.4951 0 -29.5473 -29.9584 8 3333.88 159.925 376 0.00042009
3100 0.168782 0.161638 0.00714414 0 0.957672 410.669 387.416 23.2522 0 -29.597 -30.7528 8 3429.88 162.211 388 0.000416593
3200 0.160982 0.15483 0.00615219 0 0.961783 426.839 402.899 23.9395 0 -29.6323 -30.5302 8 3533.88 164.652 401 0.000386109
3300 0.181484 0.172466 0.00901783 0 0.950311 444.868 420.146 24.7226 0 -29.6427 -29.8893 8 3629.88 166.873 413 0.000417594
3400 0.167113 0.160248 0.00686477 0 0.958921 461.669 436.171 25.4981 0 -29.6705 -30.4056 8 3733.88 169.247 426 0.00037617
3500 0.198963 0.189636 0.00932687 0 0.953123 481.605 455.134 26.4705 0 -29.6583 -29.376 8 3829.88 171.409 438 0.000432958
3600 0.17188 0.164412 0.00746743 0 0.956554 498.954 471.576 27.3788 0 -29.6714 -30.0337 8 3933.88 173.72 451 0.000364551
3700 0.161924 0.154944 0.00698097 0 0.956887 515.217 487.07 28.1472 0 -29.6765 -29.8335 8 4029.88 175.827 463 0.000334651
3800 0.145806 0.14051 0.00529617 0 0.963677 529.88 501.121 28.7596 0 -29.7031 -30.64 8 4133.88 178.082 476 0.000295189
3900 0.149836 0.143183 0.00665298 0 0.955598 544.767 515.439 29.3277 0 -29.7243 -30.4758 8 4229.88 180.138 488 0.000293408
4000 0.154961 0.149193 0.00576753 0 0.962781 560.277 530.359 29.9184 0 -29.749 -30.6176 8 4333.88 182.339 501 0.000297791
4100 0.139267 0.133741 0.00552545 0 0.960325 574.192 543.733 30.4595 0 -29.7856 -31.2592 8 4429.88 184.347 513 0.000260704
4200 0.156847 0.151393 0.00545444 0 0.965224 589.904 558.872 31.0326 0 -29.8208 -31.1065 8 4533.88 186.498 526 0.000287819
4300 0.191756 0.185071 0.00668493 0 0.965138 609.145 577.379 31.7664 0 -29.843 -30.5239 8 4629.88 188.463 538 0.000343997
4400 0.209688 0.201136 0.00855184 0 0.959216 630.182 597.493 32.6896 0 -29.8341 -29.5758 8 4733.88 190.567 551 0.000365038
4500 0.176313 0.168116 0.00819771 0 0.953505 647.818 614.304 33.5143 0 -29.8442 -30.2071 8 4829.88 192.49 563 0.000298607
4600 0.157072 0.151587 0.00548533 0 0.965078 663.663 629.463 34.2002 0 -29.8641 -30.6753 8 4933.88 194.551 576 0.000263172
4700 0.162397 0.155098 0.00729913 0 0.955054 679.82 644.973 34.8471 0 -29.8742 -30.2886 8 5029.88 196.435 588 0.000263772
4800 0.152189 0.147129 0.00506065 0 0.966748 695.136 659.685 35.45 0 -29.9036 -31.2122 8 5133.88 198.455 601 0.000244807
4900 0.132228 0.128678 0.00355 0 0.973152 708.447 672.553 35.8933 0 -29.9439 -32.049 8 5229.88 200.302 613 0.000209915
5000 0.141274 0.13534 0.0059345 0 0.957993 722.428 686.087 36.3412 0 -29.9694 -31.2613 8 5333.88 202.284 626 0.000216198
5100 0.158808 0.15254 0.00626776 0 0.960533 738.257 701.341 36.9159 0 -29.9898 -30.9195 8 5429.88 204.096 638 0.000239092
5200 0.170957 0.164124 0.00683229 0 0.960035 755.33 717.754 37.5765 0 -29.988 -29.9113 8 5533.88 206.042 651 0.000252111
5300 0.196198 0.188891 0.00730719 0 0.962756 775.003 736.643 38.3607 0 -30.0016 -30.5229 8 5629.88 207.821 663 0.000284903
5400 0.190669 0.183509 0.00716077 0 0.962444 794.165 754.994 39.1714 0 -30.0106 -30.3743 8 5733.88 209.732 676 0.000271463
5500 0.170237 0.164601 0.00563621 0 0.966892 811.264 771.454 39.8104 0 -30.0367 -31.2484 8 5829.88 211.48 688 0.000239245
5600 0.18168 0.173162 0.00851798 0 0.953115 829.216 788.77 40.4459 0 -30.0383 -30.1124 8 5933.88 213.358 701 0.000247021
5700 0.216992 0.208092 0.00890007 0 0.958984 850.968 809.579 41.389 0 -30.0255 -29.5367 8 6029.88 215.077 713 0.000291854
5800 0.193609 0.18571 0.00789895 0 0.959202 870.303 828.15 42.1525 0 -30.0294 -30.2029 8 6133.88 216.924 726 0.000255799
5900 0.201995 0.193365 0.00862982 0 0.957277 890.359 847.487 42.8728 0 -30.0388 -30.4424 8 6229.88 218.615 738 0.000262012
6000 0.194375 0.187272 0.00710348 0 0.963455 909.832 866.214 43.6182 0 -30.044 -30.2846 8 6333.88 220.432 751 0.000249363
6100 0.230004 0.221202 0.00880197 0 0.961731 932.871 888.334 44.5368 0 -30.0487 -30.2337 8 6429.88 222.096 763 0.00028991
6200 0.237653 0.225809 0.0118445 0 0.950161 956.436 910.915 45.5216 0 -30.0386 -29.6376 8 6533.88 223.885 776 0.000290991
6300 0.213105 0.204375 0.00872987 0 0.959035 977.842 931.352 46.4892 0 -30.0447 -30.3171 8 6629.88 225.524 788 0.000259359
6400 0.216202 0.205473 0.0107287 0 0.950376 999.395 951.9 47.4954 0 -30.0492 -30.2557 8 6733.88 227.286 801 0.00025652
6500 0.232565 0.223473 0.00909158 0 0.960907 1022.75 974.247 48.5041 0 -30.0396 -29.6291 8 6829.88 228.9 813 0.000274875
6600 0.23016 0.219194 0.0109659 0 0.952355 1045.8 996.166 49.6342 0 -30.0367 -29.905 8 6933.88 230.637 826 0.000265368
6700 0.214235 0.203646 0.0105883 0 0.950576 1067.36 1016.53 50.8282 0 -30.0399 -30.1992 8 7029.88 232.228 838 0.000243015
6800 0.207202 0.19805 0.00915259 0 0.955828 1088.19 1036.34 51.8542 0 -30.0466 -30.387 8 7133.88 233.939 851 0.000232726
6900 0.21126 0.200673 0.0105872 0 0.949886 1109.32 1056.4 52.9173 0 -30.0425 -29.8328 8 7229.88 235.508 863 0.00023253
7000 0.183981 0.17684 0.00714175 0 0.961182 1127.89 1074.09 53.8018 0 -30.0511 -30.5625 8 7333.88 237.196 876 0.000201872
7100 0.217718 0.206581 0.0111368 0 0.948847 1149.59 1094.75 54.8492 0 -30.0465 -29.807 8 7429.88 238.743 888 0.000232636
7200 0.222948 0.213264 0.009684 0 0.956564 1172.04 1116.07 55.9688 0 -30.0466 -30.0526 8 7533.88 240.408 901 0.000236697
7300 0.208795 0.199814 0.00898164 0 0.956984 1193.01 1136.05 56.9524 0 -30.0395 -29.6445 8 7629.88 241.935 913 0.000218854
7400 0.201451 0.194439 0.00701236 0 0.965191 1213.3 1155.5 57.8006 0 -30.0536 -30.8788 8 7733.88 243.578 926 0.000209977
7500 0.190175 0.182987 0.00718735 0 0.962207 1232.32 1173.8 58.5224 0 -30.0677 -30.9695 8 7829.88 245.086 938 0.000195082
7600 0.200658 0.192694 0.00796433 0 0.960309 1252.39 1193.07 59.3214 0 -30.0703 -30.2316 8 7933.88 246.708 951 0.000202622
7700 0.181234 0.1755 0.00573333 0 0.968365 1270.57 1210.62 59.957 0 -30.0849 -31.0881 8 8029.88 248.196 963 0.000182243
7800 0.206947 0.199518 0.00742851 0 0.964104 1291.31 1230.57 60.7463 0 -30.1056 -31.3756 8 8133.88 249.798 976 0.000204425
7900 0.215053 0.206995 0.00805846 0 0.962528 1312.96 1251.27 61.6972 0 -30.1062 -30.143 8 8229.88 251.268 988 0.000209509
8000 0.211459 0.203516 0.00794226 0 0.962441 1334.16 1271.62 62.5427 0 -30.1158 -30.7096 8 8333.88 252.85 1001 0.000203313
8100 0.216705 0.207969 0.00873536 0 0.95969 1355.87 1292.41 63.4538 0 -30.1231 -30.5684 8 8429.88 254.303 1013 0.0002053
8200 0.20251 0.195023 0.00748685 0 0.96303 1376.19 1311.92 64.2721 0 -30.1372 -31.0781 8 8533.88 255.866 1026 0.000190081
8300 0.191724 0.184927 0.00679728 0 0.964547 1395.39 1330.41 64.9817 0 -30.1509 -31.1327 8 8629.88 257.302 1038 0.000178157
8400 0.173004 0.167067 0.00593746 0 0.96568 1412.66 1347.12 65.5423 0 -30.1694 -31.6684 8 8733.88 258.847 1051 0.00015896
8500 0.186707 0.179786 0.00692081 0 0.962932 1431.31 1365.1 66.2132 0 -30.1822 -31.1487 8 8829.88 260.266 1063 0.000169131
8600 0.169455 0.16438 0.00507543 0 0.970049 1448.33 1381.53 66.7999 0 -30.1993 -31.6394 8 8933.88 261.794 1076 0.000152769
8700 0.175159 0.169279 0.0058802 0 0.966429 1465.85 1398.46 67.3929 0 -30.2136 -31.3948 8 9029.88 263.197 1088 0.000155588
8800 0.174041 0.168426 0.00561512 0 0.967737 1483.31 1415.3 68.0037 0 -30.2245 -31.1393 8 9133.88 264.708 1101 0.000152976
8900 0.173337 0.168046 0.00529067 0 0.969477 1500.68 1432.11 68.576 0 -30.2397 -31.5427 8 9229.88 266.096 1113 0.000150985
9000 0.167121 0.162308 0.00481358 0 0.971197 1517.44 1448.34 69.1022 0 -30.2571 -31.815 8 9333.88 267.591 1126 0.000144145
9100 0.159346 0.154179 0.00516717 0 0.967573 1533.33 1463.76 69.5727 0 -30.2748 -31.9654 8 9429.88 268.963 1138 0.000135482
9200 0.151574 0.148203 0.00337077 0 0.977762 1548.56 1478.58 69.9859 0 -30.2983 -32.6604 8 9533.88 270.443 1151 0.00012876
9300 0.170402 0.162678 0.00772391 0 0.954672 1565.32 1494.85 70.4711 0 -30.3069 -31.1013 8 9629.88 271.801 1163 0.000139878
9400 0.170142 0.164412 0.00572953 0 0.966325 1582.39 1511.29 71.1061 0 -30.3196 -31.4845 8 9733.88 273.264 1176 0.000139806
9500 0.189162 0.182487 0.00667502 0 0.964713 1601.34 1529.54 71.8036 0 -30.3216 -30.491 8 9829.88 274.609 1188 0.000153609
9600 0.202807 0.194673 0.00813461 0 0.95989 1621.48 1549 72.4752 0 -30.3154 -29.8163 8 9933.88 276.058 1201 0.000162092
9700 0.221002 0.213368 0.00763349 0 0.96546 1643.54 1570.34 73.1985 0 -30.312 -30.0653 8 10029.9 277.388 1213 0.000175901
9800 0.205434 0.198731 0.00670292 0 0.967372 1664.14 1590.21 73.9289 0 -30.3168 -30.7003 8 10133.9 278.823 1226 0.000162097
9900 0.186124 0.180352 0.00577174 0 0.96899 1682.78 1608.25 74.5362 0 -30.323 -30.8744 8 10229.9 280.14 1238 0.000145681
10000 0.21827 0.211077 0.00719341 0 0.967044 1704.6 1629.36 75.2472 0 -30.3411 -31.7363 8 10333.9 281.561 1251 0.000168726
10100 0.215627 0.205764 0.00986253 0 0.954261 1725.99 1649.93 76.0533 0 -30.3513 -31.1653 8 10429.9 282.865 1263 0.000162917
10200 0.228723 0.220094 0.00862903 0 0.962273 1749.01 1671.94 77.0679 0 -30.3592 -30.9497 8 10533.9 284.272 1276 0.000172488
10300 0.228366 0.219607 0.0087583 0 0.961648 1771.9 1693.9 77.9956 0 -30.3641 -30.737 8 10629.9 285.565 1288 0.000170503
10400 0.237079 0.229525 0.00755434 0 0.968136 1795.75 1716.85 78.895 0 -30.3752 -31.2008 8 10733.9 286.958 1301 0.000176422
10500 0.215421 0.207337 0.00808387 0 0.962474 1817.33 1737.59 79.745 0 -30.3865 -31.3333 8 10829.9 288.238 1313 0.000157911
10600 0.204308 0.19608 0.00822772 0 0.959729 1837.76 1757.2 80.5638 0 -30.3922 -30.8913 8 10933.9 289.619 1326 0.000147873
10700 0.196464 0.189934 0.0065292 0 0.966766 1857.49 1776.19 81.3 0 -30.4066 -31.7478 8 11029.9 290.888 1338 0.000141954
10800 0.194502 0.1886 0.0059021 0 0.969655 1877.07 1795.05 82.0247 0 -30.4222 -31.9101 8 11133.9 292.256 1351 0.0001396
10900 0.235347 0.227092 0.00825539 0 0.964922 1900.56 1817.76 82.801 0 -30.415 -29.8338 8 11229.9 293.513 1363 0.000166612
11000 0.242195 0.233791 0.00840421 0 0.9653 1924.82 1841.14 83.6814 0 -30.4055 -29.662 8 11333.9 294.869 1376 0.000169906
11100 0.230407 0.22266 0.00774704 0 0.966377 1947.89 1863.4 84.4823 0 -30.4001 -29.9549 8 11429.9 296.115 1388 0.000160418
11200 0.202109 0.195809 0.00630013 0 0.968828 1968.19 1882.98 85.2016 0 -30.4047 -30.8442 8 11533.9 297.459 1401 0.000139764
11300 0.193259 0.187369 0.00588922 0 0.969527 1987.52 1901.72 85.7963 0 -30.4141 -31.3656 8 11629.9 298.695 1413 0.000132604
11400 0.192104 0.186563 0.00554079 0 0.971157 2006.79 1920.38 86.4079 0 -30.4234 -31.3834 8 11733.9 300.027 1426 0.00013083
11500 0.194594 0.187668 0.00692532 0 0.964411 2026.2 1939.14 87.0599 0 -30.4306 -31.1806 8 11829.9 301.252 1438 0.000130506
11600 0.192697 0.187347 0.00534961 0 0.972238 2045.59 1957.88 87.7132 0 -30.4388 -31.2923 8 11933.9 302.574 1451 0.000129116
11700 0.199687 0.192672 0.00701528 0 0.964869 2065.49 1977.15 88.3414 0 -30.4458 -31.166 8 12029.9 303.788 1463 0.000131697
11800 0.186763 0.181352 0.00541067 0 0.971029 2084.24 1995.28 88.9541 0 -30.4577 -31.7711 8 12133.9 305.098 1476 0.000122867
11900 0.196265 0.189261 0.00700393 0 0.964314 2103.85 2014.21 89.6448 0 -30.4656 -31.3061 8 12229.9 306.303 1488 0.000127191
12000 0.204445 0.196505 0.00793971 0 0.961165 2124.18 2033.86 90.3243 0 -30.4764 -31.5888 8 12333.9 307.603 1501 0.000130916
12100 0.24512 0.234418 0.0107022 0 0.956339 2148.62 2057.3 91.3202 0 -30.4733 -30.2022 8 12429.9 308.797 1513 0.000154936
12200 0.210202 0.20283 0.00737156 0 0.964931 2169.82 2077.58 92.2354 0 -30.4756 -30.7142 8 12533.9 310.087 1526 0.000132916
12300 0.185041 0.178106 0.00693505 0 0.962522 2188.3 2095.39 92.9022 0 -30.4831 -31.3663 8 12629.9 311.272 1538 0.000115804
12400 0.190761 0.184419 0.00634167 0 0.966756 2207.4 2113.84 93.5644 0 -30.4909 -31.3782 8 12733.9 312.551 1551 0.000118904
12500 0.197638 0.188078 0.00955998 0 0.951629 2226.88 2132.64 94.2352 0 -30.495 -30.964 8 12829.9 313.727 1563 0.000120332
12600 0.215433 0.208623 0.00680976 0 0.96839 2248.56 2153.51 95.054 0 -30.5039 -31.4158 8 12933.9 314.996 1576 0.000132375
12700 0.218745 0.212606 0.00613917 0 0.971935 2270.61 2174.77 95.8474 0 -30.5025 -30.3562 8 13029.9 316.162 1588 0.000133883
12800 0.23979 0.230796 0.00899477 0 0.962489 2294.47 2197.85 96.6216 0 -30.5002 -30.2842 8 13133.9 317.422 1601 0.000144157
12900 0.262829 0.250998 0.0118303 0 0.954989 2320.53 2222.95 97.5874 0 -30.4961 -30.1348 8 13229.9 318.58 1613 0.00015561
13000 0.265968 0.255618 0.0103501 0 0.961085 2347.17 2248.51 98.6592 0 -30.4992 -30.7671 8 13333.9 319.829 1626 0.000157207
13100 0.251781 0.241994 0.00978698 0 0.961129 2372.43 2272.71 99.7199 0 -30.5025 -30.8112 8 13429.9 320.979 1638 0.000147737
13200 0.241875 0.232074 0.00980091 0 0.959479 2396.7 2295.91 100.784 0 -30.5096 -31.202 8 13533.9 322.219 1651 0.000140566
13300 0.237341 0.228114 0.00922663 0 0.961125 2420.5 2318.73 101.775 0 -30.5223 -31.8063 8 13629.9 323.36 1663 0.00013717
13400 0.232272 0.221994 0.0102782 0 0.95575 2443.71 2340.93 102.789 0 -30.5307 -31.4011 8 13733.9 324.591 1676 0.000132455
13500 0.242456 0.231008 0.0114477 0 0.952784 2467.88 2364.03 103.852 0 -30.5322 -30.6888 8 13829.9 325.724 1688 0.000136853
13600 0.225109 0.217551 0.00755835 0 0.966424 2490.54 2385.78 104.755 0 -30.5421 -31.6178 8 13933.9 326.946 1701 0.000127896
13700 0.231285 0.221704 0.00958092 0 0.958575 2513.62 2407.95 105.67 0 -30.5533 -31.7649 8 14029.9 328.07 1713 0.000129424
13800 0.21411 0.207448 0.00666132 0 0.968888 2535.22 2428.7 106.526 0 -30.5662 -32.0624 8 14133.9 329.284 1726 0.00012019
13900 0.196801 0.190482 0.00631848 0 0.967894 2554.95 2447.74 107.207 0 -30.5777 -32.0509 8 14229.9 330.401 1738 0.000109599
14000 0.203002 0.196972 0.00602956 0 0.970298 2575.27 2467.44 107.824 0 -30.5897 -32.1053 8 14333.9 331.606 1751 0.000112491
14100 0.216338 0.210419 0.0059187 0 0.972641 2597.03 2488.48 108.55 0 -30.5987 -31.6657 8 14429.9 332.714 1763 0.000119353
14200 0.203489 0.197118 0.00637097 0 0.968691 2617.37 2508.2 109.179 0 -30.6102 -32.071 8 14533.9 333.911 1776 0.00011099
14300 0.219169 0.211609 0.00755924 0 0.965509 2639.35 2529.36 109.989 0 -30.6214 -31.9534 8 14629.9 335.012 1788 0.00011835
14400 0.200177 0.193576 0.0066008 0 0.967025 2659.43 2548.71 110.72 0 -30.6356 -32.5043 8 14733.9 336.201 1801 0.000107483
14500 0.189701 0.18376 0.00594063 0 0.968684 2678.48 2567.09 111.39 0 -30.6486 -32.4661 8 14829.9 337.294 1813 0.000101357
14600 0.184844 0.179012 0.0058316 0 0.968451 2696.99 2584.99 112.002 0 -30.6618 -32.5727 8 14933.9 338.475 1826 9.80353e-05
14700 0.20052 0.194459 0.00606096 0 0.969774 2717.07 2604.44 112.632 0 -30.6685 -31.5718 8 15029.9 339.561 1838 0.000105799
14800 0.217416 0.209142 0.00827401 0 0.961944 2738.67 2625.35 113.318 0 -30.6759 -31.6012 8 15133.9 340.734 1851 0.000112989
14900 0.207452 0.200639 0.00681235 0 0.967162 2759.5 2645.42 114.085 0 -30.6846 -31.8378 8 15229.9 341.813 1863 0.000107697
15000 0.194106 0.1868 0.00730633 0 0.962359 2778.86 2664.1 114.763 0 -30.6952 -32.2044 8 15333.9 342.978 1876 9.95736e-05
15100 0.21804 0.209629 0.00841086 0 0.961425 2800.65 2685.06 115.592 0 -30.7041 -31.8392 8 15429.9 344.05 1888 0.000111032
15200 0.182725 0.176731 0.00599396 0 0.967197 2819.02 2702.73 116.289 0 -30.7174 -32.7459 8 15533.9 345.207 1901 9.29673e-05
15300 0.177397 0.170388 0.00700935 0 0.960488 2836.68 2719.77 116.907 0 -30.7287 -32.5188 8 15629.9 346.272 1913 8.90683e-05
15400 0.205673 0.198672 0.00700157 0 0.965958 2857.27 2739.64 117.634 0 -30.7374 -31.9395 8 15733.9 347.423 1926 0.000103153
15500 0.224305 0.215201 0.00910408 0 0.959412 2879.67 2761.16 118.509 0 -30.7463 -31.8852 8 15829.9 348.481 1938 0.000111043
15600 0.192644 0.185486 0.00715722 0 0.962847 2898.97 2779.71 119.259 0 -30.7551 -32.067 8 15933.9 349.624 1951 9.50725e-05
15700 0.208139 0.201433 0.00670601 0 0.967781 2919.87 2799.85 120.021 0 -30.7668 -32.3832 8 16029.9 350.675 1963 0.000102615
15800 0.209052 0.202079 0.00697352 0 0.966642 2940.8 2820.06 120.746 0 -30.7745 -31.8611 8 16133.9 351.811 1976 0.000102266
15900 0.218418 0.21015 0.00826835 0 0.962144 2962.59 2841.07 121.516 0 -30.7803 -31.5588 8 16229.9 352.856 1988 0.000105709
16000 0.202044 0.195617 0.00642689 0 0.968191 2982.84 2860.63 122.206 0 -30.7885 -31.9928 8 16333.9 353.985 2001 9.77594e-05
16100 0.211782 0.203749 0.00803318 0 0.962069 3004 2881.01 122.994 0 -30.7966 -31.9269 8 16429.9 355.024 2013 0.000101216
16200 0.214967 0.207935 0.00703186 0 0.967289 3025.57 2901.8 123.765 0 -30.8061 -32.1323 8 16533.9 356.146 2026 0.000102633
16300 0.213492 0.206159 0.00733236 0 0.965655 3046.96 2922.42 124.538 0 -30.8148 -32.0464 8 16629.9 357.178 2038 0.000101158
16400 0.192091 0.184935 0.00715598 0 0.962747 3066.07 2940.91 125.16 0 -30.8248 -32.424 8 16733.9 358.293 2051 9.01681e-05
16500 0.211519 0.203017 0.0085017 0 0.959806 3087.2 2961.21 125.988 0 -30.8307 -31.6825 8 16829.9 359.319 2063 9.84085e-05
16600 0.211457 0.203096 0.00836051 0 0.960462 3108.37 2981.52 126.848 0 -30.8352 -31.4945 8 16933.9 360.428 2076 9.78305e-05
16700 0.197509 0.190493 0.00701548 0 0.96448 3128.2 3000.57 127.632 0 -30.8425 -31.9876 8 17029.9 361.448 2088 9.12325e-05
16800 0.202276 0.19516 0.00711611 0 0.96482 3148.48 3020.09 128.389 0 -30.8524 -32.3822 8 17133.9 362.55 2101 9.28889e-05
16900 0.220729 0.213113 0.00761653 0 0.965494 3170.52 3041.4 129.122 0 -30.8589 -31.7788 8 17229.9 363.564 2113 0.000100858
17000 0.204987 0.196724 0.00826263 0 0.959692 3190.96 3061.07 129.883 0 -30.8632 -31.5342 8 17333.9 364.66 2126 9.25325e-05
17100 0.200463 0.193564 0.00689947 0 0.965582 3211.09 3080.43 130.661 0 -30.8722 -32.2946 8 17429.9 365.668 2138 9.05349e-05
17200 0.221678 0.212327 0.00935155 0 0.957815 3233.1 3101.66 131.443 0 -30.8771 -31.5928 8 17533.9 366.758 2151 9.87107e-05
17300 0.211426 0.205075 0.00635098 0 0.969961 3254.36 3122.17 132.195 0 -30.8831 -31.7974 8 17629.9 367.76 2163 9.48102e-05
17400 0.207873 0.20093 0.00694279 0 0.966601 3275.1 3142.26 132.84 0 -30.89 -31.9664 8 17733.9 368.843 2176 9.23392e-05
17500 0.217226 0.210915 0.00631091 0 0.970948 3296.97 3163.35 133.618 0 -30.8992 -32.2834 8 17829.9 369.84 2188 9.63962e-05
17600 0.208865 0.200259 0.00860665 0 0.958793 3317.66 3183.38 134.283 0 -30.9058 -31.9641 8 17933.9 370.917 2201 9.09853e-05
17700 0.217206 0.210542 0.0066645 0 0.969317 3339.45 3204.43 135.02 0 -30.9121 -31.8639 8 18029.9 371.909 2213 9.51386e-05
17800 0.236011 0.22965 0.00636113 0 0.973047 3363.18 3227.4 135.781 0 -30.9148 -31.2999 8 18133.9 372.98 2226 0.000103167
17900 0.218672 0.212606 0.00606547 0 0.972262 3385.15 3248.66 136.487 0 -30.9219 -32.0069 8 18229.9 373.966 2238 9.49984e-05
18000 0.1978 0.192043 0.00575714 0 0.970894 3404.97 3267.86 137.11 0 -30.9304 -32.3737 8 18333.9 375.031 2251 8.53146e-05
18100 0.184402 0.17932 0.00508208 0 0.97244 3423.49 3285.8 137.693 0 -30.9413 -32.9506 8 18429.9 376.012 2263 7.92398e-05
18200 0.175818 0.171749 0.00406878 0 0.976858 3441.13 3302.97 138.157 0 -30.9516 -32.9543 8 18533.9 377.071 2276 7.54609e-05
18300 0.177662 0.173197 0.00446465 0 0.97487 3458.9 3320.29 138.606 0 -30.9611 -32.7977 8 18629.9 378.046 2288 7.56981e-05
18400 0.169618 0.166602 0.00301653 0 0.982216 3475.97 3336.95 139.016 0 -30.9723 -33.2482 8 18733.9 379.1 2301 7.24041e-05
18500 0.196009 0.191062 0.00494725 0 0.97476 3495.61 3356.06 139.554 0 -30.9774 -31.8776 8 18829.9 380.07 2313 8.26034e-05
18600 0.169364 0.166299 0.00306543 0 0.9819 3512.65 3372.69 139.96 0 -30.9885 -33.2544 8 18933.9 381.118 2326 7.14956e-05
18700 0.201797 0.196932 0.00486539 0 0.97589 3532.88 3392.38 140.496 0 -30.9988 -32.8031 8 19029.9 382.083 2338 8.42308e-05
18800 0.17728 0.17345 0.00383055 0 0.978393 3550.73 3409.72 141.003 0 -31.0081 -32.8476 8 19133.9 383.126 2351 7.37771e-05
18900 0.169154 0.165036 0.0041177 0 0.975657 3567.62 3426.23 141.388 0 -31.0184 -33.1714 8 19229.9 384.086 2363 6.98419e-05
19000 0.189392 0.18298 0.00641215 0 0.966144 3586.47 3444.53 141.941 0 -31.0249 -32.2613 8 19333.9 385.123 2376 7.70119e-05
19100 0.21606 0.21005 0.00600981 0 0.972185 3608.12 3465.53 142.588 0 -31.0272 -31.4002 8 19429.9 386.078 2388 8.79608e-05
19200 0.193014 0.187626 0.00538849 0 0.972082 3627.43 3484.29 143.133 0 -31.034 -32.3196 8 19533.9 387.11 2401 7.81447e-05
19300 0.198031 0.191819 0.00621171 0 0.968633 3647.23 3503.48 143.755 0 -31.0408 -32.277 8 19629.9 388.06 2413 7.94941e-05
19400 0.176999 0.172252 0.00474677 0 0.973182 3665.01 3520.7 144.311 0 -31.0486 -32.6387 8 19733.9 389.087 2426 7.10026e-05
19500 0.211995 0.204983 0.00701128 0 0.966927 3686.2 3541.2 145.005 0 -31.0503 -31.3451 8 19829.9 390.032 2438 8.40784e-05
19600 0.200798 0.193585 0.0072134 0 0.964076 3706.27 3560.56 145.712 0 -31.0522 -31.4047 8 19933.9 391.053 2451 7.8982e-05
19700 0.202236 0.194632 0.00760382 0 0.962401 3726.49 3580.02 146.469 0 -31.0563 -31.8043 8 20029.9 391.994 2463 7.90223e-05
19800 0.241257 0.230995 0.0102619 0 0.957465 3750.47 3603.12 147.352 0 -31.0549 -30.8443 8 20133.9 393.01 2476 9.32935e-05
19900 0.249461 0.239986 0.00947501 0 0.962018 3775.44 3627.12 148.325 0 -31.0557 -31.1797 8 20229.9 393.946 2488 9.64574e-05
20000 0.237703 0.229994 0.00770911 0 0.967568 3799.36 3650.12 149.238 0 -31.0587 -31.5337 8 20333.9 394.957 2501 9.19608e-05
