100 0.0202433 0.0177766 0.00246672 0 0.878146 1.89134 1.77766 0.113676 0 -25.676 -25.676 8 429.882 57.4268 13 0.00136743
200 0.0299921 0.0279235 0.00206859 0 0.931029 4.91123 4.57001 0.341214 0 -26.4274 -26.898 8 533.882 63.9974 26 0.00107398
300 0.053569 0.0488312 0.00473782 0 0.911557 10.0853 9.45313 0.632201 0 -26.3992 -26.3725 8 629.882 69.5136 38 0.00128503
400 0.0723896 0.0679243 0.00446527 0 0.938316 17.3628 16.2456 1.11721 0 -27.048 -27.9472 8 733.882 75.0331 51 0.00133185
500 0.0830653 0.0770236 0.00604176 0 0.927265 25.5649 23.9479 1.61697 0 -26.8663 -26.4816 8 829.882 79.7899 63 0.0012226
600 0.0797693 0.0748719 0.00489744 0 0.938605 33.5787 31.4351 2.1436 0 -26.9925 -27.395 8 933.882 84.642 76 0.000985156
700 0.101452 0.0947574 0.00669499 0 0.934009 43.6181 40.9108 2.70724 0 -27.2844 -28.2606 8 1029.88 88.8861 88 0.00107679
800 0.0954593 0.0898936 0.00556578 0 0.941695 53.1704 49.9002 3.27018 0 -27.5841 -28.9527 8 1133.88 93.2661 101 0.000890035
900 0.078977 0.0746888 0.00428817 0 0.945704 61.1092 57.3691 3.74009 0 -27.8085 -29.3112 8 1229.88 97.1341 113 0.000660963
1000 0.0917817 0.0874096 0.00437204 0 0.952365 70.368 66.11 4.25793 0 -27.8984 -28.4923 8 1333.88 101.158 126 0.000693727
1100 0.0961268 0.090306 0.00582081 0 0.939447 79.9185 75.1406 4.7779 0 -28.0666 -29.3057 8 1429.88 104.735 138 0.000654391
1200 0.102272 0.09735 0.00492208 0 0.951873 90.1917 84.8756 5.31607 0 -28.2754 -29.8995 8 1533.88 108.477 151 0.000644702
1300 0.0986532 0.092398 0.0062552 0 0.936594 99.8523 94.1154 5.73686 0 -28.3873 -29.432 8 1629.88 111.82 163 0.000566859
1400 0.182565 0.17272 0.00984478 0 0.946075 117.876 111.387 6.48896 0 -28.2592 -27.5494 8 1733.88 115.332 176 0.000981366
1500 0.170744 0.163512 0.00723133 0 0.957648 135.071 127.739 7.33251 0 -28.2443 -28.1428 8 1829.88 118.482 188 0.000869746
1600 0.16227 0.155281 0.00698895 0 0.95693 151.375 143.267 8.10806 0 -28.2916 -28.6832 8 1933.88 121.802 201 0.000772541
1700 0.138549 0.132118 0.00643059 0 0.953586 165.26 156.479 8.78128 0 -28.3644 -29.1578 8 2029.88 124.789 213 0.000620274
1800 0.121662 0.116263 0.00539899 0 0.955623 177.451 168.105 9.34584 0 -28.4453 -29.5423 8 2133.88 127.946 226 0.000514439
1900 0.124851 0.120038 0.0048125 0 0.961454 190.012 180.109 9.90295 0 -28.5637 -30.2361 8 2229.88 130.792 238 0.000504363
2000 0.130112 0.123358 0.0067538 0 0.948092 203.006 192.445 10.5615 0 -28.6457 -29.8447 8 2333.88 133.807 251 0.000491466
2100 0.128396 0.122263 0.00613306 0 0.952233 215.966 204.671 11.2947 0 -28.6903 -29.3897 8 2429.88 136.531 263 0.000464878
2200 0.123228 0.117928 0.0053004 0 0.956987 228.388 216.464 11.9239 0 -28.7478 -29.7467 8 2533.88 139.423 276 0.000427274
2300 0.142767 0.137015 0.00575138 0 0.959715 242.789 230.165 12.624 0 -28.8338 -30.1974 8 2629.88 142.039 288 0.000475747
2400 0.165311 0.15873 0.00658116 0 0.960189 259.379 246.038 13.3412 0 -28.9401 -30.4962 8 2733.88 144.82 301 0.000527343
2500 0.182579 0.174681 0.00789768 0 0.956744 277.596 263.506 14.09 0 -29.0465 -30.5609 8 2829.88 147.341 313 0.000558086
2600 0.192037 0.183371 0.00866586 0 0.954874 296.816 281.843 14.9729 0 -29.0877 -29.6839 8 2933.88 150.024 326 0.000562489
2700 0.174783 0.166217 0.00856534 0 0.950994 314.266 298.465 15.8013 0 -29.1568 -30.3305 8 3029.88 152.459 338 0.000491767
2800 0.161765 0.153967 0.00779775 0 0.951796 330.524 313.862 16.6622 0 -29.2114 -30.2677 8 3133.88 155.053 351 0.000438653
2900 0.178041 0.167958 0.0100834 0 0.943365 348.257 330.658 17.5989 0 -29.259 -30.1467 8 3229.88 157.41 363 0.000462694
3000 0.215459 0.204559 0.0108998 0 0.949411 369.778 351.114 18.664 0 -29.2206 -28.599 8 3333.88 159.925 376 0.00054404
3100 0.20358 0.19255 0.0110303 0 0.945818 390.086 370.369 19.7174 0 -29.2361 -29.5175 8 3429.88 162.211 388 0.000496262
3200 0.170522 0.162608 0.00791407 0 0.953589 407.316 386.629 20.6868 0 -29.2785 -30.2387 8 3533.88 164.652 401 0.000405506
3300 0.149217 0.14156 0.0076566 0 0.948688 422.19 400.785 21.405 0 -29.3265 -30.6418 8 3629.88 166.873 413 0.000342761
3400 0.153989 0.147026 0.00696312 0 0.954782 437.646 415.488 22.1581 0 -29.3913 -31.1609 8 3733.88 169.247 426 0.000345132
3500 0.15944 0.15255 0.00689026 0 0.956785 453.632 430.743 22.889 0 -29.4408 -30.7953 8 3829.88 171.409 438 0.000348287
3600 0.200526 0.192185 0.00834098 0 0.958405 473.649 449.961 23.6873 0 -29.4423 -29.4772 8 3933.88 173.72 451 0.000426131
3700 0.180971 0.174302 0.00666951 0 0.963146 491.896 467.392 24.5043 0 -29.4651 -30.0557 8 4029.88 175.827 463 0.000376462
3800 0.163404 0.156369 0.00703463 0 0.956949 508.218 483.029 25.1894 0 -29.4899 -30.2383 8 4133.88 178.082 476 0.000328507
3900 0.170491 0.164062 0.00642903 0 0.962291 525.326 499.435 25.8916 0 -29.5236 -30.526 8 4229.88 180.138 488 0.000336193
4000 0.170978 0.164412 0.00656591 0 0.961598 542.535 515.876 26.6586 0 -29.5687 -30.9448 8 4333.88 182.339 501 0.000328167
4100 0.156277 0.151679 0.00459728 0 0.970582 558.253 531.044 27.2088 0 -29.6172 -31.2911 8 4429.88 184.347 513 0.000295671
4200 0.179 0.172633 0.00636705 0 0.96443 576.16 548.307 27.8525 0 -29.6509 -30.7004 8 4533.88 186.498 526 0.000328199
4300 0.196662 0.190206 0.00645543 0 0.967175 595.897 567.328 28.5694 0 -29.6921 -30.8945 8 4629.88 188.463 538 0.000353543
4400 0.187714 0.180251 0.00746269 0 0.960244 614.657 585.353 29.3044 0 -29.7308 -30.9613 8 4733.88 190.567 551 0.000327135
4500 0.170685 0.164179 0.00650607 0 0.961883 631.727 601.771 29.9562 0 -29.7652 -31.0034 8 4829.88 192.49 563 0.000291615
4600 0.176517 0.170722 0.00579526 0 0.967169 649.51 618.843 30.6667 0 -29.7964 -30.9035 8 4933.88 194.551 576 0.000296392
4700 0.152846 0.148299 0.00454761 0 0.970247 664.838 633.673 31.1655 0 -29.8387 -31.6334 8 5029.88 196.435 588 0.000252208
4800 0.193148 0.184442 0.00870652 0 0.954923 683.98 652.117 31.8627 0 -29.8367 -29.7656 8 5133.88 198.455 601 0.000306891
4900 0.199464 0.190836 0.00862727 0 0.956748 703.903 671.201 32.7025 0 -29.8293 -29.5751 8 5229.88 200.302 613 0.000311316
5000 0.180765 0.173029 0.00773683 0 0.9572 721.981 688.504 33.4776 0 -29.8427 -30.3654 8 5333.88 202.284 626 0.000276404
5100 0.184745 0.175064 0.00968147 0 0.947596 740.286 706.01 34.2761 0 -29.8509 -30.1726 8 5429.88 204.096 638 0.000274395
5200 0.182496 0.174179 0.00831709 0 0.954426 758.544 723.428 35.1158 0 -29.8748 -30.8441 8 5533.88 206.042 651 0.000267556
5300 0.203535 0.193088 0.0104466 0 0.948674 778.759 742.737 36.0225 0 -29.8791 -30.0412 8 5629.88 207.821 663 0.000291234
5400 0.211005 0.201663 0.00934145 0 0.955729 800.017 762.903 37.1137 0 -29.8919 -30.3605 8 5733.88 209.732 676 0.000298318
5500 0.177257 0.170188 0.00706841 0 0.960123 817.894 779.922 37.9722 0 -29.9185 -31.1113 8 5829.88 211.48 688 0.000247367
5600 0.195858 0.186092 0.00976681 0 0.950133 837.402 798.531 38.871 0 -29.9312 -30.4647 8 5933.88 213.358 701 0.000265466
5700 0.202715 0.193952 0.00876322 0 0.956771 857.789 817.926 39.8625 0 -29.9669 -31.4328 8 6029.88 215.077 713 0.000272022
5800 0.168368 0.161097 0.0072718 0 0.95681 874.694 834.036 40.6578 0 -30.0004 -31.6972 8 6133.88 216.924 726 0.000221896
5900 0.17628 0.167559 0.00872099 0 0.950528 892.139 850.792 41.347 0 -30.0368 -31.8637 8 6229.88 218.615 738 0.000227045
6000 0.180875 0.174446 0.0064286 0 0.964458 910.361 868.236 42.1241 0 -30.0869 -32.537 8 6333.88 220.432 751 0.000232285
6100 0.201614 0.194046 0.00756789 0 0.962463 930.596 887.641 42.9551 0 -30.1066 -30.9966 8 6429.88 222.096 763 0.000254319
6200 0.160009 0.155494 0.00451465 0 0.971785 946.765 903.19 43.5747 0 -30.1476 -32.5078 8 6533.88 223.885 776 0.000200379
6300 0.148361 0.143122 0.0052391 0 0.964687 961.491 917.503 43.9883 0 -30.1788 -32.1792 8 6629.88 225.524 788 0.000181626
6400 0.153491 0.14923 0.00426074 0 0.972241 976.896 932.426 44.4708 0 -30.2164 -32.5683 8 6733.88 227.286 801 0.000186305
6500 0.160241 0.1545 0.0057408 0 0.964174 992.833 947.876 44.9576 0 -30.2454 -32.0222 8 6829.88 228.9 813 0.000190037
6600 0.161734 0.156397 0.00533765 0 0.966997 1009.03 963.515 45.5148 0 -30.2744 -32.0508 8 6933.88 230.637 826 0.000189342
6700 0.159607 0.153845 0.00576188 0 0.9639 1024.98 978.9 46.0839 0 -30.3031 -32.1155 8 7029.88 232.228 838 0.000183586
6800 0.146377 0.14189 0.00448708 0 0.969346 1039.71 993.089 46.6209 0 -30.3356 -32.598 8 7133.88 233.939 851 0.000166734
6900 0.154801 0.150375 0.00442597 0 0.971409 1055.24 1008.13 47.116 0 -30.359 -31.9307 8 7229.88 235.508 863 0.000174247
7000 0.165821 0.160334 0.00548713 0 0.966909 1071.76 1024.16 47.6009 0 -30.3681 -30.9471 8 7333.88 237.196 876 0.00018303
7100 0.155919 0.149187 0.00673201 0 0.956824 1087.19 1039.08 48.1122 0 -30.3796 -31.1749 8 7429.88 238.743 888 0.000168003
7200 0.162694 0.156825 0.00586855 0 0.963929 1103.44 1054.76 48.6815 0 -30.4052 -32.1178 8 7533.88 240.408 901 0.000174057
7300 0.159905 0.154781 0.00512414 0 0.967955 1119.48 1070.24 49.2363 0 -30.4293 -32.0888 8 7629.88 241.935 913 0.00016953
7400 0.158827 0.152063 0.00676336 0 0.957417 1135.25 1085.45 49.8052 0 -30.4445 -31.5225 8 7733.88 243.578 926 0.000164215
7500 0.172876 0.166171 0.00670492 0 0.961215 1152.54 1102.06 50.4778 0 -30.4596 -31.4527 8 7829.88 245.086 938 0.000177155
7600 0.182343 0.176403 0.00593993 0 0.967424 1170.84 1119.7 51.1393 0 -30.4771 -31.5812 8 7933.88 246.708 951 0.000185492
7700 0.155388 0.151187 0.00420093 0 0.972965 1186.49 1134.82 51.6659 0 -30.5026 -32.411 8 8029.88 248.196 963 0.000156996
7800 0.142241 0.137212 0.00502919 0 0.964643 1200.64 1148.54 52.0974 0 -30.5297 -32.7961 8 8133.88 249.798 976 0.000140586
7900 0.196416 0.188949 0.00746733 0 0.961982 1220.33 1167.44 52.8918 0 -30.5513 -31.87 8 8229.88 251.268 988 0.000191244
8000 0.158282 0.151636 0.00664562 0 0.958014 1236.1 1182.6 53.5013 0 -30.572 -32.1738 8 8333.88 252.85 1001 0.000151485
8100 0.162397 0.155704 0.00669288 0 0.958787 1252.35 1198.17 54.1791 0 -30.581 -31.269 8 8429.88 254.303 1013 0.000153706
8200 0.158881 0.153275 0.00560619 0 0.964715 1268.31 1213.5 54.8152 0 -30.5976 -31.8988 8 8533.88 255.866 1026 0.000149391
8300 0.174595 0.167941 0.00665402 0 0.961889 1285.83 1230.29 55.5342 0 -30.5999 -30.7649 8 8629.88 257.302 1038 0.000161793
8400 0.159836 0.153749 0.00608633 0 0.961921 1301.83 1245.67 56.1601 0 -30.6116 -31.5496 8 8733.88 258.847 1051 0.000146289
8500 0.192333 0.184582 0.00775044 0 0.959703 1321.05 1264.13 56.9188 0 -30.6196 -31.166 8 8829.88 260.266 1063 0.000173643
8600 0.168019 0.161579 0.00643976 0 0.961672 1337.89 1280.28 57.6054 0 -30.6356 -31.8906 8 8933.88 261.794 1076 0.000150166
8700 0.227184 0.218272 0.00891203 0 0.960772 1360.69 1302.11 58.5742 0 -30.6539 -31.7229 8 9029.88 263.197 1088 0.000200618
8800 0.204145 0.194597 0.00954841 0 0.953227 1381 1321.57 59.4309 0 -30.6708 -31.807 8 9133.88 264.708 1101 0.000176745
8900 0.204457 0.196064 0.00839304 0 0.95895 1401.54 1341.18 60.364 0 -30.6937 -32.2355 8 9229.88 266.096 1113 0.000176158
9000 0.18797 0.180185 0.00778528 0 0.958582 1420.37 1359.2 61.1703 0 -30.712 -32.0719 8 9333.88 267.591 1126 0.000160022
9100 0.182834 0.175486 0.00734829 0 0.959809 1438.66 1376.74 61.9191 0 -30.7295 -32.0842 8 9429.88 268.963 1138 0.000154206
9200 0.208026 0.199027 0.00899899 0 0.956741 1459.43 1396.65 62.7834 0 -30.754 -32.4562 8 9533.88 270.443 1151 0.000172917
9300 0.211213 0.2005 0.0107129 0 0.949279 1480.42 1416.7 63.7215 0 -30.7731 -32.0999 8 9629.88 271.801 1163 0.000172399
9400 0.207754 0.200518 0.0072356 0 0.965172 1501.33 1436.75 64.5845 0 -30.8071 -33.2121 8 9733.88 273.264 1176 0.000170509
9500 0.183685 0.174857 0.00882769 0 0.951941 1519.53 1454.23 65.2932 0 -30.8311 -32.8115 8 9829.88 274.609 1188 0.000147186
9600 0.196013 0.189489 0.00652467 0 0.966713 1539.28 1473.18 66.0986 0 -30.8509 -32.3741 8 9933.88 276.058 1201 0.000157776
9700 0.190034 0.181955 0.00807977 0 0.957483 1558.28 1491.38 66.896 0 -30.8639 -31.9215 8 10029.9 277.388 1213 0.000150004
9800 0.205921 0.197314 0.00860718 0 0.958202 1578.84 1511.11 67.7274 0 -30.8737 -31.6109 8 10133.9 278.823 1226 0.000160941
9900 0.183378 0.178037 0.00534132 0 0.970873 1597.38 1528.91 68.4617 0 -30.8854 -31.8841 8 10229.9 280.14 1238 0.00014381
10000 0.175549 0.169358 0.00619117 0 0.964733 1614.89 1545.85 69.0444 0 -30.8949 -31.7652 8 10333.9 281.561 1251 0.000135378
10100 0.177953 0.171353 0.00660039 0 0.962909 1632.63 1562.99 69.6471 0 -30.9079 -32.0835 8 10429.9 282.865 1263 0.000135671
10200 0.155422 0.151294 0.00412779 0 0.973441 1648.25 1578.11 70.1365 0 -30.9299 -33.2315 8 10533.9 284.272 1276 0.000118569
10300 0.165751 0.161053 0.00469751 0 0.971659 1664.86 1594.22 70.6364 0 -30.9481 -32.7615 8 10629.9 285.565 1288 0.000125041
10400 0.159169 0.154476 0.00469252 0 0.970519 1680.81 1609.67 71.1423 0 -30.9688 -33.1252 8 10733.9 286.958 1301 0.000118737
10500 0.150675 0.14656 0.00411527 0 0.972688 1695.89 1624.32 71.5679 0 -30.9898 -33.3311 8 10829.9 288.238 1313 0.000111622
10600 0.176455 0.172139 0.00431574 0 0.975542 1713.59 1641.54 72.0527 0 -30.9955 -31.5376 8 10933.9 289.619 1326 0.000129819
10700 0.199743 0.193121 0.00662164 0 0.966849 1733.54 1660.85 72.6945 0 -31.006 -31.9087 8 11029.9 290.888 1338 0.000144336
10800 0.185253 0.178067 0.00718551 0 0.961212 1751.98 1678.66 73.3241 0 -31.0151 -31.8734 8 11133.9 292.256 1351 0.000131804
10900 0.177498 0.172171 0.00532698 0 0.969989 1769.84 1695.87 73.967 0 -31.0276 -32.2486 8 11229.9 293.513 1363 0.000126318
11000 0.164939 0.159508 0.00543076 0 0.967074 1786.35 1711.82 74.5251 0 -31.0411 -32.4955 8 11333.9 294.869 1376 0.000115921
11100 0.149907 0.145254 0.00465355 0 0.968957 1801.36 1726.35 75.0109 0 -31.0569 -32.9311 8 11429.9 296.115 1388 0.00010465
11200 0.177858 0.171037 0.00682142 0 0.961647 1819.09 1743.45 75.6381 0 -31.0666 -32.0531 8 11533.9 297.459 1401 0.000122082
11300 0.160324 0.155653 0.00467077 0 0.970867 1835.24 1759.02 76.2247 0 -31.0808 -32.6771 8 11629.9 298.695 1413 0.000110158
11400 0.143236 0.139857 0.00337878 0 0.976411 1849.65 1773 76.642 0 -31.0988 -33.3982 8 11733.9 300.027 1426 9.80767e-05
11500 0.132359 0.129654 0.00270446 0 0.979567 1862.92 1785.97 76.9499 0 -31.1189 -33.917 8 11829.9 301.252 1438 9.01629e-05
11600 0.12866 0.125792 0.00286781 0 0.97771 1875.78 1798.55 77.2337 0 -31.1374 -33.8222 8 11933.9 302.574 1451 8.66933e-05
11700 0.137425 0.13409 0.00333506 0 0.975732 1889.53 1811.96 77.574 0 -31.1514 -33.0647 8 12029.9 303.788 1463 9.16544e-05
11800 0.140487 0.136888 0.00359841 0 0.974386 1903.61 1825.65 77.9631 0 -31.1671 -33.2635 8 12133.9 305.098 1476 9.27429e-05
11900 0.156301 0.14995 0.0063513 0 0.959365 1919.1 1840.64 78.4599 0 -31.1716 -31.7308 8 12229.9 306.303 1488 0.000100773
12000 0.176804 0.170113 0.0066903 0 0.96216 1936.72 1857.65 79.0694 0 -31.1639 -30.3209 8 12333.9 307.603 1501 0.000113333
12100 0.182185 0.17495 0.00723508 0 0.960287 1955 1875.15 79.8488 0 -31.1571 -30.437 8 12429.9 308.797 1513 0.000115631
12200 0.175351 0.16841 0.00694118 0 0.960416 1972.53 1891.99 80.5438 0 -31.1586 -31.3276 8 12533.9 310.087 1526 0.000110361
12300 0.166605 0.162114 0.00449094 0 0.973044 1989.34 1908.2 81.141 0 -31.1688 -32.362 8 12629.9 311.272 1538 0.000105406
12400 0.161688 0.156372 0.00531601 0 0.967122 2005.5 1923.84 81.6641 0 -31.1757 -32.0283 8 12733.9 312.551 1551 0.00010082
12500 0.147591 0.14317 0.0044214 0 0.970043 2020.25 1938.15 82.0901 0 -31.1851 -32.4715 8 12829.9 313.727 1563 9.15994e-05
12600 0.165386 0.161361 0.00402513 0 0.975662 2036.82 1954.29 82.5244 0 -31.1985 -32.8249 8 12933.9 314.996 1576 0.000102386
12700 0.148564 0.143997 0.0045672 0 0.969258 2051.53 1968.69 82.8415 0 -31.2112 -32.9729 8 13029.9 316.162 1588 9.06782e-05
12800 0.163039 0.158476 0.00456288 0 0.972014 2067.75 1984.54 83.2148 0 -31.2232 -32.7328 8 13133.9 317.422 1601 9.89858e-05
12900 0.191926 0.185806 0.00612059 0 0.96811 2086.95 2003.12 83.8354 0 -31.2221 -31.1132 8 13229.9 318.58 1613 0.000115193
13000 0.176574 0.170424 0.00615001 0 0.96517 2104.73 2020.16 84.5662 0 -31.2271 -31.8039 8 13333.9 319.829 1626 0.000104812
13100 0.164334 0.157826 0.00650771 0 0.960399 2121.08 2035.94 85.135 0 -31.2304 -31.663 8 13429.9 320.979 1638 9.63529e-05
13200 0.162925 0.158382 0.00454346 0 0.972113 2137.48 2051.78 85.7005 0 -31.2357 -31.9253 8 13533.9 322.219 1651 9.59307e-05
13300 0.199231 0.191558 0.00767297 0 0.961487 2157.32 2070.94 86.3814 0 -31.2361 -31.2702 8 13629.9 323.36 1663 0.000115188
13400 0.211159 0.202614 0.00854493 0 0.959533 2178.39 2091.2 87.1926 0 -31.2373 -31.3669 8 13733.9 324.591 1676 0.000120891
13500 0.231814 0.222212 0.00960136 0 0.958582 2201.54 2113.42 88.1189 0 -31.2339 -30.9103 8 13829.9 325.724 1688 0.000131642
13600 0.248591 0.239019 0.00957149 0 0.961497 2226.53 2137.32 89.2098 0 -31.2465 -32.353 8 13933.9 326.946 1701 0.000140517
13700 0.249304 0.239872 0.00943235 0 0.962165 2251.58 2161.31 90.2665 0 -31.2469 -31.2887 8 14029.9 328.07 1713 0.00014003
13800 0.204864 0.196974 0.00788966 0 0.961488 2272.19 2181.01 91.1783 0 -31.2549 -32.1227 8 14133.9 329.284 1726 0.000114122
13900 0.195726 0.189522 0.00620413 0 0.968302 2291.87 2199.96 91.9067 0 -31.2638 -32.298 8 14229.9 330.401 1738 0.000109046
14000 0.183367 0.177194 0.0061723 0 0.966339 2310.23 2217.68 92.5527 0 -31.2726 -32.3687 8 14333.9 331.606 1751 0.000101196
14100 0.173311 0.167739 0.00557237 0 0.967848 2327.58 2234.45 93.1269 0 -31.2813 -32.4432 8 14429.9 332.714 1763 9.5144e-05
14200 0.212079 0.205861 0.00621811 0 0.97068 2348.81 2255.04 93.7689 0 -31.2863 -31.8257 8 14533.9 333.911 1776 0.000115912
14300 0.198088 0.190467 0.00762176 0 0.961523 2368.56 2274.09 94.4722 0 -31.2908 -31.8269 8 14629.9 335.012 1788 0.000106525
14400 0.225373 0.217709 0.00766402 0 0.965994 2391.15 2295.86 95.2976 0 -31.3037 -32.6596 8 14733.9 336.201 1801 0.000120883
14500 0.204237 0.197221 0.00701669 0 0.965644 2411.62 2315.58 96.0427 0 -31.3137 -32.4795 8 14829.9 337.294 1813 0.000108781
14600 0.186057 0.180708 0.00534858 0 0.971253 2430.34 2333.65 96.6927 0 -31.325 -32.7813 8 14933.9 338.475 1826 9.8964e-05
14700 0.163103 0.159687 0.00341512 0 0.979062 2446.76 2349.62 97.1468 0 -31.3406 -33.6562 8 15029.9 339.561 1838 8.68811e-05
14800 0.169256 0.164996 0.00426006 0 0.974831 2463.69 2366.12 97.5715 0 -31.3522 -33.0314 8 15133.9 340.734 1851 8.91389e-05
14900 0.175263 0.170138 0.00512521 0 0.970757 2481.16 2383.13 98.0261 0 -31.3593 -32.3597 8 15229.9 341.813 1863 9.13246e-05
15000 0.208925 0.202183 0.00674208 0 0.96773 2502.02 2403.35 98.6701 0 -31.3552 -30.8676 8 15333.9 342.978 1876 0.000107774
15100 0.199536 0.193557 0.00597854 0 0.970038 2522.06 2422.71 99.3578 0 -31.3574 -31.6254 8 15429.9 344.05 1888 0.00010252
15200 0.191605 0.184853 0.00675229 0 0.964759 2541.19 2441.19 99.9988 0 -31.3594 -31.6257 8 15533.9 345.207 1901 9.72399e-05
15300 0.189763 0.182959 0.00680383 0 0.964146 2560.13 2459.49 100.642 0 -31.3613 -31.6114 8 15629.9 346.272 1913 9.56399e-05
15400 0.19681 0.190014 0.00679609 0 0.965469 2579.79 2478.49 101.303 0 -31.3669 -32.0978 8 15733.9 347.423 1926 9.86572e-05
15500 0.20798 0.198634 0.00934606 0 0.955063 2600.4 2498.35 102.047 0 -31.3665 -31.3226 8 15829.9 348.481 1938 0.000102494
15600 0.212899 0.205083 0.00781671 0 0.963284 2621.74 2518.86 102.878 0 -31.3696 -31.7496 8 15933.9 349.624 1951 0.000105117
15700 0.220618 0.212199 0.0084197 0 0.961836 2643.84 2540.08 103.761 0 -31.3707 -31.4986 8 16029.9 350.675 1963 0.000108099
15800 0.22566 0.216016 0.00964454 0 0.957261 2666.39 2561.68 104.714 0 -31.3719 -31.512 8 16133.9 351.811 1976 0.00010932
15900 0.214569 0.204245 0.0103241 0 0.951884 2687.73 2582.11 105.627 0 -31.3763 -31.9212 8 16229.9 352.856 1988 0.000102739
16000 0.213266 0.204086 0.0091802 0 0.956954 2709.15 2602.51 106.636 0 -31.378 -31.5995 8 16333.9 353.985 2001 0.000101992
16100 0.215282 0.205917 0.00936547 0 0.956497 2730.73 2623.11 107.622 0 -31.3721 -30.6301 8 16429.9 355.024 2013 0.000102293
16200 0.188984 0.182129 0.00685487 0 0.963728 2749.73 2641.32 108.412 0 -31.3754 -31.8407 8 16533.9 356.146 2026 8.9896e-05
16300 0.203872 0.194576 0.00929627 0 0.954401 2769.99 2660.78 109.216 0 -31.374 -31.1869 8 16629.9 357.178 2038 9.5474e-05
16400 0.259311 0.248682 0.0106284 0 0.959013 2795.99 2685.64 110.344 0 -31.3592 -29.7824 8 16733.9 358.293 2051 0.000121249
16500 0.219855 0.210214 0.00964111 0 0.956148 2817.98 2706.67 111.316 0 -31.354 -30.6919 8 16829.9 359.319 2063 0.000101897
16600 0.246238 0.236879 0.00935884 0 0.961993 2842.75 2730.35 112.4 0 -31.3541 -31.3709 8 16933.9 360.428 2076 0.000114104
16700 0.213635 0.204719 0.00891618 0 0.958264 2864.1 2750.83 113.271 0 -31.3562 -31.6311 8 17029.9 361.448 2088 9.80454e-05
16800 0.215011 0.206134 0.00887756 0 0.958711 2885.62 2771.44 114.185 0 -31.3584 -31.653 8 17133.9 362.55 2101 9.81121e-05
16900 0.215625 0.207529 0.00809607 0 0.962453 2907.3 2792.19 115.111 0 -31.3663 -32.4144 8 17229.9 363.564 2113 9.82155e-05
17000 0.217121 0.208239 0.0088826 0 0.959089 2928.99 2813.02 115.975 0 -31.3682 -31.6247 8 17333.9 364.66 2126 9.79486e-05
17100 0.24927 0.240682 0.00858719 0 0.965551 2954.03 2837.08 116.948 0 -31.3653 -31.0259 8 17429.9 365.668 2138 0.000112574
17200 0.217877 0.210513 0.00736476 0 0.966198 2975.88 2858.14 117.742 0 -31.3654 -31.379 8 17533.9 366.758 2151 9.78673e-05
17300 0.215495 0.207478 0.00801719 0 0.962796 2997.46 2878.88 118.575 0 -31.3685 -31.7998 8 17629.9 367.76 2163 9.59215e-05
17400 0.204989 0.198536 0.0064535 0 0.968518 3018.05 2898.74 119.309 0 -31.374 -32.1689 8 17733.9 368.843 2176 9.12389e-05
17500 0.194719 0.187606 0.00711292 0 0.963471 3037.49 2917.5 119.994 0 -31.3803 -32.3641 8 17829.9 369.84 2188 8.5743e-05
17600 0.177456 0.172161 0.00529567 0 0.970158 3055.24 2934.71 120.525 0 -31.3882 -32.7394 8 17933.9 370.917 2201 7.82193e-05
17700 0.214471 0.205841 0.00862949 0 0.959764 3076.51 2955.3 121.216 0 -31.3899 -31.6381 8 18029.9 371.909 2213 9.30145e-05
17800 0.20986 0.203396 0.00646432 0 0.969197 3097.63 2975.64 121.998 0 -31.3938 -31.9513 8 18133.9 372.98 2226 9.13727e-05
17900 0.193131 0.186501 0.00662984 0 0.965672 3116.96 2994.29 122.674 0 -31.4002 -32.4318 8 18229.9 373.966 2238 8.33337e-05
18000 0.188992 0.183684 0.00530799 0 0.971914 3135.96 3012.66 123.305 0 -31.4064 -32.4288 8 18333.9 375.031 2251 8.16009e-05
18100 0.183192 0.176967 0.00622593 0 0.966014 3154.22 3030.35 123.869 0 -31.4111 -32.2149 8 18429.9 376.012 2263 7.82e-05
18200 0.185005 0.178761 0.00624341 0 0.966253 3172.83 3048.23 124.605 0 -31.4153 -32.1252 8 18533.9 377.071 2276 7.85418e-05
18300 0.201676 0.194606 0.00706966 0 0.964945 3193.09 3067.69 125.399 0 -31.4186 -31.9396 8 18629.9 378.046 2288 8.5055e-05
18400 0.177786 0.172873 0.00491259 0 0.972368 3211.02 3084.98 126.045 0 -31.4265 -32.8253 8 18733.9 379.1 2301 7.51295e-05
18500 0.19774 0.189661 0.00807884 0 0.959144 3230.68 3103.94 126.74 0 -31.4294 -31.9114 8 18829.9 380.07 2313 8.19978e-05
18600 0.177224 0.172043 0.00518113 0 0.970765 3248.52 3121.15 127.375 0 -31.4392 -33.2115 8 18933.9 381.118 2326 7.39653e-05
18700 0.202836 0.196014 0.00682199 0 0.966367 3268.84 3140.75 128.093 0 -31.448 -32.8424 8 19029.9 382.083 2338 8.38385e-05
18800 0.210198 0.202653 0.00754498 0 0.964105 3289.87 3161.01 128.861 0 -31.4552 -32.587 8 19133.9 383.126 2351 8.61987e-05
18900 0.211835 0.202668 0.00916742 0 0.956724 3310.95 3181.28 129.67 0 -31.4564 -31.6454 8 19229.9 384.086 2363 8.57671e-05
19000 0.235924 0.227808 0.00811559 0 0.965601 3334.68 3204.06 130.623 0 -31.4585 -31.7495 8 19333.9 385.123 2376 9.58789e-05
19100 0.200519 0.193056 0.00746216 0 0.962786 3354.74 3223.37 131.373 0 -31.4641 -32.3888 8 19429.9 386.078 2388 8.08444e-05
19200 0.194363 0.188392 0.00597113 0 0.969278 3374.31 3242.21 132.102 0 -31.4721 -32.8368 8 19533.9 387.11 2401 7.84638e-05
19300 0.187958 0.181109 0.00684931 0 0.963559 3393.09 3260.32 132.776 0 -31.4756 -32.118 8 19629.9 388.06 2413 7.50555e-05
19400 0.186797 0.17984 0.00695692 0 0.962757 3411.8 3278.3 133.498 0 -31.4811 -32.4697 8 19733.9 389.087 2426 7.41304e-05
19500 0.203631 0.196027 0.00760321 0 0.962662 3432.06 3297.9 134.16 0 -31.4816 -31.5762 8 19829.9 390.032 2438 8.0405e-05
19600 0.209464 0.20288 0.00658353 0 0.96857 3453.11 3318.19 134.921 0 -31.4861 -32.2192 8 19933.9 391.053 2451 8.27744e-05
19700 0.215685 0.208437 0.0072487 0 0.966392 3474.78 3339.03 135.74 0 -31.4906 -32.1995 8 20029.9 391.994 2463 8.46272e-05
19800 0.236768 0.224505 0.0122634 0 0.948205 3498.13 3361.49 136.64 0 -31.4896 -31.3417 8 20133.9 393.01 2476 9.06724e-05
19900 0.220243 0.211081 0.00916261 0 0.958398 3520.32 3382.59 137.724 0 -31.4919 -31.862 8 20229.9 393.946 2488 8.48395e-05
20000 0.211058 0.203708 0.00734918 0 0.965179 3541.57 3402.96 138.604 0 -31.4985 -32.5917 8 20333.9 394.957 2501 8.14508e-05
