100 0.0100707 0.00896454 0.00110614 0 0.890162 0.96287 0.896454 0.0664154 0 -26.8749 -26.8749 16 437.882 57.9587 7 0.00128065
200 0.0270242 0.0254481 0.00157613 0 0.941677 3.68221 3.44127 0.240946 0 -28.171 -28.6299 16 533.882 63.9974 13 0.00195755
300 0.0260232 0.0244432 0.00157996 0 0.939287 6.29145 5.88559 0.405863 0 -28.4909 -28.9423 16 629.882 69.5136 19 0.00128648
400 0.0205399 0.0193697 0.0011702 0 0.943028 8.35627 7.82255 0.533714 0 -28.5637 -28.7855 16 741.882 75.441 26 0.000744988
500 0.0281124 0.0262511 0.00186123 0 0.933793 11.1149 10.4477 0.667223 0 -28.7547 -29.3335 16 837.882 80.1736 32 0.000820348
600 0.0469841 0.0426765 0.00430764 0 0.908317 15.6266 14.7153 0.911314 0 -28.792 -28.8839 16 933.882 84.642 38 0.00112307
700 0.0579941 0.0547298 0.00326432 0 0.943713 21.4981 20.1883 1.30984 0 -28.5775 -28.0065 16 1029.88 88.8861 44 0.00124386
800 0.0646056 0.059973 0.00463265 0 0.928293 27.9553 26.1856 1.76966 0 -28.799 -29.5363 16 1141.88 93.5946 51 0.00117594
900 0.0568438 0.053569 0.00327474 0 0.942391 33.773 31.5425 2.23051 0 -28.9055 -29.4173 16 1237.88 97.4495 57 0.000939807
1000 0.0468087 0.0439341 0.00287462 0 0.938588 38.5026 35.9359 2.56665 0 -28.9141 -28.9755 16 1333.88 101.158 63 0.000697367
1100 0.0482007 0.0449559 0.00324485 0 0.93268 43.2907 40.4315 2.85924 0 -28.8664 -28.4827 16 1429.88 104.735 69 0.000651535
1200 0.046035 0.0433487 0.00268624 0 0.941648 47.9305 44.7664 3.16409 0 -28.8849 -29.0575 16 1541.88 108.759 76 0.000570378
1300 0.0664287 0.0621663 0.00426244 0 0.935834 54.5069 50.983 3.52388 0 -28.6373 -26.8334 16 1637.88 112.094 82 0.000758125
1400 0.0660968 0.0629738 0.00312309 0 0.95275 61.1894 57.2804 3.90904 0 -28.4434 -26.8611 16 1733.88 115.332 88 0.000715611
1500 0.0664902 0.0623569 0.00413324 0 0.937837 67.8256 63.5161 4.30949 0 -28.4196 -28.201 16 1829.88 118.482 94 0.000663372
1600 0.111436 0.106195 0.00524114 0 0.952967 79.064 74.1355 4.92851 0 -28.2481 -27.2125 16 1941.88 122.054 101 0.00105143
1700 0.112211 0.105646 0.00656445 0 0.941499 90.2898 84.7001 5.58966 0 -28.2985 -28.6538 16 2037.88 125.034 107 0.000987348
1800 0.101116 0.0951587 0.0059572 0 0.941085 100.402 94.216 6.18575 0 -28.3263 -28.5744 16 2133.88 127.946 113 0.000842112
1900 0.0929391 0.0872991 0.00563996 0 0.939316 109.734 102.946 6.78841 0 -28.3551 -28.6655 16 2229.88 130.792 119 0.000733606
2000 0.0819618 0.077621 0.00434089 0 0.947038 117.995 110.708 7.287 0 -28.4415 -29.5883 16 2341.88 134.036 126 0.000616039
2100 0.110192 0.104655 0.00553679 0 0.949753 128.988 121.173 7.81438 0 -28.5156 -29.3118 16 2437.88 136.756 132 0.000792839
2200 0.0886617 0.0833034 0.00535832 0 0.939564 137.776 129.504 8.27199 0 -28.5479 -29.0218 16 2533.88 139.423 138 0.000603648
2300 0.0856629 0.0813581 0.00430477 0 0.949748 146.364 137.64 8.72396 0 -28.5687 -28.9024 16 2629.88 142.039 144 0.000564987
2400 0.0724502 0.0697282 0.00272198 0 0.96243 153.723 144.612 9.11032 0 -28.6389 -30.0355 16 2741.88 145.032 151 0.000461776
2500 0.0776123 0.0740014 0.00361085 0 0.953476 161.445 152.013 9.43194 0 -28.678 -29.4564 16 2837.88 147.549 157 0.000471347
2600 0.0816828 0.0764719 0.00521092 0 0.936205 169.462 159.66 9.80239 0 -28.7047 -29.2423 16 2933.88 150.024 163 0.000469152
2700 0.0866547 0.0828986 0.00375605 0 0.956655 178.183 167.95 10.233 0 -28.7935 -30.5177 16 3029.88 152.459 169 0.000490524
2800 0.0766351 0.0732451 0.00339 0 0.955764 185.929 175.274 10.6545 0 -28.8379 -29.8606 16 3141.88 155.251 176 0.000416165
2900 0.0639224 0.061174 0.00274836 0 0.957005 192.324 181.392 10.932 0 -28.8897 -30.3965 16 3237.88 157.605 182 0.000336121
3000 0.0609218 0.0580807 0.00284112 0 0.953365 198.391 187.2 11.1912 0 -28.9363 -30.4111 16 3333.88 159.925 188 0.00030894
3100 0.06074 0.0584651 0.00227492 0 0.962547 204.461 193.046 11.4147 0 -28.993 -30.8476 16 3429.88 162.211 194 0.000301367
3200 0.0763457 0.0730814 0.00326426 0 0.957244 212.106 200.354 11.7513 0 -29.0195 -29.7284 16 3541.88 164.838 201 0.000363589
3300 0.0738279 0.0706192 0.00320869 0 0.956538 219.55 207.416 12.1336 0 -29.0582 -30.1616 16 3637.88 167.057 207 0.000341155
3400 0.0578287 0.0558965 0.00193226 0 0.966587 225.376 213.006 12.37 0 -29.1067 -30.9318 16 3733.88 169.247 213 0.000262425
3500 0.113338 0.108714 0.0046234 0 0.959207 236.687 223.877 12.8097 0 -29.2029 -31.1207 16 3829.88 171.409 219 0.000496412
3600 0.0833814 0.0807534 0.00262794 0 0.968483 245.152 231.953 13.1991 0 -29.2826 -31.5095 16 3941.88 173.897 226 0.000357316
3700 0.0820809 0.0797544 0.00232647 0 0.971656 253.447 239.928 13.5187 0 -29.3504 -31.355 16 4037.88 176.002 232 0.000343769
3800 0.0797648 0.0756346 0.00413024 0 0.94822 261.277 247.492 13.7858 0 -29.368 -29.9379 16 4133.88 178.082 238 0.000317792
3900 0.110419 0.105038 0.00538055 0 0.951271 272.273 257.995 14.2777 0 -29.3829 -29.7371 16 4229.88 180.138 244 0.000430485
4000 0.0977394 0.0934176 0.00432173 0 0.955783 282.104 267.337 14.7671 0 -29.4068 -30.0671 16 4341.88 182.507 251 0.000372182
4100 0.0968905 0.0918726 0.00501788 0 0.948211 291.706 276.524 15.1816 0 -29.4305 -30.1284 16 4437.88 184.513 257 0.000357481
4200 0.0935276 0.0887622 0.00476536 0 0.949049 301.061 285.401 15.6601 0 -29.4489 -30.0214 16 4533.88 186.498 263 0.000337499
4300 0.0902514 0.0849913 0.00526017 0 0.941716 309.983 293.9 16.0834 0 -29.4623 -29.9155 16 4629.88 188.463 269 0.000315953
4400 0.0987685 0.0945318 0.00423662 0 0.957106 319.915 303.353 16.5623 0 -29.498 -30.6117 16 4741.88 190.728 276 0.000342507
4500 0.0855719 0.0818121 0.00375982 0 0.956062 328.519 311.534 16.9847 0 -29.5376 -31.0093 16 4837.88 192.649 282 0.000290114
4600 0.110753 0.106105 0.00464828 0 0.95803 339.585 322.145 17.4404 0 -29.5501 -29.9231 16 4933.88 194.551 288 0.00036842
4700 0.106558 0.10117 0.00538855 0 0.949431 350.249 332.262 17.987 0 -29.5387 -29.1745 16 5029.88 196.435 294 0.000344115
4800 0.102183 0.097553 0.0046304 0 0.954685 360.529 342.017 18.5117 0 -29.5312 -29.2773 16 5141.88 198.61 301 0.000324096
4900 0.0893038 0.0859204 0.00338345 0 0.962113 369.51 350.609 18.9015 0 -29.5587 -30.6604 16 5237.88 200.455 307 0.000279871
5000 0.0850476 0.0819515 0.00309608 0 0.963596 378.076 358.804 19.2716 0 -29.5857 -30.7511 16 5333.88 202.284 313 0.000261826
5100 0.0843751 0.0814536 0.00292149 0 0.965375 386.521 366.949 19.5711 0 -29.6284 -31.5406 16 5429.88 204.096 319 0.00025534
5200 0.0895079 0.0869127 0.00259523 0 0.971006 395.524 375.641 19.8831 0 -29.6767 -31.7497 16 5541.88 206.191 326 0.000266603
5300 0.114429 0.109556 0.00487365 0 0.957409 406.922 386.596 20.3262 0 -29.6845 -29.9541 16 5637.88 207.969 332 0.000329987
5400 0.1105 0.1052 0.00530031 0 0.952034 417.963 397.116 20.847 0 -29.697 -30.1584 16 5733.88 209.732 338 0.000311243
5500 0.100675 0.0962038 0.0044713 0 0.955587 428.101 406.737 21.3646 0 -29.7081 -30.1676 16 5829.88 211.48 344 0.000279662
5600 0.0937972 0.0896136 0.00418361 0 0.955397 437.511 415.698 21.8125 0 -29.718 -30.1662 16 5941.88 213.502 351 0.000255309
5700 0.0909156 0.0864808 0.0044348 0 0.951221 446.548 424.346 22.2019 0 -29.7211 -29.8699 16 6037.88 215.22 357 0.000242243
5800 0.0818187 0.0792121 0.00260661 0 0.968142 454.777 432.267 22.51 0 -29.7423 -30.8937 16 6133.88 216.924 363 0.000218215
5900 0.0826743 0.0801217 0.00255255 0 0.969125 463.082 440.279 22.8023 0 -29.7698 -31.2749 16 6229.88 218.615 369 0.000217132
6000 0.0817708 0.0791707 0.00260016 0 0.968202 471.264 448.197 23.0674 0 -29.7954 -31.2478 16 6341.88 220.571 376 0.00021056
6100 0.0845413 0.0818578 0.00268354 0 0.968258 479.741 456.382 23.3589 0 -29.8156 -30.9354 16 6437.88 222.235 382 0.000214287
6200 0.075726 0.0738748 0.00185118 0 0.975554 487.36 463.77 23.5906 0 -29.8412 -31.4532 16 6533.88 223.885 388 0.000190399
6300 0.0732179 0.0714975 0.00172041 0 0.976503 494.728 470.92 23.8085 0 -29.8633 -31.3256 16 6629.88 225.524 394 0.000181466
6400 0.0739952 0.0724697 0.00152558 0 0.979383 502.171 478.167 24.0045 0 -29.8969 -32.1328 16 6741.88 227.421 401 0.000180722
6500 0.0691912 0.0667523 0.00243886 0 0.964752 509.012 484.842 24.1704 0 -29.9278 -32.1964 16 6837.88 229.034 407 0.000164011
6600 0.0834278 0.0805693 0.00285848 0 0.965737 517.335 492.899 24.4365 0 -29.9441 -30.9403 16 6933.88 230.637 413 0.000195083
6700 0.0932999 0.0882288 0.00507116 0 0.945647 526.492 501.722 24.7707 0 -29.9551 -30.5778 16 7029.88 232.228 419 0.00021057
6800 0.121769 0.116248 0.00552104 0 0.95466 538.652 513.346 25.3059 0 -29.9818 -31.1346 16 7141.88 234.07 426 0.000272882
6900 0.0903176 0.0861706 0.00414696 0 0.954085 547.736 521.963 25.773 0 -30.0098 -31.6742 16 7237.88 235.638 432 0.000199469
7000 0.096744 0.0917497 0.00499436 0 0.948376 557.388 531.138 26.2492 0 -30.018 -30.4806 16 7333.88 237.196 438 0.000209474
7100 0.0971039 0.0929916 0.00411228 0 0.957651 567.169 540.438 26.732 0 -30.0408 -31.3434 16 7429.88 238.743 444 0.00020944
7200 0.107843 0.102417 0.00542514 0 0.949694 577.925 550.679 27.2456 0 -30.0363 -29.7988 16 7541.88 240.536 451 0.00022709
7300 0.114042 0.109 0.0050422 0 0.955786 589.406 561.579 27.8265 0 -30.0222 -29.3111 16 7637.88 242.062 457 0.000238511
7400 0.0982862 0.0937201 0.00456613 0 0.953542 599.223 570.951 28.2715 0 -30.0323 -30.6376 16 7733.88 243.578 463 0.000202419
7500 0.100271 0.0961975 0.00407321 0 0.959378 609.294 580.571 28.7231 0 -30.0466 -30.8956 16 7829.88 245.086 469 0.000205112
7600 0.0885944 0.0852581 0.00333626 0 0.962342 618.19 589.097 29.0929 0 -30.064 -31.2614 16 7941.88 246.832 476 0.000179114
7700 0.0870087 0.0836302 0.00337846 0 0.961171 626.919 597.46 29.4588 0 -30.0763 -30.9424 16 8037.88 248.32 482 0.000173507
7800 0.0844481 0.0814452 0.00300286 0 0.964441 635.402 605.604 29.7973 0 -30.0951 -31.4831 16 8133.88 249.798 488 0.000166896
7900 0.0814619 0.0785685 0.00289342 0 0.964481 643.545 613.461 30.0838 0 -30.116 -31.7465 16 8229.88 251.268 494 0.000159046
8000 0.0715539 0.0695529 0.00200105 0 0.972034 650.76 620.416 30.3436 0 -30.1405 -32.3274 16 8341.88 252.972 501 0.000138828
8100 0.0744233 0.0719721 0.00245127 0 0.967063 658.196 627.614 30.5819 0 -30.1595 -31.8268 16 8437.88 254.423 507 0.000141957
8200 0.0798852 0.0758626 0.0040227 0 0.949644 666.044 635.2 30.844 0 -30.1752 -31.4868 16 8533.88 255.866 513 0.00014788
8300 0.0784364 0.0768315 0.0016049 0 0.979539 673.956 642.883 31.0726 0 -30.2075 -32.9287 16 8629.88 257.302 519 0.000148038
8400 0.0811482 0.0787072 0.00244101 0 0.969919 682.088 650.754 31.3339 0 -30.2249 -31.667 16 8741.88 258.966 526 0.000149633
8500 0.0721528 0.0702824 0.00187046 0 0.974076 689.36 657.782 31.5775 0 -30.2455 -32.178 16 8837.88 260.384 532 0.00013211
8600 0.0871082 0.0842403 0.00286794 0 0.967076 698.056 666.206 31.8498 0 -30.2443 -30.1523 16 8933.88 261.794 538 0.00015658
8700 0.0930981 0.0893527 0.00374544 0 0.959769 707.34 675.141 32.1991 0 -30.2508 -30.735 16 9029.88 263.197 544 0.000164251
8800 0.0828165 0.0803145 0.00250197 0 0.969789 715.706 683.173 32.5337 0 -30.2703 -31.9237 16 9141.88 264.824 551 0.000145761
8900 0.0784672 0.0757163 0.0027509 0 0.964942 723.542 690.744 32.7974 0 -30.2883 -31.9318 16 9237.88 266.211 557 0.000135936
9000 0.0871565 0.0835502 0.00360631 0 0.958623 732.19 699.099 33.0906 0 -30.303 -31.532 16 9333.88 267.591 563 0.000148402
9100 0.0916262 0.0873056 0.0043206 0 0.952845 741.238 707.83 33.4084 0 -30.32 -31.6974 16 9429.88 268.963 569 0.000153437
9200 0.083081 0.08058 0.00250099 0 0.969897 749.656 715.888 33.7677 0 -30.341 -32.1875 16 9541.88 270.556 576 0.000139896
9300 0.0770644 0.0738079 0.00325649 0 0.957743 757.373 723.269 34.104 0 -30.3638 -32.5829 16 9637.88 271.914 582 0.000126818
9400 0.0725533 0.0705995 0.00195379 0 0.973071 764.692 730.329 34.3628 0 -30.392 -33.3042 16 9733.88 273.264 588 0.000120067
9500 0.0854837 0.0823998 0.00308396 0 0.963923 773.192 738.569 34.6237 0 -30.416 -32.5722 16 9829.88 274.609 594 0.00013872
9600 0.100228 0.0973828 0.00284537 0 0.971611 783.272 748.307 34.9652 0 -30.4388 -32.1914 16 9941.88 276.169 601 0.000162035
9700 0.101713 0.0984789 0.00323435 0 0.968201 793.496 758.155 35.3416 0 -30.4547 -31.6757 16 10037.9 277.499 607 0.000162239
9800 0.0937273 0.0903887 0.00333855 0 0.96438 802.894 767.194 35.7001 0 -30.4738 -32.0855 16 10133.9 278.823 613 0.000147453
9900 0.100757 0.0966586 0.00409844 0 0.959324 812.983 776.86 36.1235 0 -30.4867 -31.5133 16 10229.9 280.14 619 0.000156153
10000 0.0923638 0.0890141 0.00334971 0 0.963734 822.299 785.761 36.5378 0 -30.5052 -32.1171 16 10341.9 281.67 626 0.000142195
10100 0.0811418 0.0779908 0.00315103 0 0.961166 830.419 793.56 36.8586 0 -30.5235 -32.3795 16 10437.9 282.974 632 0.000123403
10200 0.114962 0.110774 0.00418822 0 0.963569 841.886 804.638 37.2484 0 -30.5535 -32.7278 16 10533.9 284.272 638 0.000173626
10300 0.172604 0.167048 0.00555637 0 0.967809 859.265 821.342 37.9229 0 -30.5996 -32.8283 16 10629.9 285.565 644 0.000259391
10400 0.123235 0.118511 0.0047238 0 0.961668 871.658 833.193 38.4648 0 -30.6314 -32.8417 16 10741.9 287.065 651 0.000182045
10500 0.125834 0.120683 0.00515126 0 0.959063 884.234 845.262 38.972 0 -30.657 -32.4287 16 10837.9 288.345 657 0.000183688
10600 0.126156 0.120843 0.00531355 0 0.957881 896.812 857.346 39.4663 0 -30.6848 -32.6415 16 10933.9 289.619 663 0.000182266
10700 0.119859 0.115258 0.00460026 0 0.961619 908.847 868.872 39.9754 0 -30.7063 -32.3089 16 11029.9 290.888 669 0.000172285
10800 0.111742 0.10828 0.00346233 0 0.969015 920.13 879.7 40.4304 0 -30.728 -32.4728 16 11141.9 292.361 676 0.000160177
10900 0.110438 0.103784 0.00665319 0 0.939756 930.868 890.078 40.7902 0 -30.7322 -31.0959 16 11237.9 293.618 682 0.000152177
11000 0.134061 0.13082 0.00324107 0 0.975824 944.432 903.16 41.2718 0 -30.7326 -30.7581 16 11333.9 294.869 688 0.000190145
11100 0.104566 0.101625 0.00294055 0 0.971878 954.94 913.323 41.6173 0 -30.7493 -32.2529 16 11429.9 296.115 694 0.000146434
11200 0.111551 0.107948 0.00360321 0 0.967699 966.067 924.118 41.9493 0 -30.7604 -31.7093 16 11541.9 297.563 701 0.000153991
11300 0.115234 0.111993 0.00324156 0 0.97187 977.606 935.317 42.289 0 -30.7713 -31.686 16 11637.9 298.798 707 0.000158406
11400 0.110312 0.107593 0.00271903 0 0.975351 988.681 946.076 42.6048 0 -30.7847 -31.9689 16 11733.9 300.027 713 0.000150901
11500 0.111458 0.108533 0.00292444 0 0.973762 999.897 956.929 42.9673 0 -30.7991 -32.0679 16 11829.9 301.252 719 0.00015095
11600 0.101966 0.0986782 0.00328811 0 0.967753 1010.09 966.797 43.289 0 -30.8121 -32.0835 16 11941.9 302.675 726 0.00013592
11700 0.0910371 0.0885074 0.00252971 0 0.972212 1019.21 975.648 43.5599 0 -30.8308 -32.8992 16 12037.9 303.889 732 0.000120912
11800 0.0906672 0.0867834 0.00388381 0 0.957164 1028.14 984.326 43.8185 0 -30.8447 -32.4368 16 12133.9 305.098 738 0.000117593
11900 0.100327 0.0977593 0.00256757 0 0.974408 1038.28 994.102 44.1728 0 -30.864 -32.8192 16 12229.9 306.303 744 0.000131397
12000 0.0938582 0.0915974 0.00226081 0 0.975913 1047.7 1003.26 44.4428 0 -30.8792 -32.5498 16 12341.9 307.702 751 0.000121967
12100 0.0927742 0.0900709 0.00270325 0 0.970862 1057 1012.27 44.7271 0 -30.8962 -32.8218 16 12437.9 308.897 757 0.000118984
12200 0.0869832 0.0852422 0.001741 0 0.979985 1065.72 1020.79 44.9278 0 -30.9207 -33.8873 16 12533.9 310.087 763 0.00011172
12300 0.105617 0.103016 0.0026009 0 0.975374 1076.33 1031.09 45.2329 0 -30.9431 -33.1952 16 12629.9 311.272 769 0.000133961
12400 0.100123 0.0972178 0.00290515 0 0.970984 1086.37 1040.82 45.5488 0 -30.9596 -32.7258 16 12741.9 312.649 776 0.000125281
12500 0.0925476 0.090008 0.00253958 0 0.972559 1095.63 1049.82 45.8111 0 -30.9796 -33.3179 16 12837.9 313.824 782 0.0001151
12600 0.0878618 0.0855877 0.00227409 0 0.974117 1104.4 1058.38 46.021 0 -31.0016 -33.7508 16 12933.9 314.996 788 0.000108614
12700 0.0842584 0.0819124 0.00234598 0 0.972157 1112.79 1066.57 46.2266 0 -31.0245 -34.0404 16 13029.9 316.162 794 0.000103164
12800 0.0915248 0.0889995 0.00252526 0 0.972409 1121.99 1075.47 46.5177 0 -31.0502 -34.1649 16 13141.9 317.518 801 0.000111111
12900 0.0931707 0.0904973 0.00267342 0 0.971306 1131.36 1084.52 46.839 0 -31.0686 -33.2695 16 13237.9 318.676 807 0.00011214
13000 0.0857134 0.0828742 0.00283917 0 0.966876 1139.92 1092.8 47.1143 0 -31.0864 -33.4331 16 13333.9 319.829 813 0.000101936
13100 0.101862 0.0967026 0.00515944 0 0.949349 1149.92 1102.47 47.4476 0 -31.0953 -32.1101 16 13429.9 320.979 819 0.000118074
13200 0.116103 0.111532 0.00457033 0 0.960635 1161.55 1113.63 47.9199 0 -31.0944 -31.0114 16 13541.9 322.314 826 0.000135027
13300 0.0981637 0.0945782 0.00358545 0 0.963475 1171.41 1123.09 48.3231 0 -31.1008 -31.847 16 13637.9 323.455 832 0.000113676
13400 0.101301 0.0977567 0.00354445 0 0.965011 1181.57 1132.86 48.707 0 -31.1034 -31.4101 16 13733.9 324.591 838 0.000116655
13500 0.0908828 0.0879224 0.00296044 0 0.967426 1190.7 1141.65 49.0417 0 -31.1125 -32.288 16 13829.9 325.724 844 0.000104173
13600 0.0907661 0.0864757 0.00429038 0 0.952731 1199.75 1150.3 49.448 0 -31.1231 -32.5206 16 13941.9 327.04 851 0.000101617
13700 0.091849 0.0861213 0.0057276 0 0.937641 1208.76 1158.91 49.8484 0 -31.1329 -32.4393 16 14037.9 328.164 857 0.000100492
13800 0.0966294 0.0925393 0.00409009 0 0.957672 1218.47 1168.17 50.3005 0 -31.1483 -33.0654 16 14133.9 329.284 863 0.00010723
13900 0.0908169 0.0881639 0.00265299 0 0.970787 1227.63 1176.98 50.6504 0 -31.1673 -33.6911 16 14229.9 330.401 869 0.000101454
14000 0.0988678 0.0962984 0.00256939 0 0.974012 1237.56 1186.61 50.9462 0 -31.173 -31.8812 16 14341.9 331.698 876 0.00010993
14100 0.100835 0.0976299 0.00320529 0 0.968213 1247.68 1196.38 51.304 0 -31.1818 -32.2576 16 14437.9 332.807 882 0.000110691
14200 0.110388 0.106929 0.00345934 0 0.968662 1258.74 1207.07 51.6717 0 -31.1886 -31.9564 16 14533.9 333.911 888 0.000120415
14300 0.115746 0.111891 0.0038556 0 0.966689 1270.4 1218.26 52.1366 0 -31.1922 -31.5794 16 14629.9 335.012 894 0.000125157
14400 0.101139 0.0974422 0.00369717 0 0.963445 1280.56 1228 52.555 0 -31.1996 -32.116 16 14741.9 336.292 901 0.000108149
14500 0.0949079 0.0912268 0.00368103 0 0.961215 1290.06 1237.13 52.9364 0 -31.2107 -32.7178 16 14837.9 337.385 907 0.000100581
14600 0.0968005 0.0933736 0.00342686 0 0.964599 1299.77 1246.46 53.3032 0 -31.2224 -32.7748 16 14933.9 338.475 913 0.000102271
14700 0.106587 0.101292 0.00529456 0 0.950326 1310.3 1256.59 53.7123 0 -31.231 -32.287 16 15029.9 339.561 919 0.00011022
14800 0.119517 0.115028 0.00448876 0 0.962443 1322.28 1268.09 54.1869 0 -31.2404 -32.2702 16 15141.9 340.824 926 0.000124221
14900 0.12941 0.124847 0.00456235 0 0.964745 1335.27 1280.58 54.6896 0 -31.2529 -32.5252 16 15237.9 341.903 932 0.000133957
15000 0.105906 0.102385 0.00352052 0 0.966758 1345.91 1290.82 55.0945 0 -31.2679 -33.1525 16 15333.9 342.978 938 0.000109153
15100 0.104337 0.101175 0.00316249 0 0.96969 1356.41 1300.94 55.4763 0 -31.2789 -32.6891 16 15429.9 344.05 944 0.000107177
15200 0.127092 0.122279 0.00481312 0 0.962129 1369.12 1313.16 55.9564 0 -31.281 -31.5038 16 15541.9 345.296 951 0.000128579
15300 0.109578 0.105497 0.00408146 0 0.962753 1380.09 1323.71 56.3797 0 -31.2893 -32.3261 16 15637.9 346.361 957 0.000110237
15400 0.118973 0.113681 0.00529209 0 0.955519 1391.94 1335.08 56.8542 0 -31.298 -32.3101 16 15733.9 347.423 963 0.000118049
15500 0.102756 0.0988333 0.00392272 0 0.961825 1402.27 1344.96 57.3092 0 -31.3068 -32.4867 16 15829.9 348.481 969 0.000101995
15600 0.106797 0.102349 0.00444815 0 0.958349 1412.94 1355.2 57.743 0 -31.3122 -32.0208 16 15941.9 349.711 976 0.000104865
15700 0.120024 0.115389 0.00463537 0 0.96138 1424.96 1366.74 58.2204 0 -31.3207 -32.3283 16 16037.9 350.763 982 0.000117504
15800 0.107961 0.103803 0.00415874 0 0.961479 1435.78 1377.12 58.6654 0 -31.3316 -32.7666 16 16133.9 351.811 988 0.000105063
15900 0.0985298 0.0947796 0.00375018 0 0.961939 1445.64 1386.6 59.0473 0 -31.3432 -33.0226 16 16229.9 352.856 994 9.53517e-05
16000 0.0948796 0.0919968 0.00288273 0 0.969617 1455.19 1395.8 59.3969 0 -31.3567 -33.4012 16 16341.9 354.072 1001 9.19049e-05
16100 0.0951088 0.0914083 0.00370049 0 0.961092 1464.67 1404.94 59.7293 0 -31.3656 -32.7396 16 16437.9 355.11 1007 9.07729e-05
16200 0.0871719 0.0849562 0.00221563 0 0.974583 1473.45 1413.43 60.0172 0 -31.3772 -33.3181 16 16533.9 356.146 1013 8.3866e-05
16300 0.0933549 0.0902327 0.00312218 0 0.966556 1482.74 1422.46 60.2867 0 -31.3819 -32.1261 16 16629.9 357.178 1019 8.85503e-05
16400 0.0921533 0.0899005 0.00225281 0 0.975554 1492.01 1431.45 60.5682 0 -31.388 -32.3647 16 16741.9 358.379 1026 8.76223e-05
16500 0.0865348 0.0841478 0.00238698 0 0.972416 1500.67 1439.86 60.8072 0 -31.3956 -32.6917 16 16837.9 359.405 1032 8.15386e-05
16600 0.0907103 0.0877591 0.00295118 0 0.967466 1509.68 1448.64 61.0457 0 -31.4014 -32.3715 16 16933.9 360.428 1038 8.45464e-05
16700 0.0876262 0.0859481 0.00167808 0 0.98085 1518.52 1457.23 61.2866 0 -31.4104 -32.95 16 17029.9 361.448 1044 8.23258e-05
16800 0.07843 0.0769118 0.00151823 0 0.980642 1526.38 1464.92 61.4571 0 -31.4215 -33.5602 16 17141.9 362.635 1051 7.31796e-05
16900 0.0994329 0.097486 0.00194692 0 0.98042 1536.4 1474.67 61.7327 0 -31.4268 -32.2426 16 17237.9 363.649 1057 9.22289e-05
17000 0.0896847 0.0861003 0.00358437 0 0.960034 1545.29 1483.28 62.0078 0 -31.4344 -32.7463 16 17333.9 364.66 1063 8.09975e-05
17100 0.0932748 0.0882351 0.00503963 0 0.94597 1554.48 1492.1 62.3764 0 -31.4409 -32.5295 16 17429.9 365.668 1069 8.25399e-05
17200 0.0944095 0.0908927 0.0035168 0 0.96275 1564.02 1501.19 62.8298 0 -31.4473 -32.4919 16 17541.9 366.841 1076 8.44728e-05
17300 0.0962313 0.0918485 0.00438281 0 0.954456 1573.69 1510.38 63.3099 0 -31.4509 -32.0378 16 17637.9 367.844 1082 8.48877e-05
17400 0.0956202 0.0906947 0.00492545 0 0.948489 1583.21 1519.45 63.7579 0 -31.454 -31.9652 16 17733.9 368.843 1088 8.33591e-05
17500 0.113638 0.108953 0.00468525 0 0.95877 1594.59 1530.34 64.2467 0 -31.4509 -31.0203 16 17829.9 369.84 1094 9.95911e-05
17600 0.0934248 0.0905987 0.00282609 0 0.96975 1604.03 1539.4 64.6218 0 -31.4573 -32.5328 16 17941.9 371 1101 8.22876e-05
17700 0.0927529 0.0890595 0.00369342 0 0.96018 1613.24 1548.31 64.9268 0 -31.4637 -32.5711 16 18037.9 371.991 1107 8.04512e-05
17800 0.0896702 0.0877267 0.0019435 0 0.978326 1622.32 1557.08 65.2352 0 -31.4751 -33.51 16 18133.9 372.98 1113 7.882e-05
17900 0.090985 0.0869559 0.00402915 0 0.955716 1631.25 1565.78 65.4718 0 -31.4804 -32.4415 16 18229.9 373.966 1119 7.77085e-05
18000 0.089467 0.0873214 0.00214562 0 0.976018 1640.27 1574.51 65.7624 0 -31.4899 -33.1992 16 18341.9 375.113 1126 7.755e-05
18100 0.0794261 0.0775987 0.00182746 0 0.976992 1648.23 1582.27 65.9552 0 -31.5011 -33.8204 16 18437.9 376.093 1132 6.85501e-05
18200 0.0771353 0.0753427 0.00179257 0 0.976761 1655.91 1589.8 66.1075 0 -31.5125 -33.9523 16 18533.9 377.071 1138 6.62063e-05
18300 0.0856182 0.0835623 0.00205594 0 0.975987 1664.5 1598.16 66.3415 0 -31.5174 -32.4663 16 18629.9 378.046 1144 7.3044e-05
18400 0.08227 0.0797405 0.00252947 0 0.969254 1672.68 1606.13 66.5504 0 -31.5263 -33.3388 16 18741.9 379.181 1151 6.92793e-05
18500 0.0915894 0.0884715 0.00311782 0 0.965959 1681.83 1614.98 66.8483 0 -31.5309 -32.3736 16 18837.9 380.151 1157 7.64663e-05
18600 0.0843675 0.0820472 0.00232037 0 0.972497 1690.35 1623.19 67.1683 0 -31.5391 -33.1593 16 18933.9 381.118 1163 7.05479e-05
18700 0.0736493 0.0716752 0.00197415 0 0.973195 1697.73 1630.35 67.3753 0 -31.5484 -33.6791 16 19029.9 382.083 1169 6.13132e-05
18800 0.0798785 0.0783373 0.0015412 0 0.980706 1705.78 1638.19 67.5876 0 -31.5586 -33.6991 16 19141.9 383.206 1176 6.66133e-05
18900 0.0874987 0.083999 0.0034997 0 0.960003 1714.38 1646.59 67.7954 0 -31.5651 -32.8533 16 19237.9 384.166 1182 7.10651e-05
19000 0.11242 0.108642 0.00377768 0 0.966397 1725.62 1657.45 68.164 0 -31.5657 -31.6643 16 19333.9 385.123 1188 9.14496e-05
19100 0.118869 0.115047 0.00382131 0 0.967853 1737.56 1668.96 68.6019 0 -31.5679 -31.8829 16 19429.9 386.078 1194 9.63545e-05
19200 0.111954 0.107605 0.00434918 0 0.961152 1748.78 1679.72 69.0605 0 -31.5611 -30.516 16 19541.9 387.189 1201 8.95964e-05
19300 0.113923 0.109301 0.00462183 0 0.95943 1760.19 1690.65 69.5475 0 -31.5532 -30.3307 16 19637.9 388.139 1207 9.05559e-05
19400 0.115962 0.110216 0.00574676 0 0.950443 1771.73 1701.67 70.0574 0 -31.5506 -31.159 16 19733.9 389.087 1213 9.08621e-05
19500 0.127359 0.122013 0.00534619 0 0.958023 1784.52 1713.87 70.6516 0 -31.5498 -31.4398 16 19829.9 390.032 1219 0.000100093
19600 0.166211 0.15829 0.00792092 0 0.952344 1801.14 1729.7 71.4395 0 -31.5476 -31.3101 16 19941.9 391.132 1226 0.000129111
19700 0.146834 0.139524 0.00731022 0 0.950214 1815.88 1743.65 72.2321 0 -31.5361 -30.1298 16 20037.9 392.072 1232 0.00011325
19800 0.128757 0.122815 0.00594177 0 0.953853 1828.79 1755.93 72.8573 0 -31.5301 -30.6821 16 20133.9 393.01 1238 9.92047e-05
19900 0.147418 0.138983 0.00843458 0 0.942784 1843.43 1769.83 73.6003 0 -31.5241 -30.7822 16 20229.9 393.946 1244 0.000111723
20000 0.138603 0.131642 0.00696096 0 0.949778 1857.4 1783 74.4004 0 -31.5196 -30.9175 16 20341.9 395.035 1251 0.000105229
