100 0.265929 0.238182 0.0277473 0 0.895659 25.3493 23.8182 1.53108 0 -26.7157 -26.7157 1 426.882 57.2261 101 0.00235824
200 0.530506 0.495443 0.0350633 0 0.933906 78.4033 73.3625 5.0408 0 -26.9447 -27.0542 1 526.882 63.5765 201 0.00246489
300 0.530142 0.488068 0.042074 0 0.920636 131.026 122.169 8.85635 0 -27.1709 -27.5078 1 626.882 69.3478 301 0.00162149
400 0.62515 0.581124 0.0440266 0 0.929574 193.487 180.282 13.2054 0 -27.4159 -27.93 1 726.882 74.6744 401 0.00144919
500 0.68316 0.634362 0.0487989 0 0.928569 261.552 243.718 17.8339 0 -27.5091 -27.7739 1 826.882 79.6456 501 0.00126619
600 0.817236 0.762748 0.0544885 0 0.933326 343.122 319.993 23.1299 0 -27.538 -27.6306 1 926.882 84.3242 601 0.00126913
700 0.864442 0.809063 0.055379 0 0.935937 429.671 400.899 28.7723 0 -27.6878 -28.2817 1 1026.88 88.7565 701 0.00115415
800 0.88446 0.82751 0.05695 0 0.93561 517.958 483.65 34.3079 0 -27.7859 -28.2634 1 1126.88 92.9778 801 0.0010331
900 0.821382 0.773267 0.0481144 0 0.941423 600.491 560.977 39.5146 0 -27.8804 -28.4735 1 1226.88 97.0156 901 0.000858232
1000 0.933499 0.878466 0.0550332 0 0.941046 693.819 648.823 44.9958 0 -27.9758 -28.5894 1 1326.88 100.892 1001 0.000877588
1100 0.896263 0.842581 0.0536824 0 0.940104 783.663 733.081 50.5817 0 -28.076 -28.85 1 1426.88 104.625 1101 0.000765287
1200 0.923319 0.86942 0.053899 0 0.941625 875.921 820.023 55.8975 0 -28.1526 -28.8038 1 1526.88 108.229 1201 0.000723914
1300 0.966521 0.912019 0.0545019 0 0.94361 972.452 911.225 61.2273 0 -28.2035 -28.6646 1 1626.88 111.717 1301 0.000701014
1400 0.963512 0.912505 0.051007 0 0.947061 1068.97 1002.48 66.4906 0 -28.2884 -29.1442 1 1726.88 115.099 1401 0.000651324
1500 1.01829 0.965801 0.0524914 0 0.948452 1170.73 1099.06 71.6699 0 -28.3934 -29.4958 1 1826.88 118.385 1501 0.000643438
1600 0.976689 0.92022 0.0564692 0 0.942183 1268.13 1191.08 77.0474 0 -28.4672 -29.3547 1 1926.88 121.582 1601 0.000574778
1700 0.970482 0.9158 0.054682 0 0.943655 1364.98 1282.66 82.3251 0 -28.5493 -29.6236 1 2026.88 124.696 1701 0.000538389
1800 0.983375 0.932033 0.0513417 0 0.94779 1463.37 1375.86 87.5069 0 -28.6244 -29.667 1 2126.88 127.736 1801 0.000517509
1900 1.02631 0.974241 0.0520678 0 0.949267 1566.12 1473.29 92.839 0 -28.6951 -29.7025 1 2226.88 130.704 1901 0.000512489
2000 1.14942 1.09358 0.0558383 0 0.951421 1681.19 1582.64 98.5512 0 -28.7014 -28.7871 1 2326.88 133.606 2001 0.000546518
2100 1.07628 1.02034 0.055936 0 0.948028 1788.54 1684.68 103.865 0 -28.7287 -29.1554 1 2426.88 136.447 2101 0.000485647
2200 1.10584 1.04579 0.060051 0 0.945697 1898.74 1789.26 109.478 0 -28.7524 -29.1381 1 2526.88 139.23 2201 0.000475143
2300 1.15323 1.09227 0.0609608 0 0.947139 2013.99 1898.48 115.509 0 -28.7917 -29.4382 1 2626.88 141.958 2301 0.000474693
2400 1.15632 1.09354 0.062778 0 0.945709 2129.25 2007.84 121.408 0 -28.835 -29.5927 1 2726.88 144.635 2401 0.000455451
2500 1.1895 1.13159 0.0579098 0 0.951316 2248.71 2121 127.708 0 -28.8817 -29.7134 1 2826.88 147.263 2501 0.000452455
2600 1.13336 1.07742 0.0559451 0 0.950638 2362.1 2228.74 133.361 0 -28.9407 -30.1115 1 2926.88 149.845 2601 0.000414233
2700 1.07989 1.02858 0.0513149 0 0.952481 2470.32 2331.6 138.726 0 -28.9968 -30.2195 1 3026.88 152.383 2701 0.000380814
2800 1.12836 1.07021 0.0581569 0 0.948459 2582.8 2438.62 144.183 0 -29.036 -29.8983 1 3126.88 154.88 2801 0.00038208
2900 1.18209 1.12184 0.0602496 0 0.949031 2700.69 2550.8 149.886 0 -29.0565 -29.5043 1 3226.88 157.337 2901 0.000386709
3000 1.2326 1.17213 0.0604611 0 0.950948 2824.08 2668.01 156.062 0 -29.0916 -29.8609 1 3326.88 159.757 3001 0.000390581
3100 1.24412 1.18233 0.0617949 0 0.95033 2948.37 2786.25 162.126 0 -29.1275 -29.9438 1 3426.88 162.14 3101 0.000381272
3200 1.25546 1.19352 0.0619457 0 0.950659 3074.04 2905.6 168.44 0 -29.148 -29.6274 1 3526.88 164.488 3201 0.000372858
3300 1.30655 1.24572 0.060831 0 0.953441 3204.99 3030.17 174.819 0 -29.1822 -29.9857 1 3626.88 166.804 3301 0.000377376
3400 1.34449 1.27836 0.0661243 0 0.950818 3339.41 3158.01 181.398 0 -29.2031 -29.7008 1 3726.88 169.088 3401 0.000375879
3500 1.34015 1.28043 0.0597176 0 0.95544 3473.89 3286.05 187.835 0 -29.2279 -29.8451 1 3826.88 171.342 3501 0.000365733
3600 1.27588 1.22027 0.0556113 0 0.956413 3601.69 3408.08 193.617 0 -29.2585 -30.0907 1 3926.88 173.566 3601 0.00033887
3700 1.34321 1.28182 0.0613858 0 0.954299 3735.98 3536.26 199.717 0 -29.2774 -29.7819 1 4026.88 175.762 3701 0.000346344
3800 1.36828 1.30546 0.0628134 0 0.954093 3872.94 3666.81 206.135 0 -29.2971 -29.8361 1 4126.88 177.931 3801 0.000343453
3900 1.38745 1.32357 0.0638748 0 0.953962 4011.51 3799.16 212.346 0 -29.3229 -30.0449 1 4226.88 180.074 3901 0.000339291
4000 1.35078 1.28872 0.0620573 0 0.954058 4146.69 3928.03 218.651 0 -29.3496 -30.1397 1 4326.88 182.191 4001 0.000322099
4100 1.31281 1.25214 0.0606715 0 0.953785 4277.91 4053.25 224.661 0 -29.3747 -30.1672 1 4426.88 184.285 4101 0.000305326
4200 1.39667 1.33008 0.0665854 0 0.952326 4417.41 4186.26 231.157 0 -29.3958 -30.0445 1 4526.88 186.354 4201 0.000316612
4300 1.39311 1.33284 0.0602677 0 0.956739 4557.15 4319.54 237.61 0 -29.4241 -30.3191 1 4626.88 188.401 4301 0.00030989
4400 1.35362 1.29563 0.0579894 0 0.95716 4692.73 4449.1 243.621 0 -29.4496 -30.3064 1 4726.88 190.427 4401 0.000294395
4500 1.34035 1.28349 0.0568566 0 0.957581 4826.73 4577.45 249.276 0 -29.4838 -30.6796 1 4826.88 192.43 4501 0.000285157
4600 1.47894 1.4115 0.0674385 0 0.954401 4974.25 4718.6 255.646 0 -29.4966 -29.9163 1 4926.88 194.413 4601 0.000306781
4700 1.43535 1.37196 0.0633968 0 0.955832 5118.1 4855.8 262.298 0 -29.5106 -29.9957 1 5026.88 196.376 4701 0.000291844
4800 1.45709 1.39535 0.0617441 0 0.957625 5263.97 4995.33 268.636 0 -29.532 -30.2812 1 5126.88 198.32 4801 0.000290637
4900 1.44179 1.38034 0.0614502 0 0.957379 5408.29 5133.37 274.925 0 -29.5536 -30.3443 1 5226.88 200.245 4901 0.000281645
5000 1.48568 1.41732 0.0683654 0 0.953984 5556.65 5275.1 281.546 0 -29.5656 -30.0018 1 5326.88 202.151 5001 0.000283407
5100 1.54351 1.47374 0.0697639 0 0.954802 5711.04 5422.47 288.563 0 -29.5827 -30.1993 1 5426.88 204.04 5101 0.000288913
5200 1.44508 1.38369 0.0613903 0 0.957518 5856.07 5560.84 295.222 0 -29.5996 -30.2642 1 5526.88 205.911 5201 0.000266043
5300 1.45063 1.38445 0.0661763 0 0.954381 6001.02 5699.29 301.728 0 -29.6173 -30.3307 1 5626.88 207.766 5301 0.000261168
5400 1.47989 1.41498 0.064907 0 0.956141 6149.23 5840.79 308.44 0 -29.6337 -30.3005 1 5726.88 209.604 5401 0.000261984
5500 1.49495 1.42607 0.0688787 0 0.953926 6298.25 5983.39 314.861 0 -29.6468 -30.1859 1 5826.88 211.426 5501 0.000259238
5600 1.49488 1.42606 0.0688163 0 0.953965 6447.45 6126 321.454 0 -29.6633 -30.3589 1 5926.88 213.232 5601 0.000254608
5700 1.49817 1.43861 0.0595639 0 0.960242 6597.69 6269.86 327.832 0 -29.6842 -30.5824 1 6026.88 215.024 5701 0.000252344
5800 1.49385 1.43429 0.0595567 0 0.960132 6747.18 6413.29 333.895 0 -29.7061 -30.6723 1 6126.88 216.8 5801 0.000247249
5900 1.47474 1.41729 0.0574468 0 0.961046 6894.77 6555.02 339.756 0 -29.7322 -30.9247 1 6226.88 218.562 5901 0.000240178
6000 1.47131 1.41287 0.0584494 0 0.960274 7041.91 6696.3 345.605 0 -29.7556 -30.8507 1 6326.88 220.31 6001 0.000235438
6100 1.45757 1.39803 0.0595407 0 0.959151 7187.64 6836.11 351.535 0 -29.7786 -30.8913 1 6426.88 222.045 6101 0.000229147
6200 1.6173 1.54822 0.0690849 0 0.957284 7348.88 6990.93 357.95 0 -29.7963 -30.5857 1 6526.88 223.765 6201 0.000249673
6300 1.62341 1.55869 0.0647173 0 0.960135 7511.4 7146.8 364.599 0 -29.8163 -30.7225 1 6626.88 225.473 6301 0.000247372
6400 1.49771 1.43939 0.0583248 0 0.961057 7661.42 7290.74 370.681 0 -29.8376 -30.9021 1 6726.88 227.168 6401 0.000224869
6500 1.50566 1.44713 0.0585278 0 0.961128 7812.03 7435.45 376.58 0 -29.8569 -30.8369 1 6826.88 228.85 6501 0.000222601
6600 1.50977 1.45211 0.0576634 0 0.961807 7963.43 7580.66 382.77 0 -29.8757 -30.8476 1 6926.88 230.52 6601 0.000219983
6700 1.44077 1.38457 0.0561988 0 0.960994 8107.52 7719.12 388.407 0 -29.898 -31.1285 1 7026.88 232.178 6701 0.000206621
6800 1.50868 1.45153 0.0571456 0 0.962122 8258.31 7864.27 394.041 0 -29.9169 -30.9366 1 7126.88 233.824 6801 0.000213429
6900 1.54021 1.48367 0.0565417 0 0.96329 8412.79 8012.64 400.149 0 -29.9341 -30.8537 1 7226.88 235.459 6901 0.000214993
7000 1.45139 1.39733 0.0540625 0 0.962751 8558.09 8152.37 405.718 0 -29.9545 -31.136 1 7326.88 237.083 7001 0.00019959
7100 1.42087 1.36885 0.052016 0 0.963391 8700.32 8289.26 411.061 0 -29.9728 -31.0691 1 7426.88 238.695 7101 0.000192769
7200 1.44971 1.39655 0.0531608 0 0.96333 8845.29 8428.91 416.379 0 -29.9898 -31.0146 1 7526.88 240.297 7201 0.000193938
7300 1.47845 1.42157 0.056874 0 0.961531 8992.89 8571.07 421.825 0 -30.0056 -30.9521 1 7626.88 241.888 7301 0.000194709
7400 1.43128 1.37856 0.0527158 0 0.963169 9136.15 8708.92 427.225 0 -30.0231 -31.1212 1 7726.88 243.468 7401 0.000186267
7500 1.4396 1.37935 0.0602472 0 0.95815 9279.64 8846.86 432.778 0 -30.0398 -31.0993 1 7826.88 245.039 7501 0.000183889
7600 1.48286 1.426 0.056863 0 0.961653 9428.16 8989.46 438.705 0 -30.0556 -31.047 1 7926.88 246.599 7601 0.000187607
7700 1.48294 1.42859 0.0543508 0 0.963349 9576.84 9132.32 444.525 0 -30.0677 -30.8332 1 8026.88 248.15 7701 0.000185507
7800 1.47785 1.42041 0.057433 0 0.961137 9724.54 9274.36 450.178 0 -30.0838 -31.1288 1 8126.88 249.691 7801 0.000182081
7900 1.49627 1.43561 0.0606599 0 0.959459 9874.03 9417.92 456.111 0 -30.1006 -31.1932 1 8226.88 251.222 7901 0.000181699
8000 1.49909 1.43985 0.0592364 0 0.960485 10024 9561.91 462.106 0 -30.118 -31.2622 1 8326.88 252.744 8001 0.000179959
8100 1.50976 1.44875 0.0610185 0 0.959584 10174.9 9706.78 468.116 0 -30.1323 -31.0843 1 8426.88 254.257 8101 0.000178835
8200 1.47477 1.4184 0.0563676 0 0.961779 10322.5 9848.62 473.922 0 -30.1487 -31.2791 1 8526.88 255.762 8201 0.000172955
8300 1.45246 1.39732 0.0551468 0 0.962032 10467.9 9988.35 479.595 0 -30.1681 -31.5439 1 8626.88 257.257 8301 0.000168331
8400 1.46729 1.40848 0.0588117 0 0.959918 10614.5 10129.2 485.351 0 -30.1846 -31.3648 1 8726.88 258.744 8401 0.000167656
8500 1.4849 1.42514 0.0597572 0 0.959757 10763.1 10271.7 491.397 0 -30.2002 -31.3103 1 8826.88 260.222 8501 0.000167644
8600 1.48593 1.43078 0.0551463 0 0.962888 10912.2 10414.8 497.382 0 -30.2148 -31.2698 1 8926.88 261.692 8601 0.000166351
8700 1.54956 1.4926 0.0569628 0 0.963239 11067.1 10564.1 503.072 0 -30.2285 -31.1949 1 9026.88 263.153 8701 0.000171543
8800 1.48353 1.42669 0.0568451 0 0.961683 11215.3 10706.7 508.599 0 -30.2422 -31.2663 1 9126.88 264.607 8801 0.000162105
8900 1.45903 1.40829 0.0507402 0 0.965223 11361.7 10847.6 514.137 0 -30.2573 -31.4166 1 9226.88 266.053 8901 0.000158218
9000 1.4361 1.38099 0.0551089 0 0.961626 11505 10985.6 519.319 0 -30.2716 -31.3982 1 9326.88 267.49 9001 0.000153426
9100 1.48971 1.43494 0.0547649 0 0.963238 11653.8 11129.1 524.695 0 -30.285 -31.3255 1 9426.88 268.921 9101 0.000157669
9200 1.48192 1.42904 0.0528873 0 0.964312 11802.1 11272 530.101 0 -30.2983 -31.3396 1 9526.88 270.343 9201 0.000155313
9300 1.46141 1.4071 0.0543087 0 0.962838 11948.2 11412.8 535.413 0 -30.3117 -31.3988 1 9626.88 271.758 9301 0.000151285
9400 1.4912 1.43493 0.0562679 0 0.962267 12097.2 11556.3 540.934 0 -30.3244 -31.3396 1 9726.88 273.166 9401 0.000152636
9500 1.50815 1.44796 0.0601898 0 0.96009 12247.7 11701 546.669 0 -30.336 -31.27 1 9826.88 274.567 9501 0.000152401
9600 1.59604 1.53837 0.0576698 0 0.963867 12407.7 11854.9 552.832 0 -30.3436 -30.9234 1 9926.88 275.96 9601 0.00016023
9700 1.54001 1.48367 0.0563449 0 0.963413 12562 12003.3 558.741 0 -30.3529 -31.0996 1 10026.9 277.347 9701 0.000152939
9800 1.58867 1.5244 0.0642677 0 0.959546 12720.5 12155.7 564.845 0 -30.3611 -31.0116 1 10126.9 278.726 9801 0.000155535
9900 1.56416 1.50345 0.0607056 0 0.96119 12877.1 12306 571.086 0 -30.3728 -31.323 1 10226.9 280.099 9901 0.000151848
10000 1.52456 1.46555 0.0590104 0 0.961294 13029.5 12452.6 576.865 0 -30.3838 -31.3146 1 10326.9 281.465 10001 0.000146541
10100 1.50402 1.44784 0.0561765 0 0.962649 13180 12597.4 582.635 0 -30.3954 -31.4001 1 10426.9 282.825 10101 0.000143336
10200 1.52741 1.46901 0.0583985 0 0.961766 13332.8 12744.3 588.517 0 -30.4074 -31.4449 1 10526.9 284.178 10201 0.000144007
10300 1.59464 1.5314 0.0632461 0 0.960338 13492.2 12897.4 594.818 0 -30.4157 -31.1115 1 10626.9 285.524 10301 0.000148665
10400 1.54911 1.48494 0.0641688 0 0.958577 13646.9 13045.9 600.986 0 -30.4238 -31.1312 1 10726.9 286.865 10401 0.000142769
10500 1.62073 1.55375 0.0669763 0 0.958675 13808.6 13201.3 607.285 0 -30.4308 -31.0156 1 10826.9 288.199 10501 0.000147962
10600 1.56838 1.5064 0.0619866 0 0.960477 13965.6 13351.9 613.634 0 -30.4389 -31.1574 1 10926.9 289.526 10601 0.000142099
10700 1.63683 1.57013 0.0666961 0 0.959253 14129.3 13508.9 620.405 0 -30.4469 -31.1228 1 11026.9 290.848 10701 0.000146727
10800 1.59895 1.53457 0.0643805 0 0.959736 14289.4 13662.4 627.01 0 -30.458 -31.4376 1 11126.9 292.164 10801 0.000142076
10900 1.60434 1.54205 0.0622916 0 0.961173 14450.1 13816.6 633.519 0 -30.4695 -31.4967 1 11226.9 293.474 10901 0.000141459
11000 1.64785 1.58636 0.0614856 0 0.962687 14615.2 13975.2 639.98 0 -30.4772 -31.1508 1 11326.9 294.778 11001 0.000144202
11100 1.64951 1.58545 0.0640564 0 0.961166 14780.1 14133.8 646.349 0 -30.4858 -31.2484 1 11426.9 296.076 11101 0.000142821
11200 1.68618 1.61686 0.0693198 0 0.958889 14948.2 14295.5 652.742 0 -30.492 -31.0374 1 11526.9 297.369 11201 0.00014435
11300 1.66142 1.59899 0.062431 0 0.962423 15114.4 14455.4 658.994 0 -30.4995 -31.1691 1 11626.9 298.656 11301 0.000141491
11400 1.65869 1.59302 0.0656762 0 0.960405 15279.7 14614.7 665.041 0 -30.5056 -31.0679 1 11726.9 299.938 11401 0.000139726
11500 1.75319 1.68127 0.071927 0 0.958974 15454.6 14782.8 671.791 0 -30.5121 -31.0765 1 11826.9 301.214 11501 0.000146184
11600 1.76117 1.69022 0.0709457 0 0.959717 15630.9 14951.8 679.036 0 -30.5203 -31.2375 1 11926.9 302.485 11601 0.000145696
11700 1.70049 1.63621 0.0642723 0 0.962204 15801.4 15115.4 685.923 0 -30.5294 -31.3638 1 12026.9 303.75 11701 0.000139835
11800 1.72886 1.65618 0.0726741 0 0.957964 15973.7 15281.1 692.687 0 -30.5369 -31.2249 1 12126.9 305.01 11801 0.000140343
11900 1.72602 1.65717 0.0688518 0 0.96011 16146.1 15446.8 699.303 0 -30.5452 -31.3215 1 12226.9 306.265 11901 0.000139246
12000 1.76322 1.69545 0.0677656 0 0.961567 16322.1 15616.3 705.781 0 -30.5538 -31.341 1 12326.9 307.515 12001 0.000141276
12100 1.73119 1.6673 0.0638912 0 0.963094 16495.4 15783 712.328 0 -30.5624 -31.3676 1 12426.9 308.76 12101 0.000137782
12200 1.70733 1.6452 0.0621343 0 0.963607 16666.4 15947.6 718.836 0 -30.5713 -31.4318 1 12526.9 310 12201 0.000134841
12300 1.67556 1.60843 0.0671276 0 0.959937 16833.8 16108.4 725.388 0 -30.5802 -31.4647 1 12626.9 311.235 12301 0.000130756
12400 1.6557 1.5898 0.0658948 0 0.960201 16999.2 16267.4 731.829 0 -30.589 -31.4896 1 12726.9 312.465 12401 0.0001282
12500 1.71876 1.64552 0.0732384 0 0.957389 17170.6 16431.9 738.639 0 -30.5947 -31.1535 1 12826.9 313.69 12501 0.000131631
12600 1.70941 1.63783 0.0715804 0 0.958126 17341.3 16595.7 745.528 0 -30.6018 -31.3168 1 12926.9 314.91 12601 0.000129976
12700 1.64992 1.5866 0.0633217 0 0.961621 17506.7 16754.4 752.335 0 -30.6101 -31.4874 1 13026.9 316.126 12701 0.000124919
12800 1.65888 1.59981 0.059067 0 0.964393 17673.1 16914.4 758.745 0 -30.618 -31.4412 1 13126.9 317.337 12801 0.000124976
12900 1.63635 1.57232 0.0640376 0 0.960866 17836.5 17071.6 764.943 0 -30.6259 -31.4834 1 13226.9 318.544 12901 0.000121876
13000 1.70341 1.63349 0.0699176 0 0.958954 18006.2 17234.9 771.293 0 -30.6325 -31.3258 1 13326.9 319.745 13001 0.000125644
13100 1.70507 1.64389 0.0611863 0 0.964115 18176.9 17399.3 777.559 0 -30.641 -31.5349 1 13426.9 320.943 13101 0.000125478
13200 1.66875 1.61017 0.0585793 0 0.964896 18344 17560.4 783.679 0 -30.6509 -31.7289 1 13526.9 322.136 13201 0.000121973
13300 1.61456 1.55824 0.056319 0 0.965118 18505.5 17716.2 789.358 0 -30.6606 -31.7673 1 13626.9 323.324 13301 0.000117152
13400 1.69686 1.63111 0.065747 0 0.961254 18674.7 17879.3 795.458 0 -30.6678 -31.4546 1 13726.9 324.508 13401 0.000121716
13500 1.7245 1.65943 0.0650684 0 0.962268 18847.1 18045.2 801.895 0 -30.6772 -31.6931 1 13826.9 325.688 13501 0.000122912
13600 1.66456 1.60313 0.0614325 0 0.963094 19013.8 18205.5 808.256 0 -30.6871 -31.8038 1 13926.9 326.864 13601 0.000117868
13700 1.61707 1.56201 0.0550602 0 0.965951 19175.9 18361.7 814.138 0 -30.6961 -31.7585 1 14026.9 328.035 13701 0.000114007
13800 1.67371 1.61717 0.0565407 0 0.966218 19343.6 18523.5 820.092 0 -30.7023 -31.4147 1 14126.9 329.203 13801 0.000117178
13900 1.64935 1.5878 0.0615489 0 0.962683 19508.3 18682.2 826.05 0 -30.7108 -31.709 1 14226.9 330.366 13901 0.000114222
14000 1.65173 1.59189 0.0598373 0 0.963773 19673.6 18841.4 832.139 0 -30.7205 -31.8657 1 14326.9 331.525 14001 0.000113699
14100 1.67954 1.61464 0.0648976 0 0.96136 19840.9 19002.9 838.037 0 -30.7275 -31.5499 1 14426.9 332.68 14101 0.000114506
14200 1.67406 1.61522 0.0588323 0 0.964856 20008.6 19164.4 844.166 0 -30.7346 -31.5743 1 14526.9 333.831 14201 0.00011374
14300 1.65815 1.59651 0.0616396 0 0.962826 20174.2 19324.1 850.15 0 -30.7429 -31.7346 1 14626.9 334.978 14301 0.000111636
14400 1.71421 1.6533 0.0609044 0 0.964471 20345.9 19489.4 856.477 0 -30.7509 -31.6974 1 14726.9 336.121 14401 0.000114805
14500 1.62117 1.56535 0.0558181 0 0.965569 20508.2 19645.9 862.258 0 -30.7612 -32.0522 1 14826.9 337.26 14501 0.000107948
14600 1.60609 1.55006 0.0560291 0 0.965115 20668.9 19800.9 867.997 0 -30.7691 -31.7809 1 14926.9 338.396 14601 0.000106161
14700 1.57991 1.52464 0.0552708 0 0.965017 20826.9 19953.4 873.472 0 -30.779 -32.0757 1 15026.9 339.527 14701 0.00010371
14800 1.60297 1.54671 0.0562615 0 0.964902 20987.1 20108.1 879.001 0 -30.7902 -32.2372 1 15126.9 340.655 14801 0.000104501
14900 1.60083 1.5526 0.0482347 0 0.969869 21147.6 20263.3 884.265 0 -30.8033 -32.5134 1 15226.9 341.779 14901 0.000104194
15000 1.5588 1.51177 0.0470271 0 0.969831 21303.9 20414.5 889.344 0 -30.8152 -32.4371 1 15326.9 342.9 15001 0.000100778
15100 1.62994 1.57681 0.0531238 0 0.967407 21466.8 20572.2 894.625 0 -30.824 -31.9675 1 15426.9 344.016 15101 0.000104418
15200 1.54947 1.49783 0.0516341 0 0.966676 21621.7 20722 899.693 0 -30.8341 -32.2404 1 15526.9 345.13 15201 9.85353e-05
15300 1.64457 1.58921 0.0553548 0 0.966341 21786.1 20880.9 905.223 0 -30.8426 -31.9612 1 15626.9 346.239 15301 0.000103863
15400 1.58533 1.53165 0.0536776 0 0.966141 21944.7 21034.1 910.617 0 -30.8513 -32.0388 1 15726.9 347.345 15401 9.94512e-05
15500 1.62799 1.5658 0.0621917 0 0.961798 22107.1 21190.6 916.463 0 -30.8598 -32.0147 1 15826.9 348.448 15501 0.000101013
15600 1.72423 1.66063 0.0635999 0 0.963114 22279.6 21356.7 922.907 0 -30.8672 -31.8096 1 15926.9 349.547 15601 0.000106444
15700 1.64123 1.58058 0.0606458 0 0.963048 22443.8 21514.8 928.997 0 -30.8749 -31.9274 1 16026.9 350.643 15701 0.000100667
15800 1.59808 1.54123 0.0568472 0 0.964428 22603.7 21668.9 934.806 0 -30.8848 -32.2674 1 16126.9 351.735 15801 9.75403e-05
15900 1.65793 1.59541 0.0625131 0 0.962294 22769.2 21828.4 940.806 0 -30.8922 -31.9005 1 16226.9 352.824 15901 0.000100334
16000 1.56067 1.50596 0.0547077 0 0.964946 22925.4 21979 946.365 0 -30.9009 -32.1769 1 16326.9 353.909 16001 9.41169e-05
16100 1.64894 1.58562 0.0633259 0 0.961596 23089.8 22137.6 952.251 0 -30.9071 -31.762 1 16426.9 354.991 16101 9.84793e-05
16200 1.69005 1.63 0.0600541 0 0.964466 23259 22300.6 958.397 0 -30.9143 -31.9056 1 16526.9 356.07 16201 0.000100611
16300 1.64698 1.58878 0.0581956 0 0.964665 23423.9 22459.5 964.484 0 -30.9225 -32.08 1 16626.9 357.146 16301 9.74652e-05
16400 1.66735 1.60125 0.0660978 0 0.960358 23590.1 22619.6 970.517 0 -30.9299 -31.9758 1 16726.9 358.218 16401 9.76314e-05
16500 1.76595 1.70225 0.0636982 0 0.96393 23767 22789.8 977.207 0 -30.9356 -31.687 1 16826.9 359.287 16501 0.000103161
16600 1.73923 1.67113 0.068097 0 0.960846 23940.7 22956.9 983.813 0 -30.9407 -31.6456 1 16926.9 360.353 16601 0.000100665
16700 1.81633 1.74883 0.0675015 0 0.962836 24122.5 23131.8 990.73 0 -30.9471 -31.7919 1 17026.9 361.416 16701 0.000104714
16800 1.75164 1.67924 0.0723986 0 0.958668 24297.3 23299.7 997.521 0 -30.9528 -31.7342 1 17126.9 362.476 16801 9.9949e-05
16900 1.74695 1.67926 0.0676907 0 0.961252 24471.7 23467.7 1004.06 0 -30.9584 -31.7372 1 17226.9 363.533 16901 9.93584e-05
17000 1.77176 1.70892 0.062834 0 0.964536 24649.2 23638.6 1010.62 0 -30.9644 -31.7857 1 17326.9 364.586 17001 0.000100519
17100 1.75162 1.68711 0.0645137 0 0.963169 24824.3 23807.3 1017.04 0 -30.9695 -31.6996 1 17426.9 365.637 17101 9.86557e-05
17200 1.74032 1.67737 0.062945 0 0.963831 24998.1 23975 1023.14 0 -30.9746 -31.699 1 17526.9 366.684 17201 9.75159e-05
17300 1.75393 1.69345 0.0604788 0 0.965518 25173.7 24144.3 1029.33 0 -30.9817 -31.9965 1 17626.9 367.729 17301 9.78817e-05
17400 1.68756 1.62922 0.0583335 0 0.965433 25342.7 24307.3 1035.46 0 -30.99 -32.2182 1 17726.9 368.771 17401 9.36282e-05
17500 1.69607 1.6356 0.0604728 0 0.964345 25512.4 24470.8 1041.58 0 -30.9967 -31.9971 1 17826.9 369.809 17501 9.34574e-05
17600 1.64919 1.59223 0.056963 0 0.96546 25677.7 24630.1 1047.61 0 -31.005 -32.2869 1 17926.9 370.845 17601 9.04622e-05
17700 1.6034 1.55053 0.0528697 0 0.967027 25838.5 24785.1 1053.38 0 -31.0146 -32.5524 1 18026.9 371.878 17701 8.75958e-05
17800 1.65814 1.59835 0.0597862 0 0.963944 26003.9 24944.9 1058.93 0 -31.0223 -32.2259 1 18126.9 372.908 17801 8.97902e-05
17900 1.81134 1.74675 0.0645915 0 0.96434 26184.9 25119.6 1065.32 0 -31.0288 -31.9614 1 18226.9 373.935 17901 9.75782e-05
18000 1.88568 1.8184 0.0672845 0 0.964318 26373.8 25301.5 1072.33 0 -31.032 -31.4664 1 18326.9 374.959 18001 0.000101017
18100 1.75093 1.68904 0.0618879 0 0.964654 26549.2 25470.4 1078.86 0 -31.036 -31.6426 1 18426.9 375.981 18101 9.33122e-05
18200 1.78326 1.71654 0.0667233 0 0.962584 26727.4 25642 1085.36 0 -31.0395 -31.5686 1 18526.9 377 18201 9.43101e-05
18300 1.75716 1.69762 0.0595384 0 0.966117 26903.4 25811.8 1091.66 0 -31.0453 -31.9273 1 18626.9 378.016 18301 9.27611e-05
18400 1.73188 1.66923 0.062656 0 0.963822 27076.4 25978.7 1097.71 0 -31.0514 -31.9921 1 18726.9 379.029 18401 9.07139e-05
18500 1.73007 1.66901 0.061063 0 0.964705 27249.3 26145.6 1103.75 0 -31.0565 -31.8527 1 18826.9 380.04 18501 9.02119e-05
18600 1.81357 1.7502 0.0633716 0 0.965057 27430.5 26320.6 1109.88 0 -31.0613 -31.78 1 18926.9 381.048 18601 9.40916e-05
18700 1.72942 1.66531 0.064105 0 0.962933 27603.1 26487.2 1115.99 0 -31.0657 -31.7756 1 19026.9 382.053 18701 8.90495e-05
18800 1.69701 1.6377 0.0593122 0 0.965049 27773 26650.9 1122.1 0 -31.0714 -31.9947 1 19126.9 383.056 18801 8.71069e-05
18900 1.65972 1.60177 0.0579513 0 0.965084 27939 26811.1 1127.89 0 -31.0781 -32.1973 1 19226.9 384.056 18901 8.47452e-05
19000 1.65488 1.59779 0.0570951 0 0.965499 28104.6 26970.9 1133.72 0 -31.0835 -32.0014 1 19326.9 385.053 19001 8.40896e-05
19100 1.70666 1.6462 0.0604612 0 0.964573 28275 27135.5 1139.55 0 -31.0883 -31.8736 1 19426.9 386.048 19101 8.61838e-05
19200 1.71025 1.64942 0.0608306 0 0.964432 28446.2 27300.4 1145.71 0 -31.0926 -31.7958 1 19526.9 387.041 19201 8.59026e-05
19300 1.64951 1.5931 0.0564089 0 0.965803 28611.2 27459.7 1151.41 0 -31.0973 -31.9069 1 19626.9 388.03 19301 8.25397e-05
19400 1.74639 1.68622 0.0601784 0 0.965541 28785.8 27628.4 1157.41 0 -31.1007 -31.6731 1 19726.9 389.018 19401 8.69139e-05
19500 1.71482 1.65756 0.0572601 0 0.966609 28957.4 27794.1 1163.29 0 -31.106 -31.9902 1 19826.9 390.002 19501 8.49986e-05
19600 1.71223 1.65408 0.0581426 0 0.966043 29128.7 27959.5 1169.16 0 -31.1108 -31.9203 1 19926.9 390.985 19601 8.43877e-05
19700 1.70833 1.64813 0.0602019 0 0.96476 29299.5 28124.3 1175.11 0 -31.1145 -31.7384 1 20026.9 391.964 19701 8.36571e-05
19800 1.7318 1.67175 0.0600522 0 0.965324 29472.8 28291.5 1181.29 0 -31.1183 -31.7645 1 20126.9 392.942 19801 8.44273e-05
19900 1.77826 1.71598 0.0622773 0 0.964979 29650.4 28463.1 1187.28 0 -31.1214 -31.6404 1 20226.9 393.917 19901 8.6226e-05
20000 1.7779 1.71727 0.0606319 0 0.965897 29828.4 28634.8 1193.54 0 -31.1249 -31.7135 1 20325.9 394.88 20000 8.58633e-05
