100 0.193709 0.181564 0.012145 0 0.937303 19.0992 18.1564 0.942784 0 -27.4533 -27.4533 2 427.882 57.293 51 0.00356008
200 0.216993 0.200775 0.0162178 0 0.925261 40.7115 38.234 2.47753 0 -27.3575 -27.2728 2 527.882 63.6368 101 0.00198788
300 0.313131 0.292061 0.0210702 0 0.932711 71.8773 67.44 4.43724 0 -27.4122 -27.4837 2 627.882 69.4031 151 0.00193418
400 0.324267 0.300987 0.02328 0 0.928207 104.191 97.5387 6.652 0 -27.433 -27.4792 2 727.882 74.7258 201 0.00149745
500 0.370468 0.34767 0.0227987 0 0.93846 141.316 132.306 9.01071 0 -27.3926 -27.2793 2 827.882 79.6937 251 0.00138514
600 0.401506 0.376795 0.0247114 0 0.938453 181.593 169.985 11.6081 0 -27.4958 -27.8578 2 927.882 84.3697 301 0.00125181
700 0.318128 0.299981 0.0181468 0 0.942958 213.678 199.983 13.6951 0 -27.6427 -28.4742 2 1027.88 88.7997 351 0.000854647
800 0.351267 0.330944 0.0203232 0 0.942143 248.879 233.078 15.801 0 -27.8046 -28.7874 2 1127.88 93.019 401 0.000825296
900 0.413474 0.387071 0.0264026 0 0.936144 289.836 271.785 18.0507 0 -27.9054 -28.5181 2 1227.88 97.0551 451 0.000858252
1000 0.421272 0.397041 0.0242305 0 0.942482 332.043 311.489 20.5545 0 -28.0259 -28.8533 2 1327.88 100.93 501 0.000792498
1100 0.475588 0.446996 0.0285919 0 0.939881 379.562 356.189 23.3733 0 -28.1184 -28.7645 2 1427.88 104.661 551 0.000811246
1200 0.495432 0.46327 0.0321619 0 0.935083 428.823 402.516 26.3077 0 -28.1734 -28.5976 2 1527.88 108.264 601 0.000770833
1300 0.541592 0.510099 0.031493 0 0.941851 483.032 453.525 29.5061 0 -28.2537 -28.8886 2 1627.88 111.751 651 0.000783562
1400 0.546791 0.511683 0.0351082 0 0.935792 537.283 504.694 32.5893 0 -28.3535 -29.2423 2 1727.88 115.132 701 0.000729933
1500 0.568346 0.537911 0.0304352 0 0.94645 594.367 558.485 35.8821 0 -28.4422 -29.2773 2 1827.88 118.417 751 0.000716259
1600 0.60397 0.572995 0.0309745 0 0.948715 654.852 615.784 39.0679 0 -28.4921 -28.9825 2 1927.88 121.613 801 0.00071535
1700 0.593808 0.563637 0.0301703 0 0.949192 714.405 672.148 42.2569 0 -28.5721 -29.4512 2 2027.88 124.727 851 0.000662324
1800 0.560801 0.530073 0.0307286 0 0.945206 770.402 725.155 45.2462 0 -28.6308 -29.3797 2 2127.88 127.766 901 0.000588316
1900 0.540208 0.511026 0.0291826 0 0.945979 824.218 776.258 47.9602 0 -28.695 -29.6146 2 2227.88 130.733 951 0.000537356
2000 0.581933 0.552667 0.0292652 0 0.94971 882.337 831.525 50.8119 0 -28.7943 -30.2021 2 2327.88 133.635 1001 0.000552115
2100 0.555382 0.529136 0.0262458 0 0.952743 938.057 884.438 53.6188 0 -28.8989 -30.5559 2 2427.88 136.475 1051 0.00050346
2200 0.535352 0.506881 0.028471 0 0.946818 991.325 935.126 56.1982 0 -28.9725 -30.2675 2 2527.88 139.257 1101 0.000460383
2300 0.583874 0.558623 0.0252502 0 0.956754 1050.08 990.989 59.0934 0 -29.0436 -30.2435 2 2627.88 141.985 1151 0.000485337
2400 0.638239 0.606994 0.0312448 0 0.951045 1113.72 1051.69 62.0336 0 -29.0873 -29.8076 2 2727.88 144.661 1201 0.000505407
2500 0.554834 0.53001 0.0248241 0 0.955259 1169.55 1104.69 64.864 0 -29.1453 -30.3037 2 2827.88 147.289 1251 0.000423669
2600 0.57093 0.543902 0.0270279 0 0.95266 1226.66 1159.08 67.5853 0 -29.191 -30.1271 2 2927.88 149.871 1301 0.000418065
2700 0.552862 0.528909 0.0239534 0 0.956674 1282.27 1211.97 70.2966 0 -29.2469 -30.4802 2 3027.88 152.409 1351 0.000391494
2800 0.587125 0.560243 0.0268825 0 0.954213 1340.87 1267.99 72.8755 0 -29.2724 -29.8296 2 3127.88 154.905 1401 0.000399888
2900 0.640037 0.610553 0.0294834 0 0.953935 1404.7 1329.05 75.6525 0 -29.2583 -28.9623 2 3227.88 157.362 1451 0.000420781
3000 0.621395 0.592962 0.0284323 0 0.954244 1466.85 1388.35 78.5074 0 -29.2797 -29.763 2 3327.88 159.781 1501 0.000395045
3100 0.59964 0.57201 0.02763 0 0.953922 1526.99 1445.55 81.4433 0 -29.3119 -30.0984 2 3427.88 162.163 1551 0.000368801
3200 0.602461 0.574174 0.0282867 0 0.953048 1587.21 1502.96 84.2504 0 -29.3508 -30.3351 2 3527.88 164.512 1601 0.000358635
3300 0.67466 0.643522 0.0311381 0 0.953846 1654.65 1567.32 87.3354 0 -29.392 -30.362 2 3627.88 166.827 1651 0.000389777
3400 0.676654 0.645458 0.0311964 0 0.953896 1722.24 1631.86 90.3785 0 -29.4351 -30.4913 2 3727.88 169.111 1701 0.000379458
3500 0.726831 0.691012 0.0358187 0 0.950719 1794.74 1700.96 93.7769 0 -29.4465 -29.7159 2 3827.88 171.364 1751 0.000394639
3600 0.726399 0.691446 0.0349526 0 0.951882 1867.35 1770.11 97.2377 0 -29.4599 -29.7908 2 3927.88 173.588 1801 0.000383923
3700 0.675523 0.645294 0.0302292 0 0.955251 1935.12 1834.64 100.483 0 -29.4859 -30.2048 2 4027.88 175.784 1851 0.000348619
3800 0.757105 0.725487 0.031618 0 0.958238 2011.05 1907.19 103.861 0 -29.4874 -29.5239 2 4127.88 177.952 1901 0.000381634
3900 0.769575 0.736007 0.0335676 0 0.956382 2088.12 1980.79 107.336 0 -29.4921 -29.6146 2 4227.88 180.095 1951 0.000377246
4000 0.724295 0.694028 0.0302669 0 0.958212 2160.64 2050.19 110.449 0 -29.5144 -30.158 2 4327.88 182.212 2001 0.00034684
4100 0.710508 0.680739 0.0297687 0 0.958102 2231.58 2118.26 113.319 0 -29.5327 -30.088 2 4427.88 184.305 2051 0.000331906
4200 0.738715 0.705531 0.0331848 0 0.955078 2305.19 2188.82 116.376 0 -29.5618 -30.4467 2 4527.88 186.375 2101 0.000335807
4300 0.740046 0.707036 0.0330101 0 0.955394 2379.19 2259.52 119.673 0 -29.5819 -30.2079 2 4627.88 188.422 2151 0.000328701
4400 0.738858 0.705859 0.0329991 0 0.955338 2453.38 2330.11 123.279 0 -29.6149 -30.6705 2 4727.88 190.447 2201 0.000320699
4500 0.761941 0.729222 0.0327191 0 0.957058 2529.74 2403.03 126.707 0 -29.6372 -30.3559 2 4827.88 192.45 2251 0.000323955
4600 0.743188 0.713969 0.0292185 0 0.960685 2604.47 2474.43 130.045 0 -29.6754 -30.9677 2 4927.88 194.433 2301 0.000310287
4700 0.680076 0.652121 0.0279547 0 0.958895 2672.56 2539.64 132.927 0 -29.7108 -31.0665 2 5027.88 196.396 2351 0.00027738
4800 0.640712 0.613792 0.0269197 0 0.957985 2736.71 2601.02 135.692 0 -29.7416 -31.0247 2 5127.88 198.339 2401 0.00025564
4900 0.642931 0.619603 0.0233281 0 0.963716 2801.19 2662.98 138.209 0 -29.777 -31.2798 2 5227.88 200.264 2451 0.000252796
5000 0.638011 0.615845 0.0221666 0 0.965257 2865.12 2724.56 140.555 0 -29.8112 -31.3098 2 5327.88 202.17 2501 0.000246239
5100 0.645541 0.621844 0.0236962 0 0.963292 2929.58 2786.75 142.836 0 -29.8394 -31.0909 2 5427.88 204.059 2551 0.000243765
5200 0.698497 0.670771 0.0277266 0 0.960305 2999.34 2853.82 145.515 0 -29.8674 -31.0416 2 5527.88 205.93 2601 0.000257889
5300 0.739299 0.709463 0.0298361 0 0.959643 3073.4 2924.77 148.631 0 -29.8836 -30.5428 2 5627.88 207.784 2651 0.000267621
5400 0.684559 0.659604 0.0249553 0 0.963545 3142.17 2990.73 151.443 0 -29.9111 -31.1376 2 5727.88 209.622 2701 0.000244207
5500 0.65804 0.63619 0.0218495 0 0.966796 3208.31 3054.35 153.959 0 -29.9424 -31.4293 2 5827.88 211.444 2751 0.000231258
5600 0.702801 0.677747 0.0250541 0 0.964351 3278.86 3122.12 156.74 0 -29.9698 -31.2146 2 5927.88 213.25 2801 0.000241966
5700 0.659213 0.634173 0.0250399 0 0.962015 3344.83 3185.54 159.287 0 -29.9973 -31.368 2 6027.88 215.042 2851 0.000222439
5800 0.667675 0.64374 0.0239346 0 0.964152 3411.68 3249.91 161.761 0 -30.0255 -31.4374 2 6127.88 216.818 2901 0.000221903
5900 0.688554 0.66045 0.028104 0 0.959184 3480.23 3315.96 164.273 0 -30.0516 -31.3502 2 6227.88 218.58 2951 0.000223805
6000 0.653837 0.63283 0.0210075 0 0.96787 3546.06 3379.24 166.813 0 -30.0743 -31.2733 2 6327.88 220.328 3001 0.000210873
6100 0.621202 0.598547 0.0226546 0 0.963531 3608.2 3439.1 169.108 0 -30.1036 -31.7716 2 6427.88 222.062 3051 0.000196181
6200 0.685787 0.664661 0.0211261 0 0.969194 3677.1 3505.56 171.533 0 -30.1351 -31.7892 2 6527.88 223.783 3101 0.000214338
6300 0.672662 0.650633 0.0220292 0 0.967251 3744.43 3570.63 173.807 0 -30.1589 -31.4567 2 6627.88 225.49 3151 0.000206485
6400 0.674806 0.652693 0.0221129 0 0.967231 3812.07 3635.9 176.172 0 -30.1863 -31.7058 2 6727.88 227.185 3201 0.000203903
6500 0.678814 0.654582 0.0242319 0 0.964303 3879.98 3701.35 178.629 0 -30.2057 -31.2946 2 6827.88 228.867 3251 0.000201348
6600 0.740561 0.708494 0.032067 0 0.956699 3953.58 3772.2 181.38 0 -30.2077 -30.309 2 6927.88 230.537 3301 0.00021463
6700 0.772852 0.743033 0.0298194 0 0.961416 4030.95 3846.51 184.44 0 -30.2068 -30.1618 2 7027.88 232.195 3351 0.000221735
6800 0.741277 0.711601 0.0296767 0 0.959966 4105.01 3917.67 187.342 0 -30.2117 -30.4805 2 7127.88 233.841 3401 0.000209233
6900 0.703469 0.679879 0.0235896 0 0.966467 4175.71 3985.65 190.056 0 -30.2234 -30.9006 2 7227.88 235.475 3451 0.000197009
7000 0.718901 0.691893 0.0270075 0 0.962432 4247.59 4054.84 192.749 0 -30.2297 -30.5987 2 7327.88 237.099 3501 0.000197627
7100 0.707894 0.680943 0.0269512 0 0.961928 4318.34 4122.94 195.397 0 -30.2388 -30.7847 2 7427.88 238.711 3551 0.000191761
7200 0.72592 0.693775 0.0321445 0 0.955719 4390.66 4192.32 198.346 0 -30.2482 -30.8069 2 7527.88 240.313 3601 0.000192662
7300 0.725492 0.69931 0.0261817 0 0.963912 4463.6 4262.25 201.349 0 -30.2627 -31.1375 2 7627.88 241.903 3651 0.000191539
7400 0.689107 0.662028 0.0270787 0 0.960705 4532.48 4328.45 204.028 0 -30.275 -31.0696 2 7727.88 243.484 3701 0.000178878
7500 0.74363 0.715858 0.027772 0 0.962654 4606.98 4400.04 206.941 0 -30.2862 -30.9697 2 7827.88 245.054 3751 0.000190845
7600 0.71725 0.690254 0.0269955 0 0.962362 4678.85 4469.06 209.791 0 -30.2987 -31.0976 2 7927.88 246.615 3801 0.000181598
7700 0.703961 0.677269 0.0266916 0 0.962084 4749.17 4536.79 212.381 0 -30.3075 -30.8918 2 8027.88 248.165 3851 0.000175868
7800 0.707995 0.680326 0.0276691 0 0.960919 4819.93 4604.82 215.111 0 -30.3183 -31.0489 2 8127.88 249.706 3901 0.000174398
7900 0.752355 0.718834 0.0335213 0 0.955445 4894.81 4676.7 218.11 0 -30.3303 -31.1018 2 8227.88 251.237 3951 0.000181937
8000 0.732978 0.700276 0.0327025 0 0.955384 4967.86 4746.73 221.129 0 -30.341 -31.0575 2 8327.88 252.759 4001 0.000175025
8100 0.687915 0.664053 0.0238623 0 0.965312 5037.08 4813.14 223.943 0 -30.3549 -31.3473 2 8427.88 254.272 4051 0.000163923
8200 0.733742 0.703975 0.0297671 0 0.959431 5110.15 4883.53 226.617 0 -30.3596 -30.6836 2 8527.88 255.777 4101 0.000171659
8300 0.730703 0.703281 0.0274217 0 0.962472 5183.41 4953.86 229.543 0 -30.3678 -30.9409 2 8627.88 257.272 4151 0.000169424
8400 0.725584 0.69695 0.0286346 0 0.960536 5256.09 5023.56 232.532 0 -30.3745 -30.8545 2 8727.88 258.758 4201 0.000165901
8500 0.754881 0.719239 0.0356424 0 0.952784 5331.14 5095.48 235.654 0 -30.3738 -30.3234 2 8827.88 260.237 4251 0.000169193
8600 0.759189 0.729347 0.0298425 0 0.960692 5407.29 5168.42 238.869 0 -30.3823 -30.9755 2 8927.88 261.706 4301 0.000169576
8700 0.705905 0.679307 0.0265982 0 0.96232 5478.07 5236.35 241.724 0 -30.3951 -31.373 2 9027.88 263.168 4351 0.000156127
8800 0.783271 0.754813 0.0284585 0 0.963667 5556.62 5311.83 244.793 0 -30.4083 -31.3343 2 9127.88 264.621 4401 0.000171509
8900 0.767607 0.734597 0.0330102 0 0.956996 5632.99 5385.29 247.698 0 -30.4141 -30.8318 2 9227.88 266.067 4451 0.000165041
9000 0.789183 0.755965 0.0332185 0 0.957908 5711.78 5460.88 250.892 0 -30.4211 -30.9267 2 9327.88 267.505 4501 0.000167955
9100 0.836468 0.79804 0.0384282 0 0.954059 5795.11 5540.69 254.425 0 -30.4279 -30.8912 2 9427.88 268.935 4551 0.000175355
9200 0.828534 0.794061 0.0344729 0 0.958393 5878.04 5620.09 257.947 0 -30.4351 -30.9411 2 9527.88 270.357 4601 0.000172584
9300 0.801145 0.768901 0.0322441 0 0.959752 5958.31 5696.98 261.33 0 -30.4405 -30.835 2 9627.88 271.772 4651 0.00016532
9400 0.78411 0.752919 0.0311915 0 0.960221 6036.81 5772.28 264.531 0 -30.4489 -31.0848 2 9727.88 273.18 4701 0.000160161
9500 0.777367 0.749722 0.0276445 0 0.964438 6114.83 5847.25 267.582 0 -30.457 -31.0837 2 9827.88 274.581 4751 0.000157803
9600 0.780398 0.74856 0.031838 0 0.959203 6192.68 5922.1 270.575 0 -30.4677 -31.3073 2 9927.88 275.974 4801 0.000155918
9700 0.840927 0.806133 0.034794 0 0.958624 6276.63 6002.72 273.907 0 -30.4764 -31.1191 2 10027.9 277.361 4851 0.000166179
9800 0.799722 0.772632 0.0270898 0 0.966126 6357.16 6079.98 277.184 0 -30.4842 -31.0879 2 10127.9 278.74 4901 0.000157648
9900 0.779442 0.753582 0.02586 0 0.966822 6435.32 6155.34 279.978 0 -30.4981 -31.6285 2 10227.9 280.113 4951 0.000152208
10000 0.748247 0.722911 0.025336 0 0.96614 6510.32 6227.63 282.692 0 -30.5123 -31.7328 2 10327.9 281.479 5001 0.000144553
10100 0.712944 0.690687 0.0222579 0 0.96878 6581.86 6296.7 285.159 0 -30.5268 -31.8474 2 10427.9 282.838 5051 0.000136743
10200 0.710141 0.687244 0.0228974 0 0.967757 6653.03 6365.42 287.605 0 -30.5424 -31.9886 2 10527.9 284.191 5101 0.000134727
10300 0.70586 0.681471 0.0243889 0 0.965448 6723.49 6433.57 289.92 0 -30.5565 -31.8874 2 10627.9 285.538 5151 0.000132299
10400 0.772751 0.743876 0.0288746 0 0.962634 6800.58 6507.96 292.624 0 -30.5631 -31.1411 2 10727.9 286.878 5201 0.000143026
10500 0.748296 0.720556 0.0277391 0 0.96293 6875.49 6580.01 295.48 0 -30.5699 -31.1808 2 10827.9 288.212 5251 0.000137223
10600 0.781973 0.753885 0.0280881 0 0.96408 6953.89 6655.4 298.489 0 -30.5792 -31.3988 2 10927.9 289.54 5301 0.000142216
10700 0.809024 0.780008 0.0290155 0 0.964135 7034.86 6733.4 301.453 0 -30.5884 -31.3755 2 11027.9 290.861 5351 0.000145769
10800 0.782004 0.750665 0.0313394 0 0.959924 7112.81 6808.47 304.341 0 -30.5954 -31.2301 2 11127.9 292.177 5401 0.000138986
10900 0.771471 0.745528 0.0259426 0 0.966373 7190.16 6883.02 307.14 0 -30.6061 -31.5917 2 11227.9 293.487 5451 0.000136769
11000 0.839251 0.807224 0.0320273 0 0.961838 7273.97 6963.74 310.224 0 -30.6069 -30.6737 2 11327.9 294.791 5501 0.000146741
11100 0.793266 0.764744 0.0285224 0 0.964044 7353.44 7040.22 313.224 0 -30.6142 -31.2771 2 11427.9 296.089 5551 0.000137767
11200 0.812809 0.784074 0.028735 0 0.964647 7434.84 7118.63 316.209 0 -30.6211 -31.2448 2 11527.9 297.382 5601 0.000139988
11300 0.749302 0.722761 0.026541 0 0.964579 7509.79 7190.9 318.886 0 -30.6298 -31.4991 2 11627.9 298.669 5651 0.0001279
11400 0.745783 0.719764 0.0260187 0 0.965112 7584.32 7262.88 321.439 0 -30.6403 -31.6923 2 11727.9 299.951 5701 0.000126252
11500 0.760244 0.738102 0.0221425 0 0.970874 7660.6 7336.69 323.912 0 -30.6531 -31.9325 2 11827.9 301.227 5751 0.000128343
11600 0.797076 0.766681 0.0303953 0 0.961867 7739.91 7413.36 326.554 0 -30.6595 -31.2774 2 11927.9 302.497 5801 0.000132164
11700 0.808125 0.780169 0.0279559 0 0.965406 7820.79 7491.37 329.418 0 -30.6646 -31.1542 2 12027.9 303.763 5851 0.000133339
11800 0.770021 0.743504 0.0265166 0 0.965564 7897.85 7565.72 332.124 0 -30.6691 -31.1251 2 12127.9 305.023 5901 0.000125996
11900 0.75378 0.728638 0.025142 0 0.966645 7973.46 7638.59 334.876 0 -30.6769 -31.4852 2 12227.9 306.278 5951 0.00012244
12000 0.721616 0.695464 0.0261521 0 0.963759 8045.55 7708.13 337.42 0 -30.6847 -31.5499 2 12327.9 307.528 6001 0.000115891
12100 0.751637 0.726271 0.0253665 0 0.966252 8120.74 7780.76 339.977 0 -30.6915 -31.4225 2 12427.9 308.773 6051 0.000120025
12200 0.76153 0.732615 0.0289152 0 0.96203 8196.69 7854.02 342.669 0 -30.6983 -31.4216 2 12527.9 310.012 6101 0.000120081
12300 0.754468 0.72869 0.0257776 0 0.965833 8272.37 7926.89 345.479 0 -30.7071 -31.6595 2 12627.9 311.247 6151 0.000118467
12400 0.787181 0.755511 0.0316701 0 0.959768 8350.62 8002.44 348.174 0 -30.7148 -31.5246 2 12727.9 312.477 6201 0.000121837
12500 0.792099 0.759582 0.0325168 0 0.958949 8429.66 8078.4 351.254 0 -30.7214 -31.4258 2 12827.9 313.702 6251 0.000121514
12600 0.821042 0.79159 0.0294513 0 0.964129 8511.93 8157.56 354.374 0 -30.7289 -31.4952 2 12927.9 314.923 6301 0.000125629
12700 0.776399 0.748651 0.0277489 0 0.96426 8589.63 8232.43 357.205 0 -30.7354 -31.4473 2 13027.9 316.138 6351 0.000117879
12800 0.761966 0.730948 0.0310176 0 0.959293 8665.45 8305.52 359.934 0 -30.7423 -31.5245 2 13127.9 317.349 6401 0.000114193
12900 0.821807 0.791078 0.030729 0 0.962608 8747.78 8384.63 363.147 0 -30.7483 -31.3742 2 13227.9 318.556 6451 0.000122629
13000 0.745993 0.715284 0.0307088 0 0.958835 8822.19 8456.16 366.036 0 -30.755 -31.5479 2 13327.9 319.757 6501 0.000110027
13100 0.761109 0.736464 0.0246456 0 0.967619 8898.56 8529.8 368.759 0 -30.7639 -31.7883 2 13427.9 320.955 6551 0.00011242
13200 0.804276 0.774018 0.0302583 0 0.962378 8978.83 8607.21 371.621 0 -30.7693 -31.3686 2 13527.9 322.148 6601 0.000117258
13300 0.825281 0.795086 0.0301949 0 0.963413 9061.38 8686.71 374.664 0 -30.7752 -31.4194 2 13627.9 323.336 6651 0.000119544
13400 0.839225 0.805438 0.0337866 0 0.959741 9144.96 8767.26 377.704 0 -30.7823 -31.5525 2 13727.9 324.52 6701 0.000120197
13500 0.841949 0.811628 0.0303208 0 0.963987 9229.43 8848.42 381.005 0 -30.7866 -31.2524 2 13827.9 325.7 6751 0.000120223
13600 0.773201 0.748143 0.025058 0 0.967592 9307.15 8923.23 383.912 0 -30.7952 -31.8155 2 13927.9 326.876 6801 0.000110005
13700 0.850488 0.818461 0.0320276 0 0.962342 9392.01 9005.08 386.932 0 -30.7977 -31.0768 2 14027.9 328.047 6851 0.000119466
13800 0.85111 0.821747 0.0293629 0 0.9655 9477.38 9087.26 390.122 0 -30.7986 -30.8951 2 14127.9 329.214 6901 0.000119076
13900 0.84987 0.81821 0.0316602 0 0.962747 9562.51 9169.08 393.438 0 -30.803 -31.2957 2 14227.9 330.377 6951 0.000117711
14000 0.866373 0.834269 0.0321048 0 0.962944 9649.15 9252.5 396.644 0 -30.8078 -31.3288 2 14327.9 331.536 7001 0.000119164
14100 0.816795 0.786367 0.0304288 0 0.962746 9730.69 9331.14 399.549 0 -30.8121 -31.3309 2 14427.9 332.691 7051 0.000111526
14200 0.74867 0.725584 0.0230856 0 0.969165 9805.79 9403.7 402.091 0 -30.8196 -31.7796 2 14527.9 333.842 7101 0.000102181
14300 0.772892 0.747405 0.0254875 0 0.967023 9882.88 9478.44 404.44 0 -30.8264 -31.7005 2 14627.9 334.989 7151 0.000104517
14400 0.800628 0.773419 0.0272096 0 0.966015 9963 9555.78 407.218 0 -30.8341 -31.7769 2 14727.9 336.132 7201 0.000107404
14500 0.82528 0.794523 0.0307576 0 0.962731 10045.4 9635.23 410.206 0 -30.8387 -31.3943 2 14827.9 337.271 7251 0.000109574
14600 0.850515 0.817981 0.0325338 0 0.961748 10130.5 9717.03 413.454 0 -30.8429 -31.3372 2 14927.9 338.407 7301 0.000112037
14700 0.84249 0.810441 0.0320483 0 0.96196 10214.8 9798.08 416.735 0 -30.8506 -31.7869 2 15027.9 339.538 7351 0.000110249
14800 0.801567 0.771344 0.0302231 0 0.962295 10295 9875.21 419.82 0 -30.8573 -31.7042 2 15127.9 340.666 7401 0.000104222
14900 0.789816 0.760287 0.0295295 0 0.962612 10374 9951.24 422.742 0 -30.8625 -31.5457 2 15227.9 341.79 7451 0.000102038
15000 0.76792 0.741226 0.0266947 0 0.965238 10450.9 10025.4 425.542 0 -30.8694 -31.7934 2 15327.9 342.911 7501 9.88169e-05
15100 0.760975 0.737632 0.0233425 0 0.969326 10527.3 10099.1 428.134 0 -30.8776 -32.0084 2 15427.9 344.028 7551 9.76867e-05
15200 0.766933 0.740748 0.0261852 0 0.965857 10603.8 10173.2 430.632 0 -30.8875 -32.2372 2 15527.9 345.141 7601 9.7454e-05
15300 0.7928 0.761596 0.0312041 0 0.960641 10682.7 10249.4 433.356 0 -30.8952 -31.9388 2 15627.9 346.25 7651 9.9542e-05
15400 0.840359 0.812137 0.0282228 0 0.966416 10767 10330.6 436.383 0 -30.9032 -31.9104 2 15727.9 347.356 7701 0.000105459
15500 0.854139 0.819125 0.035014 0 0.959007 10852 10412.5 439.527 0 -30.9079 -31.5094 2 15827.9 348.459 7751 0.00010568
15600 0.864485 0.834015 0.0304702 0 0.964753 10938.8 10495.9 442.949 0 -30.91 -31.1659 2 15927.9 349.558 7801 0.000106911
15700 0.840317 0.811048 0.0292687 0 0.965169 11023.2 10577 446.212 0 -30.9104 -30.9699 2 16027.9 350.653 7851 0.000103305
15800 0.823495 0.795018 0.0284778 0 0.965418 11105.8 10656.5 449.31 0 -30.9135 -31.3303 2 16127.9 351.746 7901 0.000100622
15900 0.812074 0.781497 0.030577 0 0.962347 11186.8 10734.6 452.181 0 -30.9179 -31.5117 2 16227.9 352.834 7951 9.82892e-05
16000 0.780091 0.753504 0.0265874 0 0.965918 11264.9 10810 454.869 0 -30.9236 -31.7411 2 16327.9 353.92 8001 9.41762e-05
16100 0.754125 0.729114 0.0250114 0 0.966834 11340.4 10882.9 457.494 0 -30.9303 -31.9385 2 16427.9 355.002 8051 9.05619e-05
16200 0.787455 0.759411 0.0280448 0 0.964385 11419 10958.8 460.12 0 -30.9356 -31.6982 2 16527.9 356.081 8101 9.37428e-05
16300 0.80626 0.78012 0.0261397 0 0.967579 11499.7 11036.9 462.891 0 -30.9416 -31.786 2 16627.9 357.156 8151 9.57085e-05
16400 0.774537 0.750628 0.0239088 0 0.969131 11577.4 11111.9 465.434 0 -30.9486 -31.9858 2 16727.9 358.229 8201 9.15288e-05
16500 0.772263 0.7446 0.027663 0 0.964179 11654.3 11186.4 467.957 0 -30.9539 -31.7457 2 16827.9 359.298 8251 9.02436e-05
16600 0.841293 0.812519 0.0287748 0 0.965797 11738.5 11267.6 470.879 0 -30.9594 -31.7227 2 16927.9 360.364 8301 9.7882e-05
16700 0.861363 0.834184 0.0271788 0 0.968447 11824.9 11351.1 473.83 0 -30.9635 -31.5299 2 17027.9 361.427 8351 9.98903e-05
16800 0.853062 0.824403 0.0286598 0 0.966404 11910.3 11433.5 476.796 0 -30.9674 -31.5044 2 17127.9 362.487 8401 9.81315e-05
16900 0.85804 0.829724 0.0283164 0 0.966999 11996.4 11516.5 479.908 0 -30.9716 -31.5542 2 17227.9 363.543 8451 9.81806e-05
17000 0.816772 0.787439 0.029333 0 0.964087 12078.1 11595.2 482.859 0 -30.9764 -31.672 2 17327.9 364.597 8501 9.2629e-05
17100 0.797151 0.770447 0.0267041 0 0.966501 12157.7 11672.3 485.464 0 -30.9812 -31.716 2 17427.9 365.647 8551 9.01002e-05
17200 0.789804 0.764621 0.0251824 0 0.968116 12236.8 11748.7 488.057 0 -30.9872 -31.9061 2 17527.9 366.695 8601 8.88991e-05
17300 0.827794 0.797993 0.0298018 0 0.963999 12319.4 11828.5 490.862 0 -30.9894 -31.3139 2 17627.9 367.739 8651 9.22428e-05
17400 0.848208 0.821869 0.0263381 0 0.968949 12404.7 11910.7 493.959 0 -30.9956 -31.8987 2 17727.9 368.781 8701 9.44569e-05
17500 0.834004 0.805726 0.0282784 0 0.966093 12488.1 11991.3 496.83 0 -30.9989 -31.4861 2 17827.9 369.82 8751 9.20724e-05
17600 0.809689 0.783374 0.0263158 0 0.967499 12569.2 12069.6 499.564 0 -31.0047 -31.8949 2 17927.9 370.855 8801 8.90096e-05
17700 0.825693 0.79634 0.029353 0 0.96445 12651.7 12149.2 502.453 0 -31.0097 -31.77 2 18027.9 371.888 8851 8.99718e-05
17800 0.881632 0.849741 0.0318911 0 0.963827 12739.9 12234.2 505.693 0 -31.0118 -31.3178 2 18127.9 372.918 8901 9.54657e-05
17900 0.86557 0.831806 0.0337637 0 0.960992 12826.4 12317.4 509.026 0 -31.0124 -31.0941 2 18227.9 373.945 8951 9.29288e-05
18000 0.829634 0.799342 0.0302922 0 0.963487 12909.6 12397.3 512.252 0 -31.0151 -31.4356 2 18327.9 374.97 9001 8.88059e-05
18100 0.813853 0.786453 0.0273996 0 0.966333 12991.2 12476 515.241 0 -31.0195 -31.7141 2 18427.9 375.991 9051 8.68913e-05
18200 0.854336 0.827009 0.0273274 0 0.968013 13076.8 12558.7 518.137 0 -31.0237 -31.6697 2 18527.9 377.01 9101 9.08701e-05
18300 0.795057 0.770476 0.0245806 0 0.969083 13156.4 12635.7 520.665 0 -31.0302 -32.0845 2 18627.9 378.026 9151 8.41959e-05
18400 0.778711 0.754421 0.0242902 0 0.968807 13234.4 12711.2 523.26 0 -31.0368 -32.1485 2 18727.9 379.039 9201 8.19934e-05
18500 0.762863 0.738922 0.023941 0 0.968617 13310.7 12785.1 525.609 0 -31.0446 -32.4032 2 18827.9 380.05 9251 7.98749e-05
18600 0.869992 0.843714 0.026278 0 0.969795 13397.8 12869.4 528.326 0 -31.0483 -31.6126 2 18927.9 381.058 9301 9.07122e-05
18700 0.814139 0.786718 0.0274211 0 0.966319 13479.1 12948.1 531.001 0 -31.0537 -31.9426 2 19027.9 382.063 9351 8.4132e-05
18800 0.846494 0.817513 0.028981 0 0.965764 13563.6 13029.9 533.78 0 -31.0597 -32.0211 2 19127.9 383.066 9401 8.69603e-05
18900 0.877671 0.848449 0.029222 0 0.966705 13651.5 13114.7 536.781 0 -31.0635 -31.6487 2 19227.9 384.066 9451 8.97734e-05
19000 0.865105 0.834757 0.0303475 0 0.96492 13738 13198.2 539.816 0 -31.0684 -31.8426 2 19327.9 385.063 9501 8.78599e-05
19100 0.826188 0.797025 0.0291635 0 0.964701 13820.6 13277.9 542.735 0 -31.0722 -31.7118 2 19427.9 386.058 9551 8.34493e-05
19200 0.848456 0.817927 0.030529 0 0.964018 13905.3 13359.7 545.673 0 -31.0762 -31.7186 2 19527.9 387.051 9601 8.51919e-05
19300 0.887494 0.854735 0.0327592 0 0.963088 13994 13445.1 548.889 0 -31.077 -31.212 2 19627.9 388.04 9651 8.85644e-05
19400 0.888674 0.852156 0.0365182 0 0.958907 14082.5 13530.4 552.183 0 -31.0792 -31.4261 2 19727.9 389.027 9701 8.78421e-05
19500 0.914731 0.880233 0.0344974 0 0.962287 14174.2 13618.4 555.767 0 -31.0812 -31.3836 2 19827.9 390.012 9751 9.02711e-05
19600 0.881049 0.847856 0.033193 0 0.962326 14262.2 13703.2 559.057 0 -31.085 -31.6915 2 19927.9 390.994 9801 8.65071e-05
19700 0.881619 0.850092 0.0315272 0 0.964239 14350.4 13788.2 562.254 0 -31.088 -31.571 2 20027.9 391.974 9851 8.6295e-05
19800 0.868365 0.838966 0.0293984 0 0.966145 14437.4 13872.1 565.322 0 -31.0915 -31.6759 2 20127.9 392.952 9901 8.47355e-05
19900 0.859486 0.832933 0.026553 0 0.969106 14523.5 13955.4 568.123 0 -31.0959 -31.829 2 20227.9 393.927 9951 8.37034e-05
20000 0.889831 0.863006 0.026825 0 0.969854 14612.8 14041.7 571.114 0 -31.0994 -31.6772 2 20327.9 394.899 10001 8.6292e-05
