100 0.00313216 0.00307476 5.74021e-05 0 0.981673 0.332538 0.307476 0.0250623 0 -28.2271 -28.2271 64 453.882 59.0081 2 0.00153738
200 0.00203096 0.00191951 0.00011145 0 0.945124 0.540924 0.499427 0.0414973 0 -26.7801 -24.4711 64 581.882 66.8124 4 0.000479877
300 0.00217825 0.00205714 0.000121113 0 0.944399 0.762918 0.705141 0.0577771 0 -26.0244 -24.1828 64 645.882 70.3909 5 0.000411428
400 0.00257393 0.00248369 9.02418e-05 0 0.96494 1.02171 0.953509 0.068197 0 -26.168 -26.5913 64 773.882 77.0508 7 0.000354813
500 0.0035374 0.00314663 0.000390766 0 0.889533 1.35778 1.26817 0.0896065 0 -26.2821 -26.6293 64 837.882 80.1736 8 0.000393329
600 0.0040793 0.00364613 0.000433167 0 0.893813 1.76693 1.63279 0.134144 0 -26.818 -28.5961 64 965.882 86.08 10 0.000364613
700 0.0099449 0.00920589 0.000739015 0 0.925689 2.75624 2.55337 0.202864 0 -25.5739 -23.352 64 1029.88 88.8861 11 0.000836899
800 0.00900038 0.00838482 0.00061556 0 0.931607 3.66523 3.39186 0.273377 0 -25.3794 -24.7894 64 1157.88 94.248 13 0.000644986
900 0.0339082 0.0316836 0.00222461 0 0.934393 7.02295 6.56022 0.462732 0 -25.4252 -25.4752 64 1285.88 99.3209 15 0.00211224
1000 0.0227324 0.0211434 0.00158898 0 0.930101 9.33308 8.67456 0.658516 0 -25.5191 -25.8045 64 1349.88 101.763 16 0.00132147
1100 0.0153187 0.0140422 0.00127651 0 0.91667 10.8771 10.0788 0.798306 0 -25.5772 -25.9288 64 1477.88 106.478 18 0.000780123
1200 0.0172004 0.016123 0.00107744 0 0.93736 12.6168 11.6911 0.925675 0 -26.0341 -28.8905 64 1541.88 108.759 19 0.000848579
1300 0.0128065 0.0120421 0.000764438 0 0.940309 13.9041 12.8953 1.00878 0 -26.307 -28.9818 64 1669.88 113.183 21 0.000573433
1400 0.00982717 0.00955868 0.000268488 0 0.972679 14.9097 13.8512 1.05854 0 -26.5622 -30.0909 64 1733.88 115.332 22 0.000434485
1500 0.00920427 0.00883656 0.000367715 0 0.96005 15.8368 14.7348 1.10195 0 -26.7356 -29.5248 64 1861.88 119.513 24 0.00036819
1600 0.00922339 0.00870156 0.000521831 0 0.943423 16.7651 15.605 1.16014 0 -26.8519 -28.8349 64 1989.88 123.553 26 0.000334675
1700 0.0114209 0.0109302 0.000490642 0 0.95704 17.9397 16.698 1.24171 0 -27.026 -29.5106 64 2053.88 125.524 27 0.000404823
1800 0.00939472 0.00903861 0.000356113 0 0.962094 18.8863 17.6019 1.2844 0 -27.1656 -29.8123 64 2181.88 129.377 29 0.000311676
1900 0.00842222 0.00820646 0.000215761 0 0.974382 19.7367 18.4225 1.31416 0 -27.3233 -30.8261 64 2245.88 131.26 30 0.000273549
2000 0.0100732 0.00973371 0.000339489 0 0.966298 20.755 19.3959 1.35908 0 -27.5144 -31.2177 64 2373.88 134.949 32 0.000304178
2100 0.0103702 0.0100515 0.000318755 0 0.969263 21.7992 20.401 1.39822 0 -27.6361 -30.0551 64 2437.88 136.756 33 0.000304591
2200 0.00995189 0.00942207 0.000529814 0 0.946762 22.7839 21.3432 1.4407 0 -27.7461 -30.1821 64 2565.88 140.3 35 0.000269202
2300 0.00852343 0.00838549 0.000137939 0 0.983817 23.6662 22.1818 1.4844 0 -27.9189 -32.3792 64 2629.88 142.039 36 0.00023293
2400 0.0132571 0.0128373 0.000419857 0 0.96833 25.0146 23.4655 1.54912 0 -28.0994 -31.2676 64 2757.88 145.455 38 0.000337823
2500 0.0116624 0.0101576 0.00150485 0 0.870966 26.0598 24.4813 1.5785 0 -28.0744 -27.4769 64 2885.88 148.792 40 0.00025394
2600 0.0230314 0.0219214 0.00111004 0 0.951803 28.3807 26.6734 1.70733 0 -28.0957 -28.3342 64 2949.88 150.433 41 0.000534668
2700 0.0188306 0.0177175 0.00111304 0 0.940892 30.262 28.4452 1.81683 0 -28.1297 -28.6429 64 3077.88 153.662 43 0.000412036
2800 0.0136659 0.0133304 0.000335447 0 0.975454 31.6608 29.7782 1.88265 0 -28.2463 -30.7693 64 3141.88 155.251 44 0.000302964
2900 0.0112683 0.010947 0.000321347 0 0.971482 32.7888 30.8729 1.91594 0 -28.3262 -30.5689 64 3269.88 158.382 46 0.000237977
3000 0.0103589 0.0101345 0.000224358 0 0.978341 33.8335 31.8863 1.94719 0 -28.4189 -31.3276 64 3333.88 159.925 47 0.000215628
3100 0.0415359 0.0398497 0.00168624 0 0.959403 37.9972 35.8713 2.12587 0 -28.4543 -28.7425 64 3461.88 162.966 49 0.000813259
3200 0.0345141 0.0327548 0.00175932 0 0.949026 41.4412 39.1468 2.29438 0 -28.4767 -28.7228 64 3589.88 165.951 51 0.000642251
3300 0.0249013 0.0238015 0.00109988 0 0.95583 43.9822 41.5269 2.4553 0 -28.5527 -29.7935 64 3653.88 167.424 52 0.00045772
3400 0.0199481 0.0189041 0.00104402 0 0.947663 45.9698 43.4173 2.55249 0 -28.6191 -30.0878 64 3781.88 170.331 54 0.000350075
3500 0.0218963 0.020915 0.000981388 0 0.95518 48.169 45.5088 2.66014 0 -28.7277 -30.9977 64 3845.88 171.766 55 0.000380272
3600 0.0184939 0.0179732 0.000520632 0 0.971848 50.044 47.3062 2.73785 0 -28.8304 -31.4682 64 3973.88 174.601 57 0.00031532
3700 0.0156347 0.0153259 0.000308867 0 0.980245 51.6106 48.8388 2.77185 0 -28.9278 -32.0408 64 4037.88 176.002 58 0.000264239
3800 0.0157747 0.0152769 0.000497779 0 0.968444 53.172 50.3664 2.80558 0 -28.9856 -30.896 64 4165.88 178.77 60 0.000254615
3900 0.0151672 0.0148674 0.000299779 0 0.980235 54.703 51.8532 2.84983 0 -29.0541 -31.4309 64 4229.88 180.138 61 0.000243728
4000 0.013193 0.013093 9.99805e-05 0 0.992422 56.0303 53.1625 2.86779 0 -29.1391 -32.6429 64 4357.88 182.843 63 0.000207826
4100 0.0121726 0.0118739 0.000298635 0 0.975467 57.2321 54.3499 2.88218 0 -29.2085 -32.4466 64 4485.88 185.509 65 0.000182676
4200 0.0116618 0.0116056 5.61883e-05 0 0.995182 58.4065 55.5104 2.89604 0 -29.2949 -33.5055 64 4549.88 186.827 66 0.000175843
4300 0.0143956 0.0139606 0.000435007 0 0.969782 59.8296 56.9065 2.92311 0 -29.3531 -31.741 64 4677.88 189.437 68 0.000205303
4400 0.014594 0.0141907 0.000403288 0 0.972366 61.2885 58.3256 2.96288 0 -29.3886 -30.8435 64 4741.88 190.728 69 0.000205663
4500 0.0129301 0.0127384 0.000191788 0 0.985167 62.5922 59.5994 2.99278 0 -29.4505 -32.3607 64 4869.88 193.285 71 0.000179414
4600 0.0102587 0.0101965 6.21784e-05 0 0.993939 63.623 60.6191 3.00395 0 -29.506 -32.877 64 4933.88 194.551 72 0.000141618
4700 0.0112012 0.0111816 1.95407e-05 0 0.998255 64.7575 61.7372 3.02031 0 -29.5561 -32.3633 64 5061.88 197.059 74 0.000151103
4800 0.0101874 0.0100776 0.000109728 0 0.989229 65.7767 62.745 3.03176 0 -29.6105 -33.0675 64 5189.88 199.535 76 0.000132601
4900 0.0096954 0.00956901 0.000126391 0 0.986964 66.7507 63.7019 3.0488 0 -29.67 -33.6899 64 5253.88 200.761 77 0.000124273
5000 0.012262 0.0118873 0.000374652 0 0.969446 67.9714 64.8906 3.08082 0 -29.7215 -32.5346 64 5381.88 203.192 79 0.000150472
5100 0.0115903 0.011332 0.000258249 0 0.977719 69.1341 66.0238 3.11032 0 -29.74 -30.8253 64 5445.88 204.397 80 0.00014165
5200 0.0106492 0.0102362 0.000412941 0 0.961223 70.1835 67.0474 3.13602 0 -29.7664 -31.5031 64 5573.88 206.785 82 0.000124832
5300 0.00973887 0.00916677 0.0005721 0 0.941256 71.1463 67.9641 3.18214 0 -29.7925 -31.696 64 5637.88 207.969 83 0.000110443
5400 0.00977001 0.00924139 0.000528616 0 0.945894 72.1273 68.8883 3.23906 0 -29.808 -30.9292 64 5765.88 210.316 85 0.000108722
5500 0.0163954 0.0155556 0.000839787 0 0.948779 73.7636 70.4438 3.31978 0 -29.8013 -29.5093 64 5829.88 211.48 86 0.000180879
5600 0.0150032 0.0142296 0.000773669 0 0.948433 75.2726 71.8668 3.40581 0 -29.7946 -29.4675 64 5957.88 213.789 88 0.0001617
5700 0.0179553 0.0169409 0.00101441 0 0.943504 77.05 73.5609 3.48916 0 -29.7698 -28.7198 64 6085.88 216.074 90 0.000188232
5800 0.0244367 0.0234146 0.00102217 0 0.958171 79.4827 75.9023 3.58035 0 -29.7587 -29.4073 64 6149.88 217.207 91 0.000257303
5900 0.0341391 0.031401 0.00273807 0 0.919797 82.788 79.0424 3.74559 0 -29.6985 -28.25 64 6277.88 219.456 93 0.000337645
6000 0.0340479 0.0317193 0.00232865 0 0.931607 86.2148 82.2144 4.00045 0 -29.6513 -28.5099 64 6341.88 220.571 94 0.000337439
6100 0.0267897 0.0246789 0.00211075 0 0.921211 88.8801 84.6823 4.19781 0 -29.635 -29.1097 64 6469.88 222.786 96 0.000257072
6200 0.0315783 0.0296478 0.00193046 0 0.938868 92.0483 87.647 4.40124 0 -29.5735 -27.8461 64 6533.88 223.885 97 0.000305648
6300 0.0414543 0.0395615 0.00189274 0 0.954342 96.23 91.6032 4.62683 0 -29.6289 -30.8504 64 6661.88 226.068 99 0.000399611
6400 0.0245441 0.0230742 0.00146993 0 0.940111 98.7004 93.9106 4.78982 0 -29.6484 -30.4061 64 6789.88 228.229 101 0.000228457
6500 0.0199612 0.0191614 0.000799796 0 0.959933 100.728 95.8267 4.90089 0 -29.6821 -31.3211 64 6853.88 229.302 102 0.000187857
6600 0.0194475 0.0187074 0.000740146 0 0.961941 102.672 97.6975 4.97438 0 -29.6986 -30.5541 64 6981.88 231.434 104 0.000179879
6700 0.0162356 0.0157841 0.000451445 0 0.972194 104.299 99.2759 5.02309 0 -29.7269 -31.5114 64 7045.88 232.492 105 0.000150325
6800 0.014278 0.0139857 0.000292288 0 0.979529 105.735 100.674 5.06038 0 -29.7613 -32.2628 64 7173.88 234.594 107 0.000130708
6900 0.0132843 0.013095 0.000189258 0 0.985753 107.067 101.984 5.08272 0 -29.7971 -32.6431 64 7237.88 235.638 108 0.00012125
7000 0.0159754 0.0154065 0.000568867 0 0.964391 108.656 103.525 5.13134 0 -29.8121 -30.8233 64 7365.88 237.713 110 0.000140059
7100 0.0134087 0.0133111 9.76114e-05 0 0.99272 110.023 104.856 5.16701 0 -29.8408 -32.1216 64 7429.88 238.743 111 0.00011992
7200 0.0139537 0.0136061 0.000347586 0 0.97509 111.41 106.216 5.19371 0 -29.8693 -32.1279 64 7557.88 240.791 113 0.000120408
7300 0.0245636 0.0215717 0.00299183 0 0.8782 113.678 108.374 5.30444 0 -29.8065 -26.7211 64 7685.88 242.821 115 0.00018758
7400 0.0337711 0.0320531 0.00171809 0 0.949126 117.069 111.579 5.49026 0 -29.713 -26.5767 64 7749.88 243.83 116 0.000276319
7500 0.0257016 0.0240308 0.0016708 0 0.934992 119.63 113.982 5.64831 0 -29.6804 -28.1924 64 7877.88 245.836 118 0.000203651
7600 0.0229361 0.0217735 0.00116262 0 0.949311 121.938 116.159 5.77868 0 -29.6665 -28.9454 64 7941.88 246.832 119 0.000182971
7700 0.0235448 0.0223501 0.00119463 0 0.949261 124.286 118.394 5.89198 0 -29.6388 -28.2023 64 8069.88 248.813 121 0.000184712
7800 0.0211205 0.0204114 0.000709099 0 0.966426 126.424 120.435 5.98876 0 -29.6405 -29.7363 64 8133.88 249.798 122 0.000167306
7900 0.0277099 0.0264405 0.00126938 0 0.95419 129.171 123.079 6.09125 0 -29.6323 -29.2553 64 8261.88 251.756 124 0.00021323
8000 0.0271919 0.0264903 0.000701622 0 0.974197 131.942 125.728 6.21317 0 -29.6373 -29.8699 64 8389.88 253.699 126 0.00021024
8100 0.0227265 0.02213 0.000596512 0 0.973753 134.234 127.941 6.29223 0 -29.6485 -30.2957 64 8453.88 254.664 127 0.000174252
8200 0.0182537 0.0178232 0.000430465 0 0.976418 136.053 129.724 6.32872 0 -29.6692 -31.1983 64 8581.88 256.585 129 0.000138165
8300 0.0190903 0.0187563 0.000333993 0 0.982505 137.964 131.599 6.36504 0 -29.6855 -30.8413 64 8645.88 257.54 130 0.000144279
8400 0.0177394 0.0173919 0.000347527 0 0.980409 139.741 133.339 6.40276 0 -29.7102 -31.6259 64 8773.88 259.439 132 0.000131756
8500 0.015083 0.014912 0.000170952 0 0.988666 141.251 134.83 6.42071 0 -29.7394 -32.451 64 8837.88 260.384 133 0.00011212
8600 0.0401301 0.0390163 0.00111376 0 0.972246 145.281 138.731 6.54986 0 -29.8018 -31.9865 64 8965.88 262.263 135 0.00028901
8700 0.0246446 0.0239942 0.000650378 0 0.97361 147.783 141.131 6.65164 0 -29.8472 -32.488 64 9029.88 263.197 136 0.000176428
8800 0.0209851 0.0202936 0.000691544 0 0.967046 149.887 143.16 6.72632 0 -29.8874 -32.7088 64 9157.88 265.056 138 0.000147055
8900 0.0186175 0.0180073 0.000610156 0 0.967227 151.739 144.961 6.77801 0 -29.9241 -32.8909 64 9285.88 266.902 140 0.000128624
9000 0.018363 0.0180501 0.000312919 0 0.982959 153.587 146.766 6.8213 0 -29.9611 -32.9967 64 9349.88 267.82 141 0.000128015
9100 0.0271928 0.0241006 0.00309215 0 0.886288 156.1 149.176 6.92358 0 -29.9324 -28.1784 64 9477.88 269.647 143 0.000168536
9200 0.0272548 0.0265391 0.000715642 0 0.973743 158.89 151.83 7.06023 0 -29.9156 -28.977 64 9541.88 270.556 144 0.0001843
9300 0.0440832 0.041964 0.00211922 0 0.951927 163.296 156.026 7.2693 0 -29.9414 -30.8733 64 9669.88 272.365 146 0.000287425
9400 0.0287344 0.0275659 0.00116849 0 0.959335 166.206 158.783 7.42303 0 -29.9602 -31.0121 64 9733.88 273.264 147 0.000187523
9500 0.0365221 0.0340378 0.00248431 0 0.931978 169.779 162.187 7.59228 0 -29.9488 -29.4218 64 9861.88 275.055 149 0.000228442
9600 0.0396197 0.0379882 0.00163149 0 0.958821 173.775 165.986 7.78977 0 -29.9266 -28.9808 64 9989.88 276.835 151 0.000251577
9700 0.0361823 0.034432 0.00175028 0 0.951626 177.395 169.429 7.96615 0 -29.9272 -29.9589 64 10053.9 277.72 152 0.000226527
9800 0.035503 0.032557 0.00294596 0 0.917022 180.797 172.684 8.11271 0 -29.9303 -30.0898 64 10181.9 279.482 154 0.000211409
9900 0.0362387 0.0347324 0.00150629 0 0.958434 184.458 176.158 8.30063 0 -29.957 -31.2736 64 10245.9 280.359 155 0.00022408
10000 0.0632095 0.0610585 0.002151 0 0.96597 190.85 182.264 8.58659 0 -29.9913 -30.9836 64 10373.9 282.105 157 0.000388908
10100 0.0402169 0.0392023 0.00101461 0 0.974771 194.95 186.184 8.76578 0 -30.0278 -31.7253 64 10437.9 282.974 158 0.000248116
10200 0.0436748 0.0422796 0.00139519 0 0.968055 199.326 190.412 8.91443 0 -30.0689 -31.8986 64 10565.9 284.704 160 0.000264247
10300 0.0315806 0.0308226 0.000757995 0 0.975998 202.509 193.494 9.01484 0 -30.1099 -32.6788 64 10629.9 285.565 161 0.000191445
10400 0.0356482 0.0347752 0.000872987 0 0.975511 206.087 196.971 9.11511 0 -30.1694 -33.5398 64 10757.9 287.279 163 0.000213345
10500 0.0471966 0.0452578 0.00193879 0 0.958921 210.73 201.497 9.23296 0 -30.135 -28.6066 64 10885.9 288.983 165 0.00027429
10600 0.0408315 0.0394747 0.00135686 0 0.966769 214.834 205.445 9.38927 0 -30.1325 -30.0017 64 10949.9 289.831 166 0.000237799
10700 0.0367328 0.0356204 0.00111245 0 0.969715 218.535 209.007 9.52811 0 -30.1359 -30.3349 64 11077.9 291.52 168 0.000212026
10800 0.0300085 0.0294383 0.00057016 0 0.981 221.542 211.951 9.59164 0 -30.1588 -31.8254 64 11141.9 292.361 169 0.000174191
10900 0.0282312 0.0278214 0.00040975 0 0.985486 224.372 214.733 9.63961 0 -30.1879 -32.4628 64 11269.9 294.035 171 0.000162699
11000 0.0465131 0.0445315 0.00198159 0 0.957397 228.955 219.186 9.7694 0 -30.1939 -30.4861 64 11333.9 294.869 172 0.000258904
11100 0.0392882 0.0379783 0.00130994 0 0.966658 232.894 222.984 9.91002 0 -30.2158 -31.4945 64 11461.9 296.53 174 0.000218266
11200 0.0317562 0.0306515 0.0011047 0 0.965213 236.082 226.049 10.0335 0 -30.2396 -31.9712 64 11589.9 298.181 176 0.000174156
11300 0.0324176 0.0313854 0.00103223 0 0.968158 239.339 229.187 10.1517 0 -30.2746 -32.8143 64 11653.9 299.003 177 0.000177318
11400 0.027933 0.0269999 0.000933101 0 0.966595 242.137 231.887 10.25 0 -30.3027 -32.7032 64 11781.9 300.64 179 0.000150837
11500 0.0255201 0.0246656 0.00085451 0 0.966516 244.693 234.354 10.3387 0 -30.329 -32.8221 64 11845.9 301.456 180 0.000137031
11600 0.0248521 0.0239527 0.000899381 0 0.963811 247.16 236.749 10.4109 0 -30.3553 -32.9636 64 11973.9 303.08 182 0.000131608
11700 0.0231988 0.0226682 0.000530602 0 0.977128 249.492 239.016 10.4759 0 -30.3859 -33.6341 64 12037.9 303.889 183 0.00012387
11800 0.0239031 0.023118 0.000785119 0 0.967154 251.891 241.328 10.5636 0 -30.4169 -33.6391 64 12165.9 305.5 185 0.000124962
11900 0.0236962 0.0232189 0.000477249 0 0.97986 254.292 243.65 10.642 0 -30.4442 -33.3077 64 12229.9 306.303 186 0.000124833
12000 0.0221963 0.021823 0.000373348 0 0.98318 256.527 245.832 10.6951 0 -30.469 -33.2953 64 12357.9 307.902 188 0.00011608
12100 0.0242009 0.0236334 0.000567551 0 0.976548 258.948 248.195 10.7524 0 -30.4908 -32.796 64 12485.9 309.492 190 0.000124386
12200 0.0245012 0.0237567 0.000744452 0 0.969616 261.389 250.571 10.8182 0 -30.508 -32.3376 64 12549.9 310.284 191 0.000124381
12300 0.0307302 0.0291818 0.00154834 0 0.949615 264.374 253.489 10.8846 0 -30.5075 -30.4645 64 12677.9 311.863 193 0.000151201
12400 0.0343331 0.0338072 0.000525927 0 0.984682 267.852 256.87 10.9824 0 -30.5181 -31.3213 64 12741.9 312.649 194 0.000174264
12500 0.0257505 0.0254223 0.000328228 0 0.987254 270.438 259.412 11.026 0 -30.5379 -32.5844 64 12869.9 314.215 196 0.000129706
12600 0.0221629 0.0221067 5.61261e-05 0 0.997468 272.663 261.623 11.0405 0 -30.5648 -33.8401 64 12933.9 314.996 197 0.000112217
12700 0.0242217 0.0235133 0.000708382 0 0.970754 275.055 263.974 11.0804 0 -30.5788 -32.1735 64 13061.9 316.55 199 0.000118157
12800 0.0204197 0.0203023 0.000117426 0 0.994249 277.119 266.004 11.1151 0 -30.6029 -33.8154 64 13189.9 318.098 201 0.000101006
12900 0.0307145 0.0300783 0.000636217 0 0.979286 280.208 269.012 11.1957 0 -30.621 -32.2451 64 13253.9 318.868 202 0.000148903
13000 0.0366166 0.0328615 0.00375505 0 0.897449 283.65 272.298 11.3518 0 -30.6065 -29.4266 64 13381.9 320.405 204 0.000161086
13100 0.0389374 0.0373286 0.00160875 0 0.958684 287.641 276.031 11.6098 0 -30.6369 -32.7961 64 13445.9 321.17 205 0.000182091
13200 0.0474725 0.0453067 0.00216579 0 0.954378 292.389 280.562 11.8273 0 -30.623 -29.7819 64 13573.9 322.695 207 0.000218873
13300 0.032769 0.0312487 0.00152034 0 0.953604 295.695 283.687 12.0082 0 -30.63 -31.2502 64 13637.9 323.455 208 0.000150234
13400 0.04564 0.0422701 0.00336991 0 0.926163 300.117 287.914 12.203 0 -30.6298 -30.6156 64 13765.9 324.969 210 0.000201286
13500 0.0595042 0.0567159 0.0027883 0 0.953141 306.126 293.585 12.5404 0 -30.6092 -29.5799 64 13829.9 325.724 211 0.000268796
13600 0.0460704 0.0440832 0.00198721 0 0.956866 310.756 297.994 12.7619 0 -30.6084 -30.5535 64 13957.9 327.228 213 0.000206963
13700 0.03791 0.0371152 0.00079483 0 0.979034 314.617 301.705 12.9116 0 -30.6276 -32.1732 64 14085.9 328.725 215 0.000172629
13800 0.0321274 0.0313625 0.000764939 0 0.97619 317.834 304.841 12.9921 0 -30.6511 -32.9558 64 14149.9 329.47 216 0.000145197
13900 0.0308487 0.0298255 0.00102316 0 0.966833 320.884 307.824 13.0596 0 -30.6699 -32.6208 64 14277.9 330.957 218 0.000136814
14000 0.0319464 0.031268 0.000678443 0 0.978763 324.092 310.951 13.1408 0 -30.6952 -33.2309 64 14341.9 331.698 219 0.000142776
14100 0.0319846 0.0315154 0.000469246 0 0.985329 327.299 314.102 13.1966 0 -30.7269 -33.9266 64 14469.9 333.175 221 0.000142604
14200 0.0272981 0.0270619 0.000236181 0 0.991348 330.043 316.809 13.2341 0 -30.7591 -34.6039 64 14533.9 333.911 222 0.0001219
14300 0.0253275 0.0249789 0.000348677 0 0.986233 332.57 319.306 13.2633 0 -30.7909 -34.9367 64 14661.9 335.378 224 0.000111513
14400 0.0230883 0.0229788 0.000109492 0 0.995258 334.884 321.604 13.2796 0 -30.8231 -35.4621 64 14789.9 336.839 226 0.000101676
14500 0.0363961 0.0355401 0.000856004 0 0.976481 338.533 325.158 13.3746 0 -30.8145 -30.0261 64 14853.9 337.567 227 0.000156564
14600 0.0278091 0.0269659 0.000843229 0 0.969678 341.298 327.855 13.4433 0 -30.8258 -32.199 64 14981.9 339.018 229 0.000117755
14700 0.0392014 0.0370989 0.00210249 0 0.946367 345.137 331.565 13.5724 0 -30.8173 -30.0641 64 15045.9 339.742 230 0.0001613
14800 0.032157 0.03086 0.00129701 0 0.959666 348.369 334.651 13.7186 0 -30.8218 -31.2991 64 15173.9 341.184 232 0.000133017
14900 0.0270531 0.0258467 0.00120636 0 0.955408 351.079 337.235 13.8433 0 -30.8325 -32.2092 64 15237.9 341.903 233 0.00011093
15000 0.0355962 0.0332347 0.00236153 0 0.933658 354.645 340.559 14.0857 0 -30.8325 -30.837 64 15365.9 343.336 235 0.000141424
15100 0.028342 0.0265977 0.00174435 0 0.938454 357.517 343.219 14.2981 0 -30.8409 -31.8749 64 15429.9 344.05 236 0.000112702
15200 0.0290946 0.0270354 0.00205921 0 0.929224 360.42 345.922 14.4975 0 -30.845 -31.3492 64 15557.9 345.474 238 0.000113594
15300 0.0319796 0.0288113 0.00316832 0 0.900927 363.518 348.803 14.7142 0 -30.844 -30.7328 64 15685.9 346.892 240 0.000120047
15400 0.0357367 0.0337889 0.00194783 0 0.945495 367.114 352.182 14.9318 0 -30.8629 -32.7734 64 15749.9 347.599 241 0.000140203
15500 0.0286718 0.0267483 0.00192354 0 0.932912 369.992 354.857 15.1345 0 -30.876 -32.5373 64 15877.9 349.009 243 0.000110075
15600 0.0256826 0.0242814 0.00140115 0 0.945444 372.571 357.285 15.2862 0 -30.8913 -33.0901 64 15941.9 349.711 244 9.9514e-05
15700 0.028962 0.0277056 0.00125645 0 0.956617 375.538 360.056 15.482 0 -30.9159 -34.0034 64 16069.9 351.113 246 0.000112624
15800 0.0238905 0.0229494 0.000941131 0 0.960607 377.945 362.351 15.5941 0 -30.9362 -34.1094 64 16133.9 351.811 247 9.29126e-05
15900 0.0234111 0.0227187 0.000692466 0 0.970422 380.315 364.623 15.6926 0 -30.9593 -34.6346 64 16261.9 353.204 249 9.12396e-05
16000 0.0205119 0.0201149 0.000396947 0 0.980648 382.379 366.634 15.7444 0 -30.9834 -35.4384 64 16389.9 354.591 251 8.01391e-05
16100 0.0341347 0.0320952 0.00203946 0 0.940252 385.812 369.844 15.9688 0 -30.9929 -32.0518 64 16453.9 355.283 252 0.000127362
16200 0.0315832 0.0285716 0.00301162 0 0.904645 388.816 372.701 16.1149 0 -30.9934 -31.0474 64 16581.9 356.662 254 0.000112487
16300 0.0458811 0.0424985 0.00338264 0 0.926274 393.366 376.951 16.4149 0 -30.9784 -29.6964 64 16645.9 357.35 255 0.000166661
16400 0.0412781 0.0371862 0.00409185 0 0.900871 397.394 380.669 16.7244 0 -30.9683 -29.9825 64 16773.9 358.721 257 0.000144694
16500 0.0362124 0.0341813 0.00203111 0 0.943911 401.088 384.087 17.0004 0 -30.977 -31.9157 64 16837.9 359.405 258 0.000132486
16600 0.030609 0.0291161 0.00149297 0 0.951225 404.162 386.999 17.1633 0 -30.9882 -32.4521 64 16965.9 360.768 260 0.000111985
16700 0.0273257 0.0267161 0.000609531 0 0.977694 406.947 389.671 17.2762 0 -31.0077 -33.8297 64 17029.9 361.448 261 0.000102361
16800 0.0249767 0.0245624 0.000414315 0 0.983412 409.468 392.127 17.3413 0 -31.0269 -34.1409 64 17157.9 362.804 263 9.33931e-05
16900 0.0236632 0.0218907 0.00177252 0 0.925094 411.729 394.316 17.4135 0 -31.038 -33.0336 64 17285.9 364.155 265 8.26065e-05
17000 0.0231351 0.0228536 0.000281464 0 0.987834 414.097 396.601 17.4959 0 -31.0601 -34.9076 64 17349.9 364.828 266 8.59158e-05
17100 0.0242732 0.0237748 0.000498359 0 0.979469 416.527 398.979 17.548 0 -31.0686 -32.5262 64 17477.9 366.171 268 8.87121e-05
17200 0.0207748 0.0204644 0.000310382 0 0.98506 418.619 401.025 17.5938 0 -31.0857 -34.4905 64 17541.9 366.841 269 7.60758e-05
17300 0.0239113 0.0233593 0.000552015 0 0.976914 421.022 403.361 17.6612 0 -31.1005 -33.6758 64 17669.9 368.177 271 8.61965e-05
17400 0.0250037 0.0242458 0.000757865 0 0.96969 423.512 405.786 17.726 0 -31.112 -33.0564 64 17733.9 368.843 272 8.91391e-05
17500 0.0340205 0.0326666 0.00135388 0 0.960204 426.88 409.052 17.8279 0 -31.1256 -32.831 64 17861.9 370.172 274 0.000119221
17600 0.0339789 0.0330312 0.000947686 0 0.97211 430.312 412.355 17.9565 0 -31.1487 -34.0258 64 17989.9 371.496 276 0.000119678
17700 0.0271486 0.0262611 0.000887492 0 0.96731 433.035 414.982 18.0533 0 -31.1691 -34.3971 64 18053.9 372.156 277 9.48055e-05
17800 0.0241639 0.0233917 0.000772182 0 0.968044 435.443 417.321 18.1227 0 -31.189 -34.7645 64 18181.9 373.473 279 8.38414e-05
17900 0.0211696 0.0208086 0.000361018 0 0.982946 437.571 419.402 18.1692 0 -31.2113 -35.7632 64 18245.9 374.13 280 7.43164e-05
18000 0.0211352 0.0206593 0.000475841 0 0.977486 439.665 421.468 18.1971 0 -31.2333 -35.8462 64 18373.9 375.44 282 7.326e-05
18100 0.0198673 0.01972 0.000147306 0 0.992586 441.663 423.44 18.2231 0 -31.258 -36.6836 64 18437.9 376.093 283 6.9682e-05
18200 0.0204006 0.0198885 0.000512134 0 0.974896 443.673 425.428 18.2451 0 -31.278 -35.6809 64 18565.9 377.396 285 6.97841e-05
18300 0.0192054 0.018962 0.000243419 0 0.987326 445.606 427.325 18.2816 0 -31.2979 -35.8593 64 18629.9 378.046 286 6.63008e-05
18400 0.0282438 0.0272541 0.00098963 0 0.964961 448.437 430.05 18.3872 0 -31.3087 -33.0099 64 18757.9 379.343 288 9.46324e-05
18500 0.0205975 0.0200847 0.00051282 0 0.975103 450.505 432.058 18.4461 0 -31.3255 -34.9534 64 18885.9 380.635 290 6.92575e-05
18600 0.0194809 0.0188599 0.000621051 0 0.96812 452.447 433.944 18.5023 0 -31.3417 -35.1021 64 18949.9 381.279 291 6.48106e-05
18700 0.0217231 0.0209031 0.000820044 0 0.96225 454.588 436.035 18.553 0 -31.3501 -33.126 64 19077.9 382.565 293 7.13416e-05
18800 0.0381642 0.0364757 0.00168848 0 0.955757 458.401 439.682 18.7191 0 -31.3434 -30.5538 64 19141.9 383.206 294 0.000124067
18900 0.0667581 0.0631208 0.0036373 0 0.945515 465.06 445.994 19.0654 0 -31.3064 -28.7527 64 19269.9 384.485 296 0.000213246
19000 0.0451429 0.042293 0.00284986 0 0.93687 469.616 450.224 19.3918 0 -31.2943 -30.0612 64 19333.9 385.123 297 0.000142401
19100 0.0408205 0.0385431 0.00227743 0 0.944209 473.718 454.078 19.6401 0 -31.2912 -30.9439 64 19461.9 386.396 299 0.000128907
19200 0.0449497 0.0427482 0.00220144 0 0.951024 478.248 458.353 19.895 0 -31.2929 -31.4626 64 19589.9 387.664 301 0.000142021
19300 0.0422031 0.0400076 0.00219552 0 0.947977 482.496 462.354 20.1425 0 -31.2885 -30.7924 64 19653.9 388.297 302 0.000132475
19400 0.0362223 0.0346181 0.00160419 0 0.955712 486.124 465.815 20.3087 0 -31.2912 -31.6556 64 19781.9 389.56 304 0.000113875
19500 0.0326151 0.0314832 0.00113192 0 0.965295 489.414 468.964 20.4498 0 -31.2977 -32.2529 64 19845.9 390.189 305 0.000103223
19600 0.0337715 0.0322425 0.00152892 0 0.954727 492.763 472.188 20.5747 0 -31.3063 -32.5633 64 19973.9 391.445 307 0.000105025
19700 0.041439 0.0384657 0.00297328 0 0.928249 496.843 476.035 20.8082 0 -31.3128 -32.1017 64 20037.9 392.072 308 0.000124889
19800 0.0333029 0.031314 0.00198894 0 0.940277 500.191 479.166 21.0246 0 -31.3236 -32.9245 64 20165.9 393.322 310 0.000101013
19900 0.0284757 0.0272443 0.0012314 0 0.956756 503.095 481.89 21.2045 0 -31.3377 -33.7727 64 20229.9 393.946 311 8.76023e-05
20000 0.0346536 0.0329265 0.00172708 0 0.950162 506.565 485.183 21.3815 0 -31.3415 -31.8947 64 20357.9 395.19 313 0.000105197
