100 0.0646329 0.0585523 0.00608059 0 0.905921 6.27307 5.85523 0.41784 0 -27.9049 -27.9049 4 429.882 57.4268 26 0.00225201
200 0.0803087 0.0741129 0.00619585 0 0.92285 14.2882 13.2665 1.02171 0 -27.7051 -27.5486 4 529.882 63.7572 51 0.00145319
300 0.12641 0.11696 0.00944978 0 0.925245 26.7788 24.9626 1.81628 0 -27.5558 -27.3851 4 629.882 69.5136 76 0.00153895
400 0.148591 0.138347 0.0102435 0 0.931062 41.5633 38.7973 2.76606 0 -27.9686 -28.7162 4 729.882 74.8284 101 0.00136978
500 0.189563 0.178425 0.0111384 0 0.941242 60.5917 56.6398 3.95187 0 -28.3887 -29.3064 4 829.882 79.7899 126 0.00141607
600 0.163284 0.153547 0.00973728 0 0.940366 77.0678 71.9944 5.0734 0 -28.7587 -30.1191 4 929.882 84.4605 151 0.00101686
700 0.190625 0.176762 0.013863 0 0.927276 95.8377 89.6706 6.1671 0 -28.5417 -27.6511 4 1029.88 88.8861 176 0.00100433
800 0.255892 0.240902 0.0149906 0 0.941418 121.315 113.761 7.55385 0 -28.5109 -28.3947 4 1129.88 93.1015 201 0.00119852
900 0.280681 0.263683 0.0169985 0 0.939438 149.29 140.129 9.16077 0 -28.4501 -28.1866 4 1229.88 97.1341 226 0.00116674
1000 0.295464 0.275971 0.0194928 0 0.934027 178.752 167.726 11.0262 0 -28.4312 -28.3356 4 1329.88 101.006 251 0.00109949
1100 0.294426 0.275738 0.0186881 0 0.936527 208.229 195.3 12.9287 0 -28.39 -28.1403 4 1429.88 104.735 276 0.000999052
1200 0.291094 0.272875 0.0182193 0 0.937411 237.45 222.588 14.8622 0 -28.4054 -28.515 4 1529.88 108.335 301 0.000906562
1300 0.262101 0.246201 0.0158995 0 0.939338 263.775 247.208 16.5672 0 -28.4405 -28.7568 4 1629.88 111.82 326 0.000755219
1400 0.280685 0.264826 0.0158584 0 0.943501 291.879 273.69 18.1884 0 -28.4312 -28.3441 4 1729.88 115.199 351 0.000754491
1500 0.291077 0.275164 0.0159121 0 0.945333 321.004 301.207 19.7973 0 -28.4342 -28.4637 4 1829.88 118.482 376 0.00073182
1600 0.288903 0.272499 0.0164038 0 0.94322 349.842 328.457 21.3852 0 -28.4522 -28.6531 4 1929.88 121.676 401 0.00067955
1700 0.29885 0.283053 0.0157972 0 0.94714 379.763 356.762 23.0007 0 -28.4685 -28.6587 4 2029.88 124.789 426 0.000664443
1800 0.280353 0.26534 0.0150129 0 0.94645 407.851 383.296 24.5551 0 -28.5471 -29.6097 4 2129.88 127.826 451 0.000588338
1900 0.244437 0.232577 0.0118601 0 0.95148 432.452 406.554 25.8982 0 -28.6334 -30.0654 4 2229.88 130.792 476 0.000488608
2000 0.26148 0.247712 0.0137681 0 0.947346 458.501 431.325 27.176 0 -28.7 -29.8045 4 2329.88 133.692 501 0.000494436
2100 0.285981 0.272464 0.0135175 0 0.952733 487.198 458.571 28.6268 0 -28.7936 -30.2888 4 2429.88 136.531 526 0.000517992
2200 0.287625 0.272875 0.0147506 0 0.948716 515.894 485.859 30.0354 0 -28.8358 -29.5531 4 2529.88 139.313 551 0.000495236
2300 0.383277 0.36361 0.019667 0 0.948687 554.165 522.22 31.9447 0 -28.8608 -29.1982 4 2629.88 142.039 576 0.000631268
2400 0.352099 0.333268 0.0188303 0 0.94652 589.432 555.547 33.8851 0 -28.9071 -29.6333 4 2729.88 144.714 601 0.000554523
2500 0.358211 0.340619 0.0175911 0 0.950892 625.437 589.609 35.8281 0 -28.9618 -29.8584 4 2829.88 147.341 626 0.000544121
2600 0.313116 0.299404 0.0137119 0 0.956208 656.971 619.549 37.4224 0 -29.015 -30.0695 4 2929.88 149.922 651 0.000459914
2700 0.347463 0.332007 0.0154559 0 0.955518 691.797 652.75 39.0468 0 -29.0492 -29.6946 4 3029.88 152.459 676 0.000491135
2800 0.361855 0.344031 0.0178237 0 0.950744 727.947 687.153 40.7945 0 -29.0936 -29.9427 4 3129.88 154.954 701 0.000490772
2900 0.347546 0.331087 0.0164594 0 0.952641 762.885 720.262 42.6238 0 -29.1346 -29.9888 4 3229.88 157.41 726 0.000456043
3000 0.344772 0.327958 0.0168137 0 0.951232 797.42 753.057 44.3623 0 -29.1873 -30.3518 4 3329.88 159.829 751 0.000436696
3100 0.328031 0.311415 0.0166161 0 0.949346 830.315 784.199 46.1162 0 -29.2299 -30.2618 4 3429.88 162.211 776 0.000401308
3200 0.32989 0.311012 0.0188778 0 0.942775 863.151 815.3 47.8507 0 -29.2541 -29.8658 4 3529.88 164.558 801 0.000388279
3300 0.366603 0.347343 0.0192592 0 0.947466 899.959 850.035 49.9246 0 -29.2837 -29.9789 4 3629.88 166.873 826 0.000420513
3400 0.337254 0.318913 0.0183411 0 0.945616 933.666 881.926 51.7399 0 -29.315 -30.1494 4 3729.88 169.156 851 0.000374751
3500 0.3359 0.31954 0.0163598 0 0.951296 967.402 913.88 53.5226 0 -29.3495 -30.3063 4 3829.88 171.409 876 0.000364771
3600 0.317674 0.303775 0.0138992 0 0.956247 999.291 944.257 55.0338 0 -29.3804 -30.3177 4 3929.88 173.632 901 0.000337153
3700 0.388726 0.372484 0.0162424 0 0.958216 1038.16 981.506 56.654 0 -29.3956 -29.7849 4 4029.88 175.827 926 0.000402251
3800 0.362297 0.343575 0.0187223 0 0.948324 1074.22 1015.86 58.3524 0 -29.4251 -30.2765 4 4129.88 177.995 951 0.000361278
3900 0.364617 0.349491 0.0151263 0 0.958515 1110.8 1050.81 59.9915 0 -29.4697 -30.777 4 4229.88 180.138 976 0.000358085
4000 0.350548 0.33437 0.0161785 0 0.953848 1145.8 1084.25 61.5547 0 -29.5078 -30.7189 4 4329.88 182.254 1001 0.000334035
4100 0.348736 0.332694 0.0160417 0 0.954 1180.68 1117.52 63.161 0 -29.5395 -30.5811 4 4429.88 184.347 1026 0.000324263
4200 0.339323 0.326127 0.0131959 0 0.961111 1214.84 1150.13 64.709 0 -29.5829 -31.0819 4 4529.88 186.416 1051 0.000310302
4300 0.311112 0.297941 0.0131703 0 0.957667 1246.01 1179.93 66.0805 0 -29.6181 -30.9902 4 4629.88 188.463 1076 0.000276897
4400 0.301568 0.288661 0.0129071 0 0.9572 1276.1 1208.79 67.3099 0 -29.651 -31.0151 4 4729.88 190.487 1101 0.000262181
4500 0.345834 0.330012 0.0158222 0 0.954249 1310.58 1241.79 68.7845 0 -29.6859 -30.9754 4 4829.88 192.49 1126 0.000293083
4600 0.336631 0.320027 0.016604 0 0.950676 1344.07 1273.8 70.273 0 -29.7066 -30.5191 4 4929.88 194.473 1151 0.000278043
4700 0.341398 0.327216 0.0141822 0 0.958458 1378.26 1306.52 71.7413 0 -29.7362 -30.8968 4 5029.88 196.435 1176 0.000278245
4800 0.330955 0.316988 0.0139668 0 0.957799 1411.38 1338.22 73.1622 0 -29.7672 -31.0601 4 5129.88 198.378 1201 0.000263937
4900 0.333674 0.318756 0.014918 0 0.955292 1444.65 1370.09 74.5583 0 -29.7933 -30.8969 4 5229.88 200.302 1226 0.000259997
5000 0.346159 0.331361 0.0147989 0 0.957248 1479.2 1403.23 75.9716 0 -29.8106 -30.5378 4 5329.88 202.208 1251 0.000264877
5100 0.339703 0.326543 0.0131597 0 0.961261 1513.18 1435.88 77.2935 0 -29.8204 -30.2436 4 5429.88 204.096 1276 0.000255911
5200 0.328795 0.315576 0.0132184 0 0.959798 1546 1467.44 78.5603 0 -29.8413 -30.8083 4 5529.88 205.967 1301 0.000242565
5300 0.331254 0.317819 0.0134344 0 0.959444 1579.06 1499.22 79.8409 0 -29.8583 -30.6531 4 5629.88 207.821 1326 0.000239683
5400 0.364172 0.34965 0.0145214 0 0.960125 1615.49 1534.19 81.306 0 -29.8819 -30.9017 4 5729.88 209.659 1351 0.000258808
5500 0.370554 0.355615 0.0149384 0 0.959686 1652.51 1569.75 82.7592 0 -29.9062 -30.9677 4 5829.88 211.48 1376 0.000258441
5600 0.361628 0.348866 0.0127622 0 0.964709 1689 1604.63 84.3641 0 -29.9335 -31.1726 4 5929.88 213.286 1401 0.000249012
5700 0.358875 0.343002 0.0158731 0 0.95577 1724.78 1638.93 85.8488 0 -29.9426 -30.3707 4 6029.88 215.077 1426 0.000240534
5800 0.381035 0.364792 0.0162429 0 0.957372 1762.89 1675.41 87.4742 0 -29.9425 -29.9388 4 6129.88 216.853 1451 0.000251407
5900 0.426325 0.407238 0.0190872 0 0.955228 1805.47 1716.14 89.3357 0 -29.9451 -30.0512 4 6229.88 218.615 1476 0.000275906
6000 0.430166 0.411772 0.0183941 0 0.957239 1848.61 1757.31 91.2962 0 -29.9518 -30.2339 4 6329.88 220.363 1501 0.000274332
6100 0.416852 0.397242 0.0196101 0 0.952957 1890.3 1797.04 93.2581 0 -29.9593 -30.2891 4 6429.88 222.096 1526 0.000260316
6200 0.422972 0.402379 0.020593 0 0.951314 1932.47 1837.28 95.1939 0 -29.9582 -29.909 4 6529.88 223.817 1551 0.000259432
6300 0.4185 0.399157 0.0193438 0 0.953778 1974.32 1877.19 97.1317 0 -29.9682 -30.4322 4 6629.88 225.524 1576 0.000253272
6400 0.418229 0.400711 0.0175171 0 0.958116 2016.32 1917.26 99.0594 0 -29.9817 -30.6164 4 6729.88 227.219 1601 0.000250288
6500 0.378145 0.361464 0.0166806 0 0.955888 2054.25 1953.41 100.84 0 -30.0014 -31.0457 4 6829.88 228.9 1626 0.000222303
6600 0.375745 0.361172 0.0145732 0 0.961215 2091.97 1989.53 102.444 0 -30.027 -31.4202 4 6929.88 230.57 1651 0.000218759
6700 0.363959 0.349399 0.0145599 0 0.959996 2128.35 2024.47 103.881 0 -30.0468 -31.189 4 7029.88 232.228 1676 0.000208472
6800 0.391216 0.373976 0.0172394 0 0.955934 2167.4 2061.86 105.538 0 -30.0514 -30.304 4 7129.88 233.874 1701 0.000219857
6900 0.399632 0.385346 0.0142859 0 0.964252 2207.57 2100.4 107.168 0 -30.0709 -31.1182 4 7229.88 235.508 1726 0.00022326
7000 0.373646 0.359127 0.0145197 0 0.961141 2244.95 2136.31 108.635 0 -30.0962 -31.5907 4 7329.88 237.131 1751 0.000205098
7100 0.380542 0.366232 0.0143093 0 0.962398 2282.99 2172.94 110.053 0 -30.1261 -31.8908 4 7429.88 238.743 1776 0.000206212
7200 0.37404 0.361926 0.012114 0 0.967613 2320.52 2209.13 111.397 0 -30.1498 -31.5903 4 7529.88 240.344 1801 0.000200958
7300 0.436522 0.41913 0.0173919 0 0.960158 2364.04 2251.04 113 0 -30.1608 -30.7487 4 7629.88 241.935 1826 0.000229534
7400 0.407425 0.391823 0.0156019 0 0.961706 2404.86 2290.22 114.637 0 -30.1693 -30.6624 4 7729.88 243.515 1851 0.000211682
7500 0.3954 0.380994 0.0144054 0 0.963568 2444.49 2328.32 116.164 0 -30.1853 -31.1573 4 7829.88 245.086 1876 0.000203089
7600 0.377616 0.363409 0.0142067 0 0.962378 2482.26 2364.66 117.594 0 -30.1986 -31.0596 4 7929.88 246.646 1901 0.000191167
7700 0.430058 0.412505 0.0175522 0 0.959186 2525.09 2405.91 119.175 0 -30.2041 -30.5196 4 8029.88 248.196 1926 0.000214177
7800 0.415823 0.40065 0.015173 0 0.963511 2566.7 2445.98 120.721 0 -30.2224 -31.3356 4 8129.88 249.737 1951 0.000205356
7900 0.395889 0.382769 0.0131198 0 0.96686 2606.51 2484.26 122.25 0 -30.2463 -31.7892 4 8229.88 251.268 1976 0.000193709
8000 0.375046 0.362969 0.0120771 0 0.967798 2644.06 2520.55 123.506 0 -30.2712 -31.9962 4 8329.88 252.79 2001 0.000181394
8100 0.401915 0.387377 0.0145384 0 0.963827 2684.19 2559.29 124.901 0 -30.2919 -31.6584 4 8429.88 254.303 2026 0.000191203
8200 0.403406 0.389139 0.0142676 0 0.964632 2724.53 2598.2 126.327 0 -30.314 -31.7797 4 8529.88 255.806 2051 0.000189731
8300 0.408339 0.395518 0.0128217 0 0.9686 2765.53 2637.76 127.776 0 -30.3283 -31.2845 4 8629.88 257.302 2076 0.000190519
8400 0.438217 0.421875 0.0163427 0 0.962706 2809.23 2679.94 129.29 0 -30.3453 -31.4192 4 8729.88 258.788 2101 0.000200797
8500 0.454116 0.437066 0.0170499 0 0.962455 2854.68 2723.65 131.031 0 -30.361 -31.3319 4 8829.88 260.266 2126 0.000205582
8600 0.396899 0.384571 0.0123281 0 0.968939 2894.59 2762.11 132.486 0 -30.3838 -32.0158 4 8929.88 261.736 2151 0.000178787
8700 0.401992 0.39034 0.0116518 0 0.971015 2934.98 2801.14 133.838 0 -30.4095 -32.247 4 9029.88 263.197 2176 0.000179384
8800 0.373313 0.362068 0.0112458 0 0.969876 2972.38 2837.35 135.036 0 -30.4344 -32.3916 4 9129.88 264.65 2201 0.000164501
8900 0.380157 0.366791 0.0133663 0 0.96484 3010.26 2874.03 136.232 0 -30.4549 -32.0649 4 9229.88 266.096 2226 0.000164776
9000 0.408679 0.394652 0.0140276 0 0.965676 3051.09 2913.49 137.6 0 -30.4651 -31.2143 4 9329.88 267.533 2251 0.000175323
9100 0.41967 0.402752 0.0169176 0 0.959688 3092.86 2953.77 139.097 0 -30.4703 -30.85 4 9429.88 268.963 2276 0.000176956
9200 0.398478 0.385149 0.0133291 0 0.96655 3132.84 2992.28 140.556 0 -30.4813 -31.3292 4 9529.88 270.386 2301 0.000167383
9300 0.396462 0.381463 0.0149994 0 0.962167 3172.45 3030.43 142.019 0 -30.4885 -31.0637 4 9629.88 271.801 2326 0.000163999
9400 0.416954 0.401276 0.0156775 0 0.9624 3214.13 3070.56 143.573 0 -30.4929 -30.8267 4 9729.88 273.208 2351 0.000170683
9500 0.39098 0.377067 0.0139136 0 0.964414 3253.27 3108.26 145.007 0 -30.5029 -31.3194 4 9829.88 274.609 2376 0.000158698
9600 0.413342 0.399123 0.0142185 0 0.965601 3294.59 3148.18 146.413 0 -30.5042 -30.6103 4 9929.88 276.002 2401 0.000166232
9700 0.409489 0.396016 0.0134727 0 0.967099 3335.6 3187.78 147.823 0 -30.5092 -30.9138 4 10029.9 277.388 2426 0.000163238
9800 0.40681 0.391816 0.0149941 0 0.963142 3376.15 3226.96 149.194 0 -30.5155 -31.028 4 10129.9 278.768 2451 0.00015986
9900 0.403512 0.390787 0.0127247 0 0.968465 3416.6 3266.04 150.563 0 -30.524 -31.2352 4 10229.9 280.14 2476 0.00015783
10000 0.432515 0.417613 0.0149015 0 0.965547 3459.87 3307.8 152.068 0 -30.5368 -31.5485 4 10329.9 281.506 2501 0.000166979
10100 0.398506 0.386397 0.0121084 0 0.969615 3499.88 3346.44 153.437 0 -30.5513 -31.8093 4 10429.9 282.865 2526 0.000152968
10200 0.399775 0.386644 0.0131303 0 0.967156 3539.87 3385.1 154.772 0 -30.5653 -31.7843 4 10529.9 284.218 2551 0.000151566
10300 0.418876 0.405494 0.0133823 0 0.968052 3581.83 3425.65 156.177 0 -30.5755 -31.4357 4 10629.9 285.565 2576 0.000157412
10400 0.393322 0.376932 0.0163902 0 0.958329 3620.87 3463.35 157.524 0 -30.5859 -31.5465 4 10729.9 286.905 2601 0.000144918
10500 0.387525 0.374167 0.0133576 0 0.965531 3659.64 3500.76 158.875 0 -30.5993 -31.849 4 10829.9 288.238 2626 0.000142486
10600 0.400279 0.387788 0.0124906 0 0.968795 3699.85 3539.54 160.306 0 -30.6147 -32.0163 4 10929.9 289.566 2651 0.00014628
10700 0.404918 0.390412 0.0145064 0 0.964175 3740.38 3578.58 161.801 0 -30.6289 -31.9185 4 11029.9 290.888 2676 0.000145894
10800 0.360022 0.349234 0.0107873 0 0.970037 3776.62 3613.51 163.115 0 -30.6481 -32.6384 4 11129.9 292.203 2701 0.000129298
10900 0.342442 0.332209 0.0102324 0 0.970119 3810.95 3646.73 164.226 0 -30.6653 -32.5523 4 11229.9 293.513 2726 0.000121867
11000 0.342924 0.330826 0.0120982 0 0.96472 3845.1 3679.81 165.287 0 -30.6792 -32.2263 4 11329.9 294.817 2751 0.000120257
11100 0.330497 0.320949 0.00954793 0 0.97111 3878.23 3711.9 166.324 0 -30.6949 -32.5275 4 11429.9 296.115 2776 0.000115616
11200 0.33091 0.322014 0.00889543 0 0.973118 3911.43 3744.11 167.324 0 -30.7101 -32.4784 4 11529.9 297.408 2801 0.000114964
11300 0.337292 0.328524 0.00876767 0 0.974006 3945.27 3776.96 168.314 0 -30.7248 -32.4232 4 11629.9 298.695 2826 0.000116251
11400 0.333133 0.322863 0.0102702 0 0.969171 3978.52 3809.24 169.273 0 -30.7394 -32.4702 4 11729.9 299.976 2851 0.000113246
11500 0.364554 0.353682 0.010872 0 0.970177 4014.99 3844.61 170.383 0 -30.7493 -31.8377 4 11829.9 301.252 2876 0.000122977
11600 0.40767 0.396169 0.0115013 0 0.971788 4055.83 3884.23 171.604 0 -30.7488 -30.6994 4 11929.9 302.523 2901 0.000136563
11700 0.41152 0.395719 0.015801 0 0.961603 4096.88 3923.8 173.077 0 -30.7481 -30.6768 4 12029.9 303.788 2926 0.000135242
11800 0.388395 0.373307 0.0150875 0 0.961154 4135.7 3961.13 174.564 0 -30.7537 -31.3421 4 12129.9 305.048 2951 0.000126502
11900 0.380777 0.367338 0.0134391 0 0.964706 4173.82 3997.87 175.951 0 -30.7615 -31.6054 4 12229.9 306.303 2976 0.000123433
12000 0.362715 0.350489 0.0122256 0 0.966294 4210.19 4032.91 177.271 0 -30.7726 -32.0469 4 12329.9 307.553 3001 0.000116791
12100 0.356819 0.344939 0.0118792 0 0.966708 4245.95 4067.41 178.544 0 -30.7817 -31.8534 4 12429.9 308.797 3026 0.000113992
12200 0.377918 0.364411 0.0135076 0 0.964258 4283.69 4103.85 179.842 0 -30.7893 -31.6445 4 12529.9 310.037 3051 0.00011944
12300 0.403485 0.389904 0.0135806 0 0.966342 4324.07 4142.84 181.229 0 -30.7966 -31.5741 4 12629.9 311.272 3076 0.000126757
12400 0.429876 0.414801 0.0150757 0 0.96493 4367.1 4184.32 182.78 0 -30.8034 -31.4866 4 12729.9 312.502 3101 0.000133764
12500 0.390433 0.376116 0.0143174 0 0.963329 4406.25 4221.93 184.32 0 -30.8098 -31.5244 4 12829.9 313.727 3126 0.000120319
12600 0.400399 0.384726 0.0156733 0 0.960856 4446.29 4260.4 185.89 0 -30.8131 -31.1713 4 12929.9 314.947 3151 0.000122096
12700 0.376941 0.362536 0.0144048 0 0.961785 4484.04 4296.66 187.382 0 -30.8219 -31.8658 4 13029.9 316.162 3176 0.000114149
12800 0.393636 0.375184 0.0184516 0 0.953125 4523.11 4334.18 188.935 0 -30.8246 -31.1271 4 13129.9 317.373 3201 0.000117208
12900 0.455956 0.437183 0.018773 0 0.958827 4568.72 4377.89 190.826 0 -30.8287 -31.2437 4 13229.9 318.58 3226 0.000135519
13000 0.403158 0.384749 0.0184093 0 0.954337 4608.93 4416.37 192.558 0 -30.834 -31.4357 4 13329.9 319.781 3251 0.000118348
13100 0.403994 0.388442 0.0155524 0 0.961503 4649.49 4455.21 194.276 0 -30.8369 -31.1658 4 13429.9 320.979 3276 0.000118572
13200 0.382193 0.368097 0.0140962 0 0.963118 4687.9 4492.02 195.873 0 -30.8448 -31.7946 4 13529.9 322.171 3301 0.000111511
13300 0.376213 0.362637 0.0135753 0 0.963916 4725.51 4528.29 197.224 0 -30.8547 -32.0947 4 13629.9 323.36 3326 0.000109031
13400 0.366309 0.353068 0.0132413 0 0.963852 4762.12 4563.59 198.53 0 -30.8623 -31.8413 4 13729.9 324.544 3351 0.000105362
13500 0.378201 0.365751 0.01245 0 0.967081 4800.03 4600.17 199.858 0 -30.8677 -31.5496 4 13829.9 325.724 3376 0.000108339
13600 0.454492 0.438467 0.0160246 0 0.964742 4845.54 4644.02 201.52 0 -30.8676 -30.8556 4 13929.9 326.899 3401 0.000128923
13700 0.427631 0.410264 0.0173669 0 0.959388 4888.23 4685.04 203.184 0 -30.8657 -30.6489 4 14029.9 328.07 3426 0.00011975
13800 0.458907 0.439526 0.0193814 0 0.957766 4934.16 4728.99 205.167 0 -30.8646 -30.7417 4 14129.9 329.238 3451 0.000127362
13900 0.448797 0.430904 0.0178935 0 0.96013 4979.08 4772.09 206.998 0 -30.8697 -31.4356 4 14229.9 330.401 3476 0.000123965
14000 0.443867 0.427328 0.0165388 0 0.962739 5023.55 4814.82 208.736 0 -30.8737 -31.3219 4 14329.9 331.559 3501 0.000122059
14100 0.432817 0.417238 0.0155793 0 0.964005 5066.87 4856.54 210.327 0 -30.875 -31.0262 4 14429.9 332.714 3526 0.000118332
14200 0.423632 0.408753 0.014879 0 0.964878 5109.31 4897.42 211.891 0 -30.8781 -31.247 4 14529.9 333.865 3551 0.000115109
14300 0.429161 0.412345 0.0168169 0 0.960815 5152.14 4938.65 213.485 0 -30.8781 -30.8798 4 14629.9 335.012 3576 0.000115309
14400 0.412237 0.397086 0.0151506 0 0.963248 5193.41 4978.36 215.051 0 -30.88 -31.1105 4 14729.9 336.155 3601 0.000110271
14500 0.432753 0.415061 0.0176925 0 0.959116 5236.59 5019.87 216.727 0 -30.8811 -31.0172 4 14829.9 337.294 3626 0.000114468
14600 0.435077 0.418183 0.0168942 0 0.96117 5280.1 5061.68 218.414 0 -30.8858 -31.4527 4 14929.9 338.43 3651 0.000114539
14700 0.415151 0.399537 0.015614 0 0.96239 5321.61 5101.64 219.975 0 -30.8942 -31.9584 4 15029.9 339.561 3676 0.000108688
14800 0.454001 0.436052 0.0179486 0 0.960466 5366.91 5145.24 221.667 0 -30.8982 -31.3727 4 15129.9 340.689 3701 0.00011782
14900 0.433655 0.417726 0.0159288 0 0.963269 5410.37 5187.02 223.349 0 -30.9013 -31.2838 4 15229.9 341.813 3726 0.000112111
15000 0.42597 0.411733 0.0142366 0 0.966578 5453.17 5228.19 224.983 0 -30.9052 -31.3981 4 15329.9 342.933 3751 0.000109766
15100 0.443195 0.426026 0.0171687 0 0.961261 5497.38 5270.79 226.589 0 -30.9079 -31.2425 4 15429.9 344.05 3776 0.000112825
15200 0.415451 0.400381 0.0150699 0 0.963727 5539.08 5310.83 228.248 0 -30.9149 -31.8279 4 15529.9 345.163 3801 0.000105336
15300 0.41687 0.401775 0.0150954 0 0.963789 5580.77 5351.01 229.765 0 -30.9188 -31.4368 4 15629.9 346.272 3826 0.000105012
15400 0.41629 0.401461 0.0148287 0 0.964379 5622.47 5391.15 231.316 0 -30.9228 -31.4669 4 15729.9 347.378 3851 0.000104249
15500 0.382871 0.370931 0.0119406 0 0.968813 5660.93 5428.25 232.687 0 -30.931 -32.1297 4 15829.9 348.481 3876 9.56994e-05
15600 0.384508 0.370259 0.0142489 0 0.962943 5699.26 5465.27 233.986 0 -30.9384 -32.0247 4 15929.9 349.58 3901 9.49138e-05
15700 0.465589 0.444993 0.0205957 0 0.955764 5745.37 5509.77 235.602 0 -30.9407 -31.2264 4 16029.9 350.675 3926 0.000113345
15800 0.440551 0.425407 0.0151437 0 0.965626 5789.69 5552.31 237.373 0 -30.9488 -32.0027 4 16129.9 351.767 3951 0.000107671
15900 0.408214 0.393781 0.014433 0 0.964644 5830.58 5591.69 238.887 0 -30.956 -31.972 4 16229.9 352.856 3976 9.90396e-05
16000 0.390416 0.376356 0.0140599 0 0.963987 5869.66 5629.33 240.337 0 -30.9649 -32.2972 4 16329.9 353.942 4001 9.40655e-05
16100 0.370746 0.359136 0.0116093 0 0.968687 5906.89 5665.24 241.653 0 -30.976 -32.7231 4 16429.9 355.024 4026 8.92043e-05
16200 0.374348 0.362026 0.0123222 0 0.967084 5944.4 5701.44 242.961 0 -30.9844 -32.3079 4 16529.9 356.102 4051 8.93671e-05
16300 0.395119 0.382872 0.0122479 0 0.969002 5984.02 5739.73 244.291 0 -30.9927 -32.2345 4 16629.9 357.178 4076 9.39332e-05
16400 0.382494 0.36941 0.0130839 0 0.965793 6022.28 5776.67 245.609 0 -31.0037 -32.726 4 16729.9 358.25 4101 9.00781e-05
16500 0.392112 0.379257 0.0128551 0 0.967216 6061.56 5814.6 246.964 0 -31.0153 -32.7987 4 16829.9 359.319 4126 9.19188e-05
16600 0.394043 0.380529 0.0135145 0 0.965703 6100.94 5852.65 248.295 0 -31.0241 -32.3803 4 16929.9 360.385 4151 9.16715e-05
16700 0.371453 0.359145 0.0123073 0 0.966867 6138.07 5888.56 249.51 0 -31.0335 -32.5757 4 17029.9 361.448 4176 8.60023e-05
16800 0.358669 0.347475 0.0111945 0 0.968789 6174.05 5923.31 250.735 0 -31.043 -32.655 4 17129.9 362.508 4201 8.27124e-05
16900 0.361731 0.349603 0.0121285 0 0.966471 6210.27 5958.27 252.003 0 -31.0514 -32.4808 4 17229.9 363.564 4226 8.27266e-05
17000 0.383792 0.369632 0.0141605 0 0.963104 6248.65 5995.23 253.419 0 -31.0592 -32.3279 4 17329.9 364.618 4251 8.69517e-05
17100 0.416862 0.400961 0.0159005 0 0.961857 6290.29 6035.33 254.956 0 -31.0647 -31.8869 4 17429.9 365.668 4276 9.37702e-05
17200 0.456826 0.438644 0.018182 0 0.960199 6335.94 6079.2 256.744 0 -31.0641 -30.9812 4 17529.9 366.716 4301 0.000101986
17300 0.479997 0.461623 0.0183734 0 0.961722 6383.99 6125.36 258.634 0 -31.0622 -30.8163 4 17629.9 367.76 4326 0.000106709
17400 0.443424 0.427673 0.0157501 0 0.964481 6428.44 6168.13 260.318 0 -31.0625 -31.1063 4 17729.9 368.802 4351 9.82931e-05
17500 0.469774 0.453395 0.0163788 0 0.965135 6475.55 6213.46 262.09 0 -31.0619 -30.9765 4 17829.9 369.84 4376 0.00010361
17600 0.418668 0.405745 0.0129228 0 0.969133 6517.71 6254.04 263.672 0 -31.0681 -32.0186 4 17929.9 370.876 4401 9.21938e-05
17700 0.380927 0.368828 0.0120985 0 0.968239 6555.83 6290.92 264.905 0 -31.0753 -32.3055 4 18029.9 371.909 4426 8.33322e-05
17800 0.39466 0.383467 0.0111926 0 0.97164 6595.43 6329.27 266.159 0 -31.0802 -31.9013 4 18129.9 372.939 4451 8.61531e-05
17900 0.383681 0.371491 0.0121901 0 0.968229 6633.72 6366.42 267.307 0 -31.0885 -32.5187 4 18229.9 373.966 4476 8.29961e-05
18000 0.422177 0.410502 0.0116748 0 0.972346 6676.04 6407.47 268.573 0 -31.0983 -32.6333 4 18329.9 374.99 4501 9.12024e-05
18100 0.383658 0.373616 0.0100416 0 0.973827 6714.54 6444.83 269.713 0 -31.1077 -32.737 4 18429.9 376.012 4526 8.25489e-05
18200 0.365781 0.353104 0.0126769 0 0.965343 6750.82 6480.14 270.679 0 -31.1156 -32.5811 4 18529.9 377.03 4551 7.75882e-05
18300 0.448303 0.43247 0.0158335 0 0.964681 6795.53 6523.39 272.14 0 -31.1174 -31.3758 4 18629.9 378.046 4576 9.45082e-05
18400 0.441396 0.426858 0.0145378 0 0.967064 6839.88 6566.07 273.809 0 -31.1202 -31.5626 4 18729.9 379.06 4601 9.27751e-05
18500 0.439289 0.425064 0.0142253 0 0.967617 6884.01 6608.58 275.433 0 -31.1246 -31.7987 4 18829.9 380.07 4626 9.18859e-05
18600 0.420246 0.4058 0.0144457 0 0.965626 6926.16 6649.16 277.003 0 -31.1262 -31.3961 4 18929.9 381.078 4651 8.72501e-05
18700 0.396682 0.381302 0.0153804 0 0.961227 6965.77 6687.29 278.481 0 -31.1306 -31.8992 4 19029.9 382.083 4676 8.15445e-05
18800 0.396214 0.38076 0.0154538 0 0.960996 7005.31 6725.37 279.945 0 -31.1346 -31.8327 4 19129.9 383.086 4701 8.09956e-05
18900 0.377103 0.366304 0.0107989 0 0.971363 7043.25 6762 281.254 0 -31.1393 -32.0051 4 19229.9 384.086 4726 7.75083e-05
19000 0.383976 0.371725 0.0122503 0 0.968096 7081.56 6799.17 282.39 0 -31.1462 -32.4133 4 19329.9 385.083 4751 7.82415e-05
19100 0.448434 0.432195 0.016239 0 0.963787 7126.38 6842.39 283.988 0 -31.1491 -31.6142 4 19429.9 386.078 4776 9.04931e-05
19200 0.455734 0.439203 0.0165315 0 0.963725 7172.03 6886.31 285.727 0 -31.1482 -31.0007 4 19529.9 387.07 4801 9.14815e-05
19300 0.417157 0.402547 0.0146102 0 0.964977 7213.85 6926.56 287.291 0 -31.1501 -31.483 4 19629.9 388.06 4826 8.34121e-05
19400 0.473028 0.454095 0.0189328 0 0.959975 7260.99 6971.97 289.017 0 -31.1498 -31.0932 4 19729.9 389.047 4851 9.36086e-05
19500 0.437712 0.423504 0.0142072 0 0.967542 7304.98 7014.32 290.655 0 -31.1554 -32.0834 4 19829.9 390.032 4876 8.68549e-05
19600 0.424143 0.409777 0.0143658 0 0.96613 7347.39 7055.3 292.085 0 -31.1605 -32.0502 4 19929.9 391.014 4901 8.3611e-05
19700 0.440611 0.424421 0.01619 0 0.963256 7391.39 7097.74 293.645 0 -31.1659 -32.0584 4 20029.9 391.994 4926 8.61593e-05
19800 0.44113 0.426152 0.0149779 0 0.966046 7435.65 7140.36 295.295 0 -31.1684 -31.596 4 20129.9 392.971 4951 8.60739e-05
19900 0.487948 0.470029 0.0179193 0 0.963276 7484.51 7187.36 297.148 0 -31.1654 -30.7058 4 20229.9 393.946 4976 9.44592e-05
20000 0.507233 0.488386 0.018847 0 0.962844 7535.34 7236.2 299.145 0 -31.1609 -30.5015 4 20329.9 394.919 5001 9.76578e-05
20100 0.438392 0.423746 0.0146458 0 0.966592 7579.35 7278.57 300.775 0 -31.1632 -31.5502 4 20429.9 395.889 5026 8.43108e-05
20200 0.430162 0.414838 0.0153238 0 0.964377 7622.34 7320.06 302.286 0 -31.167 -31.8277 4 20529.9 396.856 5051 8.213e-05
20300 0.454695 0.439333 0.0153614 0 0.966216 7667.97 7363.99 303.975 0 -31.1735 -32.2603 4 20629.9 397.822 5076 8.65511e-05
20400 0.439319 0.422681 0.0166373 0 0.962129 7711.76 7406.26 305.501 0 -31.178 -31.97 4 20729.9 398.785 5101 8.28624e-05
20500 0.470104 0.455702 0.0144015 0 0.969365 7758.92 7451.83 307.094 0 -31.1802 -31.5455 4 20829.9 399.745 5126 8.89002e-05
20600 0.44173 0.427754 0.0139763 0 0.96836 7803.15 7494.6 308.543 0 -31.1865 -32.2833 4 20929.9 400.704 5151 8.30429e-05
20700 0.445903 0.431893 0.0140093 0 0.968582 7847.83 7537.79 310.038 0 -31.1927 -32.2833 4 21029.9 401.66 5176 8.34415e-05
20800 0.479702 0.464626 0.0150766 0 0.968571 7895.92 7584.26 311.66 0 -31.1975 -31.9813 4 21129.9 402.614 5201 8.93339e-05
20900 0.441225 0.426615 0.0146101 0 0.966887 7940.05 7626.92 313.132 0 -31.2018 -31.9605 4 21229.9 403.565 5226 8.16332e-05
21000 0.46831 0.451429 0.016881 0 0.963953 7986.7 7672.06 314.639 0 -31.2047 -31.7105 4 21329.9 404.515 5251 8.59701e-05
21100 0.469493 0.455613 0.0138795 0 0.970437 8033.87 7717.62 316.25 0 -31.2096 -32.0303 4 21429.9 405.462 5276 8.63558e-05
21200 0.430137 0.418309 0.0118278 0 0.972502 8077.1 7759.45 317.646 0 -31.2145 -32.1211 4 21529.9 406.407 5301 7.89114e-05
21300 0.401602 0.390007 0.0115956 0 0.971127 8117.26 7798.45 318.809 0 -31.2213 -32.5882 4 21629.9 407.349 5326 7.32269e-05
21400 0.396902 0.385257 0.0116445 0 0.970661 8157 7836.98 320.02 0 -31.2287 -32.7435 4 21729.9 408.29 5351 7.19973e-05
21500 0.456923 0.443396 0.0135272 0 0.970395 8202.71 7881.32 321.39 0 -31.2299 -31.441 4 21829.9 409.228 5376 8.2477e-05
21600 0.442509 0.429563 0.012946 0 0.970744 8247.06 7924.28 322.788 0 -31.233 -31.8169 4 21929.9 410.165 5401 7.9534e-05
21700 0.423185 0.41191 0.0112742 0 0.973359 8289.63 7965.47 324.165 0 -31.237 -32.0086 4 22029.9 411.099 5426 7.59142e-05
21800 0.412283 0.400312 0.0119712 0 0.970964 8330.91 8005.5 325.408 0 -31.2427 -32.3904 4 22129.9 412.031 5451 7.34383e-05
21900 0.436094 0.422083 0.0140113 0 0.967871 8374.42 8047.71 326.714 0 -31.2424 -31.1855 4 22229.9 412.961 5476 7.70787e-05
22000 0.485772 0.468407 0.0173649 0 0.964253 8422.7 8094.55 328.157 0 -31.2398 -30.7809 4 22329.9 413.888 5501 8.51494e-05
22100 0.504264 0.487842 0.0164218 0 0.967434 8473.29 8143.33 329.96 0 -31.2395 -31.2003 4 22429.9 414.814 5526 8.82813e-05
22200 0.483436 0.46652 0.0169162 0 0.965008 8521.79 8189.98 331.81 0 -31.2409 -31.4776 4 22529.9 415.738 5551 8.40426e-05
22300 0.476327 0.457512 0.0188145 0 0.960501 8569.31 8235.73 333.578 0 -31.2427 -31.5613 4 22629.9 416.659 5576 8.20503e-05
22400 0.45116 0.435347 0.0158125 0 0.964951 8614.63 8279.27 335.363 0 -31.2466 -31.985 4 22729.9 417.579 5601 7.77267e-05
22500 0.468835 0.451824 0.0170113 0 0.963716 8661.6 8324.45 337.151 0 -31.2501 -31.9058 4 22829.9 418.497 5626 8.031e-05
22600 0.449378 0.435517 0.0138605 0 0.969156 8706.8 8368 338.795 0 -31.2555 -32.278 4 22929.9 419.412 5651 7.70691e-05
22700 0.444342 0.430114 0.014228 0 0.96798 8751.3 8411.01 340.28 0 -31.2608 -32.3011 4 23029.9 420.326 5676 7.57777e-05
22800 0.461632 0.445539 0.0160933 0 0.965138 8797.38 8455.57 341.814 0 -31.2627 -31.6332 4 23129.9 421.237 5701 7.8151e-05
22900 0.433925 0.419824 0.0141005 0 0.967505 8840.95 8497.55 343.4 0 -31.2672 -32.1649 4 23229.9 422.147 5726 7.33189e-05
23000 0.451581 0.434891 0.0166894 0 0.963042 8885.99 8541.04 344.95 0 -31.271 -32.0247 4 23329.9 423.055 5751 7.56201e-05
23100 0.468708 0.449731 0.0189775 0 0.959511 8932.6 8586.01 346.584 0 -31.2716 -31.3712 4 23429.9 423.96 5776 7.7862e-05
23200 0.458384 0.44418 0.0142039 0 0.969013 8978.63 8630.43 348.195 0 -31.2746 -31.8742 4 23529.9 424.864 5801 7.65695e-05
23300 0.457641 0.441677 0.0159639 0 0.965117 9024.35 8674.6 349.75 0 -31.2774 -31.8104 4 23629.9 425.766 5826 7.58114e-05
23400 0.470846 0.455595 0.0152506 0 0.96761 9071.56 8720.16 351.402 0 -31.2794 -31.6725 4 23729.9 426.666 5851 7.78662e-05
23500 0.487541 0.470713 0.0168285 0 0.965483 9120.33 8767.23 353.097 0 -31.281 -31.5724 4 23829.9 427.564 5876 8.01077e-05
23600 0.48486 0.468629 0.0162318 0 0.966523 9168.87 8814.09 354.776 0 -31.2818 -31.439 4 23929.9 428.46 5901 7.94151e-05
23700 0.507347 0.491094 0.016253 0 0.967965 9219.76 8863.2 356.562 0 -31.2842 -31.7186 4 24029.9 429.354 5926 8.28711e-05
23800 0.464778 0.449954 0.0148242 0 0.968105 9266.34 8908.2 358.139 0 -31.2891 -32.2446 4 24129.9 430.247 5951 7.56097e-05
23900 0.503424 0.486318 0.0171057 0 0.966021 9316.65 8956.83 359.817 0 -31.2903 -31.5112 4 24229.9 431.137 5976 8.13785e-05
24000 0.461105 0.447849 0.0132558 0 0.971252 9362.93 9001.61 361.316 0 -31.2939 -32.0329 4 24329.9 432.026 6001 7.4629e-05
24100 0.466745 0.452196 0.0145484 0 0.96883 9409.63 9046.83 362.796 0 -31.2985 -32.2159 4 24429.9 432.913 6026 7.50408e-05
24200 0.459924 0.4438 0.0161242 0 0.964942 9455.45 9091.21 364.241 0 -31.3034 -32.2999 4 24529.9 433.798 6051 7.33433e-05
24300 0.443815 0.428442 0.0153727 0 0.965362 9499.9 9134.06 365.84 0 -31.3086 -32.4207 4 24629.9 434.682 6076 7.05139e-05
24400 0.458225 0.442893 0.0153321 0 0.96654 9545.77 9178.35 367.418 0 -31.3126 -32.1539 4 24729.9 435.563 6101 7.25935e-05
24500 0.453919 0.439099 0.0148205 0 0.96735 9591.26 9222.26 369 0 -31.3159 -32.0058 4 24829.9 436.443 6126 7.16779e-05
24600 0.45745 0.443004 0.0144457 0 0.968421 9637.16 9266.56 370.601 0 -31.3197 -32.0999 4 24929.9 437.321 6151 7.20214e-05
24700 0.445961 0.43261 0.0133513 0 0.970062 9681.9 9309.82 372.078 0 -31.3243 -32.3158 4 25029.9 438.197 6176 7.0047e-05
24800 0.412373 0.399263 0.0131098 0 0.968209 9723.1 9349.74 373.355 0 -31.3299 -32.6572 4 25129.9 439.072 6201 6.43868e-05
24900 0.40327 0.391727 0.0115437 0 0.971375 9763.55 9388.92 374.636 0 -31.3354 -32.649 4 25229.9 439.944 6226 6.29179e-05
25000 0.414553 0.401719 0.0128337 0 0.969042 9804.97 9429.09 375.883 0 -31.3412 -32.7163 4 25329.9 440.815 6251 6.42648e-05
25100 0.467817 0.450816 0.0170012 0 0.963659 9851.65 9474.17 377.482 0 -31.3438 -31.882 4 25429.9 441.685 6276 7.18317e-05
25200 0.421073 0.406999 0.0140742 0 0.966576 9893.77 9514.87 378.901 0 -31.3487 -32.4907 4 25529.9 442.552 6301 6.45928e-05
25300 0.48283 0.466617 0.0162128 0 0.966421 9942.08 9561.53 380.548 0 -31.3536 -32.3558 4 25629.9 443.418 6326 7.37618e-05
25400 0.442046 0.427079 0.0149672 0 0.966141 9986.28 9604.24 382.035 0 -31.3586 -32.4867 4 25729.9 444.282 6351 6.7246e-05
25500 0.432028 0.418493 0.0135341 0 0.968673 10029.5 9646.09 383.458 0 -31.3629 -32.3706 4 25829.9 445.145 6376 6.56357e-05
25600 0.398874 0.387896 0.0109778 0 0.972478 10069.5 9684.88 384.649 0 -31.369 -32.8787 4 25929.9 446.006 6401 6.05993e-05
25700 0.415606 0.402496 0.0131097 0 0.968456 10111.1 9725.13 385.926 0 -31.3719 -32.0983 4 26029.9 446.865 6426 6.26355e-05
25800 0.426955 0.413481 0.0134737 0 0.968442 10153.8 9766.48 387.346 0 -31.3749 -32.0797 4 26129.9 447.722 6451 6.40956e-05
25900 0.434183 0.420813 0.0133699 0 0.969207 10197.4 9808.56 388.829 0 -31.3782 -32.1303 4 26229.9 448.578 6476 6.49804e-05
26000 0.457385 0.441021 0.0163639 0 0.964223 10243.1 9852.66 390.406 0 -31.3777 -31.2667 4 26329.9 449.433 6501 6.78389e-05
26100 0.430917 0.416564 0.0143536 0 0.96669 10286.3 9894.32 391.992 0 -31.38 -31.936 4 26429.9 450.285 6526 6.38314e-05
26200 0.418641 0.405584 0.0130569 0 0.968811 10328.3 9934.88 393.443 0 -31.3843 -32.4313 4 26529.9 451.136 6551 6.19118e-05
26300 0.421883 0.4084 0.0134836 0 0.968039 10370.6 9975.72 394.844 0 -31.3883 -32.365 4 26629.9 451.986 6576 6.21046e-05
26400 0.428582 0.41327 0.0153123 0 0.964272 10413.4 10017 396.322 0 -31.3913 -32.12 4 26729.9 452.834 6601 6.26071e-05
26500 0.477291 0.458286 0.0190046 0 0.960182 10460.9 10062.9 397.987 0 -31.3922 -31.5855 4 26829.9 453.68 6626 6.91649e-05
26600 0.450841 0.434631 0.0162109 0 0.964043 10506 10106.3 399.679 0 -31.3938 -31.7729 4 26929.9 454.524 6651 6.53482e-05
26700 0.4286 0.414477 0.0141221 0 0.967051 10549 10147.8 401.223 0 -31.396 -31.9332 4 27029.9 455.368 6676 6.20847e-05
26800 0.486626 0.469439 0.017187 0 0.964681 10597.7 10194.7 403.014 0 -31.3976 -31.7503 4 27129.9 456.209 6701 7.0055e-05
26900 0.447207 0.430529 0.0166782 0 0.962706 10642.6 10237.8 404.806 0 -31.4002 -32.0062 4 27229.9 457.049 6726 6.40097e-05
27000 0.432374 0.416426 0.0159478 0 0.963116 10685.8 10279.4 406.419 0 -31.4022 -31.8994 4 27329.9 457.888 6751 6.16836e-05
27100 0.427892 0.411808 0.0160848 0 0.962409 10728.5 10320.6 407.946 0 -31.4041 -31.8883 4 27429.9 458.725 6776 6.07744e-05
27200 0.475691 0.459635 0.0160564 0 0.966246 10776.2 10366.6 409.641 0 -31.4041 -31.3991 4 27529.9 459.56 6801 6.75834e-05
27300 0.483701 0.466618 0.0170823 0 0.964684 10824.7 10413.2 411.437 0 -31.4069 -32.0311 4 27629.9 460.394 6826 6.8359e-05
27400 0.477623 0.459463 0.0181598 0 0.961979 10872.4 10459.2 413.229 0 -31.4105 -32.2153 4 27729.9 461.226 6851 6.70652e-05
27500 0.529015 0.509451 0.0195641 0 0.963018 10925.4 10510.1 415.269 0 -31.4088 -31.0678 4 27829.9 462.057 6876 7.40912e-05
27600 0.506675 0.484931 0.0217447 0 0.957084 10976 10558.6 417.37 0 -31.4086 -31.3707 4 27929.9 462.887 6901 7.02696e-05
27700 0.455535 0.436728 0.018807 0 0.958715 11021.5 10602.3 419.194 0 -31.4106 -31.8905 4 28029.9 463.715 6926 6.30563e-05
27800 0.446521 0.430475 0.016046 0 0.964064 11066.2 10645.3 420.869 0 -31.4133 -32.0735 4 28129.9 464.541 6951 6.19299e-05
27900 0.425172 0.412445 0.0127268 0 0.970067 11108.9 10686.6 422.31 0 -31.4166 -32.2609 4 28229.9 465.366 6976 5.91235e-05
28000 0.429926 0.416138 0.0137879 0 0.96793 11151.8 10728.2 423.594 0 -31.4198 -32.2459 4 28329.9 466.189 7001 5.94398e-05
28100 0.437058 0.423682 0.0133762 0 0.969395 11195.4 10770.6 424.872 0 -31.424 -32.4956 4 28429.9 467.012 7026 6.0302e-05
28200 0.427864 0.415255 0.0126098 0 0.970528 11238.3 10812.1 426.22 0 -31.429 -32.7593 4 28529.9 467.832 7051 5.8893e-05
28300 0.468038 0.453884 0.0141536 0 0.96976 11285.2 10857.5 427.686 0 -31.434 -32.6208 4 28629.9 468.651 7076 6.41442e-05
28400 0.464684 0.448142 0.0165415 0 0.964403 11331.5 10902.3 429.209 0 -31.4367 -32.0856 4 28729.9 469.469 7101 6.31098e-05
28500 0.444135 0.429304 0.0148304 0 0.966608 11375.8 10945.2 430.63 0 -31.4411 -32.5655 4 28829.9 470.285 7126 6.02448e-05
28600 0.452106 0.438035 0.0140709 0 0.968877 11421 10989 432.001 0 -31.4467 -32.8664 4 28929.9 471.1 7151 6.12551e-05
28700 0.457908 0.444996 0.0129113 0 0.971804 11467 11033.5 433.497 0 -31.4523 -32.8398 4 29029.9 471.914 7176 6.20118e-05
28800 0.443153 0.42924 0.0139133 0 0.968604 11511.3 11076.4 434.879 0 -31.4564 -32.52 4 29129.9 472.726 7201 5.96084e-05
28900 0.457431 0.44177 0.0156614 0 0.965762 11556.9 11120.6 436.32 0 -31.4609 -32.5848 4 29229.9 473.537 7226 6.11361e-05
29000 0.457729 0.442164 0.0155652 0 0.965995 11602.7 11164.8 437.851 0 -31.4654 -32.6258 4 29329.9 474.346 7251 6.09797e-05
29100 0.474636 0.455804 0.0188322 0 0.960323 11650 11210.4 439.589 0 -31.4691 -32.3662 4 29429.9 475.154 7276 6.26449e-05
29200 0.454673 0.440057 0.0146166 0 0.967853 11695.7 11254.4 441.286 0 -31.473 -32.4746 4 29529.9 475.961 7301 6.02735e-05
29300 0.460151 0.445067 0.0150839 0 0.96722 11741.9 11298.9 442.929 0 -31.4758 -32.1846 4 29629.9 476.766 7326 6.07517e-05
29400 0.468704 0.450126 0.0185777 0 0.960364 11788.5 11343.9 444.579 0 -31.4775 -31.8858 4 29729.9 477.57 7351 6.12333e-05
29500 0.468087 0.453672 0.0144149 0 0.969205 11835.5 11389.3 446.228 0 -31.4786 -31.7664 4 29829.9 478.372 7376 6.15066e-05
29600 0.435333 0.42147 0.0138632 0 0.968155 11879.1 11431.5 447.684 0 -31.4821 -32.42 4 29929.9 479.173 7401 5.69477e-05
29700 0.426133 0.413625 0.0125071 0 0.97065 11921.8 11472.8 448.987 0 -31.4868 -32.8043 4 30029.9 479.973 7426 5.56996e-05
29800 0.428237 0.416994 0.0112432 0 0.973745 11964.8 11514.5 450.257 0 -31.4915 -32.8113 4 30129.9 480.772 7451 5.59648e-05
29900 0.441294 0.426419 0.0148748 0 0.966293 12008.7 11557.2 451.524 0 -31.4949 -32.4121 4 30229.9 481.569 7476 5.70384e-05
30000 0.469896 0.455233 0.0146632 0 0.968795 12055.8 11602.7 453.09 0 -31.4988 -32.5011 4 30329.9 482.365 7501 6.06896e-05
30100 0.451933 0.435949 0.0159834 0 0.964633 12101 11646.3 454.691 0 -31.5028 -32.5489 4 30429.9 483.159 7526 5.79258e-05
30200 0.418331 0.403951 0.0143799 0 0.965626 12142.8 11686.7 456.143 0 -31.5073 -32.8239 4 30529.9 483.952 7551 5.34963e-05
30300 0.42612 0.41219 0.0139295 0 0.967311 12185.4 11727.9 457.529 0 -31.5108 -32.5136 4 30629.9 484.744 7576 5.44074e-05
30400 0.435809 0.418302 0.0175067 0 0.959829 12228.8 11769.7 459.05 0 -31.5138 -32.3397 4 30729.9 485.535 7601 5.50325e-05
30500 0.514992 0.493682 0.0213103 0 0.95862 12280.1 11819.1 461.019 0 -31.5139 -31.545 4 30829.9 486.324 7626 6.47367e-05
30600 0.503233 0.484192 0.0190405 0 0.962164 12330.6 11867.5 463.068 0 -31.5131 -31.3244 4 30929.9 487.112 7651 6.32848e-05
30700 0.486327 0.469699 0.0166278 0 0.965809 12379.4 11914.5 464.887 0 -31.5131 -31.5075 4 31029.9 487.899 7676 6.11906e-05
30800 0.462361 0.447009 0.0153516 0 0.966797 12425.8 11959.2 466.58 0 -31.5151 -32.0563 4 31129.9 488.685 7701 5.80456e-05
30900 0.452903 0.438884 0.0140187 0 0.969047 12471.1 12003.1 468.054 0 -31.5181 -32.3435 4 31229.9 489.469 7726 5.68061e-05
31000 0.459324 0.447318 0.0120063 0 0.973861 12517.3 12047.8 469.526 0 -31.5216 -32.4522 4 31329.9 490.252 7751 5.7711e-05
31100 0.455104 0.440443 0.0146609 0 0.967786 12562.8 12091.8 470.988 0 -31.5254 -32.5753 4 31429.9 491.034 7776 5.66414e-05
31200 0.462307 0.446977 0.0153306 0 0.966839 12609.1 12136.5 472.535 0 -31.529 -32.5039 4 31529.9 491.814 7801 5.72973e-05
31300 0.437693 0.423898 0.0137944 0 0.968484 12652.9 12178.9 473.995 0 -31.5324 -32.5104 4 31629.9 492.594 7826 5.41654e-05
31400 0.433464 0.421813 0.0116503 0 0.973123 12696.4 12221.1 475.289 0 -31.5354 -32.4211 4 31729.9 493.372 7851 5.37273e-05
31500 0.431348 0.419337 0.0120115 0 0.972154 12739.6 12263 476.509 0 -31.5388 -32.5169 4 31829.9 494.149 7876 5.32424e-05
31600 0.42181 0.41057 0.0112399 0 0.973353 12781.9 12304.1 477.756 0 -31.5418 -32.4461 4 31929.9 494.924 7901 5.19643e-05
31700 0.412004 0.401207 0.0107968 0 0.973795 12823.2 12344.2 478.984 0 -31.5461 -32.8708 4 32029.9 495.699 7926 5.06192e-05
31800 0.445567 0.430538 0.0150286 0 0.966271 12867.5 12387.3 480.258 0 -31.5465 -31.6632 4 32129.9 496.472 7951 5.4149e-05
31900 0.468131 0.453613 0.0145186 0 0.968986 12914.5 12432.6 481.822 0 -31.548 -31.9563 4 32229.9 497.244 7976 5.68722e-05
32000 0.479218 0.461282 0.0179369 0 0.962571 12962.3 12478.8 483.482 0 -31.5482 -31.6187 4 32329.9 498.015 8001 5.7653e-05
32100 0.527657 0.510463 0.017194 0 0.967414 13015.2 12529.8 485.34 0 -31.5461 -31.0179 4 32429.9 498.784 8026 6.36011e-05
32200 0.513769 0.492986 0.0207828 0 0.959548 13066.2 12579.1 487.116 0 -31.5458 -31.4691 4 32529.9 499.553 8051 6.12329e-05
32300 0.486344 0.469881 0.0164628 0 0.96615 13115 12626.1 488.89 0 -31.5468 -31.8244 4 32629.9 500.32 8076 5.81824e-05
32400 0.452012 0.438144 0.0138688 0 0.969318 13160.4 12669.9 490.465 0 -31.5489 -32.1562 4 32729.9 501.086 8101 5.40851e-05
32500 0.42167 0.409172 0.0124979 0 0.970361 13202.6 12710.8 491.736 0 -31.5523 -32.6294 4 32829.9 501.851 8126 5.03534e-05
32600 0.454042 0.439658 0.0143835 0 0.968321 13247.9 12754.8 493.1 0 -31.5545 -32.1955 4 32929.9 502.615 8151 5.39392e-05
32700 0.44804 0.435232 0.0128076 0 0.971414 13292.9 12798.3 494.558 0 -31.5574 -32.4003 4 33029.9 503.377 8176 5.32329e-05
32800 0.451664 0.438929 0.0127346 0 0.971805 13338.2 12842.2 495.976 0 -31.5596 -32.2048 4 33129.9 504.139 8201 5.35215e-05
32900 0.467106 0.451365 0.0157411 0 0.966301 13384.9 12887.4 497.503 0 -31.5614 -32.0819 4 33229.9 504.899 8226 5.48706e-05
33000 0.4723 0.456671 0.0156283 0 0.96691 13432.2 12933 499.156 0 -31.5631 -32.0239 4 33329.9 505.658 8251 5.53474e-05
33100 0.437575 0.42188 0.0156952 0 0.964131 13475.9 12975.2 500.718 0 -31.566 -32.4561 4 33429.9 506.416 8276 5.09763e-05
33200 0.469761 0.454055 0.0157058 0 0.966566 13523 13020.6 502.427 0 -31.5691 -32.4562 4 33529.9 507.173 8301 5.46989e-05
33300 0.431766 0.418541 0.0132256 0 0.969369 13566.4 13062.5 503.898 0 -31.5733 -32.8884 4 33629.9 507.929 8326 5.02691e-05
33400 0.428427 0.414104 0.014323 0 0.966568 13609.2 13103.9 505.283 0 -31.5769 -32.7316 4 33729.9 508.683 8351 4.95874e-05
33500 0.426275 0.413952 0.0123232 0 0.971091 13652 13145.3 506.704 0 -31.5802 -32.6392 4 33829.9 509.437 8376 4.94212e-05
33600 0.428561 0.41663 0.0119308 0 0.972161 13694.8 13186.9 507.891 0 -31.5829 -32.4265 4 33929.9 510.189 8401 4.95929e-05
33700 0.448389 0.434799 0.0135903 0 0.969691 13739.7 13230.4 509.323 0 -31.5843 -32.0005 4 34029.9 510.94 8426 5.1602e-05
33800 0.454794 0.439018 0.0157759 0 0.965312 13785.2 13274.3 510.836 0 -31.5849 -31.7725 4 34129.9 511.691 8451 5.19487e-05
33900 0.426248 0.411445 0.0148031 0 0.965271 13827.8 13315.5 512.377 0 -31.5869 -32.2278 4 34229.9 512.44 8476 4.85423e-05
34000 0.46685 0.450072 0.016778 0 0.964061 13874.4 13360.5 513.938 0 -31.5876 -31.8097 4 34329.9 513.188 8501 5.29434e-05
34100 0.486584 0.471011 0.0155726 0 0.967996 13923.1 13407.6 515.532 0 -31.5894 -32.112 4 34429.9 513.935 8526 5.52441e-05
34200 0.454875 0.441205 0.0136692 0 0.969949 13968.7 13451.7 516.981 0 -31.5921 -32.4068 4 34529.9 514.68 8551 5.15969e-05
34300 0.467201 0.452238 0.014963 0 0.967973 14015.4 13496.9 518.452 0 -31.595 -32.4549 4 34629.9 515.425 8576 5.2733e-05
34400 0.434805 0.423055 0.0117493 0 0.972978 14059 13539.2 519.739 0 -31.599 -32.9023 4 34729.9 516.169 8601 4.91868e-05
34500 0.439116 0.425067 0.0140492 0 0.968006 14102.8 13581.7 521.083 0 -31.6023 -32.646 4 34829.9 516.911 8626 4.92774e-05
34600 0.434551 0.420773 0.0137779 0 0.968294 14146.2 13623.8 522.444 0 -31.6056 -32.6853 4 34929.9 517.653 8651 4.86387e-05
34700 0.423144 0.409669 0.0134754 0 0.968154 14188.5 13664.8 523.775 0 -31.6082 -32.4775 4 35029.9 518.393 8676 4.72186e-05
34800 0.447149 0.433322 0.0138276 0 0.969076 14233.3 13708.1 525.239 0 -31.611 -32.4859 4 35129.9 519.133 8701 4.98013e-05
34900 0.414172 0.401506 0.0126653 0 0.96942 14274.8 13748.3 526.562 0 -31.6149 -32.9756 4 35229.9 519.871 8726 4.60126e-05
35000 0.432214 0.420828 0.0113865 0 0.973656 14318.3 13790.3 527.94 0 -31.619 -32.9526 4 35329.9 520.608 8751 4.80891e-05
35100 0.410018 0.395962 0.0140558 0 0.965719 14359.1 13829.9 529.172 0 -31.6222 -32.731 4 35429.9 521.345 8776 4.51188e-05
35200 0.437931 0.42219 0.0157405 0 0.964057 14402.9 13872.2 530.729 0 -31.6246 -32.4246 4 35529.9 522.08 8801 4.79707e-05
35300 0.488633 0.470333 0.0182999 0 0.962549 14451.7 13919.2 532.482 0 -31.6262 -32.0918 4 35629.9 522.814 8826 5.32895e-05
35400 0.453443 0.438651 0.0147915 0 0.967379 14497.2 13963.1 534.166 0 -31.6291 -32.5604 4 35729.9 523.547 8851 4.95595e-05
35500 0.440736 0.426227 0.0145089 0 0.96708 14541.3 14005.7 535.65 0 -31.6316 -32.4564 4 35829.9 524.279 8876 4.80202e-05
35600 0.470081 0.454779 0.0153014 0 0.96745 14588.3 14051.2 537.103 0 -31.6339 -32.3411 4 35929.9 525.01 8901 5.1093e-05
35700 0.472113 0.457418 0.0146958 0 0.968872 14635.5 14096.9 538.58 0 -31.6349 -31.9395 4 36029.9 525.741 8926 5.12455e-05
35800 0.502502 0.483962 0.0185403 0 0.963104 14685.6 14145.3 540.329 0 -31.6352 -31.7345 4 36129.9 526.47 8951 5.40679e-05
35900 0.500663 0.484203 0.01646 0 0.967124 14735.8 14193.7 542.055 0 -31.6354 -31.6872 4 36229.9 527.198 8976 5.39441e-05
36000 0.486487 0.471587 0.0148998 0 0.969373 14784.6 14240.9 543.711 0 -31.6358 -31.7406 4 36329.9 527.925 9001 5.23928e-05
36100 0.43755 0.424251 0.0132994 0 0.969605 14828.4 14283.3 545.108 0 -31.6377 -32.2871 4 36429.9 528.651 9026 4.70032e-05
36200 0.446165 0.435776 0.0103897 0 0.976713 14873.2 14326.9 546.343 0 -31.6411 -32.764 4 36529.9 529.376 9051 4.81467e-05
36300 0.475512 0.459648 0.0158641 0 0.966638 14920.6 14372.8 547.804 0 -31.6427 -32.1649 4 36629.9 530.1 9076 5.06444e-05
36400 0.434751 0.423058 0.0116929 0 0.973104 14964.2 14415.1 549.077 0 -31.6457 -32.6485 4 36729.9 530.823 9101 4.64848e-05
36500 0.393756 0.384739 0.00901692 0 0.9771 15003.7 14453.6 550.116 0 -31.6501 -33.3085 4 36829.9 531.545 9126 4.21586e-05
36600 0.446917 0.435217 0.0116994 0 0.973822 15048.4 14497.1 551.248 0 -31.6524 -32.4478 4 36929.9 532.266 9151 4.75595e-05
36700 0.471555 0.457681 0.0138748 0 0.970576 15095.5 14542.9 552.637 0 -31.6537 -32.0676 4 37029.9 532.987 9176 4.9878e-05
36800 0.468662 0.453703 0.0149589 0 0.968082 15142.4 14588.3 554.09 0 -31.6563 -32.4797 4 37129.9 533.706 9201 4.93102e-05
36900 0.463204 0.449012 0.0141926 0 0.96936 15188.8 14633.2 555.598 0 -31.66 -32.8671 4 37229.9 534.424 9226 4.86681e-05
37000 0.458816 0.445464 0.0133513 0 0.970901 15234.8 14677.7 557.094 0 -31.6642 -33.0683 4 37329.9 535.141 9251 4.81531e-05
37100 0.480207 0.465316 0.0148916 0 0.968989 15283 14724.3 558.708 0 -31.6672 -32.5967 4 37429.9 535.857 9276 5.01634e-05
37200 0.440065 0.426385 0.0136802 0 0.968913 15327.1 14766.9 560.172 0 -31.6705 -32.809 4 37529.9 536.573 9301 4.58429e-05
37300 0.464672 0.449636 0.0150356 0 0.967642 15373.4 14811.9 561.584 0 -31.6737 -32.7641 4 37629.9 537.287 9326 4.82132e-05
37400 0.468531 0.454522 0.0140091 0 0.9701 15420.4 14857.3 563.055 0 -31.6775 -32.9034 4 37729.9 538.001 9351 4.86068e-05
37500 0.490846 0.473784 0.0170618 0 0.96524 15469.4 14904.7 564.728 0 -31.6802 -32.5421 4 37829.9 538.713 9376 5.05316e-05
37600 0.427517 0.416421 0.0110957 0 0.974046 15512.4 14946.3 566.1 0 -31.6847 -33.3076 4 37929.9 539.425 9401 4.42954e-05
37700 0.414234 0.403572 0.010662 0 0.974261 15553.9 14986.7 567.203 0 -31.6899 -33.6086 4 38029.9 540.135 9426 4.28148e-05
37800 0.454763 0.442841 0.0119215 0 0.973785 15599.3 15031 568.377 0 -31.6923 -32.5246 4 38129.9 540.845 9451 4.68566e-05
37900 0.454959 0.440741 0.0142176 0 0.96875 15644.8 15075 569.712 0 -31.6956 -32.82 4 38229.9 541.554 9476 4.65113e-05
38000 0.460434 0.446788 0.0136462 0 0.970362 15690.8 15119.7 571.1 0 -31.6986 -32.7236 4 38329.9 542.262 9501 4.70253e-05
38100 0.45521 0.441682 0.0135278 0 0.970282 15736.5 15163.9 572.587 0 -31.701 -32.5297 4 38429.9 542.968 9526 4.6366e-05
38200 0.439547 0.421076 0.0184705 0 0.957978 15780 15206 573.961 0 -31.7026 -32.2781 4 38529.9 543.674 9551 4.40871e-05
38300 0.445803 0.432397 0.0134057 0 0.969929 15824.7 15249.2 575.462 0 -31.7062 -32.9625 4 38629.9 544.379 9576 4.51543e-05
38400 0.519397 0.499967 0.0194301 0 0.962591 15876.4 15299.2 577.147 0 -31.7048 -31.2865 4 38729.9 545.084 9601 5.20745e-05
38500 0.508074 0.487576 0.0204981 0 0.959655 15927 15348 579.032 0 -31.705 -31.7593 4 38829.9 545.787 9626 5.0652e-05
38600 0.493076 0.4732 0.0198764 0 0.959689 15976.4 15395.3 581.084 0 -31.7051 -31.7622 4 38929.9 546.489 9651 4.90312e-05
38700 0.460081 0.443786 0.0162954 0 0.964582 16022.5 15439.7 582.815 0 -31.706 -31.9996 4 39029.9 547.191 9676 4.58646e-05
38800 0.459842 0.444408 0.0154344 0 0.966435 16068.6 15484.1 584.431 0 -31.7063 -31.8217 4 39129.9 547.891 9701 4.58105e-05
38900 0.486542 0.469458 0.0170841 0 0.964887 16117.2 15531.1 586.095 0 -31.7055 -31.4258 4 39229.9 548.591 9726 4.82683e-05
39000 0.48165 0.463451 0.0181993 0 0.962215 16165.3 15577.4 587.91 0 -31.7048 -31.4917 4 39329.9 549.29 9751 4.75285e-05
39100 0.516047 0.495303 0.0207435 0 0.959803 16216.9 15627 589.949 0 -31.7034 -31.2487 4 39429.9 549.987 9776 5.06652e-05
39200 0.521169 0.498814 0.0223551 0 0.957106 16268.8 15676.8 592.011 0 -31.7024 -31.3808 4 39529.9 550.684 9801 5.08942e-05
39300 0.488505 0.469779 0.0187269 0 0.961665 16317.8 15723.8 593.97 0 -31.7034 -32.0369 4 39629.9 551.381 9826 4.78097e-05
39400 0.469523 0.453298 0.0162242 0 0.965445 16364.9 15769.1 595.777 0 -31.705 -32.2691 4 39729.9 552.076 9851 4.60155e-05
39500 0.462653 0.443526 0.0191272 0 0.958658 16410.9 15813.5 597.401 0 -31.7067 -32.3018 4 39829.9 552.77 9876 4.49095e-05
39600 0.477432 0.463265 0.014167 0 0.970327 16458.9 15859.8 599.073 0 -31.7086 -32.3838 4 39929.9 553.464 9901 4.67897e-05
39700 0.418053 0.407019 0.0110343 0 0.973606 16500.9 15900.5 600.368 0 -31.7114 -32.7963 4 40029.9 554.156 9926 4.10053e-05
39800 0.427458 0.413996 0.0134616 0 0.968508 16543.5 15941.9 601.558 0 -31.7138 -32.6561 4 40129.9 554.848 9951 4.16035e-05
39900 0.49607 0.480681 0.0153881 0 0.96898 16593 15990 603.056 0 -31.7143 -31.8843 4 40229.9 555.539 9976 4.81838e-05
40000 0.47397 0.458596 0.0153742 0 0.967563 16640.5 16035.9 604.626 0 -31.715 -31.9331 4 40329.9 556.229 10001 4.5855e-05
40100 0.442494 0.429975 0.0125193 0 0.971707 16685 16078.8 606.117 0 -31.7166 -32.3087 4 40429.9 556.918 10026 4.2886e-05
40200 0.444772 0.430617 0.0141555 0 0.968174 16729.4 16121.9 607.494 0 -31.7178 -32.1846 4 40529.9 557.606 10051 4.28432e-05
40300 0.477743 0.462452 0.015291 0 0.967993 16777.1 16168.2 608.989 0 -31.7182 -31.8469 4 40629.9 558.294 10076 4.58964e-05
40400 0.450142 0.437115 0.0130269 0 0.97106 16822.2 16211.9 610.3 0 -31.7196 -32.2649 4 40729.9 558.98 10101 4.32744e-05
40500 0.454367 0.440077 0.0142896 0 0.968551 16867.5 16255.9 611.598 0 -31.7212 -32.3119 4 40829.9 559.666 10126 4.34601e-05
40600 0.490989 0.47433 0.0166588 0 0.966071 16916.5 16303.3 613.152 0 -31.7219 -31.9565 4 40929.9 560.351 10151 4.67275e-05
40700 0.462867 0.44775 0.0151169 0 0.967341 16962.8 16348.1 614.68 0 -31.7234 -32.2692 4 41029.9 561.035 10176 4.40006e-05
40800 0.448583 0.435521 0.0130623 0 0.970881 17007.8 16391.6 616.141 0 -31.7262 -32.7744 4 41129.9 561.719 10201 4.26939e-05
40900 0.447541 0.435349 0.0121918 0 0.972758 17052.6 16435.2 617.446 0 -31.7278 -32.3333 4 41229.9 562.401 10226 4.25728e-05
41000 0.43429 0.424583 0.0097065 0 0.97765 17096.3 16477.6 618.629 0 -31.7301 -32.6533 4 41329.9 563.083 10251 4.14187e-05
41100 0.478624 0.465469 0.0131548 0 0.972515 17144.1 16524.2 619.963 0 -31.7313 -32.1352 4 41429.9 563.763 10276 4.52967e-05
41200 0.450379 0.435928 0.0144508 0 0.967914 17189.1 16567.8 621.312 0 -31.733 -32.3996 4 41529.9 564.443 10301 4.2319e-05
41300 0.450905 0.439157 0.0117483 0 0.973945 17234.4 16611.7 622.688 0 -31.7357 -32.7623 4 41629.9 565.123 10326 4.25292e-05
41400 0.469797 0.452766 0.0170315 0 0.963747 17281 16657 624.076 0 -31.7384 -32.7219 4 41729.9 565.801 10351 4.37413e-05
41500 0.502497 0.487567 0.0149296 0 0.970289 17331.5 16705.7 625.8 0 -31.7414 -32.7619 4 41829.9 566.478 10376 4.69899e-05
41600 0.484162 0.466769 0.0173929 0 0.964076 17379.8 16752.4 627.453 0 -31.743 -32.3167 4 41929.9 567.155 10401 4.48773e-05
41700 0.506585 0.488345 0.0182404 0 0.963993 17430.6 16801.2 629.325 0 -31.7431 -31.8003 4 42029.9 567.831 10426 4.68391e-05
41800 0.477349 0.46053 0.0168187 0 0.964767 17478.4 16847.3 631.095 0 -31.7444 -32.196 4 42129.9 568.506 10451 4.40657e-05
41900 0.486068 0.467231 0.0188373 0 0.961246 17526.9 16894 632.868 0 -31.7462 -32.3878 4 42229.9 569.18 10476 4.46001e-05
42000 0.490827 0.471209 0.0196181 0 0.960031 17575.8 16941.1 634.66 0 -31.7475 -32.2282 4 42329.9 569.854 10501 4.48727e-05
42100 0.473877 0.458017 0.0158598 0 0.966532 17623.4 16986.9 636.484 0 -31.7494 -32.4571 4 42429.9 570.527 10526 4.35129e-05
42200 0.433563 0.420357 0.013206 0 0.969541 17666.9 17029 637.938 0 -31.7523 -32.9148 4 42529.9 571.199 10551 3.98405e-05
42300 0.432647 0.417897 0.0147501 0 0.965907 17710 17070.8 639.259 0 -31.7551 -32.9137 4 42629.9 571.87 10576 3.95137e-05
42400 0.424447 0.409336 0.015111 0 0.964398 17752.3 17111.7 640.576 0 -31.7574 -32.7088 4 42729.9 572.54 10601 3.8613e-05
42500 0.456734 0.4435 0.0132338 0 0.971025 17798 17156 641.961 0 -31.761 -33.157 4 42829.9 573.21 10626 4.17372e-05
42600 0.478024 0.464382 0.0136421 0 0.971462 17846 17202.5 643.496 0 -31.7637 -32.7729 4 42929.9 573.878 10651 4.35999e-05
42700 0.444053 0.431315 0.0127374 0 0.971316 17890.5 17245.6 644.865 0 -31.7669 -33.0653 4 43029.9 574.546 10676 4.04005e-05
42800 0.464041 0.448827 0.015214 0 0.967214 17936.7 17290.5 646.232 0 -31.7686 -32.4185 4 43129.9 575.214 10701 4.19425e-05
42900 0.491335 0.477424 0.013911 0 0.971687 17986 17338.2 647.769 0 -31.7687 -31.7914 4 43229.9 575.88 10726 4.45109e-05
43000 0.529712 0.512422 0.0172897 0 0.96736 18039.1 17389.5 649.59 0 -31.7685 -31.7189 4 43329.9 576.546 10751 4.76627e-05
43100 0.532921 0.514329 0.0185919 0 0.965113 18092.4 17440.9 651.518 0 -31.7674 -31.398 4 43429.9 577.211 10776 4.77291e-05
43200 0.527824 0.507803 0.020021 0 0.962069 18145.1 17491.7 653.45 0 -31.7674 -31.7667 4 43529.9 577.875 10801 4.70144e-05
43300 0.51795 0.498419 0.0195305 0 0.962293 18197 17541.5 655.441 0 -31.7682 -32.0412 4 43629.9 578.538 10826 4.60391e-05
43400 0.528246 0.509073 0.0191733 0 0.963704 18250 17592.4 657.522 0 -31.7691 -32.0623 4 43729.9 579.201 10851 4.69149e-05
43500 0.523557 0.504812 0.0187449 0 0.964197 18302.4 17642.9 659.446 0 -31.7698 -32.0219 4 43829.9 579.863 10876 4.64152e-05
43600 0.47678 0.462786 0.0139946 0 0.970648 18350.4 17689.2 661.185 0 -31.7721 -32.6517 4 43929.9 580.524 10901 4.24535e-05
43700 0.473474 0.453075 0.0203995 0 0.956915 18397.2 17734.5 662.666 0 -31.7735 -32.3266 4 44029.9 581.184 10926 4.14676e-05
43800 0.486053 0.471572 0.0144808 0 0.970207 18445.9 17781.7 664.271 0 -31.7753 -32.4343 4 44129.9 581.844 10951 4.3062e-05
43900 0.506804 0.489941 0.0168631 0 0.966727 18496.5 17830.7 665.839 0 -31.7762 -32.1141 4 44229.9 582.503 10976 4.46375e-05
44000 0.488968 0.472918 0.0160503 0 0.967175 18545.4 17877.9 667.467 0 -31.7773 -32.1962 4 44329.9 583.161 11001 4.29886e-05
44100 0.498443 0.481923 0.0165196 0 0.966858 18595.1 17926.1 668.961 0 -31.7781 -32.0674 4 44429.9 583.818 11026 4.37079e-05
44200 0.498841 0.483243 0.0155979 0 0.968732 18645.1 17974.5 670.611 0 -31.7792 -32.192 4 44529.9 584.475 11051 4.37284e-05
44300 0.454471 0.440853 0.0136184 0 0.970035 18690.6 18018.5 672.091 0 -31.7815 -32.7166 4 44629.9 585.131 11076 3.98025e-05
44400 0.4797 0.465537 0.0141635 0 0.970474 18738.7 18065.1 673.601 0 -31.7828 -32.2856 4 44729.9 585.786 11101 4.19365e-05
44500 0.468388 0.45261 0.015778 0 0.966314 18785.5 18110.4 675.103 0 -31.785 -32.6686 4 44829.9 586.44 11126 4.06804e-05
44600 0.453821 0.439362 0.0144596 0 0.968138 18830.9 18154.3 676.584 0 -31.7886 -33.2761 4 44929.9 587.094 11151 3.94011e-05
44700 0.44865 0.434176 0.0144741 0 0.967739 18875.7 18197.7 677.993 0 -31.7918 -33.1703 4 45029.9 587.747 11176 3.8849e-05
44800 0.443397 0.430822 0.0125751 0 0.971639 18920.3 18240.8 679.492 0 -31.7951 -33.1662 4 45129.9 588.399 11201 3.84628e-05
44900 0.44307 0.429177 0.0138929 0 0.968644 18964.5 18283.7 680.825 0 -31.7982 -33.1464 4 45229.9 589.051 11226 3.82306e-05
45000 0.489265 0.472441 0.0168231 0 0.965615 19013.3 18331 682.339 0 -31.7993 -32.2071 4 45329.9 589.702 11251 4.19911e-05
45100 0.5014 0.482249 0.0191511 0 0.961805 19063.2 18379.2 683.998 0 -31.8001 -32.1169 4 45429.9 590.352 11276 4.27678e-05
45200 0.491284 0.478229 0.0130554 0 0.973426 19112.5 18427 685.446 0 -31.8029 -32.9032 4 45529.9 591.001 11301 4.23174e-05
45300 0.465267 0.4515 0.0137673 0 0.97041 19158.9 18472.2 686.717 0 -31.8055 -32.8646 4 45629.9 591.65 11326 3.9864e-05
45400 0.462467 0.450892 0.011575 0 0.974971 19205.2 18517.2 687.951 0 -31.8072 -32.5066 4 45729.9 592.298 11351 3.97227e-05
45500 0.44378 0.434459 0.00932058 0 0.978997 19249.8 18560.7 689.084 0 -31.8095 -32.7944 4 45829.9 592.945 11376 3.81908e-05
45600 0.478188 0.461035 0.0171529 0 0.964129 19297.1 18606.8 690.316 0 -31.8117 -32.7 4 45929.9 593.592 11401 4.04381e-05
45700 0.498611 0.484295 0.014316 0 0.971288 19347.2 18655.2 691.928 0 -31.8147 -32.9686 4 46029.9 594.237 11426 4.23854e-05
45800 0.45925 0.444368 0.0148819 0 0.967595 19393 18699.7 693.325 0 -31.8174 -32.9622 4 46129.9 594.883 11451 3.88061e-05
45900 0.51252 0.495103 0.0174173 0 0.966016 19444.3 18749.2 695.121 0 -31.8183 -32.1614 4 46229.9 595.527 11476 4.31425e-05
46000 0.461105 0.446139 0.014966 0 0.967543 19490.6 18793.8 696.805 0 -31.8201 -32.5903 4 46329.9 596.171 11501 3.87913e-05
46100 0.448013 0.433859 0.0141539 0 0.968407 19535.5 18837.2 698.35 0 -31.8231 -33.1038 4 46429.9 596.814 11526 3.76418e-05
46200 0.42949 0.416357 0.0131329 0 0.969422 19578.6 18878.8 699.766 0 -31.8257 -32.9933 4 46529.9 597.456 11551 3.60451e-05
46300 0.440915 0.426471 0.0144437 0 0.967242 19622.6 18921.5 701.157 0 -31.8281 -32.8946 4 46629.9 598.098 11576 3.6841e-05
46400 0.450898 0.437103 0.0137952 0 0.969405 19667.7 18965.2 702.569 0 -31.8302 -32.7763 4 46729.9 598.739 11601 3.7678e-05
46500 0.470315 0.453371 0.0169441 0 0.963973 19714.7 19010.5 704.15 0 -31.8309 -32.1018 4 46829.9 599.379 11626 3.89963e-05
46600 0.478723 0.464939 0.0137835 0 0.971208 19762.6 19057 705.628 0 -31.8312 -31.952 4 46929.9 600.019 11651 3.99055e-05
46700 0.455818 0.441203 0.0146148 0 0.967937 19808.1 19101.1 706.988 0 -31.8322 -32.2798 4 47029.9 600.658 11676 3.77872e-05
46800 0.450519 0.43734 0.013179 0 0.970747 19853.2 19144.9 708.329 0 -31.8335 -32.4101 4 47129.9 601.296 11701 3.73763e-05
46900 0.48142 0.468641 0.0127785 0 0.973457 19901.5 19191.7 709.753 0 -31.834 -32.0558 4 47229.9 601.933 11726 3.9966e-05
47000 0.509459 0.494329 0.0151307 0 0.970301 19952.4 19241.1 711.256 0 -31.833 -31.4171 4 47329.9 602.57 11751 4.20669e-05
47100 0.508639 0.495139 0.0135 0 0.973458 20003.5 19290.7 712.871 0 -31.8335 -32.0341 4 47429.9 603.207 11776 4.20464e-05
47200 0.458217 0.446348 0.0118688 0 0.974098 20049.5 19335.3 714.246 0 -31.8347 -32.3759 4 47529.9 603.842 11801 3.78229e-05
47300 0.473877 0.460779 0.0130987 0 0.972359 20097 19381.4 715.604 0 -31.8364 -32.551 4 47629.9 604.477 11826 3.89632e-05
47400 0.465413 0.451189 0.0142232 0 0.96944 20143.6 19426.5 717.06 0 -31.8378 -32.4053 4 47729.9 605.111 11851 3.80718e-05
47500 0.454472 0.438906 0.0155655 0 0.96575 20188.9 19470.4 718.465 0 -31.8391 -32.4572 4 47829.9 605.745 11876 3.69574e-05
47600 0.476578 0.461443 0.0151353 0 0.968242 20236.4 19516.5 719.909 0 -31.841 -32.6238 4 47929.9 606.378 11901 3.87734e-05
47700 0.487221 0.473818 0.013403 0 0.972491 20285.3 19563.9 721.422 0 -31.8428 -32.6008 4 48029.9 607.01 11926 3.97298e-05
47800 0.417084 0.407753 0.00933129 0 0.977627 20327.2 19604.7 722.547 0 -31.846 -33.3787 4 48129.9 607.642 11951 3.41187e-05
47900 0.431415 0.419729 0.0116857 0 0.972913 20370.4 19646.7 723.719 0 -31.8481 -32.8547 4 48229.9 608.272 11976 3.50475e-05
48000 0.44482 0.43194 0.0128805 0 0.971043 20414.8 19689.9 724.915 0 -31.8507 -33.0533 4 48329.9 608.903 12001 3.5992e-05
48100 0.418996 0.408496 0.0104996 0 0.974941 20456.7 19730.7 726.037 0 -31.854 -33.4485 4 48429.9 609.532 12026 3.39677e-05
48200 0.447896 0.435919 0.011977 0 0.973259 20501.7 19774.3 727.388 0 -31.8571 -33.2645 4 48529.9 610.161 12051 3.61729e-05
48300 0.463778 0.447235 0.0165432 0 0.964329 20547.8 19819 728.784 0 -31.8582 -32.3344 4 48629.9 610.79 12076 3.7035e-05
48400 0.455817 0.440095 0.0157213 0 0.96551 20593.3 19863 730.277 0 -31.8595 -32.459 4 48729.9 611.417 12101 3.63685e-05
48500 0.440989 0.426629 0.0143606 0 0.967435 20637.4 19905.7 731.674 0 -31.8614 -32.7291 4 48829.9 612.044 12126 3.5183e-05
48600 0.46147 0.445382 0.0160871 0 0.965139 20683.4 19950.2 733.161 0 -31.8627 -32.4677 4 48929.9 612.671 12151 3.6654e-05
48700 0.481746 0.467127 0.0146197 0 0.969653 20731.7 19996.9 734.723 0 -31.863 -31.9744 4 49029.9 613.297 12176 3.83645e-05
48800 0.45642 0.441692 0.0147285 0 0.96773 20777.4 20041.1 736.336 0 -31.8641 -32.3616 4 49129.9 613.922 12201 3.62013e-05
48900 0.439114 0.423776 0.0153379 0 0.965071 20821.2 20083.5 737.76 0 -31.8656 -32.5764 4 49229.9 614.546 12226 3.46619e-05
49000 0.446301 0.43201 0.0142909 0 0.967979 20866 20126.7 739.262 0 -31.867 -32.5226 4 49329.9 615.17 12251 3.52632e-05
49100 0.455907 0.441286 0.0146211 0 0.96793 20911.5 20170.8 740.669 0 -31.8688 -32.6941 4 49429.9 615.793 12276 3.59471e-05
49200 0.45486 0.442691 0.0121687 0 0.973247 20957.2 20215.1 742.117 0 -31.8712 -32.9845 4 49529.9 616.416 12301 3.59882e-05
49300 0.42238 0.409023 0.0133569 0 0.968377 20999.4 20256 743.409 0 -31.8739 -33.1865 4 49629.9 617.038 12326 3.31838e-05
49400 0.42553 0.412948 0.0125824 0 0.970431 21041.9 20297.3 744.605 0 -31.8763 -33.0603 4 49729.9 617.659 12351 3.34343e-05
49500 0.428018 0.414655 0.0133628 0 0.96878 21084.7 20338.8 745.969 0 -31.878 -32.7547 4 49829.9 618.28 12376 3.35048e-05
49600 0.458127 0.442989 0.0151374 0 0.966958 21130.6 20383 747.593 0 -31.8777 -31.7087 4 49929.9 618.9 12401 3.5722e-05
49700 0.457454 0.442767 0.0146869 0 0.967894 21176.5 20427.3 749.131 0 -31.8781 -32.0977 4 50029.9 619.519 12426 3.56323e-05
49800 0.432261 0.418238 0.0140238 0 0.967557 21219.7 20469.1 750.507 0 -31.8797 -32.6244 4 50129.9 620.138 12451 3.35907e-05
49900 0.476744 0.463713 0.0130309 0 0.972667 21267.5 20515.5 751.977 0 -31.881 -32.4937 4 50229.9 620.756 12476 3.71684e-05
50000 0.434081 0.421476 0.0126048 0 0.970962 21310.9 20557.7 753.225 0 -31.883 -32.8409 4 50329.9 621.374 12501 3.37154e-05
