100 0.00312976 0.00247561 0.000654146 0 0.790992 0.263315 0.247561 0.0157534 0 -22.426 -22.426 32 453.882 59.0081 4 0.000618903
200 0.0133899 0.011977 0.0014129 0 0.89448 1.55543 1.44526 0.110168 0 -23.7229 -23.9872 32 549.882 64.9493 7 0.00171099
300 0.00934377 0.00854554 0.000798231 0 0.914571 2.51335 2.29981 0.213538 0 -24.3648 -25.4071 32 645.882 70.3909 10 0.000854554
400 0.00703049 0.0064597 0.000570793 0 0.918812 3.22284 2.94578 0.27706 0 -24.656 -25.6873 32 741.882 75.441 13 0.0004969
500 0.00943536 0.0088205 0.000614858 0 0.934835 4.17643 3.82783 0.348602 0 -25.4288 -28.0407 32 837.882 80.1736 16 0.000551281
600 0.0209205 0.0198992 0.00102125 0 0.951184 6.28078 5.81775 0.463029 0 -27.3562 -31.1816 32 933.882 84.642 19 0.00104733
700 0.0180491 0.0172303 0.000818808 0 0.954635 8.09495 7.54078 0.554163 0 -28.4244 -32.1226 32 1029.88 88.8861 22 0.000783197
800 0.0166007 0.0155145 0.00108623 0 0.934567 9.74773 9.09223 0.655498 0 -28.7907 -30.5848 32 1157.88 94.248 26 0.00059671
900 0.0274704 0.02561 0.00186046 0 0.932274 12.4812 11.6532 0.827937 0 -28.7419 -28.5676 32 1253.88 98.0773 29 0.000883102
1000 0.0243393 0.0223839 0.00195537 0 0.919662 14.8872 13.8916 0.995561 0 -28.8028 -29.1189 32 1349.88 101.763 32 0.000699498
1100 0.0368728 0.0350927 0.00178003 0 0.951725 18.6112 17.4009 1.21032 0 -29.0315 -29.9458 32 1445.88 105.319 35 0.00100265
1200 0.0289574 0.0278306 0.0011268 0 0.961088 21.548 20.184 1.36409 0 -29.3113 -31.0846 32 1541.88 108.759 38 0.000732383
1300 0.0227259 0.0220204 0.000705473 0 0.968957 23.8309 22.386 1.44488 0 -29.5017 -31.2986 32 1637.88 112.094 41 0.000537084
1400 0.0194109 0.0187837 0.000627214 0 0.967688 25.7819 24.2644 1.51759 0 -29.7344 -32.577 32 1733.88 115.332 44 0.000426901
1500 0.0202788 0.0193723 0.000906525 0 0.955297 27.8229 26.2016 1.62135 0 -29.9134 -32.1747 32 1829.88 118.482 47 0.000412176
1600 0.0366777 0.0348877 0.00179004 0 0.951195 31.4992 29.6904 1.80881 0 -29.8259 -29.1634 32 1957.88 122.556 51 0.000684072
1700 0.0709799 0.0679979 0.00298196 0 0.957989 38.6595 36.4902 2.16939 0 -29.5472 -28.321 32 2053.88 125.524 54 0.00125922
1800 0.0450796 0.0430415 0.00203807 0 0.95479 43.2154 40.7943 2.42107 0 -29.5039 -29.1371 32 2149.88 128.424 57 0.000755114
1900 0.0408643 0.0386737 0.00219061 0 0.946393 47.2825 44.6617 2.6208 0 -29.4329 -28.6786 32 2245.88 131.26 60 0.000644561
2000 0.0413745 0.0395534 0.00182113 0 0.955984 51.408 48.617 2.79102 0 -29.4843 -30.0726 32 2341.88 134.036 63 0.000627832
2100 0.0490914 0.0473429 0.00174848 0 0.964383 56.3668 53.3513 3.0155 0 -29.37 -28.1858 32 2437.88 136.756 66 0.000717316
2200 0.0461398 0.0441918 0.00194805 0 0.957779 61.0082 57.7705 3.23776 0 -29.4082 -29.871 32 2533.88 139.423 69 0.00064046
2300 0.0601425 0.0570945 0.00304795 0 0.949321 67.0114 63.4799 3.53146 0 -29.4376 -29.7365 32 2629.88 142.039 72 0.00079298
2400 0.048702 0.0465855 0.00211646 0 0.956543 71.9376 68.1385 3.79913 0 -29.4355 -29.4073 32 2757.88 145.455 76 0.000612967
2500 0.0403238 0.0382258 0.00209804 0 0.94797 75.9769 71.9611 4.0158 0 -29.4569 -29.8377 32 2853.88 147.965 79 0.000483871
2600 0.0343804 0.0330144 0.00136596 0 0.960269 79.435 75.2625 4.17251 0 -29.5157 -30.8091 32 2949.88 150.433 82 0.000402615
2700 0.0378781 0.0360151 0.00186294 0 0.950817 83.1889 78.864 4.3249 0 -29.534 -29.9193 32 3045.88 152.861 85 0.000423707
2800 0.0365546 0.0356076 0.000947015 0 0.974093 86.9066 82.4248 4.48184 0 -29.6193 -31.5287 32 3141.88 155.251 88 0.000404632
2900 0.0352169 0.0337677 0.00144919 0 0.958849 90.4068 85.8015 4.60521 0 -29.6487 -30.3778 32 3237.88 157.605 91 0.000371073
3000 0.0450605 0.0435833 0.00147718 0 0.967218 94.9301 90.1599 4.77022 0 -29.644 -29.5501 32 3333.88 159.925 94 0.000463653
3100 0.0340803 0.0331768 0.000903596 0 0.973486 98.3655 93.4775 4.88796 0 -29.6832 -30.7677 32 3429.88 162.211 97 0.000342028
3200 0.0311466 0.0303692 0.000777362 0 0.975042 101.478 96.5145 4.96338 0 -29.731 -31.2406 32 3557.88 165.21 101 0.000300686
3300 0.03621 0.0348452 0.00136482 0 0.962308 105.092 99.999 5.09325 0 -29.7865 -31.3459 32 3653.88 167.424 104 0.00033505
3400 0.0347756 0.0333044 0.00147121 0 0.957694 108.533 103.329 5.20352 0 -29.8084 -30.4779 32 3749.88 169.609 107 0.000311256
3500 0.0323954 0.0315721 0.00082329 0 0.974586 111.804 106.487 5.31713 0 -29.869 -31.8795 32 3845.88 171.766 110 0.000287019
3600 0.0305845 0.0299459 0.000638609 0 0.97912 114.896 109.481 5.41449 0 -29.9129 -31.4991 32 3941.88 173.897 113 0.000265008
3700 0.0318281 0.0312065 0.000621544 0 0.980472 118.098 112.602 5.49661 0 -29.9919 -32.8283 32 4037.88 176.002 116 0.000269022
3800 0.0349985 0.0340079 0.000990612 0 0.971696 121.605 116.003 5.60264 0 -30.0121 -30.6911 32 4133.88 178.082 119 0.000285781
3900 0.0285269 0.0278714 0.00065553 0 0.977021 124.475 118.79 5.68526 0 -30.047 -31.5241 32 4229.88 180.138 122 0.000228454
4000 0.0248679 0.0246202 0.000247633 0 0.990042 126.979 121.252 5.72672 0 -30.1006 -32.7692 32 4357.88 182.843 126 0.000195399
4100 0.0271671 0.0263263 0.000840794 0 0.969051 129.682 123.884 5.79769 0 -30.1515 -32.5418 32 4453.88 184.846 129 0.00020408
4200 0.0280717 0.0269089 0.00116281 0 0.958577 132.465 126.575 5.88934 0 -30.1604 -30.5735 32 4549.88 186.827 132 0.000203856
4300 0.0410426 0.0373099 0.00373267 0 0.909054 136.332 130.306 6.02554 0 -30.089 -27.6435 32 4645.88 188.788 135 0.00027637
4400 0.0506509 0.0485814 0.00206948 0 0.959142 141.424 135.164 6.25924 0 -30.0332 -28.5403 32 4741.88 190.728 138 0.000352039
4500 0.0390949 0.0374707 0.00162422 0 0.958455 145.336 138.912 6.42437 0 -30.0251 -29.7325 32 4837.88 192.649 141 0.00026575
4600 0.0505052 0.0481724 0.00233284 0 0.95381 150.449 143.729 6.72056 0 -29.9652 -28.2626 32 4933.88 194.551 144 0.00033453
4700 0.0358593 0.0341224 0.00173688 0 0.951564 154.068 147.141 6.92718 0 -29.9533 -29.4549 32 5029.88 196.435 147 0.000232125
4800 0.0463204 0.0432522 0.00306815 0 0.933762 158.62 151.466 7.15343 0 -29.8913 -27.7928 32 5157.88 198.919 151 0.000286439
4900 0.0488311 0.0464596 0.00237148 0 0.951435 163.526 156.112 7.41407 0 -29.865 -29.0165 32 5253.88 200.761 154 0.000301686
5000 0.0474831 0.0451694 0.00231374 0 0.951272 168.301 160.629 7.6715 0 -29.8692 -30.0137 32 5349.88 202.587 157 0.000287703
5100 0.0433734 0.0418377 0.00153569 0 0.964594 172.704 164.813 7.89107 0 -29.8737 -30.0458 32 5445.88 204.397 160 0.000261486
5200 0.0468217 0.0443598 0.00246184 0 0.947421 177.344 169.249 8.09558 0 -29.876 -29.961 32 5541.88 206.191 163 0.000272146
5300 0.0483499 0.0463677 0.00198212 0 0.959005 182.234 173.886 8.34832 0 -29.8939 -30.5418 32 5637.88 207.969 166 0.000279324
5400 0.0435101 0.04164 0.00187017 0 0.957018 186.595 178.05 8.5453 0 -29.9053 -30.382 32 5733.88 209.732 169 0.00024639
5500 0.0372197 0.0360442 0.00117558 0 0.968415 190.355 181.654 8.70082 0 -29.9274 -31.0264 32 5829.88 211.48 172 0.000209559
5600 0.0363353 0.0351035 0.00123173 0 0.966101 194.026 185.164 8.86146 0 -29.9406 -30.6216 32 5957.88 213.789 176 0.000199452
5700 0.0349465 0.0335451 0.00140135 0 0.9599 197.488 188.519 8.96919 0 -29.9706 -31.653 32 6053.88 215.505 179 0.000187403
5800 0.0332579 0.0321295 0.00112835 0 0.966073 200.827 191.732 9.09516 0 -30.0055 -32.0675 32 6149.88 217.207 182 0.000176536
5900 0.0306235 0.0301294 0.000494056 0 0.983867 203.935 194.745 9.18964 0 -30.0542 -33.2081 32 6245.88 218.896 185 0.000162862
6000 0.0272348 0.0266651 0.000569708 0 0.979082 206.662 197.411 9.25111 0 -30.0921 -32.9231 32 6341.88 220.571 188 0.000141835
6100 0.0246753 0.0242447 0.000430595 0 0.98255 209.131 199.836 9.29528 0 -30.133 -33.5516 32 6437.88 222.235 191 0.000126936
6200 0.0254382 0.0247953 0.000642898 0 0.974727 211.668 202.315 9.35249 0 -30.1621 -32.5671 32 6533.88 223.885 194 0.000127811
6300 0.0240422 0.0239876 5.46105e-05 0 0.997729 214.108 204.714 9.39395 0 -30.1999 -33.4799 32 6629.88 225.524 197 0.000121764
6400 0.0398766 0.0379041 0.0019725 0 0.950535 218.004 208.505 9.49958 0 -30.2198 -31.3138 32 6757.88 227.691 201 0.000188577
6500 0.0650302 0.0610007 0.00402949 0 0.938037 224.362 214.605 9.75781 0 -30.2125 -29.9609 32 6853.88 229.302 204 0.000299023
6600 0.0577935 0.0535909 0.0042026 0 0.927282 230.011 219.964 10.047 0 -30.1924 -29.3931 32 6949.88 230.903 207 0.000258893
6700 0.0589701 0.0560481 0.00292193 0 0.950451 235.959 225.569 10.3903 0 -30.2169 -31.1629 32 7045.88 232.492 210 0.000266896
6800 0.0543851 0.0510029 0.00338215 0 0.937811 241.383 230.669 10.7142 0 -30.2066 -29.7615 32 7141.88 234.07 213 0.00023945
6900 0.0491659 0.0461785 0.00298738 0 0.939239 246.326 235.287 11.0392 0 -30.2064 -30.1977 32 7237.88 235.638 216 0.000213789
7000 0.0504708 0.0480188 0.00245207 0 0.951416 251.409 240.089 11.3207 0 -30.2347 -31.6065 32 7333.88 237.196 219 0.000219264
7100 0.058002 0.0552553 0.00274672 0 0.952644 257.234 245.614 11.6204 0 -30.2772 -32.1081 32 7429.88 238.743 222 0.000248898
7200 0.110156 0.105475 0.00468158 0 0.957501 268.294 256.162 12.1324 0 -30.1838 -28.0125 32 7557.88 240.791 226 0.000466702
7300 0.0775489 0.0735323 0.0040166 0 0.948206 276.066 263.515 12.5514 0 -30.144 -28.7692 32 7653.88 242.315 229 0.000321102
7400 0.0616283 0.0590418 0.00258647 0 0.958031 282.275 269.419 12.8556 0 -30.1409 -30.0021 32 7749.88 243.83 232 0.000254491
7500 0.0617112 0.0573637 0.00434748 0 0.929551 288.274 275.155 13.1188 0 -30.1188 -29.0796 32 7845.88 245.336 235 0.000244101
7600 0.0737843 0.0695373 0.00424695 0 0.942441 295.682 282.109 13.5729 0 -30.1051 -29.5736 32 7941.88 246.832 238 0.000292174
7700 0.0708473 0.0666848 0.0041625 0 0.941247 302.809 288.778 14.0319 0 -30.084 -29.2068 32 8037.88 248.32 241 0.0002767
7800 0.0684697 0.0644167 0.00405297 0 0.940806 309.685 295.219 14.4659 0 -30.0787 -29.8467 32 8133.88 249.798 244 0.000264003
7900 0.0733884 0.0695083 0.00388015 0 0.947129 317.051 302.17 14.8812 0 -30.0721 -29.7925 32 8229.88 251.268 247 0.00028141
8000 0.0654419 0.0621319 0.00331001 0 0.949421 323.652 308.383 15.2686 0 -30.0806 -30.4926 32 8357.88 253.214 251 0.000247537
8100 0.0688879 0.064802 0.00408589 0 0.940688 330.527 314.863 15.6637 0 -30.0753 -29.8236 32 8453.88 254.664 254 0.000255126
8200 0.0660487 0.062464 0.00358471 0 0.945726 337.118 321.11 16.0085 0 -30.0776 -30.1952 32 8549.88 256.106 257 0.000243051
8300 0.0578881 0.0556313 0.00225682 0 0.961014 342.959 326.673 16.2862 0 -30.0827 -30.3747 32 8645.88 257.54 260 0.000213967
8400 0.054581 0.0520553 0.00252569 0 0.953726 348.377 331.878 16.4985 0 -30.0862 -30.3095 32 8741.88 258.966 263 0.000197929
8500 0.0550003 0.0533493 0.00165102 0 0.969982 353.95 337.213 16.7364 0 -30.0973 -30.7884 32 8837.88 260.384 266 0.000200561
8600 0.0501468 0.0487064 0.00144037 0 0.971277 358.981 342.084 16.8969 0 -30.1144 -31.3203 32 8933.88 261.794 269 0.000181065
8700 0.0443787 0.0434251 0.000953575 0 0.978513 363.446 346.427 17.0196 0 -30.137 -31.9502 32 9029.88 263.197 272 0.000159651
8800 0.0435091 0.0426288 0.000880309 0 0.979767 367.827 350.689 17.1379 0 -30.1588 -31.9712 32 9157.88 265.056 276 0.000154452
8900 0.0565979 0.0545512 0.00204667 0 0.963838 373.512 356.145 17.3678 0 -30.1963 -32.6246 32 9253.88 266.442 279 0.000195524
9000 0.0477251 0.0460707 0.00165444 0 0.965334 378.276 360.752 17.5241 0 -30.2188 -31.976 32 9349.88 267.82 282 0.000163371
9100 0.0631993 0.0601229 0.00307642 0 0.951322 384.532 366.764 17.7677 0 -30.2091 -29.6268 32 9445.88 269.191 285 0.000210957
9200 0.0559471 0.0541635 0.00178359 0 0.96812 390.184 372.18 18.0037 0 -30.2244 -31.2619 32 9541.88 270.556 288 0.000188068
9300 0.062943 0.0608914 0.00205155 0 0.967406 396.501 378.269 18.2316 0 -30.2353 -30.9091 32 9637.88 271.914 291 0.000209249
9400 0.0532465 0.0517165 0.00153004 0 0.971265 401.861 383.441 18.4196 0 -30.2547 -31.6897 32 9733.88 273.264 294 0.000175906
9500 0.0822416 0.079133 0.00310858 0 0.962202 410.054 391.354 18.7 0 -30.2014 -27.5875 32 9829.88 274.609 297 0.000266441
9600 0.0708257 0.0683568 0.00246892 0 0.965141 417.209 398.19 19.0192 0 -30.169 -28.3101 32 9957.88 276.391 301 0.000227099
9700 0.0648599 0.06162 0.00323994 0 0.950047 423.659 404.352 19.3066 0 -30.1565 -29.3527 32 10053.9 277.72 304 0.000202697
9800 0.0658354 0.0615641 0.00427129 0 0.935122 430.132 410.508 19.6232 0 -30.1264 -28.1517 32 10149.9 279.043 307 0.000200534
9900 0.0750284 0.0711538 0.00387464 0 0.948358 437.573 417.624 19.9494 0 -30.1051 -28.8776 32 10245.9 280.359 310 0.000229528
10000 0.0704458 0.0677701 0.0026757 0 0.962018 444.66 424.401 20.2592 0 -30.1077 -30.2668 32 10341.9 281.67 313 0.000216518
10100 0.0686778 0.0659767 0.00270111 0 0.96067 451.537 430.999 20.5385 0 -30.1106 -30.2972 32 10437.9 282.974 316 0.000208787
10200 0.0579801 0.0564055 0.00157456 0 0.972843 457.396 436.639 20.7568 0 -30.1217 -30.977 32 10533.9 284.272 319 0.00017682
10300 0.0536755 0.0525462 0.00112927 0 0.978961 462.799 441.894 20.9052 0 -30.1409 -31.7634 32 10629.9 285.565 322 0.000163187
10400 0.0489018 0.0479733 0.000928474 0 0.981014 467.71 446.691 21.0192 0 -30.1588 -31.8488 32 10757.9 287.279 326 0.000147157
10500 0.0530264 0.0516411 0.00138537 0 0.973874 473.004 451.855 21.1486 0 -30.1784 -31.9133 32 10853.9 288.558 329 0.000156964
10600 0.0514591 0.0503348 0.00112423 0 0.978153 478.168 456.889 21.2794 0 -30.1969 -31.8923 32 10949.9 289.831 332 0.000151611
10700 0.0458309 0.0448784 0.000952556 0 0.979216 482.766 461.376 21.3894 0 -30.2214 -32.7657 32 11045.9 291.099 335 0.000133965
10800 0.0629383 0.0608161 0.00212219 0 0.966281 489.026 467.458 21.5676 0 -30.224 -30.4262 32 11141.9 292.361 338 0.000179929
10900 0.0566156 0.0548273 0.00178828 0 0.968414 494.715 472.941 21.7739 0 -30.2352 -31.2001 32 11237.9 293.618 341 0.000160784
11000 0.0521805 0.0506908 0.00148966 0 0.971452 499.967 478.01 21.9574 0 -30.2485 -31.5015 32 11333.9 294.869 344 0.000147357
11100 0.045153 0.0442699 0.00088312 0 0.980442 504.525 482.437 22.0882 0 -30.2689 -32.5021 32 11429.9 296.115 347 0.000127579
11200 0.0483101 0.0471619 0.00114816 0 0.976234 509.372 487.153 22.2186 0 -30.2837 -31.821 32 11557.9 297.769 351 0.000134364
11300 0.0521411 0.050249 0.00189207 0 0.963713 514.605 492.178 22.4271 0 -30.2931 -31.2119 32 11653.9 299.003 354 0.000141946
11400 0.0555979 0.05354 0.00205792 0 0.962986 520.153 497.532 22.6208 0 -30.3061 -31.5153 32 11749.9 300.232 357 0.000149972
11500 0.0615253 0.0590651 0.00246024 0 0.960013 526.274 503.438 22.8358 0 -30.3093 -30.5787 32 11845.9 301.456 360 0.00016407
11600 0.0547081 0.0532083 0.00149985 0 0.972584 531.801 508.759 23.0417 0 -30.3265 -31.9604 32 11941.9 302.675 363 0.000146579
11700 0.0506675 0.0496295 0.00103801 0 0.979513 536.928 513.722 23.2062 0 -30.3363 -31.3603 32 12037.9 303.889 366 0.0001356
11800 0.0477357 0.0467681 0.000967582 0 0.97973 541.684 518.399 23.2845 0 -30.3466 -31.509 32 12133.9 305.098 369 0.000126743
11900 0.048132 0.0470051 0.00112693 0 0.976587 546.5 523.1 23.4007 0 -30.3617 -32.0603 32 12229.9 306.303 372 0.000126358
12000 0.0454079 0.0448417 0.000566175 0 0.987531 551.068 527.584 23.4839 0 -30.3787 -32.4051 32 12357.9 307.902 376 0.00011926
12100 0.061736 0.0581013 0.00363465 0 0.941126 557.032 533.394 23.6381 0 -30.3668 -29.2643 32 12453.9 309.095 379 0.000153302
12200 0.0607923 0.0589377 0.00185454 0 0.969494 563.122 539.288 23.8345 0 -30.3757 -31.1959 32 12549.9 310.284 382 0.000154287
12300 0.0500827 0.0491348 0.000947894 0 0.981073 568.171 544.201 23.9696 0 -30.3914 -32.1388 32 12645.9 311.469 385 0.000127623
12400 0.047497 0.0465643 0.000932777 0 0.980361 572.928 548.858 24.0702 0 -30.4086 -32.4678 32 12741.9 312.649 388 0.000120011
12500 0.0428065 0.042118 0.000688497 0 0.983916 577.216 553.069 24.1464 0 -30.4298 -33.2633 32 12837.9 313.824 391 0.000107719
12600 0.0427767 0.0420964 0.00068032 0 0.984096 581.508 557.279 24.2291 0 -30.4489 -33.0129 32 12933.9 314.996 394 0.000106844
12700 0.0413758 0.0409882 0.000387568 0 0.990633 585.687 561.378 24.3088 0 -30.4681 -33.1405 32 13029.9 316.162 397 0.000103245
12800 0.0480673 0.0464807 0.00158652 0 0.966994 590.425 566.026 24.399 0 -30.4756 -31.4078 32 13157.9 317.712 401 0.000115912
12900 0.0625992 0.0609244 0.00167479 0 0.973246 596.751 572.118 24.6324 0 -30.48 -30.8859 32 13253.9 318.868 404 0.000150803
13000 0.0502738 0.0492866 0.000987149 0 0.980365 601.789 577.047 24.7424 0 -30.4967 -32.4798 32 13349.9 320.021 407 0.000121097
13100 0.0521433 0.0506821 0.00146115 0 0.971978 606.955 582.115 24.8396 0 -30.5155 -32.7073 32 13445.9 321.17 410 0.000123615
13200 0.0650511 0.0623988 0.00265228 0 0.959228 613.405 588.355 25.0499 0 -30.5163 -30.5839 32 13541.9 322.314 413 0.000151087
13300 0.0795359 0.0757904 0.00374551 0 0.952908 621.354 595.934 25.4195 0 -30.5165 -30.5373 32 13637.9 323.455 416 0.000182189
13400 0.0777657 0.0731883 0.0045774 0 0.941139 629.071 603.253 25.8178 0 -30.5184 -30.6653 32 13733.9 324.591 419 0.000174674
13500 0.0710984 0.0680607 0.00303764 0 0.957276 636.258 610.059 26.1986 0 -30.5303 -31.5736 32 13829.9 325.724 422 0.000161281
13600 0.0557449 0.0538805 0.00186444 0 0.966554 641.896 615.447 26.4489 0 -30.5462 -32.3467 32 13957.9 327.228 426 0.00012648
13700 0.0501311 0.0485946 0.00153649 0 0.96935 646.931 620.307 26.6242 0 -30.5634 -32.7579 32 14053.9 328.351 429 0.000113274
13800 0.0499509 0.0490694 0.000881473 0 0.982353 651.964 625.213 26.7501 0 -30.5835 -33.1603 32 14149.9 329.47 432 0.000113587
13900 0.0433375 0.0427249 0.00061257 0 0.985865 656.298 629.486 26.812 0 -30.6043 -33.7295 32 14245.9 330.586 435 9.82183e-05
14000 0.0474405 0.0467633 0.000677286 0 0.985723 661.078 634.162 26.9154 0 -30.6232 -33.2192 32 14341.9 331.698 438 0.000106765
14100 0.0750956 0.0714591 0.00363651 0 0.951575 668.436 641.308 27.1277 0 -30.6219 -30.5061 32 14437.9 332.807 441 0.000162039
14200 0.0646503 0.0619095 0.00274074 0 0.957607 674.973 647.499 27.4743 0 -30.633 -31.7667 32 14533.9 333.911 444 0.000139436
14300 0.0669798 0.0633651 0.00361466 0 0.946034 681.639 653.836 27.8035 0 -30.6421 -31.568 32 14629.9 335.012 447 0.000141756
14400 0.0652014 0.0621381 0.00306335 0 0.953017 688.22 660.049 28.1707 0 -30.6527 -31.7509 32 14757.9 336.474 451 0.000137778
14500 0.0609179 0.0577624 0.00315541 0 0.948202 694.328 665.826 28.5027 0 -30.6561 -31.0396 32 14853.9 337.567 454 0.00012723
14600 0.0573494 0.0549364 0.00241299 0 0.957925 700.109 671.319 28.7893 0 -30.6628 -31.465 32 14949.9 338.656 457 0.000120211
14700 0.0616418 0.0588307 0.00281105 0 0.954397 706.287 677.202 29.0845 0 -30.6637 -30.7645 32 15045.9 339.742 460 0.000127893
14800 0.0584507 0.0553988 0.00305185 0 0.947788 712.064 682.742 29.3217 0 -30.6639 -30.6828 32 15141.9 340.824 463 0.000119652
14900 0.0688195 0.0658471 0.00297245 0 0.956808 718.928 689.327 29.6012 0 -30.6705 -31.358 32 15237.9 341.903 466 0.000141303
15000 0.070296 0.0678345 0.00246149 0 0.964984 726.003 696.11 29.8925 0 -30.6934 -33.0207 32 15333.9 342.978 469 0.000144636
15100 0.0544994 0.0529441 0.0015553 0 0.971462 731.497 701.405 30.0921 0 -30.7132 -33.3344 32 15429.9 344.05 472 0.00011217
15200 0.0544805 0.0532337 0.00124688 0 0.977113 736.977 706.728 30.2486 0 -30.7405 -34.3792 32 15557.9 345.474 476 0.000111835
15300 0.0500345 0.0483256 0.00170887 0 0.965846 741.948 711.561 30.3871 0 -30.7571 -33.2263 32 15653.9 346.538 479 0.000100889
15400 0.054727 0.0532783 0.00144866 0 0.973529 747.451 716.889 30.5628 0 -30.7793 -33.7626 32 15749.9 347.599 482 0.000110536
15500 0.0470987 0.04602 0.0010787 0 0.977097 752.173 721.491 30.6821 0 -30.7999 -34.0643 32 15845.9 348.657 485 9.48866e-05
15600 0.0448686 0.0438878 0.000980882 0 0.978139 756.661 725.879 30.7815 0 -30.8203 -34.2398 32 15941.9 349.711 488 8.9934e-05
15700 0.0425647 0.0419386 0.000626081 0 0.985291 760.934 730.073 30.8606 0 -30.8413 -34.5607 32 16037.9 350.763 491 8.54147e-05
15800 0.0405466 0.0400027 0.000543849 0 0.986587 765.007 734.074 30.9332 0 -30.861 -34.5498 32 16133.9 351.811 494 8.09771e-05
15900 0.0422611 0.0417146 0.000546552 0 0.987067 769.254 738.245 31.0085 0 -30.8794 -34.1914 32 16229.9 352.856 497 8.39327e-05
16000 0.0396572 0.0392058 0.000451353 0 0.988619 773.237 742.166 31.0719 0 -30.8974 -34.3778 32 16357.9 354.245 501 7.82552e-05
16100 0.049329 0.0477605 0.00156854 0 0.968202 778.131 746.942 31.189 0 -30.9081 -32.5905 32 16453.9 355.283 504 9.47628e-05
16200 0.0540342 0.0526316 0.00140257 0 0.974043 783.559 752.205 31.3543 0 -30.9269 -33.6175 32 16549.9 356.318 507 0.00010381
16300 0.0448284 0.0435782 0.00125026 0 0.97211 788.054 756.563 31.4909 0 -30.945 -34.1122 32 16645.9 357.35 510 8.54474e-05
16400 0.0450464 0.0436801 0.00136628 0 0.969669 792.549 760.931 31.6185 0 -30.9631 -34.1297 32 16741.9 358.379 513 8.51464e-05
16500 0.0466434 0.0455539 0.00108942 0 0.976644 797.276 765.486 31.7902 0 -30.9805 -33.9014 32 16837.9 359.405 516 8.82828e-05
16600 0.0403142 0.0393864 0.000927878 0 0.976984 801.329 769.425 31.9044 0 -30.9975 -34.3342 32 16933.9 360.428 519 7.58889e-05
16700 0.0376251 0.0369744 0.000650664 0 0.982707 805.112 773.122 31.9897 0 -31.0161 -34.9572 32 17029.9 361.448 522 7.08322e-05
16800 0.035455 0.034846 0.00060897 0 0.982824 808.677 776.607 32.0704 0 -31.0331 -34.8657 32 17157.9 362.804 526 6.62471e-05
16900 0.0407865 0.0377793 0.0030072 0 0.92627 812.553 780.385 32.1685 0 -31.0384 -32.1534 32 17253.9 363.817 529 7.14165e-05
17000 0.05895 0.0570194 0.00193061 0 0.96725 818.459 786.087 32.3724 0 -31.0532 -33.0934 32 17349.9 364.828 532 0.000107179
17100 0.0452533 0.0440128 0.00124052 0 0.972587 822.994 790.488 32.5058 0 -31.0672 -33.5961 32 17445.9 365.836 535 8.22669e-05
17200 0.0512921 0.0496368 0.00165525 0 0.967729 828.11 795.452 32.6586 0 -31.0757 -32.4381 32 17541.9 366.841 538 9.22618e-05
17300 0.0537443 0.0519251 0.00181912 0 0.966152 833.482 800.644 32.838 0 -31.0821 -32.0656 32 17637.9 367.844 541 9.59799e-05
17400 0.0616786 0.0596801 0.00199853 0 0.967598 839.705 806.612 33.0926 0 -31.0881 -31.8913 32 17733.9 368.843 544 0.000109706
17500 0.0492378 0.0478078 0.00143007 0 0.970956 844.662 811.393 33.2689 0 -31.0995 -33.0375 32 17829.9 369.84 547 8.74e-05
17600 0.0563224 0.0533911 0.00293129 0 0.947955 850.192 816.732 33.4599 0 -31.0998 -31.1391 32 17957.9 371.166 551 9.68985e-05
17700 0.0549797 0.0528865 0.00209319 0 0.961928 855.7 822.021 33.6794 0 -31.1019 -31.4267 32 18053.9 372.156 554 9.54631e-05
17800 0.0476077 0.0457556 0.00185213 0 0.961096 860.467 826.596 33.8704 0 -31.1089 -32.3605 32 18149.9 373.144 557 8.21465e-05
17900 0.0505467 0.0486274 0.00191932 0 0.962029 865.519 831.459 34.0602 0 -31.1165 -32.4118 32 18245.9 374.13 560 8.68347e-05
18000 0.0490827 0.0472365 0.00184625 0 0.962385 870.422 836.183 34.2394 0 -31.1257 -32.7487 32 18341.9 375.113 563 8.39013e-05
18100 0.0441203 0.0426912 0.00142913 0 0.967608 874.853 840.452 34.4011 0 -31.1381 -33.5757 32 18437.9 376.093 566 7.54261e-05
18200 0.0391923 0.0379947 0.00119762 0 0.969442 878.779 844.251 34.5274 0 -31.1509 -34.0052 32 18533.9 377.071 569 6.67745e-05
18300 0.0445987 0.0428804 0.00171838 0 0.96147 883.227 848.539 34.6883 0 -31.1563 -32.2379 32 18629.9 378.046 572 7.49656e-05
18400 0.0494665 0.0477884 0.0016781 0 0.966076 888.217 853.318 34.8991 0 -31.1616 -32.0975 32 18757.9 379.343 576 8.29659e-05
18500 0.0462592 0.0446854 0.00157381 0 0.965978 892.908 857.787 35.1214 0 -31.1705 -32.8505 32 18853.9 380.312 579 7.71768e-05
18600 0.0464513 0.0445536 0.00189769 0 0.959147 897.513 862.242 35.2711 0 -31.171 -31.2589 32 18949.9 381.279 582 7.65525e-05
18700 0.0639319 0.061797 0.00213481 0 0.966608 903.889 868.422 35.4679 0 -31.1547 -28.8598 32 19045.9 382.244 585 0.000105636
18800 0.0538407 0.0525872 0.00125351 0 0.976718 909.352 873.68 35.6716 0 -31.1529 -30.8689 32 19141.9 383.206 588 8.9434e-05
18900 0.050198 0.0488642 0.0013338 0 0.973429 914.378 878.567 35.8113 0 -31.151 -30.7911 32 19237.9 384.166 591 8.26805e-05
19000 0.0479626 0.046243 0.00171967 0 0.964146 919.156 883.191 35.9649 0 -31.1512 -31.1899 32 19333.9 385.123 594 7.78501e-05
19100 0.0439855 0.0427664 0.00121906 0 0.972285 923.594 887.468 36.1266 0 -31.1543 -31.7988 32 19429.9 386.078 597 7.16355e-05
19200 0.0397756 0.0390852 0.00069035 0 0.982644 927.605 891.376 36.2292 0 -31.1619 -32.9129 32 19557.9 387.348 601 6.50336e-05
19300 0.0409047 0.0397827 0.00112203 0 0.97257 931.684 895.354 36.3298 0 -31.1684 -32.6461 32 19653.9 388.297 604 6.58654e-05
19400 0.0390225 0.0382751 0.000747398 0 0.980847 935.598 899.182 36.4161 0 -31.1778 -33.4152 32 19749.9 389.244 607 6.30562e-05
19500 0.0448562 0.0435938 0.00126243 0 0.971856 940.081 903.541 36.5394 0 -31.1867 -33.0588 32 19845.9 390.189 610 7.14652e-05
19600 0.0412919 0.0402624 0.00102952 0 0.975067 944.229 907.568 36.6614 0 -31.1939 -32.8143 32 19941.9 391.132 613 6.5681e-05
19700 0.0565672 0.0539673 0.00259988 0 0.954039 949.808 912.964 36.8437 0 -31.1971 -31.7464 32 20037.9 392.072 616 8.76093e-05
19800 0.066886 0.0640653 0.00282068 0 0.957829 956.488 919.371 37.1172 0 -31.203 -32.0338 32 20133.9 393.01 619 0.000103498
19900 0.0534562 0.0513818 0.00207442 0 0.961194 961.862 924.509 37.3533 0 -31.2089 -32.2617 32 20229.9 393.946 622 8.26073e-05
20000 0.0537535 0.0520895 0.001664 0 0.969044 967.274 929.718 37.5561 0 -31.213 -31.9375 32 20357.9 395.19 626 8.321e-05
