100 0.00658963 0.00591494 0.000674689 0 0.897614 0.629777 0.591494 0.0382824 0 -26.2448 -26.2448 16 437.882 57.9587 7 0.000844992
200 0.0212003 0.0178506 0.00334967 0 0.841999 2.57555 2.37656 0.198999 0 -23.7194 -22.902 16 533.882 63.9974 13 0.00137312
300 0.0362809 0.0331793 0.00310161 0 0.914511 6.21426 5.69448 0.519775 0 -26.0241 -27.6554 16 629.882 69.5136 19 0.00174628
400 0.0509194 0.0449955 0.00592387 0 0.883662 11.1642 10.194 0.970208 0 -26.0452 -26.0717 16 741.882 75.441 26 0.0017306
500 0.0514507 0.0461723 0.00527847 0 0.897407 16.3272 14.8113 1.51594 0 -26.8393 -28.5563 16 837.882 80.1736 32 0.00144288
600 0.0405917 0.0361242 0.00446746 0 0.889942 20.3955 18.4237 1.97179 0 -27.1469 -28.3813 16 933.882 84.642 38 0.000950638
700 0.0410538 0.0379369 0.00311693 0 0.924077 24.5385 22.2174 2.32108 0 -27.522 -29.3686 16 1029.88 88.8861 44 0.000862202
800 0.0558042 0.0521912 0.00361296 0 0.935256 30.1454 27.4365 2.70895 0 -27.8524 -29.2984 16 1141.88 93.5946 51 0.00102336
900 0.0575537 0.054147 0.00340672 0 0.940808 35.95 32.8512 3.0988 0 -28.3129 -30.7046 16 1237.88 97.4495 57 0.000949948
1000 0.0541896 0.0505775 0.00361203 0 0.933344 41.3921 37.9089 3.48312 0 -28.3721 -28.7635 16 1333.88 101.158 63 0.000802818
1100 0.0430181 0.0399686 0.00304952 0 0.929111 45.6776 41.9058 3.77178 0 -28.479 -29.5108 16 1429.88 104.735 69 0.000579255
1200 0.0555296 0.0521976 0.00333198 0 0.939996 51.2791 47.1256 4.15356 0 -28.6454 -30.0029 16 1541.88 108.759 76 0.00068681
1300 0.0619047 0.0578573 0.00404732 0 0.93462 57.4681 52.9113 4.55676 0 -28.673 -28.9013 16 1637.88 112.094 82 0.000705577
1400 0.0763698 0.071785 0.00458471 0 0.939967 65.1138 60.0898 5.02402 0 -28.8616 -30.2788 16 1733.88 115.332 88 0.000815739
1500 0.0643484 0.0600551 0.00429337 0 0.933279 71.5146 66.0953 5.41925 0 -28.9247 -29.5665 16 1829.88 118.482 94 0.000638884
1600 0.0632374 0.0598379 0.00339954 0 0.946242 77.9241 72.0791 5.84498 0 -28.9339 -29.0375 16 1941.88 122.054 101 0.000592454
1700 0.0788523 0.0733889 0.00546348 0 0.930713 85.7136 79.418 6.29566 0 -28.8511 -28.0227 16 2037.88 125.034 107 0.000685877
1800 0.072819 0.0677677 0.00505135 0 0.930631 93.0028 86.1948 6.80806 0 -28.7659 -27.7635 16 2133.88 127.946 113 0.000599714
1900 0.0719836 0.0669268 0.00505677 0 0.929751 100.189 92.8874 7.30107 0 -28.7134 -28.0338 16 2229.88 130.792 119 0.00056241
2000 0.0600085 0.0558033 0.0042052 0 0.929923 106.216 98.4678 7.74863 0 -28.7086 -28.6299 16 2341.88 134.036 126 0.000442884
2100 0.0821957 0.0780237 0.00417195 0 0.949244 114.523 106.27 8.25331 0 -28.7499 -29.278 16 2437.88 136.756 132 0.000591089
2200 0.0708046 0.0655169 0.00528772 0 0.92532 121.489 112.822 8.66707 0 -28.7635 -28.9867 16 2533.88 139.423 138 0.00047476
2300 0.0775621 0.0737539 0.00380819 0 0.950901 129.282 120.197 9.08439 0 -28.8406 -30.0429 16 2629.88 142.039 144 0.00051218
2400 0.0671595 0.0637686 0.00339089 0 0.94951 136.051 126.574 9.47652 0 -28.9098 -30.2311 16 2741.88 145.032 151 0.000422309
2500 0.0555883 0.0531908 0.00239752 0 0.95687 141.67 131.893 9.77655 0 -28.9853 -30.8125 16 2837.88 147.549 157 0.000338795
2600 0.0572946 0.0542502 0.00304446 0 0.946863 147.333 137.318 10.0153 0 -29.0518 -30.7169 16 2933.88 150.024 163 0.000332823
2700 0.0708024 0.0669412 0.0038612 0 0.945465 154.346 144.012 10.3337 0 -29.1261 -30.6863 16 3029.88 152.459 169 0.000396102
2800 0.0714771 0.0677335 0.00374359 0 0.947625 161.481 150.786 10.6951 0 -29.2057 -30.9285 16 3141.88 155.251 176 0.00038485
2900 0.0843194 0.0795345 0.00478491 0 0.943253 169.796 158.739 11.0568 0 -29.2785 -30.691 16 3237.88 157.605 182 0.000437003
3000 0.093662 0.0887501 0.00491191 0 0.947557 179.096 167.614 11.4816 0 -29.3406 -30.4752 16 3333.88 159.925 188 0.000472075
3100 0.10067 0.0967296 0.00394006 0 0.960862 189.216 177.287 11.9293 0 -29.3413 -29.3535 16 3429.88 162.211 194 0.000498606
3200 0.0843788 0.0811854 0.00319348 0 0.962153 197.769 185.406 12.3636 0 -29.4031 -30.7709 16 3541.88 164.838 201 0.000403907
3300 0.0892736 0.0841452 0.00512848 0 0.942553 206.577 193.82 12.7564 0 -29.4018 -29.3724 16 3637.88 167.057 207 0.000406498
3400 0.0929145 0.0880854 0.00482911 0 0.948026 215.83 202.629 13.2013 0 -29.3756 -28.7909 16 3733.88 169.247 213 0.000413546
3500 0.0946332 0.0901654 0.00446782 0 0.952788 225.254 211.645 13.6084 0 -29.329 -28.2615 16 3829.88 171.409 219 0.000411714
3600 0.10504 0.101306 0.0037346 0 0.964446 235.793 221.776 14.0172 0 -29.319 -29.1039 16 3941.88 173.897 226 0.000448256
3700 0.10244 0.098685 0.00375455 0 0.963349 246.081 231.644 14.4363 0 -29.3618 -30.3428 16 4037.88 176.002 232 0.000425366
3800 0.0785224 0.0755746 0.00294781 0 0.962459 253.929 239.202 14.7277 0 -29.4024 -30.6757 16 4133.88 178.082 238 0.00031754
3900 0.0780897 0.0746955 0.00339419 0 0.956535 261.658 246.671 14.9864 0 -29.4232 -30.1061 16 4229.88 180.138 244 0.000306129
4000 0.075459 0.07318 0.00227898 0 0.969798 269.316 253.989 15.3268 0 -29.4595 -30.702 16 4341.88 182.507 251 0.000291554
4100 0.0740458 0.0713411 0.0027047 0 0.963473 276.72 261.123 15.5964 0 -29.496 -30.8232 16 4437.88 184.513 257 0.000277592
4200 0.0665777 0.0648808 0.00169698 0 0.974511 283.421 267.612 15.8093 0 -29.5547 -31.9786 16 4533.88 186.498 263 0.000246695
4300 0.0782794 0.0740013 0.00427807 0 0.945349 291.056 275.012 16.0441 0 -29.5369 -28.8742 16 4629.88 188.463 269 0.000275098
4400 0.0840082 0.0812351 0.00277306 0 0.966991 299.518 283.135 16.3826 0 -29.546 -29.8589 16 4741.88 190.728 276 0.00029433
4500 0.0726168 0.0694806 0.00313627 0 0.956811 306.776 290.083 16.6931 0 -29.5712 -30.6123 16 4837.88 192.649 282 0.000246385
4600 0.0873427 0.0838586 0.0034841 0 0.96011 315.523 298.469 17.0538 0 -29.6111 -31.0112 16 4933.88 194.551 288 0.000291176
4700 0.0823909 0.0786065 0.00378441 0 0.954068 323.72 306.33 17.3904 0 -29.6341 -30.5188 16 5029.88 196.435 294 0.000267369
4800 0.0882078 0.0849487 0.00325913 0 0.963052 332.599 314.825 17.7741 0 -29.6452 -30.0488 16 5141.88 198.61 301 0.000282222
4900 0.0866985 0.0835156 0.00318293 0 0.963287 341.34 323.176 18.1644 0 -29.6623 -30.3144 16 5237.88 200.455 307 0.000272038
5000 0.0877222 0.0841713 0.0035509 0 0.959521 350.153 331.593 18.5594 0 -29.6811 -30.4083 16 5333.88 202.284 313 0.000268918
5100 0.0883244 0.0842132 0.00411121 0 0.953453 358.956 340.015 18.9411 0 -29.7105 -30.8806 16 5429.88 204.096 319 0.000263991
5200 0.0769484 0.0744141 0.00253425 0 0.967066 366.729 347.456 19.2734 0 -29.7568 -31.8975 16 5541.88 206.191 326 0.000228264
5300 0.0660767 0.0642078 0.00186891 0 0.971716 373.385 353.877 19.5085 0 -29.8021 -32.2953 16 5637.88 207.969 332 0.000193397
5400 0.0655714 0.0635227 0.00204878 0 0.968755 379.945 360.229 19.7161 0 -29.8391 -31.9458 16 5733.88 209.732 338 0.000187937
5500 0.0703749 0.0682058 0.0021691 0 0.969178 386.988 367.05 19.9386 0 -29.8616 -31.0734 16 5829.88 211.48 344 0.000198273
5600 0.0669064 0.0656368 0.00126962 0 0.981024 393.746 373.613 20.1322 0 -29.8867 -31.3268 16 5941.88 213.502 351 0.000186999
5700 0.101375 0.0965976 0.00477733 0 0.952875 403.808 383.273 20.5347 0 -29.8631 -28.9402 16 6037.88 215.22 357 0.000270581
5800 0.0759355 0.073414 0.0025215 0 0.966794 411.485 390.614 20.8703 0 -29.8808 -30.8099 16 6133.88 216.924 363 0.000202243
5900 0.0693072 0.0669721 0.00233515 0 0.966307 418.429 397.312 21.1177 0 -29.8943 -30.6956 16 6229.88 218.615 369 0.000181496
6000 0.0594429 0.0583846 0.00105828 0 0.982197 424.442 403.15 21.2922 0 -29.9233 -31.9385 16 6341.88 220.571 376 0.000155278
6100 0.0861297 0.0820817 0.00404798 0 0.953001 432.927 411.358 21.5683 0 -29.9119 -29.3447 16 6437.88 222.235 382 0.000214874
6200 0.082174 0.0786003 0.00357369 0 0.956511 441.106 419.218 21.8877 0 -29.9031 -29.434 16 6533.88 223.885 388 0.000202578
6300 0.0922427 0.0880276 0.00421512 0 0.954304 450.228 428.021 22.2072 0 -29.8726 -28.4006 16 6629.88 225.524 394 0.00022342
6400 0.0863886 0.0834748 0.00291385 0 0.96627 458.948 436.369 22.5794 0 -29.8819 -30.3588 16 6741.88 227.421 401 0.000208167
6500 0.0995119 0.0957184 0.00379346 0 0.961879 468.999 445.94 23.059 0 -29.8447 -28.1462 16 6837.88 229.034 407 0.00023518
6600 0.0835877 0.0794873 0.00410034 0 0.950946 477.319 453.889 23.4302 0 -29.835 -29.2901 16 6933.88 230.637 413 0.000192463
6700 0.0908299 0.0865874 0.00424247 0 0.953292 486.407 462.548 23.8596 0 -29.8218 -29.1268 16 7029.88 232.228 419 0.000206652
6800 0.0875301 0.0837222 0.00380787 0 0.956496 495.215 470.92 24.2947 0 -29.8273 -30.1342 16 7141.88 234.07 426 0.000196531
6900 0.0779861 0.0749623 0.00302374 0 0.961227 503.095 478.416 24.6789 0 -29.8381 -30.5126 16 7237.88 235.638 432 0.000173524
7000 0.0672767 0.0646983 0.00257838 0 0.961675 509.845 484.886 24.9589 0 -29.8563 -31.2163 16 7333.88 237.196 438 0.000147713
7100 0.0579418 0.0567224 0.00121934 0 0.978956 515.716 490.558 25.158 0 -29.8818 -32.0914 16 7429.88 238.743 444 0.000127753
7200 0.0585319 0.0570288 0.00150312 0 0.97432 521.573 496.261 25.3119 0 -29.8992 -31.4394 16 7541.88 240.536 451 0.00012645
7300 0.0802674 0.0772108 0.00305652 0 0.961921 529.555 503.982 25.5726 0 -29.9175 -31.1119 16 7637.88 242.062 457 0.000168952
7400 0.0762423 0.0727874 0.00345491 0 0.954685 537.142 511.261 25.8809 0 -29.9319 -30.9336 16 7733.88 243.578 463 0.000157208
7500 0.0850442 0.0815451 0.00349906 0 0.958856 545.609 519.416 26.1935 0 -29.9406 -30.495 16 7829.88 245.086 469 0.00017387
7600 0.110735 0.105817 0.00491794 0 0.955588 556.684 529.997 26.687 0 -29.9277 -29.2934 16 7941.88 246.832 476 0.000222304
7700 0.106935 0.101947 0.00498826 0 0.953352 567.422 540.192 27.2299 0 -29.907 -28.8302 16 8037.88 248.32 482 0.000211508
7800 0.105692 0.100335 0.00535658 0 0.949319 578.006 550.226 27.78 0 -29.9002 -29.5393 16 8133.88 249.798 488 0.000205605
7900 0.0993687 0.0950006 0.00436801 0 0.956042 588.008 559.726 28.2827 0 -29.899 -29.8298 16 8229.88 251.268 494 0.000192309
8000 0.105273 0.100275 0.00499751 0 0.952528 598.512 569.753 28.7586 0 -29.9014 -30.0325 16 8341.88 252.972 501 0.00020015
8100 0.122147 0.11492 0.00722715 0 0.940832 610.512 581.245 29.2667 0 -29.8999 -29.8279 16 8437.88 254.423 507 0.000226666
8200 0.114864 0.109589 0.00527473 0 0.954078 622.115 592.204 29.9113 0 -29.9135 -30.6258 16 8533.88 255.866 513 0.000213623
8300 0.134303 0.128833 0.0054697 0 0.959273 635.555 605.087 30.4677 0 -29.9259 -30.5034 16 8629.88 257.302 519 0.000248234
8400 0.10962 0.106007 0.00361263 0 0.967044 646.613 615.688 30.9254 0 -29.9546 -31.6004 16 8741.88 258.966 526 0.000201535
8500 0.121716 0.115985 0.00573121 0 0.952913 658.598 627.287 31.3112 0 -29.9735 -30.9947 16 8837.88 260.384 532 0.000218016
8600 0.128368 0.12323 0.00513783 0 0.959976 671.419 639.61 31.8092 0 -29.9899 -30.8296 16 8933.88 261.794 538 0.000229052
8700 0.105092 0.101937 0.00315495 0 0.969979 682.034 649.803 32.2303 0 -30.0158 -31.6559 16 9029.88 263.197 544 0.000187384
8800 0.120081 0.115521 0.00455966 0 0.962028 694.003 661.355 32.6479 0 -30.0217 -30.3584 16 9141.88 264.824 551 0.000209658
8900 0.106141 0.102116 0.00402573 0 0.962072 704.643 671.567 33.0757 0 -30.0373 -31.0545 16 9237.88 266.211 557 0.000183331
9000 0.104238 0.0992284 0.00500947 0 0.951942 714.903 681.49 33.4128 0 -30.0469 -30.7045 16 9333.88 267.591 563 0.000176249
9100 0.112394 0.109305 0.00308859 0 0.97252 726.274 692.42 33.8537 0 -30.0676 -31.3706 16 9429.88 268.963 569 0.000192101
9200 0.0985855 0.0955618 0.0030237 0 0.969329 736.186 701.976 34.2098 0 -30.0876 -31.5506 16 9541.88 270.556 576 0.000165906
9300 0.0881718 0.0858085 0.00236324 0 0.973197 745.05 710.557 34.4931 0 -30.1115 -32.101 16 9637.88 271.914 582 0.000147437
9400 0.095881 0.0923579 0.00352309 0 0.963256 754.557 719.793 34.7638 0 -30.1221 -30.949 16 9733.88 273.264 588 0.000157071
9500 0.103299 0.0998076 0.00349164 0 0.966199 764.901 729.774 35.1272 0 -30.1391 -31.3792 16 9829.88 274.609 594 0.000168026
9600 0.100072 0.0963072 0.00376444 0 0.962383 774.878 739.405 35.4733 0 -30.1571 -31.5427 16 9941.88 276.169 601 0.000160245
9700 0.116484 0.111904 0.00458079 0 0.960675 786.55 750.595 35.9551 0 -30.1517 -29.7934 16 10037.9 277.499 607 0.000184355
9800 0.0906417 0.0876345 0.00300721 0 0.966823 795.674 759.358 36.3154 0 -30.1663 -31.422 16 10133.9 278.823 613 0.00014296
9900 0.0920073 0.0887643 0.00324306 0 0.964752 804.873 768.235 36.6379 0 -30.1841 -31.7252 16 10229.9 280.14 619 0.000143399
10000 0.105038 0.101233 0.00380567 0 0.963769 815.471 778.358 37.1127 0 -30.1982 -31.2674 16 10341.9 281.67 626 0.000161713
10100 0.121011 0.115896 0.00511426 0 0.957737 827.539 789.948 37.5913 0 -30.197 -30.1179 16 10437.9 282.974 632 0.00018338
10200 0.133202 0.127317 0.00588558 0 0.955815 840.864 802.679 38.1844 0 -30.1861 -29.5069 16 10533.9 284.272 638 0.000199556
10300 0.109907 0.105357 0.00455015 0 0.9586 851.898 813.215 38.6833 0 -30.1923 -30.663 16 10629.9 285.565 644 0.000163597
10400 0.119515 0.114788 0.00472738 0 0.960445 863.918 824.694 39.2242 0 -30.1918 -30.1577 16 10741.9 287.065 651 0.000176325
10500 0.121495 0.115642 0.00585341 0 0.951822 876.046 836.258 39.7878 0 -30.1973 -30.5901 16 10837.9 288.345 657 0.000176015
10600 0.106382 0.102204 0.00417864 0 0.960721 886.742 846.478 40.264 0 -30.2082 -31.1043 16 10933.9 289.619 663 0.000154153
10700 0.094853 0.0917079 0.0031451 0 0.966842 896.268 855.649 40.6193 0 -30.2237 -31.6603 16 11029.9 290.888 669 0.000137082
10800 0.0886358 0.0863234 0.00231236 0 0.973912 905.178 864.281 40.8965 0 -30.2441 -32.2981 16 11141.9 292.361 676 0.000127697
10900 0.0975634 0.0935592 0.00400426 0 0.958957 914.824 873.637 41.1865 0 -30.2551 -31.2859 16 11237.9 293.618 682 0.000137184
11000 0.100839 0.0963697 0.00446928 0 0.955679 924.797 883.274 41.5227 0 -30.2656 -31.2328 16 11333.9 294.869 688 0.000140072
11100 0.106879 0.103012 0.00386669 0 0.963822 935.523 893.576 41.9477 0 -30.285 -31.9541 16 11429.9 296.115 694 0.000148432
11200 0.113908 0.1097 0.00420715 0 0.963065 946.962 904.546 42.4166 0 -30.3075 -32.1474 16 11541.9 297.563 701 0.000156491
11300 0.101185 0.0971235 0.00406194 0 0.959856 957.13 914.258 42.872 0 -30.3286 -32.3001 16 11637.9 298.798 707 0.000137374
11400 0.0934086 0.0900877 0.00332085 0 0.964448 966.487 923.267 43.2206 0 -30.3539 -32.934 16 11733.9 300.027 713 0.00012635
11500 0.0984371 0.095394 0.00304302 0 0.969087 976.367 932.806 43.5607 0 -30.3781 -32.7462 16 11829.9 301.252 719 0.000132676
11600 0.11159 0.108451 0.00313865 0 0.971873 987.586 943.651 43.9351 0 -30.4058 -32.8146 16 11941.9 302.675 726 0.000149382
11700 0.110849 0.105285 0.005564 0 0.949805 998.536 954.18 44.3567 0 -30.4267 -32.3179 16 12037.9 303.889 732 0.000143831
11800 0.0964161 0.0931372 0.00327884 0 0.965993 1008.25 963.493 44.754 0 -30.4522 -33.0691 16 12133.9 305.098 738 0.000126202
11900 0.102575 0.098778 0.0037975 0 0.962978 1018.49 973.371 45.1152 0 -30.4644 -31.6663 16 12229.9 306.303 744 0.000132766
12000 0.132718 0.127013 0.00570542 0 0.957011 1031.72 986.072 45.6507 0 -30.4554 -29.7678 16 12341.9 307.702 751 0.000169125
12100 0.125477 0.120468 0.00500921 0 0.960079 1044.33 998.119 46.2144 0 -30.4527 -30.2273 16 12437.9 308.897 757 0.000159138
12200 0.123954 0.118871 0.00508253 0 0.958997 1056.78 1010.01 46.7714 0 -30.4469 -29.957 16 12533.9 310.087 763 0.000155794
12300 0.108001 0.104557 0.00344395 0 0.968112 1067.68 1020.46 47.2217 0 -30.4521 -30.9646 16 12629.9 311.272 769 0.000135965
12400 0.103345 0.100059 0.00328555 0 0.968208 1078.11 1030.47 47.6399 0 -30.4584 -31.0989 16 12741.9 312.649 776 0.000128943
12500 0.0974936 0.0936591 0.00383448 0 0.960669 1087.85 1039.83 48.0187 0 -30.4657 -31.2708 16 12837.9 313.824 782 0.000119769
12600 0.104776 0.101176 0.00360013 0 0.96564 1098.33 1049.95 48.3822 0 -30.4732 -31.2571 16 12933.9 314.996 788 0.000128396
12700 0.108194 0.104762 0.00343162 0 0.968283 1109.16 1060.43 48.7312 0 -30.4808 -31.2484 16 13029.9 316.162 794 0.000131942
12800 0.11645 0.112217 0.00423349 0 0.963646 1120.84 1071.65 49.1879 0 -30.478 -30.2098 16 13141.9 317.518 801 0.000140096
12900 0.107122 0.103275 0.00384673 0 0.96409 1131.6 1081.98 49.624 0 -30.4817 -30.8745 16 13237.9 318.676 807 0.000127974
13000 0.100158 0.0967616 0.00339592 0 0.966094 1141.66 1091.65 50.0056 0 -30.491 -31.5362 16 13333.9 319.829 813 0.000119018
13100 0.102259 0.0978024 0.00445616 0 0.956423 1151.8 1101.43 50.3691 0 -30.5031 -31.8596 16 13429.9 320.979 819 0.000119417
13200 0.0916205 0.0887994 0.00282109 0 0.969209 1161.02 1110.31 50.7072 0 -30.5193 -32.5424 16 13541.9 322.314 826 0.000107505
13300 0.0873305 0.0836636 0.00366686 0 0.958012 1169.66 1118.68 50.9841 0 -30.5317 -32.1994 16 13637.9 323.455 832 0.000100557
13400 0.091984 0.0887348 0.00324921 0 0.964676 1178.86 1127.55 51.3024 0 -30.5488 -32.7316 16 13733.9 324.591 838 0.000105889
13500 0.0834014 0.0817326 0.00166875 0 0.979991 1187.27 1135.73 51.5466 0 -30.5676 -33.2012 16 13829.9 325.724 844 9.68396e-05
13600 0.0832917 0.0816005 0.00169127 0 0.979695 1195.64 1143.89 51.7563 0 -30.5844 -32.9599 16 13941.9 327.04 851 9.58877e-05
13700 0.0961821 0.0933958 0.00278628 0 0.971031 1205.22 1153.23 51.9972 0 -30.5915 -31.4817 16 14037.9 328.164 857 0.00010898
13800 0.109 0.105252 0.00374782 0 0.965616 1216.13 1163.75 52.3804 0 -30.6013 -31.6866 16 14133.9 329.284 863 0.00012196
13900 0.0922001 0.0892888 0.0029113 0 0.968424 1225.4 1172.68 52.7197 0 -30.6158 -32.5177 16 14229.9 330.401 869 0.000102749
14000 0.0891418 0.0867174 0.00242442 0 0.972803 1234.37 1181.35 53.0199 0 -30.6269 -32.1367 16 14341.9 331.698 876 9.89924e-05
14100 0.0889504 0.0868772 0.0020732 0 0.976693 1243.33 1190.04 53.2873 0 -30.6395 -32.3824 16 14437.9 332.807 882 9.85002e-05
14200 0.106267 0.101759 0.00450787 0 0.95758 1253.79 1200.22 53.5791 0 -30.6383 -30.4866 16 14533.9 333.911 888 0.000114593
14300 0.106865 0.103966 0.00289889 0 0.972873 1264.57 1210.61 53.9552 0 -30.6514 -32.1771 16 14629.9 335.012 894 0.000116293
14400 0.121519 0.117381 0.00413807 0 0.965947 1276.72 1222.35 54.3723 0 -30.6584 -31.3878 16 14741.9 336.292 901 0.000130279
14500 0.120622 0.116453 0.00416891 0 0.965438 1288.82 1234 54.8207 0 -30.6643 -31.2859 16 14837.9 337.385 907 0.000128394
14600 0.108312 0.104726 0.00358611 0 0.966891 1299.68 1244.47 55.2133 0 -30.6706 -31.424 16 14933.9 338.475 913 0.000114705
14700 0.111613 0.107561 0.00405172 0 0.963699 1310.84 1255.22 55.6118 0 -30.675 -31.1812 16 15029.9 339.561 919 0.000117042
14800 0.108463 0.105064 0.00339955 0 0.968657 1321.76 1265.73 56.0273 0 -30.6879 -32.2349 16 15141.9 340.824 926 0.00011346
14900 0.115509 0.111829 0.00367953 0 0.968145 1333.34 1276.91 56.4229 0 -30.6938 -31.374 16 15237.9 341.903 932 0.000119988
15000 0.112892 0.109467 0.00342456 0 0.969665 1344.63 1287.86 56.7694 0 -30.6994 -31.36 16 15333.9 342.978 938 0.000116703
15100 0.100774 0.0975933 0.00318048 0 0.968439 1354.71 1297.62 57.0949 0 -30.7095 -32.0554 16 15429.9 344.05 944 0.000103383
15200 0.100997 0.0969251 0.00407144 0 0.959687 1364.71 1307.31 57.4029 0 -30.7217 -32.3798 16 15541.9 345.296 951 0.000101919
15300 0.102358 0.0990054 0.00335251 0 0.967247 1374.96 1317.21 57.7504 0 -30.7362 -32.6649 16 15637.9 346.361 957 0.000103454
15400 0.0959714 0.0932961 0.00267524 0 0.972125 1384.61 1326.54 58.0722 0 -30.7529 -33.1343 16 15733.9 347.423 963 9.68807e-05
15500 0.0953595 0.0924154 0.00294409 0 0.969126 1394.16 1335.78 58.3722 0 -30.7677 -32.9109 16 15829.9 348.481 969 9.53719e-05
15600 0.0955442 0.0925698 0.0029744 0 0.968869 1403.7 1345.04 58.6581 0 -30.7833 -33.0644 16 15941.9 349.711 976 9.48461e-05
15700 0.10258 0.0985718 0.00400844 0 0.960924 1413.87 1354.9 58.9751 0 -30.7982 -32.8483 16 16037.9 350.763 982 0.000100379
15800 0.0951629 0.0922327 0.00293012 0 0.969209 1423.41 1364.12 59.288 0 -30.8138 -33.1215 16 16133.9 351.811 988 9.3353e-05
15900 0.0872946 0.0849993 0.00229526 0 0.973707 1432.15 1372.62 59.5327 0 -30.8329 -33.9546 16 16229.9 352.856 994 8.55124e-05
16000 0.10636 0.102302 0.0040583 0 0.961844 1442.73 1382.85 59.8777 0 -30.8403 -31.8423 16 16341.9 354.072 1001 0.0001022
16100 0.0979843 0.0941303 0.00385402 0 0.960667 1452.5 1392.26 60.237 0 -30.8501 -32.297 16 16437.9 355.11 1007 9.3476e-05
16200 0.156206 0.148875 0.00733111 0 0.953068 1467.97 1407.15 60.8193 0 -30.8506 -30.8903 16 16533.9 356.146 1013 0.000146965
16300 0.150094 0.141669 0.00842513 0 0.943868 1482.83 1421.32 61.5069 0 -30.8525 -31.0494 16 16629.9 357.178 1019 0.000139028
16400 0.137476 0.131657 0.00581874 0 0.957674 1496.69 1434.48 62.2056 0 -30.857 -31.3295 16 16741.9 358.379 1026 0.000128321
16500 0.112488 0.108183 0.00430471 0 0.961732 1508.01 1445.3 62.7086 0 -30.8679 -32.3123 16 16837.9 359.405 1032 0.000104829
16600 0.115096 0.111473 0.00362288 0 0.968523 1519.58 1456.45 63.1301 0 -30.8766 -32.0169 16 16933.9 360.428 1038 0.000107392
16700 0.114455 0.108505 0.00595071 0 0.948008 1530.82 1467.3 63.5241 0 -30.8799 -31.3212 16 17029.9 361.448 1044 0.000103932
16800 0.109405 0.105721 0.00368391 0 0.966328 1541.84 1477.87 63.9696 0 -30.8898 -32.2627 16 17141.9 362.635 1051 0.000100591
16900 0.12364 0.117616 0.00602409 0 0.951277 1554.06 1489.63 64.4216 0 -30.8981 -31.9535 16 17237.9 363.649 1057 0.000111273
17000 0.136788 0.132876 0.00391182 0 0.971402 1567.87 1502.92 64.9441 0 -30.9165 -32.9779 16 17333.9 364.66 1063 0.000125001
17100 0.126572 0.122314 0.00425784 0 0.96636 1580.57 1515.15 65.4195 0 -30.9255 -32.0417 16 17429.9 365.668 1069 0.000114419
17200 0.119646 0.115155 0.00449077 0 0.962466 1592.55 1526.67 65.8857 0 -30.9397 -32.8158 16 17541.9 366.841 1076 0.000107021
17300 0.135075 0.129277 0.00579843 0 0.957073 1606 1539.6 66.4031 0 -30.951 -32.2885 16 17637.9 367.844 1082 0.00011948
17400 0.134351 0.129571 0.00478071 0 0.964416 1619.52 1552.55 66.9683 0 -30.962 -32.2629 16 17733.9 368.843 1088 0.000119091
17500 0.131841 0.126056 0.00578438 0 0.956126 1632.69 1565.16 67.5295 0 -30.964 -31.2145 16 17829.9 369.84 1094 0.000115225
17600 0.114688 0.110707 0.00398049 0 0.965293 1644.26 1576.23 68.0302 0 -30.973 -32.2425 16 17941.9 371 1101 0.000100552
17700 0.116245 0.11169 0.00455482 0 0.960817 1655.88 1587.4 68.4809 0 -30.9831 -32.4096 16 18037.9 371.991 1107 0.000100894
17800 0.119386 0.114672 0.00471424 0 0.960513 1667.8 1598.87 68.9369 0 -30.9927 -32.3314 16 18133.9 372.98 1113 0.000103029
17900 0.115608 0.111816 0.00379161 0 0.967203 1679.42 1610.05 69.3704 0 -31.0063 -32.9611 16 18229.9 373.966 1119 9.99251e-05
18000 0.110859 0.107642 0.00321657 0 0.970985 1690.5 1620.81 69.6928 0 -31.021 -33.2405 16 18341.9 375.113 1126 9.5597e-05
18100 0.10634 0.103731 0.00260914 0 0.975464 1701.19 1631.19 70.0015 0 -31.0332 -32.9661 16 18437.9 376.093 1132 9.16354e-05
18200 0.100477 0.0969636 0.00351382 0 0.965029 1711.11 1640.88 70.2318 0 -31.0439 -32.8834 16 18533.9 377.071 1138 8.52053e-05
18300 0.0958254 0.0935926 0.00223282 0 0.976699 1720.75 1650.24 70.5046 0 -31.059 -33.7259 16 18629.9 378.046 1144 8.18117e-05
18400 0.118703 0.115128 0.00357505 0 0.969882 1732.64 1661.75 70.8846 0 -31.0625 -31.5802 16 18741.9 379.181 1151 0.000100024
18500 0.111632 0.106857 0.00477482 0 0.957227 1743.67 1672.44 71.2353 0 -31.0641 -31.3146 16 18837.9 380.151 1157 9.23574e-05
18600 0.115511 0.112011 0.00350001 0 0.9697 1755.28 1683.64 71.6375 0 -31.0637 -30.9984 16 18933.9 381.118 1163 9.63118e-05
18700 0.104272 0.100576 0.00369616 0 0.964553 1765.7 1693.7 72.0058 0 -31.0674 -31.6929 16 19029.9 382.083 1169 8.6036e-05
18800 0.0938535 0.0911158 0.00273773 0 0.97083 1775.13 1702.81 72.3162 0 -31.0737 -32.2498 16 19141.9 383.206 1176 7.74794e-05
18900 0.0971335 0.0947288 0.00240463 0 0.975244 1784.9 1712.28 72.6132 0 -31.0822 -32.6236 16 19237.9 384.166 1182 8.01428e-05
19000 0.145507 0.140291 0.00521638 0 0.96415 1799.42 1726.31 73.1108 0 -31.0764 -30.3726 16 19333.9 385.123 1188 0.00011809
19100 0.122039 0.117014 0.00502466 0 0.958827 1811.64 1738.01 73.6224 0 -31.0759 -30.9907 16 19429.9 386.078 1194 9.8002e-05
19200 0.113904 0.109948 0.00395626 0 0.965267 1823.09 1749.01 74.0798 0 -31.0761 -31.1166 16 19541.9 387.189 1201 9.15468e-05
19300 0.102827 0.0995856 0.00324165 0 0.968475 1833.38 1758.97 74.4133 0 -31.0816 -32.061 16 19637.9 388.139 1207 8.25067e-05
19400 0.107304 0.104419 0.00288494 0 0.973114 1844.16 1769.41 74.7469 0 -31.0884 -32.2382 16 19733.9 389.087 1213 8.60834e-05
19500 0.101098 0.098574 0.00252436 0 0.975031 1854.36 1779.27 75.0961 0 -31.0956 -32.4044 16 19829.9 390.032 1219 8.08647e-05
19600 0.117575 0.113895 0.00367959 0 0.968704 1866.12 1790.66 75.4681 0 -31.0967 -31.2626 16 19941.9 391.132 1226 9.28998e-05
19700 0.126632 0.121789 0.00484316 0 0.961754 1878.67 1802.83 75.8359 0 -31.0984 -31.3584 16 20037.9 392.072 1232 9.88544e-05
19800 0.129695 0.12521 0.00448471 0 0.965421 1891.61 1815.35 76.2525 0 -31.1041 -31.9183 16 20133.9 393.01 1238 0.000101139
19900 0.142928 0.138194 0.00473404 0 0.966878 1905.93 1829.17 76.7579 0 -31.1143 -32.4671 16 20229.9 393.946 1244 0.000111088
20000 0.125743 0.122106 0.00363677 0 0.971078 1918.53 1841.39 77.1403 0 -31.1258 -32.8616 16 20341.9 395.035 1251 9.7607e-05
