100 0.0361101 0.0320206 0.00408957 0 0.886747 3.43647 3.20206 0.234416 0 -28.8559 -28.8559 8 429.882 57.4268 13 0.00246312
200 0.0489346 0.0463033 0.00263126 0 0.946229 8.40208 7.83239 0.569691 0 -29.1359 -29.3297 8 533.882 63.9974 26 0.0017809
300 0.0543119 0.0514799 0.00283206 0 0.947856 13.918 12.9804 0.937633 0 -28.6667 -27.9519 8 629.882 69.5136 38 0.00135473
400 0.0715944 0.0668351 0.00475933 0 0.933524 20.9665 19.6639 1.30262 0 -28.6093 -28.4961 8 733.882 75.0331 51 0.00131049
500 0.121956 0.116378 0.00557773 0 0.954264 33.209 31.3017 1.9073 0 -28.6053 -28.5985 8 829.882 79.7899 63 0.00184727
600 0.0969841 0.0916188 0.0053653 0 0.944679 42.9502 40.4636 2.48668 0 -28.5784 -28.4866 8 933.882 84.642 76 0.00120551
700 0.0747731 0.0709105 0.00386256 0 0.948343 50.4923 47.5546 2.93767 0 -28.6653 -29.16 8 1029.88 88.8861 88 0.000805801
800 0.0987526 0.0932078 0.00554481 0 0.943851 60.3384 56.8754 3.46303 0 -28.6135 -28.348 8 1133.88 93.2661 101 0.000922849
900 0.135519 0.126254 0.00926519 0 0.931632 73.7113 69.5008 4.21046 0 -28.4234 -27.5655 8 1229.88 97.1341 113 0.00111729
1000 0.128652 0.122337 0.00631537 0 0.950911 86.7116 81.7345 4.9772 0 -28.3204 -27.7366 8 1333.88 101.158 126 0.000970926
1100 0.119742 0.112668 0.00707369 0 0.940925 98.6132 93.0012 5.61192 0 -28.3336 -28.43 8 1429.88 104.735 138 0.000816434
1200 0.139498 0.131087 0.00841111 0 0.939704 112.516 106.11 6.40635 0 -28.3227 -28.2454 8 1533.88 108.477 151 0.000868124
1300 0.155501 0.145585 0.00991529 0 0.936236 127.968 120.668 7.29921 0 -28.2917 -28.0658 8 1629.88 111.82 163 0.000893162
1400 0.151042 0.144602 0.00644012 0 0.957362 143.218 135.129 8.08988 0 -28.3429 -28.7725 8 1733.88 115.332 176 0.0008216
1500 0.147376 0.14026 0.00711602 0 0.951715 158.056 149.155 8.9018 0 -28.3551 -28.4729 8 1829.88 118.482 188 0.000746063
1600 0.127261 0.121842 0.0054199 0 0.957411 170.882 161.339 9.54365 0 -28.4389 -29.4715 8 1933.88 121.802 201 0.000606177
1700 0.129664 0.124875 0.00478838 0 0.963071 183.908 173.826 10.0813 0 -28.5045 -29.3649 8 2029.88 124.789 213 0.00058627
1800 0.122298 0.116597 0.00570164 0 0.953379 196.041 185.486 10.5552 0 -28.5834 -29.7793 8 2133.88 127.946 226 0.000515915
1900 0.13872 0.131827 0.00689374 0 0.950305 209.889 198.669 11.2201 0 -28.65 -29.5937 8 2229.88 130.792 238 0.000553893
2000 0.157006 0.149271 0.00773537 0 0.950732 225.597 213.596 12.0009 0 -28.6783 -29.0553 8 2333.88 133.807 251 0.000594705
2100 0.150219 0.143201 0.0070181 0 0.953281 240.673 227.916 12.7575 0 -28.7375 -29.6238 8 2429.88 136.531 263 0.000544491
2200 0.150929 0.144292 0.00663757 0 0.956022 255.826 242.345 13.4806 0 -28.8043 -29.8649 8 2533.88 139.423 276 0.000522796
2300 0.175703 0.167104 0.00859849 0 0.951062 273.333 259.055 14.2777 0 -28.8457 -29.4509 8 2629.88 142.039 288 0.000580224
2400 0.15976 0.153504 0.00625593 0 0.960842 289.448 274.406 15.0422 0 -28.8497 -28.9183 8 2733.88 144.82 301 0.000509981
2500 0.156677 0.149464 0.00721281 0 0.953964 305.117 289.352 15.7648 0 -28.8945 -29.7216 8 2829.88 147.341 313 0.000477521
2600 0.16151 0.154556 0.00695423 0 0.956943 321.445 304.808 16.6372 0 -28.9602 -30.1871 8 2933.88 150.024 326 0.000474099
2700 0.162478 0.156225 0.00625326 0 0.961513 337.84 320.43 17.4095 0 -29.0461 -30.7314 8 3029.88 152.459 338 0.000462203
2800 0.163346 0.155877 0.0074697 0 0.954271 354.111 336.018 18.0929 0 -29.1224 -30.7071 8 3133.88 155.053 351 0.000444093
2900 0.152984 0.14657 0.00641404 0 0.958074 369.344 350.675 18.6692 0 -29.188 -30.7122 8 3229.88 157.41 363 0.000403775
3000 0.162821 0.157539 0.00528225 0 0.967558 385.734 366.429 19.305 0 -29.2372 -30.3468 8 3333.88 159.925 376 0.000418986
3100 0.153311 0.147398 0.00591231 0 0.961436 401.055 381.169 19.8864 0 -29.2911 -30.6468 8 3429.88 162.211 388 0.000379892
3200 0.140235 0.135724 0.00451162 0 0.967828 415.168 394.741 20.4274 0 -29.3628 -31.4003 8 3533.88 164.652 401 0.000338463
3300 0.155591 0.149017 0.00657372 0 0.95775 430.707 409.643 21.0643 0 -29.3794 -29.8233 8 3629.88 166.873 413 0.000360817
3400 0.162363 0.156487 0.00587524 0 0.963814 447.027 425.292 21.7355 0 -29.4347 -30.8947 8 3733.88 169.247 426 0.000367342
3500 0.172843 0.165204 0.00763893 0 0.955804 464.302 441.812 22.4901 0 -29.4676 -30.3174 8 3829.88 171.409 438 0.000377179
3600 0.164267 0.156632 0.00763457 0 0.953523 480.687 457.475 23.2116 0 -29.4793 -29.8115 8 3933.88 173.72 451 0.000347299
3700 0.185727 0.176168 0.00955874 0 0.948533 499.081 475.092 23.9889 0 -29.5042 -30.1543 8 4029.88 175.827 463 0.000380493
3800 0.211353 0.203228 0.00812512 0 0.961557 520.41 495.415 24.9949 0 -29.5389 -30.3516 8 4133.88 178.082 476 0.000426949
3900 0.17671 0.169224 0.00748543 0 0.95764 538.144 512.337 25.8067 0 -29.5626 -30.2567 8 4229.88 180.138 488 0.000346771
4000 0.187698 0.178726 0.00897193 0 0.9522 556.827 530.21 26.6171 0 -29.579 -30.0518 8 4333.88 182.339 501 0.000356739
4100 0.19293 0.184535 0.00839459 0 0.956489 576.098 548.663 27.4347 0 -29.5772 -29.5255 8 4429.88 184.347 513 0.000359718
4200 0.179626 0.172841 0.00678462 0 0.962229 594.176 565.948 28.2285 0 -29.5821 -29.7376 8 4533.88 186.498 526 0.000328596
4300 0.177197 0.170427 0.00676969 0 0.961796 611.982 582.99 28.9922 0 -29.6029 -30.2997 8 4629.88 188.463 538 0.000316779
4400 0.155335 0.149847 0.00548803 0 0.96467 627.574 597.975 29.5986 0 -29.6281 -30.6143 8 4733.88 190.567 551 0.000271955
4500 0.173074 0.165533 0.00754077 0 0.95643 644.843 614.528 30.3143 0 -29.624 -29.476 8 4829.88 192.49 563 0.00029402
4600 0.189959 0.181565 0.00839472 0 0.955808 663.853 632.685 31.168 0 -29.6152 -29.3178 8 4933.88 194.551 576 0.000315216
4700 0.175099 0.168035 0.00706448 0 0.959654 681.377 649.488 31.8887 0 -29.6077 -29.3215 8 5029.88 196.435 588 0.000285774
4800 0.166621 0.158499 0.00812196 0 0.951255 697.927 665.338 32.5893 0 -29.6148 -29.9075 8 5133.88 198.455 601 0.000263726
4900 0.176137 0.168568 0.00756903 0 0.957028 715.601 682.195 33.4062 0 -29.6226 -29.9295 8 5229.88 200.302 613 0.000274988
5000 0.172084 0.164707 0.00737705 0 0.957131 732.87 698.666 34.2044 0 -29.63 -29.937 8 5333.88 202.284 626 0.00026311
5100 0.168699 0.162324 0.00637461 0 0.962213 749.821 714.898 34.9233 0 -29.654 -30.695 8 5429.88 204.096 638 0.000254427
5200 0.172755 0.167149 0.00560566 0 0.967551 767.195 731.613 35.5819 0 -29.6617 -29.9919 8 5533.88 206.042 651 0.000256758
5300 0.166856 0.160717 0.00613921 0 0.963206 783.865 747.685 36.1806 0 -29.6731 -30.1971 8 5629.88 207.821 663 0.000242408
5400 0.19851 0.190901 0.00760894 0 0.96167 803.756 766.775 36.9807 0 -29.6707 -29.5779 8 5733.88 209.732 676 0.000282398
5500 0.213331 0.20316 0.0101706 0 0.952325 824.97 787.091 37.8791 0 -29.68 -30.03 8 5829.88 211.48 688 0.000295291
5600 0.18251 0.175072 0.00743879 0 0.959242 843.326 804.598 38.7282 0 -29.7007 -30.6304 8 5933.88 213.358 701 0.000249746
5700 0.187874 0.179976 0.0078982 0 0.95796 862.136 822.596 39.5402 0 -29.7045 -29.8782 8 6029.88 215.077 713 0.000252421
5800 0.200902 0.193437 0.00746505 0 0.962842 882.29 841.939 40.3507 0 -29.7351 -31.0421 8 6133.88 216.924 726 0.000266443
5900 0.224954 0.214207 0.0107463 0 0.952229 904.65 863.36 41.2901 0 -29.7743 -31.3205 8 6229.88 218.615 738 0.000290254
6000 0.227498 0.217666 0.00983239 0 0.95678 927.449 885.127 42.3222 0 -29.7914 -30.4728 8 6333.88 220.432 751 0.000289834
6100 0.200499 0.192338 0.00816106 0 0.959296 947.61 904.36 43.2497 0 -29.8004 -30.2116 8 6429.88 222.096 763 0.000252081
6200 0.195404 0.188004 0.00739953 0 0.962132 967.253 923.161 44.0922 0 -29.8277 -31.1477 8 6533.88 223.885 776 0.000242273
6300 0.171658 0.164471 0.00718668 0 0.958134 984.392 939.608 44.7844 0 -29.8445 -30.7888 8 6629.88 225.524 788 0.000208719
6400 0.18522 0.177195 0.00802568 0 0.95667 1002.82 957.327 45.494 0 -29.8441 -29.8261 8 6733.88 227.286 801 0.000221217
6500 0.184431 0.175586 0.00884559 0 0.952039 1021.15 974.886 46.2676 0 -29.8462 -29.9573 8 6829.88 228.9 813 0.000215973
6600 0.169849 0.164035 0.00581405 0 0.965769 1038.22 991.289 46.9274 0 -29.8655 -31.0201 8 6933.88 230.637 826 0.00019859
6700 0.176808 0.168184 0.00862453 0 0.951221 1055.67 1008.11 47.5593 0 -29.872 -30.2626 8 7029.88 232.228 838 0.000200697
6800 0.214686 0.207098 0.00758786 0 0.964656 1077.27 1028.82 48.4521 0 -29.8846 -30.4986 8 7133.88 233.939 851 0.000243359
6900 0.189258 0.181475 0.0077833 0 0.958875 1096.23 1046.97 49.264 0 -29.9014 -30.8552 8 7229.88 235.508 863 0.000210283
7000 0.175489 0.169171 0.00631802 0 0.963998 1113.8 1063.88 49.918 0 -29.924 -31.3376 8 7333.88 237.196 876 0.000193118
7100 0.172026 0.166364 0.00566116 0 0.967091 1131.09 1080.52 50.5749 0 -29.9457 -31.3391 8 7429.88 238.743 888 0.000187347
7200 0.173411 0.167098 0.00631315 0 0.963594 1148.43 1097.23 51.2017 0 -29.9718 -31.6752 8 7533.88 240.408 901 0.000185458
7300 0.191055 0.182427 0.00862869 0 0.954837 1167.38 1115.47 51.9089 0 -29.984 -30.7231 8 7629.88 241.935 913 0.00019981
7400 0.198908 0.19195 0.00695724 0 0.965023 1187.34 1134.67 52.6762 0 -29.9933 -30.537 8 7733.88 243.578 926 0.00020729
7500 0.19471 0.187949 0.00676177 0 0.965273 1206.9 1153.46 53.442 0 -30.0031 -30.5967 8 7829.88 245.086 938 0.000200372
7600 0.174302 0.167994 0.00630794 0 0.96381 1224.36 1170.26 54.098 0 -30.0208 -31.2496 8 7933.88 246.708 951 0.00017665
7700 0.184469 0.177326 0.00714301 0 0.961278 1242.75 1187.99 54.7524 0 -30.0375 -31.1464 8 8029.88 248.196 963 0.000184139
7800 0.193473 0.186278 0.00719423 0 0.962815 1262.05 1206.62 55.432 0 -30.0476 -30.7006 8 8133.88 249.798 976 0.000190859
7900 0.192283 0.18657 0.00571291 0 0.970289 1281.36 1225.28 56.0784 0 -30.0679 -31.3952 8 8229.88 251.268 988 0.000188836
8000 0.18676 0.180195 0.0065646 0 0.96485 1300.07 1243.3 56.7711 0 -30.0844 -31.2121 8 8333.88 252.85 1001 0.000180015
8100 0.178138 0.172635 0.00550288 0 0.969109 1317.94 1260.56 57.3796 0 -30.1039 -31.5223 8 8429.88 254.303 1013 0.00017042
8200 0.171448 0.165727 0.00572067 0 0.966633 1335.12 1277.13 57.9847 0 -30.1209 -31.4255 8 8533.88 255.866 1026 0.000161527
8300 0.191131 0.18352 0.00761145 0 0.960177 1354.17 1295.49 58.6874 0 -30.1405 -31.5171 8 8629.88 257.302 1038 0.000176801
8400 0.179688 0.17446 0.00522799 0 0.970905 1372.23 1312.93 59.3006 0 -30.159 -31.5459 8 8733.88 258.847 1051 0.000165994
8500 0.180655 0.172463 0.00819171 0 0.954655 1390.02 1330.18 59.8467 0 -30.1671 -30.7917 8 8829.88 260.266 1063 0.000162242
8600 0.213657 0.206157 0.00750041 0 0.964895 1411.43 1350.79 60.6397 0 -30.1762 -30.766 8 8933.88 261.794 1076 0.000191596
8700 0.225151 0.213462 0.0116889 0 0.948084 1433.63 1372.14 61.4909 0 -30.1805 -30.4536 8 9029.88 263.197 1088 0.000196197
8800 0.22722 0.21813 0.0090902 0 0.959994 1456.4 1393.95 62.4508 0 -30.1853 -30.487 8 9133.88 264.708 1101 0.00019812
8900 0.208345 0.201412 0.00693345 0 0.966721 1477.34 1414.09 63.249 0 -30.1971 -31.0189 8 9229.88 266.096 1113 0.000180963
9000 0.191958 0.185678 0.00627987 0 0.967285 1496.6 1432.66 63.9336 0 -30.2109 -31.2678 8 9333.88 267.591 1126 0.0001649
9100 0.196378 0.189594 0.0067838 0 0.965455 1516.32 1451.62 64.6997 0 -30.2233 -31.1609 8 9429.88 268.963 1138 0.000166603
9200 0.184359 0.17667 0.00768907 0 0.958293 1534.66 1469.29 65.3712 0 -30.2321 -30.9629 8 9533.88 270.443 1151 0.000153493
9300 0.182287 0.175271 0.00701547 0 0.961514 1552.91 1486.82 66.0995 0 -30.2477 -31.564 8 9629.88 271.801 1163 0.000150706
9400 0.166948 0.161508 0.00544083 0 0.96741 1569.73 1502.97 66.7605 0 -30.2642 -31.7862 8 9733.88 273.264 1176 0.000137336
9500 0.151977 0.147394 0.00458305 0 0.969844 1584.93 1517.71 67.2256 0 -30.2854 -32.4748 8 9829.88 274.609 1188 0.000124069
9600 0.18453 0.1794 0.00512971 0 0.972201 1603.38 1535.65 67.7379 0 -30.3095 -32.3788 8 9933.88 276.058 1201 0.000149376
9700 0.18093 0.174211 0.00671857 0 0.962866 1621.37 1553.07 68.3077 0 -30.3252 -31.7202 8 10029.9 277.388 1213 0.00014362
9800 0.177983 0.171269 0.00671428 0 0.962276 1639.21 1570.19 69.0142 0 -30.3391 -31.6095 8 10133.9 278.823 1226 0.000139697
9900 0.182464 0.1758 0.00666411 0 0.963477 1657.52 1587.77 69.7433 0 -30.3494 -31.2663 8 10229.9 280.14 1238 0.000142003
10000 0.189497 0.181192 0.00830517 0 0.956173 1676.4 1605.89 70.5045 0 -30.3514 -30.5292 8 10333.9 281.561 1251 0.000144838
10100 0.190744 0.183364 0.00737963 0 0.961311 1695.54 1624.23 71.313 0 -30.3608 -31.1854 8 10429.9 282.865 1263 0.000145181
10200 0.2453 0.23681 0.0084904 0 0.965388 1720.15 1647.91 72.2429 0 -30.3602 -30.314 8 10533.9 284.272 1276 0.000185587
10300 0.209163 0.202289 0.00687364 0 0.967137 1741.2 1668.14 73.061 0 -30.3676 -30.9752 8 10629.9 285.565 1288 0.000157057
10400 0.207274 0.199402 0.00787219 0 0.96202 1761.9 1688.08 73.825 0 -30.3733 -30.8499 8 10733.9 286.958 1301 0.000153268
10500 0.192571 0.18593 0.00664075 0 0.965515 1781.2 1706.67 74.5305 0 -30.3841 -31.3724 8 10829.9 288.238 1313 0.000141607
10600 0.202559 0.193646 0.00891352 0 0.955995 1801.3 1726.04 75.2623 0 -30.3932 -31.1978 8 10933.9 289.619 1326 0.000146037
10700 0.218274 0.210536 0.00773846 0 0.964547 1823.2 1747.09 76.1142 0 -30.4019 -31.1226 8 11029.9 290.888 1338 0.000157351
10800 0.227182 0.219243 0.00793871 0 0.965056 1845.96 1769.01 76.9464 0 -30.4055 -30.6939 8 11133.9 292.256 1351 0.000162282
10900 0.202692 0.195649 0.00704233 0 0.965256 1866.25 1788.58 77.6733 0 -30.4133 -31.1229 8 11229.9 293.513 1363 0.000143543
11000 0.199662 0.192684 0.00697788 0 0.965051 1886.28 1807.85 78.4279 0 -30.4198 -31.0253 8 11333.9 294.869 1376 0.000140032
11100 0.186517 0.180612 0.00590454 0 0.968343 1905.05 1825.91 79.1442 0 -30.4305 -31.5049 8 11429.9 296.115 1388 0.000130124
11200 0.178048 0.171937 0.00611072 0 0.965679 1922.82 1843.1 79.7209 0 -30.4401 -31.4634 8 11533.9 297.459 1401 0.000122725
11300 0.216217 0.207081 0.00913595 0 0.957746 1944.23 1863.81 80.4157 0 -30.4395 -30.3876 8 11629.9 298.695 1413 0.000146554
11400 0.221261 0.214096 0.00716529 0 0.967616 1966.45 1885.22 81.2262 0 -30.4469 -31.0994 8 11733.9 300.027 1426 0.000150137
11500 0.200843 0.193921 0.00692202 0 0.965535 1986.56 1904.61 81.951 0 -30.4572 -31.4613 8 11829.9 301.252 1438 0.000134855
11600 0.245259 0.235447 0.00981292 0 0.95999 2011.15 1928.16 82.988 0 -30.4663 -31.2006 8 11933.9 302.574 1451 0.000162265
11700 0.243722 0.233411 0.0103111 0 0.957693 2035.5 1951.5 84.0035 0 -30.4792 -31.5453 8 12029.9 303.788 1463 0.000159543
11800 0.23173 0.223626 0.00810388 0 0.965029 2058.76 1973.86 84.8993 0 -30.4954 -31.915 8 12133.9 305.098 1476 0.000151508
11900 0.228935 0.21975 0.00918494 0 0.95988 2081.65 1995.84 85.816 0 -30.5077 -31.6098 8 12229.9 306.303 1488 0.000147682
12000 0.216612 0.206856 0.00975588 0 0.954961 2103.22 2016.52 86.7025 0 -30.5194 -31.645 8 12333.9 307.603 1501 0.000137812
12100 0.199191 0.190864 0.00832652 0 0.958198 2123.16 2035.61 87.5507 0 -30.5317 -31.8336 8 12429.9 308.797 1513 0.000126149
12200 0.19012 0.183974 0.00614532 0 0.967677 2142.3 2054.01 88.2912 0 -30.5489 -32.4599 8 12533.9 310.087 1526 0.00012056
12300 0.18526 0.178234 0.00702559 0 0.962077 2160.77 2071.83 88.9385 0 -30.564 -32.3077 8 12629.9 311.272 1538 0.000115887
12400 0.177341 0.173064 0.00427663 0 0.975885 2178.63 2089.14 89.4949 0 -30.5818 -32.7411 8 12733.9 312.551 1551 0.000111582
12500 0.185396 0.17951 0.0058864 0 0.96825 2197.1 2107.09 90.0094 0 -30.5951 -32.1628 8 12829.9 313.727 1563 0.00011485
12600 0.213087 0.207359 0.00572818 0 0.973118 2218.5 2127.82 90.6814 0 -30.5975 -30.841 8 12933.9 314.996 1576 0.000131573
12700 0.187537 0.181529 0.00600814 0 0.967963 2237.29 2145.98 91.313 0 -30.6086 -31.9218 8 13029.9 316.162 1588 0.000114313
12800 0.187804 0.182126 0.00567828 0 0.969765 2256.1 2164.19 91.915 0 -30.6144 -31.3027 8 13133.9 317.422 1601 0.000113757
12900 0.192045 0.18539 0.00665511 0 0.965346 2275.32 2182.73 92.5906 0 -30.624 -31.7561 8 13229.9 318.58 1613 0.000114935
13000 0.174861 0.169405 0.00545529 0 0.968802 2292.88 2199.67 93.208 0 -30.6348 -32.0383 8 13333.9 319.829 1626 0.000104185
13100 0.223083 0.215194 0.0078891 0 0.964636 2315.16 2221.19 93.9703 0 -30.6465 -31.8489 8 13429.9 320.979 1638 0.000131376
13200 0.201181 0.194937 0.0062443 0 0.968962 2335.34 2240.68 94.6636 0 -30.6573 -31.8952 8 13533.9 322.219 1651 0.000118072
13300 0.184369 0.17885 0.00551917 0 0.970065 2353.83 2258.57 95.2632 0 -30.6676 -31.9675 8 13629.9 323.36 1663 0.000107546
13400 0.183019 0.177732 0.00528702 0 0.971112 2372.16 2276.34 95.8208 0 -30.6776 -31.9579 8 13733.9 324.591 1676 0.000106045
13500 0.177575 0.173033 0.00454221 0 0.974421 2389.91 2293.64 96.2717 0 -30.6914 -32.5417 8 13829.9 325.724 1688 0.000102508
13600 0.198811 0.192529 0.00628229 0 0.968401 2409.69 2312.89 96.7942 0 -30.6967 -31.3364 8 13933.9 326.946 1701 0.000113185
13700 0.199205 0.192317 0.00688818 0 0.965422 2429.6 2332.13 97.4709 0 -30.7038 -31.5645 8 14029.9 328.07 1713 0.000112269
13800 0.19704 0.190056 0.00698455 0 0.964553 2449.24 2351.13 98.1129 0 -30.7121 -31.7361 8 14133.9 329.284 1726 0.000110113
13900 0.188355 0.182308 0.00604693 0 0.967896 2468.1 2369.36 98.7389 0 -30.718 -31.4842 8 14229.9 330.401 1738 0.000104895
14000 0.193581 0.187857 0.00572425 0 0.97043 2487.48 2388.15 99.3346 0 -30.7271 -31.8826 8 14333.9 331.606 1751 0.000107286
14100 0.191648 0.185666 0.00598238 0 0.968785 2506.75 2406.72 100.034 0 -30.7389 -32.2584 8 14429.9 332.714 1763 0.000105312
14200 0.209563 0.200718 0.00884436 0 0.957796 2527.61 2426.79 100.828 0 -30.741 -30.9973 8 14533.9 333.911 1776 0.000113017
14300 0.214754 0.208412 0.00634184 0 0.970469 2549.3 2447.63 101.672 0 -30.745 -31.2081 8 14629.9 335.012 1788 0.000116561
14400 0.200762 0.193894 0.00686771 0 0.965792 2569.34 2467.02 102.32 0 -30.7541 -31.922 8 14733.9 336.201 1801 0.000107659
14500 0.201722 0.194811 0.00691075 0 0.965741 2589.44 2486.5 102.946 0 -30.7589 -31.3627 8 14829.9 337.294 1813 0.000107452
14600 0.212941 0.205094 0.00784693 0 0.96315 2610.73 2507.01 103.726 0 -30.756 -30.402 8 14933.9 338.475 1826 0.000112319
14700 0.212281 0.204276 0.00800507 0 0.96229 2631.93 2527.44 104.489 0 -30.7566 -30.836 8 15029.9 339.561 1838 0.000111141
14800 0.191803 0.185416 0.00638683 0 0.966701 2651.22 2545.98 105.238 0 -30.763 -31.6339 8 15133.9 340.734 1851 0.000100171
14900 0.186735 0.178562 0.0081736 0 0.956229 2669.86 2563.83 106.027 0 -30.7678 -31.4469 8 15229.9 341.813 1863 9.58464e-05
15000 0.171409 0.165138 0.00627144 0 0.963412 2687.08 2580.35 106.729 0 -30.7754 -31.9658 8 15333.9 342.978 1876 8.80265e-05
15100 0.178966 0.172793 0.00617353 0 0.965505 2704.99 2597.63 107.366 0 -30.7805 -31.5402 8 15429.9 344.05 1888 9.15216e-05
15200 0.208678 0.201134 0.00754394 0 0.963849 2725.91 2617.74 108.17 0 -30.7869 -31.6174 8 15533.9 345.207 1901 0.000105805
15300 0.218501 0.209482 0.00901833 0 0.958726 2747.65 2638.69 108.962 0 -30.796 -31.9287 8 15629.9 346.272 1913 0.000109505
15400 0.249115 0.240884 0.00823106 0 0.966959 2772.65 2662.78 109.869 0 -30.7971 -30.9238 8 15733.9 347.423 1926 0.00012507
15500 0.232967 0.224641 0.00832659 0 0.964259 2795.93 2685.24 110.69 0 -30.799 -31.0262 8 15829.9 348.481 1938 0.000115914
15600 0.239384 0.229923 0.0094612 0 0.960477 2819.86 2708.23 111.622 0 -30.8009 -31.023 8 15933.9 349.624 1951 0.000117849
15700 0.226109 0.218921 0.00718742 0 0.968213 2842.65 2730.13 112.527 0 -30.803 -31.0601 8 16029.9 350.675 1963 0.000111524
15800 0.213746 0.207726 0.00602008 0 0.971835 2864.16 2750.9 113.262 0 -30.8093 -31.6462 8 16133.9 351.811 1976 0.000105125
15900 0.229934 0.220178 0.00975616 0 0.95757 2886.94 2772.92 114.028 0 -30.8091 -30.778 8 16229.9 352.856 1988 0.000110753
16000 0.235572 0.226906 0.00866637 0 0.963211 2910.5 2795.61 114.899 0 -30.809 -30.7944 8 16333.9 353.985 2001 0.000113396
16100 0.214362 0.206831 0.00753031 0 0.964871 2931.99 2816.29 115.7 0 -30.8121 -31.2379 8 16429.9 355.024 2013 0.000102748
16200 0.221438 0.213324 0.00811382 0 0.963359 2954.16 2837.62 116.539 0 -30.8165 -31.4017 8 16533.9 356.146 2026 0.000105293
16300 0.211567 0.20404 0.00752685 0 0.964423 2975.35 2858.03 117.327 0 -30.8208 -31.4171 8 16629.9 357.178 2038 0.000100118
16400 0.199358 0.192917 0.00644174 0 0.967688 2995.38 2877.32 118.059 0 -30.8275 -31.8282 8 16733.9 358.293 2051 9.40598e-05
16500 0.187178 0.179517 0.0076609 0 0.959072 3013.91 2895.27 118.643 0 -30.8361 -32.2262 8 16829.9 359.319 2063 8.70176e-05
16600 0.211118 0.203513 0.0076051 0 0.963977 3034.96 2915.62 119.343 0 -30.842 -31.6849 8 16933.9 360.428 2076 9.80313e-05
16700 0.199793 0.192527 0.00726606 0 0.963632 3054.93 2934.87 120.057 0 -30.848 -31.7535 8 17029.9 361.448 2088 9.22064e-05
16800 0.203671 0.19662 0.00705117 0 0.96538 3075.37 2954.53 120.837 0 -30.8533 -31.643 8 17133.9 362.55 2101 9.3584e-05
16900 0.240465 0.230321 0.0101436 0 0.957817 3099.29 2977.57 121.722 0 -30.8457 -29.8674 8 17229.9 363.564 2113 0.000109002
17000 0.234789 0.225563 0.00922633 0 0.960704 3122.85 3000.12 122.728 0 -30.8386 -29.9137 8 17333.9 364.66 2126 0.000106097
17100 0.21644 0.208055 0.00838515 0 0.961259 3144.56 3020.93 123.628 0 -30.8378 -30.7171 8 17429.9 365.668 2138 9.7313e-05
17200 0.199119 0.193048 0.00607057 0 0.969513 3164.58 3040.23 124.349 0 -30.8409 -31.3325 8 17533.9 366.758 2151 8.97482e-05
17300 0.184339 0.17874 0.00559878 0 0.969628 3183.06 3058.11 124.953 0 -30.8444 -31.4346 8 17629.9 367.76 2163 8.26353e-05
17400 0.179587 0.17534 0.00424661 0 0.976353 3201.12 3075.64 125.482 0 -30.8499 -31.8167 8 17733.9 368.843 2176 8.05791e-05
17500 0.1766 0.170218 0.00638172 0 0.963863 3218.57 3092.66 125.906 0 -30.8538 -31.578 8 17829.9 369.84 2188 7.77961e-05
17600 0.194962 0.190179 0.00478355 0 0.975464 3238.12 3111.68 126.436 0 -30.8581 -31.5712 8 17933.9 370.917 2201 8.64056e-05
17700 0.185561 0.181201 0.00436007 0 0.976503 3256.75 3129.8 126.952 0 -30.8659 -32.2123 8 18029.9 371.909 2213 8.18801e-05
17800 0.20023 0.195097 0.00513278 0 0.974366 3276.83 3149.31 127.523 0 -30.8692 -31.4139 8 18133.9 372.98 2226 8.76449e-05
17900 0.192626 0.187436 0.00518977 0 0.973058 3296.14 3168.05 128.086 0 -30.8749 -31.8288 8 18229.9 373.966 2238 8.37516e-05
18000 0.237569 0.229008 0.00856029 0 0.963967 3319.79 3190.96 128.837 0 -30.8687 -30.0151 8 18333.9 375.031 2251 0.000101736
18100 0.243349 0.234736 0.00861351 0 0.964604 3344.2 3214.43 129.77 0 -30.861 -29.8095 8 18429.9 376.012 2263 0.000103728
18200 0.212504 0.205872 0.00663137 0 0.968794 3365.54 3235.02 130.521 0 -30.858 -30.3919 8 18533.9 377.071 2276 9.04535e-05
18300 0.210653 0.203864 0.0067893 0 0.96777 3386.64 3255.4 131.235 0 -30.8606 -31.2774 8 18629.9 378.046 2288 8.91014e-05
18400 0.209311 0.202908 0.006403 0 0.969409 3407.67 3275.69 131.98 0 -30.8673 -31.9319 8 18733.9 379.1 2301 8.81827e-05
18500 0.203423 0.197063 0.00635964 0 0.968737 3428.1 3295.4 132.697 0 -30.8725 -31.7446 8 18829.9 380.07 2313 8.51982e-05
18600 0.191965 0.18675 0.00521577 0 0.97283 3447.42 3314.08 133.345 0 -30.8792 -32.0761 8 18933.9 381.118 2326 8.02879e-05
18700 0.193488 0.187454 0.00603354 0 0.968817 3466.75 3332.82 133.933 0 -30.8838 -31.6906 8 19029.9 382.083 2338 8.01772e-05
18800 0.19425 0.189071 0.0051796 0 0.973335 3486.18 3351.73 134.453 0 -30.8902 -32.0444 8 19133.9 383.126 2351 8.04215e-05
18900 0.202534 0.197358 0.00517653 0 0.974441 3506.52 3371.46 135.057 0 -30.896 -31.893 8 19229.9 384.086 2363 8.352e-05
19000 0.211428 0.205035 0.00639322 0 0.969762 3527.69 3391.97 135.722 0 -30.8974 -31.1199 8 19333.9 385.123 2376 8.62941e-05
19100 0.221333 0.213305 0.00802842 0 0.963727 3549.79 3413.3 136.494 0 -30.9018 -31.604 8 19429.9 386.078 2388 8.93236e-05
19200 0.219208 0.211812 0.00739617 0 0.96626 3571.83 3434.48 137.351 0 -30.908 -31.9118 8 19533.9 387.11 2401 8.82181e-05
19300 0.214126 0.207788 0.00633715 0 0.970405 3593.33 3455.26 138.068 0 -30.917 -32.4168 8 19629.9 388.06 2413 8.61121e-05
19400 0.210283 0.202722 0.00756109 0 0.964043 3614.33 3475.53 138.797 0 -30.9238 -32.0876 8 19733.9 389.087 2426 8.35622e-05
19500 0.217582 0.207721 0.00986086 0 0.95468 3635.86 3496.3 139.559 0 -30.9277 -31.5809 8 19829.9 390.032 2438 8.52015e-05
19600 0.217821 0.209542 0.00827949 0 0.96199 3657.68 3517.26 140.42 0 -30.9323 -31.6967 8 19933.9 391.053 2451 8.54924e-05
19700 0.242415 0.235035 0.00737988 0 0.969557 3682.07 3540.76 141.312 0 -30.9377 -31.7371 8 20029.9 391.994 2463 9.54264e-05
19800 0.200438 0.194737 0.00570127 0 0.971556 3702.21 3560.23 141.974 0 -30.9467 -32.5998 8 20133.9 393.01 2476 7.86498e-05
19900 0.223337 0.216306 0.00703126 0 0.968517 3724.55 3581.86 142.688 0 -30.9451 -30.6788 8 20229.9 393.946 2488 8.69396e-05
20000 0.213998 0.206862 0.00713597 0 0.966654 3745.95 3602.55 143.402 0 -30.949 -31.6258 8 20333.9 394.957 2501 8.27117e-05
