100 0.0840189 0.0772681 0.00675077 0 0.919652 8.25555 7.72681 0.528739 0 -25.7203 -25.7203 4 429.882 57.4268 26 0.00297185
200 0.103146 0.0942665 0.00887914 0 0.913916 18.3934 17.1535 1.23994 0 -26.3872 -26.9303 4 529.882 63.7572 51 0.00184836
300 0.134277 0.123288 0.0109888 0 0.918163 31.6177 29.4822 2.13543 0 -26.8 -27.3742 4 629.882 69.5136 76 0.00162221
400 0.143867 0.13344 0.0104269 0 0.927524 46.0419 42.8262 3.21567 0 -27.0522 -27.605 4 729.882 74.8284 101 0.00132119
500 0.135197 0.125757 0.00943969 0 0.930178 59.5396 55.402 4.13766 0 -27.276 -28.0394 4 829.882 79.7899 126 0.000998073
600 0.177001 0.165555 0.0114461 0 0.935333 77.1201 71.9575 5.16263 0 -27.4202 -27.9087 4 929.882 84.4605 151 0.00109639
700 0.188992 0.176402 0.0125899 0 0.933384 95.9032 89.5977 6.30546 0 -27.504 -27.848 4 1029.88 88.8861 176 0.00100229
800 0.162442 0.153222 0.0092193 0 0.943245 112.312 104.92 7.39168 0 -27.6592 -28.5658 4 1129.88 93.1015 201 0.000762301
900 0.231408 0.213725 0.0176828 0 0.923586 134.911 126.292 8.619 0 -27.7607 -28.2653 4 1229.88 97.1341 226 0.000945686
1000 0.291056 0.27365 0.0174058 0 0.940198 164.013 153.657 10.3559 0 -27.8747 -28.403 4 1329.88 101.006 251 0.00109024
1100 0.282193 0.265056 0.0171368 0 0.939273 192.358 180.163 12.1947 0 -28.1274 -29.5897 4 1429.88 104.735 276 0.000960349
1200 0.277106 0.260503 0.0166031 0 0.940084 220.032 206.213 13.8185 0 -28.2072 -28.7619 4 1529.88 108.335 301 0.000865458
1300 0.291809 0.273254 0.018555 0 0.936414 248.949 233.539 15.4103 0 -28.1948 -28.1003 4 1629.88 111.82 326 0.000838203
1400 0.310747 0.293246 0.017501 0 0.943681 280.168 262.863 17.3046 0 -28.2078 -28.3118 4 1729.88 115.199 351 0.000835459
1500 0.341362 0.322707 0.018655 0 0.945351 314.619 295.134 19.4854 0 -28.2725 -28.7983 4 1829.88 118.482 376 0.000858263
1600 0.276868 0.260443 0.0164248 0 0.940676 342.421 321.178 21.2429 0 -28.3305 -28.9874 4 1929.88 121.676 401 0.000649483
1700 0.257486 0.242005 0.0154809 0 0.939876 368.127 345.379 22.7485 0 -28.4085 -29.4475 4 2029.88 124.789 426 0.000568086
1800 0.275901 0.260497 0.0154033 0 0.944171 395.795 371.429 24.3667 0 -28.4671 -29.246 4 2129.88 127.826 451 0.000577599
1900 0.305983 0.289062 0.0169209 0 0.9447 426.415 400.335 26.0804 0 -28.5029 -28.9669 4 2229.88 130.792 476 0.000607272
2000 0.301814 0.287411 0.0144027 0 0.95228 456.795 429.076 27.7193 0 -28.5735 -29.5644 4 2329.88 133.692 501 0.000573675
2100 0.29524 0.277538 0.017702 0 0.940042 486.082 456.83 29.2522 0 -28.5888 -28.8261 4 2429.88 136.531 526 0.000527638
2200 0.357847 0.339458 0.0183887 0 0.948613 521.757 490.775 30.9813 0 -28.6043 -28.816 4 2529.88 139.313 551 0.000616077
2300 0.343476 0.326766 0.0167106 0 0.951349 556.17 523.452 32.7183 0 -28.638 -29.1499 4 2629.88 142.039 576 0.000567302
2400 0.32693 0.311178 0.0157517 0 0.951819 589.031 554.57 34.4612 0 -28.6692 -29.1961 4 2729.88 144.714 601 0.000517767
2500 0.336827 0.320232 0.0165956 0 0.95073 622.78 586.593 36.1875 0 -28.7197 -29.6013 4 2829.88 147.341 626 0.000511552
2600 0.329572 0.313582 0.0159904 0 0.951481 655.842 617.951 37.8913 0 -28.7786 -29.8891 4 2929.88 149.922 651 0.000481692
2700 0.334563 0.319247 0.0153164 0 0.95422 689.441 649.876 39.5648 0 -28.8294 -29.8197 4 3029.88 152.459 676 0.000472258
2800 0.303955 0.290426 0.0135297 0 0.955488 720 678.918 41.0813 0 -28.8849 -30.1374 4 3129.88 154.954 701 0.000414302
2900 0.304329 0.29103 0.0132994 0 0.956299 750.439 708.021 42.418 0 -28.9413 -30.2765 4 3229.88 157.41 726 0.000400867
3000 0.303462 0.289294 0.0141677 0 0.953313 780.65 736.951 43.6993 0 -28.9916 -30.2408 4 3329.88 159.829 751 0.000385212
3100 0.326837 0.31409 0.012747 0 0.960999 813.401 768.36 45.0416 0 -29.042 -30.2437 4 3429.88 162.211 776 0.000404756
3200 0.339851 0.324665 0.0151866 0 0.955314 847.199 800.826 46.3728 0 -29.0892 -30.2247 4 3529.88 164.558 801 0.000405324
3300 0.342629 0.331231 0.0113979 0 0.966734 881.767 833.949 47.818 0 -29.1443 -30.4943 4 3629.88 166.873 826 0.000401006
3400 0.345219 0.331344 0.0138748 0 0.959809 916.315 867.084 49.231 0 -29.1894 -30.3408 4 3729.88 169.156 851 0.000389358
3500 0.342789 0.329734 0.0130551 0 0.961915 950.714 900.057 50.6568 0 -29.2578 -31.0784 4 3829.88 171.409 876 0.000376409
3600 0.342828 0.328615 0.0142132 0 0.958541 985.01 932.919 52.091 0 -29.3124 -30.8266 4 3929.88 173.632 901 0.000364723
3700 0.341975 0.327582 0.0143935 0 0.957911 1019.21 965.677 53.5319 0 -29.3661 -30.9125 4 4029.88 175.827 926 0.00035376
3800 0.313949 0.301436 0.0125135 0 0.960142 1050.71 995.82 54.8873 0 -29.4103 -30.8411 4 4129.88 177.995 951 0.000316967
3900 0.333557 0.318677 0.0148799 0 0.95539 1084 1027.69 56.3167 0 -29.4373 -30.2903 4 4229.88 180.138 976 0.000326514
4000 0.330597 0.315326 0.015271 0 0.953808 1117.08 1059.22 57.858 0 -29.4518 -29.9263 4 4329.88 182.254 1001 0.000315011
4100 0.302901 0.290755 0.0121461 0 0.959901 1147.52 1088.3 59.2281 0 -29.4816 -30.5758 4 4429.88 184.347 1026 0.000283387
4200 0.302078 0.290889 0.0111887 0 0.962961 1177.92 1117.39 60.5301 0 -29.5318 -31.4251 4 4529.88 186.416 1051 0.000276774
4300 0.301254 0.289021 0.0122333 0 0.959392 1208.05 1146.29 61.7585 0 -29.5788 -31.4155 4 4629.88 188.463 1076 0.000268607
4400 0.300621 0.289815 0.0108057 0 0.964055 1238.25 1175.27 62.9809 0 -29.6263 -31.5291 4 4729.88 190.487 1101 0.000263229
4500 0.278234 0.270189 0.00804527 0 0.971085 1266.29 1202.29 64.0002 0 -29.6743 -31.7926 4 4829.88 192.49 1126 0.000239955
4600 0.311439 0.301666 0.00977308 0 0.96862 1297.62 1232.45 65.1657 0 -29.7146 -31.3427 4 4929.88 194.473 1151 0.00026209
4700 0.371671 0.356125 0.0155469 0 0.95817 1334.65 1268.07 66.5835 0 -29.7201 -29.9155 4 5029.88 196.435 1176 0.000302827
4800 0.335942 0.323122 0.0128203 0 0.961838 1368.38 1300.38 68.0012 0 -29.7479 -30.8464 4 5129.88 198.378 1201 0.000269044
4900 0.324824 0.313087 0.011737 0 0.963867 1400.94 1331.69 69.2494 0 -29.7789 -31.0813 4 5229.88 200.302 1226 0.000255373
5000 0.320346 0.308309 0.0120365 0 0.962426 1432.99 1362.52 70.473 0 -29.8065 -31.0122 4 5329.88 202.208 1251 0.00024645
5100 0.335119 0.322809 0.0123097 0 0.963268 1466.6 1394.8 71.8032 0 -29.8466 -31.5549 4 5429.88 204.096 1276 0.000252985
5200 0.314549 0.304562 0.00998649 0 0.968251 1498.32 1425.26 73.0618 0 -29.885 -31.6608 4 5529.88 205.967 1301 0.000234099
5300 0.310159 0.298822 0.0113373 0 0.963447 1529.27 1455.14 74.1336 0 -29.9134 -31.2907 4 5629.88 207.821 1326 0.000225356
5400 0.348062 0.337444 0.010618 0 0.969494 1564.33 1488.88 75.4476 0 -29.9382 -31.0189 4 5729.88 209.659 1351 0.000249773
5500 0.312233 0.300028 0.0122049 0 0.960911 1595.42 1518.89 76.5347 0 -29.9686 -31.4992 4 5829.88 211.48 1376 0.000218044
5600 0.344804 0.332783 0.0120214 0 0.965135 1630.09 1552.16 77.9315 0 -29.9935 -31.1379 4 5929.88 213.286 1401 0.000237532
5700 0.340141 0.328994 0.0111471 0 0.967228 1664.29 1585.06 79.2307 0 -30.0153 -31.0544 4 6029.88 215.077 1426 0.000230711
5800 0.361141 0.347866 0.013275 0 0.963241 1700.3 1619.85 80.4509 0 -30.0358 -30.9847 4 6129.88 216.853 1451 0.000239742
5900 0.363862 0.349982 0.0138797 0 0.961854 1736.65 1654.85 81.8057 0 -30.0561 -31.0034 4 6229.88 218.615 1476 0.000237115
6000 0.347718 0.333038 0.0146801 0 0.957782 1771.33 1688.15 83.1834 0 -30.0788 -31.2154 4 6329.88 220.363 1501 0.000221878
6100 0.332641 0.321201 0.0114406 0 0.965607 1804.76 1720.27 84.4882 0 -30.1053 -31.5126 4 6429.88 222.096 1526 0.000210485
6200 0.307664 0.296475 0.0111886 0 0.963634 1835.5 1749.92 85.5821 0 -30.13 -31.5799 4 6529.88 223.817 1551 0.000191151
6300 0.3193 0.308156 0.0111443 0 0.965098 1867.49 1780.73 86.7508 0 -30.1469 -31.1161 4 6629.88 225.524 1576 0.000195531
6400 0.315463 0.305792 0.00967088 0 0.969344 1899.18 1811.31 87.8675 0 -30.1657 -31.2715 4 6729.88 227.219 1601 0.000191001
6500 0.307241 0.297403 0.00983839 0 0.967978 1929.98 1841.05 88.9221 0 -30.1823 -31.2094 4 6829.88 228.9 1626 0.000182905
6600 0.34879 0.335819 0.0129717 0 0.96281 1964.76 1874.64 90.1263 0 -30.1859 -30.3826 4 6929.88 230.57 1651 0.000203403
6700 0.330592 0.318791 0.0118006 0 0.964305 1998 1906.52 91.485 0 -30.1926 -30.5889 4 7029.88 232.228 1676 0.00019021
6800 0.315987 0.304364 0.0116222 0 0.963219 2029.59 1936.95 92.6341 0 -30.2046 -30.9654 4 7129.88 233.874 1701 0.000178933
6900 0.333482 0.323355 0.0101268 0 0.969633 2063.06 1969.29 93.7704 0 -30.2207 -31.1996 4 7229.88 235.508 1726 0.000187343
7000 0.345603 0.330641 0.0149614 0 0.956709 2097.39 2002.35 95.0345 0 -30.2318 -30.8985 4 7329.88 237.131 1751 0.00018883
7100 0.417333 0.402361 0.0149719 0 0.964125 2139.34 2042.59 96.7493 0 -30.2504 -31.1807 4 7429.88 238.743 1776 0.000226555
7200 0.395136 0.379456 0.0156804 0 0.960316 2178.84 2080.53 98.3023 0 -30.2584 -30.6879 4 7529.88 240.344 1801 0.000210692
7300 0.40503 0.391608 0.013422 0 0.966862 2219.59 2119.69 99.8931 0 -30.2591 -30.2962 4 7629.88 241.935 1826 0.000214462
7400 0.373818 0.361442 0.0123761 0 0.966893 2257.08 2155.84 101.246 0 -30.2621 -30.444 4 7729.88 243.515 1851 0.000195268
7500 0.42286 0.408176 0.0146836 0 0.965275 2299.51 2196.66 102.854 0 -30.263 -30.3065 4 7829.88 245.086 1876 0.000217578
7600 0.422897 0.40566 0.0172366 0 0.959242 2341.64 2237.22 104.418 0 -30.2566 -29.9088 4 7929.88 246.646 1901 0.000213393
7700 0.465169 0.445709 0.0194601 0 0.958165 2388.1 2281.79 106.309 0 -30.2441 -29.6154 4 8029.88 248.196 1926 0.000231417
7800 0.440348 0.420543 0.0198049 0 0.955024 2432.05 2323.85 108.205 0 -30.2456 -30.3264 4 8129.88 249.737 1951 0.000215553
7900 0.420985 0.40093 0.0200554 0 0.952361 2473.94 2363.94 110.004 0 -30.2511 -30.5698 4 8229.88 251.268 1976 0.0002029
8000 0.442479 0.424102 0.0183763 0 0.95847 2518.42 2406.35 112.07 0 -30.255 -30.4739 4 8329.88 252.79 2001 0.000211945
8100 0.424252 0.40703 0.0172225 0 0.959405 2561.07 2447.05 114.015 0 -30.2625 -30.7022 4 8429.88 254.303 2026 0.000200903
8200 0.392598 0.376357 0.0162408 0 0.958632 2600.32 2484.69 115.63 0 -30.2719 -30.89 4 8529.88 255.806 2051 0.000183499
8300 0.392309 0.378376 0.0139329 0 0.964485 2639.81 2522.53 117.284 0 -30.284 -31.0769 4 8629.88 257.302 2076 0.000182262
8400 0.405013 0.392209 0.012804 0 0.968386 2680.44 2561.75 118.694 0 -30.3006 -31.3792 4 8729.88 258.788 2101 0.000186677
8500 0.404976 0.390472 0.014504 0 0.964186 2720.96 2600.79 120.161 0 -30.3164 -31.3656 4 8829.88 260.266 2126 0.000183665
8600 0.384065 0.372332 0.0117336 0 0.969449 2759.45 2638.03 121.426 0 -30.3281 -31.1485 4 8929.88 261.736 2151 0.000173097
8700 0.366208 0.354676 0.0115327 0 0.968508 2796.14 2673.5 122.644 0 -30.3399 -31.2317 4 9029.88 263.197 2176 0.000162994
8800 0.357871 0.345841 0.0120291 0 0.966387 2831.87 2708.08 123.791 0 -30.3509 -31.2118 4 9129.88 264.65 2201 0.000157129
8900 0.406073 0.391054 0.0150197 0 0.963012 2872.32 2747.18 125.134 0 -30.3513 -30.3761 4 9229.88 266.096 2226 0.000175676
9000 0.430248 0.413062 0.0171856 0 0.960056 2915.23 2788.49 126.739 0 -30.3542 -30.5538 4 9329.88 267.533 2251 0.000183502
9100 0.470356 0.451838 0.0185175 0 0.960631 2962.33 2833.67 128.656 0 -30.36 -30.7139 4 9429.88 268.963 2276 0.000198523
9200 0.466658 0.445967 0.0206902 0 0.955663 3008.87 2878.27 130.602 0 -30.3609 -30.4196 4 9529.88 270.386 2301 0.000193815
9300 0.442172 0.425487 0.0166853 0 0.962265 3053.3 2920.82 132.48 0 -30.3672 -30.7938 4 9629.88 271.801 2326 0.000182926
9400 0.433028 0.416996 0.0160314 0 0.962978 3096.71 2962.52 134.191 0 -30.3774 -31.0966 4 9729.88 273.208 2351 0.00017737
9500 0.409746 0.394049 0.0156972 0 0.961691 3137.67 3001.92 135.744 0 -30.3914 -31.4509 4 9829.88 274.609 2376 0.000165845
9600 0.385523 0.372623 0.0128998 0 0.966539 3176.39 3039.19 137.207 0 -30.4034 -31.3742 4 9929.88 276.002 2401 0.000155195
9700 0.420277 0.401102 0.0191753 0 0.954375 3217.99 3079.3 138.693 0 -30.4111 -31.0021 4 10029.9 277.388 2426 0.000165335
9800 0.428494 0.413314 0.0151802 0 0.964573 3261 3120.63 140.368 0 -30.4262 -31.5546 4 10129.9 278.768 2451 0.000168631
9900 0.430103 0.412276 0.0178266 0 0.958553 3303.88 3161.86 142.026 0 -30.4294 -30.673 4 10229.9 280.14 2476 0.000166509
10000 0.397924 0.384461 0.0134634 0 0.966166 3343.83 3200.3 143.527 0 -30.439 -31.2287 4 10329.9 281.506 2501 0.000153723
10100 0.40097 0.38739 0.0135801 0 0.966132 3384.03 3239.04 144.986 0 -30.4494 -31.3181 4 10429.9 282.865 2526 0.000153361
10200 0.381329 0.368059 0.0132695 0 0.965202 3422.16 3275.85 146.315 0 -30.4614 -31.5242 4 10529.9 284.218 2551 0.00014428
10300 0.425797 0.409989 0.0158085 0 0.962873 3464.71 3316.85 147.868 0 -30.4681 -31.0065 4 10629.9 285.565 2576 0.000159157
10400 0.453162 0.433025 0.0201372 0 0.955563 3509.87 3360.15 149.725 0 -30.4727 -30.824 4 10729.9 286.905 2601 0.000166484
10500 0.424681 0.408428 0.0162532 0 0.961728 3552.4 3400.99 151.406 0 -30.4877 -31.7252 4 10829.9 288.238 2626 0.000155532
10600 0.409182 0.394056 0.0151258 0 0.963034 3593.45 3440.4 153.049 0 -30.506 -32.0907 4 10929.9 289.566 2651 0.000148644
10700 0.378342 0.365908 0.0124344 0 0.967134 3631.54 3476.99 154.557 0 -30.522 -32.0374 4 11029.9 290.888 2676 0.000136737
10800 0.375136 0.362147 0.0129896 0 0.965374 3669.12 3513.2 155.915 0 -30.538 -32.0787 4 11129.9 292.203 2701 0.000134079
10900 0.400971 0.387848 0.0131237 0 0.96727 3709.3 3551.99 157.317 0 -30.5539 -32.0076 4 11229.9 293.513 2726 0.000142277
11000 0.416454 0.401423 0.0150314 0 0.963906 3751.01 3592.13 158.876 0 -30.5643 -31.4928 4 11329.9 294.817 2751 0.000145919
11100 0.419267 0.404949 0.0143178 0 0.96585 3793.09 3632.62 160.462 0 -30.5751 -31.5302 4 11429.9 296.115 2776 0.000145875
11200 0.412205 0.398648 0.0135574 0 0.96711 3834.43 3672.49 161.946 0 -30.5887 -31.8447 4 11529.9 297.408 2801 0.000142323
11300 0.38762 0.374547 0.0130727 0 0.966274 3873.25 3709.94 163.308 0 -30.6043 -32.1374 4 11629.9 298.695 2826 0.000132536
11400 0.423408 0.40685 0.0165582 0 0.960893 3915.44 3750.63 164.811 0 -30.6062 -30.7859 4 11729.9 299.976 2851 0.000142704
11500 0.452233 0.436186 0.0160469 0 0.964516 3960.78 3794.25 166.535 0 -30.6085 -30.8067 4 11829.9 301.252 2876 0.000151664
11600 0.419507 0.404867 0.0146395 0 0.965103 4002.87 3834.73 168.14 0 -30.6172 -31.4343 4 11929.9 302.523 2901 0.000139561
11700 0.427993 0.41221 0.0157825 0 0.963124 4045.67 3875.95 169.711 0 -30.6287 -31.7062 4 12029.9 303.788 2926 0.000140878
11800 0.419718 0.405737 0.0139811 0 0.966689 4087.79 3916.53 171.262 0 -30.6385 -31.5811 4 12129.9 305.048 2951 0.000137491
11900 0.441408 0.426121 0.015287 0 0.965368 4132.05 3959.14 172.904 0 -30.6484 -31.5611 4 12229.9 306.303 2976 0.000143186
12000 0.414978 0.39917 0.0158074 0 0.961908 4173.51 3999.06 174.451 0 -30.6571 -31.5204 4 12329.9 307.553 3001 0.000133012
12100 0.425437 0.410575 0.0148623 0 0.965066 4216.18 4040.12 176.066 0 -30.6661 -31.5438 4 12429.9 308.797 3026 0.000135682
12200 0.392484 0.380095 0.0123895 0 0.968433 4255.63 4078.12 177.507 0 -30.6749 -31.6198 4 12529.9 310.037 3051 0.00012458
12300 0.425018 0.40998 0.0150379 0 0.964618 4298.17 4119.12 179.043 0 -30.6809 -31.2781 4 12629.9 311.272 3076 0.000133283
12400 0.486305 0.468762 0.0175431 0 0.963926 4346.79 4166 180.789 0 -30.6828 -30.8522 4 12729.9 312.502 3101 0.000151165
12500 0.487717 0.469804 0.017913 0 0.963272 4395.72 4212.98 182.738 0 -30.6832 -30.7203 4 12829.9 313.727 3126 0.000150289
12600 0.481488 0.464457 0.0170311 0 0.964628 4444.01 4259.42 184.585 0 -30.6905 -31.3524 4 12929.9 314.947 3151 0.0001474
12700 0.453766 0.438995 0.0147708 0 0.967448 4489.61 4303.32 186.286 0 -30.7016 -31.7826 4 13029.9 316.162 3176 0.000138223
12800 0.421198 0.405494 0.0157036 0 0.962717 4531.64 4343.87 187.766 0 -30.7108 -31.6984 4 13129.9 317.373 3201 0.000126677
12900 0.432287 0.41544 0.0168477 0 0.961027 4574.75 4385.42 189.332 0 -30.7193 -31.6139 4 13229.9 318.58 3226 0.000128779
13000 0.481734 0.462404 0.0193298 0 0.959875 4622.91 4431.66 191.254 0 -30.7236 -31.1271 4 13329.9 319.781 3251 0.000142235
13100 0.480817 0.460108 0.0207095 0 0.956929 4670.97 4477.67 193.302 0 -30.7295 -31.3045 4 13429.9 320.979 3276 0.000140448
13200 0.473736 0.455282 0.0184545 0 0.961045 4718.36 4523.2 195.167 0 -30.7351 -31.2779 4 13529.9 322.171 3301 0.000137922
13300 0.450578 0.433391 0.017187 0 0.961856 4763.5 4566.54 196.964 0 -30.7425 -31.5246 4 13629.9 323.36 3326 0.000130304
13400 0.469221 0.453232 0.0159883 0 0.965926 4810.63 4611.86 198.774 0 -30.7524 -31.7527 4 13729.9 324.544 3351 0.000135253
13500 0.437496 0.422171 0.0153252 0 0.964971 4854.51 4654.08 200.43 0 -30.762 -31.8149 4 13829.9 325.724 3376 0.000125051
13600 0.429759 0.416217 0.0135415 0 0.968491 4897.68 4695.7 201.986 0 -30.7767 -32.4251 4 13929.9 326.899 3401 0.000122381
13700 0.400261 0.387032 0.0132293 0 0.966948 4937.7 4734.4 203.295 0 -30.7886 -32.2436 4 14029.9 328.07 3426 0.000112969
13800 0.435629 0.423075 0.0125539 0 0.971182 4981.49 4776.71 204.785 0 -30.7951 -31.5328 4 14129.9 329.238 3451 0.000122595
13900 0.398412 0.386846 0.0115661 0 0.970969 5021.39 4815.39 205.993 0 -30.8034 -31.8374 4 14229.9 330.401 3476 0.000111291
14000 0.441509 0.427562 0.0139468 0 0.968411 5065.46 4858.15 207.313 0 -30.808 -31.3294 4 14329.9 331.559 3501 0.000122126
14100 0.438323 0.42439 0.0139331 0 0.968213 5109.48 4900.59 208.895 0 -30.8149 -31.6097 4 14429.9 332.714 3526 0.00012036
14200 0.459518 0.443699 0.0158188 0 0.965575 5155.46 4944.96 210.501 0 -30.8193 -31.3118 4 14529.9 333.865 3551 0.00012495
14300 0.426365 0.410189 0.0161766 0 0.962059 5198.13 4985.98 212.154 0 -30.8271 -31.7675 4 14629.9 335.012 3576 0.000114706
14400 0.46293 0.444841 0.0180894 0 0.960924 5244.27 5030.46 213.812 0 -30.8356 -31.7951 4 14729.9 336.155 3601 0.000123533
14500 0.46489 0.447373 0.0175172 0 0.96232 5290.86 5075.2 215.658 0 -30.841 -31.4456 4 14829.9 337.294 3626 0.000123379
14600 0.436406 0.420004 0.0164022 0 0.962415 5334.62 5117.2 217.417 0 -30.8469 -31.5641 4 14929.9 338.43 3651 0.000115038
14700 0.412568 0.39653 0.0160381 0 0.961126 5375.95 5156.85 219.101 0 -30.8563 -32.0668 4 15029.9 339.561 3676 0.00010787
14800 0.381721 0.368522 0.0131999 0 0.96542 5414.2 5193.7 220.491 0 -30.8676 -32.459 4 15129.9 340.689 3701 9.95735e-05
14900 0.398587 0.386173 0.0124141 0 0.968855 5454.21 5232.32 221.887 0 -30.8787 -32.3812 4 15229.9 341.813 3726 0.000103643
15000 0.422318 0.408056 0.0142617 0 0.96623 5496.5 5273.13 223.376 0 -30.8856 -31.7735 4 15329.9 342.933 3751 0.000108786
15100 0.409044 0.395024 0.0140206 0 0.965723 5537.48 5312.63 224.847 0 -30.8916 -31.7011 4 15429.9 344.05 3776 0.000104614
15200 0.372471 0.361212 0.0112595 0 0.969771 5574.85 5348.75 226.1 0 -30.9023 -32.4782 4 15529.9 345.163 3801 9.50307e-05
15300 0.377104 0.364626 0.0124787 0 0.966909 5612.52 5385.21 227.31 0 -30.9124 -32.402 4 15629.9 346.272 3826 9.53021e-05
15400 0.408654 0.395436 0.0132182 0 0.967654 5653.39 5424.76 228.629 0 -30.921 -32.1051 4 15729.9 347.378 3851 0.000102684
15500 0.440839 0.424802 0.0160365 0 0.963623 5697.36 5467.24 230.12 0 -30.9222 -31.0781 4 15829.9 348.481 3876 0.000109598
15600 0.450548 0.434834 0.0157147 0 0.965121 5742.39 5510.72 231.669 0 -30.9222 -30.9219 4 15929.9 349.58 3901 0.000111467
15700 0.426965 0.412021 0.0149447 0 0.964998 5785.23 5551.92 233.302 0 -30.9262 -31.4637 4 16029.9 350.675 3926 0.000104947
15800 0.43011 0.413055 0.0170548 0 0.960348 5828.12 5593.23 234.896 0 -30.926 -30.8988 4 16129.9 351.767 3951 0.000104544
15900 0.439113 0.42313 0.0159827 0 0.963602 5872.12 5635.54 236.577 0 -30.9281 -31.2082 4 16229.9 352.856 3976 0.000106421
16000 0.42749 0.412672 0.0148184 0 0.965336 5914.98 5676.81 238.168 0 -30.9316 -31.4108 4 16329.9 353.942 4001 0.000103142
16100 0.440064 0.423706 0.0163574 0 0.96283 5958.94 5719.18 239.763 0 -30.936 -31.5267 4 16429.9 355.024 4026 0.000105242
16200 0.471584 0.453813 0.0177706 0 0.962317 6006.05 5764.56 241.493 0 -30.9384 -31.2369 4 16529.9 356.102 4051 0.000112025
16300 0.462114 0.445757 0.0163568 0 0.964604 6052.32 5809.14 243.186 0 -30.942 -31.4106 4 16629.9 357.178 4076 0.000109361
16400 0.441983 0.427365 0.014618 0 0.966926 6096.72 5851.87 244.845 0 -30.9497 -32.0031 4 16729.9 358.25 4101 0.00010421
16500 0.410801 0.397125 0.0136768 0 0.966707 6137.73 5891.59 246.141 0 -30.9584 -32.2484 4 16829.9 359.319 4126 9.62493e-05
16600 0.426402 0.414211 0.0121915 0 0.971408 6180.59 5933.01 247.58 0 -30.9657 -32.0146 4 16929.9 360.385 4151 9.97857e-05
16700 0.404255 0.392132 0.0121233 0 0.970011 6221.1 5972.22 248.881 0 -30.9722 -31.9586 4 17029.9 361.448 4176 9.39013e-05
16800 0.457348 0.442068 0.0152807 0 0.966589 6266.87 6016.43 250.443 0 -30.974 -31.2224 4 17129.9 362.508 4201 0.000105229
16900 0.479445 0.461061 0.0183839 0 0.961656 6314.66 6062.53 252.128 0 -30.9722 -30.7423 4 17229.9 363.564 4226 0.000109101
17000 0.481259 0.463515 0.0177439 0 0.96313 6362.76 6108.88 253.879 0 -30.9726 -31.0231 4 17329.9 364.618 4251 0.000109037
17100 0.488013 0.468192 0.0198207 0 0.959385 6411.41 6155.7 255.709 0 -30.9713 -30.7942 4 17429.9 365.668 4276 0.000109493
17200 0.465376 0.447179 0.0181967 0 0.960899 6457.9 6200.42 257.483 0 -30.9696 -30.7379 4 17529.9 366.716 4301 0.000103971
17300 0.477475 0.459883 0.017592 0 0.963156 6505.72 6246.41 259.307 0 -30.9677 -30.7158 4 17629.9 367.76 4326 0.000106307
17400 0.467736 0.447543 0.0201932 0 0.956828 6552.28 6291.16 261.12 0 -30.9688 -31.1149 4 17729.9 368.802 4351 0.00010286
17500 0.474917 0.457521 0.017396 0 0.963371 6599.96 6336.92 263.04 0 -30.9721 -31.428 4 17829.9 369.84 4376 0.000104552
17600 0.454585 0.435993 0.0185921 0 0.959101 6645.21 6380.51 264.699 0 -30.9745 -31.3274 4 17929.9 370.876 4401 9.90668e-05
17700 0.471315 0.453374 0.0179413 0 0.961933 6692.41 6425.85 266.561 0 -30.9758 -31.1548 4 18029.9 371.909 4426 0.000102434
17800 0.4311 0.416627 0.0144725 0 0.966429 6735.73 6467.51 268.218 0 -30.98 -31.631 4 18129.9 372.939 4451 9.36031e-05
17900 0.418445 0.403254 0.0151903 0 0.963698 6777.63 6507.84 269.789 0 -30.9864 -32.0224 4 18229.9 373.966 4476 9.00926e-05
18000 0.40667 0.392568 0.0141022 0 0.965323 6818.38 6547.1 271.28 0 -30.9939 -32.2417 4 18329.9 374.99 4501 8.7218e-05
18100 0.419702 0.404769 0.0149337 0 0.964418 6860.22 6587.57 272.645 0 -30.9991 -31.8354 4 18429.9 376.012 4526 8.94318e-05
18200 0.436395 0.421463 0.0149322 0 0.965783 6903.75 6629.72 274.033 0 -31.0036 -31.718 4 18529.9 377.03 4551 9.26089e-05
18300 0.429178 0.415137 0.0140418 0 0.967282 6946.68 6671.23 275.443 0 -31.0064 -31.4614 4 18629.9 378.046 4576 9.07204e-05
18400 0.430484 0.41644 0.0140443 0 0.967375 6989.73 6712.88 276.848 0 -31.0087 -31.3801 4 18729.9 379.06 4601 9.05107e-05
18500 0.419979 0.402892 0.0170872 0 0.959314 7031.61 6753.17 278.443 0 -31.0124 -31.6253 4 18829.9 380.07 4626 8.70929e-05
18600 0.426631 0.412905 0.0137258 0 0.967828 7074.54 6794.46 280.086 0 -31.0171 -31.7886 4 18929.9 381.078 4651 8.87777e-05
18700 0.41402 0.398414 0.0156063 0 0.962305 7115.88 6834.3 281.577 0 -31.0187 -31.2857 4 19029.9 382.083 4676 8.5204e-05
18800 0.441631 0.425556 0.016075 0 0.963601 7160.15 6876.85 283.298 0 -31.0199 -31.214 4 19129.9 383.086 4701 9.05245e-05
18900 0.428563 0.414366 0.0141975 0 0.966872 7203.17 6918.29 284.874 0 -31.0267 -32.1589 4 19229.9 384.086 4726 8.76779e-05
19000 0.437226 0.421134 0.0160916 0 0.963196 7246.99 6960.4 286.583 0 -31.0337 -32.1836 4 19329.9 385.083 4751 8.86412e-05
19100 0.422312 0.406956 0.015356 0 0.963638 7289.14 7001.1 288.035 0 -31.04 -32.1267 4 19429.9 386.078 4776 8.52085e-05
19200 0.406575 0.395385 0.0111902 0 0.972477 7329.97 7040.64 289.332 0 -31.0474 -32.3734 4 19529.9 387.07 4801 8.23546e-05
19300 0.415374 0.401671 0.0137038 0 0.967009 7371.45 7080.81 290.647 0 -31.0525 -31.9436 4 19629.9 388.06 4826 8.32306e-05
19400 0.438453 0.422536 0.0159167 0 0.963698 7415.21 7123.06 292.147 0 -31.0593 -32.2087 4 19729.9 389.047 4851 8.71028e-05
19500 0.436139 0.421895 0.0142443 0 0.96734 7459.02 7165.25 293.77 0 -31.0685 -32.6338 4 19829.9 390.032 4876 8.65248e-05
19600 0.441804 0.427088 0.0147158 0 0.966691 7503.28 7207.96 295.322 0 -31.0729 -31.8163 4 19929.9 391.014 4901 8.7143e-05
19700 0.439219 0.423877 0.0153418 0 0.96507 7547.18 7250.35 296.831 0 -31.0787 -32.0612 4 20029.9 391.994 4926 8.60489e-05
19800 0.432345 0.420062 0.0122826 0 0.971591 7590.69 7292.35 298.343 0 -31.0863 -32.4 4 20129.9 392.971 4951 8.48439e-05
19900 0.456865 0.440807 0.0160585 0 0.964851 7636.31 7336.43 299.881 0 -31.09 -31.7058 4 20229.9 393.946 4976 8.85866e-05
20000 0.440483 0.422835 0.017648 0 0.959935 7680.19 7378.72 301.473 0 -31.0928 -31.5786 4 20329.9 394.919 5001 8.455e-05
20100 0.407146 0.395155 0.0119918 0 0.970547 7721.17 7418.23 302.94 0 -31.101 -32.6459 4 20429.9 395.889 5026 7.86221e-05
20200 0.404457 0.393083 0.0113735 0 0.97188 7761.76 7457.54 304.219 0 -31.1099 -32.8043 4 20529.9 396.856 5051 7.78228e-05
20300 0.379182 0.369292 0.00988943 0 0.973919 7799.75 7494.47 305.286 0 -31.1183 -32.8352 4 20629.9 397.822 5076 7.27526e-05
20400 0.377669 0.367433 0.0102356 0 0.972898 7837.5 7531.21 306.285 0 -31.1258 -32.6656 4 20729.9 398.785 5101 7.20316e-05
20500 0.392905 0.379458 0.0134474 0 0.965774 7876.64 7569.16 307.481 0 -31.132 -32.3705 4 20829.9 399.745 5126 7.40262e-05
20600 0.407213 0.393219 0.0139939 0 0.965635 7917.35 7608.48 308.869 0 -31.135 -31.7168 4 20929.9 400.704 5151 7.63384e-05
20700 0.37502 0.360548 0.0144726 0 0.961408 7954.74 7644.53 310.206 0 -31.1391 -32.0162 4 21029.9 401.66 5176 6.96576e-05
20800 0.373089 0.360968 0.0121211 0 0.967511 7992.18 7680.63 311.553 0 -31.1437 -32.1139 4 21129.9 402.614 5201 6.94035e-05
20900 0.385027 0.370134 0.0148934 0 0.961318 8030.48 7717.64 312.831 0 -31.1475 -31.9375 4 21229.9 403.565 5226 7.08255e-05
21000 0.434351 0.419699 0.0146523 0 0.966266 8074.06 7759.61 314.444 0 -31.1459 -30.8649 4 21329.9 404.515 5251 7.99275e-05
21100 0.403882 0.388698 0.0151841 0 0.962405 8114.43 7798.48 315.947 0 -31.1476 -31.4853 4 21429.9 405.462 5276 7.36729e-05
21200 0.398083 0.383551 0.0145319 0 0.963495 8154.32 7836.84 317.481 0 -31.151 -31.8445 4 21529.9 406.407 5301 7.23545e-05
21300 0.394879 0.382707 0.0121716 0 0.969176 8193.93 7875.11 318.821 0 -31.1528 -31.5122 4 21629.9 407.349 5326 7.18564e-05
21400 0.417679 0.401609 0.0160696 0 0.961526 8235.45 7915.27 320.179 0 -31.1537 -31.328 4 21729.9 408.29 5351 7.50531e-05
21500 0.403839 0.39088 0.0129594 0 0.96791 8275.96 7954.36 321.599 0 -31.1569 -31.8075 4 21829.9 409.228 5376 7.27083e-05
21600 0.442675 0.424772 0.0179025 0 0.959558 8320.06 7996.84 323.224 0 -31.1599 -31.7353 4 21929.9 410.165 5401 7.86469e-05
21700 0.426003 0.410012 0.0159902 0 0.962465 8362.72 8037.84 324.878 0 -31.1649 -32.1273 4 22029.9 411.099 5426 7.55644e-05
21800 0.406337 0.393424 0.0129128 0 0.968221 8403.62 8077.18 326.445 0 -31.1713 -32.493 4 22129.9 412.031 5451 7.21747e-05
21900 0.407726 0.395001 0.0127249 0 0.968791 8444.56 8116.68 327.878 0 -31.1757 -32.0727 4 22229.9 412.961 5476 7.21332e-05
22000 0.381643 0.370422 0.0112216 0 0.970597 8482.89 8153.72 329.171 0 -31.1811 -32.3703 4 22329.9 413.888 5501 6.73372e-05
22100 0.393898 0.380743 0.0131549 0 0.966603 8522.19 8191.8 330.394 0 -31.1845 -31.9261 4 22429.9 414.814 5526 6.89004e-05
22200 0.370384 0.36045 0.0099339 0 0.973179 8559.39 8227.84 331.547 0 -31.1899 -32.4265 4 22529.9 415.738 5551 6.49342e-05
22300 0.389626 0.376961 0.0126642 0 0.967497 8598.27 8265.54 332.734 0 -31.1952 -32.3487 4 22629.9 416.659 5576 6.76043e-05
22400 0.387174 0.372427 0.0147464 0 0.961913 8636.79 8302.78 334.008 0 -31.1995 -32.1734 4 22729.9 417.579 5601 6.6493e-05
22500 0.401925 0.386853 0.0150718 0 0.962501 8676.86 8341.47 335.397 0 -31.2025 -31.8371 4 22829.9 418.497 5626 6.87616e-05
22600 0.456478 0.439634 0.0168443 0 0.963099 8722.54 8385.43 337.107 0 -31.2037 -31.4348 4 22929.9 419.412 5651 7.77976e-05
22700 0.433625 0.417718 0.0159069 0 0.963316 8765.99 8427.2 338.788 0 -31.2076 -31.9982 4 23029.9 420.326 5676 7.35938e-05
22800 0.464743 0.44691 0.0178324 0 0.961629 8812.58 8471.89 340.686 0 -31.2078 -31.2469 4 23129.9 421.237 5701 7.83915e-05
22900 0.464272 0.44358 0.0206926 0 0.95543 8858.91 8516.25 342.664 0 -31.2084 -31.3174 4 23229.9 422.147 5726 7.74677e-05
23000 0.419629 0.403965 0.0156638 0 0.962672 8901.09 8556.65 344.446 0 -31.2115 -31.8529 4 23329.9 423.055 5751 7.02425e-05
23100 0.402057 0.387737 0.0143205 0 0.964382 8941.35 8595.42 345.932 0 -31.215 -31.992 4 23429.9 423.96 5776 6.7129e-05
23200 0.409105 0.396786 0.0123187 0 0.969889 8982.37 8635.1 347.271 0 -31.2197 -32.2581 4 23529.9 424.864 5801 6.83996e-05
23300 0.452981 0.439877 0.0131048 0 0.97107 9027.78 8679.09 348.694 0 -31.2215 -31.5672 4 23629.9 425.766 5826 7.55023e-05
23400 0.450128 0.437471 0.0126567 0 0.971882 9072.97 8722.83 350.138 0 -31.2267 -32.2612 4 23729.9 426.666 5851 7.47686e-05
23500 0.461259 0.445565 0.0156934 0 0.965977 9118.92 8767.39 351.529 0 -31.2292 -31.7215 4 23829.9 427.564 5876 7.5828e-05
23600 0.450293 0.435799 0.0144937 0 0.967813 9164.11 8810.97 353.142 0 -31.2331 -32.0368 4 23929.9 428.46 5901 7.38518e-05
23700 0.428727 0.41431 0.0144172 0 0.966372 9207.04 8852.4 354.64 0 -31.2369 -32.034 4 24029.9 429.354 5926 6.99139e-05
23800 0.458576 0.441718 0.0168577 0 0.963239 9252.86 8896.57 356.291 0 -31.2384 -31.5505 4 24129.9 430.247 5951 7.42259e-05
23900 0.470555 0.453752 0.0168025 0 0.964292 9300 8941.95 358.056 0 -31.2384 -31.235 4 24229.9 431.137 5976 7.59291e-05
24000 0.452797 0.436718 0.0160787 0 0.96449 9345.35 8985.62 359.734 0 -31.2392 -31.3927 4 24329.9 432.026 6001 7.27743e-05
24100 0.461275 0.444029 0.0172461 0 0.962612 9391.4 9030.02 361.381 0 -31.2387 -31.1432 4 24429.9 432.913 6026 7.36855e-05
24200 0.488504 0.470791 0.0177134 0 0.96374 9440.25 9077.1 363.152 0 -31.2381 -31.1187 4 24529.9 433.798 6051 7.78038e-05
24300 0.473123 0.454832 0.0182907 0 0.961341 9487.57 9122.59 364.988 0 -31.2383 -31.2782 4 24629.9 434.682 6076 7.48572e-05
24400 0.45175 0.436606 0.0151435 0 0.966478 9532.94 9166.25 366.691 0 -31.2409 -31.7853 4 24729.9 435.563 6101 7.15631e-05
24500 0.456405 0.439559 0.0168458 0 0.96309 9578.53 9210.2 368.333 0 -31.2442 -31.9484 4 24829.9 436.443 6126 7.1753e-05
24600 0.417207 0.404959 0.0122483 0 0.970642 9620.51 9250.7 369.817 0 -31.2494 -32.426 4 24929.9 437.321 6151 6.58362e-05
24700 0.386113 0.37655 0.00956293 0 0.975233 9659.31 9288.35 370.962 0 -31.256 -32.9017 4 25029.9 438.197 6176 6.09699e-05
24800 0.386179 0.376653 0.00952624 0 0.975332 9698.05 9326.02 372.029 0 -31.2612 -32.5454 4 25129.9 439.072 6201 6.07407e-05
24900 0.372965 0.364327 0.00863843 0 0.976839 9735.38 9362.45 372.934 0 -31.2669 -32.7637 4 25229.9 439.944 6226 5.8517e-05
25000 0.41023 0.400754 0.0094758 0 0.976901 9776.48 9402.53 373.956 0 -31.2718 -32.419 4 25329.9 440.815 6251 6.41104e-05
25100 0.389342 0.378119 0.0112236 0 0.971173 9815.36 9440.34 375.022 0 -31.2758 -32.281 4 25429.9 441.685 6276 6.02484e-05
25200 0.383279 0.374047 0.00923215 0 0.975913 9853.72 9477.74 375.974 0 -31.2805 -32.4902 4 25529.9 442.552 6301 5.9363e-05
25300 0.378085 0.369634 0.00845127 0 0.977647 9891.65 9514.71 376.945 0 -31.2865 -32.833 4 25629.9 443.418 6326 5.84309e-05
25400 0.384264 0.372152 0.0121119 0 0.96848 9930.02 9551.92 378.097 0 -31.2908 -32.4164 4 25729.9 444.282 6351 5.85975e-05
25500 0.392343 0.381683 0.0106601 0 0.97283 9969.28 9590.09 379.194 0 -31.2958 -32.5402 4 25829.9 445.145 6376 5.98624e-05
25600 0.383773 0.37543 0.00834284 0 0.978261 10007.8 9627.63 380.185 0 -31.3017 -32.8471 4 25929.9 446.006 6401 5.86518e-05
25700 0.401925 0.388655 0.0132702 0 0.966983 10047.8 9666.5 381.272 0 -31.3048 -32.0732 4 26029.9 446.865 6426 6.04816e-05
25800 0.394272 0.383272 0.011 0 0.9721 10087.2 9704.82 382.42 0 -31.3087 -32.3001 4 26129.9 447.722 6451 5.94127e-05
25900 0.445438 0.43159 0.0138476 0 0.968912 10131.8 9747.98 383.773 0 -31.312 -32.0712 4 26229.9 448.578 6476 6.66446e-05
26000 0.416226 0.402966 0.0132605 0 0.968141 10173.4 9788.28 385.161 0 -31.3167 -32.4523 4 26329.9 449.433 6501 6.19852e-05
26100 0.452082 0.436528 0.0155547 0 0.965593 10218.7 9831.93 386.76 0 -31.3187 -31.7617 4 26429.9 450.285 6526 6.68905e-05
26200 0.408423 0.395435 0.0129883 0 0.968199 10259.7 9871.48 388.201 0 -31.3227 -32.3303 4 26529.9 451.136 6551 6.03625e-05
26300 0.438916 0.420924 0.0179915 0 0.959009 10303.3 9913.57 389.691 0 -31.3251 -31.8797 4 26629.9 451.986 6576 6.40092e-05
26400 0.44813 0.430376 0.0177542 0 0.960382 10348 9956.61 391.361 0 -31.3283 -32.0774 4 26729.9 452.834 6601 6.51986e-05
26500 0.423732 0.409986 0.0137456 0 0.967561 10390.5 9997.61 392.912 0 -31.3315 -32.1033 4 26829.9 453.68 6626 6.18754e-05
26600 0.396699 0.384514 0.0121854 0 0.969283 10430.3 10036.1 394.222 0 -31.3361 -32.5428 4 26929.9 454.524 6651 5.78129e-05
26700 0.406994 0.391395 0.0155997 0 0.961671 10470.8 10075.2 395.596 0 -31.3393 -32.16 4 27029.9 455.368 6676 5.86271e-05
26800 0.485032 0.464994 0.0200381 0 0.958687 10519.1 10121.7 397.401 0 -31.3374 -30.9136 4 27129.9 456.209 6701 6.93917e-05
26900 0.469933 0.449732 0.0202001 0 0.957015 10565.9 10166.7 399.233 0 -31.3381 -31.5006 4 27229.9 457.049 6726 6.68648e-05
27000 0.438533 0.423083 0.0154506 0 0.964768 10610 10209 400.976 0 -31.3411 -32.0535 4 27329.9 457.888 6751 6.26697e-05
27100 0.435707 0.422176 0.0135303 0 0.968946 10653.7 10251.2 402.516 0 -31.3441 -32.0829 4 27429.9 458.725 6776 6.23046e-05
27200 0.431101 0.414252 0.0168494 0 0.960916 10696.7 10292.6 404.066 0 -31.3463 -31.9006 4 27529.9 459.56 6801 6.09104e-05
27300 0.412477 0.399352 0.0131251 0 0.96818 10738.1 10332.6 405.557 0 -31.3492 -32.0832 4 27629.9 460.394 6826 5.85046e-05
27400 0.458948 0.44478 0.0141677 0 0.96913 10784.1 10377 407.063 0 -31.3519 -31.9872 4 27729.9 461.226 6851 6.49219e-05
27500 0.404557 0.39301 0.0115466 0 0.971459 10824.7 10416.3 408.397 0 -31.3562 -32.4919 4 27829.9 462.057 6876 5.71568e-05
27600 0.391368 0.380049 0.0113193 0 0.971078 10863.9 10454.3 409.599 0 -31.361 -32.6953 4 27929.9 462.887 6901 5.50716e-05
27700 0.38795 0.376527 0.0114229 0 0.970556 10902.7 10492 410.693 0 -31.3658 -32.7045 4 28029.9 463.715 6926 5.43643e-05
27800 0.435463 0.422544 0.0129188 0 0.970333 10946.3 10534.2 412.053 0 -31.3693 -32.242 4 28129.9 464.541 6951 6.07889e-05
27900 0.417394 0.403976 0.0134184 0 0.967852 10988 10574.6 413.381 0 -31.3746 -32.7654 4 28229.9 465.366 6976 5.79094e-05
28000 0.397648 0.385955 0.0116938 0 0.970593 11027.8 10613.2 414.563 0 -31.3803 -32.9508 4 28329.9 466.189 7001 5.51285e-05
28100 0.418917 0.405818 0.0130991 0 0.968731 11069.8 10653.8 416.027 0 -31.3823 -31.9146 4 28429.9 467.012 7026 5.77594e-05
28200 0.400096 0.388176 0.0119197 0 0.970208 11110 10692.6 417.362 0 -31.385 -32.1209 4 28529.9 467.832 7051 5.50526e-05
28300 0.396018 0.385544 0.0104738 0 0.973552 11149.8 10731.2 418.567 0 -31.3891 -32.5428 4 28629.9 468.651 7076 5.44862e-05
28400 0.397692 0.38656 0.0111318 0 0.972009 11189.5 10769.8 419.692 0 -31.3945 -32.9038 4 28729.9 469.469 7101 5.44374e-05
28500 0.41094 0.397867 0.0130728 0 0.968188 11230.6 10809.6 420.961 0 -31.3985 -32.5082 4 28829.9 470.285 7126 5.58332e-05
28600 0.404016 0.39081 0.0132059 0 0.967313 11271 10848.7 422.312 0 -31.4022 -32.4111 4 28929.9 471.1 7151 5.46511e-05
28700 0.424379 0.410605 0.013774 0 0.967543 11313.5 10889.8 423.703 0 -31.4039 -31.8743 4 29029.9 471.914 7176 5.72192e-05
28800 0.445387 0.430611 0.014776 0 0.966824 11358.1 10932.8 425.305 0 -31.4053 -31.7489 4 29129.9 472.726 7201 5.97988e-05
28900 0.411828 0.398572 0.0132553 0 0.967814 11399.5 10972.7 426.828 0 -31.4077 -32.0541 4 29229.9 473.537 7226 5.51581e-05
29000 0.395784 0.381351 0.014433 0 0.963533 11438.9 11010.8 428.108 0 -31.4102 -32.1396 4 29329.9 474.346 7251 5.25928e-05
29100 0.469872 0.45194 0.0179312 0 0.961838 11485.7 11056 429.695 0 -31.4077 -30.8096 4 29429.9 475.154 7276 6.21139e-05
29200 0.456487 0.441066 0.0154215 0 0.966217 11531.6 11100.1 431.449 0 -31.4065 -31.0925 4 29529.9 475.961 7301 6.04117e-05
29300 0.435345 0.417181 0.0181636 0 0.958278 11574.9 11141.8 433.002 0 -31.4065 -31.3983 4 29629.9 476.766 7326 5.69453e-05
29400 0.444052 0.426435 0.0176174 0 0.960326 11619.3 11184.5 434.791 0 -31.4062 -31.3352 4 29729.9 477.57 7351 5.80104e-05
29500 0.402985 0.388846 0.014139 0 0.964914 11659.8 11223.4 436.387 0 -31.4092 -32.2653 4 29829.9 478.372 7376 5.27178e-05
29600 0.431514 0.414519 0.0169955 0 0.960614 11702.9 11264.8 438.098 0 -31.4109 -31.8917 4 29929.9 479.173 7401 5.60085e-05
29700 0.437171 0.423023 0.0141481 0 0.967637 11746.9 11307.1 439.729 0 -31.4106 -31.3262 4 30029.9 479.973 7426 5.69651e-05
29800 0.441422 0.425361 0.0160606 0 0.963616 11791 11349.7 441.343 0 -31.4118 -31.7147 4 30129.9 480.772 7451 5.70878e-05
29900 0.408558 0.39546 0.0130977 0 0.967942 11832 11389.2 442.792 0 -31.4148 -32.2847 4 30229.9 481.569 7476 5.28973e-05
30000 0.394091 0.38115 0.0129413 0 0.967162 11871.5 11427.3 444.133 0 -31.4186 -32.5661 4 30329.9 482.365 7501 5.08132e-05
30100 0.392506 0.381201 0.0113044 0 0.971199 11910.9 11465.4 445.405 0 -31.4219 -32.4106 4 30429.9 483.159 7526 5.06512e-05
30200 0.42056 0.409511 0.0110491 0 0.973728 11953.1 11506.4 446.711 0 -31.4253 -32.3846 4 30529.9 483.952 7551 5.42327e-05
30300 0.40483 0.392125 0.012705 0 0.968617 11993.5 11545.6 447.918 0 -31.4284 -32.3388 4 30629.9 484.744 7576 5.17589e-05
30400 0.403683 0.392762 0.0109209 0 0.972947 12034 11584.9 449.13 0 -31.4316 -32.3727 4 30729.9 485.535 7601 5.16724e-05
30500 0.42412 0.408317 0.0158031 0 0.962739 12076.2 11625.7 450.459 0 -31.4344 -32.234 4 30829.9 486.324 7626 5.35427e-05
30600 0.490705 0.474042 0.0166623 0 0.966044 12125.4 11673.1 452.281 0 -31.4339 -31.3174 4 30929.9 487.112 7651 6.19582e-05
30700 0.464087 0.448167 0.0159199 0 0.965696 12172 11717.9 454.048 0 -31.4364 -32.0887 4 31029.9 487.899 7676 5.83855e-05
30800 0.453474 0.436718 0.0167559 0 0.96305 12217.4 11761.6 455.745 0 -31.4384 -31.9657 4 31129.9 488.685 7701 5.67092e-05
30900 0.423824 0.408373 0.0154505 0 0.963545 12259.8 11802.5 457.344 0 -31.4417 -32.3997 4 31229.9 489.469 7726 5.2857e-05
31000 0.461212 0.445423 0.0157882 0 0.965768 12306 11847 459.049 0 -31.4457 -32.5154 4 31329.9 490.252 7751 5.74666e-05
31100 0.497101 0.478068 0.0190327 0 0.961713 12355.8 11894.8 460.962 0 -31.4474 -31.8568 4 31429.9 491.034 7776 6.148e-05
31200 0.485495 0.465934 0.0195606 0 0.95971 12404.3 11941.4 462.858 0 -31.4492 -31.9178 4 31529.9 491.814 7801 5.97275e-05
31300 0.492532 0.473002 0.0195299 0 0.960348 12453.4 11988.7 464.716 0 -31.452 -32.15 4 31629.9 492.594 7826 6.04399e-05
31400 0.506041 0.486825 0.0192156 0 0.962028 12503.9 12037.4 466.559 0 -31.4539 -31.9349 4 31729.9 493.372 7851 6.2008e-05
31500 0.467357 0.451131 0.0162261 0 0.965281 12550.8 12082.5 468.318 0 -31.4561 -32.0415 4 31829.9 494.149 7876 5.72793e-05
31600 0.48619 0.469445 0.0167452 0 0.965558 12599.6 12129.4 470.133 0 -31.4591 -32.2167 4 31929.9 494.924 7901 5.94159e-05
31700 0.436146 0.42234 0.0138057 0 0.968346 12643.4 12171.7 471.689 0 -31.4634 -32.7182 4 32029.9 495.699 7926 5.32854e-05
31800 0.432234 0.416727 0.0155075 0 0.964122 12686.5 12213.3 473.161 0 -31.4671 -32.541 4 32129.9 496.472 7951 5.24119e-05
31900 0.443824 0.426679 0.0171456 0 0.961368 12730.7 12256 474.734 0 -31.4694 -32.1247 4 32229.9 497.244 7976 5.34953e-05
32000 0.450117 0.434853 0.015264 0 0.966089 12775.9 12299.5 476.364 0 -31.4715 -32.0774 4 32329.9 498.015 8001 5.43499e-05
32100 0.451543 0.435482 0.0160611 0 0.964431 12820.9 12343 477.902 0 -31.4725 -31.7536 4 32429.9 498.784 8026 5.42589e-05
32200 0.43165 0.418677 0.0129733 0 0.969945 12864.2 12384.9 479.283 0 -31.4741 -31.9584 4 32529.9 499.553 8051 5.20031e-05
32300 0.417341 0.406264 0.0110771 0 0.973458 12906.1 12425.5 480.527 0 -31.4779 -32.6281 4 32629.9 500.32 8076 5.03051e-05
32400 0.443077 0.43022 0.0128562 0 0.970984 12950.3 12468.6 481.765 0 -31.4806 -32.2695 4 32729.9 501.086 8101 5.31071e-05
32500 0.439237 0.422673 0.0165636 0 0.96229 12994 12510.8 483.139 0 -31.4828 -32.1295 4 32829.9 501.851 8126 5.20149e-05
32600 0.42756 0.414875 0.0126841 0 0.970334 13036.9 12552.3 484.6 0 -31.4864 -32.5688 4 32929.9 502.615 8151 5.08987e-05
32700 0.426312 0.412405 0.0139062 0 0.96738 13079.5 12593.6 485.904 0 -31.4895 -32.4581 4 33029.9 503.377 8176 5.0441e-05
32800 0.435657 0.422815 0.0128424 0 0.970522 13123 12635.8 487.204 0 -31.4922 -32.2934 4 33129.9 504.139 8201 5.15565e-05
32900 0.474689 0.457461 0.0172279 0 0.963707 13170.3 12681.6 488.724 0 -31.4946 -32.1765 4 33229.9 504.899 8226 5.56116e-05
33000 0.483988 0.466158 0.0178305 0 0.963159 13218.6 12728.2 490.403 0 -31.496 -31.8746 4 33329.9 505.658 8251 5.64971e-05
33100 0.497774 0.481184 0.0165893 0 0.966673 13268.5 12776.3 492.141 0 -31.4969 -31.731 4 33429.9 506.416 8276 5.81421e-05
33200 0.513037 0.493561 0.0194766 0 0.962037 13319.7 12825.7 494.051 0 -31.4972 -31.5598 4 33529.9 507.173 8301 5.9458e-05
33300 0.497523 0.482031 0.0154915 0 0.968863 13369.7 12873.9 495.79 0 -31.4972 -31.5126 4 33629.9 507.929 8326 5.78947e-05
33400 0.502471 0.484932 0.0175385 0 0.965095 13420 12922.4 497.605 0 -31.4984 -31.817 4 33729.9 508.683 8351 5.80688e-05
33500 0.527148 0.507305 0.0198431 0 0.962358 13472.7 12973.1 499.583 0 -31.4984 -31.4982 4 33829.9 509.437 8376 6.05665e-05
33600 0.476337 0.461925 0.0144119 0 0.969744 13520.5 13019.3 501.256 0 -31.5011 -32.2582 4 33929.9 510.189 8401 5.49845e-05
33700 0.482266 0.464972 0.0172943 0 0.96414 13568.5 13065.8 502.758 0 -31.5032 -32.1036 4 34029.9 510.94 8426 5.5183e-05
33800 0.508485 0.489815 0.0186702 0 0.963283 13619.4 13114.8 504.605 0 -31.5052 -32.0179 4 34129.9 511.691 8451 5.79594e-05
33900 0.484419 0.468299 0.0161194 0 0.966724 13668.1 13161.6 506.482 0 -31.5067 -31.9496 4 34229.9 512.44 8476 5.52501e-05
34000 0.473652 0.456982 0.0166696 0 0.964806 13715.4 13207.3 508.116 0 -31.5098 -32.3938 4 34329.9 513.188 8501 5.37563e-05
34100 0.450659 0.433778 0.0168806 0 0.962542 13760.4 13250.7 509.759 0 -31.5129 -32.4631 4 34429.9 513.935 8526 5.08771e-05
34200 0.46993 0.453665 0.0162647 0 0.965389 13807.5 13296 511.42 0 -31.516 -32.4163 4 34529.9 514.68 8551 5.3054e-05
34300 0.487678 0.471776 0.0159014 0 0.967394 13856.5 13343.2 513.239 0 -31.5189 -32.3408 4 34629.9 515.425 8576 5.50112e-05
34400 0.505402 0.487131 0.0182703 0 0.96385 13906.9 13391.9 514.987 0 -31.5202 -31.8614 4 34729.9 516.169 8601 5.66366e-05
34500 0.498394 0.482323 0.0160707 0 0.967755 13957 13440.2 516.827 0 -31.521 -31.7505 4 34829.9 516.911 8626 5.5915e-05
34600 0.496585 0.47907 0.0175148 0 0.96473 14006.7 13488.1 518.581 0 -31.5233 -32.1813 4 34929.9 517.653 8651 5.53775e-05
34700 0.457128 0.441818 0.0153108 0 0.966507 14052.4 13532.3 520.129 0 -31.527 -32.6449 4 35029.9 518.393 8676 5.09241e-05
34800 0.45043 0.434471 0.0159592 0 0.964569 14097.3 13575.7 521.63 0 -31.5311 -32.8338 4 35129.9 519.133 8701 4.99335e-05
34900 0.481267 0.465993 0.0152733 0 0.968264 14145.7 13622.3 523.351 0 -31.5352 -32.7295 4 35229.9 519.871 8726 5.34029e-05
35000 0.513404 0.493989 0.0194157 0 0.962183 14196.8 13671.7 525.131 0 -31.5366 -31.9047 4 35329.9 520.608 8751 5.64494e-05
35100 0.510182 0.49187 0.0183127 0 0.964106 14248 13720.9 527.08 0 -31.5397 -32.4005 4 35429.9 521.345 8776 5.60471e-05
35200 0.484077 0.470397 0.0136799 0 0.97174 14296.7 13767.9 528.76 0 -31.5442 -32.8777 4 35529.9 522.08 8801 5.34481e-05
35300 0.451763 0.43904 0.0127228 0 0.971838 14341.9 13811.8 530.065 0 -31.5482 -32.7926 4 35629.9 522.814 8826 4.9744e-05
35400 0.451895 0.438724 0.0131716 0 0.970853 14387.1 13855.7 531.382 0 -31.5512 -32.5304 4 35729.9 523.547 8851 4.95677e-05
35500 0.448789 0.437043 0.0117468 0 0.973825 14432.1 13899.4 532.67 0 -31.5551 -32.7928 4 35829.9 524.279 8876 4.92387e-05
35600 0.432222 0.419055 0.0131672 0 0.969536 14475.2 13941.3 533.898 0 -31.5589 -32.8172 4 35929.9 525.01 8901 4.70795e-05
35700 0.419151 0.407255 0.0118959 0 0.971619 14517.1 13982 535.086 0 -31.5637 -33.2355 4 36029.9 525.741 8926 4.56257e-05
35800 0.45514 0.441709 0.013431 0 0.970491 14562.5 14026.2 536.338 0 -31.568 -32.9401 4 36129.9 526.47 8951 4.93475e-05
35900 0.455928 0.443583 0.0123453 0 0.972923 14608.3 14070.6 537.714 0 -31.5726 -33.031 4 36229.9 527.198 8976 4.94187e-05
36000 0.422661 0.411047 0.011614 0 0.972522 14650.6 14111.7 538.904 0 -31.5771 -33.1381 4 36329.9 527.925 9001 4.56668e-05
36100 0.427991 0.415071 0.0129192 0 0.969814 14693.3 14153.2 540.164 0 -31.5806 -32.7875 4 36429.9 528.651 9026 4.59862e-05
36200 0.422363 0.41084 0.011523 0 0.972718 14735.7 14194.3 541.396 0 -31.5863 -33.5494 4 36529.9 529.376 9051 4.53917e-05
36300 0.42494 0.411746 0.0131942 0 0.96895 14778.2 14235.4 542.738 0 -31.5919 -33.5225 4 36629.9 530.1 9076 4.53665e-05
36400 0.402456 0.39105 0.0114055 0 0.97166 14818.6 14274.5 544.027 0 -31.5977 -33.722 4 36729.9 530.823 9101 4.29678e-05
36500 0.376756 0.366516 0.0102401 0 0.97282 14856.2 14311.2 545.012 0 -31.6035 -33.911 4 36829.9 531.545 9126 4.01617e-05
36600 0.382264 0.372625 0.00963938 0 0.974783 14894.5 14348.5 546.049 0 -31.6093 -33.8538 4 36929.9 532.266 9151 4.07196e-05
36700 0.400403 0.390356 0.0100471 0 0.974908 14934.5 14387.5 547.049 0 -31.6142 -33.4466 4 37029.9 532.987 9176 4.2541e-05
36800 0.462312 0.447038 0.0152745 0 0.966961 14980.5 14432.2 548.333 0 -31.6159 -32.169 4 37129.9 533.706 9201 4.85858e-05
36900 0.535949 0.515531 0.0204182 0 0.961903 15034 14483.7 550.222 0 -31.6171 -31.9473 4 37229.9 534.424 9226 5.58781e-05
37000 0.474269 0.457107 0.0171616 0 0.963815 15081.5 14529.5 552.044 0 -31.6195 -32.3728 4 37329.9 535.141 9251 4.94117e-05
37100 0.496805 0.478482 0.018323 0 0.963118 15131.3 14577.3 553.983 0 -31.6208 -32.0154 4 37429.9 535.857 9276 5.15828e-05
37200 0.48294 0.464199 0.0187415 0 0.961193 15179.6 14623.7 555.827 0 -31.622 -31.9837 4 37529.9 536.573 9301 4.99085e-05
37300 0.468974 0.451833 0.0171404 0 0.963451 15226.5 14668.9 557.639 0 -31.6241 -32.3289 4 37629.9 537.287 9326 4.84488e-05
37400 0.4397 0.42527 0.0144305 0 0.967181 15270.7 14711.4 559.249 0 -31.6273 -32.7344 4 37729.9 538.001 9351 4.54786e-05
37500 0.416785 0.403274 0.0135116 0 0.967581 15312.5 14751.8 560.723 0 -31.631 -32.9507 4 37829.9 538.713 9376 4.30113e-05
37600 0.467087 0.4491 0.017987 0 0.961491 15359.1 14796.7 562.45 0 -31.6334 -32.45 4 37929.9 539.425 9401 4.77715e-05
37700 0.490178 0.474408 0.0157693 0 0.967829 15408.4 14844.1 564.323 0 -31.6343 -31.9049 4 38029.9 540.135 9426 5.03298e-05
37800 0.435958 0.421944 0.0140133 0 0.967856 15452.2 14886.3 565.886 0 -31.6371 -32.6197 4 38129.9 540.845 9451 4.46455e-05
37900 0.430977 0.417919 0.0130587 0 0.9697 15495.4 14928.1 567.254 0 -31.6406 -32.9037 4 38229.9 541.554 9476 4.41028e-05
38000 0.452307 0.438277 0.0140296 0 0.968982 15540.6 14971.9 568.623 0 -31.6431 -32.4764 4 38329.9 542.262 9501 4.61296e-05
38100 0.429394 0.417488 0.0119062 0 0.972272 15583.7 15013.7 569.98 0 -31.6466 -32.9149 4 38429.9 542.968 9526 4.38262e-05
38200 0.419152 0.405046 0.0141057 0 0.966347 15625.3 15054.2 571.156 0 -31.65 -32.9192 4 38529.9 543.674 9551 4.24088e-05
38300 0.422524 0.412404 0.0101194 0 0.97605 15667.8 15095.4 572.393 0 -31.6551 -33.5255 4 38629.9 544.379 9576 4.30664e-05
38400 0.402649 0.391327 0.011322 0 0.971881 15708.1 15134.6 573.501 0 -31.6589 -33.1576 4 38729.9 545.084 9601 4.07589e-05
38500 0.411504 0.400325 0.0111783 0 0.972836 15749.2 15174.6 574.648 0 -31.6621 -32.8949 4 38829.9 545.787 9626 4.15879e-05
38600 0.402432 0.392224 0.0102078 0 0.974635 15789.6 15213.8 575.77 0 -31.6658 -33.0865 4 38929.9 546.489 9651 4.06408e-05
38700 0.458404 0.444212 0.0141921 0 0.96904 15835.4 15258.2 577.162 0 -31.6666 -31.9585 4 39029.9 547.191 9676 4.59086e-05
38800 0.409697 0.399222 0.0104757 0 0.974431 15876.6 15298.2 578.447 0 -31.6696 -32.8264 4 39129.9 547.891 9701 4.11526e-05
38900 0.406417 0.395953 0.0104638 0 0.974253 15917.3 15337.7 579.555 0 -31.6733 -33.1181 4 39229.9 548.591 9726 4.07108e-05
39000 0.413465 0.399702 0.0137637 0 0.966711 15958.4 15377.7 580.707 0 -31.6764 -32.8747 4 39329.9 549.29 9751 4.09908e-05
39100 0.418106 0.405781 0.0123255 0 0.970521 16000.4 15418.3 582.056 0 -31.6797 -32.9414 4 39429.9 549.987 9776 4.15079e-05
39200 0.483384 0.466068 0.0173167 0 0.964176 16048.5 15464.9 583.593 0 -31.6801 -31.8017 4 39529.9 550.684 9801 4.75531e-05
39300 0.457408 0.442671 0.0147368 0 0.967782 16094.5 15509.2 585.292 0 -31.6811 -32.026 4 39629.9 551.381 9826 4.5051e-05
39400 0.423852 0.408402 0.0154501 0 0.963548 16136.7 15550 586.701 0 -31.683 -32.411 4 39729.9 552.076 9851 4.14579e-05
39500 0.446684 0.430357 0.0163272 0 0.963448 16181.4 15593 588.323 0 -31.685 -32.3964 4 39829.9 552.77 9876 4.3576e-05
39600 0.443907 0.429045 0.014862 0 0.96652 16225.9 15636 589.977 0 -31.687 -32.4121 4 39929.9 553.464 9901 4.33335e-05
39700 0.448469 0.434177 0.0142918 0 0.968132 16270.9 15679.4 591.552 0 -31.6903 -32.8889 4 40029.9 554.156 9926 4.37414e-05
39800 0.485392 0.466534 0.0188585 0 0.961148 16319.2 15726 593.174 0 -31.6922 -32.3318 4 40129.9 554.848 9951 4.68831e-05
39900 0.452937 0.438796 0.0141417 0 0.968778 16364.7 15769.9 594.753 0 -31.6947 -32.6008 4 40229.9 555.539 9976 4.39851e-05
40000 0.43397 0.421464 0.0125058 0 0.971183 16408.2 15812 596.135 0 -31.6979 -32.8736 4 40329.9 556.229 10001 4.21422e-05
40100 0.390452 0.381357 0.00909454 0 0.976708 16447.4 15850.2 597.226 0 -31.7018 -33.3654 4 40429.9 556.918 10026 3.80368e-05
40200 0.395615 0.382725 0.0128897 0 0.967419 16486.6 15888.5 598.118 0 -31.7048 -32.9578 4 40529.9 557.606 10051 3.80783e-05
40300 0.479614 0.466214 0.0133994 0 0.972062 16534.5 15935.1 599.376 0 -31.705 -31.785 4 40629.9 558.294 10076 4.62698e-05
40400 0.450021 0.438666 0.0113545 0 0.974769 16579.6 15978.9 600.696 0 -31.7072 -32.492 4 40729.9 558.98 10101 4.3428e-05
40500 0.443096 0.429475 0.0136216 0 0.969258 16623.9 16021.9 602.005 0 -31.7091 -32.4247 4 40829.9 559.666 10126 4.24131e-05
40600 0.439973 0.42625 0.0137229 0 0.96881 16667.9 16064.5 603.403 0 -31.711 -32.4099 4 40929.9 560.351 10151 4.1991e-05
40700 0.47191 0.458236 0.013674 0 0.971024 16715.1 16110.3 604.798 0 -31.7124 -32.232 4 41029.9 561.035 10176 4.50311e-05
40800 0.478324 0.465044 0.0132807 0 0.972235 16763.1 16156.8 606.267 0 -31.7138 -32.1871 4 41129.9 561.719 10201 4.5588e-05
40900 0.438302 0.4261 0.0122022 0 0.97216 16807.2 16199.5 607.734 0 -31.7155 -32.3609 4 41229.9 562.401 10226 4.16682e-05
41000 0.402696 0.392124 0.0105724 0 0.973746 16847.6 16238.7 608.886 0 -31.7187 -33.0804 4 41329.9 563.083 10251 3.82523e-05
41100 0.404288 0.393581 0.0107069 0 0.973517 16888.1 16278 610.048 0 -31.7228 -33.4211 4 41429.9 563.763 10276 3.8301e-05
41200 0.446361 0.433968 0.0123937 0 0.972234 16932.7 16321.4 611.276 0 -31.7253 -32.6707 4 41529.9 564.443 10301 4.21287e-05
41300 0.422821 0.410466 0.0123547 0 0.97078 16975 16362.5 612.48 0 -31.7276 -32.6274 4 41629.9 565.123 10326 3.97507e-05
41400 0.417062 0.40589 0.0111721 0 0.973212 17016.7 16403.1 613.647 0 -31.7304 -32.8813 4 41729.9 565.801 10351 3.92126e-05
41500 0.451932 0.438734 0.0131987 0 0.970795 17061.9 16446.9 614.944 0 -31.7325 -32.5268 4 41829.9 566.478 10376 4.22835e-05
41600 0.430399 0.417555 0.0128437 0 0.970159 17104.9 16488.7 616.203 0 -31.7352 -32.7889 4 41929.9 567.155 10401 4.01457e-05
41700 0.484252 0.469142 0.0151099 0 0.968797 17153.3 16535.6 617.703 0 -31.7351 -31.7063 4 42029.9 567.831 10426 4.49973e-05
41800 0.45644 0.441888 0.0145524 0 0.968118 17199 16579.8 619.182 0 -31.7366 -32.3072 4 42129.9 568.506 10451 4.22819e-05
41900 0.470701 0.453056 0.0176446 0 0.962514 17245.8 16625.1 620.69 0 -31.7375 -32.0754 4 42229.9 569.18 10476 4.3247e-05
42000 0.463129 0.446548 0.0165809 0 0.964198 17292.1 16669.8 622.303 0 -31.7391 -32.3083 4 42329.9 569.854 10501 4.25243e-05
42100 0.527171 0.511704 0.0154669 0 0.970661 17345.1 16720.9 624.146 0 -31.7407 -32.2918 4 42429.9 570.527 10526 4.86133e-05
42200 0.460576 0.444294 0.0162819 0 0.964649 17391.1 16765.4 625.799 0 -31.7427 -32.4918 4 42529.9 571.199 10551 4.21092e-05
42300 0.457351 0.442489 0.0148615 0 0.967505 17437 16809.6 627.369 0 -31.7452 -32.6771 4 42629.9 571.87 10576 4.1839e-05
42400 0.442918 0.429595 0.0133233 0 0.969919 17481.4 16852.6 628.83 0 -31.7479 -32.8221 4 42729.9 572.54 10601 4.0524e-05
42500 0.429286 0.417272 0.0120139 0 0.972014 17524.5 16894.3 630.176 0 -31.751 -32.9906 4 42829.9 573.21 10626 3.9269e-05
42600 0.41546 0.404222 0.0112377 0 0.972951 17566.1 16934.7 631.407 0 -31.7541 -33.0828 4 42929.9 573.878 10651 3.79515e-05
42700 0.397375 0.38603 0.0113458 0 0.971448 17605.9 16973.3 632.563 0 -31.7568 -32.9411 4 43029.9 574.546 10676 3.61586e-05
42800 0.413883 0.401768 0.0121151 0 0.970728 17647.3 17013.5 633.802 0 -31.7596 -32.9237 4 43129.9 575.214 10701 3.75449e-05
42900 0.399639 0.388856 0.0107832 0 0.973018 17687.4 17052.4 634.99 0 -31.7628 -33.2072 4 43229.9 575.88 10726 3.62536e-05
43000 0.413678 0.401001 0.0126768 0 0.969356 17728.7 17092.5 636.195 0 -31.7656 -32.9629 4 43329.9 576.546 10751 3.7299e-05
43100 0.444482 0.433352 0.01113 0 0.97496 17773.4 17135.8 637.542 0 -31.7686 -32.952 4 43429.9 577.211 10776 4.02145e-05
43200 0.447187 0.436069 0.0111184 0 0.975137 17818.2 17179.4 638.745 0 -31.7714 -32.8802 4 43529.9 577.875 10801 4.0373e-05
43300 0.453172 0.437316 0.0158563 0 0.96501 17863.3 17223.1 640.167 0 -31.7731 -32.4401 4 43629.9 578.538 10826 4.03949e-05
43400 0.472435 0.451961 0.0204747 0 0.956661 17910 17268.3 641.64 0 -31.7749 -32.4718 4 43729.9 579.201 10851 4.16515e-05
43500 0.474935 0.458539 0.0163953 0 0.965479 17957.5 17314.2 643.292 0 -31.7765 -32.3515 4 43829.9 579.863 10876 4.21607e-05
43600 0.507919 0.488814 0.0191046 0 0.962386 18008.1 17363.1 644.993 0 -31.7786 -32.5303 4 43929.9 580.524 10901 4.48412e-05
43700 0.474891 0.458265 0.0166267 0 0.964988 18055.6 17408.9 646.648 0 -31.7819 -33.0432 4 44029.9 581.184 10926 4.19426e-05
43800 0.486706 0.470451 0.0162547 0 0.966603 18104.2 17456 648.281 0 -31.7846 -32.8013 4 44129.9 581.844 10951 4.29596e-05
43900 0.487233 0.471435 0.0157984 0 0.967575 18153 17503.1 649.909 0 -31.7872 -32.7303 4 44229.9 582.503 10976 4.29514e-05
44000 0.530892 0.511274 0.0196189 0 0.963045 18205.9 17554.2 651.654 0 -31.7894 -32.5647 4 44329.9 583.161 11001 4.64752e-05
44100 0.52695 0.512805 0.0141451 0 0.973157 18258.9 17605.5 653.351 0 -31.7919 -32.6271 4 44429.9 583.818 11026 4.65087e-05
44200 0.500411 0.485188 0.0152228 0 0.969579 18308.9 17654 654.891 0 -31.7941 -32.5984 4 44529.9 584.475 11051 4.39044e-05
44300 0.488556 0.474705 0.0138516 0 0.971648 18357.9 17701.5 656.363 0 -31.7974 -33.0339 4 44629.9 585.131 11076 4.28589e-05
44400 0.48537 0.470362 0.015008 0 0.969079 18406.4 17748.5 657.847 0 -31.8008 -33.1106 4 44729.9 585.786 11101 4.23711e-05
44500 0.443923 0.431823 0.0121001 0 0.972743 18450.8 17791.7 659.138 0 -31.8047 -33.3905 4 44829.9 586.44 11126 3.88121e-05
44600 0.44626 0.433927 0.0123337 0 0.972362 18495.4 17835.1 660.343 0 -31.8088 -33.5149 4 44929.9 587.094 11151 3.89137e-05
44700 0.460018 0.445661 0.0143572 0 0.96879 18541.5 17879.7 661.802 0 -31.8114 -32.865 4 45029.9 587.747 11176 3.98766e-05
44800 0.450148 0.437356 0.0127916 0 0.971584 18586.6 17923.4 663.229 0 -31.8154 -33.4323 4 45129.9 588.399 11201 3.90462e-05
44900 0.444667 0.431337 0.0133302 0 0.970022 18631.1 17966.5 664.542 0 -31.8181 -32.9478 4 45229.9 589.051 11226 3.8423e-05
45000 0.477024 0.461148 0.0158757 0 0.966719 18678.8 18012.7 666.156 0 -31.8201 -32.6331 4 45329.9 589.702 11251 4.09873e-05
45100 0.440957 0.426236 0.014721 0 0.966616 18722.8 18055.3 667.496 0 -31.8225 -32.8463 4 45429.9 590.352 11276 3.78003e-05
45200 0.467974 0.45381 0.0141643 0 0.969733 18769.6 18100.7 668.974 0 -31.8246 -32.6335 4 45529.9 591.001 11301 4.01566e-05
45300 0.435111 0.422078 0.0130334 0 0.970046 18813.1 18142.9 670.212 0 -31.828 -33.3099 4 45629.9 591.65 11326 3.72663e-05
45400 0.496203 0.480451 0.0157519 0 0.968255 18862.6 18190.9 671.72 0 -31.8301 -32.6336 4 45729.9 592.298 11351 4.23267e-05
45500 0.485862 0.46936 0.016502 0 0.966036 18911.3 18237.8 673.49 0 -31.8323 -32.6681 4 45829.9 592.945 11376 4.12588e-05
45600 0.435894 0.422755 0.0131393 0 0.969857 18955.1 18280.1 674.967 0 -31.8353 -33.1429 4 45929.9 593.592 11401 3.70805e-05
45700 0.480365 0.463405 0.0169607 0 0.964692 19003 18326.5 676.503 0 -31.8364 -32.2674 4 46029.9 594.237 11426 4.0557e-05
45800 0.495871 0.480755 0.0151162 0 0.969516 19052.7 18374.5 678.121 0 -31.8385 -32.6622 4 46129.9 594.883 11451 4.19837e-05
45900 0.460885 0.446152 0.0147325 0 0.968034 19098.6 18419.2 679.466 0 -31.8414 -33.0225 4 46229.9 595.527 11476 3.8877e-05
46000 0.49279 0.476294 0.0164968 0 0.966524 19147.8 18466.8 680.988 0 -31.844 -32.8746 4 46329.9 596.171 11501 4.14132e-05
46100 0.542312 0.523957 0.0183549 0 0.966154 19202 18519.2 682.787 0 -31.8453 -32.2829 4 46429.9 596.814 11526 4.54587e-05
46200 0.541069 0.523296 0.017773 0 0.967152 19256.2 18571.5 684.686 0 -31.8463 -32.2062 4 46529.9 597.456 11551 4.53031e-05
46300 0.501943 0.48685 0.0150925 0 0.969932 19306.6 18620.2 686.417 0 -31.8485 -32.681 4 46629.9 598.098 11576 4.20568e-05
46400 0.506428 0.489763 0.016665 0 0.967093 19357.2 18669.2 688.017 0 -31.8496 -32.2891 4 46729.9 598.739 11601 4.22173e-05
46500 0.518344 0.498121 0.0202232 0 0.960985 19408.7 18719 689.766 0 -31.8496 -31.8226 4 46829.9 599.379 11626 4.28454e-05
46600 0.501329 0.484722 0.0166061 0 0.966876 19459.1 18767.5 691.63 0 -31.8517 -32.6592 4 46929.9 600.019 11651 4.16035e-05
46700 0.466612 0.450275 0.0163368 0 0.964988 19505.7 18812.5 693.235 0 -31.8533 -32.5416 4 47029.9 600.658 11676 3.85641e-05
46800 0.486986 0.472127 0.0148594 0 0.969487 19554.5 18859.7 694.772 0 -31.8549 -32.4947 4 47129.9 601.296 11701 4.03492e-05
46900 0.503045 0.484298 0.018747 0 0.962733 19604.6 18908.1 696.49 0 -31.8558 -32.2121 4 47229.9 601.933 11726 4.13012e-05
47000 0.50573 0.489193 0.0165369 0 0.967301 19655.5 18957 698.437 0 -31.8576 -32.5414 4 47329.9 602.57 11751 4.16299e-05
47100 0.525327 0.506731 0.0185962 0 0.964601 19708.1 19007.7 700.348 0 -31.8588 -32.3256 4 47429.9 603.207 11776 4.30308e-05
47200 0.547705 0.527633 0.020072 0 0.963352 19762.9 19060.5 702.397 0 -31.8597 -32.1779 4 47529.9 603.842 11801 4.47108e-05
47300 0.526041 0.508371 0.0176706 0 0.966408 19815.7 19111.3 704.356 0 -31.8619 -32.6783 4 47629.9 604.477 11826 4.29875e-05
47400 0.493924 0.477853 0.016071 0 0.967463 19865.1 19159.1 706.04 0 -31.8641 -32.7442 4 47729.9 605.111 11851 4.03218e-05
47500 0.491131 0.475574 0.0155572 0 0.968324 19914.3 19206.7 707.63 0 -31.8661 -32.686 4 47829.9 605.745 11876 4.0045e-05
47600 0.482519 0.469888 0.0126313 0 0.973822 19962.8 19253.6 709.194 0 -31.8683 -32.7396 4 47929.9 606.378 11901 3.94831e-05
47700 0.436737 0.424727 0.0120103 0 0.9725 20006.6 19296.1 710.454 0 -31.8713 -33.2634 4 48029.9 607.01 11926 3.56135e-05
47800 0.493849 0.478347 0.015502 0 0.96861 20055.9 19344 711.972 0 -31.8722 -32.2256 4 48129.9 607.642 11951 4.00257e-05
47900 0.528595 0.513581 0.0150146 0 0.971595 20108.8 19395.3 713.508 0 -31.8727 -32.0574 4 48229.9 608.272 11976 4.28842e-05
48000 0.504376 0.487842 0.0165338 0 0.967219 20159.2 19444.1 715.077 0 -31.8739 -32.3814 4 48329.9 608.903 12001 4.06501e-05
48100 0.520346 0.50214 0.0182059 0 0.965012 20211.2 19494.3 716.869 0 -31.8754 -32.4278 4 48429.9 609.532 12026 4.17545e-05
48200 0.518435 0.49523 0.0232055 0 0.955239 20262.6 19543.8 718.813 0 -31.8767 -32.4227 4 48529.9 610.161 12051 4.10945e-05
48300 0.561436 0.538856 0.02258 0 0.959782 20318.8 19597.7 721.103 0 -31.8789 -32.6399 4 48629.9 610.79 12076 4.46221e-05
48400 0.526686 0.50682 0.019866 0 0.962281 20371.7 19648.4 723.265 0 -31.8801 -32.3591 4 48729.9 611.417 12101 4.18825e-05
48500 0.507587 0.488856 0.0187311 0 0.963098 20422.5 19697.3 725.226 0 -31.8821 -32.6872 4 48829.9 612.044 12126 4.03147e-05
48600 0.51547 0.496217 0.0192531 0 0.962649 20474.1 19746.9 727.154 0 -31.8849 -32.9928 4 48929.9 612.671 12151 4.08376e-05
48700 0.489799 0.473729 0.0160706 0 0.96719 20523.2 19794.3 728.916 0 -31.8878 -33.0913 4 49029.9 613.297 12176 3.89068e-05
48800 0.468504 0.455557 0.0129464 0 0.972367 20570.3 19839.8 730.437 0 -31.8914 -33.4712 4 49129.9 613.922 12201 3.73377e-05
48900 0.465686 0.451624 0.0140618 0 0.969804 20616.7 19885 731.73 0 -31.8944 -33.2026 4 49229.9 614.546 12226 3.69397e-05
49000 0.452487 0.442183 0.0103043 0 0.977227 20662.2 19929.2 732.979 0 -31.8977 -33.3842 4 49329.9 615.17 12251 3.60936e-05
49100 0.49147 0.479253 0.0122175 0 0.975141 20711.4 19977.1 734.293 0 -31.9 -32.8642 4 49429.9 615.793 12276 3.90398e-05
49200 0.455109 0.442567 0.0125428 0 0.97244 20757 20021.4 735.582 0 -31.9029 -33.2365 4 49529.9 616.416 12301 3.59781e-05
49300 0.471549 0.458675 0.012874 0 0.972699 20804.2 20067.3 736.98 0 -31.9062 -33.3514 4 49629.9 617.038 12326 3.7212e-05
49400 0.461006 0.447376 0.0136301 0 0.970434 20850.3 20112 738.294 0 -31.9089 -33.1291 4 49729.9 617.659 12351 3.62219e-05
49500 0.446848 0.434833 0.0120148 0 0.973112 20895.1 20155.5 739.613 0 -31.9116 -33.1926 4 49829.9 618.28 12376 3.51352e-05
49600 0.471581 0.45538 0.0162007 0 0.965646 20942 20201 740.961 0 -31.9135 -32.7609 4 49929.9 618.9 12401 3.67213e-05
49700 0.459303 0.445192 0.0141112 0 0.969277 20988 20245.5 742.423 0 -31.9158 -32.9269 4 50029.9 619.519 12426 3.58275e-05
49800 0.449565 0.436673 0.012892 0 0.971323 21033.1 20289.2 743.902 0 -31.9177 -32.8462 4 50129.9 620.138 12451 3.50713e-05
49900 0.416213 0.405097 0.0111154 0 0.973294 21074.8 20329.7 745.117 0 -31.9211 -33.6147 4 50229.9 620.756 12476 3.24701e-05
50000 0.428969 0.417176 0.0117936 0 0.972507 21117.8 20371.4 746.334 0 -31.9241 -33.3682 4 50329.9 621.374 12501 3.33714e-05
