100 0.014152 0.0127697 0.00138229 0 0.902326 1.40264 1.27697 0.125668 0 -28.9717 -28.9717 64 453.882 59.0081 2 0.00638487
200 0.00847842 0.00760109 0.000877327 0 0.896522 2.26628 2.03708 0.229192 0 -28.9785 -28.9894 64 581.882 66.8124 4 0.00190027
300 0.0212738 0.0200203 0.00125355 0 0.941076 4.40218 4.03911 0.36307 0 -26.331 -23.5219 64 645.882 70.3909 5 0.00400405
400 0.0180061 0.0167909 0.00121521 0 0.932511 6.21265 5.7182 0.494449 0 -25.9859 -25.1469 64 773.882 77.0508 7 0.0023987
500 0.0122795 0.011352 0.000927528 0 0.924465 7.44087 6.8534 0.587473 0 -25.9167 -25.5664 64 837.882 80.1736 8 0.001419
600 0.0127093 0.0120075 0.000701737 0 0.944785 8.73041 8.05415 0.676258 0 -26.0287 -26.6748 64 965.882 86.08 10 0.00120075
700 0.00930262 0.00871901 0.000583611 0 0.937264 9.66796 8.92605 0.741903 0 -26.0737 -26.4932 64 1029.88 88.8861 11 0.000792637
800 0.0198969 0.0183968 0.0015001 0 0.924606 11.5952 10.7657 0.82948 0 -25.8928 -24.9856 64 1157.88 94.248 13 0.00141514
900 0.0229069 0.0215426 0.00136422 0 0.940445 13.893 12.92 0.973004 0 -25.8449 -25.6028 64 1285.88 99.3209 15 0.00143618
1000 0.0248638 0.0233426 0.00152119 0 0.938819 16.3913 15.2543 1.13704 0 -26.2814 -28.7088 64 1349.88 101.763 16 0.00145891
1100 0.0248096 0.0236214 0.00118823 0 0.952106 18.9333 17.6164 1.3169 0 -26.7917 -30.0822 64 1477.88 106.478 18 0.0013123
1200 0.0172734 0.0162148 0.00105856 0 0.938717 20.667 19.2379 1.42908 0 -27.0165 -29.4723 64 1541.88 108.759 19 0.000853411
1300 0.032263 0.0300067 0.00225624 0 0.930067 23.8539 22.2386 1.61534 0 -27.3691 -29.6553 64 1669.88 113.183 21 0.00142889
1400 0.0258464 0.0244762 0.00137018 0 0.946987 26.4952 24.6862 1.80903 0 -27.6634 -30.3219 64 1733.88 115.332 22 0.00111255
1500 0.0197471 0.0184221 0.00132496 0 0.932904 28.4629 26.5284 1.93452 0 -27.846 -30.3047 64 1861.88 119.513 24 0.000767589
1600 0.0172267 0.0164407 0.000786028 0 0.954372 30.212 28.1725 2.0395 0 -28.0289 -31.0038 64 1989.88 123.553 26 0.000632334
1700 0.0226547 0.0221292 0.000525483 0 0.976805 32.5295 30.3854 2.1441 0 -28.1333 -29.4947 64 2053.88 125.524 27 0.000819601
1800 0.0161783 0.0156445 0.000533773 0 0.967007 34.1431 31.9498 2.1933 0 -28.2267 -30.109 64 2181.88 129.377 29 0.000539465
1900 0.0132827 0.013021 0.000261684 0 0.980299 35.4845 33.2519 2.2326 0 -28.3521 -31.5461 64 2245.88 131.26 30 0.000434035
2000 0.0231241 0.022239 0.000885092 0 0.961724 37.8017 35.4758 2.32591 0 -28.2587 -26.8283 64 2373.88 134.949 32 0.000694968
2100 0.0165408 0.01591 0.00063075 0 0.961867 39.4589 37.0668 2.39205 0 -28.2669 -28.4541 64 2437.88 136.756 33 0.000482122
2200 0.0186864 0.0175336 0.0011528 0 0.938308 41.3056 38.8202 2.48538 0 -28.3105 -29.2424 64 2565.88 140.3 35 0.00050096
2300 0.0157358 0.0151589 0.00057685 0 0.963341 42.8994 40.3361 2.56331 0 -28.4037 -30.8172 64 2629.88 142.039 36 0.000421081
2400 0.0189902 0.0182462 0.000744034 0 0.96082 44.7989 42.1607 2.63823 0 -28.4873 -30.3767 64 2757.88 145.455 38 0.000480162
2500 0.0190303 0.0180414 0.00098892 0 0.948034 46.6915 43.9648 2.72664 0 -28.5253 -29.4236 64 2885.88 148.792 40 0.000451034
2600 0.0282557 0.0265492 0.00170653 0 0.939604 49.46 46.6198 2.8402 0 -28.3847 -26.0143 64 2949.88 150.433 41 0.000647542
2700 0.0361899 0.033737 0.00245292 0 0.932221 53.0924 49.9935 3.09894 0 -28.2897 -26.9954 64 3077.88 153.662 43 0.000784581
2800 0.0257679 0.0239876 0.00178023 0 0.930913 55.6795 52.3922 3.28733 0 -28.2512 -27.4623 64 3141.88 155.251 44 0.000545174
2900 0.0305087 0.0277229 0.0027858 0 0.908688 58.6399 55.1645 3.47534 0 -28.1763 -26.7661 64 3269.88 158.382 46 0.000602672
3000 0.0403033 0.0370735 0.00322976 0 0.919864 62.6866 58.8719 3.81472 0 -28.1333 -27.51 64 3333.88 159.925 47 0.000788798
3100 0.0371462 0.0343921 0.00275412 0 0.925857 66.4441 62.3111 4.13299 0 -28.1661 -28.7137 64 3461.88 162.966 49 0.000701879
3200 0.0428775 0.0403537 0.00252377 0 0.94114 70.7773 66.3464 4.43088 0 -28.1963 -28.659 64 3589.88 165.951 51 0.000791249
3300 0.0305519 0.0295339 0.00101799 0 0.96668 73.9257 69.2998 4.62591 0 -28.2713 -29.9583 64 3653.88 167.424 52 0.000567959
3400 0.0248073 0.024299 0.000508229 0 0.979513 76.4292 71.7297 4.69946 0 -28.3478 -30.6081 64 3781.88 170.331 54 0.000449982
3500 0.0277874 0.0271366 0.00065077 0 0.97658 79.2032 74.4434 4.75977 0 -28.4606 -31.5661 64 3845.88 171.766 55 0.000493394
3600 0.0472084 0.0446259 0.00258252 0 0.945295 83.9189 78.906 5.01289 0 -28.5908 -30.7785 64 3973.88 174.601 57 0.00078291
3700 0.0421617 0.0395659 0.00259584 0 0.938431 88.1398 82.8626 5.27721 0 -28.6849 -30.555 64 4037.88 176.002 58 0.00068217
3800 0.0337144 0.0321669 0.00154748 0 0.9541 91.5418 86.0793 5.46252 0 -28.7822 -31.304 64 4165.88 178.77 60 0.000536116
3900 0.0270486 0.0264327 0.000615927 0 0.977229 94.2886 88.7225 5.56603 0 -28.8834 -32.2567 64 4229.88 180.138 61 0.000433323
4000 0.0240668 0.0238324 0.000234408 0 0.99026 96.7307 91.1058 5.62497 0 -28.9889 -33.0596 64 4357.88 182.843 63 0.000378291
4100 0.0286518 0.0273481 0.00130371 0 0.954498 99.5591 93.8406 5.71848 0 -29.0186 -30.0371 64 4485.88 185.509 65 0.00042074
4200 0.0241643 0.0235001 0.000664255 0 0.972511 101.996 96.1906 5.80535 0 -29.0724 -31.2688 64 4549.88 186.827 66 0.000356062
4300 0.0209111 0.0204337 0.000477396 0 0.97717 104.095 98.234 5.86095 0 -29.1253 -31.6967 64 4677.88 189.437 68 0.000300495
4400 0.0179167 0.0176526 0.000264146 0 0.985257 105.902 99.9992 5.90287 0 -29.1861 -32.6859 64 4741.88 190.728 69 0.000255834
4500 0.0162575 0.0161616 9.58483e-05 0 0.994104 107.532 101.615 5.91698 0 -29.2492 -33.3469 64 4869.88 193.285 71 0.000227628
4600 0.0160823 0.0159868 9.55e-05 0 0.994062 109.143 103.214 5.92883 0 -29.3142 -33.66 64 4933.88 194.551 72 0.000222039
4700 0.0239233 0.0229835 0.000939748 0 0.960718 111.479 105.512 5.96649 0 -29.3221 -29.6909 64 5061.88 197.059 74 0.000310588
4800 0.0222242 0.0218861 0.000338039 0 0.98479 113.731 107.701 6.03032 0 -29.3433 -30.3929 64 5189.88 199.535 76 0.000287975
4900 0.0211676 0.0206838 0.00048382 0 0.977143 115.852 109.769 6.08303 0 -29.3605 -30.2779 64 5253.88 200.761 77 0.000268621
5000 0.02381 0.0229967 0.000813321 0 0.965841 118.213 112.069 6.14429 0 -29.3891 -30.7965 64 5381.88 203.192 79 0.000291097
5100 0.027599 0.0266189 0.000980087 0 0.964488 120.955 114.731 6.22403 0 -29.4066 -30.1588 64 5445.88 204.397 80 0.000332737
5200 0.0227803 0.0221178 0.000662574 0 0.970915 123.242 116.943 6.29923 0 -29.4293 -30.6284 64 5573.88 206.785 82 0.000269729
5300 0.018925 0.018405 0.000520021 0 0.972522 125.144 118.783 6.36108 0 -29.4583 -31.3379 64 5637.88 207.969 83 0.000221747
5400 0.0190589 0.0184678 0.000591151 0 0.968983 127.048 120.63 6.41813 0 -29.479 -30.8441 64 5765.88 210.316 85 0.000217268
5500 0.0166941 0.0163269 0.000367142 0 0.978008 128.727 122.263 6.46476 0 -29.505 -31.4717 64 5829.88 211.48 86 0.000189848
5600 0.0163339 0.015916 0.000417901 0 0.974415 130.36 123.854 6.5061 0 -29.5324 -31.6935 64 5957.88 213.789 88 0.000180864
5700 0.015052 0.0146942 0.000357781 0 0.97623 131.86 125.324 6.53636 0 -29.5592 -31.8846 64 6085.88 216.074 90 0.000163269
5800 0.0146821 0.0143519 0.000330163 0 0.977513 133.328 126.759 6.56933 0 -29.5804 -31.4839 64 6149.88 217.207 91 0.000157714
5900 0.0170458 0.0165285 0.000517303 0 0.969652 135.028 128.412 6.61622 0 -29.6125 -32.1317 64 6277.88 219.456 93 0.000177726
6000 0.0290304 0.0271756 0.00185483 0 0.936107 137.862 131.129 6.73221 0 -29.5904 -28.5352 64 6341.88 220.571 94 0.000289102
6100 0.0216698 0.0206034 0.00106638 0 0.95079 140.03 133.19 6.84056 0 -29.5992 -30.1617 64 6469.88 222.786 96 0.000214619
6200 0.0242524 0.0233205 0.000931878 0 0.961576 142.494 135.522 6.97212 0 -29.5793 -28.4473 64 6533.88 223.885 97 0.000240418
6300 0.019029 0.0183187 0.000710349 0 0.96267 144.42 137.354 7.0666 0 -29.5818 -29.7653 64 6661.88 226.068 99 0.000185037
6400 0.0175095 0.0169618 0.000547655 0 0.968722 146.196 139.05 7.14622 0 -29.603 -31.3281 64 6789.88 228.229 101 0.000167939
6500 0.0333609 0.031695 0.00166594 0 0.950063 149.523 142.219 7.30342 0 -29.5865 -28.8635 64 6853.88 229.302 102 0.000310735
6600 0.0303784 0.0275051 0.00287332 0 0.905416 152.436 144.97 7.46592 0 -29.5435 -27.335 64 6981.88 231.434 104 0.000264472
6700 0.0336071 0.0319813 0.0016258 0 0.951623 155.831 148.168 7.66342 0 -29.5163 -28.2966 64 7045.88 232.492 105 0.000304584
6800 0.0267051 0.0251669 0.00153812 0 0.942403 158.501 150.685 7.81641 0 -29.5138 -29.3659 64 7173.88 234.594 107 0.000235205
6900 0.0234266 0.0224975 0.000929125 0 0.960339 160.857 152.934 7.92259 0 -29.5277 -30.4602 64 7237.88 235.638 108 0.00020831
7000 0.0253307 0.0245249 0.000805768 0 0.96819 163.37 155.387 7.98269 0 -29.5354 -30.0302 64 7365.88 237.713 110 0.000222954
7100 0.0259242 0.0252967 0.000627461 0 0.975796 165.979 157.917 8.0627 0 -29.5412 -29.907 64 7429.88 238.743 111 0.000227899
7200 0.0626589 0.060116 0.00254285 0 0.959418 172.228 163.928 8.29994 0 -29.3848 -25.2298 64 7557.88 240.791 113 0.000532
7300 0.0412165 0.0388012 0.0024153 0 0.9414 176.303 167.808 8.49455 0 -29.3254 -26.8139 64 7685.88 242.821 115 0.000337402
7400 0.0357462 0.0339573 0.00178891 0 0.949955 179.886 171.204 8.68193 0 -29.2912 -27.6085 64 7749.88 243.83 116 0.000292735
7500 0.0358179 0.033176 0.00264188 0 0.926241 183.387 174.522 8.86547 0 -29.2712 -28.2448 64 7877.88 245.836 118 0.000281153
7600 0.0347815 0.0330022 0.00177934 0 0.948842 186.908 177.822 9.08577 0 -29.2641 -28.8944 64 7941.88 246.832 119 0.000277329
7700 0.0299404 0.0285016 0.00143876 0 0.951946 189.918 180.672 9.24601 0 -29.2577 -28.8592 64 8069.88 248.813 121 0.000235551
7800 0.0275776 0.0262789 0.0012987 0 0.952907 192.692 183.3 9.39225 0 -29.2619 -29.5481 64 8133.88 249.798 122 0.000215401
7900 0.026471 0.02531 0.00116108 0 0.956138 195.353 185.831 9.52222 0 -29.2668 -29.6221 64 8261.88 251.756 124 0.000204113
8000 0.0261799 0.0248317 0.00134821 0 0.948502 197.965 188.314 9.65059 0 -29.2783 -30.1432 64 8389.88 253.699 126 0.000197077
8100 0.0381397 0.0357123 0.00242741 0 0.936355 201.738 191.885 9.8525 0 -29.2301 -26.698 64 8453.88 254.664 127 0.000281199
8200 0.0310441 0.0293076 0.00173654 0 0.944062 204.859 194.816 10.043 0 -29.2047 -27.562 64 8581.88 256.585 129 0.000227191
8300 0.0244057 0.0234647 0.000940987 0 0.961444 207.321 197.162 10.1588 0 -29.2032 -29.0815 64 8645.88 257.54 130 0.000180498
8400 0.0278428 0.0259104 0.00193239 0 0.930596 210.013 199.754 10.2596 0 -29.2029 -29.1787 64 8773.88 259.439 132 0.000196291
8500 0.0307645 0.0300648 0.00069966 0 0.977258 213.149 202.76 10.3891 0 -29.2307 -31.0915 64 8837.88 260.384 133 0.000226051
8600 0.0301038 0.0294735 0.000630314 0 0.979062 216.197 205.707 10.4899 0 -29.2531 -30.8235 64 8965.88 262.263 135 0.000218322
8700 0.0236434 0.0233361 0.000307354 0 0.987 218.578 208.041 10.5375 0 -29.2738 -31.1504 64 9029.88 263.197 136 0.000171589
8800 0.0318059 0.0305654 0.00124051 0 0.960997 221.716 211.098 10.6181 0 -29.2938 -30.6876 64 9157.88 265.056 138 0.000221488
8900 0.0326315 0.0303072 0.00232429 0 0.928772 224.852 214.128 10.7234 0 -29.3077 -30.2892 64 9285.88 266.902 140 0.00021648
9000 0.0350804 0.0337602 0.00132016 0 0.962368 228.386 217.504 10.8819 0 -29.3145 -29.748 64 9349.88 267.82 141 0.000239434
9100 0.0265165 0.0257427 0.000773774 0 0.970819 231.058 220.079 10.9795 0 -29.3353 -31.1106 64 9477.88 269.647 143 0.000180019
9200 0.0227842 0.0223926 0.000391619 0 0.982812 233.342 222.318 11.0239 0 -29.3585 -31.707 64 9541.88 270.556 144 0.000155504
9300 0.021026 0.0208751 0.000150913 0 0.992823 235.462 224.405 11.0564 0 -29.3853 -32.342 64 9669.88 272.365 146 0.00014298
9400 0.0200561 0.0199288 0.000127371 0 0.993649 237.475 226.398 11.0764 0 -29.4119 -32.5153 64 9733.88 273.264 147 0.00013557
9500 0.0213238 0.0209256 0.00039816 0 0.981328 239.592 228.491 11.1014 0 -29.4312 -31.5975 64 9861.88 275.055 149 0.000140441
9600 0.0334105 0.0321802 0.00123036 0 0.963175 242.901 231.709 11.1926 0 -29.452 -30.957 64 9989.88 276.835 151 0.000213114
9700 0.036515 0.0348971 0.00161791 0 0.955692 246.568 235.198 11.369 0 -29.4674 -30.4892 64 10053.9 277.72 152 0.000229586
9800 0.028827 0.0274544 0.00137265 0 0.952383 249.46 237.944 11.5157 0 -29.48 -30.5536 64 10181.9 279.482 154 0.000178275
9900 0.0244793 0.0235943 0.000885051 0 0.963845 251.933 240.303 11.6295 0 -29.4998 -31.5 64 10245.9 280.359 155 0.000152221
10000 0.0230345 0.0222869 0.000747545 0 0.967547 254.241 242.532 11.7089 0 -29.5181 -31.5147 64 10373.9 282.105 157 0.000141955
10100 0.0229582 0.022263 0.000695239 0 0.969717 256.536 244.758 11.7782 0 -29.5378 -31.7149 64 10437.9 282.974 158 0.000140905
10200 0.0205967 0.0202446 0.000352146 0 0.982903 258.611 246.783 11.8285 0 -29.5603 -32.3434 64 10565.9 284.704 160 0.000126529
10300 0.0198888 0.019654 0.000234892 0 0.98819 260.612 248.748 11.8636 0 -29.5823 -32.4261 64 10629.9 285.565 161 0.000122074
10400 0.0188453 0.018692 0.000153371 0 0.991862 262.508 250.617 11.8902 0 -29.6064 -32.9196 64 10757.9 287.279 163 0.000114675
10500 0.019822 0.0189336 0.000888457 0 0.955178 264.428 252.511 11.9177 0 -29.6186 -31.2819 64 10885.9 288.983 165 0.000114749
10600 0.019267 0.0190345 0.000232521 0 0.987932 266.378 254.414 11.9643 0 -29.6413 -32.7273 64 10949.9 289.831 166 0.000114666
10700 0.0410652 0.0400179 0.00104729 0 0.974497 270.455 258.416 12.0391 0 -29.649 -30.1502 64 11077.9 291.52 168 0.000238202
10800 0.0299224 0.028994 0.000928426 0 0.968972 273.453 261.315 12.1379 0 -29.6619 -30.8267 64 11141.9 292.361 169 0.000171562
10900 0.0256445 0.0249124 0.000732141 0 0.97145 276.021 263.807 12.2149 0 -29.6759 -31.1626 64 11269.9 294.035 171 0.000145687
11000 0.0240261 0.0232897 0.000736348 0 0.969352 278.426 266.136 12.2909 0 -29.6907 -31.3945 64 11333.9 294.869 172 0.000135405
11100 0.0289016 0.0278796 0.00102206 0 0.964637 281.326 268.924 12.4023 0 -29.7013 -30.7204 64 11461.9 296.53 174 0.000160227
11200 0.0246952 0.0238408 0.00085444 0 0.965401 283.809 271.308 12.5012 0 -29.7178 -31.5907 64 11589.9 298.181 176 0.000135459
11300 0.0273363 0.0267687 0.000567559 0 0.979238 286.593 273.984 12.6086 0 -29.7286 -30.8226 64 11653.9 299.003 177 0.000151236
11400 0.0323696 0.0296015 0.0027681 0 0.914485 289.63 276.945 12.6857 0 -29.7201 -28.9186 64 11781.9 300.64 179 0.000165372
11500 0.0431423 0.0414441 0.00169821 0 0.960637 293.983 281.089 12.8936 0 -29.7152 -29.3869 64 11845.9 301.456 180 0.000230245
11600 0.0350327 0.0331266 0.00190612 0 0.94559 297.489 284.402 13.0874 0 -29.7157 -29.7625 64 11973.9 303.08 182 0.000182014
11700 0.0262191 0.0249387 0.00128043 0 0.951164 300.12 286.896 13.2247 0 -29.7254 -30.8256 64 12037.9 303.889 183 0.000136277
11800 0.0258466 0.0245342 0.00131241 0 0.949223 302.715 289.349 13.3662 0 -29.7362 -30.9804 64 12165.9 305.5 185 0.000132617
11900 0.0212391 0.0205273 0.00071186 0 0.966484 304.882 291.402 13.4799 0 -29.7529 -32.0794 64 12229.9 306.303 186 0.000110362
12000 0.0207258 0.020074 0.000651778 0 0.968552 306.972 293.409 13.5626 0 -29.7741 -32.8684 64 12357.9 307.902 188 0.000106777
12100 0.0270414 0.0250785 0.00196288 0 0.927412 309.576 295.917 13.6587 0 -29.7717 -29.4953 64 12485.9 309.492 190 0.000131992
12200 0.0338675 0.0328138 0.00105373 0 0.968887 313.014 299.198 13.8154 0 -29.7679 -29.4255 64 12549.9 310.284 191 0.0001718
12300 0.0292544 0.0279144 0.00133992 0 0.954197 315.907 301.99 13.9168 0 -29.7764 -30.6956 64 12677.9 311.863 193 0.000144634
12400 0.0260985 0.0253425 0.000755979 0 0.971034 318.54 304.524 14.0159 0 -29.7898 -31.3943 64 12741.9 312.649 194 0.000130632
12500 0.0222261 0.0215629 0.000663173 0 0.970162 320.766 306.68 14.0852 0 -29.8046 -31.9264 64 12869.9 314.215 196 0.000110015
12600 0.0222929 0.0219122 0.000380781 0 0.982919 323.03 308.872 14.1585 0 -29.8264 -32.917 64 12933.9 314.996 197 0.000111229
12700 0.0460257 0.0446623 0.00136336 0 0.970378 327.619 313.338 14.2811 0 -29.8197 -29.3494 64 13061.9 316.55 199 0.000224434
12800 0.0305907 0.0298324 0.000758263 0 0.975213 330.701 316.321 14.38 0 -29.8293 -30.845 64 13189.9 318.098 201 0.00014842
12900 0.0282335 0.0273348 0.000898677 0 0.96817 333.554 319.055 14.4992 0 -29.8418 -31.291 64 13253.9 318.868 202 0.000135321
13000 0.029873 0.0281835 0.00168957 0 0.943442 336.481 321.873 14.6082 0 -29.8461 -30.3385 64 13381.9 320.405 204 0.000138154
13100 0.0407422 0.0382983 0.00244385 0 0.940017 340.522 325.703 14.8196 0 -29.8383 -29.1843 64 13445.9 321.17 205 0.000186821
13200 0.0472192 0.0439616 0.00325756 0 0.931012 345.22 330.099 15.1214 0 -29.8121 -27.916 64 13573.9 322.695 207 0.000212375
13300 0.0375305 0.0357614 0.00176913 0 0.952862 349.058 333.675 15.3832 0 -29.8152 -30.0945 64 13637.9 323.455 208 0.00017193
13400 0.0345033 0.0329865 0.00151689 0 0.956036 352.552 336.974 15.5787 0 -29.8197 -30.2682 64 13765.9 324.969 210 0.000157078
13500 0.0305293 0.0294648 0.00106454 0 0.965131 355.622 339.92 15.702 0 -29.8279 -30.7644 64 13829.9 325.724 211 0.000139644
13600 0.0268239 0.0259035 0.000920414 0 0.965687 358.322 342.51 15.8118 0 -29.8406 -31.5143 64 13957.9 327.228 213 0.000121612
13700 0.0257073 0.0242611 0.00144613 0 0.943746 360.836 344.937 15.899 0 -29.8506 -31.2875 64 14085.9 328.725 215 0.000112842
13800 0.0251277 0.0246202 0.000507516 0 0.979803 363.38 347.399 15.9811 0 -29.8721 -32.9147 64 14149.9 329.47 216 0.000113983
13900 0.0220832 0.021736 0.000347173 0 0.984279 365.599 349.572 16.027 0 -29.8921 -33.1616 64 14277.9 330.957 218 9.97064e-05
14000 0.0208301 0.0206007 0.000229336 0 0.98899 367.69 351.632 16.0574 0 -29.9122 -33.4388 64 14341.9 331.698 219 9.40672e-05
14100 0.03376 0.0328387 0.000921318 0 0.97271 371.094 354.916 16.1775 0 -29.9404 -32.9787 64 14469.9 333.175 221 0.000148592
14200 0.0277175 0.0269553 0.000762158 0 0.972503 373.885 357.612 16.2736 0 -29.9631 -32.984 64 14533.9 333.911 222 0.00012142
14300 0.0346384 0.0337876 0.0008508 0 0.975438 377.401 360.99 16.4109 0 -29.9907 -32.9279 64 14661.9 335.378 224 0.000150838
14400 0.0250191 0.0247677 0.000251372 0 0.989953 379.934 363.467 16.4672 0 -30.0161 -33.8056 64 14789.9 336.839 226 0.000109592
14500 0.0228791 0.0227322 0.000146842 0 0.993582 382.228 365.74 16.4881 0 -30.0388 -33.794 64 14853.9 337.567 227 0.000100142
14600 0.0206159 0.0204309 0.000185066 0 0.991023 384.282 367.784 16.4989 0 -30.0616 -34.3011 64 14981.9 339.018 229 8.92178e-05
14700 0.0199856 0.019819 0.00016656 0 0.991666 386.28 369.765 16.5147 0 -30.085 -34.5958 64 15045.9 339.742 230 8.61696e-05
14800 0.0187509 0.0185788 0.000172093 0 0.990822 388.156 371.623 16.5326 0 -30.1074 -34.6997 64 15173.9 341.184 232 8.0081e-05
14900 0.0173856 0.0173555 3.00595e-05 0 0.998271 389.901 373.359 16.5425 0 -30.1299 -35.1414 64 15237.9 341.903 233 7.44871e-05
15000 0.0173055 0.0172831 2.23764e-05 0 0.998707 391.642 375.087 16.5551 0 -30.1547 -35.7036 64 15365.9 343.336 235 7.35452e-05
15100 0.0219407 0.0215338 0.000406904 0 0.981454 393.827 377.241 16.5862 0 -30.1788 -34.5036 64 15429.9 344.05 236 9.12451e-05
15200 0.0241302 0.0236769 0.000453373 0 0.981211 396.252 379.608 16.6443 0 -30.197 -33.1533 64 15557.9 345.474 238 9.94826e-05
15300 0.0200546 0.0196073 0.0004473 0 0.977696 398.243 381.569 16.6744 0 -30.2159 -33.9824 64 15685.9 346.892 240 8.1697e-05
15400 0.0204748 0.0201467 0.000328043 0 0.983978 400.302 383.584 16.7182 0 -30.2327 -33.4837 64 15749.9 347.599 241 8.35964e-05
15500 0.0301649 0.0287903 0.00137463 0 0.95443 403.288 386.463 16.8249 0 -30.2273 -29.4947 64 15877.9 349.009 243 0.000118478
15600 0.0238572 0.0229567 0.000900471 0 0.962256 405.708 388.758 16.9492 0 -30.2327 -31.1447 64 15941.9 349.711 244 9.40848e-05
15700 0.0216069 0.020647 0.000959886 0 0.955575 407.87 390.823 17.0472 0 -30.24 -31.6027 64 16069.9 351.113 246 8.39308e-05
15800 0.0239109 0.0227626 0.00114834 0 0.951974 410.259 393.099 17.1598 0 -30.2453 -31.1434 64 16133.9 351.811 247 9.21561e-05
15900 0.0252441 0.023837 0.00140711 0 0.94426 412.768 395.483 17.2852 0 -30.2526 -31.4505 64 16261.9 353.204 249 9.5731e-05
16000 0.0213793 0.0205861 0.000793247 0 0.962897 414.932 397.542 17.39 0 -30.2643 -32.5056 64 16389.9 354.591 251 8.20162e-05
16100 0.0197148 0.019102 0.000612743 0 0.96892 416.923 399.452 17.4713 0 -30.2773 -32.9774 64 16453.9 355.283 252 7.58016e-05
16200 0.0188737 0.0178581 0.00101556 0 0.946192 418.778 401.238 17.5403 0 -30.2875 -32.5859 64 16581.9 356.662 254 7.03075e-05
16300 0.0188046 0.0181343 0.000670241 0 0.964358 420.678 403.051 17.6271 0 -30.3024 -33.5774 64 16645.9 357.35 255 7.11151e-05
16400 0.0177722 0.0172815 0.000490657 0 0.972392 422.456 404.779 17.6763 0 -30.3174 -33.8654 64 16773.9 358.721 257 6.72433e-05
16500 0.0171063 0.0166281 0.00047822 0 0.972044 424.169 406.442 17.7267 0 -30.3328 -34.1492 64 16837.9 359.405 258 6.44501e-05
16600 0.0186785 0.0177695 0.000909065 0 0.951331 426.007 408.219 17.7884 0 -30.3448 -33.1122 64 16965.9 360.768 260 6.83441e-05
16700 0.0175019 0.0169143 0.000587613 0 0.966426 427.77 409.91 17.8601 0 -30.3602 -34.0639 64 17029.9 361.448 261 6.48056e-05
16800 0.0245268 0.0236711 0.000855605 0 0.965115 430.223 412.277 17.9456 0 -30.381 -34.0161 64 17157.9 362.804 263 9.00044e-05
16900 0.02146 0.0203974 0.00106262 0 0.950484 432.335 414.317 18.018 0 -30.3977 -33.8004 64 17285.9 364.155 265 7.69712e-05
17000 0.0191601 0.0188931 0.000266997 0 0.986065 434.274 416.207 18.0672 0 -30.4192 -35.2121 64 17349.9 364.828 266 7.10265e-05
17100 0.0264921 0.0252017 0.00129041 0 0.951291 436.902 418.727 18.1755 0 -30.4342 -32.9138 64 17477.9 366.171 268 9.40363e-05
17200 0.0206944 0.0198282 0.000866283 0 0.958139 438.986 420.71 18.2762 0 -30.4487 -33.4828 64 17541.9 366.841 269 7.37106e-05
17300 0.0287641 0.0275812 0.00118294 0 0.958875 441.875 423.468 18.4076 0 -30.4596 -32.1176 64 17669.9 368.177 271 0.000101776
17400 0.0257527 0.024277 0.00147566 0 0.942699 444.456 425.895 18.5609 0 -30.4707 -32.3802 64 17733.9 368.843 272 8.92536e-05
17500 0.0226069 0.0215007 0.00110621 0 0.951068 446.744 428.045 18.6986 0 -30.4811 -32.5013 64 17861.9 370.172 274 7.84698e-05
17600 0.018769 0.0180978 0.00067117 0 0.96424 448.646 429.855 18.7909 0 -30.4947 -33.6836 64 17989.9 371.496 276 6.55718e-05
17700 0.0368474 0.0348662 0.00198119 0 0.946233 452.27 433.342 18.9285 0 -30.5074 -32.0734 64 18053.9 372.156 277 0.000125871
17800 0.0347369 0.0330826 0.00165424 0 0.952378 455.758 436.65 19.1082 0 -30.5165 -31.6961 64 18181.9 373.473 279 0.000118576
17900 0.0283953 0.0270554 0.00133985 0 0.952814 458.601 439.356 19.2451 0 -30.5248 -31.8641 64 18245.9 374.13 280 9.66266e-05
18000 0.0265974 0.0251276 0.00146981 0 0.944739 461.255 441.868 19.3866 0 -30.5315 -31.6803 64 18373.9 375.44 282 8.91049e-05
18100 0.0308001 0.0291513 0.0016488 0 0.946468 464.316 444.784 19.5324 0 -30.5367 -31.3254 64 18437.9 376.093 283 0.000103008
18200 0.0243563 0.0232388 0.00111747 0 0.95412 466.755 447.107 19.6475 0 -30.5468 -32.4628 64 18565.9 377.396 285 8.15396e-05
18300 0.0225631 0.0215602 0.00100288 0 0.955552 469.024 449.263 19.7608 0 -30.557 -32.6553 64 18629.9 378.046 286 7.53855e-05
18400 0.0207172 0.0197004 0.00101687 0 0.950917 471.102 451.233 19.8682 0 -30.5665 -32.7281 64 18757.9 379.343 288 6.8404e-05
18500 0.0215513 0.0207559 0.000795391 0 0.963093 473.278 453.309 19.9693 0 -30.573 -31.9691 64 18885.9 380.635 290 7.1572e-05
18600 0.023673 0.0227768 0.000896203 0 0.962142 475.643 455.587 20.0567 0 -30.574 -30.785 64 18949.9 381.279 291 7.82708e-05
18700 0.0205938 0.0200612 0.000532609 0 0.974137 477.715 457.593 20.1221 0 -30.5808 -32.1348 64 19077.9 382.565 293 6.84682e-05
18800 0.0189704 0.0186727 0.000297624 0 0.984311 479.626 459.46 20.1662 0 -30.5958 -34.3489 64 19141.9 383.206 294 6.35128e-05
18900 0.0231124 0.0226426 0.000469828 0 0.979672 481.978 461.724 20.2534 0 -30.6062 -32.7162 64 19269.9 384.485 296 7.64953e-05
19000 0.0173493 0.0170522 0.000297077 0 0.982877 483.728 463.43 20.2985 0 -30.6176 -33.7757 64 19333.9 385.123 297 5.74149e-05
19100 0.0328614 0.0312215 0.0016399 0 0.950096 486.949 466.552 20.3973 0 -30.6111 -29.628 64 19461.9 386.396 299 0.00010442
19200 0.0272963 0.0262858 0.00101054 0 0.962979 489.72 469.18 20.5396 0 -30.6088 -30.2021 64 19589.9 387.664 301 8.73282e-05
19300 0.0218803 0.0212797 0.000600559 0 0.972553 491.941 471.308 20.6325 0 -30.6161 -32.2338 64 19653.9 388.297 302 7.04627e-05
19400 0.0199946 0.0190487 0.000945866 0 0.952694 493.91 473.213 20.6972 0 -30.6213 -31.9222 64 19781.9 389.56 304 6.26602e-05
19500 0.018667 0.0182868 0.000380208 0 0.979632 495.791 475.042 20.7494 0 -30.6293 -32.7137 64 19845.9 390.189 305 5.99568e-05
19600 0.0188024 0.0182468 0.000555645 0 0.970448 497.648 476.867 20.7814 0 -30.6388 -33.1969 64 19973.9 391.445 307 5.94358e-05
19700 0.0195055 0.0190439 0.000461546 0 0.976338 499.598 478.771 20.8269 0 -30.6465 -32.6072 64 20037.9 392.072 308 6.18309e-05
19800 0.0201398 0.0195005 0.000639283 0 0.968258 501.629 480.721 20.9076 0 -30.6534 -32.3381 64 20165.9 393.322 310 6.29049e-05
19900 0.0174102 0.0170299 0.000380285 0 0.978157 503.387 482.424 20.963 0 -30.6639 -33.6545 64 20229.9 393.946 311 5.47586e-05
20000 0.0170188 0.0167449 0.000273973 0 0.983902 505.103 484.098 21.0047 0 -30.675 -33.9548 64 20357.9 395.19 313 5.34979e-05
