100 0.300473 0.277022 0.0234513 0 0.921952 29.4824 27.7022 1.78023 0 -26.4755 -26.4755 1 426.882 57.2261 101 0.00274279
200 0.513654 0.47642 0.0372336 0 0.927512 80.3658 75.3442 5.02153 0 -27.1969 -27.615 1 526.882 63.5765 201 0.00237025
300 0.632531 0.588581 0.0439506 0 0.930516 143.348 134.202 9.14611 0 -27.5796 -28.0679 1 626.882 69.3478 301 0.00195542
400 0.658807 0.614369 0.0444382 0 0.932547 209.255 195.639 13.6161 0 -27.8292 -28.3721 1 726.882 74.6744 401 0.00153209
500 0.761361 0.707621 0.0537396 0 0.929416 284.992 266.401 18.5911 0 -27.9519 -28.291 1 826.882 79.6456 501 0.00141242
600 0.825225 0.770922 0.0543035 0 0.934196 367.7 343.493 24.2067 0 -28.1184 -28.6919 1 926.882 84.3242 601 0.00128273
700 0.852064 0.798771 0.0532937 0 0.937453 453.38 423.371 30.0093 0 -28.2106 -28.6065 1 1026.88 88.7565 701 0.00113947
800 0.882334 0.82453 0.0578044 0 0.934487 541.496 505.824 35.6728 0 -28.2408 -28.3962 1 1126.88 92.9778 801 0.00102938
900 0.951059 0.892512 0.0585468 0 0.93844 636.669 595.075 41.5946 0 -28.2418 -28.2474 1 1226.88 97.0156 901 0.000990579
1000 1.02882 0.971061 0.0577585 0 0.943859 740.03 692.181 47.8497 0 -28.2361 -28.2011 1 1326.88 100.892 1001 0.000970091
1100 0.979779 0.923724 0.0560556 0 0.942787 838.14 784.553 53.5865 0 -28.2822 -28.6296 1 1426.88 104.625 1101 0.000838986
1200 0.999679 0.944954 0.0547253 0 0.945257 938.291 879.049 59.2424 0 -28.3763 -29.1637 1 1526.88 108.229 1201 0.000786806
1300 1.0769 1.02356 0.0533386 0 0.95047 1046.31 981.405 64.9045 0 -28.4094 -28.6976 1 1626.88 111.717 1301 0.000786752
1400 1.00252 0.951864 0.0506599 0 0.949468 1146.75 1076.59 70.1563 0 -28.454 -28.918 1 1726.88 115.099 1401 0.000679417
1500 1.07117 1.01805 0.0531196 0 0.95041 1254.18 1178.4 75.7856 0 -28.5035 -29.0324 1 1826.88 118.385 1501 0.00067825
1600 1.0936 1.03939 0.0542106 0 0.950429 1363.66 1282.34 81.3287 0 -28.5722 -29.3592 1 1926.88 121.582 1601 0.00064921
1700 1.11285 1.05369 0.0591683 0 0.946832 1474.55 1387.7 86.8482 0 -28.6181 -29.1829 1 2026.88 124.696 1701 0.00061945
1800 1.13619 1.08149 0.0546979 0 0.951858 1588.4 1495.85 92.5498 0 -28.6591 -29.1901 1 2126.88 127.736 1801 0.000600494
1900 1.12279 1.06695 0.0558414 0 0.950265 1700.77 1602.55 98.2271 0 -28.7021 -29.3101 1 2226.88 130.704 1901 0.000561256
2000 1.1947 1.135 0.0597036 0 0.950026 1820.28 1716.05 104.234 0 -28.7263 -29.0698 1 2326.88 133.606 2001 0.000567217
2100 1.18569 1.12448 0.0612056 0 0.94838 1938.66 1828.5 110.162 0 -28.7633 -29.3323 1 2426.88 136.447 2101 0.000535212
2200 1.26615 1.20219 0.063968 0 0.949479 2064.96 1948.71 116.243 0 -28.8031 -29.4147 1 2526.88 139.23 2201 0.0005462
2300 1.37347 1.30378 0.0696993 0 0.949253 2202.3 2079.09 123.206 0 -28.826 -29.1691 1 2626.88 141.958 2301 0.000566612
2400 1.3255 1.25119 0.0743061 0 0.943941 2334.32 2204.21 130.111 0 -28.847 -29.1982 1 2726.88 144.635 2401 0.000521114
2500 1.36552 1.2938 0.0717141 0 0.947482 2471.05 2333.59 137.455 0 -28.8664 -29.1979 1 2826.88 147.263 2501 0.000517314
2600 1.29693 1.22865 0.0682816 0 0.947351 2600.76 2456.46 144.307 0 -28.8982 -29.5031 1 2926.88 149.845 2601 0.000472374
2700 1.23891 1.17915 0.0597585 0 0.951765 2725.01 2574.37 150.636 0 -28.9476 -29.981 1 3026.88 152.383 2701 0.000436562
2800 1.3065 1.24225 0.0642557 0 0.950818 2855.6 2698.6 157 0 -28.9959 -30.004 1 3126.88 154.88 2801 0.000443501
2900 1.33296 1.26803 0.0649259 0 0.951292 2988.82 2825.4 163.424 0 -29.0276 -29.7073 1 3226.88 157.337 2901 0.000437101
3000 1.30019 1.23823 0.0619657 0 0.952341 3119 2949.22 169.775 0 -29.0602 -29.8099 1 3326.88 159.757 3001 0.000412605
3100 1.29598 1.23317 0.0628132 0 0.951532 3248.47 3072.54 175.932 0 -29.0867 -29.7252 1 3426.88 162.14 3101 0.000397668
3200 1.3895 1.32181 0.0676892 0 0.951285 3387.1 3204.72 182.386 0 -29.1264 -30.0551 1 3526.88 164.488 3201 0.000412936
3300 1.33151 1.26851 0.0629998 0 0.952686 3520.42 3331.57 188.853 0 -29.173 -30.3575 1 3626.88 166.804 3301 0.000384282
3400 1.26749 1.21024 0.057255 0 0.954828 3647.63 3452.59 195.032 0 -29.2179 -30.4597 1 3726.88 169.088 3401 0.000355847
3500 1.30795 1.24867 0.0592763 0 0.95468 3778.47 3577.46 201.01 0 -29.2575 -30.3639 1 3826.88 171.342 3501 0.000356661
3600 1.28028 1.22481 0.0554668 0 0.956676 3906.68 3699.94 206.735 0 -29.2934 -30.3497 1 3926.88 173.566 3601 0.000340132
3700 1.25095 1.19602 0.054932 0 0.956088 4031.95 3819.54 212.403 0 -29.3262 -30.3506 1 4026.88 175.762 3701 0.00032316
3800 1.23232 1.18305 0.049271 0 0.960018 4155.51 3937.85 217.662 0 -29.3649 -30.6266 1 4126.88 177.931 3801 0.000311247
3900 1.23937 1.19044 0.0489298 0 0.96052 4279.79 4056.89 222.895 0 -29.3987 -30.5282 1 4226.88 180.074 3901 0.000305163
4000 1.30263 1.24571 0.0569142 0 0.956308 4410.03 4181.46 228.562 0 -29.4235 -30.2378 1 4326.88 182.191 4001 0.00031135
4100 1.3066 1.24799 0.0586099 0 0.955143 4540.75 4306.26 234.484 0 -29.449 -30.3103 1 4426.88 184.285 4101 0.000304314
4200 1.35242 1.29032 0.0620951 0 0.954086 4675.98 4435.3 240.684 0 -29.4626 -29.9213 1 4526.88 186.354 4201 0.000307147
4300 1.35288 1.29351 0.059372 0 0.956114 4811.45 4564.65 246.8 0 -29.4842 -30.2266 1 4626.88 188.401 4301 0.000300746
4400 1.44059 1.37627 0.064318 0 0.955353 4955.85 4702.27 253.579 0 -29.4978 -29.9514 1 4726.88 190.427 4401 0.000312718
4500 1.41235 1.34852 0.0638275 0 0.954808 5097.2 4837.13 260.074 0 -29.5139 -30.0793 1 4826.88 192.43 4501 0.000299605
4600 1.40285 1.34034 0.0625071 0 0.955443 5237.55 4971.16 266.394 0 -29.5357 -30.3262 1 4926.88 194.413 4601 0.000291315
4700 1.36715 1.30496 0.0621906 0 0.954511 5374.06 5101.66 272.406 0 -29.5566 -30.36 1 5026.88 196.376 4701 0.000277591
4800 1.37462 1.31274 0.0618762 0 0.954987 5511.31 5232.93 278.384 0 -29.585 -30.695 1 5126.88 198.32 4801 0.000273431
4900 1.38426 1.32136 0.062895 0 0.954564 5649.35 5365.07 284.281 0 -29.6073 -30.4982 1 5226.88 200.245 4901 0.000269611
5000 1.40209 1.33977 0.0623197 0 0.955552 5789.16 5499.04 290.118 0 -29.6281 -30.4687 1 5326.88 202.151 5001 0.0002679
5100 1.37388 1.32136 0.0525188 0 0.961773 5927.11 5631.18 295.932 0 -29.655 -30.785 1 5426.88 204.04 5101 0.000259039
5200 1.3575 1.30216 0.0553426 0 0.959232 6062.67 5761.4 301.277 0 -29.6825 -30.8867 1 5526.88 205.911 5201 0.000250367
5300 1.37622 1.32154 0.0546848 0 0.960265 6200.37 5893.55 306.819 0 -29.7075 -30.8084 1 5626.88 207.766 5301 0.0002493
5400 1.40322 1.34539 0.0578277 0 0.958789 6340.67 6028.09 312.582 0 -29.7351 -30.9538 1 5726.88 209.604 5401 0.0002491
5500 1.41674 1.35736 0.0593774 0 0.958089 6482.26 6163.82 318.439 0 -29.7566 -30.7167 1 5826.88 211.426 5501 0.000246748
5600 1.41493 1.35226 0.0626754 0 0.955704 6623.58 6299.05 324.529 0 -29.7764 -30.6886 1 5926.88 213.232 5601 0.000241431
5700 1.45586 1.39505 0.0608078 0 0.958232 6769.34 6438.56 330.78 0 -29.7993 -30.8378 1 6026.88 215.024 5701 0.000244704
5800 1.47028 1.40646 0.0638211 0 0.956593 6916.33 6579.2 337.123 0 -29.8185 -30.7035 1 6126.88 216.8 5801 0.000242452
5900 1.46774 1.40671 0.0610319 0 0.958418 7063.58 6719.87 343.71 0 -29.8393 -30.8132 1 6226.88 218.562 5901 0.000238384
6000 1.41832 1.3592 0.0591265 0 0.958312 7205.81 6855.79 350.014 0 -29.8584 -30.8083 1 6326.88 220.31 6001 0.000226495
6100 1.34615 1.2937 0.0524537 0 0.961034 7340.9 6985.16 355.742 0 -29.8805 -31.0626 1 6426.88 222.045 6101 0.000212046
6200 1.37904 1.31929 0.059755 0 0.956669 7478.39 7117.09 361.296 0 -29.9015 -31.018 1 6526.88 223.765 6201 0.000212754
6300 1.43686 1.37836 0.058498 0 0.959288 7622.14 7254.93 367.216 0 -29.9243 -31.1111 1 6626.88 225.473 6301 0.000218753
6400 1.44996 1.39556 0.0544034 0 0.962479 7767.72 7394.48 373.234 0 -29.9474 -31.1561 1 6726.88 227.168 6401 0.000218022
6500 1.37518 1.31914 0.056034 0 0.959253 7904.82 7526.4 378.421 0 -29.9696 -31.2292 1 6826.88 228.85 6501 0.000202914
6600 1.42226 1.36832 0.0539371 0 0.962076 8047.22 7663.23 383.992 0 -29.9886 -31.0428 1 6926.88 230.52 6601 0.00020729
6700 1.37168 1.31935 0.0523315 0 0.961849 8184.54 7795.16 389.372 0 -30.0134 -31.468 1 7026.88 232.178 6701 0.000196888
6800 1.41572 1.36346 0.0522544 0 0.96309 8326.24 7931.51 394.733 0 -30.0359 -31.3359 1 7126.88 233.824 6801 0.000200479
6900 1.42482 1.3737 0.0511114 0 0.964128 8468.99 8068.88 400.107 0 -30.0533 -31.0692 1 7226.88 235.459 6901 0.000199059
7000 1.46591 1.40906 0.0568501 0 0.961218 8615.34 8209.79 405.553 0 -30.0689 -30.9713 1 7326.88 237.083 7001 0.000201265
7100 1.48765 1.42828 0.0593716 0 0.96009 8763.95 8352.61 411.336 0 -30.0836 -30.9322 1 7426.88 238.695 7101 0.000201138
7200 1.49176 1.43571 0.0560422 0 0.962432 8913.31 8496.19 417.126 0 -30.1024 -31.2075 1 7526.88 240.297 7201 0.000199377
7300 1.54214 1.48183 0.0603028 0 0.960897 9067.73 8644.37 423.365 0 -30.123 -31.313 1 7626.88 241.888 7301 0.000202963
7400 1.50463 1.44507 0.0595538 0 0.96042 9218.39 8788.88 429.516 0 -30.1435 -31.3749 1 7726.88 243.468 7401 0.000195254
7500 1.47611 1.41874 0.0573701 0 0.961134 9366.25 8930.75 435.501 0 -30.1648 -31.4958 1 7826.88 245.039 7501 0.00018914
7600 1.47351 1.41348 0.0600251 0 0.959264 9513.47 9072.1 441.374 0 -30.184 -31.4079 1 7926.88 246.599 7601 0.00018596
7700 1.59345 1.52953 0.063922 0 0.959884 9672.88 9225.05 447.829 0 -30.1963 -30.9264 1 8026.88 248.15 7701 0.000198614
7800 1.52912 1.46681 0.0623146 0 0.959248 9825.79 9371.73 454.059 0 -30.2113 -31.1631 1 8126.88 249.691 7801 0.000188028
7900 1.47766 1.41954 0.0581208 0 0.960667 9973.58 9513.69 459.891 0 -30.2275 -31.3054 1 8226.88 251.222 7901 0.000179665
8000 1.55618 1.49961 0.0565647 0 0.963651 10129.6 9663.65 465.926 0 -30.2437 -31.2775 1 8326.88 252.744 8001 0.000187428
8100 1.48848 1.4345 0.0539811 0 0.963734 10278.9 9807.1 471.757 0 -30.2612 -31.4489 1 8426.88 254.257 8101 0.000177077
8200 1.48031 1.42046 0.0598512 0 0.959568 10426.8 9949.14 477.651 0 -30.2785 -31.4803 1 8526.88 255.762 8201 0.000173206
8300 1.52867 1.46632 0.0623476 0 0.959214 10579.6 10095.8 483.834 0 -30.2946 -31.3905 1 8626.88 257.257 8301 0.000176644
8400 1.5837 1.5211 0.0626029 0 0.960471 10738.3 10247.9 490.379 0 -30.3057 -31.0446 1 8726.88 258.744 8401 0.000181062
8500 1.60084 1.53899 0.0618574 0 0.961359 10898.8 10401.8 496.974 0 -30.3175 -31.1126 1 8826.88 260.222 8501 0.000181036
8600 1.59663 1.53527 0.0613526 0 0.961574 11058.7 10555.3 503.361 0 -30.3274 -30.9982 1 8926.88 261.692 8601 0.000178499
8700 1.55452 1.49443 0.0600888 0 0.961346 11214.4 10704.8 509.619 0 -30.3407 -31.2899 1 9026.88 263.153 8701 0.000171754
8800 1.57737 1.51877 0.0585977 0 0.962851 11372.3 10856.6 515.62 0 -30.3529 -31.2129 1 9126.88 264.607 8801 0.000172568
8900 1.54705 1.49195 0.0550947 0 0.964387 11527.2 11005.8 521.412 0 -30.3681 -31.4847 1 9226.88 266.053 8901 0.000167616
9000 1.507 1.45158 0.0554217 0 0.963224 11677.7 11151 526.733 0 -30.3842 -31.6235 1 9326.88 267.49 9001 0.000161268
9100 1.53475 1.48081 0.0539377 0 0.964856 11831.4 11299.1 532.35 0 -30.3997 -31.5768 1 9426.88 268.921 9101 0.000162708
9200 1.57768 1.51664 0.0610397 0 0.96131 11988.8 11450.7 538.053 0 -30.4115 -31.292 1 9526.88 270.343 9201 0.000164834
9300 1.58966 1.52902 0.0606399 0 0.961854 12147.8 11603.6 544.164 0 -30.4221 -31.2275 1 9626.88 271.758 9301 0.000164393
9400 1.53144 1.47583 0.0556054 0 0.963691 12301.3 11751.2 550.067 0 -30.4349 -31.4418 1 9726.88 273.166 9401 0.000156987
9500 1.59094 1.52837 0.0625635 0 0.960675 12460.2 11904.1 556.185 0 -30.4438 -31.1364 1 9826.88 274.567 9501 0.000160865
9600 1.57494 1.51379 0.0611515 0 0.961172 12617.5 12055.4 562.108 0 -30.4562 -31.4365 1 9926.88 275.96 9601 0.00015767
9700 1.52923 1.4764 0.0528231 0 0.965458 12770.8 12203.1 567.688 0 -30.4682 -31.46 1 10026.9 277.347 9701 0.000152191
9800 1.55109 1.49348 0.0576111 0 0.962858 12925.6 12352.4 573.213 0 -30.4804 -31.4825 1 10126.9 278.726 9801 0.00015238
9900 1.60629 1.54837 0.0579226 0 0.96394 13086.3 12507.3 578.995 0 -30.4924 -31.4632 1 10226.9 280.099 9901 0.000156385
10000 1.56548 1.51121 0.0542664 0 0.965336 13243.2 12658.4 584.783 0 -30.5044 -31.5044 1 10326.9 281.465 10001 0.000151106
10100 1.58138 1.51774 0.0636422 0 0.959755 13400.8 12810.2 590.641 0 -30.512 -31.1448 1 10426.9 282.825 10101 0.000150256
10200 1.52309 1.46912 0.0539723 0 0.964564 13553.5 12957.1 596.461 0 -30.5239 -31.567 1 10526.9 284.178 10201 0.000144017
10300 1.54441 1.48633 0.0580729 0 0.962398 13707.8 13105.7 602.127 0 -30.5335 -31.3827 1 10626.9 285.524 10301 0.00014429
10400 1.53664 1.48371 0.0529224 0 0.96556 13861.9 13254.1 607.816 0 -30.5453 -31.5938 1 10726.9 286.865 10401 0.000142651
10500 1.43527 1.38932 0.0459489 0 0.967986 14005.7 13393 612.694 0 -30.5589 -31.8653 1 10826.9 288.199 10501 0.000132304
10600 1.49772 1.44468 0.0530378 0 0.964588 14155 13537.5 617.558 0 -30.5701 -31.6234 1 10926.9 289.526 10601 0.000136278
10700 1.57126 1.52098 0.0502867 0 0.967996 14312.5 13689.6 622.964 0 -30.5814 -31.5939 1 11026.9 290.848 10701 0.000142134
10800 1.49476 1.44231 0.0524494 0 0.964911 14461.9 13833.8 628.114 0 -30.5951 -31.9165 1 11126.9 292.164 10801 0.000133535
10900 1.53311 1.47121 0.0619012 0 0.959624 14614.4 13980.9 633.514 0 -30.6053 -31.5667 1 11226.9 293.474 10901 0.000134961
11000 1.59705 1.53548 0.0615665 0 0.96145 14773.9 14134.5 639.398 0 -30.6127 -31.2961 1 11326.9 294.778 11001 0.000139577
11100 1.59334 1.53596 0.0573813 0 0.963987 14933.5 14288.1 645.413 0 -30.6215 -31.4286 1 11426.9 296.076 11101 0.000138362
11200 1.62524 1.55709 0.0681471 0 0.95807 15095.4 14443.8 651.598 0 -30.6267 -31.1091 1 11526.9 297.369 11201 0.000139014
11300 1.62312 1.56187 0.0612506 0 0.962264 15258 14600 658.027 0 -30.6344 -31.351 1 11626.9 298.656 11301 0.000138207
11400 1.59428 1.53281 0.0614682 0 0.961445 15417.6 14753.2 664.321 0 -30.6407 -31.2388 1 11726.9 299.938 11401 0.000134445
11500 1.53379 1.4698 0.0639939 0 0.958277 15570.6 14900.2 670.418 0 -30.6472 -31.3091 1 11826.9 301.214 11501 0.000127797
11600 1.56696 1.50829 0.0586732 0 0.962556 15727.6 15051 676.517 0 -30.6553 -31.4588 1 11926.9 302.485 11601 0.000130014
11700 1.6001 1.53849 0.0616138 0 0.961494 15887.3 15204.9 682.44 0 -30.6617 -31.2884 1 12026.9 303.75 11701 0.000131484
11800 1.61265 1.55117 0.0614763 0 0.961879 16048.3 15360 688.3 0 -30.6655 -31.044 1 12126.9 305.01 11801 0.000131444
11900 1.62928 1.56684 0.0624371 0 0.961678 16211.1 15516.7 694.388 0 -30.6705 -31.1588 1 12226.9 306.265 11901 0.000131656
12000 1.62234 1.5597 0.0626494 0 0.961383 16373.1 15672.7 700.477 0 -30.678 -31.4306 1 12326.9 307.515 12001 0.000129964
12100 1.6245 1.56314 0.0613617 0 0.962227 16535.6 15829 706.609 0 -30.6857 -31.4635 1 12426.9 308.76 12101 0.000129174
12200 1.59377 1.53613 0.0576402 0 0.963834 16695.2 15982.6 712.588 0 -30.6947 -31.6193 1 12526.9 310 12201 0.000125902
12300 1.59635 1.53606 0.0602908 0 0.962232 16854.6 16136.2 718.363 0 -30.7026 -31.5365 1 12626.9 311.235 12301 0.000124873
12400 1.60405 1.54561 0.058443 0 0.963565 17015.2 16290.8 724.452 0 -30.7119 -31.6852 1 12726.9 312.465 12401 0.000124636
12500 1.52536 1.47252 0.0528462 0 0.965355 17168 16438 730.004 0 -30.7218 -31.8253 1 12826.9 313.69 12501 0.000117792
12600 1.56313 1.50688 0.0562529 0 0.964013 17324.2 16588.7 735.523 0 -30.7301 -31.6375 1 12926.9 314.91 12601 0.000119584
12700 1.64771 1.58766 0.0600535 0 0.963553 17488.9 16747.5 741.437 0 -30.7364 -31.4001 1 13026.9 316.126 12701 0.000125003
12800 1.60651 1.55313 0.0533779 0 0.966774 17650 16902.8 747.237 0 -30.7481 -32.0215 1 13126.9 317.337 12801 0.000121329
12900 1.54649 1.49587 0.0506184 0 0.967269 17804.8 17052.4 752.453 0 -30.7602 -32.1359 1 13226.9 318.544 12901 0.00011595
13000 1.58255 1.52495 0.057606 0 0.963599 17962.8 17204.9 757.947 0 -30.7666 -31.4921 1 13326.9 319.745 13001 0.000117294
13100 1.60405 1.54554 0.0585123 0 0.963522 18123.1 17359.4 763.716 0 -30.7721 -31.3865 1 13426.9 320.943 13101 0.000117971
13200 1.6221 1.56284 0.0592573 0 0.963469 18285.4 17515.7 769.654 0 -30.7764 -31.2602 1 13526.9 322.136 13201 0.000118388
13300 1.66265 1.59813 0.0645232 0 0.961193 18451.5 17675.5 775.979 0 -30.7798 -31.1503 1 13626.9 323.324 13301 0.000120151
13400 1.61541 1.55568 0.0597308 0 0.963024 18613.6 17831.1 782.513 0 -30.787 -31.6088 1 13726.9 324.508 13401 0.000116087
13500 1.61854 1.55713 0.0614115 0 0.962058 18775.7 17986.8 788.95 0 -30.7941 -31.6126 1 13826.9 325.688 13501 0.000115335
13600 1.56498 1.50694 0.0580325 0 0.962918 18932.5 18137.5 795.021 0 -30.8009 -31.6085 1 13926.9 326.864 13601 0.000110796
13700 1.64291 1.57786 0.0650567 0 0.960402 19096.4 18295.3 801.174 0 -30.8052 -31.3047 1 14026.9 328.035 13701 0.000115164
13800 1.61157 1.55486 0.0567096 0 0.964811 19258 18450.8 807.224 0 -30.8123 -31.6509 1 14126.9 329.203 13801 0.000112663
13900 1.63459 1.57316 0.0614366 0 0.962415 19421.5 18608.1 813.376 0 -30.821 -31.8491 1 14226.9 330.366 13901 0.000113169
14000 1.64421 1.5841 0.0601174 0 0.963437 19586.1 18766.5 819.623 0 -30.8294 -31.8195 1 14326.9 331.525 14001 0.000113142
14100 1.67052 1.60633 0.064189 0 0.961575 19753 18927.1 825.928 0 -30.8347 -31.4571 1 14426.9 332.68 14101 0.000113916
14200 1.80675 1.73469 0.0720619 0 0.960115 19933.5 19100.6 832.866 0 -30.8351 -30.8793 1 14526.9 333.831 14201 0.000122153
14300 1.69987 1.6413 0.0585688 0 0.965545 20104.2 19264.7 839.444 0 -30.8392 -31.3151 1 14626.9 334.978 14301 0.000114768
14400 1.62881 1.56786 0.060958 0 0.962575 20267 19421.5 845.454 0 -30.8446 -31.5175 1 14726.9 336.121 14401 0.000108871
14500 1.63286 1.57448 0.058374 0 0.96425 20430.2 19579 851.262 0 -30.851 -31.6377 1 14826.9 337.26 14501 0.000108577
14600 1.68154 1.62121 0.0603296 0 0.964122 20598.2 19741.1 857.109 0 -30.8546 -31.2954 1 14926.9 338.396 14601 0.000111034
14700 1.69145 1.62873 0.0627108 0 0.962925 20767 19903.9 863.095 0 -30.8581 -31.2867 1 15026.9 339.527 14701 0.000110791
14800 1.69895 1.64118 0.057776 0 0.965993 20937.1 20068.1 869.087 0 -30.8634 -31.506 1 15126.9 340.655 14801 0.000110883
14900 1.63551 1.58103 0.054484 0 0.966687 21100.9 20226.2 874.772 0 -30.8708 -31.8226 1 15226.9 341.779 14901 0.000106102
15000 1.62134 1.56706 0.0542708 0 0.966527 21263.3 20382.9 880.403 0 -30.878 -31.804 1 15326.9 342.9 15001 0.000104464
15100 1.60603 1.55051 0.0555144 0 0.965434 21423.7 20537.9 885.75 0 -30.8839 -31.6693 1 15426.9 344.016 15101 0.000102676
15200 1.64784 1.5889 0.0589345 0 0.964235 21588.2 20696.8 891.41 0 -30.89 -31.6845 1 15526.9 345.13 15201 0.000104526
15300 1.59217 1.53745 0.0547192 0 0.965632 21747.6 20850.6 897.038 0 -30.896 -31.7103 1 15626.9 346.239 15301 0.000100481
15400 1.5794 1.52607 0.0533296 0 0.966234 21905.6 21003.2 902.459 0 -30.9031 -31.8861 1 15726.9 347.345 15401 9.90889e-05
15500 1.65731 1.59834 0.0589666 0 0.96442 22071.2 21163 908.16 0 -30.9087 -31.6447 1 15826.9 348.448 15501 0.000103112
15600 1.7029 1.64133 0.0615673 0 0.963846 22241.3 21327.1 914.174 0 -30.9133 -31.5088 1 15926.9 349.547 15601 0.000105207
15700 1.67254 1.61104 0.0615075 0 0.963225 22408.8 21488.2 920.576 0 -30.9184 -31.597 1 16026.9 350.643 15701 0.000102607
15800 1.61521 1.55782 0.0573912 0 0.964468 22570.8 21644 926.738 0 -30.925 -31.845 1 16126.9 351.735 15801 9.85897e-05
15900 1.61971 1.55863 0.0610864 0 0.962286 22732.4 21799.9 932.553 0 -30.9313 -31.8079 1 16226.9 352.824 15901 9.80208e-05
16000 1.59036 1.53557 0.0547861 0 0.965551 22891.7 21953.4 938.284 0 -30.9387 -31.9844 1 16326.9 353.909 16001 9.59674e-05
16100 1.65295 1.58917 0.063786 0 0.961411 23056.5 22112.4 944.112 0 -30.9431 -31.5582 1 16426.9 354.991 16101 9.86998e-05
16200 1.62836 1.56784 0.0605217 0 0.962833 23219.3 22269.1 950.155 0 -30.9495 -31.8541 1 16526.9 356.07 16201 9.67741e-05
16300 1.66686 1.60406 0.0627995 0 0.962325 23386.1 22429.5 956.517 0 -30.9545 -31.6494 1 16626.9 357.146 16301 9.84028e-05
16400 1.67119 1.60746 0.0637318 0 0.961865 23553.3 22590.3 962.974 0 -30.9585 -31.5303 1 16726.9 358.218 16401 9.801e-05
16500 1.68178 1.61787 0.0639104 0 0.961998 23721.4 22752.1 969.335 0 -30.9634 -31.6486 1 16826.9 359.287 16501 9.80466e-05
16600 1.64721 1.58594 0.0612727 0 0.962802 23886.2 22910.7 975.518 0 -30.9686 -31.714 1 16926.9 360.353 16601 9.55326e-05
16700 1.68878 1.6243 0.0644821 0 0.961817 24054.9 23073.1 981.78 0 -30.9735 -31.6673 1 17026.9 361.416 16701 9.72577e-05
16800 1.66766 1.60862 0.0590431 0 0.964595 24221.9 23234 987.913 0 -30.9786 -31.7097 1 17126.9 362.476 16801 9.57455e-05
16900 1.6503 1.59189 0.0584087 0 0.964607 24387 23393.2 993.853 0 -30.9844 -31.8336 1 17226.9 363.533 16901 9.41892e-05
17000 1.64967 1.59246 0.057205 0 0.965323 24552.2 23552.4 999.762 0 -30.9906 -31.9115 1 17326.9 364.586 17001 9.36689e-05
17100 1.63449 1.57712 0.057368 0 0.964902 24715.5 23710.1 1005.38 0 -30.9981 -32.1179 1 17426.9 365.637 17101 9.22239e-05
17200 1.68278 1.63158 0.051195 0 0.969577 24884.3 23873.3 1011.02 0 -31.0062 -32.1926 1 17526.9 366.684 17201 9.48538e-05
17300 1.66666 1.60669 0.0599766 0 0.964014 25050.4 24033.9 1016.5 0 -31.0128 -31.9999 1 17626.9 367.729 17301 9.28666e-05
17400 1.64749 1.59286 0.0546314 0 0.96684 25215.5 24193.2 1022.31 0 -31.0201 -32.1408 1 17726.9 368.771 17401 9.15386e-05
17500 1.66907 1.61312 0.055957 0 0.966474 25382.7 24354.5 1028.12 0 -31.0259 -31.8923 1 17826.9 369.809 17501 9.21728e-05
17600 1.67217 1.61082 0.0613495 0 0.963311 25549.5 24515.6 1033.92 0 -31.0311 -31.822 1 17926.9 370.845 17601 9.15185e-05
17700 1.67037 1.61518 0.0551945 0 0.966957 25716.9 24677.1 1039.73 0 -31.0359 -31.7639 1 18026.9 371.878 17701 9.12479e-05
17800 1.67081 1.61118 0.0596327 0 0.964309 25883.7 24838.3 1045.45 0 -31.0411 -31.854 1 18126.9 372.908 17801 9.05106e-05
17900 1.62339 1.57031 0.053083 0 0.967301 26046.2 24995.3 1050.94 0 -31.0477 -32.0974 1 18226.9 373.935 17901 8.77217e-05
18000 1.61378 1.56611 0.0476622 0 0.970465 26207.9 25151.9 1055.99 0 -31.0526 -31.8392 1 18326.9 374.959 18001 8.70015e-05
18100 1.62172 1.56795 0.053763 0 0.966848 26369.8 25308.7 1061.13 0 -31.0567 -31.7227 1 18426.9 375.981 18101 8.66225e-05
18200 1.70454 1.65232 0.052224 0 0.969362 26540.5 25473.9 1066.55 0 -31.0623 -31.9281 1 18526.9 377 18201 9.07817e-05
18300 1.69985 1.64039 0.0594598 0 0.965021 26710 25638 1072.01 0 -31.0663 -31.6898 1 18626.9 378.016 18301 8.96338e-05
18400 1.71006 1.65352 0.0565437 0 0.966935 26880.9 25803.3 1077.63 0 -31.0724 -32.0199 1 18726.9 379.029 18401 8.98603e-05
18500 1.79752 1.73321 0.0643076 0 0.964224 27060.3 25976.6 1083.64 0 -31.0776 -31.8642 1 18826.9 380.04 18501 9.36821e-05
18600 1.66884 1.61479 0.0540466 0 0.967614 27227.4 26138.1 1089.29 0 -31.0836 -32.0498 1 18926.9 381.048 18601 8.6812e-05
18700 1.71976 1.66261 0.0571453 0 0.966771 27399.5 26304.4 1095.14 0 -31.0895 -32.026 1 19026.9 382.053 18701 8.8905e-05
18800 1.78143 1.71696 0.0644757 0 0.963807 27577.6 26476.1 1101.48 0 -31.0943 -31.829 1 19126.9 383.056 18801 9.13227e-05
18900 1.73047 1.66892 0.0615538 0 0.96443 27750.7 26643 1107.75 0 -31.0994 -31.9168 1 19226.9 384.056 18901 8.8298e-05
19000 1.6722 1.61519 0.05701 0 0.965907 27918.1 26804.5 1113.65 0 -31.1051 -32.0526 1 19326.9 385.053 19001 8.50053e-05
19100 1.67785 1.62257 0.0552839 0 0.967051 28086.2 26966.7 1119.5 0 -31.1111 -32.0999 1 19426.9 386.048 19101 8.49468e-05
19200 1.64029 1.58145 0.0588348 0 0.964131 28250 27124.9 1125.08 0 -31.1164 -32.0366 1 19526.9 387.041 19201 8.2363e-05
19300 1.6344 1.57648 0.0579246 0 0.964559 28413.3 27282.5 1130.72 0 -31.1221 -32.0948 1 19626.9 388.03 19301 8.16785e-05
19400 1.69495 1.63353 0.0614268 0 0.963759 28582.5 27445.9 1136.65 0 -31.127 -31.9546 1 19726.9 389.018 19401 8.41981e-05
19500 1.68817 1.63362 0.0545482 0 0.967688 28751.9 27609.2 1142.67 0 -31.1332 -32.1737 1 19826.9 390.002 19501 8.37711e-05
19600 1.58645 1.53597 0.0504741 0 0.968184 28910.8 27762.8 1147.92 0 -31.1394 -32.2637 1 19926.9 390.985 19601 7.8362e-05
19700 1.60426 1.55124 0.0530174 0 0.966952 29071.2 27918 1153.27 0 -31.1451 -32.1733 1 20026.9 391.964 19701 7.87393e-05
19800 1.59902 1.54542 0.0535971 0 0.966481 29231.2 28072.5 1158.68 0 -31.1515 -32.3099 1 20126.9 392.942 19801 7.80476e-05
19900 1.59678 1.54472 0.0520579 0 0.967398 29390.9 28227 1163.96 0 -31.159 -32.53 1 20226.9 393.917 19901 7.76203e-05
20000 1.62529 1.56996 0.0553286 0 0.965958 29553.3 28384 1169.3 0 -31.165 -32.2601 1 20325.9 394.88 20000 7.84981e-05
