100 0.0567968 0.0524616 0.00433523 0 0.923671 5.45235 5.24616 0.206193 0 -25.0396 -25.0396 8 429.882 57.4268 13 0.00403551
200 0.083026 0.0784326 0.00459338 0 0.944675 13.7759 13.0894 0.686468 0 -27.2104 -28.6324 8 533.882 63.9974 26 0.00301664
300 0.0838193 0.0771795 0.00663986 0 0.920784 22.0758 20.8074 1.26846 0 -27.3041 -27.4596 8 629.882 69.5136 38 0.00203104
400 0.076179 0.0700149 0.00616411 0 0.919084 29.6513 27.8089 1.8424 0 -27.3042 -27.3045 8 733.882 75.0331 51 0.00137284
500 0.07896 0.073385 0.00557502 0 0.929394 37.6409 35.1474 2.49351 0 -27.2785 -27.1831 8 829.882 79.7899 63 0.00116484
600 0.084978 0.0792016 0.00577633 0 0.932026 46.1449 43.0675 3.0774 0 -27.5137 -28.5548 8 933.882 84.642 76 0.00104213
700 0.0972155 0.0907475 0.006468 0 0.933467 55.9445 52.1423 3.80223 0 -27.647 -28.2747 8 1029.88 88.8861 88 0.00103122
800 0.086553 0.0804116 0.00614137 0 0.929045 64.577 60.1834 4.39353 0 -27.7156 -28.1598 8 1133.88 93.2661 101 0.000796155
900 0.100706 0.0952995 0.00540613 0 0.946318 74.7989 69.7134 5.08557 0 -27.6751 -27.4198 8 1229.88 97.1341 113 0.000843359
1000 0.0816514 0.0774157 0.0042357 0 0.948125 83.0416 77.455 5.58665 0 -27.7497 -28.4266 8 1333.88 101.158 126 0.00061441
1100 0.105391 0.0987604 0.00663068 0 0.937085 93.4599 87.331 6.12889 0 -27.8515 -28.6627 8 1429.88 104.735 138 0.000715655
1200 0.124852 0.118275 0.00657662 0 0.947325 105.983 99.1585 6.82464 0 -27.969 -28.8461 8 1533.88 108.477 151 0.000783279
1300 0.134263 0.127941 0.00632248 0 0.95291 119.537 111.953 7.58426 0 -28.2296 -30.2673 8 1629.88 111.82 163 0.000784913
1400 0.128826 0.12089 0.00793567 0 0.9384 132.289 124.042 8.24789 0 -28.3152 -29.1171 8 1733.88 115.332 176 0.000686874
1500 0.151198 0.140848 0.0103502 0 0.931546 147.219 138.126 9.09301 0 -28.4077 -29.2277 8 1829.88 118.482 188 0.000749191
1600 0.13707 0.128949 0.00812169 0 0.940748 160.973 151.021 9.95217 0 -28.5172 -29.6897 8 1933.88 121.802 201 0.000641536
1700 0.159942 0.151034 0.00890805 0 0.944304 176.963 166.125 10.8383 0 -28.5456 -28.8315 8 2029.88 124.789 213 0.000709079
1800 0.13148 0.124635 0.00684563 0 0.947934 190.167 178.588 11.5794 0 -28.6345 -29.8255 8 2133.88 127.946 226 0.000551481
1900 0.136515 0.129538 0.0069767 0 0.948894 203.819 191.542 12.2769 0 -28.7134 -29.8125 8 2229.88 130.792 238 0.000544279
2000 0.174022 0.166341 0.00768102 0 0.955862 221.279 208.176 13.1025 0 -28.8276 -30.1607 8 2333.88 133.807 251 0.000662714
2100 0.141519 0.135216 0.00630278 0 0.955463 235.511 221.698 13.8134 0 -28.9442 -30.7577 8 2429.88 136.531 263 0.000514129
2200 0.139392 0.133023 0.00636853 0 0.954312 249.46 235 14.4599 0 -28.9967 -29.8818 8 2533.88 139.423 276 0.000481968
2300 0.138276 0.13134 0.00693591 0 0.94984 263.255 248.134 15.1211 0 -29.0628 -30.2586 8 2629.88 142.039 288 0.000456043
2400 0.146057 0.13923 0.00682741 0 0.953255 277.888 262.057 15.8312 0 -29.1658 -31.0181 8 2733.88 144.82 301 0.000462558
2500 0.148121 0.142194 0.00592681 0 0.959987 292.766 276.276 16.4892 0 -29.2123 -30.0817 8 2829.88 147.341 313 0.000454295
2600 0.137242 0.132118 0.00512392 0 0.962665 306.561 289.488 17.0732 0 -29.2712 -30.5217 8 2933.88 150.024 326 0.000405269
2700 0.135053 0.129673 0.00537953 0 0.960167 320.057 302.456 17.602 0 -29.3359 -30.8059 8 3029.88 152.459 338 0.000383649
2800 0.140603 0.133753 0.00684997 0 0.951281 333.997 315.831 18.1661 0 -29.3764 -30.3055 8 3133.88 155.053 351 0.000381063
2900 0.177713 0.169154 0.00855842 0 0.951841 351.722 332.746 18.9761 0 -29.4086 -30.016 8 3229.88 157.41 363 0.00046599
3000 0.154401 0.147407 0.00699346 0 0.954706 367.312 347.487 19.8246 0 -29.4656 -30.7495 8 3333.88 159.925 376 0.00039204
3100 0.137203 0.129446 0.00775743 0 0.94346 380.928 360.432 20.4965 0 -29.4978 -30.3664 8 3429.88 162.211 388 0.000333623
3200 0.14245 0.13583 0.00662081 0 0.953522 395.201 374.015 21.1866 0 -29.5465 -30.8465 8 3533.88 164.652 401 0.000338727
3300 0.131805 0.126338 0.0054676 0 0.958518 408.44 386.648 21.7917 0 -29.6031 -31.2941 8 3629.88 166.873 413 0.000305902
3400 0.160622 0.154371 0.00625063 0 0.961085 424.553 402.085 22.4679 0 -29.6695 -31.3528 8 3733.88 169.247 426 0.000362373
3500 0.16566 0.15783 0.00782988 0 0.952735 441.067 417.868 23.1991 0 -29.6837 -30.0488 8 3829.88 171.409 438 0.000360343
3600 0.160774 0.154909 0.00586482 0 0.963521 457.266 433.359 23.9068 0 -29.7198 -30.7028 8 3933.88 173.72 451 0.000343479
3700 0.146041 0.141434 0.00460682 0 0.968455 472.04 447.503 24.5368 0 -29.769 -31.2927 8 4029.88 175.827 463 0.000305473
3800 0.140035 0.135888 0.00414721 0 0.970384 486.11 461.091 25.0187 0 -29.8348 -32.0407 8 4133.88 178.082 476 0.000285478
3900 0.136983 0.13203 0.00495321 0 0.963841 499.784 474.294 25.4896 0 -29.8679 -31.0434 8 4229.88 180.138 488 0.000270553
4000 0.162821 0.157131 0.00569014 0 0.965053 516.099 490.008 26.0919 0 -29.8802 -30.2572 8 4333.88 182.339 501 0.000313635
4100 0.154618 0.148191 0.00642745 0 0.95843 531.588 504.827 26.7608 0 -29.8946 -30.3752 8 4429.88 184.347 513 0.000288871
4200 0.145289 0.139697 0.00559173 0 0.961513 546.139 518.796 27.3426 0 -29.9294 -31.1996 8 4533.88 186.498 526 0.000265584
4300 0.147627 0.141519 0.00610833 0 0.958623 560.876 532.948 27.9273 0 -29.9692 -31.4445 8 4629.88 188.463 538 0.000263046
4400 0.145083 0.140923 0.00415979 0 0.971328 575.492 547.041 28.451 0 -30.0236 -32.1125 8 4733.88 190.567 551 0.000255759
4500 0.147073 0.142346 0.00472718 0 0.967858 590.234 561.275 28.9591 0 -30.0554 -31.2962 8 4829.88 192.49 563 0.000252834
4600 0.141929 0.13562 0.00630922 0 0.955547 604.254 574.837 29.4169 0 -30.0794 -31.0881 8 4933.88 194.551 576 0.000235452
4700 0.179719 0.170956 0.00876362 0 0.951237 622.066 591.933 30.1337 0 -30.0681 -29.687 8 5029.88 196.435 588 0.000290741
4800 0.183935 0.176317 0.0076177 0 0.958585 640.547 609.564 30.9825 0 -30.0592 -29.7605 8 5133.88 198.455 601 0.000293373
4900 0.16993 0.162319 0.00761152 0 0.955208 657.624 625.796 31.8275 0 -30.0672 -30.3665 8 5229.88 200.302 613 0.000264794
5000 0.16659 0.160437 0.00615278 0 0.963066 674.46 641.84 32.6196 0 -30.0586 -29.7212 8 5333.88 202.284 626 0.000256289
5100 0.163778 0.154806 0.00897143 0 0.945222 690.765 657.321 33.4446 0 -30.0546 -29.8902 8 5429.88 204.096 638 0.000242643
5200 0.172033 0.164102 0.00793132 0 0.953897 708.088 673.731 34.3572 0 -30.0588 -30.2245 8 5533.88 206.042 651 0.000252077
5300 0.173751 0.165676 0.00807518 0 0.953524 725.466 690.298 35.1673 0 -30.0898 -31.3528 8 5629.88 207.821 663 0.000249888
5400 0.163757 0.156881 0.00687612 0 0.95801 741.908 705.987 35.9213 0 -30.1199 -31.4517 8 5733.88 209.732 676 0.000232073
5500 0.150602 0.144538 0.00606466 0 0.959731 757.053 720.44 36.6126 0 -30.1544 -31.8405 8 5829.88 211.48 688 0.000210084
5600 0.146448 0.140514 0.00593357 0 0.959483 771.73 734.492 37.2382 0 -30.1838 -31.6993 8 5933.88 213.358 701 0.000200448
5700 0.143035 0.136959 0.00607588 0 0.957522 786.008 748.188 37.8207 0 -30.2124 -31.7615 8 6029.88 215.077 713 0.000192088
5800 0.157321 0.15144 0.00588042 0 0.962621 801.767 763.332 38.4357 0 -30.2319 -31.2061 8 6133.88 216.924 726 0.000208596
5900 0.15058 0.144339 0.00624039 0 0.958558 816.793 777.766 39.027 0 -30.2569 -31.5882 8 6229.88 218.615 738 0.000195582
6000 0.179617 0.171715 0.00790236 0 0.956004 834.801 794.937 39.8643 0 -30.265 -30.6328 8 6333.88 220.432 751 0.000228648
6100 0.171253 0.162406 0.00884649 0 0.948342 851.904 811.178 40.7261 0 -30.2739 -30.708 8 6429.88 222.096 763 0.000212852
6200 0.147014 0.140761 0.00625339 0 0.957464 866.733 825.254 41.479 0 -30.2979 -31.6793 8 6533.88 223.885 776 0.000181393
6300 0.206726 0.196993 0.00973242 0 0.952921 887.329 844.953 42.3758 0 -30.3086 -30.757 8 6629.88 225.524 788 0.000249992
6400 0.190059 0.181828 0.00823136 0 0.956691 906.376 863.136 43.24 0 -30.3066 -30.2124 8 6733.88 227.286 801 0.000227001
6500 0.245224 0.234096 0.0111282 0 0.95462 930.833 886.545 44.2877 0 -30.2817 -29.3616 8 6829.88 228.9 813 0.000287941
6600 0.207334 0.197403 0.00993159 0 0.952099 951.541 906.286 45.2557 0 -30.2733 -29.8931 8 6933.88 230.637 826 0.000238986
6700 0.193338 0.184533 0.00880487 0 0.954459 970.917 924.739 46.1775 0 -30.2696 -30.0866 8 7029.88 232.228 838 0.000220207
6800 0.193419 0.183361 0.0100575 0 0.948001 990.149 943.075 47.074 0 -30.2733 -30.4605 8 7133.88 233.939 851 0.000215465
6900 0.194857 0.185473 0.00938404 0 0.951841 1009.66 961.622 48.038 0 -30.2728 -30.2509 8 7229.88 235.508 863 0.000214916
7000 0.172726 0.164752 0.00797386 0 0.953835 1026.96 978.098 48.858 0 -30.2818 -30.8054 8 7333.88 237.196 876 0.000188073
7100 0.201839 0.193272 0.00856716 0 0.957554 1047.15 997.425 49.7261 0 -30.2983 -31.1378 8 7429.88 238.743 888 0.000217648
7200 0.184795 0.177031 0.00776396 0 0.957986 1065.64 1015.13 50.5109 0 -30.3178 -31.4233 8 7533.88 240.408 901 0.000196483
7300 0.212175 0.203112 0.00906351 0 0.957283 1086.88 1035.44 51.4404 0 -30.3283 -30.8517 8 7629.88 241.935 913 0.000222466
7400 0.186632 0.177597 0.00903558 0 0.951586 1105.56 1053.2 52.3626 0 -30.3373 -30.8634 8 7733.88 243.578 926 0.000191789
7500 0.176873 0.169685 0.00718812 0 0.95936 1123.32 1070.17 53.1528 0 -30.3504 -31.168 8 7829.88 245.086 938 0.0001809
7600 0.180048 0.172874 0.00717355 0 0.960158 1141.26 1087.45 53.8076 0 -30.369 -31.5312 8 7933.88 246.708 951 0.000181782
7700 0.203467 0.195591 0.00787666 0 0.961288 1161.67 1107.01 54.6559 0 -30.3845 -31.2488 8 8029.88 248.196 963 0.000203106
7800 0.187806 0.179227 0.00857867 0 0.954322 1180.37 1124.94 55.4324 0 -30.3997 -31.3432 8 8133.88 249.798 976 0.000183634
7900 0.19505 0.187781 0.00726951 0 0.96273 1199.96 1143.71 56.2459 0 -30.4065 -30.8202 8 8229.88 251.268 988 0.000190061
8000 0.195123 0.188152 0.00697096 0 0.964274 1219.57 1162.53 57.0405 0 -30.406 -30.3759 8 8333.88 252.85 1001 0.000187964
8100 0.238469 0.229675 0.00879352 0 0.963125 1243.46 1185.5 57.9654 0 -30.4048 -30.3403 8 8429.88 254.303 1013 0.000226728
8200 0.198615 0.191283 0.00733239 0 0.963082 1263.41 1204.63 58.7865 0 -30.4164 -31.1398 8 8533.88 255.866 1026 0.000186436
8300 0.187975 0.179869 0.00810601 0 0.956877 1282.05 1222.61 59.4363 0 -30.4245 -30.9746 8 8629.88 257.302 1038 0.000173285
8400 0.19249 0.187018 0.00547153 0 0.971575 1301.44 1241.31 60.1255 0 -30.4398 -31.4514 8 8733.88 258.847 1051 0.000177943
8500 0.180701 0.17577 0.00493047 0 0.972715 1319.58 1258.89 60.6844 0 -30.4597 -31.8878 8 8829.88 260.266 1063 0.000165353
8600 0.181812 0.175847 0.00596428 0 0.967195 1337.72 1276.48 61.247 0 -30.4726 -31.4147 8 8933.88 261.794 1076 0.000163427
8700 0.181906 0.176699 0.00520614 0 0.97138 1355.98 1294.15 61.8301 0 -30.4858 -31.4483 8 9029.88 263.197 1088 0.000162408
8800 0.155441 0.15216 0.00328125 0 0.978891 1371.68 1309.36 62.3212 0 -30.5074 -32.3748 8 9133.88 264.708 1101 0.000138202
8900 0.159199 0.154811 0.00438789 0 0.972438 1387.58 1324.84 62.7403 0 -30.53 -32.4836 8 9229.88 266.096 1113 0.000139093
9000 0.174003 0.167836 0.00616709 0 0.964558 1404.96 1341.63 63.3322 0 -30.5473 -31.9251 8 9333.88 267.591 1126 0.000149055
9100 0.190281 0.182843 0.00743811 0 0.96091 1423.94 1359.91 64.03 0 -30.5607 -31.5508 8 9429.88 268.963 1138 0.00016067
9200 0.217577 0.209816 0.00776114 0 0.964329 1445.87 1380.89 64.9756 0 -30.567 -30.9743 8 9533.88 270.443 1151 0.00018229
9300 0.248419 0.238848 0.00957043 0 0.961475 1470.76 1404.78 65.9827 0 -30.5607 -30.1974 8 9629.88 271.801 1163 0.000205372
9400 0.191443 0.185219 0.00622368 0 0.967491 1490.04 1423.3 66.7412 0 -30.5709 -31.3467 8 9733.88 273.264 1176 0.000157499
9500 0.182537 0.175724 0.00681261 0 0.962678 1508.2 1440.87 67.3239 0 -30.5807 -31.3919 8 9829.88 274.609 1188 0.000147916
9600 0.26581 0.255453 0.0103571 0 0.961036 1534.67 1466.42 68.2521 0 -30.5935 -31.3206 8 9933.88 276.058 1201 0.0002127
9700 0.253004 0.244288 0.00871594 0 0.96555 1560.1 1490.85 69.25 0 -30.604 -31.2393 8 10029.9 277.388 1213 0.000201392
9800 0.238742 0.229538 0.00920411 0 0.961448 1584 1513.8 70.2039 0 -30.6143 -31.2871 8 10133.9 278.823 1226 0.000187225
9900 0.228036 0.21848 0.00955592 0 0.958095 1606.85 1535.65 71.1978 0 -30.6178 -30.8592 8 10229.9 280.14 1238 0.000176478
10000 0.22475 0.216447 0.00830273 0 0.963058 1629.39 1557.29 72.0958 0 -30.6348 -31.8436 8 10333.9 281.561 1251 0.000173019
10100 0.231686 0.2229 0.00878554 0 0.96208 1652.66 1579.58 73.073 0 -30.6403 -31.025 8 10429.9 282.865 1263 0.000176485
10200 0.22139 0.21315 0.00824008 0 0.96278 1674.89 1600.9 73.9972 0 -30.6522 -31.5414 8 10533.9 284.272 1276 0.000167045
10300 0.224535 0.216355 0.00818009 0 0.963569 1697.43 1622.53 74.8979 0 -30.6724 -32.1674 8 10629.9 285.565 1288 0.000167977
10400 0.20009 0.192252 0.00783774 0 0.960829 1717.37 1641.76 75.6074 0 -30.6905 -32.2351 8 10733.9 286.958 1301 0.000147773
10500 0.221331 0.213432 0.00789962 0 0.964309 1739.53 1663.1 76.4257 0 -30.7141 -32.5424 8 10829.9 288.238 1313 0.000162553
10600 0.210695 0.203835 0.00686029 0 0.96744 1760.65 1683.48 77.1617 0 -30.7296 -32.008 8 10933.9 289.619 1326 0.000153722
10700 0.184401 0.178638 0.00576297 0 0.968748 1779.16 1701.35 77.8064 0 -30.7477 -32.4657 8 11029.9 290.888 1338 0.000133511
10800 0.177853 0.17226 0.00559239 0 0.968556 1796.97 1718.57 78.3956 0 -30.7636 -32.3513 8 11133.9 292.256 1351 0.000127506
10900 0.172415 0.165271 0.0071433 0 0.958569 1814.1 1735.1 78.998 0 -30.7757 -32.0482 8 11229.9 293.513 1363 0.000121255
11000 0.182589 0.177135 0.00545449 0 0.970127 1832.38 1752.82 79.5667 0 -30.7911 -32.3156 8 11333.9 294.869 1376 0.000128732
11100 0.220107 0.212184 0.00792276 0 0.964005 1854.45 1774.03 80.4154 0 -30.792 -30.8677 8 11429.9 296.115 1388 0.000152871
11200 0.2152 0.208653 0.0065462 0 0.969581 1876.14 1794.9 81.2396 0 -30.8056 -31.9725 8 11533.9 297.459 1401 0.000148932
11300 0.210845 0.202642 0.00820236 0 0.961098 1897.13 1815.16 81.9695 0 -30.8173 -31.8564 8 11629.9 298.695 1413 0.000143413
11400 0.201125 0.192838 0.00828627 0 0.9588 1917.26 1834.45 82.8171 0 -30.8276 -31.8013 8 11733.9 300.027 1426 0.00013523
11500 0.212785 0.203307 0.009478 0 0.955457 1938.53 1854.78 83.7518 0 -30.8344 -31.4472 8 11829.9 301.252 1438 0.000141382
11600 0.207233 0.1993 0.00793265 0 0.961721 1959.4 1874.71 84.6921 0 -30.8397 -31.3297 8 11933.9 302.574 1451 0.000137354
11700 0.179308 0.172279 0.00702919 0 0.960798 1977.37 1891.94 85.4332 0 -30.8502 -31.9973 8 12029.9 303.788 1463 0.000117757
11800 0.173293 0.167202 0.00609066 0 0.964853 1994.7 1908.66 86.042 0 -30.8629 -32.3105 8 12133.9 305.098 1476 0.000113281
11900 0.172707 0.164612 0.00809569 0 0.953125 2011.69 1925.12 86.5756 0 -30.8696 -31.6598 8 12229.9 306.303 1488 0.000110626
12000 0.189929 0.183382 0.0065468 0 0.96553 2030.64 1943.46 87.1808 0 -30.8711 -31.0266 8 12333.9 307.603 1501 0.000122173
12100 0.202246 0.195212 0.00703433 0 0.965219 2050.83 1962.98 87.8493 0 -30.8762 -31.3877 8 12429.9 308.797 1513 0.000129023
12200 0.18656 0.180276 0.00628392 0 0.966317 2069.51 1981 88.5029 0 -30.8839 -31.7358 8 12533.9 310.087 1526 0.000118136
12300 0.17504 0.1693 0.00574006 0 0.967207 2087.02 1997.93 89.0853 0 -30.8946 -32.155 8 12629.9 311.272 1538 0.000110078
12400 0.167363 0.161368 0.00599503 0 0.964179 2103.74 2014.07 89.6706 0 -30.9059 -32.3132 8 12733.9 312.551 1551 0.000104041
12500 0.208073 0.199982 0.00809127 0 0.961113 2124.46 2034.07 90.3862 0 -30.9125 -31.5856 8 12829.9 313.727 1563 0.000127948
12600 0.274676 0.264971 0.00970509 0 0.964667 2151.99 2060.57 91.4284 0 -30.8991 -29.8691 8 12933.9 314.996 1576 0.000168129
12700 0.250426 0.240031 0.0103955 0 0.958489 2177.02 2084.57 92.455 0 -30.8967 -30.6867 8 13029.9 316.162 1588 0.000151153
12800 0.239639 0.229745 0.00989388 0 0.958713 2201.08 2107.54 93.538 0 -30.8949 -30.7351 8 13133.9 317.422 1601 0.000143501
12900 0.219155 0.210394 0.00876135 0 0.960022 2223.08 2128.58 94.4981 0 -30.8968 -31.0845 8 13229.9 318.58 1613 0.000130436
13000 0.191964 0.184907 0.0070573 0 0.963236 2242.35 2147.07 95.2795 0 -30.9024 -31.5538 8 13333.9 319.829 1626 0.000113719
13100 0.191745 0.185283 0.00646211 0 0.966298 2261.61 2165.6 96.003 0 -30.9111 -31.9224 8 13429.9 320.979 1638 0.000113115
13200 0.192963 0.186537 0.00642633 0 0.966697 2280.96 2184.26 96.7018 0 -30.9166 -31.5508 8 13533.9 322.219 1651 0.000112984
13300 0.235172 0.227497 0.00767459 0 0.967366 2304.56 2207.01 97.5592 0 -30.925 -31.7444 8 13629.9 323.36 1663 0.000136799
13400 0.220385 0.21261 0.00777494 0 0.964721 2326.64 2228.27 98.3706 0 -30.9317 -31.6227 8 13733.9 324.591 1676 0.000126856
13500 0.236754 0.227618 0.00913581 0 0.961412 2350.26 2251.03 99.2361 0 -30.9381 -31.5772 8 13829.9 325.724 1688 0.000134845
13600 0.215956 0.208661 0.00729439 0 0.966223 2371.96 2271.89 100.063 0 -30.9494 -32.1704 8 13933.9 326.946 1701 0.00012267
13700 0.240807 0.230106 0.0107012 0 0.955561 2395.88 2294.91 100.973 0 -30.9529 -31.2952 8 14029.9 328.07 1713 0.000134329
13800 0.213751 0.204093 0.00965807 0 0.954816 2417.2 2315.31 101.89 0 -30.958 -31.5328 8 14133.9 329.284 1726 0.000118246
13900 0.217443 0.208655 0.00878792 0 0.959585 2439.03 2336.18 102.846 0 -30.965 -31.742 8 14229.9 330.401 1738 0.000120055
14000 0.186458 0.179676 0.00678164 0 0.963629 2457.76 2354.15 103.61 0 -30.9763 -32.4416 8 14333.9 331.606 1751 0.000102614
14100 0.19732 0.189739 0.00758149 0 0.961578 2477.52 2373.12 104.402 0 -30.9842 -31.9754 8 14429.9 332.714 1763 0.000107623
14200 0.197174 0.190609 0.00656502 0 0.966705 2497.29 2392.18 105.107 0 -30.9923 -32.0026 8 14533.9 333.911 1776 0.000107325
14300 0.203166 0.195725 0.00744112 0 0.963374 2517.57 2411.75 105.813 0 -31.0019 -32.1904 8 14629.9 335.012 1788 0.000109466
14400 0.203567 0.19652 0.00704742 0 0.96538 2537.95 2431.41 106.544 0 -31.012 -32.2598 8 14733.9 336.201 1801 0.000109117
14500 0.203621 0.196943 0.00667813 0 0.967203 2558.36 2451.1 107.26 0 -31.0225 -32.3228 8 14829.9 337.294 1813 0.000108628
14600 0.212861 0.204117 0.00874429 0 0.95892 2579.51 2471.51 107.993 0 -31.0311 -32.0752 8 14933.9 338.475 1826 0.000111784
14700 0.209073 0.199785 0.00928815 0 0.955575 2600.26 2491.49 108.765 0 -31.0385 -31.9608 8 15029.9 339.561 1838 0.000108697
14800 0.197269 0.191326 0.00594278 0 0.969875 2620.07 2510.62 109.443 0 -31.0516 -32.7688 8 15133.9 340.734 1851 0.000103364
14900 0.18316 0.178346 0.00481441 0 0.973715 2638.47 2528.46 110.013 0 -31.0653 -33.0149 8 15229.9 341.813 1863 9.57306e-05
15000 0.180273 0.176221 0.0040521 0 0.977522 2656.57 2546.08 110.494 0 -31.0808 -33.3359 8 15333.9 342.978 1876 9.39346e-05
15100 0.199091 0.19202 0.00707096 0 0.964484 2676.42 2565.28 111.134 0 -31.0918 -32.5672 8 15429.9 344.05 1888 0.000101705
15200 0.210315 0.203514 0.00680123 0 0.967662 2697.46 2585.63 111.827 0 -31.1014 -32.3255 8 15533.9 345.207 1901 0.000107056
15300 0.200714 0.194784 0.00592928 0 0.970459 2717.61 2605.11 112.502 0 -31.1091 -32.1292 8 15629.9 346.272 1913 0.000101821
15400 0.191304 0.185756 0.00554769 0 0.971001 2736.78 2623.69 113.091 0 -31.1184 -32.4447 8 15733.9 347.423 1926 9.64465e-05
15500 0.198633 0.193693 0.00493961 0 0.975132 2756.75 2643.06 113.693 0 -31.1284 -32.4965 8 15829.9 348.481 1938 9.99448e-05
15600 0.183996 0.179261 0.00473447 0 0.974269 2775.19 2660.98 114.204 0 -31.1403 -32.9251 8 15933.9 349.624 1951 9.18818e-05
15700 0.207953 0.199142 0.00881122 0 0.957629 2795.78 2680.9 114.885 0 -31.1532 -32.8807 8 16029.9 350.675 1963 0.000101448
15800 0.251145 0.24063 0.0105148 0 0.958132 2820.88 2704.96 115.917 0 -31.15 -30.7957 8 16133.9 351.811 1976 0.000121776
15900 0.233542 0.22291 0.0106326 0 0.954473 2844.15 2727.25 116.9 0 -31.1494 -31.0858 8 16229.9 352.856 1988 0.000112128
16000 0.235149 0.225341 0.00980855 0 0.958288 2867.76 2749.79 117.97 0 -31.1491 -31.1095 8 16333.9 353.985 2001 0.000112614
16100 0.222475 0.213206 0.00926844 0 0.958339 2890.05 2771.11 118.941 0 -31.1542 -31.8086 8 16429.9 355.024 2013 0.000105915
16200 0.233901 0.223344 0.0105573 0 0.954864 2913.37 2793.44 119.925 0 -31.1559 -31.3709 8 16533.9 356.146 2026 0.000110239
16300 0.222078 0.213142 0.00893646 0 0.95976 2935.59 2814.76 120.831 0 -31.1617 -31.9139 8 16629.9 357.178 2038 0.000104584
16400 0.229201 0.221708 0.00749278 0 0.967309 2958.66 2836.93 121.73 0 -31.1738 -32.711 8 16733.9 358.293 2051 0.000108098
16500 0.202209 0.195584 0.0066246 0 0.967239 2978.94 2856.48 122.451 0 -31.1848 -32.789 8 16829.9 359.319 2063 9.48058e-05
16600 0.246158 0.236268 0.00988981 0 0.959823 3003.38 2880.11 123.272 0 -31.185 -31.2147 8 16933.9 360.428 2076 0.000113809
16700 0.207276 0.201304 0.00597208 0 0.971188 3024.32 2900.24 124.075 0 -31.1916 -32.1344 8 17029.9 361.448 2088 9.64099e-05
16800 0.191534 0.186277 0.00525655 0 0.972555 3043.56 2918.87 124.688 0 -31.2011 -32.7051 8 17133.9 362.55 2101 8.86611e-05
16900 0.237061 0.227344 0.00971756 0 0.959008 3067.08 2941.6 125.477 0 -31.2015 -31.243 8 17229.9 363.564 2113 0.000107593
17000 0.244221 0.236544 0.00767683 0 0.968566 3091.6 2965.26 126.343 0 -31.2044 -31.5668 8 17333.9 364.66 2126 0.000111263
17100 0.252522 0.243057 0.00946505 0 0.962518 3116.74 2989.56 127.178 0 -31.207 -31.5365 8 17429.9 365.668 2138 0.000113684
17200 0.25898 0.251711 0.00726888 0 0.971933 3142.74 3014.73 128.001 0 -31.2156 -32.2384 8 17533.9 366.758 2151 0.000117021
17300 0.213613 0.209673 0.00394046 0 0.981553 3164.23 3035.7 128.529 0 -31.2276 -32.9849 8 17629.9 367.76 2163 9.69361e-05
17400 0.192926 0.188823 0.00410324 0 0.978732 3183.5 3054.58 128.912 0 -31.2398 -33.2431 8 17733.9 368.843 2176 8.67751e-05
17500 0.192261 0.188877 0.00338405 0 0.982399 3202.8 3073.47 129.326 0 -31.2527 -33.3819 8 17829.9 369.84 2188 8.63238e-05
17600 0.193527 0.189403 0.00412422 0 0.978689 3222.18 3092.41 129.763 0 -31.2627 -32.9126 8 17933.9 370.917 2201 8.60531e-05
17700 0.201329 0.196237 0.00509232 0 0.974707 3242.27 3112.04 130.234 0 -31.2726 -32.8662 8 18029.9 371.909 2213 8.86747e-05
17800 0.20323 0.197926 0.00530368 0 0.973903 3262.58 3131.83 130.753 0 -31.2843 -33.1478 8 18133.9 372.98 2226 8.89156e-05
17900 0.230907 0.222029 0.00887779 0 0.961552 3285.36 3154.03 131.332 0 -31.2903 -32.1585 8 18229.9 373.966 2238 9.92086e-05
18000 0.263529 0.251923 0.0116054 0 0.955962 3311.76 3179.22 132.535 0 -31.2955 -31.9365 8 18333.9 375.031 2251 0.000111916
18100 0.224278 0.216243 0.00803563 0 0.964171 3334.41 3200.85 133.561 0 -31.3026 -32.3362 8 18429.9 376.012 2263 9.55558e-05
18200 0.212935 0.20581 0.00712419 0 0.966543 3355.76 3221.43 134.331 0 -31.312 -32.7918 8 18533.9 377.071 2276 9.04264e-05
18300 0.206464 0.200909 0.00555529 0 0.973093 3376.49 3241.52 134.969 0 -31.3256 -33.5129 8 18629.9 378.046 2288 8.78098e-05
18400 0.200663 0.194479 0.00618413 0 0.969182 3396.53 3260.97 135.567 0 -31.3349 -32.9101 8 18733.9 379.1 2301 8.45193e-05
18500 0.196378 0.192094 0.00428445 0 0.978183 3416.31 3280.18 136.136 0 -31.3436 -32.8309 8 18829.9 380.07 2313 8.30495e-05
18600 0.19716 0.193147 0.00401374 0 0.979642 3436.17 3299.49 136.679 0 -31.3512 -32.6705 8 18933.9 381.118 2326 8.30381e-05
18700 0.189721 0.184719 0.00500206 0 0.973635 3455.12 3317.96 137.16 0 -31.3605 -33.0343 8 19029.9 382.083 2338 7.90073e-05
18800 0.185372 0.181011 0.00436113 0 0.976474 3473.68 3336.06 137.613 0 -31.3711 -33.3561 8 19133.9 383.126 2351 7.6993e-05
18900 0.19706 0.192219 0.00484124 0 0.975433 3493.46 3355.29 138.17 0 -31.3825 -33.3715 8 19229.9 384.086 2363 8.13452e-05
19000 0.226004 0.219774 0.00622987 0 0.972435 3516.15 3377.26 138.882 0 -31.3913 -32.759 8 19333.9 385.123 2376 9.24975e-05
19100 0.195602 0.191141 0.00446112 0 0.977193 3535.93 3396.38 139.553 0 -31.4032 -33.5072 8 19429.9 386.078 2388 8.00421e-05
19200 0.177095 0.172818 0.00427705 0 0.975849 3553.67 3413.66 140.014 0 -31.4145 -33.6764 8 19533.9 387.11 2401 7.19774e-05
19300 0.204812 0.199545 0.00526718 0 0.974283 3574.15 3433.61 140.532 0 -31.4222 -32.7488 8 19629.9 388.06 2413 8.26956e-05
19400 0.186928 0.181671 0.00525718 0 0.971876 3592.85 3451.78 141.064 0 -31.4303 -32.9836 8 19733.9 389.087 2426 7.48848e-05
19500 0.17465 0.169764 0.00488552 0 0.972027 3610.3 3468.76 141.542 0 -31.4404 -33.5157 8 19829.9 390.032 2438 6.96326e-05
19600 0.227041 0.220198 0.00684319 0 0.969859 3633.01 3490.78 142.227 0 -31.4393 -31.2739 8 19933.9 391.053 2451 8.98401e-05
19700 0.225642 0.2151 0.0105423 0 0.953279 3655.39 3512.29 143.105 0 -31.4358 -30.8631 8 20029.9 391.994 2463 8.73324e-05
19800 0.238301 0.228767 0.00953373 0 0.959993 3679.37 3535.16 144.208 0 -31.4353 -31.364 8 20133.9 393.01 2476 9.23939e-05
19900 0.230048 0.220426 0.00962184 0 0.958175 3702.38 3557.21 145.169 0 -31.4367 -31.6532 8 20229.9 393.946 2488 8.85957e-05
20000 0.228865 0.220687 0.00817815 0 0.964267 3725.43 3579.28 146.159 0 -31.4387 -31.7624 8 20333.9 394.957 2501 8.82396e-05
