100 0.0219901 0.0180954 0.00389463 0 0.822891 1.99042 1.80954 0.180876 0 -25.6603 -25.6603 8 429.882 57.4268 13 0.00139196
200 0.0529189 0.0465123 0.00640665 0 0.878935 7.00455 6.46077 0.543778 0 -27.0126 -27.5494 8 533.882 63.9974 26 0.00178893
300 0.107942 0.0996374 0.00830494 0 0.923061 17.6954 16.4245 1.27091 0 -26.8536 -26.7495 8 629.882 69.5136 38 0.00262204
400 0.103507 0.0964999 0.00700671 0 0.932307 28.1119 26.0745 2.03743 0 -26.7658 -26.6165 8 733.882 75.0331 51 0.00189215
500 0.0797662 0.0725643 0.00720192 0 0.909712 35.9964 33.3309 2.6655 0 -26.8046 -26.9432 8 829.882 79.7899 63 0.00115181
600 0.0907541 0.085062 0.00569205 0 0.93728 45.2139 41.8371 3.37678 0 -27.2617 -29.0464 8 933.882 84.642 76 0.00111924
700 0.106457 0.0997569 0.00669977 0 0.937066 55.8763 51.8128 4.06345 0 -27.5423 -28.7322 8 1029.88 88.8861 88 0.0011336
800 0.109272 0.102752 0.00651978 0 0.940334 66.8637 62.088 4.77568 0 -27.5958 -27.8682 8 1133.88 93.2661 101 0.00101734
900 0.124535 0.117748 0.00678698 0 0.945501 79.4284 73.8628 5.56567 0 -27.4652 -26.7704 8 1229.88 97.1341 113 0.00104202
1000 0.0967965 0.0912466 0.00554988 0 0.942664 89.1974 82.9874 6.20993 0 -27.5566 -28.2991 8 1333.88 101.158 126 0.00072418
1100 0.104863 0.0999881 0.00487472 0 0.953513 99.7786 92.9863 6.79231 0 -27.7485 -29.3666 8 1429.88 104.735 138 0.000724551
1200 0.101771 0.0964896 0.00528161 0 0.948103 109.959 102.635 7.32381 0 -27.8412 -28.7498 8 1533.88 108.477 151 0.000639004
1300 0.107237 0.100873 0.00636437 0 0.940652 120.627 112.723 7.90467 0 -27.9475 -29.0427 8 1629.88 111.82 163 0.000618854
1400 0.148273 0.14047 0.00780341 0 0.947371 135.536 126.77 8.76685 0 -28.0449 -28.8328 8 1733.88 115.332 176 0.000798124
1500 0.135081 0.126824 0.00825752 0 0.93887 148.991 139.452 9.53893 0 -28.0931 -28.5785 8 1829.88 118.482 188 0.000674595
1600 0.123834 0.115672 0.00816261 0 0.934084 161.358 151.019 10.3391 0 -28.1399 -28.7037 8 1933.88 121.802 201 0.000575482
1700 0.121748 0.11556 0.00618783 0 0.949175 173.685 162.575 11.1102 0 -28.2494 -29.6825 8 2029.88 124.789 213 0.000542534
1800 0.101924 0.0969089 0.00501544 0 0.950792 183.956 172.266 11.6898 0 -28.315 -29.4253 8 2133.88 127.946 226 0.0004288
1900 0.0985458 0.0946894 0.00385635 0 0.960867 193.873 181.735 12.1383 0 -28.3825 -29.6353 8 2229.88 130.792 238 0.000397855
2000 0.0986933 0.0940026 0.00469066 0 0.952472 203.727 191.135 12.5921 0 -28.413 -29.0125 8 2333.88 133.807 251 0.000374513
2100 0.101134 0.0968175 0.00431633 0 0.957321 213.938 200.817 13.1208 0 -28.4441 -29.0638 8 2429.88 136.531 263 0.000368127
2200 0.151136 0.145702 0.00543417 0 0.964045 229.166 215.387 13.779 0 -28.4341 -28.294 8 2533.88 139.423 276 0.000527905
2300 0.154183 0.145021 0.00916244 0 0.940574 244.328 229.889 14.4393 0 -28.4456 -28.6191 8 2629.88 142.039 288 0.000503545
2400 0.15009 0.142197 0.00789304 0 0.947411 259.397 244.109 15.288 0 -28.5022 -29.4196 8 2733.88 144.82 301 0.000472415
2500 0.151894 0.144171 0.00772249 0 0.949159 274.616 258.526 16.0897 0 -28.5779 -29.8693 8 2829.88 147.341 313 0.000460611
2600 0.131388 0.125162 0.00622584 0 0.952615 287.74 271.042 16.6974 0 -28.6369 -29.8718 8 2933.88 150.024 326 0.000383934
2700 0.137137 0.130674 0.0064633 0 0.95287 301.519 284.11 17.409 0 -28.6816 -29.6131 8 3029.88 152.459 338 0.00038661
2800 0.116507 0.111208 0.00529959 0 0.954513 313.246 295.23 18.0154 0 -28.7301 -29.9791 8 3133.88 155.053 351 0.000316831
2900 0.146893 0.140279 0.00661435 0 0.954972 327.87 309.258 18.6119 0 -28.7778 -29.7991 8 3229.88 157.41 363 0.000386443
3000 0.153395 0.145451 0.00794414 0 0.948211 343.094 323.803 19.2903 0 -28.8034 -29.3553 8 3333.88 159.925 376 0.000386837
3100 0.170576 0.161212 0.00936356 0 0.945106 360.19 339.925 20.2649 0 -28.8295 -29.352 8 3429.88 162.211 388 0.000415495
3200 0.181744 0.172633 0.00911166 0 0.949866 378.299 357.188 21.1108 0 -28.8522 -29.3045 8 3533.88 164.652 401 0.000430505
3300 0.194241 0.184843 0.0093972 0 0.951621 397.808 375.672 22.1354 0 -28.8953 -29.7311 8 3629.88 166.873 413 0.000447563
3400 0.174461 0.16515 0.00931084 0 0.946631 415.273 392.187 23.0854 0 -28.96 -30.433 8 3733.88 169.247 426 0.000387676
3500 0.187529 0.176355 0.0111734 0 0.940418 434.025 409.823 24.2026 0 -28.9826 -29.4831 8 3829.88 171.409 438 0.000402638
3600 0.16483 0.155912 0.0089183 0 0.945894 450.636 425.414 25.2223 0 -29.0095 -29.7118 8 3933.88 173.72 451 0.000345702
3700 0.163241 0.155378 0.0078635 0 0.951829 467.043 440.952 26.091 0 -29.0204 -29.3222 8 4029.88 175.827 463 0.000335589
3800 0.176304 0.165855 0.0104493 0 0.940731 484.476 457.537 26.939 0 -29.0065 -28.6329 8 4133.88 178.082 476 0.000348434
3900 0.214373 0.200934 0.0134386 0 0.937312 505.614 477.631 27.9836 0 -28.9704 -28.1429 8 4229.88 180.138 488 0.00041175
4000 0.194916 0.18436 0.0105558 0 0.945844 525.103 496.067 29.0363 0 -28.973 -29.0417 8 4333.88 182.339 501 0.000367984
4100 0.205319 0.195637 0.00968255 0 0.952842 545.794 515.63 30.1637 0 -28.9794 -29.1412 8 4429.88 184.347 513 0.000381358
4200 0.173271 0.166252 0.00701952 0 0.959488 563.252 532.255 30.9969 0 -29.0164 -30.173 8 4533.88 186.498 526 0.000316068
4300 0.162517 0.155583 0.006934 0 0.957334 579.497 547.814 31.6837 0 -29.0438 -29.9937 8 4629.88 188.463 538 0.000289187
4400 0.163348 0.15714 0.00620779 0 0.961996 595.942 563.528 32.4141 0 -29.0866 -30.5941 8 4733.88 190.567 551 0.00028519
4500 0.158338 0.152617 0.00572032 0 0.963873 611.8 578.789 33.0105 0 -29.1442 -31.3096 8 4829.88 192.49 563 0.000271079
4600 0.160768 0.154298 0.00647002 0 0.959756 627.856 594.219 33.6371 0 -29.1929 -31.0487 8 4933.88 194.551 576 0.000267878
4700 0.182163 0.174751 0.00741185 0 0.959312 646.037 611.694 34.3422 0 -29.2346 -30.6743 8 5029.88 196.435 588 0.000297196
4800 0.209027 0.200023 0.0090036 0 0.956926 666.886 631.697 35.1896 0 -29.2623 -30.1201 8 5133.88 198.455 601 0.000332817
4900 0.242945 0.231727 0.0112175 0 0.953827 691.233 654.869 36.3638 0 -29.2822 -29.8287 8 5229.88 200.302 613 0.000378021
5000 0.243619 0.231698 0.0119216 0 0.951065 715.506 678.039 37.4671 0 -29.3202 -30.4018 8 5333.88 202.284 626 0.000370124
5100 0.223696 0.215108 0.0085877 0 0.96161 738.179 699.55 38.6291 0 -29.3675 -30.8614 8 5429.88 204.096 638 0.00033716
5200 0.185152 0.177556 0.00759566 0 0.958976 756.728 717.306 39.4225 0 -29.406 -30.9351 8 5533.88 206.042 651 0.000272744
5300 0.178004 0.170692 0.00731223 0 0.958921 774.516 734.375 40.1413 0 -29.4393 -30.8569 8 5629.88 207.821 663 0.000257453
5400 0.181014 0.174901 0.0061135 0 0.966226 792.647 751.865 40.7821 0 -29.4761 -31.0496 8 5733.88 209.732 676 0.000258729
5500 0.217544 0.209304 0.00824036 0 0.962121 814.424 772.795 41.6286 0 -29.4908 -30.0259 8 5829.88 211.48 688 0.00030422
5600 0.199408 0.190174 0.00923402 0 0.953693 834.387 791.813 42.5744 0 -29.5152 -30.5092 8 5933.88 213.358 701 0.000271289
5700 0.18376 0.173971 0.00978924 0 0.946728 852.629 809.21 43.4198 0 -29.5416 -30.7512 8 6029.88 215.077 713 0.000243998
5800 0.195903 0.185994 0.00990861 0 0.949421 872.205 827.809 44.3964 0 -29.5581 -30.2739 8 6133.88 216.924 726 0.00025619
5900 0.216712 0.207022 0.00968921 0 0.95529 894.002 848.511 45.4908 0 -29.5663 -29.8941 8 6229.88 218.615 738 0.000280518
6000 0.203345 0.193892 0.00945376 0 0.953509 914.394 867.9 46.4932 0 -29.5612 -29.339 8 6333.88 220.432 751 0.000258178
6100 0.185939 0.176501 0.00943836 0 0.949239 932.929 885.55 47.3786 0 -29.57 -30.0049 8 6429.88 222.096 763 0.000231325
6200 0.172898 0.166045 0.00685284 0 0.960365 950.327 902.155 48.1724 0 -29.5941 -30.8872 8 6533.88 223.885 776 0.000213976
6300 0.157721 0.153275 0.0044456 0 0.971813 966.207 917.483 48.7247 0 -29.6277 -31.6371 8 6629.88 225.524 788 0.000194512
6400 0.170788 0.165512 0.00527649 0 0.969105 983.244 934.034 49.21 0 -29.6612 -31.5626 8 6733.88 227.286 801 0.000206631
6500 0.182793 0.177292 0.00550154 0 0.969903 1001.57 951.763 49.8033 0 -29.6891 -31.1826 8 6829.88 228.9 813 0.000218071
6600 0.172174 0.16748 0.0046935 0 0.97274 1018.88 968.511 50.3715 0 -29.7115 -31.0119 8 6933.88 230.637 826 0.00020276
6700 0.175707 0.169839 0.00586803 0 0.966603 1036.49 985.495 50.9929 0 -29.729 -30.7414 8 7029.88 232.228 838 0.000202672
6800 0.181431 0.175934 0.00549693 0 0.969702 1054.7 1003.09 51.6111 0 -29.7434 -30.5637 8 7133.88 233.939 851 0.000206738
6900 0.191571 0.184614 0.00695629 0 0.963688 1073.88 1021.55 52.3327 0 -29.7635 -30.8662 8 7229.88 235.508 863 0.000213921
7000 0.186735 0.181011 0.00572416 0 0.969346 1092.69 1039.65 53.0389 0 -29.772 -30.2581 8 7333.88 237.196 876 0.000206633
7100 0.162865 0.157761 0.00510319 0 0.968666 1108.95 1055.43 53.5242 0 -29.7968 -31.4609 8 7429.88 238.743 888 0.000177659
7200 0.182012 0.17596 0.00605223 0 0.966748 1127.15 1073.02 54.126 0 -29.8206 -31.2747 8 7533.88 240.408 901 0.000195294
7300 0.187766 0.181009 0.00675738 0 0.964012 1145.93 1091.12 54.8108 0 -29.8273 -30.2275 8 7629.88 241.935 913 0.000198257
7400 0.200428 0.192557 0.00787092 0 0.960729 1165.93 1110.38 55.5534 0 -29.8333 -30.176 8 7733.88 243.578 926 0.000207945
7500 0.222541 0.211955 0.0105857 0 0.952432 1188.02 1131.57 56.4491 0 -29.8382 -30.0986 8 7829.88 245.086 938 0.000225965
7600 0.206366 0.197584 0.00878207 0 0.957444 1208.76 1151.33 57.4299 0 -29.8517 -30.6263 8 7933.88 246.708 951 0.000207764
7700 0.186458 0.179316 0.00714155 0 0.961699 1227.56 1169.26 58.293 0 -29.8713 -31.1262 8 8029.88 248.196 963 0.000186206
7800 0.192838 0.184727 0.00811092 0 0.957939 1246.8 1187.74 59.0627 0 -29.893 -31.2792 8 8133.88 249.798 976 0.000189269
7900 0.203181 0.194734 0.00844732 0 0.958425 1267.09 1207.21 59.8792 0 -29.9083 -30.8462 8 8229.88 251.268 988 0.000197099
8000 0.183442 0.177884 0.00555825 0 0.9697 1285.61 1225 60.6096 0 -29.937 -31.9069 8 8333.88 252.85 1001 0.000177706
8100 0.164583 0.159839 0.00474436 0 0.971173 1302.16 1240.98 61.1792 0 -29.9672 -32.3062 8 8429.88 254.303 1013 0.000157788
8200 0.172525 0.167245 0.00528018 0 0.969395 1319.46 1257.71 61.7515 0 -29.9946 -32.058 8 8533.88 255.866 1026 0.000163007
8300 0.200601 0.192632 0.00796896 0 0.960274 1339.48 1276.97 62.507 0 -30.0186 -31.6009 8 8629.88 257.302 1038 0.00018558
8400 0.181212 0.174542 0.00667057 0 0.963189 1357.69 1294.43 63.2642 0 -30.0429 -31.8319 8 8733.88 258.847 1051 0.000166072
8500 0.189833 0.182457 0.00737549 0 0.961147 1376.68 1312.67 64.0044 0 -30.0628 -31.488 8 8829.88 260.266 1063 0.000171644
8600 0.173175 0.166821 0.00635353 0 0.963311 1394.06 1329.35 64.705 0 -30.0852 -31.8584 8 8933.88 261.794 1076 0.000155038
8700 0.174113 0.168083 0.00602996 0 0.965368 1411.47 1346.16 65.3099 0 -30.1058 -31.7565 8 9029.88 263.197 1088 0.000154488
8800 0.213776 0.205653 0.00812371 0 0.961999 1432.69 1366.73 65.9609 0 -30.1227 -31.2449 8 9133.88 264.708 1101 0.000186787
8900 0.212318 0.205628 0.00669005 0 0.96849 1454.03 1387.29 66.7456 0 -30.1455 -31.6728 8 9229.88 266.096 1113 0.000184751
9000 0.202163 0.193452 0.00871106 0 0.956911 1474.11 1406.63 67.4792 0 -30.1588 -31.1218 8 9333.88 267.591 1126 0.000171805
9100 0.209157 0.200741 0.00841609 0 0.959762 1495.04 1426.71 68.3306 0 -30.1649 -30.5957 8 9429.88 268.963 1138 0.000176398
9200 0.228778 0.220933 0.00784499 0 0.965709 1518 1448.8 69.2014 0 -30.162 -29.9746 8 9533.88 270.443 1151 0.000191948
9300 0.218517 0.210469 0.00804787 0 0.96317 1539.9 1469.85 70.0527 0 -30.1645 -30.34 8 9629.88 271.801 1163 0.000180971
9400 0.225534 0.217409 0.00812468 0 0.963976 1562.51 1491.59 70.9211 0 -30.1685 -30.4397 8 9733.88 273.264 1176 0.000184871
9500 0.25135 0.241427 0.00992249 0 0.960523 1587.66 1515.73 71.9296 0 -30.1772 -30.7182 8 9829.88 274.609 1188 0.000203222
9600 0.215382 0.205762 0.00961993 0 0.955336 1609.16 1536.31 72.8475 0 -30.1933 -31.3778 8 9933.88 276.058 1201 0.000171326
9700 0.214827 0.205958 0.00886954 0 0.958713 1630.59 1556.9 73.6863 0 -30.2037 -30.99 8 10029.9 277.388 1213 0.000169792
9800 0.212171 0.203763 0.00840807 0 0.960371 1651.87 1577.28 74.5872 0 -30.2109 -30.7577 8 10133.9 278.823 1226 0.000166201
9900 0.185974 0.180216 0.00575763 0 0.969041 1670.62 1595.3 75.3176 0 -30.2304 -31.9532 8 10229.9 280.14 1238 0.00014557
10000 0.189267 0.182942 0.00632467 0 0.966583 1689.56 1613.6 75.9613 0 -30.2482 -31.8153 8 10333.9 281.561 1251 0.000146237
10100 0.198745 0.191862 0.00688275 0 0.965369 1709.43 1632.78 76.6514 0 -30.2643 -31.6376 8 10429.9 282.865 1263 0.00015191
10200 0.188908 0.182896 0.00601203 0 0.968175 1728.43 1651.07 77.3528 0 -30.2852 -32.1669 8 10533.9 284.272 1276 0.000143335
10300 0.175284 0.169368 0.00591665 0 0.966245 1745.94 1668.01 77.9355 0 -30.3039 -32.1439 8 10629.9 285.565 1288 0.000131497
10400 0.183818 0.177682 0.0061359 0 0.96662 1764.37 1685.78 78.5969 0 -30.3234 -32.1746 8 10733.9 286.958 1301 0.000136573
10500 0.176912 0.171872 0.00503929 0 0.971515 1782.18 1702.96 79.2138 0 -30.3436 -32.3374 8 10829.9 288.238 1313 0.0001309
10600 0.172115 0.167316 0.00479952 0 0.972115 1799.41 1719.7 79.7127 0 -30.3597 -32.0246 8 10933.9 289.619 1326 0.000126181
10700 0.19012 0.185836 0.00428464 0 0.977464 1818.58 1738.28 80.3031 0 -30.378 -32.1036 8 11029.9 290.888 1338 0.000138891
10800 0.217233 0.209214 0.00801928 0 0.963084 1840.13 1759.2 80.9297 0 -30.3872 -31.1598 8 11133.9 292.256 1351 0.000154858
10900 0.22625 0.218378 0.00787126 0 0.96521 1862.8 1781.04 81.7576 0 -30.3934 -30.8943 8 11229.9 293.513 1363 0.000160219
11000 0.214439 0.207376 0.00706327 0 0.967062 1884.39 1801.78 82.6157 0 -30.4002 -30.9861 8 11333.9 294.869 1376 0.000150709
11100 0.217193 0.206922 0.0102706 0 0.952712 1905.97 1822.47 83.5019 0 -30.4126 -31.5027 8 11429.9 296.115 1388 0.00014908
11200 0.229088 0.218992 0.0100967 0 0.955927 1928.88 1844.37 84.5092 0 -30.4255 -31.4919 8 11533.9 297.459 1401 0.000156311
11300 0.218762 0.209054 0.0097077 0 0.955624 1950.77 1865.27 85.5001 0 -30.4375 -31.4961 8 11629.9 298.695 1413 0.000147951
11400 0.215366 0.207107 0.00825896 0 0.961652 1972.43 1885.98 86.4441 0 -30.4513 -31.6987 8 11733.9 300.027 1426 0.000145236
11500 0.197455 0.189568 0.00788681 0 0.960058 1992.18 1904.94 87.2392 0 -30.4677 -32.1044 8 11829.9 301.252 1438 0.000131828
11600 0.192272 0.185576 0.00669572 0 0.965176 2011.48 1923.5 87.9788 0 -30.4845 -32.2151 8 11933.9 302.574 1451 0.000127895
11700 0.227846 0.220323 0.00752245 0 0.966984 2034.32 1945.53 88.7868 0 -30.501 -31.957 8 12029.9 303.788 1463 0.000150597
11800 0.254651 0.242564 0.0120876 0 0.952533 2059.53 1969.79 89.7444 0 -30.5031 -30.6735 8 12133.9 305.098 1476 0.000164338
11900 0.249532 0.239596 0.00993667 0 0.960179 2084.52 1993.75 90.7722 0 -30.5108 -31.141 8 12229.9 306.303 1488 0.000161019
12000 0.22943 0.221074 0.00835576 0 0.96358 2107.63 2015.85 91.7763 0 -30.5171 -31.0925 8 12333.9 307.603 1501 0.000147284
12100 0.212563 0.204382 0.0081811 0 0.961512 2128.81 2036.29 92.519 0 -30.5258 -31.3824 8 12429.9 308.797 1513 0.000135084
12200 0.216501 0.209578 0.00692332 0 0.968022 2150.56 2057.25 93.3093 0 -30.5324 -31.1793 8 12533.9 310.087 1526 0.000137338
12300 0.231152 0.224221 0.00693145 0 0.970013 2173.78 2079.67 94.1058 0 -30.5369 -30.961 8 12629.9 311.272 1538 0.000145787
12400 0.212911 0.206048 0.0068634 0 0.967764 2195.05 2100.28 94.7725 0 -30.5436 -31.227 8 12733.9 312.551 1551 0.000132848
12500 0.222597 0.216818 0.00577864 0 0.97404 2217.45 2121.96 95.4949 0 -30.5496 -31.1335 8 12829.9 313.727 1563 0.000138719
12600 0.210605 0.205053 0.00555204 0 0.973638 2238.53 2142.46 96.0687 0 -30.5536 -30.9718 8 12933.9 314.996 1576 0.00013011
12700 0.206304 0.200517 0.00578776 0 0.971946 2259.16 2162.52 96.6479 0 -30.5577 -31.0118 8 13029.9 316.162 1588 0.00012627
12800 0.245332 0.237868 0.0074638 0 0.969577 2283.76 2186.3 97.4622 0 -30.5604 -30.8071 8 13133.9 317.422 1601 0.000148575
12900 0.215659 0.207921 0.00773806 0 0.964119 2305.36 2207.09 98.2648 0 -30.5671 -31.2723 8 13229.9 318.58 1613 0.000128903
13000 0.233338 0.221694 0.0116438 0 0.950099 2328.46 2229.26 99.1918 0 -30.5648 -30.3367 8 13333.9 319.829 1626 0.000136343
13100 0.23623 0.225986 0.0102444 0 0.956634 2352.1 2251.86 100.241 0 -30.5655 -30.6323 8 13429.9 320.979 1638 0.000137964
13200 0.208575 0.199169 0.00940605 0 0.954903 2372.92 2271.78 101.142 0 -30.5714 -31.2345 8 13533.9 322.219 1651 0.000120636
13300 0.224944 0.215864 0.00908053 0 0.959632 2395.46 2293.37 102.095 0 -30.5765 -31.1207 8 13629.9 323.36 1663 0.000129804
13400 0.271885 0.261911 0.00997377 0 0.963316 2422.74 2319.56 103.182 0 -30.5916 -31.9138 8 13733.9 324.591 1676 0.000156271
13500 0.279672 0.268759 0.010913 0 0.960979 2450.83 2346.43 104.397 0 -30.5975 -31.1054 8 13829.9 325.724 1688 0.000159217
13600 0.250524 0.241067 0.00945683 0 0.962252 2476.12 2370.54 105.583 0 -30.6057 -31.4055 8 13933.9 326.946 1701 0.000141721
13700 0.212515 0.205705 0.00681023 0 0.967954 2497.53 2391.11 106.419 0 -30.6167 -31.8842 8 14029.9 328.07 1713 0.000120084
13800 0.203468 0.195962 0.00750574 0 0.963111 2517.86 2410.71 107.151 0 -30.6292 -32.1699 8 14133.9 329.284 1726 0.000113535
13900 0.192386 0.186142 0.00624417 0 0.967544 2537.15 2429.32 107.826 0 -30.6424 -32.3594 8 14229.9 330.401 1738 0.000107101
14000 0.194871 0.188911 0.00596028 0 0.969414 2556.62 2448.21 108.408 0 -30.6556 -32.3795 8 14333.9 331.606 1751 0.000107887
14100 0.200063 0.193349 0.00671383 0 0.966441 2576.62 2467.55 109.074 0 -30.6687 -32.3366 8 14429.9 332.714 1763 0.000109671
14200 0.224033 0.215335 0.00869837 0 0.961174 2598.92 2489.08 109.84 0 -30.6751 -31.4178 8 14533.9 333.911 1776 0.000121247
14300 0.25856 0.247055 0.0115058 0 0.955501 2624.5 2513.79 110.712 0 -30.68 -31.1777 8 14629.9 335.012 1788 0.000138174
14400 0.339606 0.323283 0.0163226 0 0.951937 2658.25 2546.11 112.135 0 -30.6736 -30.173 8 14733.9 336.201 1801 0.000179502
14500 0.269952 0.258461 0.0114912 0 0.957432 2685.48 2571.96 113.523 0 -30.6758 -30.8923 8 14829.9 337.294 1813 0.00014256
14600 0.248907 0.237946 0.0109609 0 0.955964 2710.41 2595.75 114.66 0 -30.6755 -30.6437 8 14933.9 338.475 1826 0.00013031
14700 0.259132 0.248591 0.010541 0 0.959322 2736.39 2620.61 115.772 0 -30.6807 -31.2293 8 15029.9 339.561 1838 0.000135251
14800 0.251874 0.240311 0.0115635 0 0.95409 2761.43 2644.64 116.787 0 -30.6848 -31.1306 8 15133.9 340.734 1851 0.000129828
14900 0.240681 0.232051 0.00862998 0 0.964143 2785.62 2667.85 117.769 0 -30.6897 -31.2447 8 15229.9 341.813 1863 0.000124558
15000 0.222116 0.215965 0.00615134 0 0.972306 2807.99 2689.45 118.542 0 -30.7009 -32.0974 8 15333.9 342.978 1876 0.00011512
15100 0.234673 0.228559 0.00611381 0 0.973948 2831.57 2712.3 119.263 0 -30.7154 -32.4393 8 15429.9 344.05 1888 0.000121059
15200 0.207681 0.202408 0.00527332 0 0.974609 2852.45 2732.54 119.907 0 -30.7308 -32.8274 8 15533.9 345.207 1901 0.000106475
15300 0.199237 0.193376 0.00586146 0 0.97058 2872.33 2751.88 120.445 0 -30.742 -32.3472 8 15629.9 346.272 1913 0.000101085
15400 0.202432 0.19721 0.00522242 0 0.974202 2892.63 2771.6 121.033 0 -30.7502 -31.9129 8 15733.9 347.423 1926 0.000102393
15500 0.216907 0.209366 0.00754106 0 0.965234 2914.27 2792.54 121.734 0 -30.7582 -31.8195 8 15829.9 348.481 1938 0.000108032
15600 0.210909 0.20415 0.00675976 0 0.967949 2935.43 2812.95 122.478 0 -30.7641 -31.5808 8 15933.9 349.624 1951 0.000104638
15700 0.193074 0.187091 0.00598264 0 0.969014 2954.81 2831.66 123.149 0 -30.7733 -32.1623 8 16029.9 350.675 1963 9.53089e-05
15800 0.2119 0.204246 0.00765448 0 0.963877 2975.91 2852.09 123.827 0 -30.7827 -32.101 8 16133.9 351.811 1976 0.000103363
15900 0.22543 0.215436 0.00999398 0 0.955667 2998.27 2873.63 124.64 0 -30.7903 -31.8054 8 16229.9 352.856 1988 0.000108368
16000 0.20419 0.197667 0.00652257 0 0.968056 3018.82 2893.4 125.418 0 -30.8005 -32.286 8 16333.9 353.985 2001 9.87843e-05
16100 0.204924 0.196731 0.00819301 0 0.960019 3039.22 2913.07 126.148 0 -30.811 -32.3726 8 16429.9 355.024 2013 9.77304e-05
16200 0.216554 0.208914 0.00763993 0 0.964721 3060.95 2933.96 126.991 0 -30.8217 -32.315 8 16533.9 356.146 2026 0.000103117
16300 0.194373 0.188301 0.00607211 0 0.968761 3080.49 2952.79 127.694 0 -30.831 -32.2857 8 16629.9 357.178 2038 9.2395e-05
16400 0.214865 0.205149 0.00971575 0 0.954782 3101.77 2973.31 128.463 0 -30.8356 -31.4946 8 16733.9 358.293 2051 0.000100024
16500 0.233931 0.224135 0.0097963 0 0.958123 3125.03 2995.72 129.311 0 -30.843 -31.8387 8 16829.9 359.319 2063 0.000108645
16600 0.21902 0.212744 0.00627636 0 0.971344 3147.05 3016.99 130.058 0 -30.8529 -32.25 8 16933.9 360.428 2076 0.000102478
16700 0.207133 0.200742 0.00639076 0 0.969147 3167.85 3037.07 130.784 0 -30.8625 -32.3152 8 17029.9 361.448 2088 9.6141e-05
16800 0.206973 0.200347 0.00662625 0 0.967985 3188.53 3057.1 131.43 0 -30.8714 -32.2439 8 17133.9 362.55 2101 9.53578e-05
16900 0.229832 0.223348 0.00648408 0 0.971788 3211.55 3079.44 132.11 0 -30.8797 -32.0296 8 17229.9 363.564 2113 0.000105702
17000 0.262701 0.251948 0.0107536 0 0.959065 3237.75 3104.63 133.118 0 -30.8803 -30.9494 8 17333.9 364.66 2126 0.000118508
17100 0.246031 0.236413 0.00961812 0 0.960907 3262.38 3128.27 134.106 0 -30.8818 -31.0748 8 17429.9 365.668 2138 0.000110577
17200 0.244845 0.236078 0.0087661 0 0.964197 3286.99 3151.88 135.106 0 -30.8827 -31.0026 8 17533.9 366.758 2151 0.000109753
17300 0.238348 0.228546 0.0098017 0 0.958876 3310.79 3174.74 136.058 0 -30.8829 -30.9103 8 17629.9 367.76 2163 0.000105662
17400 0.218435 0.211518 0.00691702 0 0.968334 3332.8 3195.89 136.914 0 -30.8897 -31.916 8 17733.9 368.843 2176 9.7205e-05
17500 0.199577 0.194061 0.00551555 0 0.972364 3352.79 3215.29 137.499 0 -30.8993 -32.5057 8 17829.9 369.84 2188 8.86934e-05
17600 0.195956 0.1908 0.00515619 0 0.973687 3372.43 3234.37 138.058 0 -30.9091 -32.5784 8 17933.9 370.917 2201 8.66877e-05
17700 0.183889 0.179958 0.00393057 0 0.978625 3390.87 3252.37 138.501 0 -30.9227 -33.4045 8 18029.9 371.909 2213 8.13186e-05
17800 0.181986 0.177099 0.00488727 0 0.973145 3409.1 3270.08 139.022 0 -30.9328 -32.8142 8 18133.9 372.98 2226 7.95591e-05
17900 0.188562 0.184092 0.00447012 0 0.976294 3428.05 3288.49 139.562 0 -30.9424 -32.6748 8 18229.9 373.966 2238 8.22574e-05
18000 0.18111 0.176463 0.00464748 0 0.974339 3446.19 3306.14 140.05 0 -30.9527 -32.8889 8 18333.9 375.031 2251 7.8393e-05
18100 0.201089 0.195457 0.00563123 0 0.971996 3466.28 3325.68 140.603 0 -30.9547 -31.3087 8 18429.9 376.012 2263 8.6371e-05
18200 0.226373 0.219368 0.007005 0 0.969056 3488.91 3347.62 141.29 0 -30.9613 -31.9736 8 18533.9 377.071 2276 9.63832e-05
18300 0.247638 0.238456 0.00918243 0 0.96292 3513.63 3371.46 142.161 0 -30.9635 -31.274 8 18629.9 378.046 2288 0.00010422
18400 0.222732 0.214935 0.00779704 0 0.964994 3535.99 3392.96 143.031 0 -30.9706 -32.0765 8 18733.9 379.1 2301 9.34096e-05
18500 0.203231 0.194822 0.00840918 0 0.958623 3556.18 3412.44 143.743 0 -30.9768 -32.0673 8 18829.9 380.07 2313 8.4229e-05
18600 0.198231 0.192931 0.00530012 0 0.973263 3576.15 3431.73 144.422 0 -30.9861 -32.6434 8 18933.9 381.118 2326 8.29455e-05
18700 0.197373 0.191694 0.00567913 0 0.971226 3595.88 3450.9 144.979 0 -30.9956 -32.7193 8 19029.9 382.083 2338 8.19905e-05
18800 0.198307 0.193354 0.0049524 0 0.975027 3615.76 3470.24 145.518 0 -31.0059 -32.8672 8 19133.9 383.126 2351 8.22435e-05
18900 0.18781 0.18427 0.00353957 0 0.981153 3634.7 3488.66 146.036 0 -31.0163 -32.996 8 19229.9 384.086 2363 7.79815e-05
19000 0.179602 0.175184 0.00441746 0 0.975404 3652.7 3506.18 146.52 0 -31.0253 -32.8575 8 19333.9 385.123 2376 7.37308e-05
19100 0.165322 0.161625 0.00369654 0 0.97764 3669.28 3522.35 146.93 0 -31.035 -33.1706 8 19429.9 386.078 2388 6.76822e-05
19200 0.173838 0.168763 0.00507507 0 0.970806 3686.63 3539.22 147.407 0 -31.0444 -33.0285 8 19533.9 387.11 2401 7.02886e-05
19300 0.178047 0.171991 0.0060552 0 0.965991 3704.37 3556.42 147.947 0 -31.0505 -32.3052 8 19629.9 388.06 2413 7.1277e-05
19400 0.216077 0.207952 0.00812528 0 0.962396 3725.88 3577.22 148.668 0 -31.0483 -30.6836 8 19733.9 389.087 2426 8.57181e-05
19500 0.261233 0.25003 0.0112031 0 0.957115 3751.97 3602.22 149.748 0 -31.0417 -30.0917 8 19829.9 390.032 2438 0.000102555
19600 0.237193 0.227802 0.00939023 0 0.960411 3775.85 3625 150.851 0 -31.0375 -30.3767 8 19933.9 391.053 2451 9.29427e-05
19700 0.222209 0.211908 0.0103009 0 0.953643 3798.06 3646.19 151.867 0 -31.0333 -30.3293 8 20029.9 391.994 2463 8.60365e-05
19800 0.23614 0.225291 0.0108484 0 0.954059 3821.66 3668.72 152.936 0 -31.0307 -30.611 8 20133.9 393.01 2476 9.099e-05
19900 0.230988 0.221901 0.00908651 0 0.960662 3844.88 3690.91 153.969 0 -31.0355 -31.8168 8 20229.9 393.946 2488 8.91886e-05
20000 0.221772 0.213824 0.00794856 0 0.964159 3867.11 3712.29 154.819 0 -31.0407 -31.9491 8 20333.9 394.957 2501 8.54954e-05
