100 0.168206 0.154304 0.0139022 0 0.91735 16.3158 15.4304 0.885438 0 -28.2214 -28.2214 2 427.882 57.293 51 0.00302557
200 0.291035 0.269609 0.0214259 0 0.92638 45.1225 42.3913 2.7312 0 -28.3113 -28.3622 2 527.882 63.6368 101 0.0026694
300 0.337106 0.313041 0.0240655 0 0.928612 78.8434 73.6954 5.14796 0 -28.0895 -27.7927 2 627.882 69.4031 151 0.00207312
400 0.437013 0.40739 0.0296236 0 0.932213 122.566 114.434 8.13159 0 -28.1373 -28.2234 2 727.882 74.7258 201 0.00202681
500 0.394034 0.367128 0.0269059 0 0.931717 162.151 151.147 11.0042 0 -28.106 -28.009 2 827.882 79.6937 251 0.00146266
600 0.453814 0.424462 0.029352 0 0.935322 207.752 193.593 14.1588 0 -28.1254 -28.1945 2 927.882 84.3697 301 0.00141017
700 0.433902 0.404682 0.0292197 0 0.932658 251.455 234.062 17.3936 0 -28.1112 -28.0438 2 1027.88 88.7997 351 0.00115294
800 0.470132 0.436713 0.0334192 0 0.928915 298.18 277.733 20.4467 0 -28.1409 -28.3008 2 1127.88 93.019 401 0.00108906
900 0.492412 0.459835 0.032577 0 0.933842 347.397 323.716 23.6808 0 -28.2645 -29.0131 2 1227.88 97.0551 451 0.00101959
1000 0.48507 0.455491 0.0295793 0 0.939021 396.103 369.265 26.8375 0 -28.3454 -28.9222 2 1327.88 100.93 501 0.000909163
1100 0.456551 0.429884 0.0266662 0 0.941592 441.838 412.254 29.584 0 -28.4181 -29.0485 2 1427.88 104.661 551 0.000780189
1200 0.548927 0.519184 0.029743 0 0.945816 496.682 464.172 32.5097 0 -28.4596 -28.7937 2 1527.88 108.264 601 0.000863867
1300 0.575006 0.546279 0.0287272 0 0.95004 554.52 518.8 35.7193 0 -28.5828 -29.641 2 1627.88 111.751 651 0.000839138
1400 0.590176 0.559635 0.0305412 0 0.948251 613.601 574.764 38.8368 0 -28.6784 -29.5753 2 1727.88 115.132 701 0.000798338
1500 0.555224 0.52757 0.0276546 0 0.950192 669.419 627.521 41.8979 0 -28.7895 -30.0104 2 1827.88 118.417 751 0.00070249
1600 0.528844 0.503273 0.025571 0 0.951647 722.456 677.848 44.6077 0 -28.8469 -29.5716 2 1927.88 121.613 801 0.000628306
1700 0.562303 0.534136 0.0281673 0 0.949907 778.619 731.262 47.3571 0 -28.8871 -29.4039 2 2027.88 124.727 851 0.000627657
1800 0.537296 0.51088 0.0264159 0 0.950835 832.458 782.35 50.1087 0 -28.9418 -29.7341 2 2127.88 127.766 901 0.000567014
1900 0.583577 0.552118 0.0314591 0 0.946093 890.531 837.561 52.9696 0 -28.9873 -29.6389 2 2227.88 130.733 951 0.000580566
2000 0.567647 0.53972 0.0279272 0 0.950802 947.438 891.533 55.9045 0 -29.0271 -29.6504 2 2327.88 133.635 1001 0.000539181
2100 0.534587 0.508124 0.0264633 0 0.950498 1000.95 942.346 58.6012 0 -29.0858 -30.1241 2 2427.88 136.475 1051 0.000483467
2200 0.566011 0.538228 0.0277829 0 0.950915 1057.61 996.169 61.4433 0 -29.1218 -29.7591 2 2527.88 139.257 1101 0.000488854
2300 0.575262 0.54865 0.0266117 0 0.95374 1115.25 1051.03 64.219 0 -29.1559 -29.7806 2 2627.88 141.985 1151 0.000476672
2400 0.590665 0.563263 0.0274017 0 0.953609 1174.44 1107.36 67.0831 0 -29.171 -29.4566 2 2727.88 144.661 1201 0.000468995
2500 0.609661 0.576855 0.0328054 0 0.946191 1235.09 1165.05 70.0479 0 -29.1733 -29.2161 2 2827.88 147.289 1251 0.000461115
2600 0.653595 0.623506 0.0300894 0 0.953963 1300.69 1227.4 73.2905 0 -29.1983 -29.6696 2 2927.88 149.871 1301 0.000479251
2700 0.64209 0.611407 0.0306829 0 0.952214 1365 1288.54 76.4677 0 -29.2286 -29.8421 2 3027.88 152.409 1351 0.000452559
2800 0.659699 0.625951 0.0337476 0 0.948844 1430.78 1351.13 79.6444 0 -29.2558 -29.8202 2 3127.88 154.905 1401 0.000446789
2900 0.624155 0.594441 0.029714 0 0.952393 1493.42 1410.58 82.8441 0 -29.2912 -30.1 2 3227.88 157.362 1451 0.000409677
3000 0.622108 0.593558 0.0285498 0 0.954108 1555.84 1469.93 85.9114 0 -29.3216 -30.0475 2 3327.88 159.781 1501 0.000395442
3100 0.641956 0.618172 0.0237835 0 0.962952 1620.31 1531.75 88.5631 0 -29.347 -29.9613 2 3427.88 162.163 1551 0.000398564
3200 0.66634 0.638589 0.0277508 0 0.958353 1686.79 1595.61 91.1787 0 -29.3559 -29.5734 2 3527.88 164.512 1601 0.000398869
3300 0.644338 0.618387 0.0259507 0 0.959725 1751.33 1657.45 93.8831 0 -29.3823 -30.0699 2 3627.88 166.827 1651 0.000374553
3400 0.633066 0.607019 0.0260473 0 0.958855 1814.67 1718.15 96.517 0 -29.4095 -30.1637 2 3727.88 169.111 1701 0.00035686
3500 0.654153 0.624795 0.0293583 0 0.95512 1879.88 1780.63 99.2537 0 -29.4343 -30.1226 2 3827.88 171.364 1751 0.000356822
3600 0.662773 0.633048 0.0297244 0 0.955151 1946.08 1843.93 102.151 0 -29.4544 -30.025 2 3927.88 173.588 1801 0.000351498
3700 0.706312 0.674907 0.0314042 0 0.955538 2016.68 1911.42 105.258 0 -29.4868 -30.3822 2 4027.88 175.784 1851 0.000364618
3800 0.695983 0.664809 0.0311742 0 0.955208 2086.3 1977.9 108.399 0 -29.5059 -30.057 2 4127.88 177.952 1901 0.000349715
3900 0.691298 0.658979 0.032319 0 0.953249 2155.23 2043.8 111.425 0 -29.5096 -29.621 2 4227.88 180.095 1951 0.000337765
4000 0.758481 0.72394 0.0345406 0 0.954461 2230.8 2116.2 114.605 0 -29.5083 -29.4729 2 4327.88 182.212 2001 0.000361789
4100 0.778557 0.744756 0.0338002 0 0.956586 2308.76 2190.67 118.088 0 -29.5262 -30.0368 2 4427.88 184.305 2051 0.000363119
4200 0.756214 0.717973 0.0382402 0 0.949432 2384.14 2262.47 121.673 0 -29.5337 -29.7663 2 4527.88 186.375 2101 0.000341729
4300 0.694346 0.664086 0.0302597 0 0.95642 2453.84 2328.88 124.965 0 -29.5515 -30.1574 2 4627.88 188.422 2151 0.000308734
4400 0.677544 0.645637 0.0319074 0 0.952907 2521.46 2393.44 128.014 0 -29.5712 -30.2893 2 4727.88 190.447 2201 0.000293338
4500 0.66468 0.63968 0.0249998 0 0.962388 2588.3 2457.41 130.886 0 -29.6021 -30.7651 2 4827.88 192.45 2251 0.000284176
4600 0.707479 0.674115 0.0333639 0 0.952841 2658.57 2524.82 133.745 0 -29.6017 -29.5869 2 4927.88 194.433 2301 0.000292966
4700 0.732126 0.702593 0.0295333 0 0.959661 2731.94 2595.08 136.862 0 -29.6141 -30.066 2 5027.88 196.396 2351 0.000298848
4800 0.685988 0.660394 0.0255936 0 0.962691 2800.8 2661.12 139.676 0 -29.635 -30.462 2 5127.88 198.339 2401 0.00027505
4900 0.677916 0.652067 0.0258494 0 0.961869 2868.78 2726.33 142.452 0 -29.6538 -30.4271 2 5227.88 200.264 2451 0.000266041
5000 0.698029 0.671471 0.0265583 0 0.961952 2938.67 2793.47 145.193 0 -29.6736 -30.4869 2 5327.88 202.17 2501 0.000268481
5100 0.674377 0.647869 0.0265075 0 0.960693 3006.11 2858.26 147.846 0 -29.6968 -30.711 2 5427.88 204.059 2551 0.000253967
5200 0.667501 0.640728 0.0267726 0 0.959891 3072.87 2922.33 150.538 0 -29.7193 -30.7292 2 5527.88 205.93 2601 0.000246339
5300 0.690837 0.660778 0.0300587 0 0.956489 3141.79 2988.41 153.377 0 -29.7316 -30.2813 2 5627.88 207.784 2651 0.000249256
5400 0.713771 0.685878 0.0278937 0 0.960921 3213.48 3057 156.485 0 -29.7459 -30.3703 2 5727.88 209.622 2701 0.000253935
5500 0.749118 0.716664 0.0324536 0 0.956678 3288.2 3128.67 159.54 0 -29.7541 -30.1101 2 5827.88 211.444 2751 0.00026051
5600 0.848671 0.81133 0.0373411 0 0.956001 3372.86 3209.8 163.059 0 -29.7622 -30.0741 2 5927.88 213.25 2801 0.000289657
5700 0.786057 0.754528 0.0315297 0 0.959889 3451.75 3285.25 166.496 0 -29.781 -30.5866 2 6027.88 215.042 2851 0.000264654
5800 0.795353 0.762766 0.0325867 0 0.959029 3531.37 3361.53 169.847 0 -29.7889 -30.1321 2 6127.88 216.818 2901 0.000262932
5900 0.742746 0.71216 0.0305859 0 0.958821 3605.67 3432.74 172.921 0 -29.8038 -30.5132 2 6227.88 218.58 2951 0.000241328
6000 0.713757 0.688119 0.0256386 0 0.964079 3677.42 3501.56 175.861 0 -29.8247 -30.8748 2 6327.88 220.328 3001 0.000229297
6100 0.685398 0.660045 0.0253538 0 0.963009 3746.03 3567.56 178.467 0 -29.8453 -30.945 2 6427.88 222.062 3051 0.000216337
6200 0.653369 0.62941 0.0239594 0 0.963329 3811.51 3630.5 181.005 0 -29.8668 -31.0997 2 6527.88 223.783 3101 0.00020297
6300 0.703513 0.676766 0.026747 0 0.961981 3881.79 3698.18 183.615 0 -29.8792 -30.5536 2 6627.88 225.49 3151 0.000214778
6400 0.747623 0.719856 0.027767 0 0.96286 3956.68 3770.16 186.519 0 -29.886 -30.2338 2 6727.88 227.185 3201 0.000224885
6500 0.750424 0.720735 0.0296888 0 0.960437 4031.81 3842.24 189.571 0 -29.8945 -30.3461 2 6827.88 228.867 3251 0.000221697
6600 0.694943 0.669422 0.025521 0 0.963276 4101.56 3909.18 192.379 0 -29.9161 -31.1606 2 6927.88 230.537 3301 0.000202794
6700 0.722125 0.694923 0.0272019 0 0.962331 4173.72 3978.67 195.052 0 -29.9348 -30.9992 2 7027.88 232.195 3351 0.000207378
6800 0.737426 0.709005 0.0284219 0 0.961458 4247.35 4049.57 197.78 0 -29.9479 -30.6929 2 7127.88 233.841 3401 0.000208469
6900 0.777154 0.748912 0.028242 0 0.96366 4325.23 4124.46 200.765 0 -29.9615 -30.7014 2 7227.88 235.475 3451 0.000217013
7000 0.746956 0.719196 0.0277595 0 0.962837 4400 4196.38 203.618 0 -29.9813 -31.125 2 7327.88 237.099 3501 0.000205426
7100 0.723764 0.698007 0.0257565 0 0.964413 4472.46 4266.18 206.273 0 -30.0022 -31.2726 2 7427.88 238.711 3551 0.000196566
7200 0.733212 0.707737 0.0254741 0 0.965257 4545.87 4336.96 208.909 0 -30.0266 -31.5149 2 7527.88 240.313 3601 0.000196539
7300 0.752961 0.724131 0.0288305 0 0.961711 4621.05 4409.37 211.677 0 -30.0496 -31.437 2 7627.88 241.903 3651 0.000198338
7400 0.749635 0.719326 0.0303089 0 0.959568 4695.72 4481.3 214.413 0 -30.0613 -30.7901 2 7727.88 243.484 3701 0.00019436
7500 0.800769 0.769776 0.0309928 0 0.961296 4775.66 4558.28 217.382 0 -30.076 -30.9359 2 7827.88 245.054 3751 0.000205219
7600 0.831717 0.803471 0.0282469 0 0.966038 4859.3 4638.63 220.674 0 -30.0842 -30.554 2 7927.88 246.615 3801 0.000211384
7700 0.780935 0.748137 0.0327975 0 0.958002 4937.19 4713.44 223.746 0 -30.0938 -30.6949 2 8027.88 248.165 3851 0.000194271
7800 0.781578 0.75037 0.031208 0 0.960071 5015.42 4788.48 226.941 0 -30.1043 -30.7629 2 8127.88 249.706 3901 0.000192353
7900 0.720435 0.691517 0.0289187 0 0.959859 5087.37 4857.63 229.739 0 -30.1195 -31.1793 2 8227.88 251.237 3951 0.000175023
8000 0.721246 0.691983 0.0292628 0 0.959427 5159.35 4926.83 232.521 0 -30.1323 -31.0417 2 8327.88 252.759 4001 0.000172952
8100 0.749348 0.720993 0.0283556 0 0.96216 5234.27 4998.93 235.344 0 -30.1454 -31.0445 2 8427.88 254.272 4051 0.000177979
8200 0.811558 0.778608 0.0329501 0 0.959399 5315.24 5076.79 238.447 0 -30.1585 -31.0028 2 8527.88 255.777 4101 0.000189858
8300 0.782936 0.753143 0.029793 0 0.961947 5393.78 5152.1 241.683 0 -30.1749 -31.2854 2 8627.88 257.272 4151 0.000181436
8400 0.785671 0.754573 0.0310973 0 0.960419 5472.37 5227.56 244.81 0 -30.1897 -31.206 2 8727.88 258.758 4201 0.000179618
8500 0.752291 0.720031 0.0322598 0 0.957118 5547.34 5299.56 247.773 0 -30.2022 -31.1199 2 8827.88 260.237 4251 0.000169379
8600 0.761107 0.73378 0.0273267 0 0.964096 5623.53 5372.94 250.585 0 -30.2162 -31.2311 2 8927.88 261.706 4301 0.000170607
8700 0.792982 0.762266 0.0307163 0 0.961265 5702.88 5449.17 253.717 0 -30.2244 -30.8036 2 9027.88 263.168 4351 0.000175193
8800 0.763393 0.733454 0.0299393 0 0.960781 5779.28 5522.51 256.764 0 -30.2363 -31.129 2 9127.88 264.621 4401 0.000166656
8900 0.755241 0.725269 0.0299715 0 0.960315 5854.69 5595.04 259.651 0 -30.2451 -30.9208 2 9227.88 266.067 4451 0.000162945
9000 0.75529 0.723475 0.0318146 0 0.957878 5929.97 5667.39 262.586 0 -30.2552 -31.0359 2 9327.88 267.505 4501 0.000160737
9100 0.784172 0.75641 0.0277621 0 0.964597 6008.67 5743.03 265.641 0 -30.2714 -31.4962 2 9427.88 268.935 4551 0.000166207
9200 0.768896 0.740547 0.0283497 0 0.963129 6085.76 5817.08 268.672 0 -30.2803 -30.9742 2 9527.88 270.357 4601 0.000160953
9300 0.712958 0.68502 0.0279383 0 0.960814 6157.01 5885.58 271.42 0 -30.2928 -31.3574 2 9627.88 271.772 4651 0.000147284
9400 0.741923 0.71238 0.0295429 0 0.960181 6231.01 5956.82 274.191 0 -30.3007 -30.957 2 9727.88 273.18 4701 0.000151538
9500 0.776119 0.746097 0.0300226 0 0.961317 6308.66 6031.43 277.231 0 -30.3067 -30.7865 2 9827.88 274.581 4751 0.00015704
9600 0.755202 0.726634 0.0285678 0 0.962172 6384.22 6104.1 280.121 0 -30.3126 -30.8121 2 9927.88 275.974 4801 0.00015135
9700 0.778366 0.747391 0.030975 0 0.960205 6461.88 6178.84 283.044 0 -30.3143 -30.4531 2 10027.9 277.361 4851 0.000154069
9800 0.77951 0.750282 0.0292275 0 0.962505 6540.06 6253.86 286.195 0 -30.3219 -30.95 2 10127.9 278.74 4901 0.000153088
9900 0.770316 0.738166 0.0321499 0 0.958264 6616.97 6327.68 289.287 0 -30.3269 -30.7478 2 10227.9 280.113 4951 0.000149094
10000 0.769577 0.738354 0.0312229 0 0.959429 6693.75 6401.52 292.237 0 -30.3364 -31.1554 2 10327.9 281.479 5001 0.000147641
10100 0.740573 0.713551 0.0270223 0 0.963512 6767.93 6472.87 295.059 0 -30.3477 -31.3701 2 10427.9 282.838 5051 0.000141269
10200 0.727417 0.700441 0.0269765 0 0.962915 6840.81 6542.91 297.895 0 -30.3599 -31.4873 2 10527.9 284.191 5101 0.000137314
10300 0.76384 0.736846 0.0269938 0 0.96466 6917.23 6616.6 300.629 0 -30.3731 -31.5625 2 10627.9 285.538 5151 0.000143049
10400 0.815146 0.78416 0.0309857 0 0.961988 6998.58 6695.02 303.566 0 -30.3803 -30.9925 2 10727.9 286.878 5201 0.000150771
10500 0.874483 0.841243 0.0332401 0 0.961989 7086.09 6779.14 306.953 0 -30.39 -31.1659 2 10827.9 288.212 5251 0.000160206
10600 0.848433 0.816903 0.03153 0 0.962837 7171.05 6860.83 310.225 0 -30.3989 -31.1414 2 10927.9 289.54 5301 0.000154104
10700 0.853317 0.822423 0.0308935 0 0.963796 7256.52 6943.07 313.448 0 -30.4065 -31.0374 2 11027.9 290.861 5351 0.000153695
10800 0.823238 0.794739 0.0284983 0 0.965383 7339.05 7022.55 316.501 0 -30.4193 -31.5448 2 11127.9 292.177 5401 0.000147147
10900 0.833739 0.802961 0.0307777 0 0.963085 7422.47 7102.84 319.63 0 -30.4312 -31.4829 2 11227.9 293.487 5451 0.000147305
11000 0.816567 0.783559 0.0330081 0 0.959577 7504.09 7181.2 322.888 0 -30.4403 -31.2624 2 11327.9 294.791 5501 0.000142439
11100 0.806141 0.772306 0.0338342 0 0.958029 7584.61 7258.43 326.185 0 -30.4528 -31.625 2 11427.9 296.089 5551 0.000139129
11200 0.788987 0.758831 0.0301553 0 0.96178 7663.67 7334.31 329.354 0 -30.4619 -31.3306 2 11527.9 297.382 5601 0.000135481
11300 0.76297 0.737445 0.0255253 0 0.966545 7740.41 7408.06 332.357 0 -30.4723 -31.5138 2 11627.9 298.669 5651 0.000130498
11400 0.714315 0.688522 0.0257933 0 0.963891 7811.86 7476.91 334.956 0 -30.4858 -31.9497 2 11727.9 299.951 5701 0.000120772
11500 0.762975 0.733148 0.0298268 0 0.960907 7887.84 7550.22 337.621 0 -30.4949 -31.4296 2 11827.9 301.227 5751 0.000127482
11600 0.777324 0.746764 0.0305595 0 0.960686 7965.44 7624.9 340.538 0 -30.5051 -31.5425 2 11927.9 302.497 5801 0.00012873
11700 0.768084 0.739645 0.0284392 0 0.962974 8042.26 7698.86 343.396 0 -30.5147 -31.5044 2 12027.9 303.763 5851 0.000126413
11800 0.744068 0.719609 0.0244594 0 0.967127 8116.85 7770.83 346.026 0 -30.5265 -31.8019 2 12127.9 305.023 5901 0.000121947
11900 0.722158 0.699582 0.0225768 0 0.968737 8189.32 7840.78 348.536 0 -30.539 -31.9352 2 12227.9 306.278 5951 0.000117557
12000 0.794198 0.76381 0.0303878 0 0.961738 8268.38 7917.16 351.217 0 -30.5436 -31.0249 2 12327.9 307.528 6001 0.00012728
12100 0.793442 0.76485 0.0285917 0 0.963965 8347.8 7993.65 354.155 0 -30.5484 -31.051 2 12427.9 308.773 6051 0.000126401
12200 0.822633 0.788039 0.0345944 0 0.957947 8429.76 8072.45 357.308 0 -30.5489 -30.5918 2 12527.9 310.012 6101 0.000129166
12300 0.919409 0.880222 0.0391862 0 0.957379 8521.46 8160.48 360.988 0 -30.5415 -29.8647 2 12627.9 311.247 6151 0.000143102
12400 0.889714 0.855503 0.0342103 0 0.961549 8610.93 8246.03 364.905 0 -30.5424 -30.6263 2 12727.9 312.477 6201 0.000137962
12500 0.813581 0.781427 0.0321534 0 0.960479 8692.33 8324.17 368.165 0 -30.5467 -31.0058 2 12827.9 313.702 6251 0.000125008
12600 0.848036 0.812236 0.0358 0 0.957785 8776.98 8405.39 371.585 0 -30.5508 -30.9653 2 12927.9 314.923 6301 0.000128906
12700 0.811963 0.782695 0.0292682 0 0.963954 8858.41 8483.66 374.75 0 -30.5565 -31.1791 2 13027.9 316.138 6351 0.00012324
12800 0.846953 0.815407 0.0315469 0 0.962752 8942.99 8565.2 377.789 0 -30.5623 -31.163 2 13127.9 317.349 6401 0.000127387
12900 0.881723 0.848004 0.0337195 0 0.961757 9031.15 8650 381.152 0 -30.5685 -31.1994 2 13227.9 318.556 6451 0.000131453
13000 0.820835 0.790558 0.0302768 0 0.963115 9113.31 8729.06 384.248 0 -30.5749 -31.2765 2 13327.9 319.757 6501 0.000121606
13100 0.869237 0.838683 0.0305538 0 0.96485 9200.47 8812.93 387.54 0 -30.5774 -30.8461 2 13427.9 320.955 6551 0.000128024
13200 0.81232 0.783543 0.0287778 0 0.964573 9281.79 8891.28 390.51 0 -30.581 -30.9794 2 13527.9 322.148 6601 0.000118701
13300 0.838459 0.8067 0.0317585 0 0.962123 9365.53 8971.95 393.577 0 -30.5842 -30.9459 2 13627.9 323.336 6651 0.00012129
13400 0.819705 0.793515 0.02619 0 0.968049 9447.81 9051.3 396.506 0 -30.5902 -31.2667 2 13727.9 324.52 6701 0.000118417
13500 0.793436 0.768522 0.0249136 0 0.9686 9527.32 9128.15 399.163 0 -30.5956 -31.2437 2 13827.9 325.7 6751 0.000113838
13600 0.838153 0.80623 0.0319229 0 0.961913 9610.78 9208.78 402.003 0 -30.6 -31.1045 2 13927.9 326.876 6801 0.000118546
13700 0.817441 0.79181 0.0256314 0 0.968644 9692.84 9287.96 404.883 0 -30.6078 -31.5131 2 14027.9 328.047 6851 0.000115576
13800 0.821709 0.793339 0.0283699 0 0.965475 9774.95 9367.29 407.657 0 -30.613 -31.2302 2 14127.9 329.214 6901 0.00011496
13900 0.83575 0.806443 0.029307 0 0.964933 9858.43 9447.94 410.496 0 -30.6198 -31.4179 2 14227.9 330.377 6951 0.000116018
14000 0.916877 0.882081 0.0347954 0 0.96205 9949.94 9536.15 413.791 0 -30.6229 -30.9509 2 14327.9 331.536 7001 0.000125994
14100 0.954647 0.919393 0.035254 0 0.963071 10045.5 9628.08 417.399 0 -30.6262 -30.9782 2 14427.9 332.691 7051 0.000130392
14200 0.901923 0.870034 0.0318894 0 0.964643 10135.9 9715.09 420.766 0 -30.634 -31.4988 2 14527.9 333.842 7101 0.000122523
14300 0.876232 0.845254 0.0309787 0 0.964646 10223.5 9799.61 423.875 0 -30.6412 -31.472 2 14627.9 334.989 7151 0.000118201
14400 0.845853 0.816512 0.0293408 0 0.965312 10308.2 9881.26 426.928 0 -30.6508 -31.8093 2 14727.9 336.132 7201 0.000113389
14500 0.827381 0.80121 0.0261711 0 0.968369 10391.1 9961.39 429.694 0 -30.6613 -31.9721 2 14827.9 337.271 7251 0.000110496
14600 0.829303 0.805246 0.0240567 0 0.970992 10474.2 10041.9 432.301 0 -30.6739 -32.2371 2 14927.9 338.407 7301 0.000110293
14700 0.800435 0.776198 0.0242375 0 0.96972 10554.3 10119.5 434.763 0 -30.6862 -32.3032 2 15027.9 339.538 7351 0.000105591
14800 0.83037 0.803531 0.0268381 0 0.967679 10637.2 10199.9 437.299 0 -30.6981 -32.2144 2 15127.9 340.666 7401 0.000108571
14900 0.854585 0.82773 0.0268549 0 0.968575 10722.7 10282.7 440.059 0 -30.7067 -31.7775 2 15227.9 341.79 7451 0.00011109
15000 0.818005 0.787326 0.030679 0 0.962495 10804 10361.4 442.656 0 -30.7149 -31.7962 2 15327.9 342.911 7501 0.000104963
15100 0.855211 0.827159 0.0280527 0 0.967198 10889.8 10444.1 445.707 0 -30.7206 -31.4301 2 15427.9 344.028 7551 0.000109543
15200 0.841846 0.815735 0.0261114 0 0.968983 10974.2 10525.7 448.563 0 -30.7256 -31.3733 2 15527.9 345.141 7601 0.000107319
15300 0.781452 0.757884 0.023568 0 0.969841 11052.5 10601.5 451.082 0 -30.7332 -31.8013 2 15627.9 346.25 7651 9.90568e-05
15400 0.816357 0.79308 0.0232773 0 0.971486 11134.4 10680.8 453.606 0 -30.7404 -31.7175 2 15727.9 347.356 7701 0.000102984
15500 0.80125 0.777111 0.0241391 0 0.969873 11214.5 10758.5 456.003 0 -30.7497 -32.0397 2 15827.9 348.459 7751 0.000100259
15600 0.83557 0.807909 0.0276608 0 0.966896 11298 10839.3 458.699 0 -30.759 -32.011 2 15927.9 349.558 7801 0.000103565
15700 0.772987 0.749444 0.0235424 0 0.969544 11375.3 10914.2 461.13 0 -30.7703 -32.4107 2 16027.9 350.653 7851 9.54585e-05
15800 0.764964 0.739796 0.0251681 0 0.967099 11451.6 10988.2 463.414 0 -30.78 -32.2351 2 16127.9 351.746 7901 9.36332e-05
15900 0.816002 0.790292 0.0257106 0 0.968492 11533.1 11067.2 465.87 0 -30.7906 -32.269 2 16227.9 352.834 7951 9.93953e-05
16000 0.894669 0.864654 0.0300146 0 0.966452 11622.6 11153.7 468.882 0 -30.7956 -31.4408 2 16327.9 353.92 8001 0.000108068
16100 0.979459 0.947192 0.032267 0 0.967056 11720.6 11248.4 472.223 0 -30.8006 -31.3966 2 16427.9 355.002 8051 0.000117649
16200 0.909252 0.877579 0.031673 0 0.965166 11811.6 11336.2 475.448 0 -30.8087 -31.8564 2 16527.9 356.081 8101 0.00010833
16300 0.902317 0.871149 0.0311673 0 0.965459 11901.8 11423.3 478.553 0 -30.8135 -31.4415 2 16627.9 357.156 8151 0.000106876
16400 0.884452 0.854138 0.0303145 0 0.965725 11990.4 11508.7 481.669 0 -30.818 -31.4169 2 16727.9 358.229 8201 0.00010415
16500 0.858954 0.830037 0.0289172 0 0.966334 12076.3 11591.7 484.621 0 -30.8232 -31.5519 2 16827.9 359.298 8251 0.000100598
16600 0.870247 0.83828 0.0319674 0 0.963266 12163.1 11675.5 487.591 0 -30.8288 -31.6142 2 16927.9 360.364 8301 0.000100985
16700 0.904346 0.873947 0.0303991 0 0.966386 12253.7 11762.9 490.738 0 -30.8349 -31.642 2 17027.9 361.427 8351 0.000104652
16800 0.84867 0.820516 0.0281542 0 0.966825 12338.8 11845 493.773 0 -30.8413 -31.7656 2 17127.9 362.487 8401 9.76689e-05
16900 0.844113 0.814099 0.0300143 0 0.964443 12423 11926.4 496.606 0 -30.847 -31.6829 2 17227.9 363.543 8451 9.63317e-05
17000 0.855528 0.826139 0.0293893 0 0.965648 12508.5 12009 499.504 0 -30.8502 -31.319 2 17327.9 364.597 8501 9.71813e-05
17100 0.892229 0.859958 0.0322712 0 0.963831 12597.7 12095 502.661 0 -30.8523 -31.1493 2 17427.9 365.647 8551 0.000100568
17200 0.891097 0.857312 0.0337845 0 0.962087 12686.6 12180.7 505.875 0 -30.8549 -31.2253 2 17527.9 366.695 8601 9.96759e-05
17300 0.869944 0.837428 0.0325154 0 0.962624 12773.5 12264.5 508.991 0 -30.8573 -31.1997 2 17627.9 367.739 8651 9.68013e-05
17400 0.913652 0.877684 0.0359681 0 0.960633 12864.5 12352.2 512.21 0 -30.8596 -31.1842 2 17727.9 368.781 8701 0.000100872
17500 0.903119 0.87313 0.0299892 0 0.966794 12955.1 12439.6 515.536 0 -30.8657 -31.728 2 17827.9 369.82 8751 9.97749e-05
17600 0.84228 0.814615 0.0276651 0 0.967155 13039.5 12521 518.483 0 -30.8744 -32.2158 2 17927.9 370.855 8801 9.25594e-05
17700 0.873399 0.845814 0.0275851 0 0.968416 13127 12605.6 521.453 0 -30.8814 -31.9206 2 18027.9 371.888 8851 9.55614e-05
17800 0.884488 0.857347 0.0271408 0 0.969315 13215.6 12691.3 524.306 0 -30.8893 -32.0628 2 18127.9 372.918 8901 9.63203e-05
17900 0.874718 0.843236 0.0314813 0 0.96401 13302.9 12775.7 527.218 0 -30.8956 -31.8544 2 18227.9 373.945 8951 9.42058e-05
18000 0.864213 0.835115 0.0290978 0 0.96633 13389.4 12859.2 530.241 0 -30.9036 -32.1344 2 18327.9 374.97 9001 9.27803e-05
18100 0.836978 0.810037 0.0269405 0 0.967812 13473.1 12940.2 532.957 0 -30.9117 -32.2061 2 18427.9 375.991 9051 8.9497e-05
18200 0.872177 0.842448 0.0297293 0 0.965914 13560.4 13024.4 535.961 0 -30.9183 -31.9297 2 18527.9 377.01 9101 9.25666e-05
18300 0.853748 0.822462 0.031286 0 0.963355 13645.7 13106.7 539.004 0 -30.9223 -31.559 2 18627.9 378.026 9151 8.98767e-05
18400 0.830199 0.802305 0.0278944 0 0.9664 13728.8 13186.9 541.867 0 -30.9294 -32.1034 2 18727.9 379.039 9201 8.71976e-05
18500 0.896773 0.867343 0.02943 0 0.967182 13818.6 13273.6 544.968 0 -30.9378 -32.2131 2 18827.9 380.05 9251 9.37567e-05
18600 0.86124 0.830234 0.0310058 0 0.963999 13904.6 13356.6 547.939 0 -30.9453 -32.1521 2 18927.9 381.058 9301 8.92629e-05
18700 0.880819 0.849237 0.0315819 0 0.964145 13992.5 13441.6 550.97 0 -30.9545 -32.4131 2 19027.9 382.063 9351 9.08178e-05
18800 0.887952 0.858703 0.0292489 0 0.96706 14081.6 13527.4 554.162 0 -30.9634 -32.3606 2 19127.9 383.066 9401 9.13416e-05
18900 0.812684 0.786259 0.0264257 0 0.967483 14163 13606.1 556.915 0 -30.9721 -32.4838 2 19227.9 384.066 9451 8.31932e-05
19000 0.84301 0.814608 0.0284021 0 0.966309 14247.3 13687.5 559.785 0 -30.9787 -32.0813 2 19327.9 385.063 9501 8.57392e-05
19100 0.867192 0.838359 0.0288322 0 0.966752 14334.1 13771.4 562.76 0 -30.9857 -32.1381 2 19427.9 386.058 9551 8.77771e-05
19200 0.935005 0.897008 0.0379976 0 0.959361 14427.4 13861.1 566.295 0 -30.9883 -31.3786 2 19527.9 387.051 9601 9.34286e-05
19300 0.885461 0.852902 0.0325581 0 0.96323 14516.2 13946.4 569.837 0 -30.9931 -31.7839 2 19627.9 388.04 9651 8.83745e-05
19400 0.872495 0.838971 0.0335238 0 0.961577 14603.3 14030.3 573.067 0 -30.9988 -31.9395 2 19727.9 389.027 9701 8.64829e-05
19500 0.846111 0.818594 0.0275161 0 0.967479 14688.3 14112.1 576.189 0 -31.0065 -32.3237 2 19827.9 390.012 9751 8.39498e-05
19600 0.829284 0.80006 0.0292238 0 0.96476 14771.2 14192.1 579.064 0 -31.0138 -32.3188 2 19927.9 390.994 9801 8.16304e-05
19700 0.856945 0.829965 0.0269795 0 0.968517 14857.2 14275.1 582.122 0 -31.0205 -32.1638 2 20027.9 391.974 9851 8.42519e-05
19800 0.787715 0.762059 0.0256568 0 0.967429 14936.1 14351.3 584.743 0 -31.0286 -32.5557 2 20127.9 392.952 9901 7.69678e-05
19900 0.804489 0.779465 0.0250246 0 0.968894 15016.6 14429.3 587.286 0 -31.0356 -32.3359 2 20227.9 393.927 9951 7.83303e-05
20000 0.798309 0.774303 0.0240065 0 0.969928 15096.4 14506.7 589.709 0 -31.0433 -32.5026 2 20327.9 394.899 10001 7.74225e-05
