100 0.0219583 0.0207825 0.00117586 0 0.94645 2.17851 2.07825 0.100263 0 -27.2954 -27.2954 16 437.882 57.9587 7 0.00296892
200 0.0320947 0.029282 0.00281269 0 0.912363 5.26834 5.00645 0.261897 0 -26.7707 -26.4008 16 533.882 63.9974 13 0.00225246
300 0.0397535 0.0363931 0.00336036 0 0.91547 9.14849 8.64576 0.502732 0 -26.8992 -27.0738 16 629.882 69.5136 19 0.00191543
400 0.0510466 0.0486227 0.00242386 0 0.952517 14.3408 13.508 0.832805 0 -27.2341 -27.824 16 741.882 75.441 26 0.0018701
500 0.0345111 0.0326435 0.00186764 0 0.945883 17.8177 16.7724 1.04534 0 -27.4396 -28.2871 16 837.882 80.1736 32 0.00102011
600 0.0372795 0.0349228 0.00235667 0 0.936784 21.5176 20.2647 1.25297 0 -27.3929 -27.1683 16 933.882 84.642 38 0.000919022
700 0.065345 0.062628 0.00271703 0 0.95842 28.0848 26.5275 1.55729 0 -27.3578 -27.2427 16 1029.88 88.8861 44 0.00142336
800 0.0717475 0.0678347 0.00391274 0 0.945465 35.2231 33.3109 1.91219 0 -27.5722 -28.4159 16 1141.88 93.5946 51 0.00133009
900 0.063565 0.0588478 0.00471723 0 0.925789 41.4831 39.1957 2.28743 0 -27.672 -28.2332 16 1237.88 97.4495 57 0.00103242
1000 0.0610029 0.0571986 0.00380423 0 0.937639 47.62 44.9156 2.70445 0 -27.7767 -28.4848 16 1333.88 101.158 63 0.000907915
1100 0.0487242 0.0467864 0.00193781 0 0.960229 52.5593 49.5942 2.96506 0 -27.9747 -29.8833 16 1429.88 104.735 69 0.000678064
1200 0.0446793 0.0425643 0.00211507 0 0.952661 57.0461 53.8506 3.1955 0 -28.0889 -29.4274 16 1541.88 108.759 76 0.000560056
1300 0.0555066 0.0527719 0.00273463 0 0.950733 62.5417 59.1278 3.41384 0 -28.0453 -27.592 16 1637.88 112.094 82 0.00064356
1400 0.0561756 0.0535816 0.00259398 0 0.953824 68.1361 64.486 3.65008 0 -27.9778 -27.2228 16 1733.88 115.332 88 0.000608882
1500 0.0645817 0.0620779 0.00250376 0 0.961231 74.6373 70.6938 3.94352 0 -27.9734 -27.928 16 1829.88 118.482 94 0.000660404
1600 0.0624183 0.0594688 0.00294948 0 0.952747 80.965 76.6407 4.32429 0 -28.0394 -28.8179 16 1941.88 122.054 101 0.0005888
1700 0.0521534 0.0492774 0.00287599 0 0.944855 86.1679 81.5684 4.59952 0 -28.1286 -29.5172 16 2037.88 125.034 107 0.000460536
1800 0.0955738 0.0918372 0.00373659 0 0.960904 95.7665 90.7521 5.01438 0 -28.2552 -29.3917 16 2133.88 127.946 113 0.000812718
1900 0.0769652 0.0723144 0.00465073 0 0.939574 103.374 97.9836 5.39 0 -28.2846 -28.6548 16 2229.88 130.792 119 0.000607684
2000 0.0693518 0.0665608 0.00279095 0 0.959757 110.406 104.64 5.76604 0 -28.3936 -29.9951 16 2341.88 134.036 126 0.00052826
2100 0.0704527 0.0676368 0.00281594 0 0.960031 117.486 111.403 6.08229 0 -28.4505 -29.3381 16 2437.88 136.756 132 0.0005124
2200 0.0758769 0.0721094 0.00376747 0 0.950348 125.056 118.614 6.44161 0 -28.5025 -29.309 16 2533.88 139.423 138 0.000522532
2300 0.0737573 0.069945 0.00381224 0 0.948314 132.432 125.609 6.82361 0 -28.5882 -30.0417 16 2629.88 142.039 144 0.00048573
2400 0.0886273 0.0846121 0.00401529 0 0.954695 141.368 134.07 7.29757 0 -28.6834 -30.0948 16 2741.88 145.032 151 0.000560345
2500 0.0720688 0.069155 0.00291382 0 0.959569 148.667 140.985 7.6814 0 -28.7741 -30.53 16 2837.88 147.549 157 0.000440478
2600 0.0637548 0.0607385 0.00301633 0 0.952689 155.029 147.059 7.96932 0 -28.8569 -30.7912 16 2933.88 150.024 163 0.000372629
2700 0.0649949 0.062527 0.00246791 0 0.962029 161.565 153.312 8.25263 0 -28.9473 -31.0929 16 3029.88 152.459 169 0.000369982
2800 0.0646867 0.0623406 0.00234602 0 0.963733 168.075 159.546 8.52884 0 -29.0111 -30.5935 16 3141.88 155.251 176 0.000354208
2900 0.0603009 0.0593073 0.000993597 0 0.983523 174.213 165.477 8.73655 0 -29.1046 -31.6645 16 3237.88 157.605 182 0.000325864
3000 0.0752719 0.073124 0.00214793 0 0.971464 181.69 172.789 8.90126 0 -29.2025 -31.4848 16 3333.88 159.925 188 0.000388958
3100 0.0700157 0.067739 0.00227679 0 0.967482 188.716 179.563 9.1526 0 -29.2725 -31.0815 16 3429.88 162.211 194 0.00034917
3200 0.0805408 0.0771992 0.00334167 0 0.95851 196.715 187.283 9.43179 0 -29.3123 -30.2505 16 3541.88 164.838 201 0.000384075
3300 0.0855565 0.0806171 0.00493948 0 0.942267 205.165 195.345 9.82028 0 -29.33 -29.7439 16 3637.88 167.057 207 0.000389454
3400 0.0880835 0.08208 0.00600348 0 0.931843 213.785 203.553 10.2327 0 -29.3394 -29.5626 16 3733.88 169.247 213 0.000385352
3500 0.0894496 0.0851632 0.00428641 0 0.95208 222.764 212.069 10.6946 0 -29.3537 -29.6952 16 3829.88 171.409 219 0.000388873
3600 0.0810421 0.0773319 0.00371024 0 0.954218 230.896 219.802 11.0933 0 -29.3953 -30.5334 16 3941.88 173.897 226 0.000342176
3700 0.0801067 0.0757498 0.00435694 0 0.945611 238.86 227.377 11.4829 0 -29.4286 -30.3952 16 4037.88 176.002 232 0.000326508
3800 0.0720665 0.0690746 0.00299188 0 0.958485 246.109 234.285 11.8244 0 -29.4663 -30.7076 16 4133.88 178.082 238 0.00029023
3900 0.0802004 0.0757169 0.00448348 0 0.944097 253.993 241.856 12.1371 0 -29.5105 -30.89 16 4229.88 180.138 244 0.000310315
4000 0.0889131 0.0853913 0.00352185 0 0.96039 262.958 250.396 12.562 0 -29.5605 -30.9787 16 4341.88 182.507 251 0.000340204
4100 0.0841189 0.080069 0.00404991 0 0.951855 271.313 258.402 12.9102 0 -29.6265 -31.7028 16 4437.88 184.513 257 0.000311552
4200 0.0763947 0.073887 0.00250772 0 0.967174 279.02 265.791 13.2292 0 -29.6919 -31.9945 16 4533.88 186.498 263 0.000280939
4300 0.0946929 0.0896537 0.00503919 0 0.946784 288.467 274.756 13.7105 0 -29.7303 -30.8646 16 4629.88 188.463 269 0.000333285
4400 0.0777674 0.0749639 0.0028035 0 0.96395 296.334 282.253 14.0814 0 -29.7888 -31.9331 16 4741.88 190.728 276 0.000271608
4500 0.0921712 0.0872619 0.00490935 0 0.946737 305.435 290.979 14.4557 0 -29.8124 -30.581 16 4837.88 192.649 282 0.000309439
4600 0.0837487 0.0808754 0.00287334 0 0.965691 313.895 299.067 14.8287 0 -29.8595 -31.5593 16 4933.88 194.551 288 0.000280817
4700 0.0747026 0.0720116 0.00269103 0 0.963977 321.385 306.268 15.1176 0 -29.9072 -31.9065 16 5029.88 196.435 294 0.000244937
4800 0.0765056 0.0741945 0.00231106 0 0.969792 329.055 313.687 15.3678 0 -29.9432 -31.4521 16 5141.88 198.61 301 0.000246493
4900 0.0636477 0.0620604 0.00158725 0 0.975062 335.448 319.893 15.5546 0 -29.9877 -32.2768 16 5237.88 200.455 307 0.000202151
5000 0.0703217 0.0677523 0.00256937 0 0.963463 342.415 326.668 15.7463 0 -30.0343 -32.2785 16 5333.88 202.284 313 0.000216461
5100 0.0693144 0.0672782 0.0020362 0 0.970624 349.384 333.396 15.9875 0 -30.0741 -32.0296 16 5429.88 204.096 319 0.000210903
5200 0.0646438 0.0626588 0.00198493 0 0.969294 355.832 339.662 16.1701 0 -30.1034 -31.6937 16 5541.88 206.191 326 0.000192205
5300 0.0768804 0.0738597 0.00302073 0 0.960709 363.454 347.048 16.4059 0 -30.123 -31.0349 16 5637.88 207.969 332 0.000222469
5400 0.0706348 0.0684258 0.00220905 0 0.968726 370.55 353.891 16.6589 0 -30.1471 -31.3845 16 5733.88 209.732 338 0.000202443
5500 0.071126 0.0690043 0.00212176 0 0.970169 377.684 360.791 16.8926 0 -30.1758 -31.6667 16 5829.88 211.48 344 0.000200594
5600 0.0628574 0.0614249 0.00143247 0 0.977211 384.019 366.934 17.0856 0 -30.2072 -32.0741 16 5941.88 213.502 351 0.000175
5700 0.08031 0.0774141 0.00289583 0 0.963942 392.055 374.675 17.3802 0 -30.234 -31.5148 16 6037.88 215.22 357 0.000216846
5800 0.0667444 0.064343 0.00240136 0 0.964022 398.753 381.109 17.6433 0 -30.2639 -32.0184 16 6133.88 216.924 363 0.000177254
5900 0.0605133 0.0584137 0.00209956 0 0.965304 404.784 386.951 17.833 0 -30.2976 -32.5221 16 6229.88 218.615 369 0.000158303
6000 0.0711602 0.0690262 0.00213395 0 0.970012 411.931 393.853 18.0772 0 -30.3299 -32.1625 16 6341.88 220.571 376 0.00018358
6100 0.066357 0.0636352 0.00272177 0 0.958983 418.503 400.217 18.286 0 -30.3535 -31.831 16 6437.88 222.235 382 0.000166584
6200 0.0707576 0.0687631 0.00199454 0 0.971812 425.612 407.093 18.5185 0 -30.3654 -31.0647 16 6533.88 223.885 388 0.000177224
6300 0.0578693 0.0567818 0.00108744 0 0.981209 431.421 412.771 18.65 0 -30.4003 -32.9601 16 6629.88 225.524 394 0.000144116
6400 0.0569299 0.0557002 0.00122975 0 0.978399 437.117 418.341 18.7759 0 -30.4344 -33.0163 16 6741.88 227.421 401 0.000138903
6500 0.0598111 0.0575651 0.00224598 0 0.962449 443 424.098 18.9024 0 -30.4528 -31.8168 16 6837.88 229.034 407 0.000141438
6600 0.0790443 0.0749638 0.00408053 0 0.948377 450.795 431.594 19.2007 0 -30.4554 -30.6025 16 6933.88 230.637 413 0.00018151
6700 0.103766 0.0991845 0.00458174 0 0.955846 461.152 441.513 19.6394 0 -30.4462 -30.0485 16 7029.88 232.228 419 0.000236717
6800 0.0945982 0.0899546 0.00464357 0 0.950913 470.631 450.508 20.1229 0 -30.435 -29.8902 16 7141.88 234.07 426 0.000211161
6900 0.086276 0.0813741 0.00490182 0 0.943184 479.232 458.646 20.5869 0 -30.4351 -30.4407 16 7237.88 235.638 432 0.000188366
7000 0.0790895 0.0754219 0.0036676 0 0.953627 487.197 466.188 21.0095 0 -30.4474 -31.1887 16 7333.88 237.196 438 0.000172196
7100 0.0672798 0.0644754 0.00280433 0 0.958318 493.967 472.635 21.3312 0 -30.4653 -31.7532 16 7429.88 238.743 444 0.000145215
7200 0.0810374 0.0777928 0.00324451 0 0.959963 502.101 480.415 21.6867 0 -30.4736 -30.9739 16 7541.88 240.536 451 0.00017249
7300 0.0702987 0.067739 0.00255975 0 0.963588 509.17 487.189 21.9818 0 -30.494 -31.9437 16 7637.88 242.062 457 0.000148225
7400 0.069851 0.0668585 0.00299245 0 0.957159 516.114 493.874 22.2395 0 -30.5161 -32.1383 16 7733.88 243.578 463 0.000144403
7500 0.0739978 0.0710697 0.00292818 0 0.960429 523.521 500.981 22.5396 0 -30.534 -31.7809 16 7829.88 245.086 469 0.000151534
7600 0.0744131 0.0718172 0.00259585 0 0.965116 531.049 508.163 22.8858 0 -30.5605 -32.4021 16 7941.88 246.832 476 0.000150877
7700 0.0685371 0.0648837 0.00365341 0 0.946694 537.844 514.651 23.1924 0 -30.5786 -31.9907 16 8037.88 248.32 482 0.000134613
7800 0.0708473 0.0682448 0.00260249 0 0.963266 544.989 521.476 23.5129 0 -30.5975 -32.0259 16 8133.88 249.798 488 0.000139846
7900 0.0722234 0.0696716 0.00255181 0 0.964668 552.222 528.443 23.779 0 -30.6019 -30.9278 16 8229.88 251.268 494 0.000141036
8000 0.0893533 0.0854781 0.00387518 0 0.956631 561.178 536.991 24.1871 0 -30.6094 -31.075 16 8341.88 252.972 501 0.000170615
8100 0.100609 0.0972714 0.00333716 0 0.96683 571.359 546.718 24.6413 0 -30.6121 -30.7631 16 8437.88 254.423 507 0.000191857
8200 0.0871745 0.0832734 0.00390106 0 0.95525 580.035 555.045 24.9892 0 -30.6144 -30.7643 16 8533.88 255.866 513 0.000162326
8300 0.0985776 0.0946551 0.00392252 0 0.960209 589.94 564.511 25.4293 0 -30.6131 -30.538 16 8629.88 257.302 519 0.00018238
8400 0.0875983 0.0840677 0.00353058 0 0.959696 598.761 572.918 25.8435 0 -30.6107 -30.4465 16 8741.88 258.966 526 0.000159825
8500 0.0824649 0.0788947 0.00357017 0 0.956707 607.033 580.807 26.2263 0 -30.6107 -30.6119 16 8837.88 260.384 532 0.000148298
8600 0.103053 0.0974956 0.00555712 0 0.946075 617.317 590.557 26.7603 0 -30.6188 -31.0975 16 8933.88 261.794 538 0.000181219
8700 0.092164 0.0877844 0.00437968 0 0.95248 626.567 599.335 27.2317 0 -30.6207 -30.7489 16 9029.88 263.197 544 0.000161368
8800 0.0985437 0.0944704 0.00407331 0 0.958665 636.44 608.782 27.6576 0 -30.6207 -30.618 16 9141.88 264.824 551 0.000171453
8900 0.090688 0.0866187 0.00406929 0 0.955129 645.507 617.444 28.0628 0 -30.6245 -30.8903 16 9237.88 266.211 557 0.000155509
9000 0.0868552 0.083605 0.00325012 0 0.96258 654.244 625.805 28.4397 0 -30.6299 -31.0319 16 9333.88 267.591 563 0.000148499
9100 0.092027 0.0887181 0.00330895 0 0.964044 663.545 634.676 28.8685 0 -30.6487 -31.9667 16 9429.88 268.963 569 0.000155919
9200 0.0914134 0.0879616 0.00345172 0 0.96224 672.713 643.473 29.2404 0 -30.6473 -30.5513 16 9541.88 270.556 576 0.000152711
9300 0.0839707 0.0811859 0.00278478 0 0.966836 681.158 651.591 29.5672 0 -30.6552 -31.2817 16 9637.88 271.914 582 0.000139495
9400 0.0820424 0.0793445 0.00269791 0 0.967116 689.421 659.526 29.8956 0 -30.6669 -31.6325 16 9733.88 273.264 588 0.00013494
9500 0.0740535 0.0716254 0.00242809 0 0.967212 696.829 666.688 30.1408 0 -30.6824 -32.1286 16 9829.88 274.609 594 0.000120582
9600 0.0766324 0.0750318 0.00160054 0 0.979114 704.583 674.191 30.3917 0 -30.7053 -32.7555 16 9941.88 276.169 601 0.000124845
9700 0.0716842 0.0698956 0.00178859 0 0.975049 711.74 681.181 30.5589 0 -30.724 -32.5655 16 10037.9 277.499 607 0.000115149
9800 0.0807576 0.0789417 0.00181591 0 0.977514 719.83 689.075 30.7545 0 -30.7408 -32.2229 16 10133.9 278.823 613 0.000128779
9900 0.0913024 0.0873335 0.00396888 0 0.95653 728.831 697.808 31.0222 0 -30.7454 -31.1096 16 10229.9 280.14 619 0.000141088
10000 0.120765 0.115218 0.00554748 0 0.954064 740.854 709.33 31.5242 0 -30.7611 -31.7173 16 10341.9 281.67 626 0.000184054
10100 0.112554 0.107591 0.00496279 0 0.955907 752.152 720.089 32.0625 0 -30.7668 -31.1383 16 10437.9 282.974 632 0.000170239
10200 0.0916844 0.0880403 0.00364414 0 0.960253 761.368 728.893 32.4748 0 -30.7753 -31.4694 16 10533.9 284.272 638 0.000137994
10300 0.0887355 0.0858045 0.00293103 0 0.966969 770.307 737.474 32.8337 0 -30.7891 -31.9641 16 10629.9 285.565 644 0.000133237
10400 0.0877999 0.0837988 0.00400106 0 0.95443 779.002 745.854 33.1485 0 -30.8018 -31.9232 16 10741.9 287.065 651 0.000128723
10500 0.090978 0.0880267 0.00295126 0 0.967561 788.217 754.656 33.5603 0 -30.8217 -32.5065 16 10837.9 288.345 657 0.000133983
10600 0.111633 0.106408 0.00522487 0 0.953196 799.215 765.297 33.9182 0 -30.8273 -31.2288 16 10933.9 289.619 663 0.000160494
10700 0.115063 0.109721 0.00534214 0 0.953572 810.691 776.269 34.4222 0 -30.8279 -30.8697 16 11029.9 290.888 669 0.000164007
10800 0.102395 0.0981649 0.00423033 0 0.958686 820.95 786.086 34.8648 0 -30.8411 -31.8877 16 11141.9 292.361 676 0.000145214
10900 0.097347 0.0941308 0.00321621 0 0.966961 830.767 795.499 35.2679 0 -30.8502 -31.6054 16 11237.9 293.618 682 0.000138022
11000 0.0806745 0.0787668 0.00190775 0 0.976353 838.917 803.375 35.5413 0 -30.8682 -32.7036 16 11333.9 294.869 688 0.000114487
11100 0.0863188 0.0832846 0.00303416 0 0.964849 847.497 811.704 35.793 0 -30.877 -31.7422 16 11429.9 296.115 694 0.000120007
11200 0.0801975 0.0783438 0.0018537 0 0.976886 855.58 819.538 36.0422 0 -30.8944 -32.7171 16 11541.9 297.563 701 0.00011176
11300 0.0818279 0.0795016 0.00232624 0 0.971572 863.751 827.488 36.2629 0 -30.9063 -32.155 16 11637.9 298.798 707 0.000112449
11400 0.0886356 0.0855617 0.00307398 0 0.965319 872.583 836.045 36.5389 0 -30.906 -30.8717 16 11733.9 300.027 713 0.000120002
11500 0.119601 0.116314 0.00328696 0 0.972517 884.622 847.676 36.9456 0 -30.9079 -31.0448 16 11829.9 301.252 719 0.000161773
11600 0.0989267 0.0955342 0.00339242 0 0.965708 894.553 857.229 37.3241 0 -30.9095 -31.0538 16 11941.9 302.675 726 0.00013159
11700 0.114251 0.111171 0.00308021 0 0.97304 906.103 868.347 37.7566 0 -30.9063 -30.6564 16 12037.9 303.889 732 0.000151873
11800 0.110698 0.10614 0.00455772 0 0.958827 917.069 878.961 38.108 0 -30.9127 -31.4423 16 12133.9 305.098 738 0.000143821
11900 0.120607 0.116199 0.00440791 0 0.963452 929.174 890.58 38.5933 0 -30.9132 -30.9557 16 12229.9 306.303 744 0.000156182
12000 0.111556 0.107452 0.00410357 0 0.963215 940.381 901.326 39.0551 0 -30.9206 -31.5297 16 12341.9 307.702 751 0.000143079
12100 0.103111 0.0986198 0.00449141 0 0.956441 950.639 911.188 39.451 0 -30.9301 -31.7999 16 12437.9 308.897 757 0.000130277
12200 0.104485 0.101103 0.00338164 0 0.967635 961.148 921.298 39.8495 0 -30.9422 -32.0394 16 12533.9 310.087 763 0.000132508
12300 0.0888369 0.0864091 0.00242779 0 0.972671 970.079 929.939 40.1404 0 -30.958 -32.6577 16 12629.9 311.272 769 0.000112366
12400 0.094471 0.0918765 0.00259446 0 0.972537 979.599 939.127 40.4726 0 -30.971 -32.2951 16 12741.9 312.649 776 0.000118398
12500 0.0915539 0.0888426 0.00271128 0 0.970386 988.765 948.011 40.7537 0 -30.9827 -32.2333 16 12837.9 313.824 782 0.000113609
12600 0.0909529 0.0870178 0.00393507 0 0.956735 997.721 956.713 41.0081 0 -30.9886 -31.6393 16 12933.9 314.996 788 0.000110429
12700 0.0985094 0.0950408 0.00346859 0 0.964789 1007.54 966.217 41.3222 0 -30.9889 -31.0201 16 13029.9 316.162 794 0.000119699
12800 0.112718 0.108362 0.00435608 0 0.961354 1018.78 977.053 41.7251 0 -30.9857 -30.697 16 13141.9 317.518 801 0.000135283
12900 0.129764 0.124871 0.00489305 0 0.962293 1031.75 989.54 42.2125 0 -30.9801 -30.5415 16 13237.9 318.676 807 0.000154735
13000 0.117617 0.112081 0.0055362 0 0.95293 1043.44 1000.75 42.695 0 -30.978 -30.7927 16 13333.9 319.829 813 0.000137861
13100 0.1037 0.100237 0.00346301 0 0.966605 1053.86 1010.77 43.0919 0 -30.9845 -31.6406 16 13429.9 320.979 819 0.000122389
13200 0.0966891 0.0940726 0.0026165 0 0.972939 1063.59 1020.18 43.407 0 -30.9931 -31.9218 16 13541.9 322.314 826 0.000113889
13300 0.128974 0.124622 0.00435199 0 0.966257 1076.5 1032.64 43.8545 0 -30.9855 -30.3592 16 13637.9 323.455 832 0.000149786
13400 0.104079 0.100784 0.00329517 0 0.96834 1086.96 1042.72 44.2437 0 -30.9884 -31.2901 16 13733.9 324.591 838 0.000120267
13500 0.103241 0.0993448 0.00389657 0 0.962258 1097.2 1052.65 44.543 0 -30.9944 -31.6246 16 13829.9 325.724 844 0.000117707
13600 0.0993369 0.0960865 0.00325041 0 0.967279 1107.15 1062.26 44.8859 0 -31.0049 -32.1677 16 13941.9 327.04 851 0.00011291
13700 0.0928999 0.0898084 0.00309152 0 0.966722 1116.47 1071.24 45.2233 0 -31.0163 -32.3699 16 14037.9 328.164 857 0.000104794
13800 0.0835683 0.0808378 0.00273046 0 0.967327 1124.82 1079.33 45.4928 0 -31.0281 -32.604 16 14133.9 329.284 863 9.36707e-05
13900 0.0816041 0.0791259 0.00247824 0 0.969631 1133.01 1087.24 45.7707 0 -31.0422 -32.9717 16 14229.9 330.401 869 9.1054e-05
14000 0.0807326 0.0782044 0.0025282 0 0.968684 1141.09 1095.06 46.0249 0 -31.0562 -33.0228 16 14341.9 331.698 876 8.92745e-05
14100 0.0870216 0.0836158 0.00340584 0 0.960862 1149.76 1103.42 46.3377 0 -31.0681 -32.6379 16 14437.9 332.807 882 9.48025e-05
14200 0.0884104 0.0858716 0.00253883 0 0.971284 1158.64 1112.01 46.6302 0 -31.0803 -32.6585 16 14533.9 333.911 888 9.67023e-05
14300 0.0751145 0.0733301 0.00178444 0 0.976244 1166.17 1119.34 46.8324 0 -31.0957 -33.4708 16 14629.9 335.012 894 8.20247e-05
14400 0.0996031 0.0951537 0.00444932 0 0.955329 1176.02 1128.86 47.1593 0 -31.1024 -31.8946 16 14741.9 336.292 901 0.000105609
14500 0.0976817 0.0928321 0.00484957 0 0.950353 1185.64 1138.14 47.5011 0 -31.11 -32.0403 16 14837.9 337.385 907 0.000102351
14600 0.103791 0.100413 0.00337777 0 0.967456 1196.04 1148.18 47.8557 0 -31.1217 -32.4544 16 14933.9 338.475 913 0.000109981
14700 0.0921877 0.0893161 0.00287158 0 0.968851 1205.3 1157.11 48.1854 0 -31.1356 -32.9322 16 15029.9 339.561 919 9.71884e-05
14800 0.0920128 0.0891821 0.00283071 0 0.969236 1214.54 1166.03 48.5081 0 -31.147 -32.6256 16 15141.9 340.824 926 9.6309e-05
14900 0.0896843 0.0866425 0.0030418 0 0.966083 1223.5 1174.7 48.8019 0 -31.1561 -32.4005 16 15237.9 341.903 932 9.2964e-05
15000 0.100359 0.0963424 0.00401662 0 0.959978 1233.44 1184.33 49.1055 0 -31.1622 -31.906 16 15333.9 342.978 938 0.00010271
15100 0.099606 0.0965493 0.00305666 0 0.969312 1243.44 1193.99 49.4559 0 -31.1699 -32.1232 16 15429.9 344.05 944 0.000102277
15200 0.0849966 0.0825331 0.00246347 0 0.971017 1251.99 1202.24 49.7523 0 -31.183 -33.0873 16 15541.9 345.296 951 8.67856e-05
15300 0.0753601 0.0735844 0.00177563 0 0.976438 1259.56 1209.6 49.9614 0 -31.1976 -33.6073 16 15637.9 346.361 957 7.68907e-05
15400 0.102397 0.0998274 0.00256956 0 0.974906 1269.87 1219.58 50.29 0 -31.2119 -32.9568 16 15733.9 347.423 963 0.000103663
15500 0.107287 0.10409 0.00319665 0 0.970205 1280.66 1229.99 50.6731 0 -31.2267 -32.9699 16 15829.9 348.481 969 0.00010742
15600 0.10554 0.102999 0.00254071 0 0.975927 1291.31 1240.29 51.0179 0 -31.234 -32.1191 16 15941.9 349.711 976 0.000105532
15700 0.0969473 0.0945169 0.00243044 0 0.97493 1301.04 1249.74 51.3007 0 -31.2419 -32.2813 16 16037.9 350.763 982 9.62494e-05
15800 0.0972184 0.0946652 0.00255322 0 0.973737 1310.76 1259.21 51.5516 0 -31.2536 -32.8174 16 16133.9 351.811 988 9.5815e-05
15900 0.0998384 0.0960817 0.00375672 0 0.962372 1320.75 1268.81 51.9383 0 -31.2625 -32.4341 16 16229.9 352.856 994 9.66617e-05
16000 0.0871813 0.0844098 0.00277155 0 0.968209 1329.51 1277.26 52.2572 0 -31.2709 -32.545 16 16341.9 354.072 1001 8.43254e-05
16100 0.088634 0.0845171 0.00411688 0 0.953552 1338.3 1285.71 52.5874 0 -31.2719 -31.4218 16 16437.9 355.11 1007 8.39296e-05
16200 0.103482 0.0989269 0.00455526 0 0.95598 1348.67 1295.6 53.0661 0 -31.275 -31.6692 16 16533.9 356.146 1013 9.76574e-05
16300 0.0967397 0.0929437 0.00379603 0 0.96076 1358.36 1304.89 53.4668 0 -31.2808 -32.0845 16 16629.9 357.178 1019 9.12107e-05
16400 0.0868094 0.0840821 0.00272731 0 0.968583 1367.08 1313.3 53.7751 0 -31.2894 -32.6284 16 16741.9 358.379 1026 8.19513e-05
16500 0.0943211 0.0908981 0.00342304 0 0.963709 1376.45 1322.39 54.0585 0 -31.2912 -31.5577 16 16837.9 359.405 1032 8.80796e-05
16600 0.102893 0.0998375 0.00305558 0 0.970303 1386.78 1332.38 54.4003 0 -31.2858 -30.5696 16 16933.9 360.428 1038 9.61826e-05
16700 0.0922299 0.0893719 0.00285809 0 0.969011 1396.01 1341.31 54.6979 0 -31.2848 -31.1277 16 17029.9 361.448 1044 8.56052e-05
16800 0.0990464 0.0960673 0.00297909 0 0.969922 1405.94 1350.92 55.0171 0 -31.2842 -31.2015 16 17141.9 362.635 1051 9.14056e-05
16900 0.0985243 0.0951654 0.00335887 0 0.965908 1415.82 1360.44 55.3849 0 -31.289 -31.9807 16 17237.9 363.649 1057 9.00335e-05
17000 0.100272 0.0963961 0.00387635 0 0.961342 1425.83 1370.08 55.7496 0 -31.2892 -31.3156 16 17333.9 364.66 1063 9.0683e-05
17100 0.0855514 0.083641 0.00191047 0 0.977669 1434.47 1378.44 56.0313 0 -31.2967 -32.5264 16 17429.9 365.668 1069 7.82423e-05
17200 0.0897298 0.0878541 0.00187572 0 0.979096 1443.51 1387.23 56.2835 0 -31.3096 -33.3647 16 17541.9 366.841 1076 8.16488e-05
17300 0.118652 0.115776 0.00287632 0 0.975758 1455.4 1398.8 56.597 0 -31.3111 -31.4894 16 17637.9 367.844 1082 0.000107002
17400 0.10899 0.105722 0.00326836 0 0.970012 1466.29 1409.38 56.9191 0 -31.3136 -31.649 16 17733.9 368.843 1088 9.7171e-05
17500 0.0899873 0.0879122 0.00207507 0 0.97694 1475.33 1418.17 57.1625 0 -31.3219 -32.6722 16 17829.9 369.84 1094 8.03585e-05
17600 0.0932367 0.0910908 0.00214594 0 0.976984 1484.73 1427.28 57.4532 0 -31.3258 -31.9347 16 17941.9 371 1101 8.27346e-05
17700 0.105105 0.100586 0.00451891 0 0.957006 1495.09 1437.33 57.7545 0 -31.3309 -32.0635 16 18037.9 371.991 1107 9.08635e-05
17800 0.121002 0.11595 0.00505178 0 0.95825 1507.18 1448.93 58.247 0 -31.3318 -31.4387 16 18133.9 372.98 1113 0.000104178
17900 0.103643 0.0993298 0.00431344 0 0.958382 1517.54 1458.86 58.6809 0 -31.3328 -31.4841 16 18229.9 373.966 1119 8.87665e-05
18000 0.0876022 0.0852139 0.00238831 0 0.972737 1526.39 1467.38 59.0091 0 -31.3406 -32.6779 16 18341.9 375.113 1126 7.56784e-05
18100 0.0942828 0.0912033 0.00307954 0 0.967337 1535.79 1476.5 59.2896 0 -31.3498 -32.8474 16 18437.9 376.093 1132 8.05683e-05
18200 0.0862426 0.0839677 0.00227496 0 0.973621 1544.47 1484.9 59.5682 0 -31.3602 -33.1904 16 18533.9 377.071 1138 7.37853e-05
18300 0.0871931 0.084356 0.00283712 0 0.967462 1553.19 1493.34 59.8528 0 -31.3663 -32.4421 16 18629.9 378.046 1144 7.37377e-05
18400 0.0811185 0.0791114 0.00200707 0 0.975258 1561.36 1501.25 60.109 0 -31.3739 -32.8363 16 18741.9 379.181 1151 6.87328e-05
18500 0.080134 0.0779129 0.0022212 0 0.972281 1569.38 1509.04 60.341 0 -31.382 -32.9494 16 18837.9 380.151 1157 6.73404e-05
18600 0.0765364 0.0749337 0.00160269 0 0.97906 1577.05 1516.53 60.5194 0 -31.3928 -33.6009 16 18933.9 381.118 1163 6.44314e-05
18700 0.0758711 0.0747323 0.00113875 0 0.984991 1584.66 1524.01 60.652 0 -31.404 -33.7293 16 19029.9 382.083 1169 6.39284e-05
18800 0.07728 0.0755694 0.0017106 0 0.977865 1592.39 1531.56 60.8321 0 -31.4127 -33.1971 16 19141.9 383.206 1176 6.42597e-05
18900 0.0773051 0.0733651 0.00393996 0 0.949034 1599.96 1538.9 61.057 0 -31.4171 -32.3426 16 19237.9 384.166 1182 6.20686e-05
19000 0.0932404 0.0894719 0.00376849 0 0.959583 1609.27 1547.85 61.4191 0 -31.4146 -30.9862 16 19333.9 385.123 1188 7.5313e-05
19100 0.1022 0.0978891 0.00431097 0 0.957818 1619.44 1557.64 61.8096 0 -31.4067 -30.1509 16 19429.9 386.078 1194 8.19842e-05
19200 0.0941251 0.0909687 0.00315639 0 0.966466 1628.93 1566.73 62.1967 0 -31.405 -31.1227 16 19541.9 387.189 1201 7.57441e-05
19300 0.0828831 0.0799161 0.00296709 0 0.964202 1637.23 1574.72 62.5017 0 -31.4066 -31.7247 16 19637.9 388.139 1207 6.62105e-05
19400 0.0832837 0.0802072 0.00307656 0 0.963059 1645.57 1582.74 62.8293 0 -31.4093 -31.9313 16 19733.9 389.087 1213 6.6123e-05
19500 0.0900812 0.0871424 0.00293875 0 0.967377 1654.61 1591.46 63.1464 0 -31.4123 -31.9623 16 19829.9 390.032 1219 7.14868e-05
19600 0.0848699 0.0824482 0.00242179 0 0.971465 1663.16 1599.7 63.458 0 -31.4149 -31.9223 16 19941.9 391.132 1226 6.72497e-05
19700 0.0861051 0.0827837 0.00332143 0 0.961426 1671.72 1607.98 63.7382 0 -31.4174 -31.8852 16 20037.9 392.072 1232 6.71946e-05
19800 0.0825456 0.0803481 0.00219753 0 0.973378 1680.04 1616.02 64.0212 0 -31.4246 -32.8855 16 20133.9 393.01 1238 6.49015e-05
19900 0.0895172 0.0863454 0.00317181 0 0.964568 1688.99 1624.65 64.3366 0 -31.427 -31.8677 16 20229.9 393.946 1244 6.94095e-05
20000 0.0825969 0.0801526 0.00244428 0 0.970407 1697.29 1632.67 64.6242 0 -31.4325 -32.5497 16 20341.9 395.035 1251 6.40708e-05
