100 0.0729361 0.0670085 0.00592758 0 0.918729 7.14445 6.70085 0.443595 0 -27.0783 -27.0783 4 429.882 57.4268 26 0.00257725
200 0.127978 0.118248 0.00973063 0 0.923967 19.8632 18.5256 1.33752 0 -27.1048 -27.1197 4 529.882 63.7572 51 0.00231858
300 0.136699 0.124921 0.0117789 0 0.913834 33.5566 31.0177 2.53891 0 -26.8193 -26.405 4 629.882 69.5136 76 0.00164369
400 0.123451 0.112833 0.0106173 0 0.913996 45.9318 42.301 3.6308 0 -26.9074 -27.1464 4 729.882 74.8284 101 0.00111716
500 0.168019 0.157831 0.0101881 0 0.939364 62.8854 58.0842 4.80118 0 -26.8229 -26.594 4 829.882 79.7899 126 0.00125263
600 0.166877 0.155268 0.011609 0 0.930434 79.5723 73.611 5.96124 0 -26.8609 -27.0042 4 929.882 84.4605 151 0.00102827
700 0.192485 0.17719 0.0152956 0 0.920536 98.5324 91.33 7.20242 0 -26.8455 -26.7805 4 1029.88 88.8861 176 0.00100676
800 0.227565 0.2102 0.0173649 0 0.923693 121.112 112.35 8.76174 0 -26.935 -27.3256 4 1129.88 93.1015 201 0.00104577
900 0.228507 0.212811 0.0156964 0 0.931309 143.945 133.631 10.314 0 -27.063 -27.742 4 1229.88 97.1341 226 0.000941641
1000 0.222079 0.208244 0.0138353 0 0.937701 166.286 154.456 11.8305 0 -27.2229 -28.2534 4 1329.88 101.006 251 0.000829657
1100 0.239408 0.220295 0.019113 0 0.920166 189.873 176.485 13.3878 0 -27.2849 -27.7216 4 1429.88 104.735 276 0.000798172
1200 0.249951 0.234547 0.0154038 0 0.938373 214.979 199.94 15.039 0 -27.4179 -28.4239 4 1529.88 108.335 301 0.000779226
1300 0.233029 0.219298 0.0137306 0 0.941078 238.419 221.87 16.5492 0 -27.5681 -28.9455 4 1629.88 111.82 326 0.000672694
1400 0.244285 0.23139 0.0128955 0 0.947211 263.035 245.009 18.0266 0 -27.7296 -29.2938 4 1729.88 115.199 351 0.00065923
1500 0.213143 0.201875 0.0112679 0 0.947135 284.402 265.196 19.2056 0 -27.8627 -29.5021 4 1829.88 118.482 376 0.000536902
1600 0.243318 0.232196 0.011122 0 0.95429 308.744 288.416 20.328 0 -27.9547 -29.0288 4 1929.88 121.676 401 0.000579042
1700 0.28406 0.269916 0.0141439 0 0.950208 337.085 315.407 21.6781 0 -27.998 -28.4698 4 2029.88 124.789 426 0.000633606
1800 0.266424 0.252688 0.013736 0 0.948443 363.8 340.676 23.1239 0 -28.0422 -28.6003 4 2129.88 127.826 451 0.000560284
1900 0.268629 0.256489 0.0121403 0 0.954807 390.751 366.325 24.4262 0 -28.1655 -29.8302 4 2229.88 130.792 476 0.000538843
2000 0.268559 0.254561 0.0139983 0 0.947876 417.536 391.781 25.7544 0 -28.2248 -29.0895 4 2329.88 133.692 501 0.000508106
2100 0.273481 0.259231 0.0142503 0 0.947893 444.913 417.704 27.2083 0 -28.2667 -28.9055 4 2429.88 136.531 526 0.000492834
2200 0.270302 0.25731 0.0129914 0 0.951937 472.147 443.435 28.7118 0 -28.3323 -29.4047 4 2529.88 139.313 551 0.000466988
2300 0.316758 0.299868 0.0168899 0 0.946679 503.788 473.422 30.366 0 -28.4346 -29.9602 4 2629.88 142.039 576 0.000520604
2400 0.31416 0.298457 0.0157024 0 0.950018 535.435 503.268 32.1675 0 -28.4967 -29.4864 4 2729.88 144.714 601 0.000496601
2500 0.285144 0.268324 0.0168207 0 0.94101 563.784 530.1 33.6839 0 -28.5536 -29.6272 4 2829.88 147.341 626 0.000428632
2600 0.289282 0.275087 0.0141949 0 0.95093 592.874 557.609 35.2652 0 -28.6048 -29.5982 4 2929.88 149.922 651 0.00042256
2700 0.287813 0.273355 0.0144583 0 0.949765 621.67 584.944 36.7262 0 -28.657 -29.7315 4 3029.88 152.459 676 0.000404371
2800 0.301013 0.286868 0.0141447 0 0.95301 651.771 613.631 38.1397 0 -28.6843 -29.2481 4 3129.88 154.954 701 0.000409227
2900 0.260965 0.250463 0.010502 0 0.959757 678.034 638.677 39.3564 0 -28.7294 -29.8488 4 3229.88 157.41 726 0.00034499
3000 0.275522 0.263349 0.0121729 0 0.955819 705.571 665.012 40.5589 0 -28.7652 -29.6453 4 3329.88 159.829 751 0.000350665
3100 0.280532 0.268306 0.0122261 0 0.956418 733.636 691.843 41.7936 0 -28.8173 -30.1282 4 3429.88 162.211 776 0.000345755
3200 0.253101 0.242456 0.0106458 0 0.957939 758.972 716.088 42.8831 0 -28.8721 -30.4591 4 3529.88 164.558 801 0.000302691
3300 0.276865 0.263124 0.0137405 0 0.950371 786.379 742.401 43.9781 0 -28.9217 -30.2948 4 3629.88 166.873 826 0.000318553
3400 0.303998 0.291999 0.0119995 0 0.960528 816.923 771.601 45.322 0 -28.9817 -30.5271 4 3729.88 169.156 851 0.000343125
3500 0.285503 0.273947 0.0115559 0 0.959524 845.6 798.995 46.6044 0 -29.03 -30.4058 4 3829.88 171.409 876 0.000312725
3600 0.293836 0.280179 0.0136568 0 0.953522 874.981 827.013 47.968 0 -29.066 -30.101 4 3929.88 173.632 901 0.000310965
3700 0.318871 0.30201 0.016861 0 0.947123 906.614 857.214 49.3992 0 -29.0983 -29.9931 4 4029.88 175.827 926 0.000326145
3800 0.338096 0.323417 0.0146795 0 0.956582 940.612 889.556 51.0557 0 -29.1296 -29.9629 4 4129.88 177.995 951 0.000340081
3900 0.368827 0.351908 0.0169188 0 0.954128 977.567 924.747 52.8206 0 -29.18 -30.4633 4 4229.88 180.138 976 0.000360562
4000 0.309932 0.296255 0.0136771 0 0.955871 1008.69 954.372 54.3194 0 -29.2324 -30.8782 4 4329.88 182.254 1001 0.000295959
4100 0.338832 0.323347 0.0154849 0 0.954299 1042.58 986.707 55.8722 0 -29.2854 -30.8634 4 4429.88 184.347 1026 0.000315153
4200 0.334949 0.320217 0.014732 0 0.956017 1076.14 1018.73 57.4106 0 -29.3265 -30.6038 4 4529.88 186.416 1051 0.000304678
4300 0.323726 0.309865 0.0138609 0 0.957183 1108.49 1049.72 58.7783 0 -29.3775 -31.0722 4 4629.88 188.463 1076 0.000287979
4400 0.349312 0.335707 0.013605 0 0.961052 1143.53 1083.29 60.2403 0 -29.4288 -31.0511 4 4729.88 190.487 1101 0.000304911
4500 0.324135 0.313076 0.0110592 0 0.965881 1176.09 1114.59 61.4923 0 -29.4722 -30.9996 4 4829.88 192.49 1126 0.000278042
4600 0.320202 0.308282 0.0119196 0 0.962775 1208.2 1145.42 62.7739 0 -29.5063 -30.754 4 4929.88 194.473 1151 0.000267838
4700 0.289762 0.27992 0.00984247 0 0.966033 1237.36 1173.41 63.944 0 -29.5446 -31.1291 4 5029.88 196.435 1176 0.000238027
4800 0.29154 0.281202 0.010338 0 0.96454 1266.64 1201.53 65.107 0 -29.5831 -31.21 4 5129.88 198.378 1201 0.00023414
4900 0.306313 0.294459 0.0118537 0 0.961302 1297.3 1230.98 66.3182 0 -29.609 -30.6805 4 5229.88 200.302 1226 0.000240179
5000 0.305066 0.292738 0.0123285 0 0.959587 1327.77 1260.25 67.5134 0 -29.6339 -30.6939 4 5329.88 202.208 1251 0.000234003
5100 0.293064 0.281795 0.0112692 0 0.961547 1357.06 1288.43 68.6283 0 -29.6634 -30.9998 4 5429.88 204.096 1276 0.000220843
5200 0.320232 0.307649 0.0125827 0 0.960708 1389.08 1319.2 69.8769 0 -29.6871 -30.6934 4 5529.88 205.967 1301 0.000236472
5300 0.30361 0.292383 0.0112263 0 0.963024 1419.47 1348.44 71.03 0 -29.7167 -31.0709 4 5629.88 207.821 1326 0.0002205
5400 0.326895 0.313822 0.0130727 0 0.960009 1452.09 1379.82 72.2714 0 -29.75 -31.1984 4 5729.88 209.659 1351 0.000232289
5500 0.329133 0.31612 0.0130132 0 0.960462 1485.01 1411.43 73.5756 0 -29.7866 -31.3993 4 5829.88 211.48 1376 0.000229738
5600 0.350848 0.335867 0.0149812 0 0.9573 1520.09 1445.02 75.0743 0 -29.8171 -31.1073 4 5929.88 213.286 1401 0.000239734
5700 0.309111 0.296102 0.0130091 0 0.957915 1551.13 1474.63 76.5033 0 -29.8476 -31.3412 4 6029.88 215.077 1426 0.000207645
5800 0.303554 0.290788 0.0127656 0 0.957946 1581.4 1503.71 77.6893 0 -29.8694 -30.9857 4 6129.88 216.853 1451 0.000200405
5900 0.35184 0.337488 0.0143519 0 0.959209 1616.54 1537.46 79.082 0 -29.8744 -30.1025 4 6229.88 218.615 1476 0.000228651
6000 0.405737 0.389796 0.0159416 0 0.96071 1657.07 1576.43 80.6352 0 -29.8655 -29.5092 4 6329.88 220.363 1501 0.000259691
6100 0.397287 0.381469 0.0158175 0 0.960186 1696.9 1614.58 82.3229 0 -29.8617 -29.7062 4 6429.88 222.096 1526 0.00024998
6200 0.346698 0.332913 0.0137852 0 0.960239 1731.63 1647.87 83.7617 0 -29.8754 -30.544 4 6529.88 223.817 1551 0.000214644
6300 0.343848 0.329617 0.0142315 0 0.958611 1765.96 1680.83 85.124 0 -29.8936 -30.8113 4 6629.88 225.524 1576 0.000209148
6400 0.367784 0.352701 0.0150832 0 0.958989 1802.75 1716.1 86.6447 0 -29.9036 -30.384 4 6729.88 227.219 1601 0.0002203
6500 0.332602 0.321129 0.0114736 0 0.965504 1836.22 1748.22 87.9998 0 -29.9171 -30.64 4 6829.88 228.9 1626 0.000197496
6600 0.346265 0.332108 0.0141575 0 0.959114 1870.8 1781.43 89.3692 0 -29.9383 -31.0691 4 6929.88 230.57 1651 0.000201155
6700 0.333437 0.321387 0.0120503 0 0.96386 1904.21 1813.57 90.6387 0 -29.9526 -30.7486 4 7029.88 232.228 1676 0.000191758
6800 0.341703 0.328419 0.013284 0 0.961124 1938.4 1846.41 91.9888 0 -29.9629 -30.5406 4 7129.88 233.874 1701 0.000193074
6900 0.332484 0.319316 0.013168 0 0.960395 1971.69 1878.34 93.3474 0 -29.9776 -30.8337 4 7229.88 235.508 1726 0.000185003
7000 0.38176 0.36463 0.0171301 0 0.955129 2009.62 1914.8 94.8171 0 -29.9727 -29.7183 4 7329.88 237.131 1751 0.000208241
7100 0.392947 0.377845 0.0151028 0 0.961565 2049.1 1952.59 96.5102 0 -29.9732 -29.9951 4 7429.88 238.743 1776 0.00021275
7200 0.372671 0.359764 0.012907 0 0.965366 2086.63 1988.56 98.0619 0 -29.9817 -30.4455 4 7529.88 240.344 1801 0.000199758
7300 0.409828 0.395201 0.0146272 0 0.964309 2127.86 2028.08 99.7799 0 -30.0035 -31.1105 4 7629.88 241.935 1826 0.00021643
7400 0.369192 0.354232 0.01496 0 0.959479 2164.87 2063.51 101.362 0 -30.0177 -30.8293 4 7729.88 243.515 1851 0.000191373
7500 0.392346 0.375186 0.0171592 0 0.956265 2204.13 2101.03 103.101 0 -30.0255 -30.4605 4 7829.88 245.086 1876 0.000199993
7600 0.362219 0.347232 0.0149862 0 0.958627 2240.41 2135.75 104.665 0 -30.0376 -30.7715 4 7929.88 246.646 1901 0.000182658
7700 0.368382 0.352141 0.0162408 0 0.955913 2277.12 2170.96 106.159 0 -30.05 -30.8021 4 8029.88 248.196 1926 0.000182836
7800 0.374541 0.35944 0.0151005 0 0.959683 2314.67 2206.91 107.767 0 -30.0654 -31.0042 4 8129.88 249.737 1951 0.000184234
7900 0.359124 0.344379 0.0147448 0 0.958942 2350.68 2241.35 109.331 0 -30.0818 -31.1368 4 8229.88 251.268 1976 0.000174281
8000 0.318799 0.307291 0.0115078 0 0.963903 2382.69 2272.07 110.613 0 -30.1024 -31.6125 4 8329.88 252.79 2001 0.000153569
8100 0.320114 0.306997 0.0131176 0 0.959022 2414.63 2302.77 111.859 0 -30.1184 -31.3097 4 8429.88 254.303 2026 0.000151528
8200 0.318956 0.307489 0.0114667 0 0.964049 2446.62 2333.52 113.098 0 -30.1379 -31.6097 4 8529.88 255.806 2051 0.000149921
8300 0.37744 0.36478 0.0126602 0 0.966458 2484.43 2370 114.431 0 -30.1579 -31.4561 4 8629.88 257.302 2076 0.000175713
8400 0.400148 0.383942 0.016206 0 0.9595 2524.29 2408.4 115.893 0 -30.1708 -30.97 4 8729.88 258.788 2101 0.000182743
8500 0.368611 0.355147 0.0134643 0 0.963473 2561.31 2443.91 117.4 0 -30.1881 -31.3682 4 8829.88 260.266 2126 0.000167049
8600 0.378446 0.363625 0.0148212 0 0.960837 2599.21 2480.27 118.941 0 -30.2017 -31.1207 4 8929.88 261.736 2151 0.000169049
8700 0.353335 0.340127 0.0132086 0 0.962617 2634.67 2514.29 120.388 0 -30.2174 -31.373 4 9029.88 263.197 2176 0.000156308
8800 0.390347 0.374816 0.0155318 0 0.96021 2673.68 2551.77 121.914 0 -30.2197 -30.3724 4 9129.88 264.65 2201 0.000170293
8900 0.413777 0.396021 0.0177559 0 0.957088 2715.05 2591.37 123.676 0 -30.2253 -30.5908 4 9229.88 266.096 2226 0.000177907
9000 0.376144 0.362169 0.0139746 0 0.962848 2752.83 2627.59 125.241 0 -30.2378 -31.135 4 9329.88 267.533 2251 0.000160893
9100 0.385038 0.371641 0.0133965 0 0.965207 2791.47 2664.75 126.72 0 -30.2571 -31.6269 4 9429.88 268.963 2276 0.000163287
9200 0.38148 0.36675 0.0147303 0 0.961386 2829.6 2701.43 128.18 0 -30.2666 -30.9647 4 9529.88 270.386 2301 0.000159387
9300 0.39821 0.383707 0.0145034 0 0.963578 2869.59 2739.8 129.791 0 -30.2794 -31.1865 4 9629.88 271.801 2326 0.000164964
9400 0.382578 0.370463 0.012115 0 0.968333 2908.07 2776.84 131.226 0 -30.2952 -31.4755 4 9729.88 273.208 2351 0.000157577
9500 0.333762 0.323291 0.0104709 0 0.968628 2941.49 2809.17 132.318 0 -30.3103 -31.6245 4 9829.88 274.609 2376 0.000136065
9600 0.394021 0.379982 0.0140384 0 0.964371 2980.78 2847.17 133.606 0 -30.3218 -31.1788 4 9929.88 276.002 2401 0.00015826
9700 0.359952 0.349938 0.0100145 0 0.972178 3017.01 2882.16 134.847 0 -30.3425 -32.0456 4 10029.9 277.388 2426 0.000144245
9800 0.347799 0.334845 0.0129536 0 0.962755 3051.64 2915.65 135.991 0 -30.3606 -31.9357 4 10129.9 278.768 2451 0.000136616
9900 0.359553 0.34598 0.0135726 0 0.962251 3087.6 2950.25 137.35 0 -30.377 -31.7702 4 10229.9 280.14 2476 0.000139734
10000 0.378007 0.362975 0.0150321 0 0.960233 3125.35 2986.54 138.807 0 -30.3866 -31.1725 4 10329.9 281.506 2501 0.000145132
10100 0.407461 0.391439 0.0160218 0 0.960679 3166.23 3025.69 140.547 0 -30.3935 -30.9184 4 10429.9 282.865 2526 0.000154964
10200 0.394402 0.379054 0.0153481 0 0.961085 3205.78 3063.59 142.189 0 -30.3987 -30.8147 4 10529.9 284.218 2551 0.00014859
10300 0.414062 0.396847 0.0172148 0 0.958424 3247.22 3103.28 143.945 0 -30.404 -30.8145 4 10629.9 285.565 2576 0.000154055
10400 0.383626 0.36953 0.0140962 0 0.963255 3285.78 3140.23 145.548 0 -30.4139 -31.2502 4 10729.9 286.905 2601 0.000142072
10500 0.384869 0.366332 0.0185362 0 0.951838 3323.88 3176.86 147.011 0 -30.4188 -30.8453 4 10829.9 288.238 2626 0.000139502
10600 0.39387 0.380395 0.0134756 0 0.965787 3363.47 3214.9 148.562 0 -30.4289 -31.2732 4 10929.9 289.566 2651 0.000143491
10700 0.36869 0.354826 0.0138644 0 0.962396 3400.37 3250.39 149.982 0 -30.4388 -31.3406 4 11029.9 290.888 2676 0.000132596
10800 0.35975 0.347618 0.0121319 0 0.966277 3436.45 3285.15 151.303 0 -30.4526 -31.7538 4 11129.9 292.203 2701 0.0001287
10900 0.346626 0.332236 0.0143902 0 0.958485 3470.84 3318.37 152.468 0 -30.4615 -31.3469 4 11229.9 293.513 2726 0.000121877
11000 0.37679 0.362668 0.0141225 0 0.962519 3508.41 3354.64 153.768 0 -30.4691 -31.176 4 11329.9 294.817 2751 0.000131831
11100 0.366868 0.352861 0.0140071 0 0.96182 3545.04 3389.92 155.113 0 -30.4824 -31.754 4 11429.9 296.115 2776 0.000127111
11200 0.370593 0.355742 0.0148503 0 0.959928 3581.94 3425.5 156.442 0 -30.4944 -31.65 4 11529.9 297.408 2801 0.000127006
11300 0.360735 0.34868 0.0120546 0 0.966583 3618.1 3460.37 157.731 0 -30.5085 -31.9045 4 11629.9 298.695 2826 0.000123383
11400 0.336077 0.325477 0.0105998 0 0.96846 3651.9 3492.91 158.99 0 -30.5229 -32.0591 4 11729.9 299.976 2851 0.000114163
11500 0.364606 0.350173 0.0144337 0 0.960413 3688.21 3527.93 160.276 0 -30.5324 -31.4914 4 11829.9 301.252 2876 0.000121757
11600 0.352918 0.339687 0.0132312 0 0.962509 3723.46 3561.9 161.56 0 -30.5453 -31.8907 4 11929.9 302.523 2901 0.000117093
11700 0.363004 0.349146 0.0138586 0 0.961822 3759.69 3596.81 162.877 0 -30.5568 -31.7457 4 12029.9 303.788 2926 0.000119325
11800 0.344469 0.331955 0.0125149 0 0.963669 3794.12 3630.01 164.114 0 -30.5689 -31.888 4 12129.9 305.048 2951 0.000112489
11900 0.358539 0.346833 0.011707 0 0.967348 3830.06 3664.69 165.366 0 -30.5758 -31.3084 4 12229.9 306.303 2976 0.000116543
12000 0.348635 0.336164 0.0124711 0 0.964229 3864.93 3698.31 166.625 0 -30.5833 -31.404 4 12329.9 307.553 3001 0.000112017
12100 0.337786 0.325981 0.0118054 0 0.965051 3898.77 3730.91 167.864 0 -30.5951 -31.9393 4 12429.9 308.797 3026 0.000107727
12200 0.349394 0.337694 0.0117001 0 0.966513 3933.66 3764.68 168.981 0 -30.6062 -31.846 4 12529.9 310.037 3051 0.000110683
12300 0.377166 0.361942 0.0152248 0 0.959634 3971.17 3800.87 170.301 0 -30.617 -31.7472 4 12629.9 311.272 3076 0.000117666
12400 0.413427 0.399205 0.0142214 0 0.965601 4012.68 3840.79 171.891 0 -30.6257 -31.4576 4 12729.9 312.502 3101 0.000128734
12500 0.371566 0.356338 0.0152279 0 0.959017 4049.79 3876.43 173.363 0 -30.6338 -31.5192 4 12829.9 313.727 3126 0.000113992
12600 0.369055 0.357227 0.0118279 0 0.967951 4086.94 3912.15 174.787 0 -30.6429 -31.6254 4 12929.9 314.947 3151 0.00011337
12700 0.372112 0.358888 0.0132239 0 0.964463 4124.12 3948.04 176.083 0 -30.6508 -31.5258 4 13029.9 316.162 3176 0.000113
12800 0.373901 0.360181 0.0137198 0 0.963306 4161.52 3984.06 177.464 0 -30.6546 -31.0715 4 13129.9 317.373 3201 0.000112522
12900 0.348604 0.33531 0.0132946 0 0.961863 4196.46 4017.59 178.874 0 -30.6627 -31.6295 4 13229.9 318.58 3226 0.00010394
13000 0.346723 0.332545 0.0141779 0 0.959109 4231.05 4050.84 180.205 0 -30.6693 -31.4629 4 13329.9 319.781 3251 0.00010229
13100 0.363479 0.352009 0.01147 0 0.968444 4267.69 4086.04 181.653 0 -30.6806 -31.9876 4 13429.9 320.979 3276 0.000107451
13200 0.354396 0.341549 0.0128478 0 0.963747 4303.19 4120.2 182.99 0 -30.6904 -31.8745 4 13529.9 322.171 3301 0.000103468
13300 0.366622 0.351055 0.0155668 0 0.95754 4339.8 4155.3 184.493 0 -30.6965 -31.4063 4 13629.9 323.36 3326 0.000105549
13400 0.368464 0.352101 0.0163626 0 0.955592 4376.57 4190.51 186.055 0 -30.7007 -31.2015 4 13729.9 324.544 3351 0.000105073
13500 0.397325 0.379306 0.0180188 0 0.95465 4416.24 4228.44 187.796 0 -30.7035 -31.009 4 13829.9 325.724 3376 0.000112354
13600 0.423066 0.406381 0.0166851 0 0.960561 4458.65 4269.08 189.57 0 -30.7117 -31.5666 4 13929.9 326.899 3401 0.000119489
13700 0.388327 0.374067 0.0142595 0 0.96328 4497.66 4306.49 191.176 0 -30.7187 -31.5185 4 14029.9 328.07 3426 0.000109185
13800 0.37851 0.366572 0.0119381 0 0.96846 4535.68 4343.14 192.54 0 -30.7275 -31.7757 4 14129.9 329.238 3451 0.000106222
13900 0.388559 0.376545 0.0120134 0 0.969082 4574.79 4380.8 193.991 0 -30.7373 -31.874 4 14229.9 330.401 3476 0.000108327
14000 0.383984 0.370653 0.0133308 0 0.965283 4613.12 4417.86 195.26 0 -30.7491 -32.1495 4 14329.9 331.559 3501 0.000105871
14100 0.384919 0.372593 0.0123256 0 0.967979 4651.72 4455.12 196.594 0 -30.7605 -32.1262 4 14429.9 332.714 3526 0.00010567
14200 0.392745 0.37977 0.0129755 0 0.966962 4691 4493.1 197.898 0 -30.7692 -31.7952 4 14529.9 333.865 3551 0.000106947
14300 0.402455 0.389271 0.0131838 0 0.967242 4731.34 4532.03 199.308 0 -30.7728 -31.1995 4 14629.9 335.012 3576 0.000108857
14400 0.397324 0.384315 0.0130081 0 0.967261 4771.05 4570.46 200.588 0 -30.7783 -31.4229 4 14729.9 336.155 3601 0.000106725
14500 0.389308 0.376625 0.0126824 0 0.967423 4809.98 4608.12 201.857 0 -30.7847 -31.5737 4 14829.9 337.294 3626 0.000103868
14600 0.38851 0.373672 0.0148386 0 0.961806 4848.64 4645.49 203.148 0 -30.7901 -31.46 4 14929.9 338.43 3651 0.000102348
14700 0.409127 0.394087 0.0150402 0 0.963238 4889.58 4684.9 204.681 0 -30.7945 -31.3239 4 15029.9 339.561 3676 0.000107205
14800 0.408227 0.390532 0.0176949 0 0.956654 4930.1 4723.95 206.151 0 -30.7972 -31.1228 4 15129.9 340.689 3701 0.000105521
14900 0.451935 0.435902 0.0160328 0 0.964524 4975.45 4767.54 207.908 0 -30.8043 -31.5703 4 15229.9 341.813 3726 0.000116989
15000 0.376425 0.364328 0.0120971 0 0.967863 5013.4 4803.97 209.428 0 -30.8148 -32.1899 4 15329.9 342.933 3751 9.71283e-05
15100 0.420565 0.404189 0.0163768 0 0.96106 5055.31 4844.39 210.92 0 -30.8232 -31.8348 4 15429.9 344.05 3776 0.000107041
15200 0.417253 0.40403 0.0132229 0 0.96831 5097.33 4884.8 212.537 0 -30.8363 -32.4061 4 15529.9 345.163 3801 0.000106296
15300 0.44842 0.434343 0.0140778 0 0.968606 5142.34 4928.23 214.114 0 -30.8453 -31.8699 4 15629.9 346.272 3826 0.000113524
15400 0.421689 0.405086 0.0166031 0 0.960627 5184.28 4968.74 215.536 0 -30.8524 -31.7242 4 15729.9 347.378 3851 0.00010519
15500 0.415219 0.3997 0.0155189 0 0.962625 5225.63 5008.71 216.921 0 -30.8588 -31.6537 4 15829.9 348.481 3876 0.000103122
15600 0.390422 0.378331 0.0120902 0 0.969033 5264.75 5046.54 218.211 0 -30.866 -31.8287 4 15929.9 349.58 3901 9.69832e-05
15700 0.420974 0.406652 0.0143215 0 0.96598 5306.78 5087.21 219.573 0 -30.8716 -31.5733 4 16029.9 350.675 3926 0.000103579
15800 0.405562 0.391347 0.0142146 0 0.964951 5347.36 5126.34 221.016 0 -30.8798 -31.9534 4 16129.9 351.767 3951 9.90501e-05
15900 0.39232 0.378347 0.0139729 0 0.964384 5386.68 5164.18 222.5 0 -30.8884 -32.0546 4 16229.9 352.856 3976 9.51578e-05
16000 0.398376 0.385105 0.0132701 0 0.966689 5426.57 5202.69 223.881 0 -30.8984 -32.2478 4 16329.9 353.942 4001 9.62523e-05
16100 0.387108 0.375606 0.0115025 0 0.970286 5465.39 5240.25 225.146 0 -30.9086 -32.3404 4 16429.9 355.024 4026 9.32951e-05
16200 0.407313 0.389721 0.0175918 0 0.95681 5505.74 5279.22 226.517 0 -30.9156 -31.8611 4 16529.9 356.102 4051 9.62036e-05
16300 0.415874 0.398931 0.0169427 0 0.95926 5547.29 5319.11 228.179 0 -30.9206 -31.5807 4 16629.9 357.178 4076 9.78732e-05
16400 0.405788 0.391771 0.0140167 0 0.965458 5588.08 5358.29 229.794 0 -30.9271 -31.8181 4 16729.9 358.25 4101 9.55307e-05
16500 0.358429 0.346838 0.011591 0 0.967662 5624.01 5392.97 231.036 0 -30.9367 -32.4204 4 16829.9 359.319 4126 8.40615e-05
16600 0.352376 0.342204 0.010172 0 0.971133 5659.42 5427.19 232.227 0 -30.9481 -32.7678 4 16929.9 360.385 4151 8.24389e-05
16700 0.402005 0.388341 0.0136637 0 0.966011 5699.64 5466.03 233.608 0 -30.951 -31.361 4 17029.9 361.448 4176 9.29936e-05
16800 0.370567 0.356832 0.0137356 0 0.962934 5736.62 5501.71 234.91 0 -30.9596 -32.2872 4 17129.9 362.508 4201 8.49397e-05
16900 0.390569 0.377657 0.012912 0 0.96694 5775.86 5539.48 236.378 0 -30.966 -31.895 4 17229.9 363.564 4226 8.93652e-05
17000 0.405035 0.38921 0.0158255 0 0.960928 5816.34 5578.4 237.942 0 -30.972 -31.8219 4 17329.9 364.618 4251 9.15572e-05
17100 0.410545 0.392602 0.0179432 0 0.956294 5857.35 5617.66 239.69 0 -30.9774 -31.7563 4 17429.9 365.668 4276 9.18152e-05
17200 0.420933 0.405158 0.0157745 0 0.962525 5899.64 5658.17 241.462 0 -30.9837 -31.8462 4 17529.9 366.716 4301 9.4201e-05
17300 0.391798 0.377512 0.0142866 0 0.963536 5938.99 5695.93 243.068 0 -30.9934 -32.446 4 17629.9 367.76 4326 8.72657e-05
17400 0.356983 0.344241 0.0127417 0 0.964307 5974.78 5730.35 244.43 0 -31.0026 -32.5316 4 17729.9 368.802 4351 7.91177e-05
17500 0.425803 0.409402 0.016401 0 0.961482 6017.38 5771.29 246.089 0 -31.0091 -31.9296 4 17829.9 369.84 4376 9.35563e-05
17600 0.425952 0.409253 0.016699 0 0.960796 6060.03 5812.22 247.814 0 -31.0183 -32.3039 4 17929.9 370.876 4401 9.29908e-05
17700 0.404351 0.388226 0.016125 0 0.960121 6100.5 5851.04 249.466 0 -31.029 -32.6436 4 18029.9 371.909 4426 8.77149e-05
17800 0.411418 0.393067 0.018351 0 0.955396 6141.58 5890.34 251.237 0 -31.0361 -32.0826 4 18129.9 372.939 4451 8.83098e-05
17900 0.426244 0.408183 0.0180611 0 0.957627 6184.24 5931.16 253.075 0 -31.0464 -32.5294 4 18229.9 373.966 4476 9.11936e-05
18000 0.420999 0.405893 0.0151056 0 0.96412 6226.6 5971.75 254.851 0 -31.0569 -32.5871 4 18329.9 374.99 4501 9.01784e-05
18100 0.450365 0.430422 0.0199429 0 0.955718 6271.5 6014.79 256.708 0 -31.0635 -31.9832 4 18429.9 376.012 4526 9.50999e-05
18200 0.428583 0.412739 0.0158444 0 0.963031 6314.54 6056.07 258.477 0 -31.0707 -32.1138 4 18529.9 377.03 4551 9.06919e-05
18300 0.383392 0.370404 0.0129875 0 0.966125 6353.03 6093.11 259.921 0 -31.0803 -32.6617 4 18629.9 378.046 4576 8.0945e-05
18400 0.434345 0.419017 0.0153277 0 0.964711 6396.53 6135.01 261.516 0 -31.0869 -32.0494 4 18729.9 379.06 4601 9.10709e-05
18500 0.448232 0.433634 0.0145974 0 0.967433 6441.53 6178.37 263.157 0 -31.0942 -32.1288 4 18829.9 380.07 4626 9.37385e-05
18600 0.424319 0.410425 0.0138938 0 0.967256 6484.08 6219.42 264.66 0 -31.1015 -32.2142 4 18929.9 381.078 4651 8.82445e-05
18700 0.43841 0.422739 0.015671 0 0.964255 6527.94 6261.69 266.251 0 -31.1101 -32.3724 4 19029.9 382.083 4676 9.04061e-05
18800 0.443453 0.425377 0.0180765 0 0.959237 6572.12 6304.23 267.891 0 -31.1152 -31.8783 4 19129.9 383.086 4701 9.04864e-05
18900 0.452601 0.436081 0.0165208 0 0.963498 6617.44 6347.84 269.602 0 -31.12 -31.8147 4 19229.9 384.086 4726 9.22727e-05
19000 0.427799 0.412768 0.0150312 0 0.964864 6660.35 6389.11 271.238 0 -31.1236 -31.674 4 19329.9 385.083 4751 8.68802e-05
19100 0.395927 0.383041 0.0128867 0 0.967452 6700.06 6427.42 272.643 0 -31.1304 -32.2665 4 19429.9 386.078 4776 8.02011e-05
19200 0.370754 0.361229 0.00952501 0 0.974309 6737.34 6463.54 273.797 0 -31.1397 -32.8227 4 19529.9 387.07 4801 7.52403e-05
19300 0.379275 0.369805 0.00946997 0 0.975031 6775.39 6500.52 274.867 0 -31.1484 -32.6929 4 19629.9 388.06 4826 7.66276e-05
19400 0.4069 0.394716 0.0121846 0 0.970055 6816.1 6539.99 276.108 0 -31.1561 -32.4229 4 19729.9 389.047 4851 8.13679e-05
19500 0.426608 0.412334 0.0142743 0 0.96654 6858.74 6581.23 277.514 0 -31.1631 -32.2825 4 19829.9 390.032 4876 8.45639e-05
19600 0.415651 0.403009 0.0126422 0 0.969585 6900.44 6621.53 278.916 0 -31.1694 -32.2157 4 19929.9 391.014 4901 8.223e-05
19700 0.414085 0.401551 0.0125334 0 0.969732 6941.89 6661.68 280.205 0 -31.1781 -32.6213 4 20029.9 391.994 4926 8.15167e-05
19800 0.395262 0.383338 0.0119245 0 0.969831 6981.48 6700.01 281.461 0 -31.1857 -32.5237 4 20129.9 392.971 4951 7.74263e-05
19900 0.395348 0.382293 0.0130546 0 0.966979 7020.99 6738.24 282.741 0 -31.1914 -32.2029 4 20229.9 393.946 4976 7.68274e-05
20000 0.397208 0.384706 0.0125017 0 0.968526 7060.74 6776.71 284.023 0 -31.1971 -32.2061 4 20329.9 394.919 5001 7.69258e-05
20100 0.419245 0.406268 0.012977 0 0.969047 7102.76 6817.34 285.42 0 -31.202 -32.0101 4 20429.9 395.889 5026 8.08333e-05
20200 0.423382 0.409286 0.0140954 0 0.966707 7145.17 6858.27 286.904 0 -31.2067 -32.0031 4 20529.9 396.856 5051 8.10307e-05
20300 0.451258 0.433952 0.0173065 0 0.961648 7190.15 6901.67 288.483 0 -31.2092 -31.608 4 20629.9 397.822 5076 8.54908e-05
20400 0.431406 0.417467 0.013939 0 0.967689 7233.45 6943.41 290.037 0 -31.2115 -31.59 4 20729.9 398.785 5101 8.18403e-05
20500 0.416279 0.402942 0.0133375 0 0.96796 7275.19 6983.71 291.487 0 -31.2146 -31.7486 4 20829.9 399.745 5126 7.86074e-05
20600 0.424321 0.408232 0.0160886 0 0.962084 7317.55 7024.53 293.019 0 -31.2197 -32.1013 4 20929.9 400.704 5151 7.92531e-05
20700 0.410907 0.396816 0.0140909 0 0.965708 7358.74 7064.21 294.527 0 -31.2257 -32.2793 4 21029.9 401.66 5176 7.66645e-05
20800 0.378641 0.366705 0.0119353 0 0.968478 7396.69 7100.88 295.807 0 -31.233 -32.6517 4 21129.9 402.614 5201 7.05067e-05
20900 0.368562 0.357279 0.011283 0 0.969386 7433.61 7136.61 296.996 0 -31.2413 -32.9093 4 21229.9 403.565 5226 6.83657e-05
21000 0.387945 0.376876 0.0110691 0 0.971467 7472.55 7174.3 298.257 0 -31.2479 -32.5059 4 21329.9 404.515 5251 7.17722e-05
21100 0.370023 0.357835 0.0121874 0 0.967063 7509.48 7210.08 299.401 0 -31.2542 -32.5313 4 21429.9 405.462 5276 6.78232e-05
21200 0.384158 0.371278 0.0128801 0 0.966472 7547.88 7247.21 300.674 0 -31.2616 -32.7083 4 21529.9 406.407 5301 7.00392e-05
21300 0.426882 0.409487 0.0173951 0 0.959251 7590.44 7288.16 302.284 0 -31.2651 -31.894 4 21629.9 407.349 5326 7.68846e-05
21400 0.407903 0.395362 0.012541 0 0.969255 7631.54 7327.69 303.842 0 -31.2695 -32.0682 4 21729.9 408.29 5351 7.38857e-05
21500 0.387614 0.375778 0.0118355 0 0.969466 7670.45 7365.27 305.175 0 -31.2737 -32.1075 4 21829.9 409.228 5376 6.98992e-05
21600 0.398755 0.3859 0.0128554 0 0.967761 7710.39 7403.86 306.53 0 -31.2797 -32.4367 4 21929.9 410.165 5401 7.14497e-05
21700 0.403353 0.38869 0.0146631 0 0.963647 7750.64 7442.73 307.914 0 -31.2848 -32.256 4 22029.9 411.099 5426 7.16348e-05
21800 0.411298 0.39545 0.0158475 0 0.961469 7791.68 7482.28 309.407 0 -31.2871 -31.7164 4 22129.9 412.031 5451 7.25463e-05
21900 0.382011 0.36829 0.0137205 0 0.964083 7829.9 7519.1 310.796 0 -31.2927 -32.4466 4 22229.9 412.961 5476 6.72554e-05
22000 0.403885 0.389767 0.0141183 0 0.965044 7870.42 7558.08 312.34 0 -31.296 -31.9208 4 22329.9 413.888 5501 7.08538e-05
22100 0.384943 0.371175 0.0137686 0 0.964232 7908.97 7595.2 313.769 0 -31.3008 -32.294 4 22429.9 414.814 5526 6.71688e-05
22200 0.412434 0.398646 0.0137886 0 0.966568 7950.35 7635.06 315.292 0 -31.3072 -32.5191 4 22529.9 415.738 5551 7.18151e-05
22300 0.393228 0.377062 0.0161656 0 0.95889 7989.59 7672.77 316.818 0 -31.3118 -32.2556 4 22629.9 416.659 5576 6.76223e-05
22400 0.391142 0.376427 0.0147144 0 0.962381 8028.64 7710.41 318.232 0 -31.3159 -32.1443 4 22729.9 417.579 5601 6.72072e-05
22500 0.378594 0.367315 0.0112788 0 0.970209 8066.65 7747.14 319.503 0 -31.322 -32.6174 4 22829.9 418.497 5626 6.52889e-05
22600 0.385961 0.372162 0.0137985 0 0.964249 8105.1 7784.36 320.74 0 -31.3269 -32.3412 4 22929.9 419.412 5651 6.58577e-05
22700 0.390634 0.37873 0.0119036 0 0.969527 8144.16 7822.23 321.929 0 -31.3327 -32.5367 4 23029.9 420.326 5676 6.67249e-05
22800 0.392169 0.379654 0.0125145 0 0.968089 8183.35 7860.2 323.151 0 -31.3396 -32.7829 4 23129.9 421.237 5701 6.65943e-05
22900 0.408881 0.391552 0.0173293 0 0.957618 8223.87 7899.35 324.517 0 -31.343 -32.0255 4 23229.9 422.147 5726 6.83814e-05
23000 0.434712 0.417423 0.0172893 0 0.960228 8267.33 7941.1 326.237 0 -31.3458 -31.8798 4 23329.9 423.055 5751 7.25826e-05
23100 0.3944 0.379918 0.0144821 0 0.963281 8306.87 7979.09 327.779 0 -31.3511 -32.4676 4 23429.9 423.96 5776 6.57752e-05
23200 0.369324 0.357222 0.0121015 0 0.967233 8343.89 8014.81 329.079 0 -31.3579 -32.8777 4 23529.9 424.864 5801 6.15794e-05
23300 0.379533 0.366901 0.0126318 0 0.966717 8381.94 8051.5 330.445 0 -31.3629 -32.4585 4 23629.9 425.766 5826 6.29765e-05
23400 0.342866 0.332443 0.0104231 0 0.9696 8416.36 8084.74 331.618 0 -31.3697 -33.013 4 23729.9 426.666 5851 5.68182e-05
23500 0.32525 0.315793 0.0094569 0 0.970924 8448.98 8116.32 332.653 0 -31.377 -33.2795 4 23829.9 427.564 5876 5.37429e-05
23600 0.356642 0.345278 0.0113642 0 0.968136 8484.57 8150.85 333.72 0 -31.3817 -32.4805 4 23929.9 428.46 5901 5.85118e-05
23700 0.355036 0.344666 0.0103703 0 0.970791 8520.27 8185.32 334.953 0 -31.3868 -32.5972 4 24029.9 429.354 5926 5.81617e-05
23800 0.409611 0.39448 0.0151309 0 0.96306 8561.21 8224.77 336.446 0 -31.3903 -32.1229 4 24129.9 430.247 5951 6.6288e-05
23900 0.436608 0.420558 0.0160493 0 0.963241 8604.86 8266.82 338.039 0 -31.3946 -32.2411 4 24229.9 431.137 5976 7.03746e-05
24000 0.447814 0.429011 0.0188029 0 0.958012 8649.51 8309.72 339.792 0 -31.3951 -31.4844 4 24329.9 432.026 6001 7.14899e-05
24100 0.391817 0.379064 0.0127532 0 0.967451 8688.93 8347.63 341.302 0 -31.3999 -32.4602 4 24429.9 432.913 6026 6.29047e-05
24200 0.36377 0.35225 0.0115201 0 0.968331 8725.43 8382.85 342.571 0 -31.406 -32.8602 4 24529.9 433.798 6051 5.82135e-05
24300 0.395669 0.38123 0.0144388 0 0.963508 8765.01 8420.98 344.031 0 -31.4105 -32.396 4 24629.9 434.682 6076 6.27437e-05
24400 0.410189 0.396361 0.013828 0 0.966289 8806.13 8460.61 345.512 0 -31.4124 -31.8191 4 24729.9 435.563 6101 6.49666e-05
24500 0.437672 0.421993 0.0156787 0 0.964177 8849.93 8502.81 347.118 0 -31.4102 -30.9771 4 24829.9 436.443 6126 6.88855e-05
24600 0.398903 0.386168 0.0127352 0 0.968075 8890.05 8541.43 348.617 0 -31.4117 -31.7301 4 24929.9 437.321 6151 6.27813e-05
24700 0.424348 0.407902 0.0164454 0 0.961246 8932.2 8582.22 349.982 0 -31.4104 -31.1426 4 25029.9 438.197 6176 6.60464e-05
24800 0.471891 0.455 0.0168904 0 0.964207 8979.42 8627.72 351.699 0 -31.4067 -30.7082 4 25129.9 439.072 6201 7.33753e-05
24900 0.531663 0.514506 0.0171564 0 0.967731 9032.79 8679.17 353.622 0 -31.4009 -30.4292 4 25229.9 439.944 6226 8.26383e-05
25000 0.467364 0.4474 0.0199636 0 0.957285 9079.3 8723.91 355.389 0 -31.3993 -31.0768 4 25329.9 440.815 6251 7.15726e-05
25100 0.502195 0.480712 0.021483 0 0.957222 9129.5 8771.98 357.514 0 -31.3966 -30.9188 4 25429.9 441.685 6276 7.65953e-05
25200 0.45223 0.432988 0.0192419 0 0.957451 9174.73 8815.28 359.45 0 -31.3958 -31.2336 4 25529.9 442.552 6301 6.87173e-05
25300 0.470058 0.45167 0.0183878 0 0.960882 9221.86 8860.45 361.416 0 -31.3962 -31.4663 4 25629.9 443.418 6326 7.13991e-05
25400 0.456035 0.438053 0.0179822 0 0.960568 9267.37 8904.25 363.122 0 -31.397 -31.5679 4 25729.9 444.282 6351 6.89739e-05
25500 0.505884 0.485755 0.0201285 0 0.960211 9317.83 8952.83 365.007 0 -31.3956 -31.1265 4 25829.9 445.145 6376 7.6185e-05
25600 0.474368 0.453838 0.0205298 0 0.956722 9365.06 8998.21 366.846 0 -31.394 -31.0963 4 25929.9 446.006 6401 7.09011e-05
25700 0.435282 0.419592 0.0156908 0 0.963953 9408.64 9040.17 368.47 0 -31.3949 -31.5879 4 26029.9 446.865 6426 6.52959e-05
25800 0.43051 0.416028 0.0144827 0 0.966359 9451.75 9081.77 369.981 0 -31.3968 -31.8115 4 26129.9 447.722 6451 6.44904e-05
25900 0.427461 0.412237 0.0152246 0 0.964384 9494.55 9123 371.55 0 -31.3979 -31.6391 4 26229.9 448.578 6476 6.36561e-05
26000 0.39924 0.386632 0.0126075 0 0.968421 9534.54 9161.66 372.884 0 -31.4014 -32.2141 4 26329.9 449.433 6501 5.94727e-05
26100 0.454714 0.440717 0.0139963 0 0.96922 9580.15 9205.73 374.413 0 -31.4027 -31.6776 4 26429.9 450.285 6526 6.75326e-05
26200 0.399134 0.387461 0.0116727 0 0.970755 9620.11 9244.48 375.628 0 -31.4066 -32.3465 4 26529.9 451.136 6551 5.91453e-05
26300 0.40043 0.388175 0.0122546 0 0.969396 9660.09 9283.3 376.793 0 -31.4113 -32.5452 4 26629.9 451.986 6576 5.90291e-05
26400 0.440912 0.4271 0.0138126 0 0.968673 9704.16 9326.01 378.156 0 -31.4145 -32.1074 4 26729.9 452.834 6601 6.47023e-05
26500 0.447008 0.432092 0.0149153 0 0.966633 9748.85 9369.22 379.634 0 -31.416 -31.7443 4 26829.9 453.68 6626 6.52116e-05
26600 0.44572 0.429295 0.0164249 0 0.96315 9793.4 9412.14 381.252 0 -31.4165 -31.5389 4 26929.9 454.524 6651 6.45459e-05
26700 0.42608 0.413825 0.0122543 0 0.971239 9836.32 9453.53 382.79 0 -31.4183 -31.8251 4 27029.9 455.368 6676 6.1987e-05
26800 0.447281 0.433048 0.0142336 0 0.968177 9881.07 9496.83 384.24 0 -31.4221 -32.2539 4 27129.9 456.209 6701 6.46243e-05
26900 0.435889 0.422816 0.0130734 0 0.970007 9924.66 9539.11 385.55 0 -31.4259 -32.2962 4 27229.9 457.049 6726 6.28629e-05
27000 0.434124 0.422292 0.0118318 0 0.972746 9968.27 9581.34 386.926 0 -31.4283 -31.9724 4 27329.9 457.888 6751 6.25526e-05
27100 0.485225 0.470961 0.0142643 0 0.970603 10016.9 9628.44 388.442 0 -31.4293 -31.6269 4 27429.9 458.725 6776 6.95042e-05
27200 0.461774 0.446783 0.0149908 0 0.967536 10063.1 9673.12 389.949 0 -31.4303 -31.6447 4 27529.9 459.56 6801 6.56938e-05
27300 0.459432 0.445582 0.01385 0 0.969854 10109.2 9717.68 391.515 0 -31.4328 -31.9771 4 27629.9 460.394 6826 6.52772e-05
27400 0.433699 0.419913 0.0137856 0 0.968214 10152.7 9759.67 393.01 0 -31.4366 -32.3256 4 27729.9 461.226 6851 6.12923e-05
27500 0.411618 0.400117 0.0115009 0 0.972059 10194 9799.68 394.336 0 -31.4411 -32.5445 4 27829.9 462.057 6876 5.81904e-05
27600 0.425221 0.412437 0.0127842 0 0.969935 10236.4 9840.92 395.524 0 -31.4436 -32.0335 4 27929.9 462.887 6901 5.97649e-05
27700 0.406223 0.395871 0.0103521 0 0.974516 10277.2 9880.51 396.675 0 -31.4474 -32.4205 4 28029.9 463.715 6926 5.71572e-05
27800 0.394095 0.382134 0.011961 0 0.969649 10316.5 9918.72 397.804 0 -31.4515 -32.5205 4 28129.9 464.541 6951 5.49754e-05
27900 0.441062 0.427661 0.0134011 0 0.969616 10360.6 9961.49 399.125 0 -31.4562 -32.5574 4 28229.9 465.366 6976 6.13046e-05
28000 0.401596 0.391299 0.0102973 0 0.974359 10401 10000.6 400.36 0 -31.4621 -32.9768 4 28329.9 466.189 7001 5.58918e-05
28100 0.411575 0.3987 0.0128742 0 0.96872 10442 10040.5 401.53 0 -31.4655 -32.331 4 28429.9 467.012 7026 5.67464e-05
28200 0.428335 0.415112 0.013223 0 0.969129 10484.8 10082 402.801 0 -31.4683 -32.1445 4 28529.9 467.832 7051 5.88728e-05
28300 0.467314 0.451392 0.0159224 0 0.965928 10531.5 10127.1 404.32 0 -31.4662 -30.9962 4 28629.9 468.651 7076 6.3792e-05
28400 0.491724 0.469982 0.0217426 0 0.955783 10580.3 10174.1 406.176 0 -31.463 -30.7607 4 28729.9 469.469 7101 6.61853e-05
28500 0.47704 0.458284 0.0187555 0 0.960684 10628.1 10220 408.183 0 -31.4627 -31.395 4 28829.9 470.285 7126 6.43116e-05
28600 0.478838 0.458938 0.0199001 0 0.958441 10676 10265.9 410.144 0 -31.4608 -31.0385 4 28929.9 471.1 7151 6.41781e-05
28700 0.476415 0.455319 0.0210956 0 0.95572 10723.5 10311.4 412.154 0 -31.459 -31.0625 4 29029.9 471.914 7176 6.34503e-05
28800 0.432513 0.415074 0.0174396 0 0.959678 10766.9 10352.9 414.031 0 -31.4601 -31.7333 4 29129.9 472.726 7201 5.76411e-05
28900 0.428613 0.410283 0.0183299 0 0.957234 10809.5 10393.9 415.622 0 -31.4609 -31.6752 4 29229.9 473.537 7226 5.67787e-05
29000 0.457653 0.441037 0.0166166 0 0.963692 10855.2 10438 417.198 0 -31.4612 -31.5112 4 29329.9 474.346 7251 6.08242e-05
29100 0.460071 0.444165 0.0159061 0 0.965427 10901.3 10482.4 418.833 0 -31.461 -31.4276 4 29429.9 475.154 7276 6.10452e-05
29200 0.472143 0.4541 0.018043 0 0.961785 10948.5 10527.9 420.637 0 -31.4602 -31.2827 4 29529.9 475.961 7301 6.21969e-05
29300 0.465162 0.446641 0.0185208 0 0.960184 10995 10572.5 422.448 0 -31.4597 -31.3224 4 29629.9 476.766 7326 6.09666e-05
29400 0.462968 0.444256 0.0187121 0 0.959582 11041.2 10616.9 424.231 0 -31.4592 -31.3432 4 29729.9 477.57 7351 6.04348e-05
29500 0.511128 0.493362 0.0177652 0 0.965243 11092.4 10666.3 426.162 0 -31.4589 -31.4057 4 29829.9 478.372 7376 6.68875e-05
29600 0.455163 0.441063 0.0140999 0 0.969022 11138.2 10710.4 427.811 0 -31.4608 -31.9213 4 29929.9 479.173 7401 5.95951e-05
29700 0.419331 0.406132 0.0131991 0 0.968523 11180.3 10751 429.283 0 -31.4632 -32.0846 4 30029.9 479.973 7426 5.46905e-05
29800 0.434645 0.419575 0.0150699 0 0.965328 11223.6 10793 430.617 0 -31.4652 -31.9771 4 30129.9 480.772 7451 5.63113e-05
29900 0.442283 0.42893 0.0133533 0 0.969808 11267.8 10835.9 431.984 0 -31.4688 -32.3946 4 30229.9 481.569 7476 5.73742e-05
30000 0.462984 0.447369 0.015615 0 0.966273 11314.1 10880.6 433.5 0 -31.4705 -31.8834 4 30329.9 482.365 7501 5.96412e-05
30100 0.464709 0.448346 0.0163625 0 0.96479 11360.5 10925.4 435.067 0 -31.4713 -31.6626 4 30429.9 483.159 7526 5.9573e-05
30200 0.454965 0.440566 0.0143984 0 0.968353 11406.2 10969.5 436.682 0 -31.4736 -32.0364 4 30529.9 483.952 7551 5.83454e-05
30300 0.437436 0.423487 0.0139489 0 0.968112 11450 11011.8 438.151 0 -31.4761 -32.1511 4 30629.9 484.744 7576 5.58985e-05
30400 0.413061 0.40162 0.0114408 0 0.972302 11491.4 11052 439.434 0 -31.4805 -32.6708 4 30729.9 485.535 7601 5.28378e-05
30500 0.408008 0.39503 0.0129784 0 0.968191 11532.2 11091.5 440.683 0 -31.4832 -32.2594 4 30829.9 486.324 7626 5.18004e-05
30600 0.445529 0.431373 0.0141569 0 0.968225 11576.8 11134.6 442.136 0 -31.4853 -32.0384 4 30929.9 487.112 7651 5.63812e-05
30700 0.429604 0.417507 0.0120975 0 0.97184 11619.9 11176.4 443.507 0 -31.4886 -32.3723 4 31029.9 487.899 7676 5.43912e-05
30800 0.379153 0.370578 0.00857539 0 0.977383 11658 11213.4 444.51 0 -31.4932 -32.8722 4 31129.9 488.685 7701 4.81208e-05
30900 0.430609 0.418899 0.0117099 0 0.972806 11701.1 11255.3 445.728 0 -31.4954 -32.0913 4 31229.9 489.469 7726 5.42194e-05
31000 0.417749 0.405052 0.0126975 0 0.969605 11742.8 11295.8 446.952 0 -31.4985 -32.379 4 31329.9 490.252 7751 5.2258e-05
31100 0.414164 0.403585 0.0105785 0 0.974458 11784.3 11336.2 448.133 0 -31.5029 -32.7576 4 31429.9 491.034 7776 5.19014e-05
31200 0.408274 0.398575 0.00969929 0 0.976243 11825.3 11376.1 449.287 0 -31.5069 -32.6514 4 31529.9 491.814 7801 5.10928e-05
31300 0.410947 0.400299 0.0106483 0 0.974088 11866.5 11416.1 450.421 0 -31.5115 -32.8143 4 31629.9 492.594 7826 5.11499e-05
31400 0.421424 0.40942 0.0120039 0 0.971516 11908.7 11457 451.696 0 -31.5144 -32.3438 4 31729.9 493.372 7851 5.21488e-05
31500 0.441983 0.428748 0.0132356 0 0.970054 11953 11499.9 453.101 0 -31.5168 -32.1725 4 31829.9 494.149 7876 5.44372e-05
31600 0.40359 0.39115 0.0124397 0 0.969177 11993.3 11539 454.332 0 -31.5196 -32.3413 4 31929.9 494.924 7901 4.95064e-05
31700 0.440989 0.426718 0.0142719 0 0.967637 12037.4 11581.7 455.716 0 -31.5213 -31.973 4 32029.9 495.699 7926 5.38377e-05
31800 0.420662 0.407316 0.0133455 0 0.968275 12079.5 11622.4 457.043 0 -31.5248 -32.5324 4 32129.9 496.472 7951 5.12283e-05
31900 0.424049 0.412933 0.0111165 0 0.973785 12122.1 11663.7 458.38 0 -31.5298 -32.9343 4 32229.9 497.244 7976 5.17719e-05
32000 0.395213 0.384175 0.0110377 0 0.972072 12161.7 11702.1 459.592 0 -31.5342 -32.8857 4 32329.9 498.015 8001 4.80159e-05
32100 0.420245 0.406104 0.0141406 0 0.966352 12203.6 11742.7 460.906 0 -31.5368 -32.2874 4 32429.9 498.784 8026 5.05986e-05
32200 0.423727 0.406169 0.0175586 0 0.958562 12245.6 11783.4 462.221 0 -31.5407 -32.6996 4 32529.9 499.553 8051 5.04495e-05
32300 0.408921 0.396166 0.0127557 0 0.968806 12286.6 11823 463.622 0 -31.546 -33.1219 4 32629.9 500.32 8076 4.90547e-05
32400 0.379066 0.368562 0.0105046 0 0.972288 12324.7 11859.8 464.857 0 -31.5507 -33.0477 4 32729.9 501.086 8101 4.54958e-05
32500 0.368678 0.357156 0.0115224 0 0.968747 12361.5 11895.5 465.914 0 -31.5542 -32.7461 4 32829.9 501.851 8126 4.39522e-05
32600 0.384844 0.374645 0.0101995 0 0.973497 12400 11933 467.042 0 -31.5585 -32.9293 4 32929.9 502.615 8151 4.5963e-05
32700 0.446374 0.432548 0.0138267 0 0.969024 12444.6 11976.3 468.351 0 -31.5606 -32.1495 4 33029.9 503.377 8176 5.29046e-05
32800 0.421169 0.408451 0.0127175 0 0.969804 12486.7 12017.1 469.639 0 -31.5631 -32.3091 4 33129.9 504.139 8201 4.9805e-05
32900 0.419978 0.406174 0.0138037 0 0.967132 12528.7 12057.7 470.994 0 -31.5656 -32.2877 4 33229.9 504.899 8226 4.93768e-05
33000 0.412298 0.400603 0.0116955 0 0.971633 12570.1 12097.8 472.353 0 -31.5692 -32.659 4 33329.9 505.658 8251 4.85521e-05
33100 0.403557 0.392942 0.0106148 0 0.973697 12610.6 12137.1 473.504 0 -31.5736 -32.9664 4 33429.9 506.416 8276 4.74798e-05
33200 0.424376 0.411052 0.0133242 0 0.968603 12653 12178.2 474.841 0 -31.5759 -32.2561 4 33529.9 507.173 8301 4.95183e-05
33300 0.400262 0.390185 0.0100769 0 0.974824 12693.3 12217.2 476.077 0 -31.5794 -32.6813 4 33629.9 507.929 8326 4.68635e-05
33400 0.420061 0.406532 0.013529 0 0.967793 12735.1 12257.9 477.265 0 -31.5828 -32.5934 4 33729.9 508.683 8351 4.86806e-05
33500 0.422117 0.412302 0.009815 0 0.976748 12777.6 12299.1 478.519 0 -31.5858 -32.495 4 33829.9 509.437 8376 4.92242e-05
33600 0.420552 0.409175 0.0113771 0 0.972947 12819.7 12340 479.684 0 -31.5889 -32.5369 4 33929.9 510.189 8401 4.87055e-05
33700 0.43774 0.422058 0.015682 0 0.964175 12863.2 12382.2 481.018 0 -31.5912 -32.2685 4 34029.9 510.94 8426 5.009e-05
33800 0.429022 0.415791 0.0132307 0 0.969161 12906.3 12423.8 482.519 0 -31.5934 -32.2526 4 34129.9 511.691 8451 4.92003e-05
33900 0.439465 0.424014 0.0154518 0 0.964839 12950.2 12466.2 483.996 0 -31.5945 -31.892 4 34229.9 512.44 8476 5.00252e-05
34000 0.48142 0.464371 0.0170487 0 0.964587 12998.4 12512.6 485.804 0 -31.5962 -32.0728 4 34329.9 513.188 8501 5.46254e-05
34100 0.450674 0.434277 0.0163968 0 0.963617 13043.5 12556.1 487.429 0 -31.5985 -32.2421 4 34429.9 513.935 8526 5.09356e-05
34200 0.453114 0.43839 0.014724 0 0.967505 13089 12599.9 489.119 0 -31.5994 -31.8561 4 34529.9 514.68 8551 5.12677e-05
34300 0.471483 0.452058 0.0194244 0 0.958802 13135.8 12645.1 490.743 0 -31.5979 -31.195 4 34629.9 515.425 8576 5.2712e-05
34400 0.479526 0.463152 0.0163741 0 0.965854 13183.8 12691.4 492.373 0 -31.5967 -31.2708 4 34729.9 516.169 8601 5.38487e-05
34500 0.457206 0.442592 0.0146139 0 0.968036 13229.6 12735.7 493.907 0 -31.5972 -31.7219 4 34829.9 516.911 8626 5.13091e-05
34600 0.442724 0.427419 0.0153046 0 0.965431 13273.8 12778.4 495.352 0 -31.5989 -32.1095 4 34929.9 517.653 8651 4.94069e-05
34700 0.445 0.432179 0.0128218 0 0.971187 13318.5 12821.6 496.831 0 -31.6015 -32.3891 4 35029.9 518.393 8676 4.98131e-05
34800 0.434529 0.4204 0.014129 0 0.967484 13361.9 12863.7 498.222 0 -31.6037 -32.2748 4 35129.9 519.133 8701 4.83163e-05
34900 0.466059 0.447685 0.0183743 0 0.960575 13408.2 12908.4 499.774 0 -31.6041 -31.7244 4 35229.9 519.871 8726 5.13047e-05
35000 0.471092 0.455972 0.0151201 0 0.967904 13455.6 12954 501.532 0 -31.6065 -32.2877 4 35329.9 520.608 8751 5.21052e-05
35100 0.472684 0.455835 0.0168487 0 0.964355 13502.8 12999.6 503.156 0 -31.6087 -32.2263 4 35429.9 521.345 8776 5.19411e-05
35200 0.467343 0.454488 0.0128546 0 0.972494 13549.7 13045.1 504.648 0 -31.6127 -32.7622 4 35529.9 522.08 8801 5.16405e-05
35300 0.478762 0.46389 0.0148716 0 0.968937 13597.6 13091.5 506.175 0 -31.6154 -32.3959 4 35629.9 522.814 8826 5.25595e-05
35400 0.466088 0.449728 0.0163598 0 0.9649 13644.2 13136.4 507.717 0 -31.6169 -32.0298 4 35729.9 523.547 8851 5.0811e-05
35500 0.459334 0.444256 0.0150781 0 0.967174 13690.1 13180.9 509.261 0 -31.6179 -31.9298 4 35829.9 524.279 8876 5.00514e-05
35600 0.421586 0.409289 0.0122972 0 0.970831 13732.4 13221.8 510.601 0 -31.6209 -32.5958 4 35929.9 525.01 8901 4.59824e-05
35700 0.499221 0.4803 0.0189205 0 0.9621 13782.1 13269.8 512.241 0 -31.6192 -31.1471 4 36029.9 525.741 8926 5.38091e-05
35800 0.559265 0.538958 0.0203072 0 0.96369 13838.1 13323.7 514.365 0 -31.6196 -31.7178 4 36129.9 526.47 8951 6.0212e-05
35900 0.513863 0.496571 0.0172924 0 0.966348 13889.7 13373.4 516.369 0 -31.6191 -31.4819 4 36229.9 527.198 8976 5.53221e-05
36000 0.471249 0.454597 0.0166522 0 0.964664 13937 13418.8 518.165 0 -31.6205 -32.0183 4 36329.9 527.925 9001 5.05052e-05
36100 0.505224 0.486931 0.0182924 0 0.963793 13987.5 13467.5 519.962 0 -31.6194 -31.3409 4 36429.9 528.651 9026 5.39476e-05
36200 0.490727 0.471605 0.0191224 0 0.961032 14036.5 13514.7 521.777 0 -31.6186 -31.3728 4 36529.9 529.376 9051 5.21052e-05
36300 0.489304 0.469075 0.0202288 0 0.958658 14085.4 13561.6 523.782 0 -31.6186 -31.6096 4 36629.9 530.1 9076 5.1683e-05
36400 0.472627 0.454492 0.0181346 0 0.96163 14132.6 13607 525.583 0 -31.6197 -31.9661 4 36729.9 530.823 9101 4.99387e-05
36500 0.514398 0.4955 0.0188978 0 0.963262 14184.2 13656.6 527.576 0 -31.6198 -31.6497 4 36829.9 531.545 9126 5.42954e-05
36600 0.469432 0.452547 0.0168849 0 0.964031 14231.2 13701.8 529.348 0 -31.6214 -32.0887 4 36929.9 532.266 9151 4.94533e-05
36700 0.4711 0.455299 0.0158011 0 0.966459 14278.5 13747.4 531.107 0 -31.6223 -31.8938 4 37029.9 532.987 9176 4.96184e-05
36800 0.444076 0.430927 0.0131488 0 0.970391 14323.1 13790.5 532.636 0 -31.6237 -32.0702 4 37129.9 533.706 9201 4.68348e-05
36900 0.418855 0.406147 0.0127083 0 0.969659 14365 13831.1 533.912 0 -31.6258 -32.3391 4 37229.9 534.424 9226 4.4022e-05
37000 0.416055 0.406183 0.00987215 0 0.976272 14406.8 13871.7 535.109 0 -31.6299 -33.0394 4 37329.9 535.141 9251 4.3907e-05
37100 0.423997 0.413374 0.0106227 0 0.974946 14449.3 13913 536.214 0 -31.6341 -33.0761 4 37429.9 535.857 9276 4.45639e-05
37200 0.439349 0.427841 0.0115082 0 0.973806 14493.3 13955.8 537.444 0 -31.6361 -32.3014 4 37529.9 536.573 9301 4.59994e-05
37300 0.421791 0.410357 0.0114338 0 0.972892 14535.4 13996.9 538.588 0 -31.6385 -32.4351 4 37629.9 537.287 9326 4.40014e-05
37400 0.431091 0.419749 0.0113418 0 0.97369 14578.6 14038.8 539.793 0 -31.6409 -32.4624 4 37729.9 538.001 9351 4.48881e-05
37500 0.409547 0.398562 0.010985 0 0.973178 14619.6 14078.7 540.915 0 -31.6436 -32.6037 4 37829.9 538.713 9376 4.25088e-05
37600 0.387354 0.378926 0.0084283 0 0.978241 14658.5 14116.6 541.95 0 -31.6471 -32.9487 4 37929.9 539.425 9401 4.0307e-05
37700 0.432256 0.418514 0.0137426 0 0.968207 14701.6 14158.4 543.158 0 -31.6484 -32.0908 4 38029.9 540.135 9426 4.43999e-05
37800 0.477087 0.460819 0.0162686 0 0.9659 14749.1 14204.5 544.612 0 -31.6492 -31.9235 4 38129.9 540.845 9451 4.87587e-05
37900 0.440683 0.428455 0.0122281 0 0.972252 14793.5 14247.4 546.106 0 -31.6518 -32.5104 4 38229.9 541.554 9476 4.52147e-05
38000 0.398386 0.387715 0.0106712 0 0.973214 14833.4 14286.1 547.238 0 -31.6552 -32.9199 4 38329.9 542.262 9501 4.08078e-05
38100 0.416524 0.405587 0.0109367 0 0.973743 14875.2 14326.7 548.46 0 -31.6582 -32.7164 4 38429.9 542.968 9526 4.25769e-05
38200 0.411372 0.400802 0.0105695 0 0.974307 14916.4 14366.8 549.643 0 -31.6616 -32.8659 4 38529.9 543.674 9551 4.19644e-05
38300 0.405065 0.394701 0.0103641 0 0.974414 14957 14406.2 550.798 0 -31.6654 -33.0762 4 38629.9 544.379 9576 4.12177e-05
38400 0.392651 0.382248 0.0104033 0 0.973505 14996.3 14444.5 551.84 0 -31.6692 -33.0991 4 38729.9 545.084 9601 3.98133e-05
38500 0.409404 0.395185 0.0142192 0 0.965269 15036.9 14484 552.958 0 -31.6729 -33.0646 4 38829.9 545.787 9626 4.10539e-05
38600 0.43279 0.420888 0.0119016 0 0.9725 15080.4 14526.1 554.282 0 -31.6745 -32.2163 4 38929.9 546.489 9651 4.36108e-05
38700 0.473297 0.459312 0.0139857 0 0.97045 15127.8 14572 555.748 0 -31.6739 -31.4804 4 39029.9 547.191 9676 4.74692e-05
38800 0.536862 0.518779 0.0180829 0 0.966317 15181.5 14623.9 557.632 0 -31.6729 -31.3866 4 39129.9 547.891 9701 5.34769e-05
38900 0.486237 0.469928 0.0163093 0 0.966458 15230.4 14670.9 559.477 0 -31.6736 -31.8924 4 39229.9 548.591 9726 4.83166e-05
39000 0.471442 0.45391 0.017532 0 0.962812 15277.5 14716.3 561.188 0 -31.6735 -31.6484 4 39329.9 549.29 9751 4.65501e-05
39100 0.496568 0.47777 0.0187986 0 0.962143 15327.1 14764 563.034 0 -31.6728 -31.4647 4 39429.9 549.987 9776 4.88717e-05
39200 0.461462 0.445904 0.0155583 0 0.966285 15373.4 14808.6 564.785 0 -31.6737 -31.9734 4 39529.9 550.684 9801 4.54957e-05
39300 0.454964 0.437764 0.0171998 0 0.962195 15418.8 14852.4 566.371 0 -31.6751 -32.1344 4 39629.9 551.381 9826 4.45516e-05
39400 0.522919 0.502081 0.0208382 0 0.96015 15471 14902.6 568.429 0 -31.6747 -31.558 4 39729.9 552.076 9851 5.09675e-05
39500 0.489254 0.471571 0.0176835 0 0.963856 15520.2 14949.8 570.421 0 -31.6766 -32.2692 4 39829.9 552.77 9876 4.77492e-05
39600 0.480428 0.462398 0.0180294 0 0.962472 15568.2 14996 572.196 0 -31.6776 -32.0016 4 39929.9 553.464 9901 4.67022e-05
39700 0.492876 0.475544 0.0173315 0 0.964836 15617.5 15043.6 573.94 0 -31.6785 -31.9668 4 40029.9 554.156 9926 4.79089e-05
39800 0.503112 0.486888 0.016224 0 0.967753 15668 15092.3 575.757 0 -31.6788 -31.7805 4 40129.9 554.848 9951 4.89286e-05
39900 0.465702 0.449128 0.0165738 0 0.964411 15714.6 15137.2 577.39 0 -31.6796 -31.9461 4 40229.9 555.539 9976 4.50209e-05
40000 0.501832 0.485802 0.0160301 0 0.968057 15764.9 15185.8 579.101 0 -31.6788 -31.4255 4 40329.9 556.229 10001 4.85754e-05
40100 0.503692 0.487142 0.0165501 0 0.967142 15815.2 15234.5 580.715 0 -31.6773 -31.2088 4 40429.9 556.918 10026 4.85879e-05
40200 0.484728 0.469911 0.0148166 0 0.969433 15863.7 15281.5 582.218 0 -31.6778 -31.8361 4 40529.9 557.606 10051 4.67527e-05
40300 0.470802 0.456072 0.0147301 0 0.968713 15910.7 15327.1 583.669 0 -31.6791 -32.1175 4 40629.9 558.294 10076 4.52632e-05
40400 0.465546 0.451767 0.0137793 0 0.970402 15957.4 15372.2 585.131 0 -31.6809 -32.2964 4 40729.9 558.98 10101 4.4725e-05
40500 0.45049 0.437184 0.0133059 0 0.970464 16002.5 15416 586.542 0 -31.6823 -32.1901 4 40829.9 559.666 10126 4.31745e-05
40600 0.504387 0.486904 0.0174822 0 0.96534 16052.8 15464.7 588.145 0 -31.6816 -31.4456 4 40929.9 560.351 10151 4.79661e-05
40700 0.495967 0.479598 0.0163688 0 0.966996 16102.5 15512.6 589.873 0 -31.6819 -31.7941 4 41029.9 561.035 10176 4.71303e-05
40800 0.466534 0.450992 0.0155416 0 0.966687 16149.2 15557.7 591.47 0 -31.6837 -32.3023 4 41129.9 561.719 10201 4.42106e-05
40900 0.508077 0.489924 0.0181523 0 0.964272 16199.9 15606.7 593.246 0 -31.6844 -31.8979 4 41229.9 562.401 10226 4.79097e-05
41000 0.468961 0.454363 0.0145978 0 0.968872 16247 15652.1 594.873 0 -31.6866 -32.4507 4 41329.9 563.083 10251 4.43237e-05
41100 0.461568 0.445658 0.0159098 0 0.965531 16293.1 15696.7 596.415 0 -31.6894 -32.6683 4 41429.9 563.763 10276 4.33688e-05
41200 0.468896 0.455489 0.0134075 0 0.971406 16340.2 15742.3 597.978 0 -31.6914 -32.3767 4 41529.9 564.443 10301 4.42179e-05
41300 0.464046 0.448311 0.0157347 0 0.966092 16386.6 15787.1 599.533 0 -31.6927 -32.1568 4 41629.9 565.123 10326 4.34158e-05
41400 0.475953 0.460547 0.0154056 0 0.967632 16434.4 15833.1 601.216 0 -31.6946 -32.3651 4 41729.9 565.801 10351 4.4493e-05
41500 0.455593 0.442813 0.0127805 0 0.971948 16480.3 15877.4 602.851 0 -31.698 -32.9089 4 41829.9 566.478 10376 4.26766e-05
41600 0.474973 0.460377 0.0145969 0 0.969268 16527.9 15923.5 604.412 0 -31.7002 -32.4534 4 41929.9 567.155 10401 4.42627e-05
41700 0.45481 0.438654 0.0161564 0 0.964477 16573.3 15967.3 605.961 0 -31.7024 -32.4978 4 42029.9 567.831 10426 4.20731e-05
41800 0.456634 0.442329 0.0143042 0 0.968675 16619 16011.6 607.463 0 -31.7048 -32.5811 4 42129.9 568.506 10451 4.23241e-05
41900 0.437701 0.422239 0.0154625 0 0.964673 16662.7 16053.8 608.879 0 -31.7075 -32.7456 4 42229.9 569.18 10476 4.03053e-05
42000 0.433388 0.417834 0.0155541 0 0.964111 16705.9 16095.6 610.302 0 -31.7098 -32.578 4 42329.9 569.854 10501 3.97899e-05
42100 0.457114 0.443414 0.0137007 0 0.970028 16751.8 16139.9 611.856 0 -31.7111 -32.1886 4 42429.9 570.527 10526 4.21256e-05
42200 0.451693 0.438221 0.0134712 0 0.970176 16797 16183.7 613.231 0 -31.7127 -32.3191 4 42529.9 571.199 10551 4.15336e-05
42300 0.412835 0.403196 0.00963969 0 0.97665 16838.4 16224 614.388 0 -31.7162 -33.1123 4 42629.9 571.87 10576 3.81236e-05
42400 0.423882 0.410854 0.0130282 0 0.969265 16880.7 16265.1 615.587 0 -31.7186 -32.6926 4 42729.9 572.54 10601 3.87561e-05
42500 0.411955 0.401578 0.0103764 0 0.974812 16922.1 16305.3 616.765 0 -31.7215 -32.8887 4 42829.9 573.21 10626 3.77921e-05
42600 0.385236 0.374912 0.0103236 0 0.973202 16960.6 16342.8 617.81 0 -31.7249 -33.2382 4 42929.9 573.878 10651 3.51997e-05
42700 0.369199 0.359799 0.0094003 0 0.974539 16997.6 16378.8 618.825 0 -31.7287 -33.4724 4 43029.9 574.546 10676 3.37017e-05
42800 0.369916 0.360091 0.00982486 0 0.97344 17034.6 16414.8 619.87 0 -31.7323 -33.3676 4 43129.9 575.214 10701 3.36502e-05
42900 0.439154 0.424457 0.0146967 0 0.966534 17078.6 16457.2 621.379 0 -31.7339 -32.375 4 43229.9 575.88 10726 3.95727e-05
43000 0.413493 0.399446 0.0140468 0 0.966029 17119.9 16497.2 622.758 0 -31.7363 -32.7025 4 43329.9 576.546 10751 3.71543e-05
43100 0.41696 0.403162 0.013798 0 0.966908 17161.7 16537.5 624.233 0 -31.7392 -32.9347 4 43429.9 577.211 10776 3.7413e-05
43200 0.401134 0.386971 0.0141625 0 0.964694 17201.9 16576.2 625.724 0 -31.7425 -33.1579 4 43529.9 577.875 10801 3.58274e-05
43300 0.376642 0.364526 0.0121157 0 0.967832 17239.6 16612.6 626.972 0 -31.7463 -33.4849 4 43629.9 578.538 10826 3.36714e-05
43400 0.39164 0.379697 0.0119422 0 0.969507 17278.8 16650.6 628.21 0 -31.749 -32.9157 4 43729.9 579.201 10851 3.49919e-05
43500 0.386802 0.37528 0.0115223 0 0.970211 17317.6 16688.1 629.525 0 -31.7525 -33.3029 4 43829.9 579.863 10876 3.45053e-05
43600 0.355078 0.346262 0.00881627 0 0.975171 17353.3 16722.7 630.552 0 -31.7569 -33.897 4 43929.9 580.524 10901 3.17642e-05
43700 0.329218 0.323133 0.00608505 0 0.981517 17386.4 16755.1 631.335 0 -31.7619 -34.4089 4 44029.9 581.184 10926 2.95747e-05
43800 0.410159 0.397832 0.0123274 0 0.969945 17427.3 16794.8 632.453 0 -31.7636 -32.4961 4 44129.9 581.844 10951 3.63283e-05
43900 0.390236 0.376723 0.0135127 0 0.965373 17466.3 16832.5 633.813 0 -31.7656 -32.6507 4 44229.9 582.503 10976 3.43224e-05
44000 0.420054 0.404658 0.015396 0 0.963348 17508.2 16873 635.243 0 -31.7672 -32.4243 4 44329.9 583.161 11001 3.67837e-05
44100 0.442181 0.42621 0.0159706 0 0.963882 17552.5 16915.6 636.87 0 -31.7683 -32.1979 4 44429.9 583.818 11026 3.8655e-05
44200 0.403833 0.389547 0.014286 0 0.964624 17592.9 16954.6 638.319 0 -31.77 -32.5057 4 44529.9 584.475 11051 3.52499e-05
44300 0.411446 0.398411 0.0130351 0 0.968319 17634.1 16994.4 639.726 0 -31.7726 -32.8821 4 44629.9 585.131 11076 3.59706e-05
44400 0.423339 0.41071 0.012629 0 0.970168 17676.6 17035.5 641.131 0 -31.7742 -32.441 4 44729.9 585.786 11101 3.69975e-05
44500 0.374585 0.36503 0.00955539 0 0.974491 17714.2 17072 642.245 0 -31.7776 -33.3632 4 44829.9 586.44 11126 3.28087e-05
44600 0.352791 0.34458 0.00821197 0 0.976723 17749.5 17106.4 643.108 0 -31.7813 -33.6541 4 44929.9 587.094 11151 3.09012e-05
44700 0.361437 0.352575 0.00886196 0 0.975481 17785.7 17141.7 643.967 0 -31.7851 -33.6627 4 45029.9 587.747 11176 3.15475e-05
44800 0.370628 0.361792 0.00883607 0 0.976159 17822.8 17177.9 644.958 0 -31.7888 -33.5425 4 45129.9 588.399 11201 3.23e-05
44900 0.414579 0.400474 0.0141054 0 0.965977 17864.1 17217.9 646.155 0 -31.7911 -32.812 4 45229.9 589.051 11226 3.56738e-05
45000 0.400342 0.388222 0.0121197 0 0.969727 17904.2 17256.7 647.464 0 -31.7935 -32.8586 4 45329.9 589.702 11251 3.45056e-05
45100 0.440631 0.42682 0.0138112 0 0.968656 17948.4 17299.4 648.991 0 -31.7942 -32.0676 4 45429.9 590.352 11276 3.78521e-05
45200 0.384085 0.373497 0.0105876 0 0.972434 17987.1 17336.8 650.295 0 -31.7963 -32.7795 4 45529.9 591.001 11301 3.30499e-05
45300 0.394735 0.383722 0.0110128 0 0.972101 18026.6 17375.1 651.494 0 -31.7994 -33.1985 4 45629.9 591.65 11326 3.38798e-05
45400 0.391269 0.379528 0.011741 0 0.969992 18065.9 17413.1 652.765 0 -31.8015 -32.7488 4 45729.9 592.298 11351 3.34356e-05
45500 0.430138 0.414692 0.0154466 0 0.964089 18108.7 17454.6 654.175 0 -31.8022 -32.1069 4 45829.9 592.945 11376 3.64532e-05
45600 0.403464 0.390902 0.0125626 0 0.968863 18149.3 17493.7 655.679 0 -31.8042 -32.7061 4 45929.9 593.592 11401 3.42866e-05
45700 0.421093 0.407127 0.0139665 0 0.966833 18191.6 17534.4 657.204 0 -31.8063 -32.687 4 46029.9 594.237 11426 3.56316e-05
45800 0.418641 0.405229 0.0134118 0 0.967963 18233.7 17574.9 658.759 0 -31.8077 -32.4213 4 46129.9 594.883 11451 3.53881e-05
45900 0.391501 0.378478 0.0130236 0 0.966734 18272.8 17612.7 660.076 0 -31.81 -32.9088 4 46229.9 595.527 11476 3.29799e-05
46000 0.390762 0.377689 0.0130724 0 0.966546 18311.8 17650.5 661.289 0 -31.8128 -33.101 4 46329.9 596.171 11501 3.28397e-05
46100 0.390188 0.377862 0.0123262 0 0.96841 18350.8 17688.3 662.541 0 -31.815 -32.8617 4 46429.9 596.814 11526 3.27834e-05
46200 0.371614 0.360957 0.0106567 0 0.971323 18388.1 17724.4 663.726 0 -31.8179 -33.2362 4 46529.9 597.456 11551 3.1249e-05
46300 0.383931 0.371808 0.012123 0 0.968424 18426.4 17761.6 664.851 0 -31.8199 -32.7596 4 46629.9 598.098 11576 3.21189e-05
46400 0.406143 0.391597 0.014546 0 0.964185 18467 17800.7 666.24 0 -31.8207 -32.2057 4 46729.9 598.739 11601 3.37554e-05
46500 0.427651 0.412933 0.0147179 0 0.965584 18509.7 17842 667.71 0 -31.8219 -32.3377 4 46829.9 599.379 11626 3.55181e-05
46600 0.458865 0.442619 0.0162458 0 0.964596 18555.6 17886.3 669.357 0 -31.8228 -32.1906 4 46929.9 600.019 11651 3.79898e-05
46700 0.435413 0.420999 0.0144147 0 0.966894 18599.3 17928.4 670.953 0 -31.8239 -32.2999 4 47029.9 600.658 11676 3.60568e-05
46800 0.42572 0.410844 0.0148762 0 0.965056 18641.9 17969.5 672.453 0 -31.8244 -32.0106 4 47129.9 601.296 11701 3.51119e-05
46900 0.471713 0.455574 0.0161392 0 0.965786 18689.1 18015 674.031 0 -31.8245 -31.8635 4 47229.9 601.933 11726 3.88516e-05
47000 0.471227 0.456292 0.0149346 0 0.968307 18736.3 18060.7 675.687 0 -31.8246 -31.8626 4 47329.9 602.57 11751 3.88301e-05
47100 0.448424 0.433009 0.0154147 0 0.965625 18781.2 18104 677.288 0 -31.8256 -32.2737 4 47429.9 603.207 11776 3.67705e-05
47200 0.414036 0.401603 0.0124331 0 0.969971 18822.8 18144.1 678.712 0 -31.8282 -32.973 4 47529.9 603.842 11801 3.40313e-05
47300 0.418847 0.403317 0.0155305 0 0.962921 18864.5 18184.4 680.051 0 -31.8303 -32.8091 4 47629.9 604.477 11826 3.41043e-05
47400 0.441538 0.423487 0.0180514 0 0.959117 18908.4 18226.8 681.575 0 -31.8308 -32.0114 4 47729.9 605.111 11851 3.57343e-05
47500 0.486956 0.469946 0.0170105 0 0.965068 18957.1 18273.8 683.346 0 -31.8304 -31.6942 4 47829.9 605.745 11876 3.9571e-05
47600 0.471089 0.451286 0.0198035 0 0.957962 19004.1 18318.9 685.224 0 -31.8303 -31.7939 4 47929.9 606.378 11901 3.792e-05
47700 0.422393 0.407735 0.0146571 0 0.9653 19046.5 18359.7 686.8 0 -31.8316 -32.4211 4 48029.9 607.01 11926 3.41888e-05
47800 0.467061 0.447389 0.0196727 0 0.95788 19092.9 18404.4 688.457 0 -31.8307 -31.4427 4 48129.9 607.642 11951 3.74352e-05
47900 0.501859 0.483641 0.0182179 0 0.963699 19143.2 18452.8 690.401 0 -31.83 -31.56 4 48229.9 608.272 11976 4.03842e-05
48000 0.458739 0.443469 0.0152704 0 0.966712 19189.4 18497.1 692.249 0 -31.8306 -32.0832 4 48329.9 608.903 12001 3.69527e-05
48100 0.495211 0.474889 0.020322 0 0.958963 19238.7 18544.6 694.054 0 -31.8297 -31.4703 4 48429.9 609.532 12026 3.94886e-05
48200 0.493757 0.475866 0.0178905 0 0.963767 19288.1 18592.2 695.864 0 -31.8285 -31.397 4 48529.9 610.161 12051 3.94877e-05
48300 0.446488 0.43226 0.0142284 0 0.968133 19332.8 18635.4 697.396 0 -31.8289 -31.9764 4 48629.9 610.79 12076 3.57949e-05
48400 0.456325 0.44363 0.012695 0 0.97218 19378.7 18679.8 698.884 0 -31.8293 -31.9914 4 48729.9 611.417 12101 3.66606e-05
48500 0.505606 0.487571 0.0180352 0 0.96433 19429.2 18728.6 700.588 0 -31.8297 -31.9849 4 48829.9 612.044 12126 4.02087e-05
48600 0.494229 0.476036 0.018193 0 0.963189 19478.6 18776.2 702.448 0 -31.8304 -32.1129 4 48929.9 612.671 12151 3.91767e-05
48700 0.48484 0.468206 0.0166335 0 0.965693 19527.3 18823 704.271 0 -31.8314 -32.2425 4 49029.9 613.297 12176 3.84532e-05
48800 0.489841 0.472389 0.0174524 0 0.964371 19576.3 18870.2 706.049 0 -31.8325 -32.2475 4 49129.9 613.922 12201 3.87172e-05
48900 0.475432 0.459868 0.015564 0 0.967263 19623.8 18916.2 707.631 0 -31.8336 -32.3036 4 49229.9 614.546 12226 3.76139e-05
49000 0.55179 0.534235 0.017555 0 0.968185 19679.1 18969.6 709.491 0 -31.8335 -31.7845 4 49329.9 615.17 12251 4.36075e-05
49100 0.50497 0.487296 0.0176741 0 0.965 19729.5 19018.4 711.135 0 -31.8346 -32.2864 4 49429.9 615.793 12276 3.9695e-05
49200 0.470599 0.456339 0.01426 0 0.969698 19776.6 19064 712.632 0 -31.8363 -32.5543 4 49529.9 616.416 12301 3.70977e-05
49300 0.451837 0.437699 0.0141382 0 0.96871 19821.8 19107.8 714.074 0 -31.8385 -32.7791 4 49629.9 617.038 12326 3.55102e-05
49400 0.466207 0.453709 0.0124988 0 0.97319 19868.7 19153.1 715.512 0 -31.8399 -32.4367 4 49729.9 617.659 12351 3.67346e-05
49500 0.416813 0.404621 0.0121915 0 0.970751 19910.3 19193.6 716.704 0 -31.8423 -32.9792 4 49829.9 618.28 12376 3.2694e-05
49600 0.45971 0.445689 0.0140213 0 0.9695 19956.2 19238.2 717.98 0 -31.8435 -32.3832 4 49929.9 618.9 12401 3.59397e-05
49700 0.435322 0.423527 0.0117951 0 0.972905 19999.9 19280.5 719.338 0 -31.8454 -32.6917 4 50029.9 619.519 12426 3.4084e-05
49800 0.483805 0.465567 0.0182376 0 0.962304 20048 19327.1 720.903 0 -31.8451 -31.7314 4 50129.9 620.138 12451 3.7392e-05
49900 0.471213 0.454175 0.0170379 0 0.963842 20095.2 19372.5 722.7 0 -31.8455 -32.0018 4 50229.9 620.756 12476 3.64039e-05
50000 0.448611 0.434865 0.013746 0 0.969359 20140.3 19416 724.317 0 -31.8472 -32.6185 4 50329.9 621.374 12501 3.47864e-05
