100 0.000792129 0.000771417 2.07126e-05 0 0.973852 0.0838173 0.0771417 0.00667566 0 -24.0783 -24.0783 128 453.882 59.0081 1 0.000771417
200 0.00213872 0.00197307 0.000165644 0 0.92255 0.296279 0.274449 0.0218294 0 -29.0192 -30.9684 128 581.882 66.8124 2 0.000986537
300 0.00132889 0.00118867 0.00014022 0 0.894483 0.430081 0.393316 0.036765 0 -28.9035 -28.6475 128 709.882 73.796 3 0.000396222
400 0.00331385 0.00282447 0.000489377 0 0.852324 0.7289 0.675763 0.0531372 0 -28.6048 -28.1748 128 837.882 80.1736 4 0.000706118
500 0.00457061 0.00437697 0.000193636 0 0.957634 1.19783 1.11346 0.0843672 0 -29.9968 -32.1606 128 837.882 80.1736 4 0.00109424
600 0.00300053 0.00287216 0.000128377 0 0.957215 1.50566 1.40068 0.104984 0 -30.2519 -31.2444 128 965.882 86.08 5 0.000574431
700 0.00475554 0.00454089 0.000214644 0 0.954864 1.97822 1.85477 0.123453 0 -30.3625 -30.7148 128 1093.88 91.6063 6 0.000756816
800 0.0037245 0.00354982 0.000174682 0 0.953099 2.35575 2.20975 0.145999 0 -30.3774 -30.4555 128 1221.88 96.8177 7 0.000507116
900 0.00436729 0.00376355 0.00060374 0 0.861759 2.75104 2.5861 0.164943 0 -30.1456 -28.7644 128 1349.88 101.763 8 0.000470444
1000 0.00532813 0.00514166 0.000186469 0 0.965003 3.29949 3.10027 0.199217 0 -30.6696 -33.2978 128 1349.88 101.763 8 0.000642708
1100 0.00290029 0.00278462 0.00011567 0 0.960118 3.59555 3.37873 0.216815 0 -30.8761 -33.178 128 1477.88 106.478 9 0.000309402
1200 0.00659672 0.0061594 0.000437323 0 0.933706 4.24498 3.99467 0.250311 0 -30.0999 -25.8024 128 1605.88 110.993 10 0.00061594
1300 0.00990954 0.0083784 0.00153113 0 0.845489 5.1372 4.83251 0.30469 0 -29.1459 -24.607 128 1733.88 115.332 11 0.000761673
1400 0.00856568 0.00812464 0.000441037 0 0.948511 6.02003 5.64497 0.375052 0 -28.9334 -27.6968 128 1733.88 115.332 11 0.000738604
1500 0.00546934 0.00524375 0.000225585 0 0.958755 6.58478 6.16935 0.415431 0 -28.9062 -28.6163 128 1861.88 119.513 12 0.000436979
1600 0.00396133 0.00375124 0.000210083 0 0.946966 6.98132 6.54447 0.436842 0 -28.9303 -29.3308 128 1989.88 123.553 13 0.000288557
1700 0.00323749 0.0032163 2.11952e-05 0 0.993453 7.31261 6.8661 0.446511 0 -29.0438 -31.4363 128 2117.88 127.465 14 0.000229736
1800 0.0114838 0.00975384 0.00172994 0 0.849358 8.3135 7.84149 0.47201 0 -29.0506 -29.0998 128 2245.88 131.26 15 0.000650256
1900 0.0215116 0.0205807 0.000930864 0 0.956727 10.4942 9.89956 0.594608 0 -29.9552 -33.4041 128 2245.88 131.26 15 0.00137205
2000 0.0116824 0.0111795 0.000502988 0 0.956945 11.6904 11.0175 0.672894 0 -30.3226 -33.5456 128 2373.88 134.949 16 0.000698716
2100 0.00909922 0.00852822 0.000570999 0 0.937248 12.5995 11.8703 0.729126 0 -30.4872 -32.6042 128 2501.88 138.539 17 0.00050166
2200 0.00694963 0.00666845 0.000281179 0 0.95954 13.295 12.5372 0.757852 0 -30.6638 -33.8613 128 2629.88 142.039 18 0.00037047
2300 0.00572743 0.00548955 0.000237876 0 0.958467 13.8702 13.0861 0.784065 0 -30.8166 -34.3502 128 2629.88 142.039 18 0.000304975
2400 0.00530302 0.00527202 3.10048e-05 0 0.994153 14.4188 13.6133 0.805483 0 -30.9423 -34.1192 128 2757.88 145.455 19 0.000277475
2500 0.00676515 0.00649697 0.000268184 0 0.960358 15.091 14.263 0.827931 0 -30.9683 -31.5256 128 2885.88 148.792 20 0.000324848
2600 0.00530356 0.0051428 0.00016076 0 0.969688 15.6239 14.7773 0.846594 0 -31.0307 -32.7992 128 3013.88 152.056 21 0.000244895
2700 0.005511 0.00509258 0.000418419 0 0.924076 16.1511 15.2866 0.864548 0 -31.0505 -31.6359 128 3141.88 155.251 22 0.000231481
2800 0.00549058 0.0053495 0.000141078 0 0.974305 16.7126 15.8215 0.891068 0 -31.1293 -33.3971 128 3141.88 155.251 22 0.000243159
2900 0.00542682 0.00539114 3.56767e-05 0 0.993426 17.2665 16.3606 0.905847 0 -31.2119 -33.7029 128 3269.88 158.382 23 0.000234397
3000 0.0040007 0.00392545 7.52465e-05 0 0.981192 17.6677 16.7532 0.914568 0 -31.3011 -35.1427 128 3397.88 161.452 24 0.000163561
3100 0.00377335 0.00357265 0.000200695 0 0.946812 18.0373 17.1104 0.926832 0 -31.3499 -33.6826 128 3525.88 164.465 25 0.000142906
3200 0.0031766 0.0031766 0 0 1 18.3633 17.4281 0.935175 0 -31.4276 -35.7225 128 3653.88 167.424 26 0.000122177
3300 0.00532685 0.00532685 0 0 1 18.9132 17.9608 0.952381 0 -31.5816 -36.726 128 3653.88 167.424 26 0.000204879
3400 0.0171198 0.0162992 0.00082061 0 0.952067 20.6344 19.5907 1.04369 0 -31.2919 -28.1091 128 3781.88 170.331 27 0.000603675
3500 0.00932401 0.00842572 0.000898292 0 0.903658 21.5633 20.4333 1.13005 0 -31.1609 -28.2498 128 3909.88 173.19 28 0.000300919
3600 0.00814211 0.00726058 0.000881526 0 0.891732 22.3727 21.1593 1.21335 0 -31.0314 -27.5804 128 4037.88 176.002 29 0.000250365
3700 0.00734336 0.00675456 0.000588804 0 0.919818 23.117 21.8348 1.28222 0 -30.9549 -28.656 128 4037.88 176.002 29 0.000232916
3800 0.013473 0.0124636 0.00100941 0 0.925079 24.4848 23.0811 1.40362 0 -30.9276 -30.4666 128 4165.88 178.77 30 0.000415452
3900 0.0100422 0.00911895 0.000923277 0 0.908061 25.4944 23.993 1.50136 0 -30.9198 -30.7299 128 4293.88 181.495 31 0.00029416
4000 0.00839427 0.0075224 0.000871876 0 0.896134 26.3352 24.7453 1.5899 0 -30.9132 -30.7127 128 4421.88 184.18 32 0.000235075
4100 0.00684237 0.00633187 0.000510504 0 0.925391 27.0359 25.3785 1.65744 0 -30.9408 -31.9807 128 4549.88 186.827 33 0.000191875
4200 0.00573747 0.0052623 0.000475177 0 0.91718 27.6108 25.9047 1.7061 0 -30.9669 -32.1914 128 4549.88 186.827 33 0.000159464
4300 0.00648646 0.00612252 0.000363942 0 0.943892 28.2681 26.5169 1.75114 0 -30.9875 -31.8535 128 4677.88 189.437 34 0.000180074
4400 0.00574037 0.00545856 0.000281813 0 0.950907 28.8536 27.0628 1.79075 0 -31.0238 -32.7759 128 4805.88 192.011 35 0.000155959
4500 0.00568625 0.00535321 0.000333037 0 0.941431 29.4173 27.5981 1.81921 0 -31.0489 -32.3363 128 4933.88 194.551 36 0.0001487
4600 0.0049554 0.00483138 0.000124017 0 0.974973 29.9196 28.0813 1.83831 0 -31.0919 -33.6058 128 4933.88 194.551 36 0.000134205
4700 0.0198205 0.0192667 0.000553776 0 0.97206 31.9261 30.0079 1.9182 0 -30.8008 -26.4602 128 5061.88 197.059 37 0.000520722
4800 0.0111928 0.0108957 0.000297157 0 0.973451 33.0735 31.0975 1.976 0 -30.7136 -28.2884 128 5189.88 199.535 38 0.000286728
4900 0.011143 0.0107083 0.000434655 0 0.960993 34.1819 32.1683 2.01358 0 -30.6236 -27.9377 128 5317.88 201.98 39 0.000274572
5000 0.0102051 0.00971578 0.000489358 0 0.952048 35.1966 33.1399 2.05665 0 -30.5562 -28.2875 128 5445.88 204.397 40 0.000242894
5100 0.00905658 0.00875888 0.000297697 0 0.967129 36.1116 34.0158 2.09576 0 -30.5224 -29.222 128 5445.88 204.397 40 0.000218972
5200 0.00889795 0.00862947 0.000268481 0 0.969827 37.0131 34.8787 2.13431 0 -30.5251 -30.6318 128 5573.88 206.785 41 0.000210475
5300 0.00860909 0.00827324 0.000335851 0 0.960989 37.8761 35.7061 2.17008 0 -30.5289 -30.6907 128 5701.88 209.146 42 0.000196982
5400 0.0101663 0.00953326 0.000633046 0 0.937731 38.8686 36.6594 2.20918 0 -30.5079 -29.7056 128 5829.88 211.48 43 0.000221704
5500 0.00860566 0.00844107 0.000164593 0 0.980874 39.7482 37.5035 2.24472 0 -30.5205 -31.0799 128 5829.88 211.48 43 0.000196304
5600 0.00981777 0.00970651 0.00011126 0 0.988668 40.7483 38.4742 2.27413 0 -30.6033 -33.8924 128 5957.88 213.789 44 0.000220603
5700 0.00846723 0.00829757 0.00016966 0 0.979963 41.5959 39.3039 2.29201 0 -30.6291 -31.8718 128 6085.88 216.074 45 0.00018439
5800 0.0197847 0.0188902 0.000894485 0 0.954789 43.5447 41.1929 2.3518 0 -30.5362 -28.5538 128 6213.88 218.334 46 0.000410657
5900 0.0175009 0.0162932 0.0012077 0 0.930992 45.2657 42.8223 2.44346 0 -30.4654 -28.6731 128 6341.88 220.571 47 0.000346664
6000 0.0119209 0.0114474 0.000473474 0 0.960282 46.4701 43.967 2.50307 0 -30.4735 -30.779 128 6341.88 220.571 47 0.000243561
6100 0.00898412 0.00867395 0.000310168 0 0.965476 47.3765 44.8344 2.54212 0 -30.4938 -31.5352 128 6469.88 222.786 48 0.000180707
6200 0.00995483 0.00950798 0.000446846 0 0.955113 48.3704 45.7852 2.58524 0 -30.5144 -31.4962 128 6597.88 224.979 49 0.00019404
6300 0.00821798 0.00789792 0.000320056 0 0.961054 49.1936 46.575 2.61862 0 -30.5317 -31.5474 128 6725.88 227.151 50 0.000157958
6400 0.00692894 0.00670339 0.000225552 0 0.967448 49.8908 47.2453 2.64551 0 -30.5533 -32.078 128 6853.88 229.302 51 0.000131439
6500 0.00786262 0.00780228 6.03349e-05 0 0.992326 50.701 48.0255 2.67542 0 -30.5819 -32.3396 128 6853.88 229.302 51 0.000152986
6600 0.0116654 0.0113175 0.000347861 0 0.97018 51.8766 49.1573 2.7193 0 -30.5143 -27.5996 128 6981.88 231.434 52 0.000217645
6700 0.00939213 0.00901426 0.000377873 0 0.959767 52.8157 50.0587 2.75701 0 -30.4956 -29.4604 128 7109.88 233.545 53 0.00017008
6800 0.0072374 0.00713708 0.000100319 0 0.986139 53.5479 50.7724 2.77551 0 -30.509 -31.4775 128 7237.88 235.638 54 0.000132168
6900 0.00590682 0.00586042 4.63986e-05 0 0.992145 54.1413 51.3585 2.7828 0 -30.5307 -32.4869 128 7237.88 235.638 54 0.000108526
7000 0.00641284 0.00631201 0.000100833 0 0.984276 54.7862 51.9897 2.79649 0 -30.5517 -32.3217 128 7365.88 237.713 55 0.000114764
7100 0.0156957 0.0146339 0.00106184 0 0.932348 56.3315 53.4531 2.87839 0 -30.5217 -29.4578 128 7493.88 239.769 56 0.000261319
7200 0.011388 0.0107065 0.000681479 0 0.940158 57.4845 54.5237 2.96075 0 -30.5087 -29.8709 128 7621.88 241.808 57 0.000187833
7300 0.0130222 0.0104557 0.00256648 0 0.802915 58.6005 55.5693 3.03118 0 -30.4271 -26.2238 128 7749.88 243.83 58 0.000180271
7400 0.0187738 0.017798 0.000975789 0 0.948024 60.5201 57.3491 3.17105 0 -30.3987 -29.5318 128 7749.88 243.83 58 0.000306862
7500 0.0136542 0.0128345 0.000819671 0 0.939969 61.9027 58.6325 3.27017 0 -30.3634 -28.817 128 7877.88 245.836 59 0.000217535
7600 0.0102726 0.00973319 0.00053942 0 0.947489 62.9432 59.6059 3.33733 0 -30.3636 -30.3765 128 8005.88 247.825 60 0.00016222
7700 0.00991885 0.00956846 0.000350388 0 0.964675 63.9388 60.5627 3.37611 0 -30.3832 -31.625 128 8133.88 249.798 61 0.00015686
7800 0.0086909 0.00854763 0.000143267 0 0.983515 64.8107 61.4175 3.39322 0 -30.4243 -33.4374 128 8133.88 249.798 61 0.000140125
7900 0.00903341 0.00876138 0.000272031 0 0.969886 65.7152 62.2936 3.42164 0 -30.4512 -32.381 128 8261.88 251.756 62 0.000141313
8000 0.0138972 0.0132754 0.000621815 0 0.955256 67.1042 63.6211 3.48307 0 -30.5013 -32.8709 128 8389.88 253.699 63 0.000210721
8100 0.00898514 0.00862294 0.000362203 0 0.959689 68.0073 64.4834 3.52387 0 -30.5335 -32.9268 128 8517.88 255.626 64 0.000134733
8200 0.00727693 0.00706925 0.000207682 0 0.97146 68.7395 65.1904 3.54911 0 -30.5628 -33.28 128 8645.88 257.54 65 0.000108758
8300 0.00648507 0.00639537 8.96982e-05 0 0.986169 69.3907 65.8299 3.56083 0 -30.594 -33.8891 128 8645.88 257.54 65 9.83903e-05
8400 0.00590433 0.00587415 3.01888e-05 0 0.994887 69.988 66.4173 3.57068 0 -30.6288 -34.6691 128 8773.88 259.439 66 8.90022e-05
8500 0.00633343 0.00602228 0.000311152 0 0.950872 70.6078 67.0195 3.58831 0 -30.6446 -32.4298 128 8901.88 261.325 67 8.98848e-05
8600 0.00677608 0.00638818 0.000387896 0 0.942755 71.2747 67.6584 3.61632 0 -30.6583 -32.11 128 9029.88 263.197 68 9.39439e-05
8700 0.00609442 0.00589071 0.000203703 0 0.966575 71.8923 68.2474 3.64491 0 -30.6808 -33.2768 128 9029.88 263.197 68 8.66281e-05
8800 0.00609936 0.00588646 0.000212897 0 0.965095 72.5078 68.8361 3.67173 0 -30.698 -32.709 128 9157.88 265.056 69 8.5311e-05
8900 0.00698251 0.00672735 0.000255152 0 0.963458 73.2091 69.5088 3.70032 0 -30.724 -33.4148 128 9285.88 266.902 70 9.6105e-05
9000 0.00702869 0.00673928 0.000289408 0 0.958825 73.9142 70.1827 3.73148 0 -30.751 -33.5488 128 9413.88 268.735 71 9.49195e-05
9100 0.0070127 0.00662061 0.000392096 0 0.944088 74.6033 70.8448 3.75854 0 -30.7662 -32.4017 128 9541.88 270.556 72 9.19529e-05
9200 0.00654839 0.00645741 9.09872e-05 0 0.986105 75.269 71.4905 3.77847 0 -30.7905 -33.5085 128 9541.88 270.556 72 8.96862e-05
9300 0.00689288 0.00679754 9.53427e-05 0 0.986168 75.9659 72.1703 3.79565 0 -30.8032 -32.1744 128 9669.88 272.365 73 9.31169e-05
9400 0.00561064 0.00552998 8.06579e-05 0 0.985624 76.5307 72.7233 3.80738 0 -30.8263 -33.9384 128 9797.88 274.161 74 7.47295e-05
9500 0.00493928 0.0049116 2.7676e-05 0 0.994397 77.0268 73.2145 3.81233 0 -30.8503 -34.5504 128 9925.88 275.946 75 6.5488e-05
9600 0.00440425 0.00440425 0 0 1 77.4683 73.6549 3.8134 0 -30.8756 -35.2858 128 10053.9 277.72 76 5.79506e-05
9700 0.00535219 0.00522594 0.000126248 0 0.976412 78.0035 74.1775 3.82602 0 -30.8889 -32.8138 128 10053.9 277.72 76 6.87624e-05
9800 0.00561579 0.00544098 0.00017481 0 0.968872 78.5672 74.7216 3.84565 0 -30.9058 -33.2518 128 10181.9 279.482 77 7.0662e-05
9900 0.0168777 0.015805 0.00107262 0 0.936447 80.2277 76.3021 3.92561 0 -30.813 -26.4221 128 10309.9 281.233 78 0.000202629
10000 0.0143243 0.013539 0.000785278 0 0.945178 81.6847 77.656 4.02875 0 -30.7572 -27.685 128 10437.9 282.974 79 0.00017138
10100 0.0106322 0.00996006 0.000672115 0 0.936785 82.7534 78.652 4.1014 0 -30.7316 -28.7729 128 10437.9 282.974 79 0.000126077
10200 0.0107252 0.0101167 0.000608499 0 0.943265 83.8277 79.6636 4.16401 0 -30.7236 -30.103 128 10565.9 284.704 80 0.000126459
10300 0.00858353 0.0082694 0.000314127 0 0.963403 84.6964 80.4906 4.20582 0 -30.7256 -30.9205 128 10693.9 286.423 81 0.000102091
10400 0.015848 0.0151024 0.00074559 0 0.952954 86.2521 82.0008 4.25123 0 -30.7269 -30.7965 128 10821.9 288.132 82 0.000184175
10500 0.0143637 0.013867 0.000496717 0 0.965419 87.6813 83.3875 4.2938 0 -30.7376 -31.3843 128 10949.9 289.831 83 0.000167072
10600 0.0116534 0.0114093 0.000244067 0 0.979056 88.8575 84.5285 4.32901 0 -30.7577 -32.2585 128 10949.9 289.831 83 0.000137462
10700 0.00982104 0.00959631 0.00022473 0 0.977118 89.8427 85.4881 4.35464 0 -30.7834 -33.0968 128 11077.9 291.52 84 0.000114242
10800 0.0130078 0.0126189 0.00038891 0 0.970102 91.144 86.75 4.394 0 -30.805 -32.3012 128 11205.9 293.199 85 0.000148458
10900 0.014896 0.014249 0.000647031 0 0.956564 92.6174 88.1749 4.44255 0 -30.8158 -31.4829 128 11333.9 294.869 86 0.000165686
11000 0.0134306 0.0131485 0.000282039 0 0.979 93.9828 89.4897 4.49311 0 -30.8389 -32.4033 128 11333.9 294.869 86 0.00015289
11100 0.0105697 0.0104365 0.00013318 0 0.9874 95.0564 90.5334 4.52305 0 -30.8687 -33.4806 128 11461.9 296.53 87 0.00011996
11200 0.00889933 0.00884799 5.13442e-05 0 0.994231 95.9532 91.4182 4.53506 0 -30.8987 -34.0798 128 11589.9 298.181 88 0.000100545
11300 0.00820133 0.00812709 7.42471e-05 0 0.990947 96.7732 92.2309 4.54228 0 -30.9256 -34.0656 128 11717.9 299.823 89 9.13156e-05
11400 0.00760647 0.00750675 9.97191e-05 0 0.98689 97.5256 92.9816 4.54406 0 -30.9517 -34.3086 128 11845.9 301.456 90 8.34084e-05
11500 0.00712445 0.00709368 3.07636e-05 0 0.995682 98.24 93.6909 4.54902 0 -30.9793 -34.7516 128 11845.9 301.456 90 7.88187e-05
11600 0.0207789 0.0195029 0.00127595 0 0.938594 100.332 95.6412 4.69121 0 -31.01 -32.4518 128 11973.9 303.08 91 0.000214318
11700 0.0136703 0.0129293 0.000740989 0 0.945796 101.719 96.9342 4.78505 0 -31.0303 -32.4979 128 12101.9 304.696 92 0.000140536
11800 0.010547 0.0102173 0.000329773 0 0.968733 102.801 97.9559 4.84474 0 -31.0568 -33.5476 128 12229.9 306.303 93 0.000109863
11900 0.00914877 0.00883942 0.000309357 0 0.966186 103.716 98.8398 4.8763 0 -31.0814 -33.8529 128 12229.9 306.303 93 9.50475e-05
12000 0.00947086 0.00895346 0.000517405 0 0.945369 104.675 99.7352 4.9401 0 -31.1006 -33.1716 128 12357.9 307.902 94 9.52495e-05
12100 0.00851209 0.00841531 9.67763e-05 0 0.988631 105.541 100.577 4.96462 0 -31.1239 -33.9395 128 12485.9 309.492 95 8.85822e-05
12200 0.0186928 0.0179744 0.000718411 0 0.961568 107.391 102.374 5.01648 0 -31.0476 -26.6939 128 12613.9 311.075 96 0.000187233
12300 0.0175103 0.0162552 0.00125511 0 0.928322 109.093 104 5.0938 0 -30.9785 -26.622 128 12741.9 312.649 97 0.000167579
12400 0.0143338 0.013847 0.000486832 0 0.966036 110.556 105.384 5.1715 0 -30.9454 -28.4751 128 12741.9 312.649 97 0.000142752
12500 0.01393 0.0135356 0.000394437 0 0.971684 111.987 106.738 5.24929 0 -30.9261 -29.4381 128 12869.9 314.215 98 0.000138118
12600 0.0113286 0.0109887 0.000339965 0 0.969991 113.119 107.837 5.28228 0 -30.9296 -31.2763 128 12997.9 315.774 99 0.000110997
12700 0.00945664 0.00918477 0.000271865 0 0.971251 114.068 108.755 5.31296 0 -30.9431 -32.5419 128 13125.9 317.325 100 9.18477e-05
12800 0.0078775 0.00775395 0.000123544 0 0.984317 114.863 109.531 5.33201 0 -30.9583 -33.1449 128 13253.9 318.868 101 7.67718e-05
12900 0.021736 0.020914 0.000821998 0 0.962183 117.077 111.622 5.45532 0 -30.9193 -28.8954 128 13253.9 318.868 101 0.000207069
13000 0.0297286 0.0284593 0.00126937 0 0.957302 120.073 114.468 5.6053 0 -30.8746 -29.1275 128 13381.9 320.405 102 0.000279012
13100 0.021219 0.0203936 0.000825401 0 0.961101 122.22 116.507 5.71305 0 -30.8377 -28.7764 128 13509.9 321.933 103 0.000197996
13200 0.0176947 0.016759 0.000935702 0 0.94712 123.978 118.183 5.79426 0 -30.8186 -29.4929 128 13637.9 323.455 104 0.000161145
13300 0.0145903 0.0141846 0.00040574 0 0.972191 125.461 119.602 5.85916 0 -30.822 -31.1057 128 13637.9 323.455 104 0.00013639
13400 0.0123954 0.0120255 0.000369939 0 0.970155 126.706 120.804 5.90185 0 -30.832 -31.8316 128 13765.9 324.969 105 0.000114529
13500 0.020146 0.0189724 0.00117354 0 0.941748 128.697 122.701 5.99534 0 -30.8248 -30.3696 128 13893.9 326.476 106 0.000178985
13600 0.0141883 0.0134052 0.00078305 0 0.94481 130.119 124.042 6.07745 0 -30.8256 -30.895 128 14021.9 327.977 107 0.000125282
13700 0.0132169 0.0117051 0.00151173 0 0.885621 131.355 125.213 6.14247 0 -30.8085 -29.0103 128 14149.9 329.47 108 0.000108381
13800 0.0136845 0.0134076 0.000276829 0 0.979771 132.754 126.553 6.20026 0 -30.803 -30.2866 128 14149.9 329.47 108 0.000124145
13900 0.0106802 0.0105586 0.000121571 0 0.988617 133.828 127.609 6.21884 0 -30.8162 -32.4473 128 14277.9 330.957 109 9.68679e-05
14000 0.00885436 0.00873279 0.000121571 0 0.98627 134.715 128.482 6.23269 0 -30.8339 -33.5073 128 14405.9 332.437 110 7.9389e-05
14100 0.0122795 0.0114788 0.000800753 0 0.934789 135.89 129.63 6.25971 0 -30.827 -30.0381 128 14533.9 333.911 111 0.000103412
14200 0.0117716 0.0113034 0.000468259 0 0.960221 137.078 130.761 6.31749 0 -30.8275 -30.8782 128 14533.9 333.911 111 0.000101832
14300 0.0248782 0.024289 0.000589135 0 0.976319 139.592 133.19 6.40207 0 -30.7608 -27.1267 128 14661.9 335.378 112 0.000216867
14400 0.0144742 0.0141405 0.00033369 0 0.976946 141.058 134.604 6.45485 0 -30.7466 -29.3953 128 14789.9 336.839 113 0.000125137
14500 0.0166498 0.0159362 0.000713604 0 0.95714 142.711 136.197 6.51415 0 -30.7325 -29.5253 128 14917.9 338.293 114 0.000139791
14600 0.0129099 0.0127459 0.00016393 0 0.987302 144.004 137.472 6.53227 0 -30.7397 -31.5396 128 15045.9 339.742 115 0.000110834
14700 0.0101207 0.0101207 0 0 1 145.023 138.484 6.53922 0 -30.7524 -32.5454 128 15045.9 339.742 115 8.80058e-05
14800 0.0247612 0.0240493 0.000711922 0 0.971249 147.518 140.889 6.629 0 -30.7005 -27.6808 128 15173.9 341.184 116 0.000207322
14900 0.0178497 0.0171842 0.000665405 0 0.962722 149.31 142.607 6.70258 0 -30.6723 -28.3511 128 15301.9 342.62 117 0.000146874
15000 0.0141799 0.0137544 0.000425581 0 0.969987 150.735 143.983 6.75214 0 -30.6591 -29.2787 128 15429.9 344.05 118 0.000116562
15100 0.0117705 0.0116697 0.00010079 0 0.991437 151.933 145.15 6.78351 0 -30.6588 -30.6203 128 15429.9 344.05 118 9.88956e-05
15200 0.0122817 0.0120694 0.00021234 0 0.982711 153.166 146.357 6.80991 0 -30.6583 -30.6011 128 15557.9 345.474 119 0.000101424
15300 0.0109916 0.0108361 0.000155487 0 0.985854 154.272 147.44 6.83152 0 -30.6634 -31.3636 128 15685.9 346.892 120 9.03006e-05
15400 0.0124873 0.012028 0.000459318 0 0.963217 155.507 148.643 6.86407 0 -30.6677 -31.2086 128 15813.9 348.305 121 9.94048e-05
15500 0.0121871 0.0114276 0.00075952 0 0.937678 156.68 149.786 6.89441 0 -30.6682 -30.7272 128 15941.9 349.711 122 9.36685e-05
15600 0.0112707 0.0108332 0.000437524 0 0.96118 157.818 150.869 6.94887 0 -30.6752 -31.6403 128 15941.9 349.711 122 8.87967e-05
15700 0.00958938 0.00929205 0.000297329 0 0.968994 158.785 151.798 6.98645 0 -30.6843 -32.1704 128 16069.9 351.113 123 7.55452e-05
15800 0.0129531 0.0124726 0.000480524 0 0.962903 160.085 153.046 7.03922 0 -30.7026 -32.9342 128 16197.9 352.508 124 0.000100585
15900 0.0185648 0.0172333 0.00133146 0 0.92828 161.874 154.769 7.10556 0 -30.7166 -31.9681 128 16325.9 353.898 125 0.000137866
16000 0.0157185 0.0155064 0.000212074 0 0.986508 163.484 156.32 7.16438 0 -30.7545 -34.5706 128 16453.9 355.283 126 0.000123067
16100 0.0125907 0.0124957 9.50117e-05 0 0.992454 164.752 157.569 7.18329 0 -30.7823 -34.3711 128 16453.9 355.283 126 9.91722e-05
16200 0.0101841 0.0101581 2.60256e-05 0 0.997444 165.778 158.585 7.19338 0 -30.8112 -35.4423 128 16581.9 356.662 127 7.99851e-05
16300 0.00885034 0.00879433 5.60103e-05 0 0.993671 166.663 159.464 7.19862 0 -30.8343 -35.1684 128 16709.9 358.036 128 6.87057e-05
16400 0.00889455 0.00864144 0.000253107 0 0.971544 167.536 160.328 7.20725 0 -30.851 -34.036 128 16837.9 359.405 129 6.69879e-05
16500 0.00848765 0.00839771 8.99418e-05 0 0.989403 168.392 161.168 7.22414 0 -30.8697 -34.5388 128 16837.9 359.405 129 6.50985e-05
16600 0.00768748 0.00765283 3.46562e-05 0 0.995492 169.168 161.934 7.23462 0 -30.8912 -35.5534 128 16965.9 360.768 130 5.88679e-05
16700 0.00712533 0.00706504 6.02978e-05 0 0.991538 169.885 162.64 7.24529 0 -30.9087 -35.0425 128 17093.9 362.127 131 5.39316e-05
16800 0.0108577 0.0104762 0.000381489 0 0.964865 170.959 163.688 7.27136 0 -30.9112 -31.2991 128 17221.9 363.48 132 7.93649e-05
16900 0.0120278 0.0112474 0.000780368 0 0.93512 172.116 164.812 7.30369 0 -30.9109 -30.8646 128 17349.9 364.828 133 8.4567e-05
17000 0.0138272 0.0136688 0.000158433 0 0.988542 173.52 166.179 7.3409 0 -30.9309 -33.3865 128 17349.9 364.828 133 0.000102773
17100 0.0111067 0.0109808 0.000125929 0 0.988662 174.647 167.277 7.36924 0 -30.9429 -32.7846 128 17477.9 366.171 134 8.19459e-05
17200 0.0149593 0.0148925 6.68289e-05 0 0.995533 176.167 168.767 7.4003 0 -30.9817 -35.4433 128 17605.9 367.51 135 0.000110315
17300 0.0124184 0.0120886 0.000329818 0 0.973441 177.382 169.975 7.40692 0 -31.0016 -33.8787 128 17733.9 368.843 136 8.88869e-05
17400 0.0110723 0.0108702 0.000202143 0 0.981743 178.494 171.062 7.43161 0 -31.0144 -33.0566 128 17733.9 368.843 136 7.99279e-05
17500 0.0265725 0.0256038 0.000968712 0 0.963545 181.167 173.623 7.54408 0 -30.9611 -27.403 128 17861.9 370.172 137 0.000186889
17600 0.0162777 0.015627 0.000650779 0 0.96002 182.815 175.186 7.62912 0 -30.9549 -30.2712 128 17989.9 371.496 138 0.000113239
17700 0.0122039 0.0115252 0.000678683 0 0.944388 184.043 176.338 7.70457 0 -30.9497 -30.1801 128 18117.9 372.815 139 8.29149e-05
17800 0.0100423 0.0096298 0.000412517 0 0.958922 185.048 177.301 7.74745 0 -30.9523 -31.4349 128 18245.9 374.13 140 6.87843e-05
17900 0.00845834 0.00832171 0.000136633 0 0.983846 185.914 178.133 7.78037 0 -30.9614 -32.895 128 18245.9 374.13 140 5.94408e-05
18000 0.00897659 0.00876828 0.000208316 0 0.976793 186.816 179.01 7.80645 0 -30.9684 -32.4108 128 18373.9 375.44 141 6.21864e-05
18100 0.0080042 0.00781261 0.000191593 0 0.976063 187.619 179.791 7.82814 0 -30.9764 -32.8514 128 18501.9 376.745 142 5.50184e-05
18200 0.00775645 0.0075592 0.000197248 0 0.97457 188.386 180.547 7.83902 0 -30.9841 -32.8605 128 18629.9 378.046 143 5.28615e-05
18300 0.00708515 0.00705317 3.19811e-05 0 0.995486 189.102 181.253 7.84918 0 -30.9952 -33.9249 128 18629.9 378.046 143 4.93229e-05
18400 0.0115159 0.01137 0.000145924 0 0.987328 190.259 182.39 7.86958 0 -31.0201 -35.0869 128 18757.9 379.343 144 7.89584e-05
18500 0.00863132 0.00851171 0.000119611 0 0.986142 191.125 183.241 7.88391 0 -31.0383 -35.0308 128 18885.9 380.635 145 5.87014e-05
18600 0.00809552 0.00798304 0.000112483 0 0.986105 191.937 184.039 7.89779 0 -31.0532 -34.5525 128 19013.9 381.923 146 5.46783e-05
18700 0.00823687 0.00740938 0.000827495 0 0.899538 192.694 184.78 7.91422 0 -31.0589 -32.5146 128 19141.9 383.206 147 5.04039e-05
18800 0.0072789 0.00694674 0.000332163 0 0.954366 193.438 185.475 7.96355 0 -31.0723 -34.5389 128 19141.9 383.206 147 4.72567e-05
18900 0.006404 0.00627398 0.000130011 0 0.979698 194.087 186.102 7.98472 0 -31.0862 -35.2436 128 19269.9 384.485 148 4.23918e-05
19000 0.00659149 0.0063489 0.000242589 0 0.963197 194.737 186.737 7.99991 0 -31.0974 -34.4216 128 19397.9 385.76 149 4.26101e-05
19100 0.00670642 0.00647339 0.000233037 0 0.965252 195.405 187.384 8.02065 0 -31.11 -34.7811 128 19525.9 387.031 150 4.31559e-05
19200 0.00612699 0.00596651 0.000160483 0 0.973807 196.021 187.981 8.03979 0 -31.1239 -35.5425 128 19653.9 388.297 151 3.95133e-05
19300 0.00847965 0.00820471 0.000274934 0 0.967577 196.873 188.801 8.07145 0 -31.1299 -32.5123 128 19653.9 388.297 151 5.43359e-05
19400 0.00854813 0.00821696 0.000331169 0 0.961258 197.737 189.623 8.11388 0 -31.1289 -30.8985 128 19781.9 389.56 152 5.40589e-05
19500 0.00964123 0.00925147 0.000389755 0 0.959574 198.697 190.548 8.14841 0 -31.1378 -32.9837 128 19909.9 390.818 153 6.04671e-05
19600 0.00864792 0.00819551 0.000452406 0 0.947686 199.553 191.368 8.18493 0 -31.1455 -32.923 128 20037.9 392.072 154 5.32176e-05
19700 0.00782413 0.00758053 0.000243591 0 0.968867 200.348 192.126 8.22209 0 -31.1559 -33.7758 128 20037.9 392.072 154 4.92243e-05
19800 0.00714084 0.00695091 0.000189931 0 0.973402 201.069 192.821 8.24835 0 -31.1678 -34.4556 128 20165.9 393.322 155 4.48446e-05
19900 0.0064757 0.00640209 7.36122e-05 0 0.988633 201.728 193.461 8.26672 0 -31.1777 -34.2106 128 20293.9 394.569 156 4.1039e-05
20000 0.00629984 0.00613829 0.000161549 0 0.974357 202.353 194.075 8.27842 0 -31.1853 -33.632 128 20421.9 395.811 157 3.90974e-05
