100 0.00541404 0.00518831 0.00022573 0 0.958307 0.564869 0.518831 0.0460378 0 -23.0382 -23.0382 128 453.882 59.0081 1 0.00518831
200 0.00180308 0.00177381 2.92724e-05 0 0.983765 0.753362 0.696213 0.0571491 0 -23.6466 -25.4699 128 581.882 66.8124 2 0.000886906
300 0.00153209 0.00143529 9.6801e-05 0 0.936818 0.90488 0.839742 0.0651378 0 -23.8287 -24.734 128 709.882 73.796 3 0.000478431
400 0.00136446 0.00123251 0.000131945 0 0.903299 1.03583 0.962993 0.0728381 0 -23.9435 -24.7367 128 837.882 80.1736 4 0.000308128
500 0.000981649 0.000959595 2.20547e-05 0 0.977533 1.1369 1.05895 0.0779496 0 -24.2422 -27.3039 128 837.882 80.1736 4 0.000239899
600 0.00113639 0.00110878 2.76098e-05 0 0.975704 1.25346 1.16983 0.08363 0 -24.7331 -29.5207 128 965.882 86.08 5 0.000221757
700 0.00149302 0.00131806 0.000174953 0 0.882819 1.40127 1.30164 0.0996297 0 -24.923 -26.5336 128 1093.88 91.6063 6 0.000219677
800 0.0185115 0.0167734 0.00173806 0 0.906109 3.14264 2.97898 0.163663 0 -28.3989 -31.1959 128 1221.88 96.8177 7 0.0023962
900 0.0212458 0.0187946 0.00245118 0 0.884627 5.20281 4.85844 0.344375 0 -29.3917 -30.9061 128 1349.88 101.763 8 0.00234932
1000 0.0176653 0.0161221 0.00154321 0 0.912642 7.02135 6.47065 0.550701 0 -30.1125 -32.1747 128 1349.88 101.763 8 0.00201526
1100 0.0195095 0.0178309 0.0016786 0 0.91396 8.99476 8.25374 0.741023 0 -29.9686 -29.4568 128 1477.88 106.478 9 0.00198122
1200 0.0133839 0.0119012 0.00148269 0 0.889218 10.3456 9.44386 0.901737 0 -29.9594 -29.8976 128 1605.88 110.993 10 0.00119012
1300 0.011415 0.0102371 0.00117791 0 0.896811 11.504 10.4676 1.03648 0 -29.9937 -30.3003 128 1733.88 115.332 11 0.000930647
1400 0.00922948 0.00835164 0.000877838 0 0.904888 12.4328 11.3027 1.13009 0 -30.1005 -31.4234 128 1733.88 115.332 11 0.00075924
1500 0.00820005 0.00757896 0.000621097 0 0.924257 13.2759 12.0606 1.21532 0 -30.2439 -32.3591 128 1861.88 119.513 12 0.00063158
1600 0.00777819 0.00717703 0.00060116 0 0.922712 14.0602 12.7783 1.2819 0 -30.3841 -32.7561 128 1989.88 123.553 13 0.000552079
1700 0.0069047 0.00644889 0.000455816 0 0.933985 14.7591 13.4232 1.33591 0 -30.5179 -33.211 128 2117.88 127.465 14 0.000460635
1800 0.00619123 0.00581874 0.000372491 0 0.939836 15.3754 14.0051 1.37028 0 -30.6452 -33.6927 128 2245.88 131.26 15 0.000387916
1900 0.00531392 0.00526392 4.99962e-05 0 0.990591 15.9211 14.5315 1.3896 0 -30.8176 -35.6743 128 2245.88 131.26 15 0.000350928
2000 0.00546743 0.00544397 2.34579e-05 0 0.99571 16.4731 15.0759 1.39725 0 -30.9396 -34.4598 128 2373.88 134.949 16 0.000340248
2100 0.00467523 0.00466264 1.25831e-05 0 0.997309 16.9424 15.5422 1.40028 0 -31.0608 -35.3149 128 2501.88 138.539 17 0.000274273
2200 0.00449543 0.00443742 5.80043e-05 0 0.987097 17.3887 15.9859 1.40278 0 -31.1709 -35.3502 128 2629.88 142.039 18 0.000246523
2300 0.00420927 0.00417174 3.75291e-05 0 0.991084 17.8107 16.4031 1.4076 0 -31.2823 -35.872 128 2629.88 142.039 18 0.000231763
2400 0.00773604 0.00764399 9.20541e-05 0 0.988101 18.6011 17.1675 1.43365 0 -31.4711 -35.725 128 2757.88 145.455 19 0.000402315
2500 0.014906 0.0141577 0.000748341 0 0.949796 20.0954 18.5832 1.51222 0 -31.0816 -26.2342 128 2885.88 148.792 20 0.000707884
2600 0.00848663 0.00828713 0.000199504 0 0.976492 20.9649 19.4119 1.55296 0 -31.012 -29.4018 128 3013.88 152.056 21 0.000394625
2700 0.0066827 0.00658589 9.68034e-05 0 0.985514 21.6309 20.0705 1.56041 0 -31.0194 -31.2533 128 3141.88 155.251 22 0.000299359
2800 0.00601849 0.00596706 5.143e-05 0 0.991455 22.2341 20.6672 1.56681 0 -31.0548 -32.3243 128 3141.88 155.251 22 0.00027123
2900 0.0264957 0.0255759 0.000919758 0 0.965286 24.966 23.2248 1.74116 0 -30.4681 -25.6934 128 3269.88 158.382 23 0.001112
3000 0.0240865 0.0232298 0.000856614 0 0.964436 27.4044 25.5478 1.85659 0 -30.2057 -27.5188 128 3397.88 161.452 24 0.00096791
3100 0.0233435 0.0222912 0.00105224 0 0.954923 29.7158 27.7769 1.93883 0 -30.097 -28.808 128 3525.88 164.465 25 0.000891649
3200 0.0168285 0.016521 0.00030748 0 0.981729 31.4358 29.429 2.0068 0 -30.1289 -30.68 128 3653.88 167.424 26 0.000635424
3300 0.0120168 0.0118618 0.000154988 0 0.987102 32.6546 30.6152 2.03937 0 -30.1735 -31.3246 128 3653.88 167.424 26 0.000456223
3400 0.0119159 0.0116568 0.00025909 0 0.978257 33.8491 31.7809 2.06821 0 -30.2317 -31.822 128 3781.88 170.331 27 0.000431732
3500 0.00986808 0.00980617 6.19047e-05 0 0.993727 34.8495 32.7615 2.08802 0 -30.3071 -32.8604 128 3909.88 173.19 28 0.00035022
3600 0.00927081 0.00904093 0.000229877 0 0.975204 35.7632 33.6656 2.0976 0 -30.3519 -32.0577 128 4037.88 176.002 29 0.000311756
3700 0.00810851 0.00810851 0 0 1 36.5787 34.4765 2.1022 0 -30.4162 -33.2383 128 4037.88 176.002 29 0.000279604
3800 0.0190883 0.0186501 0.000438229 0 0.977042 38.5185 36.3415 2.17704 0 -30.324 -28.5857 128 4165.88 178.77 30 0.00062167
3900 0.0122739 0.0118356 0.000438229 0 0.964296 39.7623 37.525 2.23727 0 -30.3616 -31.5243 128 4293.88 181.495 31 0.000381794
4000 0.0122439 0.011566 0.000677983 0 0.944627 40.9698 38.6816 2.28814 0 -30.3068 -28.5044 128 4421.88 184.18 32 0.000361436
4100 0.0107066 0.0100201 0.000686548 0 0.935876 42.0187 39.6836 2.33507 0 -30.2637 -28.578 128 4549.88 186.827 33 0.000303638
4200 0.00869421 0.0082798 0.000414409 0 0.952335 42.8933 40.5116 2.38173 0 -30.2677 -30.4625 128 4549.88 186.827 33 0.000250903
4300 0.00795517 0.00771633 0.000238838 0 0.969977 43.6947 41.2832 2.41149 0 -30.2842 -31.1643 128 4677.88 189.437 34 0.000226951
4400 0.00707445 0.00689576 0.000178691 0 0.974741 44.4082 41.9728 2.4354 0 -30.3077 -31.7502 128 4805.88 192.011 35 0.000197022
4500 0.00623342 0.00607032 0.000163103 0 0.973834 45.031 42.5799 2.45116 0 -30.3353 -32.3008 128 4933.88 194.551 36 0.00016862
4600 0.00529849 0.00529849 0 0 1 45.5689 43.1097 2.45922 0 -30.375 -33.6977 128 4933.88 194.551 36 0.00014718
4700 0.00676539 0.00670706 5.83284e-05 0 0.991378 46.26 43.7804 2.47956 0 -30.3818 -30.8318 128 5061.88 197.059 37 0.000181272
4800 0.00931864 0.00907693 0.000241711 0 0.974062 47.2069 44.6881 2.51884 0 -30.3856 -30.569 128 5189.88 199.535 38 0.000238867
4900 0.00714148 0.00706875 7.27372e-05 0 0.989815 47.9339 45.395 2.53891 0 -30.4047 -31.6485 128 5317.88 201.98 39 0.00018125
5000 0.00581753 0.00573727 8.0258e-05 0 0.986204 48.5104 45.9687 2.54174 0 -30.4317 -32.673 128 5445.88 204.397 40 0.000143432
5100 0.00527788 0.00523507 4.28117e-05 0 0.991888 49.0389 46.4922 2.5467 0 -30.4618 -33.2236 128 5445.88 204.397 40 0.000130877
5200 0.00513734 0.0050715 6.58392e-05 0 0.987184 49.5537 46.9994 2.55437 0 -30.4862 -32.8149 128 5573.88 206.785 41 0.000123695
5300 0.00521718 0.00511687 0.000100304 0 0.980774 50.0768 47.511 2.56576 0 -30.5142 -33.163 128 5701.88 209.146 42 0.00012183
5400 0.00444912 0.00438943 5.96916e-05 0 0.986584 50.5247 47.95 2.57472 0 -30.5449 -33.978 128 5829.88 211.48 43 0.00010208
5500 0.00393185 0.00388075 5.11009e-05 0 0.987003 50.9187 48.3381 2.58059 0 -30.5757 -34.5275 128 5829.88 211.48 43 9.025e-05
5600 0.0044578 0.0043412 0.000116603 0 0.973843 51.3677 48.7722 2.59556 0 -30.6019 -33.569 128 5957.88 213.789 44 9.86636e-05
5700 0.00390838 0.00381913 8.92523e-05 0 0.977164 51.7613 49.1541 2.60717 0 -30.6292 -34.1958 128 6085.88 216.074 45 8.48695e-05
5800 0.0108476 0.0102104 0.000637244 0 0.941255 52.826 50.1751 2.65083 0 -30.682 -33.2508 128 6213.88 218.334 46 0.000221965
5900 0.00753557 0.00722561 0.000309959 0 0.958867 53.6 50.8977 2.70227 0 -30.7276 -33.8403 128 6341.88 220.571 47 0.000153736
6000 0.00509432 0.00478436 0.000309959 0 0.939156 54.1094 51.3761 2.73327 0 -30.7572 -33.8716 128 6341.88 220.571 47 0.000101795
6100 0.00732276 0.00701807 0.000304692 0 0.958391 54.8647 52.0779 2.78675 0 -30.8018 -33.9974 128 6469.88 222.786 48 0.00014621
6200 0.0100069 0.00948668 0.000520235 0 0.948012 55.8807 53.0266 2.85405 0 -30.8145 -31.4972 128 6597.88 224.979 49 0.000193606
6300 0.00744935 0.00701637 0.000432982 0 0.941877 56.6342 53.7282 2.90594 0 -30.8328 -32.1956 128 6725.88 227.151 50 0.000140327
6400 0.0054905 0.00525823 0.000232272 0 0.957696 57.1874 54.2541 2.93328 0 -30.8622 -33.8649 128 6853.88 229.302 51 0.000103103
6500 0.00790955 0.00768086 0.000228695 0 0.971086 57.9893 55.0222 2.96716 0 -30.8786 -32.0466 128 6853.88 229.302 51 0.000150605
6600 0.00603793 0.00591229 0.000125641 0 0.979191 58.6048 55.6134 2.99137 0 -30.9114 -34.0018 128 6981.88 231.434 52 0.000113698
6700 0.00523391 0.00509071 0.0001432 0 0.97264 59.1292 56.1225 3.00673 0 -30.9356 -33.6479 128 7109.88 233.545 53 9.60512e-05
6800 0.00533537 0.00504113 0.000294244 0 0.94485 59.6455 56.6266 3.01894 0 -30.9443 -31.9422 128 7237.88 235.638 54 9.33542e-05
6900 0.00511675 0.00502051 9.62425e-05 0 0.981191 60.1683 57.1286 3.03967 0 -30.959 -32.6291 128 7237.88 235.638 54 9.29724e-05
7000 0.00669852 0.00658783 0.000110684 0 0.983476 60.8548 57.7874 3.06736 0 -30.9877 -33.5068 128 7365.88 237.713 55 0.000119779
7100 0.0065912 0.0065026 8.86027e-05 0 0.986557 61.5243 58.4377 3.08662 0 -31.0357 -35.4015 128 7493.88 239.769 56 0.000116118
7200 0.00590527 0.00576391 0.000141366 0 0.976061 62.1094 59.0141 3.09534 0 -31.0662 -34.2665 128 7621.88 241.808 57 0.000101121
7300 0.00757422 0.00637775 0.00119647 0 0.842034 62.759 59.6518 3.10715 0 -31.0371 -28.2589 128 7749.88 243.83 58 0.000109961
7400 0.0109079 0.0103844 0.000523533 0 0.952004 63.8611 60.6903 3.17079 0 -30.9958 -28.6415 128 7749.88 243.83 58 0.000179041
7500 0.0111707 0.0104168 0.000753956 0 0.932506 65.0067 61.7319 3.27475 0 -30.9868 -30.485 128 7877.88 245.836 59 0.000176555
7600 0.00794962 0.00740222 0.000547404 0 0.931141 65.8106 62.4722 3.33839 0 -30.9735 -29.8972 128 8005.88 247.825 60 0.00012337
7700 0.00898923 0.00827125 0.000717985 0 0.920128 66.6867 63.2993 3.38746 0 -30.9282 -27.5305 128 8133.88 249.798 61 0.000135594
7800 0.00790752 0.00742868 0.000478834 0 0.939446 67.4875 64.0422 3.44532 0 -30.8942 -28.0574 128 8133.88 249.798 61 0.000121782
7900 0.00637223 0.00599636 0.000375874 0 0.941014 68.1351 64.6418 3.49336 0 -30.8878 -30.2239 128 8261.88 251.756 62 9.67155e-05
8000 0.0119549 0.011376 0.000578874 0 0.951578 69.3422 65.7794 3.56278 0 -30.9236 -32.947 128 8389.88 253.699 63 0.000180571
8100 0.00709063 0.0069142 0.000176429 0 0.975118 70.0663 66.4708 3.59551 0 -30.9544 -33.8951 128 8517.88 255.626 64 0.000108034
8200 0.00553796 0.00524092 0.000297043 0 0.946362 70.6093 66.9949 3.61435 0 -30.9704 -33.0462 128 8645.88 257.54 65 8.06296e-05
8300 0.0047443 0.00455176 0.000192543 0 0.959416 71.0868 67.4501 3.63672 0 -30.9869 -33.4214 128 8645.88 257.54 65 7.0027e-05
8400 0.00622589 0.00598115 0.000244739 0 0.96069 71.7164 68.0482 3.6682 0 -30.978 -29.9702 128 8773.88 259.439 66 9.06235e-05
8500 0.0057198 0.00552045 0.000199349 0 0.965148 72.2898 68.6002 3.68952 0 -30.9927 -32.8297 128 8901.88 261.325 67 8.23948e-05
8600 0.00444177 0.00438447 5.72944e-05 0 0.987101 72.7387 69.0387 3.70006 0 -31.0129 -34.2686 128 9029.88 263.197 68 6.44775e-05
8700 0.00363009 0.00363009 0 0 1 73.1066 69.4017 3.70492 0 -31.032 -34.8167 128 9029.88 263.197 68 5.33837e-05
8800 0.00870202 0.00870202 0 0 1 74.0079 70.2719 3.73597 0 -31.0849 -35.3703 128 9157.88 265.056 69 0.000126116
8900 0.00491291 0.00486059 5.2315e-05 0 0.989352 74.4985 70.758 3.74051 0 -31.1067 -34.3955 128 9285.88 266.902 70 6.9437e-05
9000 0.00424287 0.00414592 9.6955e-05 0 0.977149 74.9206 71.1725 3.748 0 -31.1202 -33.5076 128 9413.88 268.735 71 5.83932e-05
9100 0.00403741 0.00386408 0.000173338 0 0.957067 75.3147 71.559 3.75573 0 -31.1275 -32.5195 128 9541.88 270.556 72 5.36677e-05
9200 0.00368764 0.00368764 0 0 1 75.6887 71.9277 3.76097 0 -31.1418 -34.0177 128 9541.88 270.556 72 5.12172e-05
9300 0.00393536 0.00390004 3.53211e-05 0 0.991025 76.0898 72.3177 3.77204 0 -31.1634 -35.2384 128 9669.88 272.365 73 5.34252e-05
9400 0.0054516 0.00527664 0.000174965 0 0.967906 76.6319 72.8454 3.78651 0 -31.1753 -32.8455 128 9797.88 274.161 74 7.13059e-05
9500 0.00546205 0.00523961 0.00022244 0 0.959275 77.1842 73.3693 3.81486 0 -31.1868 -32.7871 128 9925.88 275.946 75 6.98614e-05
9600 0.00416352 0.00409571 6.78155e-05 0 0.983712 77.6067 73.7789 3.82782 0 -31.206 -34.7005 128 10053.9 277.72 76 5.38909e-05
9700 0.0047273 0.0046153 0.000111997 0 0.976308 78.0816 74.2405 3.8411 0 -31.2177 -33.1336 128 10053.9 277.72 76 6.07277e-05
9800 0.00416014 0.0040815 7.86422e-05 0 0.981096 78.501 74.6486 3.85242 0 -31.2273 -33.0133 128 10181.9 279.482 77 5.30065e-05
9900 0.00425457 0.00415376 0.000100806 0 0.976306 78.9272 75.064 3.86326 0 -31.2372 -33.0616 128 10309.9 281.233 78 5.32534e-05
10000 0.00413456 0.00397953 0.000155023 0 0.962506 79.3346 75.4619 3.87264 0 -31.2418 -32.1478 128 10437.9 282.974 79 5.03738e-05
10100 0.00361708 0.00355612 6.09594e-05 0 0.983147 79.6998 75.8175 3.88228 0 -31.2496 -32.927 128 10437.9 282.974 79 4.50142e-05
10200 0.00398568 0.00392317 6.25072e-05 0 0.984317 80.1031 76.2099 3.8932 0 -31.2613 -33.5753 128 10565.9 284.704 80 4.90397e-05
10300 0.00431116 0.00429604 1.51265e-05 0 0.996491 80.5441 76.6395 3.90463 0 -31.2836 -35.3465 128 10693.9 286.423 81 5.30375e-05
10400 0.00459942 0.00442665 0.000172773 0 0.962436 80.9974 77.0821 3.91532 0 -31.2778 -30.2396 128 10821.9 288.132 82 5.39835e-05
10500 0.00515733 0.0046401 0.000517233 0 0.899709 81.4803 77.5461 3.9342 0 -31.2657 -29.2373 128 10949.9 289.831 83 5.59048e-05
10600 0.00651541 0.00626826 0.000247145 0 0.962068 82.1408 78.173 3.96786 0 -31.2769 -32.6605 128 10949.9 289.831 83 7.55213e-05
10700 0.00478025 0.00463384 0.000146409 0 0.969372 82.6285 78.6363 3.99214 0 -31.2866 -32.9077 128 11077.9 291.52 84 5.51648e-05
10800 0.00394038 0.00383612 0.000104267 0 0.973539 83.0281 79.02 4.00816 0 -31.2986 -33.799 128 11205.9 293.199 85 4.51308e-05
10900 0.00719725 0.00661308 0.000584166 0 0.918835 83.7139 79.6813 4.03262 0 -31.2692 -27.7002 128 11333.9 294.869 86 7.68963e-05
11000 0.00797553 0.00777046 0.000205072 0 0.974287 84.533 80.4583 4.07467 0 -31.2469 -28.9684 128 11333.9 294.869 86 9.03542e-05
11100 0.0277705 0.0267016 0.00106896 0 0.961507 87.3287 83.1285 4.20019 0 -31.0862 -26.2295 128 11461.9 296.53 87 0.000306914
11200 0.0143737 0.0137849 0.000588788 0 0.959037 88.7914 84.507 4.28441 0 -31.0293 -27.6264 128 11589.9 298.181 88 0.000156647
11300 0.0119152 0.0112183 0.000696913 0 0.941511 89.9786 85.6288 4.34981 0 -30.9801 -27.3036 128 11717.9 299.823 89 0.000126048
11400 0.00986803 0.00942379 0.000444244 0 0.954981 90.9728 86.5712 4.4016 0 -30.9505 -28.2758 128 11845.9 301.456 90 0.000104709
11500 0.00851942 0.00817073 0.000348696 0 0.959071 91.827 87.3882 4.43879 0 -30.9344 -29.2128 128 11845.9 301.456 90 9.07859e-05
11600 0.00753206 0.00719384 0.00033822 0 0.955096 92.5814 88.1076 4.47376 0 -30.9262 -29.9269 128 11973.9 303.08 91 7.90532e-05
11700 0.007061 0.00691015 0.000150841 0 0.978637 93.2912 88.7986 4.49255 0 -30.928 -31.1674 128 12101.9 304.696 92 7.51104e-05
11800 0.00711953 0.00670008 0.000419449 0 0.941085 93.9843 89.4687 4.5156 0 -30.9198 -29.8125 128 12229.9 306.303 93 7.20439e-05
11900 0.00649812 0.00630219 0.00019593 0 0.969848 94.6437 90.0989 4.54488 0 -30.9193 -30.8564 128 12229.9 306.303 93 6.77655e-05
12000 0.00642884 0.006356 7.28468e-05 0 0.988669 95.2976 90.7345 4.56309 0 -30.9199 -31.0006 128 12357.9 307.902 94 6.7617e-05
12100 0.00626059 0.00615569 0.000104891 0 0.983246 95.927 91.35 4.57692 0 -30.9183 -30.6847 128 12485.9 309.492 95 6.47968e-05
12200 0.00680773 0.00672628 8.14487e-05 0 0.988036 96.6168 92.0227 4.59416 0 -30.9352 -33.2788 128 12613.9 311.075 96 7.00654e-05
12300 0.00761263 0.00700432 0.000608315 0 0.920091 97.3325 92.7231 4.60939 0 -30.9162 -28.3575 128 12741.9 312.649 97 7.22095e-05
12400 0.00856048 0.00821579 0.000344692 0 0.959734 98.1989 93.5447 4.65418 0 -30.8901 -27.9507 128 12741.9 312.649 97 8.46988e-05
12500 0.00647451 0.00624767 0.000226835 0 0.964965 98.8524 94.1694 4.683 0 -30.8831 -29.835 128 12869.9 314.215 98 6.37518e-05
12600 0.00746906 0.00727239 0.000196667 0 0.973669 99.6105 94.8967 4.7138 0 -30.8735 -29.6229 128 12997.9 315.774 99 7.34585e-05
12700 0.00717851 0.00693681 0.0002417 0 0.96633 100.326 95.5904 4.73559 0 -30.8741 -30.949 128 13125.9 317.325 100 6.93681e-05
12800 0.00577716 0.00571324 6.3923e-05 0 0.988935 100.91 96.1617 4.74839 0 -30.8819 -32.2299 128 13253.9 318.868 101 5.65667e-05
12900 0.00501977 0.00497431 4.54652e-05 0 0.990943 101.415 96.6591 4.75613 0 -30.892 -32.9152 128 13253.9 318.868 101 4.92506e-05
13000 0.00554537 0.0053857 0.00015967 0 0.971207 101.97 97.1977 4.77193 0 -30.8998 -32.3208 128 13381.9 320.405 102 5.28009e-05
13100 0.00480753 0.00470037 0.00010716 0 0.97771 102.455 97.6677 4.78765 0 -30.9084 -32.7169 128 13509.9 321.933 103 4.56346e-05
13200 0.00622629 0.00592415 0.000302143 0 0.951473 103.065 98.2601 4.8052 0 -30.9018 -29.7885 128 13637.9 323.455 104 5.6963e-05
13300 0.0061322 0.00598105 0.000151149 0 0.975352 103.686 98.8582 4.8282 0 -30.8986 -30.3714 128 13637.9 323.455 104 5.75101e-05
13400 0.0128394 0.0121337 0.000705752 0 0.945032 104.995 100.072 4.92316 0 -30.9255 -33.0533 128 13765.9 324.969 105 0.000115559
13500 0.00805844 0.00750513 0.000553308 0 0.931338 105.808 100.822 4.98604 0 -30.9359 -32.2803 128 13893.9 326.476 106 7.08031e-05
13600 0.00731438 0.00698633 0.000328052 0 0.95515 106.553 101.521 5.03213 0 -30.9462 -32.4087 128 14021.9 327.977 107 6.52928e-05
13700 0.00736439 0.00680147 0.00056292 0 0.923562 107.258 102.201 5.05724 0 -30.9466 -31.0061 128 14149.9 329.47 108 6.29766e-05
13800 0.00888257 0.00876592 0.000116655 0 0.986867 108.157 103.077 5.07957 0 -30.9513 -31.5118 128 14149.9 329.47 108 8.11659e-05
13900 0.00739718 0.00723501 0.000162166 0 0.978077 108.899 103.801 5.09809 0 -30.9595 -32.1546 128 14277.9 330.957 109 6.63762e-05
14000 0.00645567 0.00631173 0.000143935 0 0.977704 109.548 104.432 5.11591 0 -30.9684 -32.4715 128 14405.9 332.437 110 5.73794e-05
14100 0.00577312 0.00557218 0.000200943 0 0.965193 110.117 104.989 5.12788 0 -30.9782 -32.8534 128 14533.9 333.911 111 5.01998e-05
14200 0.00489711 0.00487902 1.80934e-05 0 0.996305 110.611 105.477 5.13398 0 -30.9939 -34.5088 128 14533.9 333.911 111 4.39551e-05
14300 0.00677417 0.00654539 0.000228783 0 0.966227 111.306 106.132 5.17376 0 -30.9939 -30.9822 128 14661.9 335.378 112 5.8441e-05
14400 0.00565153 0.00542861 0.000222915 0 0.960557 111.878 106.675 5.20363 0 -30.995 -31.226 128 14789.9 336.839 113 4.80408e-05
14500 0.00911964 0.00830298 0.000816658 0 0.910451 112.757 107.505 5.25175 0 -30.9902 -30.3744 128 14917.9 338.293 114 7.28331e-05
14600 0.00806809 0.00736232 0.000705769 0 0.912523 113.539 108.241 5.29731 0 -30.9892 -30.8487 128 15045.9 339.742 115 6.40202e-05
14700 0.00624363 0.00614988 9.37455e-05 0 0.984985 114.183 108.856 5.32697 0 -30.9969 -32.3553 128 15045.9 339.742 115 5.34772e-05
14800 0.0156517 0.0150038 0.000647842 0 0.958609 115.771 110.357 5.41441 0 -31.0063 -31.6769 128 15173.9 341.184 116 0.000129343
14900 0.0109438 0.0105033 0.000440558 0 0.959744 116.884 111.407 5.47674 0 -31.0069 -31.0716 128 15301.9 342.62 117 8.97717e-05
15000 0.00864156 0.00819614 0.00044542 0 0.948456 117.747 112.227 5.52049 0 -31.0117 -31.6575 128 15429.9 344.05 118 6.94588e-05
15100 0.00690115 0.00674761 0.000153542 0 0.977751 118.443 112.901 5.54145 0 -31.0254 -33.3439 128 15429.9 344.05 118 5.71831e-05
15200 0.00894003 0.00858747 0.00035256 0 0.960564 119.339 113.76 5.57909 0 -31.0443 -33.5496 128 15557.9 345.474 119 7.21637e-05
15300 0.020614 0.0195683 0.00104561 0 0.949276 121.388 115.717 5.67125 0 -30.963 -26.2262 128 15685.9 346.892 120 0.00016307
15400 0.016242 0.0151244 0.0011176 0 0.931191 122.999 117.229 5.77009 0 -30.9111 -26.999 128 15813.9 348.305 121 0.000124995
15500 0.0129441 0.0121461 0.000797953 0 0.938354 124.296 118.444 5.85231 0 -30.8787 -27.8122 128 15941.9 349.711 122 9.95585e-05
15600 0.010882 0.0104808 0.000401198 0 0.963132 125.401 119.492 5.9092 0 -30.8605 -28.8098 128 15941.9 349.711 122 8.59079e-05
15700 0.0121407 0.0118075 0.000333244 0 0.972552 126.632 120.673 5.95897 0 -30.8325 -27.9749 128 16069.9 351.113 123 9.59958e-05
15800 0.00990077 0.00961589 0.000284876 0 0.971227 127.622 121.634 5.98767 0 -30.8213 -29.3899 128 16197.9 352.508 124 7.75475e-05
15900 0.00910486 0.00875739 0.000347467 0 0.961837 128.526 122.51 6.01551 0 -30.8132 -29.6678 128 16325.9 353.898 125 7.00592e-05
16000 0.00773721 0.00771027 2.69401e-05 0 0.996518 129.309 123.281 6.02817 0 -30.8161 -31.2952 128 16453.9 355.283 126 6.11926e-05
16100 0.0227714 0.022328 0.000443394 0 0.980528 131.62 125.514 6.10628 0 -30.8562 -33.1014 128 16453.9 355.283 126 0.000177206
16200 0.0123148 0.0118714 0.000443394 0 0.963995 132.855 126.701 6.15416 0 -30.8688 -32.2141 128 16581.9 356.662 127 9.34755e-05
16300 0.00972081 0.00947308 0.00024773 0 0.974516 133.83 127.648 6.18164 0 -30.8839 -32.9343 128 16709.9 358.036 128 7.40084e-05
16400 0.00851129 0.00815517 0.000356122 0 0.958159 134.673 128.464 6.20915 0 -30.8954 -32.7173 128 16837.9 359.405 129 6.32184e-05
16500 0.00737203 0.00726375 0.00010828 0 0.985312 135.414 129.19 6.2234 0 -30.911 -33.7584 128 16837.9 359.405 129 5.63082e-05
16600 0.0114143 0.011306 0.00010828 0 0.990514 136.58 130.321 6.25872 0 -30.9466 -35.0808 128 16965.9 360.768 130 8.69696e-05
16700 0.0127521 0.0122301 0.000521996 0 0.959066 137.867 131.544 6.32301 0 -30.9479 -31.0872 128 17093.9 362.127 131 9.33598e-05
16800 0.00964354 0.0092886 0.000354941 0 0.963194 138.843 132.473 6.37056 0 -30.9551 -31.972 128 17221.9 363.48 132 7.03682e-05
16900 0.00771368 0.00754571 0.000167971 0 0.978224 139.626 133.227 6.3987 0 -30.9672 -33.1141 128 17349.9 364.828 133 5.67346e-05
17000 0.00649664 0.00647772 1.892e-05 0 0.997088 140.286 133.875 6.41142 0 -30.9822 -34.1472 128 17349.9 364.828 133 4.87047e-05
17100 0.00872443 0.00852435 0.000200081 0 0.977067 141.161 134.728 6.43363 0 -31.0003 -33.9027 128 17477.9 366.171 134 6.36145e-05
17200 0.00742754 0.00725935 0.000168192 0 0.977356 141.905 135.453 6.45157 0 -31.0163 -34.0481 128 17605.9 367.51 135 5.3773e-05
17300 0.00656032 0.0063836 0.000176716 0 0.973063 142.556 136.092 6.46416 0 -31.0291 -33.8352 128 17733.9 368.843 136 4.69383e-05
17400 0.00567717 0.00564656 3.06054e-05 0 0.994609 143.129 136.656 6.47241 0 -31.0438 -34.695 128 17733.9 368.843 136 4.15189e-05
17500 0.0116327 0.0114967 0.000135993 0 0.988309 144.323 137.806 6.51711 0 -31.0502 -31.8196 128 17861.9 370.172 137 8.39177e-05
17600 0.00732114 0.00728052 4.06259e-05 0 0.994451 145.062 138.534 6.52817 0 -31.0636 -33.6637 128 17989.9 371.496 138 5.27574e-05
17700 0.00674905 0.00662656 0.000122486 0 0.981851 145.733 139.197 6.53628 0 -31.073 -33.126 128 18117.9 372.815 139 4.76731e-05
17800 0.00567066 0.00559543 7.52359e-05 0 0.986732 146.298 139.756 6.5415 0 -31.0854 -34.2802 128 18245.9 374.13 140 3.99673e-05
17900 0.00508911 0.00506173 2.73814e-05 0 0.99462 146.809 140.263 6.54611 0 -31.0996 -35.1667 128 18245.9 374.13 140 3.61552e-05
18000 0.00541559 0.00539921 1.63812e-05 0 0.996975 147.355 140.802 6.55292 0 -31.1104 -34.0151 128 18373.9 375.44 141 3.82922e-05
18100 0.00568368 0.00556845 0.000115239 0 0.979725 147.922 141.359 6.56268 0 -31.1221 -34.1605 128 18501.9 376.745 142 3.92144e-05
18200 0.00731779 0.00668623 0.000631558 0 0.913696 148.616 142.028 6.58856 0 -31.1186 -30.37 128 18629.9 378.046 143 4.67569e-05
18300 0.00623625 0.00608741 0.000148834 0 0.976134 149.248 142.637 6.61175 0 -31.1248 -32.5817 128 18629.9 378.046 143 4.25693e-05
18400 0.00924836 0.00909982 0.000148536 0 0.983939 150.181 143.547 6.63462 0 -31.1141 -29.4088 128 18757.9 379.343 144 6.31932e-05
18500 0.00586032 0.00577373 8.65879e-05 0 0.985225 150.77 144.124 6.64589 0 -31.1182 -32.1512 128 18885.9 380.635 145 3.98188e-05
18600 0.00888919 0.00839714 0.000492051 0 0.944646 151.643 144.964 6.67941 0 -31.1127 -30.1557 128 19013.9 381.923 146 5.75147e-05
18700 0.0109372 0.00981016 0.001127 0 0.896957 152.673 145.945 6.72793 0 -31.1005 -29.3043 128 19141.9 383.206 147 6.67358e-05
18800 0.0113718 0.0108114 0.000560409 0 0.950719 153.834 147.026 6.80782 0 -31.1014 -31.2214 128 19141.9 383.206 147 7.35467e-05
18900 0.00928671 0.00891081 0.000375894 0 0.959523 154.778 147.917 6.86089 0 -31.1099 -32.4977 128 19269.9 384.485 148 6.02082e-05
19000 0.0235886 0.0217149 0.00187367 0 0.920569 157.122 150.088 7.03307 0 -31.0341 -26.0273 128 19397.9 385.76 149 0.000145738
19100 0.0198901 0.0179146 0.00197554 0 0.900677 159.105 151.88 7.22516 0 -30.9704 -25.9267 128 19525.9 387.031 150 0.000119431
19200 0.0150553 0.0138735 0.00118176 0 0.921506 160.645 153.267 7.37799 0 -30.9333 -27.0984 128 19653.9 388.297 151 9.18777e-05
19300 0.0147238 0.0134086 0.00131517 0 0.910677 162.132 154.608 7.5241 0 -30.9052 -27.8741 128 19653.9 388.297 151 8.87988e-05
19400 0.0109832 0.0103027 0.00068051 0 0.938041 163.244 155.638 7.60542 0 -30.8944 -29.3181 128 19781.9 389.56 152 6.7781e-05
19500 0.00900584 0.00872924 0.000276599 0 0.969287 164.174 156.511 7.663 0 -30.8927 -30.5905 128 19909.9 390.818 153 5.70539e-05
19600 0.00841427 0.00809019 0.000324072 0 0.961485 165.014 157.32 7.69327 0 -30.8919 -30.7369 128 20037.9 392.072 154 5.25337e-05
19700 0.00721785 0.00721785 0 0 1 165.756 158.042 7.71413 0 -30.8981 -32.2843 128 20037.9 392.072 154 4.68691e-05
19800 0.0206853 0.019829 0.000856374 0 0.9586 167.815 160.025 7.78949 0 -30.8903 -30.2608 128 20165.9 393.322 155 0.000127929
19900 0.0248264 0.0238012 0.00102514 0 0.958708 170.298 162.405 7.89274 0 -30.9001 -31.5601 128 20293.9 394.569 156 0.000152572
20000 0.017251 0.0163625 0.000888485 0 0.948497 172.042 164.041 8.00072 0 -30.8996 -30.8504 128 20421.9 395.811 157 0.00010422
