100 0.146862 0.135921 0.0109403 0 0.925506 14.4204 13.5921 0.828254 0 -26.1969 -26.1969 2 427.882 57.293 51 0.00266512
200 0.261172 0.237395 0.0237777 0 0.908958 39.778 37.3316 2.44641 0 -26.3616 -26.4552 2 527.882 63.6368 101 0.00235044
300 0.382427 0.356376 0.0260512 0 0.931879 77.9092 72.9692 4.94009 0 -26.85 -27.3594 2 627.882 69.4031 151 0.0023601
400 0.394109 0.365241 0.0288689 0 0.926749 117.265 109.493 7.7717 0 -26.9482 -27.1428 2 727.882 74.7258 201 0.00181712
500 0.356896 0.333306 0.0235902 0 0.933902 153.257 142.824 10.4331 0 -27.147 -27.7947 2 827.882 79.6937 251 0.00132791
600 0.344802 0.32084 0.0239621 0 0.930505 187.728 174.908 12.8205 0 -27.2124 -27.5033 2 927.882 84.3697 301 0.00106591
700 0.394741 0.372163 0.0225778 0 0.942803 227.431 212.124 15.307 0 -27.3421 -27.9554 2 1027.88 88.7997 351 0.00106029
800 0.38835 0.362987 0.0253636 0 0.934689 266.058 248.423 17.6357 0 -27.4828 -28.3113 2 1127.88 93.019 401 0.000905204
900 0.457732 0.426523 0.031209 0 0.931818 311.372 291.075 20.2973 0 -27.5792 -28.1447 2 1227.88 97.0551 451 0.000945728
1000 0.475794 0.447767 0.0280273 0 0.941094 359.191 335.852 23.3389 0 -27.7061 -28.5328 2 1327.88 100.93 501 0.000893746
1100 0.478908 0.4496 0.0293083 0 0.938802 406.948 380.812 26.1365 0 -27.7939 -28.4544 2 1427.88 104.661 551 0.000815971
1200 0.590202 0.554327 0.0358755 0 0.939215 465.795 436.244 29.551 0 -27.8781 -28.4604 2 1527.88 108.264 601 0.00092234
1300 0.589917 0.555045 0.0348723 0 0.940886 524.953 491.749 33.2038 0 -27.9748 -28.7358 2 1627.88 111.751 651 0.000852603
1400 0.551557 0.517641 0.0339166 0 0.938508 580.149 543.513 36.6357 0 -28.0464 -28.7277 2 1727.88 115.132 701 0.000738432
1500 0.553007 0.521884 0.0311221 0 0.943722 635.639 595.701 39.9372 0 -28.1348 -29.0583 2 1827.88 118.417 751 0.000694919
1600 0.531978 0.504243 0.0277348 0 0.947865 688.942 646.126 42.8168 0 -28.2188 -29.2209 2 1927.88 121.613 801 0.000629517
1700 0.562339 0.534079 0.0282599 0 0.949746 745.257 699.534 45.7232 0 -28.336 -29.7701 2 2027.88 124.727 851 0.00062759
1800 0.6171 0.584243 0.0328569 0 0.946756 806.828 757.958 48.8701 0 -28.3995 -29.1683 2 2127.88 127.766 901 0.000648438
1900 0.563914 0.534186 0.0297289 0 0.947281 863.279 811.376 51.903 0 -28.4542 -29.236 2 2227.88 130.733 951 0.000561709
2000 0.589966 0.554319 0.0356468 0 0.939578 921.802 866.808 54.9934 0 -28.4642 -28.6107 2 2327.88 133.635 1001 0.000553765
2100 0.625239 0.592093 0.0331458 0 0.946987 984.242 926.018 58.2239 0 -28.5446 -29.7316 2 2427.88 136.475 1051 0.000563361
2200 0.611517 0.580701 0.0308157 0 0.949608 1045.43 984.088 61.3462 0 -28.6091 -29.6467 2 2527.88 139.257 1101 0.000527431
2300 0.644642 0.612387 0.032255 0 0.949965 1109.84 1045.33 64.513 0 -28.6658 -29.5858 2 2627.88 141.985 1151 0.000532048
2400 0.664015 0.63223 0.0317846 0 0.952133 1176.32 1108.55 67.77 0 -28.7077 -29.4077 2 2727.88 144.661 1201 0.00052642
2500 0.631131 0.598944 0.0321869 0 0.949001 1239.54 1168.44 71.0944 0 -28.7433 -29.4062 2 2827.88 147.289 1251 0.000478772
2600 0.598967 0.569755 0.0292125 0 0.951228 1299.46 1225.42 74.0438 0 -28.7858 -29.6649 2 2927.88 149.871 1301 0.000437936
2700 0.662982 0.631118 0.0318641 0 0.951938 1365.93 1288.53 77.4001 0 -28.8129 -29.3416 2 3027.88 152.409 1351 0.000467149
2800 0.631065 0.602118 0.0289465 0 0.954131 1429.22 1348.74 80.4746 0 -28.8417 -29.4649 2 3127.88 154.905 1401 0.000429777
2900 0.629848 0.598059 0.0317892 0 0.949529 1492.15 1408.55 83.603 0 -28.8811 -29.7739 2 3227.88 157.362 1451 0.00041217
3000 0.67382 0.640807 0.0330136 0 0.951005 1559.66 1472.63 87.0339 0 -28.9226 -29.8398 2 3327.88 159.781 1501 0.00042692
3100 0.677131 0.645989 0.0311425 0 0.954008 1627.56 1537.23 90.3288 0 -28.9283 -29.0609 2 3427.88 162.163 1551 0.000416498
3200 0.674815 0.645202 0.0296123 0 0.956118 1695.33 1601.75 93.5776 0 -28.9477 -29.412 2 3527.88 164.512 1601 0.000403
3300 0.676401 0.647324 0.0290775 0 0.957011 1762.99 1666.48 96.5132 0 -28.9833 -29.8772 2 3627.88 166.827 1651 0.00039208
3400 0.668102 0.639375 0.0287276 0 0.957001 1829.8 1730.42 99.3807 0 -29.0247 -30.1171 2 3727.88 169.111 1701 0.000375882
3500 0.640651 0.613599 0.0270528 0 0.957773 1894.07 1791.78 102.288 0 -29.068 -30.2996 2 3827.88 171.364 1751 0.000350428
3600 0.698669 0.664252 0.0344169 0 0.950739 1963.65 1858.2 105.444 0 -29.1032 -30.0619 2 3927.88 173.588 1801 0.000368824
3700 0.701563 0.669409 0.0321544 0 0.954167 2033.91 1925.14 108.769 0 -29.1432 -30.2603 2 4027.88 175.784 1851 0.000361647
3800 0.681099 0.647014 0.0340844 0 0.949957 2101.81 1989.85 111.967 0 -29.1743 -30.1075 2 4127.88 177.952 1901 0.000340355
3900 0.666193 0.636445 0.0297486 0 0.955345 2168.78 2053.49 115.285 0 -29.2057 -30.1893 2 4227.88 180.095 1951 0.000326215
4000 0.670048 0.63754 0.0325079 0 0.951484 2235.69 2117.24 118.446 0 -29.2288 -29.9793 2 4327.88 182.212 2001 0.000318611
4100 0.639473 0.611925 0.027548 0 0.956921 2299.89 2178.44 121.452 0 -29.2666 -30.5822 2 4427.88 184.305 2051 0.000298354
4200 0.589614 0.564938 0.0246755 0 0.95815 2358.93 2234.93 123.995 0 -29.3036 -30.746 2 4527.88 186.375 2101 0.00026889
4300 0.649923 0.621105 0.0288176 0 0.95566 2423.78 2297.04 126.739 0 -29.3335 -30.4196 2 4627.88 188.422 2151 0.000288752
4400 0.640026 0.614963 0.0250632 0 0.96084 2487.96 2358.54 129.418 0 -29.3729 -30.8601 2 4727.88 190.447 2201 0.000279401
4500 0.653893 0.627495 0.0263975 0 0.95963 2553.25 2421.29 131.96 0 -29.4002 -30.4417 2 4827.88 192.45 2251 0.000278763
4600 0.72084 0.69212 0.0287205 0 0.960157 2625.27 2490.5 134.775 0 -29.4363 -30.717 2 4927.88 194.433 2301 0.000300791
4700 0.752028 0.71889 0.0331387 0 0.955934 2700.35 2562.39 137.958 0 -29.4574 -30.1928 2 5027.88 196.396 2351 0.00030578
4800 0.751615 0.72098 0.0306354 0 0.959241 2775.81 2634.49 141.321 0 -29.4754 -30.1194 2 5127.88 198.339 2401 0.000300283
4900 0.750193 0.720664 0.0295287 0 0.960638 2851.18 2706.55 144.623 0 -29.5015 -30.465 2 5227.88 200.264 2451 0.000294028
5000 0.710478 0.679032 0.0314461 0 0.95574 2922.26 2774.46 147.804 0 -29.5249 -30.461 2 5327.88 202.17 2501 0.000271504
5100 0.710245 0.682722 0.0275227 0 0.961249 2993.68 2842.73 150.951 0 -29.5373 -30.046 2 5427.88 204.059 2551 0.000267629
5200 0.705436 0.679324 0.0261122 0 0.962984 3064.52 2910.66 153.858 0 -29.5575 -30.4097 2 5527.88 205.93 2601 0.000261178
5300 0.664218 0.639861 0.024357 0 0.96333 3130.97 2974.65 156.326 0 -29.5784 -30.5459 2 5627.88 207.784 2651 0.000241366
5400 0.707604 0.681837 0.0257667 0 0.963586 3201.95 3042.83 159.124 0 -29.6048 -30.7681 2 5727.88 209.622 2701 0.000252439
5500 0.688951 0.665185 0.0237659 0 0.965504 3271.12 3109.35 161.77 0 -29.6298 -30.7878 2 5827.88 211.444 2751 0.000241797
5600 0.649826 0.6267 0.0231254 0 0.964413 3336.22 3172.02 164.201 0 -29.6567 -31.0084 2 5927.88 213.25 2801 0.000223742
5700 0.646539 0.62396 0.0225799 0 0.965076 3401.06 3234.41 166.641 0 -29.6938 -31.6006 2 6027.88 215.042 2851 0.000218856
5800 0.680406 0.657154 0.0232526 0 0.965825 3469.3 3300.13 169.17 0 -29.7274 -31.4015 2 6127.88 216.818 2901 0.000226527
5900 0.683332 0.659362 0.0239701 0 0.964922 3537.72 3366.07 171.65 0 -29.7501 -30.9054 2 6227.88 218.58 2951 0.000223437
6000 0.691276 0.665063 0.0262128 0 0.96208 3606.9 3432.57 174.331 0 -29.7685 -30.7047 2 6327.88 220.328 3001 0.000221614
6100 0.719148 0.688571 0.0305769 0 0.957482 3678.65 3501.43 177.217 0 -29.7885 -30.7946 2 6427.88 222.062 3051 0.000225687
6200 0.717794 0.690047 0.0277462 0 0.961345 3750.6 3570.43 180.162 0 -29.8066 -30.7321 2 6527.88 223.783 3101 0.000222524
6300 0.651179 0.626276 0.0249028 0 0.961757 3815.73 3633.06 182.669 0 -29.8263 -30.9641 2 6627.88 225.49 3151 0.000198755
6400 0.708526 0.682097 0.0264286 0 0.962699 3886.59 3701.27 185.321 0 -29.8501 -31.1276 2 6727.88 227.185 3201 0.000213089
6500 0.669071 0.644782 0.0242894 0 0.963697 3953.63 3765.75 187.878 0 -29.8737 -31.246 2 6827.88 228.867 3251 0.000198333
6600 0.678504 0.65453 0.0239733 0 0.964667 4021.58 3831.2 190.377 0 -29.8991 -31.3781 2 6927.88 230.537 3301 0.000198282
6700 0.628186 0.606322 0.0218637 0 0.965195 4084.58 3891.83 192.747 0 -29.924 -31.5087 2 7027.88 232.195 3351 0.000180938
6800 0.68742 0.658183 0.029237 0 0.957468 4153.07 3957.65 195.421 0 -29.9423 -31.035 2 7127.88 233.841 3401 0.000193526
6900 0.671283 0.648564 0.0227189 0 0.966156 4220.51 4022.51 197.997 0 -29.9652 -31.3735 2 7227.88 235.475 3451 0.000187935
7000 0.679077 0.650292 0.0287846 0 0.957612 4287.91 4087.54 200.375 0 -29.9827 -31.0781 2 7327.88 237.099 3501 0.000185745
7100 0.726774 0.699872 0.0269026 0 0.962984 4360.73 4157.53 203.205 0 -30.0003 -31.0399 2 7427.88 238.711 3551 0.000197091
7200 0.699081 0.672543 0.0265376 0 0.962039 4430.77 4224.78 205.987 0 -30.0132 -30.8182 2 7527.88 240.313 3601 0.000186766
7300 0.693269 0.665351 0.027918 0 0.95973 4500.02 4291.32 208.704 0 -30.0215 -30.5473 2 7627.88 241.903 3651 0.000182238
7400 0.711385 0.681471 0.0299143 0 0.957949 4571.01 4359.46 211.55 0 -30.0311 -30.6398 2 7727.88 243.484 3701 0.000184132
7500 0.688397 0.66106 0.0273364 0 0.96029 4639.88 4425.57 214.313 0 -30.0463 -31.0585 2 7827.88 245.054 3751 0.000176236
7600 0.672032 0.6451 0.0269329 0 0.959923 4707.1 4490.08 217.017 0 -30.0645 -31.3229 2 7927.88 246.615 3801 0.000169718
7700 0.688024 0.661047 0.0269764 0 0.960791 4775.95 4556.18 219.771 0 -30.0799 -31.1279 2 8027.88 248.165 3851 0.000171656
7800 0.773686 0.741347 0.0323385 0 0.958202 4853.13 4630.32 222.817 0 -30.0859 -30.4591 2 8127.88 249.706 3901 0.00019004
7900 0.745711 0.717474 0.0282371 0 0.962134 4927.88 4702.07 225.812 0 -30.1028 -31.2022 2 8227.88 251.237 3951 0.000181593
8000 0.765115 0.733422 0.0316928 0 0.958578 5004.34 4775.41 228.931 0 -30.1144 -30.8572 2 8327.88 252.759 4001 0.00018331
8100 0.748743 0.717818 0.0309256 0 0.958697 5079.24 4847.19 232.049 0 -30.1237 -30.7495 2 8427.88 254.272 4051 0.000177195
8200 0.757926 0.7258 0.0321259 0 0.957613 5155.01 4919.77 235.239 0 -30.1354 -30.9204 2 8527.88 255.777 4101 0.000176981
8300 0.809968 0.776126 0.0338423 0 0.958218 5236.02 4997.38 238.635 0 -30.1451 -30.7586 2 8627.88 257.272 4151 0.000186973
8400 0.792546 0.763275 0.0292714 0 0.963067 5315.67 5073.71 241.962 0 -30.1546 -30.7832 2 8727.88 258.758 4201 0.000181689
8500 0.763878 0.734051 0.0298278 0 0.960952 5392.16 5147.11 245.048 0 -30.1695 -31.1994 2 8827.88 260.237 4251 0.000172677
8600 0.753606 0.727644 0.0259621 0 0.965549 5467.81 5219.88 247.928 0 -30.1836 -31.1905 2 8927.88 261.706 4301 0.00016918
8700 0.808868 0.779857 0.0290109 0 0.964134 5548.71 5297.86 250.848 0 -30.1944 -30.9244 2 9027.88 263.168 4351 0.000179236
8800 0.798876 0.76571 0.0331663 0 0.958484 5628.18 5374.44 253.745 0 -30.2007 -30.6414 2 9127.88 264.621 4401 0.000173985
8900 0.772513 0.74297 0.0295421 0 0.961758 5705.48 5448.73 256.746 0 -30.2068 -30.6522 2 9227.88 266.067 4451 0.000166922
9000 0.757145 0.727057 0.0300881 0 0.960261 5781.19 5521.44 259.747 0 -30.2148 -30.8162 2 9327.88 267.505 4501 0.000161532
9100 0.787773 0.756837 0.0309361 0 0.96073 5860.07 5597.12 262.948 0 -30.228 -31.1936 2 9427.88 268.935 4551 0.000166301
9200 0.760677 0.732243 0.0284339 0 0.96262 5936.23 5670.35 265.881 0 -30.2392 -31.1069 2 9527.88 270.357 4601 0.000159149
9300 0.759516 0.729819 0.0296977 0 0.960899 6011.96 5743.33 268.629 0 -30.2507 -31.1478 2 9627.88 271.772 4651 0.000156917
9400 0.772149 0.745874 0.026275 0 0.965972 6089.31 5817.92 271.397 0 -30.2611 -31.07 2 9727.88 273.18 4701 0.000158663
9500 0.743155 0.717665 0.02549 0 0.9657 6163.73 5889.68 274.048 0 -30.2749 -31.4047 2 9827.88 274.581 4751 0.000151056
9600 0.705938 0.681539 0.0243983 0 0.965438 6234.24 5957.84 276.402 0 -30.2893 -31.5429 2 9927.88 275.974 4801 0.000141958
9700 0.794072 0.761866 0.0322058 0 0.959442 6313.17 6034.02 279.151 0 -30.2955 -30.7908 2 10027.9 277.361 4851 0.000157053
9800 0.780196 0.751806 0.0283897 0 0.963612 6391.33 6109.2 282.128 0 -30.3031 -30.9162 2 10127.9 278.74 4901 0.000153399
9900 0.807589 0.780668 0.0269202 0 0.966666 6472.45 6187.27 285.183 0 -30.3148 -31.2335 2 10227.9 280.113 4951 0.000157679
10000 0.80472 0.773692 0.0310279 0 0.961443 6552.87 6264.64 288.229 0 -30.3267 -31.2892 2 10327.9 281.479 5001 0.000154707
10100 0.781408 0.753289 0.0281186 0 0.964016 6631.13 6339.97 291.163 0 -30.3397 -31.4224 2 10427.9 282.838 5051 0.000149137
10200 0.793635 0.765575 0.0280596 0 0.964644 6710.84 6416.53 294.313 0 -30.3559 -31.7028 2 10527.9 284.191 5101 0.000150083
10300 0.758407 0.734688 0.0237188 0 0.968725 6787.07 6489.99 297.072 0 -30.3716 -31.7546 2 10627.9 285.538 5151 0.00014263
10400 0.752255 0.723162 0.0290937 0 0.961325 6861.94 6562.31 299.628 0 -30.3844 -31.5453 2 10727.9 286.878 5201 0.000139043
10500 0.769053 0.743615 0.0254383 0 0.966923 6939 6636.67 302.329 0 -30.4011 -31.887 2 10827.9 288.212 5251 0.000141614
10600 0.775558 0.743749 0.0318096 0 0.958985 7016.29 6711.05 305.247 0 -30.4169 -31.8417 2 10927.9 289.54 5301 0.000140303
10700 0.744462 0.717697 0.0267649 0 0.964048 7090.94 6782.82 308.125 0 -30.4349 -32.1217 2 11027.9 290.861 5351 0.000134124
10800 0.725552 0.703682 0.0218702 0 0.969857 7163.78 6853.18 310.594 0 -30.4568 -32.5906 2 11127.9 292.177 5401 0.000130287
10900 0.734382 0.709249 0.0251329 0 0.965777 7237.08 6924.11 312.97 0 -30.47 -31.7647 2 11227.9 293.487 5451 0.000130114
11000 0.751521 0.726198 0.025323 0 0.966304 7312.26 6996.73 315.532 0 -30.4862 -32.0443 2 11327.9 294.791 5501 0.000132012
11100 0.788147 0.761536 0.0266101 0 0.966237 7391.2 7072.88 318.321 0 -30.5005 -31.8236 2 11427.9 296.089 5551 0.000137189
11200 0.74604 0.720986 0.0250539 0 0.966417 7466.08 7144.98 321.098 0 -30.5138 -31.821 2 11527.9 297.382 5601 0.000128725
11300 0.72019 0.691497 0.0286925 0 0.96016 7537.76 7214.13 323.629 0 -30.5254 -31.7411 2 11627.9 298.669 5651 0.000122367
11400 0.75454 0.729388 0.0251522 0 0.966665 7613.4 7287.07 326.33 0 -30.5373 -31.7193 2 11727.9 299.951 5701 0.00012794
11500 0.724433 0.700564 0.0238685 0 0.967052 7686.01 7357.13 328.885 0 -30.5509 -31.9737 2 11827.9 301.227 5751 0.000121816
11600 0.741406 0.715202 0.0262043 0 0.964656 7760.13 7428.65 331.481 0 -30.5646 -31.9912 2 11927.9 302.497 5801 0.000123289
11700 0.773119 0.745035 0.0280836 0 0.963675 7837.31 7503.15 334.155 0 -30.5716 -31.2727 2 12027.9 303.763 5851 0.000127335
11800 0.779792 0.749769 0.0300225 0 0.961499 7915.24 7578.13 337.11 0 -30.5841 -31.8431 2 12127.9 305.023 5901 0.000127058
11900 0.809504 0.780146 0.0293582 0 0.963733 7996.26 7656.14 340.114 0 -30.5934 -31.5048 2 12227.9 306.278 5951 0.000131095
12000 0.772356 0.746016 0.0263406 0 0.965896 8073.77 7730.74 343.023 0 -30.605 -31.8017 2 12327.9 307.528 6001 0.000124315
12100 0.753113 0.72704 0.0260734 0 0.965379 8149.19 7803.45 345.74 0 -30.615 -31.6821 2 12427.9 308.773 6051 0.000120152
12200 0.78229 0.754043 0.0282469 0 0.963892 8227.26 7878.85 348.41 0 -30.6233 -31.4903 2 12527.9 310.012 6101 0.000123593
12300 0.769842 0.744434 0.025408 0 0.966996 8304.35 7953.3 351.054 0 -30.6329 -31.6578 2 12627.9 311.247 6151 0.000121026
12400 0.740387 0.717627 0.0227593 0 0.96926 8378.54 8025.06 353.477 0 -30.6441 -31.8994 2 12727.9 312.477 6201 0.000115728
12500 0.811616 0.781027 0.0305894 0 0.96231 8459.5 8103.16 356.343 0 -30.6546 -31.7415 2 12827.9 313.702 6251 0.000124944
12600 0.81869 0.79104 0.0276497 0 0.966227 8541.73 8182.26 359.468 0 -30.6647 -31.6961 2 12927.9 314.923 6301 0.000125542
12700 0.757927 0.728393 0.0295344 0 0.961033 8617.22 8255.1 362.121 0 -30.6758 -31.9373 2 13027.9 316.138 6351 0.000114689
12800 0.788319 0.759655 0.0286644 0 0.963639 8696.17 8331.07 365.096 0 -30.684 -31.5808 2 13127.9 317.349 6401 0.000118678
12900 0.762825 0.736227 0.0265982 0 0.965132 8772.54 8404.69 367.843 0 -30.6927 -31.6823 2 13227.9 318.556 6451 0.000114126
13000 0.817703 0.790129 0.0275738 0 0.966279 8854.45 8483.71 370.741 0 -30.7009 -31.5819 2 13327.9 319.757 6501 0.00012154
13100 0.750936 0.727277 0.0236588 0 0.968494 8929.85 8556.43 373.421 0 -30.7119 -31.9972 2 13427.9 320.955 6551 0.000111018
13200 0.798656 0.772166 0.0264907 0 0.966831 9009.85 8633.65 376.198 0 -30.721 -31.7414 2 13527.9 322.148 6601 0.000116977
13300 0.823892 0.792126 0.0317661 0 0.961444 9092.11 8712.86 379.249 0 -30.7304 -31.7538 2 13627.9 323.336 6651 0.000119099
13400 0.835245 0.803518 0.031727 0 0.962015 9175.49 8793.21 382.273 0 -30.7378 -31.544 2 13727.9 324.52 6701 0.00011991
13500 0.8656 0.835215 0.0303848 0 0.964897 9262.27 8876.74 385.532 0 -30.7431 -31.3102 2 13827.9 325.7 6751 0.000123717
13600 0.818498 0.787147 0.0313517 0 0.961696 9344.1 8955.45 388.648 0 -30.7505 -31.5835 2 13927.9 326.876 6801 0.00011574
13700 0.803214 0.775655 0.0275591 0 0.965689 9424.65 9033.02 391.632 0 -30.7622 -32.1252 2 14027.9 328.047 6851 0.000113218
13800 0.760422 0.734325 0.0260973 0 0.965681 9500.71 9106.45 394.257 0 -30.7753 -32.4003 2 14127.9 329.214 6901 0.000106408
13900 0.808894 0.780897 0.0279972 0 0.965388 9581.68 9184.54 397.143 0 -30.7842 -31.8182 2 14227.9 330.377 6951 0.000112343
14000 0.824864 0.792582 0.0322819 0 0.960864 9663.86 9263.8 400.067 0 -30.788 -31.2336 2 14327.9 331.536 7001 0.00011321
14100 0.792813 0.760904 0.0319085 0 0.959753 9742.82 9339.89 402.933 0 -30.7947 -31.6176 2 14427.9 332.691 7051 0.000107914
14200 0.773366 0.748826 0.0245405 0 0.968268 9820.49 9414.77 405.726 0 -30.8044 -32.0199 2 14527.9 333.842 7101 0.000105454
14300 0.842811 0.812855 0.0299563 0 0.964457 9904.82 9496.05 408.77 0 -30.8118 -31.6761 2 14627.9 334.989 7151 0.00011367
14400 0.833829 0.803719 0.0301105 0 0.963889 9988.16 9576.43 411.734 0 -30.8209 -31.9053 2 14727.9 336.132 7201 0.000111612
14500 0.789653 0.764429 0.0252235 0 0.968057 10067.3 9652.87 414.436 0 -30.8321 -32.2469 2 14827.9 337.271 7251 0.000105424
14600 0.801718 0.774949 0.0267692 0 0.96661 10147.6 9730.36 417.229 0 -30.8395 -31.7576 2 14927.9 338.407 7301 0.000106143
14700 0.781041 0.754745 0.0262963 0 0.966332 10225.7 9805.84 419.824 0 -30.8488 -32.0639 2 15027.9 339.538 7351 0.000102672
14800 0.750879 0.727815 0.023064 0 0.969284 10300.9 9878.62 422.283 0 -30.8608 -32.4916 2 15127.9 340.666 7401 9.83401e-05
14900 0.786166 0.76276 0.0234062 0 0.970227 10379.6 9954.9 424.686 0 -30.8677 -31.7699 2 15227.9 341.79 7451 0.00010237
15000 0.897433 0.86696 0.0304724 0 0.966045 10469.3 10041.6 427.67 0 -30.8758 -31.8166 2 15327.9 342.911 7501 0.000115579
15100 0.826801 0.800066 0.0267357 0 0.967664 10552.1 10121.6 430.495 0 -30.8864 -32.2241 2 15427.9 344.028 7551 0.000105955
15200 0.877838 0.845441 0.0323965 0 0.963095 10639.8 10206.1 433.625 0 -30.8919 -31.5546 2 15527.9 345.141 7601 0.000111228
15300 0.821753 0.791881 0.0298719 0 0.963649 10722.1 10285.3 436.735 0 -30.8972 -31.5803 2 15627.9 346.25 7651 0.0001035
15400 0.782448 0.755754 0.0266939 0 0.965884 10800.5 10360.9 439.59 0 -30.9049 -31.96 2 15727.9 347.356 7701 9.81371e-05
15500 0.811738 0.783546 0.0281916 0 0.96527 10881.7 10439.3 442.452 0 -30.913 -31.9912 2 15827.9 348.459 7751 0.00010109
15600 0.797988 0.770406 0.027582 0 0.965436 10961.6 10516.3 445.263 0 -30.9196 -31.8104 2 15927.9 349.558 7801 9.87574e-05
15700 0.764125 0.73843 0.0256951 0 0.966373 11038.1 10590.1 447.949 0 -30.9265 -31.9201 2 16027.9 350.653 7851 9.40556e-05
15800 0.823762 0.793637 0.0301258 0 0.963429 11120.3 10669.5 450.782 0 -30.9295 -31.3333 2 16127.9 351.746 7901 0.000100448
15900 0.877727 0.84263 0.0350975 0 0.960013 11207.7 10753.8 453.975 0 -30.9288 -30.8395 2 16227.9 352.834 7951 0.000105978
16000 0.910998 0.87777 0.0332277 0 0.963526 11299 10841.5 457.404 0 -30.9297 -31.0345 2 16327.9 353.92 8001 0.000109708
16100 0.901164 0.87026 0.0309038 0 0.965707 11389.4 10928.6 460.853 0 -30.9325 -31.2893 2 16427.9 355.002 8051 0.000108093
16200 0.870968 0.840415 0.0305529 0 0.964921 11476.6 11012.6 464.034 0 -30.9394 -31.8329 2 16527.9 356.081 8101 0.000103742
16300 0.884072 0.847381 0.0366909 0 0.958498 11564.7 11097.4 467.333 0 -30.9408 -31.133 2 16627.9 357.156 8151 0.00010396
16400 0.865705 0.835002 0.0307029 0 0.964534 11651.6 11180.9 470.703 0 -30.9452 -31.5223 2 16727.9 358.229 8201 0.000101817
16500 0.871971 0.838684 0.0332864 0 0.961826 11738.6 11264.7 473.879 0 -30.9491 -31.4789 2 16827.9 359.298 8251 0.000101646
16600 0.858878 0.830752 0.0281257 0 0.967253 11824.7 11347.8 476.931 0 -30.9551 -31.7664 2 16927.9 360.364 8301 0.000100079
16700 0.828968 0.797608 0.0313597 0 0.96217 11907.3 11427.6 479.727 0 -30.96 -31.6659 2 17027.9 361.427 8351 9.55105e-05
16800 0.84668 0.816901 0.0297789 0 0.964829 11992.1 11509.2 482.868 0 -30.9629 -31.3688 2 17127.9 362.487 8401 9.72385e-05
16900 0.842943 0.811507 0.0314368 0 0.962706 12076.2 11590.4 485.828 0 -30.9682 -31.7182 2 17227.9 363.543 8451 9.60249e-05
17000 0.846983 0.816851 0.0301315 0 0.964425 12161.1 11672.1 488.979 0 -30.9761 -32.1036 2 17327.9 364.597 8501 9.60889e-05
17100 0.893806 0.859682 0.0341238 0 0.961822 12250.3 11758.1 492.206 0 -30.9814 -31.71 2 17427.9 365.647 8551 0.000100536
17200 0.853085 0.825627 0.0274579 0 0.967813 12335.9 11840.6 495.251 0 -30.9901 -32.225 2 17527.9 366.695 8601 9.5992e-05
17300 0.805461 0.776306 0.0291547 0 0.963804 12416.2 11918.2 497.965 0 -30.9977 -32.1759 2 17627.9 367.739 8651 8.9736e-05
17400 0.827932 0.804228 0.0237036 0 0.97137 12499.3 11998.7 500.622 0 -31.0055 -32.1587 2 17727.9 368.781 8701 9.24294e-05
17500 0.82956 0.803193 0.0263669 0 0.968216 12582.2 12079 503.216 0 -31.0108 -31.8103 2 17827.9 369.82 8751 9.1783e-05
17600 0.868267 0.839585 0.0286821 0 0.966966 12669 12162.9 506.052 0 -31.0151 -31.6387 2 17927.9 370.855 8801 9.53965e-05
17700 0.846011 0.819314 0.0266967 0 0.968444 12753.8 12244.9 508.894 0 -31.0215 -31.9819 2 18027.9 371.888 8851 9.25674e-05
17800 0.843066 0.810118 0.0329484 0 0.960918 12837.8 12325.9 511.861 0 -31.027 -31.8597 2 18127.9 372.918 8901 9.10143e-05
17900 0.912805 0.881341 0.031464 0 0.96553 12929.2 12414 515.168 0 -31.0302 -31.4789 2 18227.9 373.945 8951 9.84629e-05
18000 0.933426 0.90054 0.0328862 0 0.964768 13022.6 12504.1 518.492 0 -31.0326 -31.374 2 18327.9 374.97 9001 0.000100049
18100 0.952487 0.914658 0.037829 0 0.960284 13117.7 12595.5 522.121 0 -31.0343 -31.2681 2 18427.9 375.991 9051 0.000101056
18200 0.920788 0.886501 0.0342873 0 0.962763 13210 12684.2 525.766 0 -31.0373 -31.4596 2 18527.9 377.01 9101 9.74069e-05
18300 0.920698 0.88363 0.0370679 0 0.959739 13301.9 12772.6 529.369 0 -31.0403 -31.4708 2 18627.9 378.026 9151 9.6561e-05
18400 0.96238 0.923874 0.0385058 0 0.959989 13398.2 12864.9 533.268 0 -31.0444 -31.604 2 18727.9 379.039 9201 0.00010041
18500 0.950085 0.913674 0.0364114 0 0.961676 13493.4 12956.3 537.102 0 -31.0488 -31.6806 2 18827.9 380.05 9251 9.87649e-05
18600 0.947198 0.911547 0.0356508 0 0.962362 13588.2 13047.5 540.72 0 -31.0533 -31.6874 2 18927.9 381.058 9301 9.80053e-05
18700 0.948382 0.916267 0.0321151 0 0.966137 13683.4 13139.1 544.286 0 -31.0583 -31.7655 2 19027.9 382.063 9351 9.7986e-05
18800 0.933498 0.899034 0.034464 0 0.963081 13776.8 13229 547.766 0 -31.061 -31.4657 2 19127.9 383.066 9401 9.56317e-05
18900 0.906586 0.875355 0.0312313 0 0.965551 13867.6 13316.5 551.066 0 -31.0673 -32.0272 2 19227.9 384.066 9451 9.26203e-05
19000 0.857458 0.827715 0.0297429 0 0.965313 13953.2 13399.3 553.923 0 -31.0743 -32.204 2 19327.9 385.063 9501 8.71187e-05
19100 0.878206 0.849168 0.0290381 0 0.966935 14041.1 13484.2 556.844 0 -31.081 -32.1385 2 19427.9 386.058 9551 8.89088e-05
19200 0.861575 0.834387 0.0271876 0 0.968444 14127.4 13567.7 559.786 0 -31.0876 -32.1602 2 19527.9 387.051 9601 8.69063e-05
19300 0.860724 0.831857 0.028867 0 0.966462 14213.4 13650.8 562.552 0 -31.0944 -32.2236 2 19627.9 388.04 9651 8.61939e-05
19400 0.864745 0.831752 0.0329931 0 0.961846 14299.6 13734 565.554 0 -31.1006 -32.1136 2 19727.9 389.027 9701 8.57388e-05
19500 0.939041 0.902746 0.0362951 0 0.961349 14393.3 13824.3 569.005 0 -31.1029 -31.4541 2 19827.9 390.012 9751 9.25798e-05
19600 0.990541 0.955644 0.0348972 0 0.96477 14492.7 13919.9 572.88 0 -31.1064 -31.6173 2 19927.9 390.994 9801 9.75048e-05
19700 0.905391 0.870502 0.0348881 0 0.961466 14583.2 14006.9 576.299 0 -31.1125 -32.0882 2 20027.9 391.974 9851 8.83669e-05
19800 0.859149 0.830373 0.0287757 0 0.966507 14669.4 14089.9 579.41 0 -31.1193 -32.2655 2 20127.9 392.952 9901 8.38676e-05
19900 0.851227 0.822561 0.0286667 0 0.966323 14754.4 14172.2 582.155 0 -31.1271 -32.4754 2 20227.9 393.927 9951 8.26611e-05
20000 0.85463 0.827759 0.0268712 0 0.968558 14839.9 14255 584.915 0 -31.1344 -32.402 2 20327.9 394.899 10001 8.27676e-05
