100 0.00792296 0.0075444 0.00037856 0 0.95222 0.799094 0.75444 0.0446544 0 -28.5464 -28.5464 32 453.882 59.0081 4 0.0018861
200 0.013406 0.0124988 0.000907195 0 0.932329 2.1308 2.00432 0.126479 0 -26.7891 -25.7346 32 549.882 64.9493 7 0.00178554
300 0.0115307 0.0107858 0.000744869 0 0.935401 3.29449 3.0829 0.211588 0 -26.7923 -26.7981 32 645.882 70.3909 10 0.00107858
400 0.0115544 0.0108458 0.000708629 0 0.93867 4.45207 4.16748 0.284596 0 -26.9282 -27.3149 32 741.882 75.441 13 0.00083429
500 0.0152284 0.0141109 0.00111748 0 0.926619 5.97097 5.57857 0.3924 0 -26.8876 -26.7687 32 837.882 80.1736 16 0.000881931
600 0.0146667 0.0137318 0.000934853 0 0.93626 7.44201 6.95175 0.490259 0 -27.0481 -27.6997 32 933.882 84.642 19 0.000722728
700 0.0114473 0.0109468 0.000500535 0 0.956275 8.61175 8.04643 0.565325 0 -27.2547 -28.5689 32 1029.88 88.8861 22 0.000497581
800 0.00975578 0.00918213 0.000573645 0 0.941199 9.57826 8.96464 0.613616 0 -27.387 -28.5664 32 1157.88 94.248 26 0.000353159
900 0.0127359 0.0116068 0.00112911 0 0.911344 10.8027 10.1253 0.67742 0 -27.2361 -26.0554 32 1253.88 98.0773 29 0.000400235
1000 0.0156617 0.0133556 0.0023061 0 0.852756 12.2185 11.4609 0.757652 0 -26.9874 -25.0899 32 1349.88 101.763 32 0.000417363
1100 0.0277652 0.0256054 0.00215976 0 0.922213 14.9571 14.0214 0.93563 0 -27.1204 -27.7139 32 1445.88 105.319 35 0.000731583
1200 0.030325 0.0287593 0.00156573 0 0.948368 18.0222 16.8974 1.12486 0 -27.3244 -28.3196 32 1541.88 108.759 38 0.000756824
1300 0.0213163 0.0200706 0.00124571 0 0.941561 20.1515 18.9044 1.24706 0 -27.5019 -29.0045 32 1637.88 112.094 41 0.000489527
1400 0.0170128 0.0163499 0.000662843 0 0.961039 21.8797 20.5394 1.34032 0 -27.7386 -30.498 32 1733.88 115.332 44 0.000371589
1500 0.0281243 0.026249 0.00187531 0 0.933321 24.6508 23.1643 1.48651 0 -27.9588 -29.6978 32 1829.88 118.482 47 0.00055849
1600 0.0264942 0.0251134 0.00138086 0 0.947881 27.3206 25.6756 1.64499 0 -28.1908 -30.333 32 1957.88 122.556 51 0.000492419
1700 0.0319372 0.0290835 0.00285369 0 0.910647 30.3862 28.584 1.80221 0 -28.2635 -28.9112 32 2053.88 125.524 54 0.000538583
1800 0.0319672 0.0304438 0.00152348 0 0.952342 33.6162 31.6284 1.98782 0 -28.4212 -29.9051 32 2149.88 128.424 57 0.000534101
1900 0.0428434 0.0405823 0.0022611 0 0.947224 37.8435 35.6866 2.1569 0 -28.3026 -27.3595 32 2245.88 131.26 60 0.000676372
2000 0.0448519 0.0421979 0.00265408 0 0.940826 42.2975 39.9064 2.39115 0 -28.2419 -27.7257 32 2341.88 134.036 63 0.000669807
2100 0.0580547 0.0552692 0.00278548 0 0.95202 48.1642 45.4333 2.73092 0 -28.3259 -28.9314 32 2437.88 136.756 66 0.000837412
2200 0.0402976 0.0379375 0.00236013 0 0.941432 52.2198 49.2271 2.99269 0 -28.3565 -28.7199 32 2533.88 139.423 69 0.000549819
2300 0.0343643 0.0329514 0.00141284 0 0.958886 55.7193 52.5222 3.1971 0 -28.4466 -29.7918 32 2629.88 142.039 72 0.000457659
2400 0.0332807 0.0319911 0.00128963 0 0.96125 59.0851 55.7213 3.36379 0 -28.5873 -30.9171 32 2757.88 145.455 76 0.000420935
2500 0.0264269 0.0252518 0.00117511 0 0.955533 61.724 58.2465 3.4775 0 -28.6567 -30.2085 32 2853.88 147.965 79 0.000319643
2600 0.030118 0.0284621 0.00165589 0 0.94502 64.6879 61.0927 3.59516 0 -28.714 -29.9078 32 2949.88 150.433 82 0.000347099
2700 0.0333483 0.0321893 0.001159 0 0.965246 68.0351 64.3116 3.72347 0 -28.7448 -29.3412 32 3045.88 152.861 85 0.000378698
2800 0.0257418 0.0247964 0.000945398 0 0.963274 70.6275 66.7913 3.83619 0 -28.7883 -29.93 32 3141.88 155.251 88 0.000281778
2900 0.0322359 0.0306698 0.00156614 0 0.951416 73.8338 69.8583 3.97556 0 -28.8316 -29.7839 32 3237.88 157.605 91 0.000337031
3000 0.031019 0.0295088 0.00151022 0 0.951313 76.9436 72.8091 4.13442 0 -28.8398 -29.0357 32 3333.88 159.925 94 0.000313924
3100 0.032982 0.0304988 0.00248328 0 0.924708 80.2022 75.859 4.34317 0 -28.8571 -29.2651 32 3429.88 162.211 97 0.00031442
3200 0.0325091 0.0301858 0.0023233 0 0.928534 83.475 78.8776 4.59735 0 -28.9086 -30.1712 32 3557.88 165.21 101 0.00029887
3300 0.0291147 0.0274203 0.00169447 0 0.9418 86.412 81.6196 4.79239 0 -28.9753 -30.8695 32 3653.88 167.424 104 0.000263656
3400 0.0269437 0.0253267 0.00161701 0 0.939986 89.1157 84.1523 4.96343 0 -28.9967 -29.6816 32 3749.88 169.609 107 0.000236698
3500 0.029026 0.0274861 0.00153989 0 0.946948 92.0301 86.9009 5.12923 0 -29.0356 -30.226 32 3845.88 171.766 110 0.000249873
3600 0.042267 0.0402236 0.00204337 0 0.951656 96.2378 90.9233 5.31451 0 -29.0945 -30.3829 32 3941.88 173.897 113 0.000355961
3700 0.0432772 0.0404583 0.00281887 0 0.934865 100.506 94.9691 5.53677 0 -29.1363 -30.0771 32 4037.88 176.002 116 0.000348779
3800 0.0387065 0.0374149 0.00129158 0 0.966631 104.461 98.7106 5.7501 0 -29.1978 -30.761 32 4133.88 178.082 119 0.000314411
3900 0.0307268 0.0294781 0.00124874 0 0.95936 107.54 101.658 5.88201 0 -29.2612 -31.4142 32 4229.88 180.138 122 0.000241624
4000 0.0277956 0.0268707 0.000924948 0 0.966723 110.344 104.345 5.99874 0 -29.3158 -31.4071 32 4357.88 182.843 126 0.000213259
4100 0.0302221 0.0294964 0.000725713 0 0.975987 113.413 107.295 6.11783 0 -29.3906 -32.0809 32 4453.88 184.846 129 0.000228654
4200 0.0312594 0.0298143 0.00144501 0 0.953773 116.496 110.277 6.21898 0 -29.4078 -30.0407 32 4549.88 186.827 132 0.000225866
4300 0.028608 0.0277047 0.000903251 0 0.968427 119.375 113.047 6.32786 0 -29.4372 -30.6283 32 4645.88 188.788 135 0.00020522
4400 0.0463647 0.0448174 0.00154734 0 0.966627 123.988 117.529 6.45944 0 -29.4141 -28.8164 32 4741.88 190.728 138 0.000324764
4500 0.0430871 0.0418126 0.00127451 0 0.97042 128.312 121.71 6.60242 0 -29.4175 -29.5133 32 4837.88 192.649 141 0.000296543
4600 0.036587 0.0356551 0.000931964 0 0.974527 132.002 125.276 6.7266 0 -29.4517 -30.6405 32 4933.88 194.551 144 0.000247605
4700 0.0365007 0.0354182 0.00108247 0 0.970344 135.656 128.817 6.83899 0 -29.4804 -30.517 32 5029.88 196.435 147 0.00024094
4800 0.0323372 0.0314265 0.000910695 0 0.971838 138.903 131.96 6.94278 0 -29.5099 -30.7437 32 5157.88 198.919 151 0.000208122
4900 0.0399639 0.0385367 0.00142715 0 0.964289 142.91 135.814 7.09641 0 -29.5531 -31.0524 32 5253.88 200.761 154 0.000250238
5000 0.0329767 0.0318598 0.00111687 0 0.966131 146.206 139 7.20588 0 -29.6103 -32.09 32 5349.88 202.587 157 0.000202929
5100 0.0279168 0.0273626 0.000554185 0 0.980149 149.019 141.736 7.283 0 -29.6662 -32.5687 32 5445.88 204.397 160 0.000171016
5200 0.0433755 0.0410726 0.00230294 0 0.946907 153.321 145.843 7.47764 0 -29.7028 -30.9721 32 5541.88 206.191 163 0.000251979
5300 0.040728 0.0389303 0.00179772 0 0.95586 157.431 149.736 7.69503 0 -29.7288 -30.6978 32 5637.88 207.969 166 0.00023452
5400 0.0444596 0.0424518 0.0020078 0 0.95484 161.888 153.981 7.9071 0 -29.7817 -31.6497 32 5733.88 209.732 169 0.000251194
5500 0.0577507 0.0557021 0.00204858 0 0.964527 167.71 159.552 8.15866 0 -29.783 -29.8201 32 5829.88 211.48 172 0.00032385
5600 0.0484786 0.0460991 0.00237952 0 0.950916 172.583 164.161 8.42147 0 -29.7909 -30.0633 32 5957.88 213.789 176 0.000261927
5700 0.0584937 0.0557205 0.00277321 0 0.95259 178.438 169.734 8.7042 0 -29.859 -31.8645 32 6053.88 215.505 179 0.000311287
5800 0.0524259 0.0478928 0.00453313 0 0.913533 183.475 174.523 8.95221 0 -29.8467 -29.4125 32 6149.88 217.207 182 0.000263147
5900 0.0662786 0.0624915 0.00378706 0 0.942862 190.084 180.772 9.31181 0 -29.8583 -30.1812 32 6245.88 218.896 185 0.000337792
6000 0.0663076 0.0633355 0.00297202 0 0.955178 196.768 187.106 9.66264 0 -29.8998 -31.0786 32 6341.88 220.571 188 0.000336891
6100 0.0669046 0.0645482 0.00235641 0 0.96478 203.557 193.56 9.99617 0 -29.8881 -29.5493 32 6437.88 222.235 191 0.000337949
6200 0.0587292 0.0558179 0.00291132 0 0.950428 209.434 199.142 10.2917 0 -29.8932 -30.0714 32 6533.88 223.885 194 0.000287721
6300 0.0461019 0.0447456 0.00135628 0 0.970581 214.108 203.617 10.4917 0 -29.9188 -31.0652 32 6629.88 225.524 197 0.000227135
6400 0.0447597 0.0435331 0.00122662 0 0.972595 218.606 207.97 10.6359 0 -29.9305 -30.4859 32 6757.88 227.691 201 0.000216582
6500 0.0509994 0.0492478 0.00175158 0 0.965655 223.711 212.895 10.8164 0 -29.9423 -30.4492 32 6853.88 229.302 204 0.000241411
6600 0.0466926 0.0453073 0.00138532 0 0.970331 228.408 217.426 10.9829 0 -29.9765 -31.6026 32 6949.88 230.903 207 0.000218876
6700 0.0456172 0.0440741 0.00154308 0 0.966173 232.962 221.833 11.1295 0 -30.0071 -31.5418 32 7045.88 232.492 210 0.000209877
6800 0.0387833 0.0378057 0.000977648 0 0.974792 236.868 225.613 11.2549 0 -30.0419 -32.1215 32 7141.88 234.07 213 0.000177491
6900 0.0410406 0.0402373 0.000803333 0 0.980426 240.989 229.637 11.3514 0 -30.0764 -32.059 32 7237.88 235.638 216 0.000186284
7000 0.0416304 0.0406375 0.00099286 0 0.976151 245.167 233.701 11.4664 0 -30.0893 -30.829 32 7333.88 237.196 219 0.000185559
7100 0.0355171 0.0345899 0.000927207 0 0.973894 248.724 237.16 11.5639 0 -30.12 -32.2397 32 7429.88 238.743 222 0.00015581
7200 0.0327111 0.032066 0.000645129 0 0.980278 252.006 240.367 11.6398 0 -30.1538 -32.7121 32 7557.88 240.791 226 0.000141885
7300 0.0450344 0.0435134 0.00152103 0 0.966225 256.521 244.718 11.8028 0 -30.1503 -29.9588 32 7653.88 242.315 229 0.000190015
7400 0.0461129 0.0432886 0.00282425 0 0.938754 261.011 249.047 11.9645 0 -30.1502 -30.1426 32 7749.88 243.83 232 0.000186589
7500 0.0661026 0.0615694 0.0045332 0 0.931422 267.589 255.204 12.3849 0 -30.1642 -30.721 32 7845.88 245.336 235 0.000261997
7600 0.0594725 0.0557228 0.00374969 0 0.936951 273.594 260.776 12.8182 0 -30.1859 -31.1522 32 7941.88 246.832 238 0.000234129
7700 0.0499747 0.0464601 0.00351458 0 0.929673 278.589 265.422 13.1672 0 -30.2007 -31.012 32 8037.88 248.32 241 0.000192781
7800 0.0427906 0.040783 0.00200763 0 0.953082 282.93 269.5 13.4292 0 -30.2254 -31.8079 32 8133.88 249.798 244 0.000167143
7900 0.0371537 0.0360545 0.00109919 0 0.970415 286.711 273.106 13.605 0 -30.2623 -33.0271 32 8229.88 251.268 247 0.00014597
8000 0.0395887 0.0381233 0.00146545 0 0.962983 290.68 276.918 13.7615 0 -30.3003 -33.046 32 8357.88 253.214 251 0.000151885
8100 0.0337923 0.0328831 0.000909208 0 0.973094 294.079 280.206 13.8729 0 -30.3363 -33.4117 32 8453.88 254.664 254 0.000129461
8200 0.0312352 0.029968 0.0012672 0 0.95943 297.153 283.203 13.9499 0 -30.3686 -33.4533 32 8549.88 256.106 257 0.000116607
8300 0.0378186 0.0359038 0.00191477 0 0.949369 300.883 286.794 14.0891 0 -30.3924 -32.2905 32 8645.88 257.54 260 0.000138091
8400 0.0392636 0.0380507 0.00121289 0 0.969109 304.859 290.599 14.26 0 -30.4106 -31.7885 32 8741.88 258.966 263 0.00014468
8500 0.0320138 0.0312204 0.000793389 0 0.975217 308.094 293.721 14.3734 0 -30.436 -32.8329 32 8837.88 260.384 266 0.00011737
8600 0.0463846 0.0446764 0.00170822 0 0.963173 312.707 298.188 14.519 0 -30.4306 -30.0681 32 8933.88 261.794 269 0.000166083
8700 0.0425852 0.0410958 0.00148943 0 0.965025 316.96 302.298 14.6616 0 -30.4373 -30.9294 32 9029.88 263.197 272 0.000151088
8800 0.0385656 0.0374292 0.00113635 0 0.970535 320.848 306.041 14.8077 0 -30.455 -31.9019 32 9157.88 265.056 276 0.000135613
8900 0.0342657 0.0335948 0.00067084 0 0.980422 324.301 309.4 14.9011 0 -30.4762 -32.4439 32 9253.88 266.442 279 0.000120412
9000 0.0467445 0.0455039 0.00124066 0 0.973459 328.997 313.951 15.0462 0 -30.4623 -29.5043 32 9349.88 267.82 282 0.000161361
9100 0.0381973 0.037178 0.00101932 0 0.973314 332.826 317.668 15.158 0 -30.4697 -31.0979 32 9445.88 269.191 285 0.000130449
9200 0.0419177 0.040423 0.00149469 0 0.964342 337.009 321.711 15.2985 0 -30.4862 -31.7993 32 9541.88 270.556 288 0.000140358
9300 0.0399423 0.0383041 0.00163816 0 0.958987 340.985 325.541 15.4439 0 -30.4995 -31.6308 32 9637.88 271.914 291 0.000131629
9400 0.0358234 0.0346228 0.00120062 0 0.966485 344.593 329.003 15.5894 0 -30.5137 -31.8582 32 9733.88 273.264 294 0.000117764
9500 0.0329254 0.0318784 0.00104702 0 0.9682 347.887 332.191 15.6959 0 -30.5318 -32.4222 32 9829.88 274.609 297 0.000107335
9600 0.0317462 0.0306512 0.00109499 0 0.965508 351.07 335.256 15.8139 0 -30.5482 -32.3352 32 9957.88 276.391 301 0.000101831
9700 0.0318585 0.0307612 0.00109731 0 0.965557 354.243 338.333 15.9103 0 -30.5664 -32.5837 32 10053.9 277.72 304 0.000101188
9800 0.0293075 0.0285538 0.000753689 0 0.974283 357.176 341.188 15.9878 0 -30.5891 -33.3327 32 10149.9 279.043 307 9.30093e-05
9900 0.0349683 0.0332903 0.00167802 0 0.952013 360.636 344.517 16.1194 0 -30.5841 -30.0721 32 10245.9 280.359 310 0.000107388
10000 0.0325161 0.0313467 0.00116936 0 0.964037 363.905 347.652 16.2534 0 -30.5878 -30.986 32 10341.9 281.67 313 0.000100149
10100 0.0389161 0.0371566 0.00175945 0 0.954789 367.74 351.367 16.3723 0 -30.5788 -29.7267 32 10437.9 282.974 316 0.000117584
10200 0.0502145 0.0473128 0.0029017 0 0.942214 372.67 356.099 16.5719 0 -30.5725 -30.1025 32 10533.9 284.272 319 0.000148316
10300 0.0436384 0.0413875 0.00225088 0 0.94842 377.048 360.237 16.8111 0 -30.5818 -31.3754 32 10629.9 285.565 322 0.000128533
10400 0.0379686 0.0363248 0.00164377 0 0.956707 380.866 363.87 16.9959 0 -30.5916 -31.5581 32 10757.9 287.279 326 0.000111426
10500 0.0580901 0.0550906 0.0029995 0 0.948365 386.737 369.379 17.358 0 -30.5638 -28.7634 32 10853.9 288.558 329 0.000167449
10600 0.0407682 0.0390564 0.00171186 0 0.95801 390.904 373.284 17.6194 0 -30.5645 -30.6256 32 10949.9 289.831 332 0.00011764
10700 0.0509854 0.0486672 0.00231818 0 0.954532 396.009 378.151 17.8577 0 -30.5722 -31.1613 32 11045.9 291.099 335 0.000145275
10800 0.0376889 0.0363056 0.00138326 0 0.963298 399.826 381.782 18.0444 0 -30.5819 -31.5919 32 11141.9 292.361 338 0.000107413
10900 0.0439133 0.0416313 0.00228199 0 0.948034 404.183 385.945 18.2384 0 -30.5881 -31.1538 32 11237.9 293.618 341 0.000122086
11000 0.0431248 0.0412854 0.00183938 0 0.957347 408.506 390.073 18.4327 0 -30.5985 -31.5767 32 11333.9 294.869 344 0.000120016
11100 0.0367456 0.0353983 0.00134736 0 0.963333 412.202 393.613 18.5883 0 -30.6124 -32.1449 32 11429.9 296.115 347 0.000102012
11200 0.0333623 0.0323942 0.000968158 0 0.970981 415.572 396.853 18.7188 0 -30.6299 -32.771 32 11557.9 297.769 351 9.22911e-05
11300 0.0403973 0.0378627 0.00253453 0 0.93726 419.569 400.639 18.9301 0 -30.6375 -31.4295 32 11653.9 299.003 354 0.000106957
11400 0.0495874 0.0468016 0.00278582 0 0.94382 424.494 405.319 19.1748 0 -30.6509 -31.7865 32 11749.9 300.232 357 0.000131097
11500 0.0528932 0.0499794 0.00291386 0 0.944911 429.775 410.317 19.4582 0 -30.6587 -31.2885 32 11845.9 301.456 360 0.000138832
11600 0.0472655 0.0445334 0.00273213 0 0.942196 434.529 414.77 19.759 0 -30.6627 -31.0233 32 11941.9 302.675 363 0.000122682
11700 0.065327 0.0616873 0.00363968 0 0.944285 441.103 420.939 20.1643 0 -30.635 -28.8037 32 12037.9 303.889 366 0.000168544
11800 0.0487268 0.0462906 0.00243628 0 0.950001 446.042 425.568 20.4733 0 -30.63 -30.1879 32 12133.9 305.098 369 0.000125449
11900 0.0398482 0.0380855 0.0017627 0 0.955765 450.067 429.377 20.6905 0 -30.6356 -31.2522 32 12229.9 306.303 372 0.00010238
12000 0.0356017 0.0345342 0.00106748 0 0.970016 453.671 432.83 20.8409 0 -30.6497 -32.4138 32 12357.9 307.902 376 9.18463e-05
12100 0.0417868 0.0397797 0.00200712 0 0.951968 457.853 436.808 21.0449 0 -30.6522 -30.9168 32 12453.9 309.095 379 0.00010496
12200 0.0455592 0.0437181 0.00184115 0 0.959588 462.417 441.18 21.2372 0 -30.6597 -31.421 32 12549.9 310.284 382 0.000114445
12300 0.0845394 0.0797037 0.0048357 0 0.942799 470.713 449.15 21.5626 0 -30.6518 -30.2091 32 12645.9 311.469 385 0.000207023
12400 0.0737182 0.0707896 0.00292864 0 0.960273 478.162 456.229 21.9324 0 -30.6284 -29.1472 32 12741.9 312.649 388 0.000182447
12500 0.0716349 0.0676269 0.00400801 0 0.944049 485.262 462.992 22.27 0 -30.6183 -29.9415 32 12837.9 313.824 391 0.000172959
12600 0.0903998 0.0855432 0.00485659 0 0.946277 494.235 471.546 22.6884 0 -30.595 -29.3351 32 12933.9 314.996 394 0.000217115
12700 0.0722876 0.0683711 0.00391645 0 0.945821 501.492 478.383 23.1082 0 -30.5886 -30.1535 32 13029.9 316.162 397 0.000172219
12800 0.110654 0.106155 0.00449855 0 0.959346 512.668 488.999 23.6691 0 -30.5915 -30.718 32 13157.9 317.712 401 0.000264727
12900 0.075769 0.0718063 0.00396265 0 0.947701 520.279 496.18 24.099 0 -30.5939 -30.7582 32 13253.9 318.868 404 0.000177738
13000 0.0965196 0.0915111 0.00500855 0 0.948108 529.881 505.331 24.5504 0 -30.5991 -30.8826 32 13349.9 320.021 407 0.000224843
13100 0.112784 0.108063 0.00472072 0 0.958144 541.181 516.137 25.0441 0 -30.6212 -31.6569 32 13445.9 321.17 410 0.000263568
13200 0.0869978 0.083007 0.00399081 0 0.954127 549.929 524.438 25.4911 0 -30.6404 -31.8277 32 13541.9 322.314 413 0.000200985
13300 0.0979829 0.0937867 0.00419629 0 0.957173 559.761 533.816 25.9451 0 -30.6331 -30.2271 32 13637.9 323.455 416 0.000225449
13400 0.0876911 0.0836523 0.0040387 0 0.953944 568.561 542.182 26.3796 0 -30.6444 -31.3575 32 13733.9 324.591 419 0.000199648
13500 0.0854425 0.0812275 0.00421503 0 0.950668 577.121 550.304 26.8164 0 -30.6605 -31.7326 32 13829.9 325.724 422 0.000192482
13600 0.0805284 0.0769432 0.0035851 0 0.95548 585.254 557.999 27.2549 0 -30.6761 -31.7814 32 13957.9 327.228 426 0.000180618
13700 0.0654316 0.0625494 0.00288221 0 0.955951 591.852 564.254 27.5982 0 -30.6947 -32.348 32 14053.9 328.351 429 0.000145803
13800 0.0571786 0.0554397 0.00173888 0 0.969589 597.608 569.798 27.81 0 -30.7184 -33.1527 32 14149.9 329.47 432 0.000128333
13900 0.0556885 0.0540229 0.00166565 0 0.97009 603.191 575.2 27.9912 0 -30.7414 -33.2023 32 14245.9 330.586 435 0.000124191
14000 0.053108 0.051555 0.00155307 0 0.970756 608.518 580.355 28.1625 0 -30.7666 -33.6176 32 14341.9 331.698 438 0.000117705
14100 0.0504645 0.0491967 0.00126782 0 0.974877 613.584 585.275 28.3087 0 -30.7925 -33.9138 32 14437.9 332.807 441 0.000111557
14200 0.0554405 0.0535827 0.00185778 0 0.966491 619.142 590.633 28.5087 0 -30.812 -32.9561 32 14533.9 333.911 444 0.000120682
14300 0.0485885 0.0473537 0.00123477 0 0.974587 624.017 595.369 28.6484 0 -30.8359 -33.8821 32 14629.9 335.012 447 0.000105937
14400 0.0646216 0.0625457 0.00207591 0 0.967876 630.503 601.623 28.8802 0 -30.8394 -31.1736 32 14757.9 336.474 451 0.000138682
14500 0.0507787 0.0495512 0.00122748 0 0.975827 635.614 606.578 29.0357 0 -30.8556 -32.8568 32 14853.9 337.567 454 0.000109144
14600 0.0561158 0.0537786 0.00233715 0 0.958351 641.21 611.956 29.2537 0 -30.8745 -33.0192 32 14949.9 338.656 457 0.000117678
14700 0.059478 0.0561675 0.00331048 0 0.944341 647.135 617.573 29.5616 0 -30.8895 -32.514 32 15045.9 339.742 460 0.000122103
14800 0.0492957 0.0475785 0.00171715 0 0.965166 652.14 622.331 29.8088 0 -30.9116 -33.7626 32 15141.9 340.824 463 0.000102761
14900 0.0478916 0.0460968 0.00179484 0 0.962523 656.933 626.94 29.9929 0 -30.9317 -33.6674 32 15237.9 341.903 466 9.89201e-05
15000 0.0430348 0.0417488 0.00128601 0 0.970117 661.266 631.115 30.1509 0 -30.9519 -34.0132 32 15333.9 342.978 469 8.90165e-05
15100 0.0438954 0.0426884 0.00120697 0 0.972503 665.682 635.384 30.2982 0 -30.9685 -33.4592 32 15429.9 344.05 472 9.04416e-05
15200 0.0411176 0.0405309 0.00058667 0 0.985732 669.836 639.437 30.3985 0 -30.9861 -33.8119 32 15557.9 345.474 476 8.5149e-05
15300 0.040775 0.0401758 0.000599267 0 0.985303 673.917 643.455 30.4617 0 -31.0061 -34.2738 32 15653.9 346.538 479 8.38743e-05
15400 0.0385197 0.03749 0.00102976 0 0.973267 677.721 647.204 30.5175 0 -31.0236 -34.1371 32 15749.9 347.599 482 7.778e-05
15500 0.0444607 0.0431177 0.00134302 0 0.969793 682.149 651.516 30.6329 0 -31.0306 -32.0909 32 15845.9 348.657 485 8.89025e-05
15600 0.0489248 0.0472883 0.0016365 0 0.966551 687.021 656.244 30.777 0 -31.0386 -32.1704 32 15941.9 349.711 488 9.69023e-05
15700 0.0453298 0.0437703 0.00155953 0 0.965596 691.557 660.621 30.9354 0 -31.0521 -33.0937 32 16037.9 350.763 491 8.91451e-05
15800 0.0436961 0.0423781 0.001318 0 0.969837 695.936 664.859 31.0771 0 -31.0646 -33.0318 32 16133.9 351.811 494 8.57857e-05
15900 0.0397136 0.0388938 0.000819823 0 0.979357 699.941 668.749 31.1921 0 -31.0782 -33.4526 32 16229.9 352.856 497 7.82571e-05
16000 0.0498058 0.048719 0.00108684 0 0.978178 704.963 673.621 31.3428 0 -31.0752 -30.6557 32 16357.9 354.245 501 9.72435e-05
16100 0.053061 0.0496511 0.00340994 0 0.935736 710.136 678.586 31.5508 0 -31.074 -30.9035 32 16453.9 355.283 504 9.8514e-05
16200 0.0621134 0.0596487 0.00246473 0 0.960319 716.374 684.551 31.8238 0 -31.083 -32.1096 32 16549.9 356.318 507 0.00011765
16300 0.0665638 0.0640049 0.00255888 0 0.961557 723.065 690.951 32.1135 0 -31.0749 -30.2028 32 16645.9 357.35 510 0.0001255
16400 0.051699 0.049832 0.00186699 0 0.963887 728.282 695.934 32.3477 0 -31.0784 -31.5666 32 16741.9 358.379 513 9.71385e-05
16500 0.047786 0.0461138 0.00167222 0 0.965006 733.083 700.546 32.5379 0 -31.088 -32.5472 32 16837.9 359.405 516 8.93679e-05
16600 0.0497812 0.0480647 0.00171649 0 0.965519 738.09 705.352 32.7381 0 -31.0977 -32.5151 32 16933.9 360.428 519 9.26103e-05
16700 0.0553443 0.0537358 0.00160856 0 0.970935 743.653 710.726 32.9273 0 -31.1028 -31.7782 32 17029.9 361.448 522 0.000102942
16800 0.0470893 0.0461216 0.000967672 0 0.97945 748.39 715.338 33.0518 0 -31.1147 -32.9827 32 17157.9 362.804 526 8.76837e-05
16900 0.0741199 0.0698513 0.00426858 0 0.94241 755.625 722.323 33.3016 0 -31.1056 -30.1662 32 17253.9 363.817 529 0.000132044
17000 0.0742182 0.0712529 0.00296528 0 0.960046 763.107 729.448 33.6591 0 -31.1024 -30.7798 32 17349.9 364.828 532 0.000133934
17100 0.0632304 0.0602258 0.00300466 0 0.952481 769.444 735.471 33.9733 0 -31.1024 -31.0993 32 17445.9 365.836 535 0.000112572
17200 0.0556865 0.0534939 0.00219268 0 0.960625 775.063 740.82 34.2424 0 -31.1068 -31.7137 32 17541.9 366.841 538 9.9431e-05
17300 0.0505398 0.0487096 0.0018302 0 0.963787 780.129 745.691 34.4375 0 -31.1124 -31.9743 32 17637.9 367.844 541 9.00363e-05
17400 0.0538323 0.0525168 0.00131549 0 0.975563 785.559 750.943 34.6161 0 -31.1231 -32.6528 32 17733.9 368.843 544 9.65382e-05
17500 0.0539705 0.0522806 0.00168995 0 0.968688 791.009 756.171 34.8378 0 -31.1291 -31.9948 32 17829.9 369.84 547 9.55769e-05
17600 0.0454995 0.0441963 0.0013032 0 0.971358 795.594 760.591 35.003 0 -31.1405 -33.1163 32 17957.9 371.166 551 8.0211e-05
17700 0.0568144 0.0539845 0.00282981 0 0.950192 801.175 765.989 35.1858 0 -31.1534 -32.981 32 18053.9 372.156 554 9.7445e-05
17800 0.0500733 0.0484609 0.00161246 0 0.967798 806.217 770.835 35.3815 0 -31.1636 -32.7949 32 18149.9 373.144 557 8.70034e-05
17900 0.0681163 0.0655042 0.0026121 0 0.961652 813.038 777.386 35.6529 0 -31.1598 -30.7108 32 18245.9 374.13 560 0.000116972
18000 0.0562819 0.0544379 0.00184394 0 0.967237 818.684 782.829 35.8547 0 -31.1644 -31.819 32 18341.9 375.113 563 9.66926e-05
18100 0.0582129 0.0561288 0.00208407 0 0.964199 824.507 788.442 36.0651 0 -31.163 -30.9689 32 18437.9 376.093 566 9.91675e-05
18200 0.0541016 0.0525621 0.00153952 0 0.971544 829.963 793.698 36.2643 0 -31.1676 -31.872 32 18533.9 377.071 569 9.23762e-05
18300 0.0531893 0.052029 0.00116034 0 0.978185 835.343 798.901 36.4416 0 -31.18 -33.09 32 18629.9 378.046 572 9.09597e-05
18400 0.0796877 0.0778052 0.00188241 0 0.976378 843.342 806.682 36.6604 0 -31.1503 -28.0432 32 18757.9 379.343 576 0.000135079
18500 0.0710331 0.0687969 0.0022362 0 0.968519 850.452 813.562 36.8909 0 -31.1369 -29.5507 32 18853.9 380.312 579 0.00011882
18600 0.0644098 0.0617459 0.00266389 0 0.958641 856.888 819.736 37.1521 0 -31.1306 -30.3039 32 18949.9 381.279 582 0.000106093
18700 0.0572348 0.0552911 0.00194367 0 0.96604 862.634 825.265 37.3689 0 -31.1321 -31.345 32 19045.9 382.244 585 9.45147e-05
18800 0.0519418 0.0501612 0.0017806 0 0.965719 867.816 830.281 37.5347 0 -31.1347 -31.5645 32 19141.9 383.206 588 8.53081e-05
18900 0.0722349 0.0691162 0.0031187 0 0.956826 875.05 837.193 37.8572 0 -31.1256 -30.0418 32 19237.9 384.166 591 0.000116948
19000 0.0575523 0.0554531 0.00209919 0 0.963525 880.831 842.738 38.0929 0 -31.1267 -31.2867 32 19333.9 385.123 594 9.33553e-05
19100 0.052184 0.0505897 0.00159427 0 0.969449 886.103 847.797 38.3053 0 -31.1309 -31.8375 32 19429.9 386.078 597 8.47399e-05
19200 0.0599978 0.0583144 0.00168341 0 0.971942 892.152 853.629 38.5237 0 -31.1247 -30.2169 32 19557.9 387.348 601 9.70289e-05
19300 0.0539061 0.0504865 0.00341964 0 0.936563 897.389 858.677 38.7113 0 -31.1225 -30.7453 32 19653.9 388.297 604 8.35868e-05
19400 0.0631017 0.0606094 0.00249225 0 0.960504 903.71 864.738 38.9717 0 -31.1285 -31.9777 32 19749.9 389.244 607 9.98508e-05
19500 0.0568596 0.0549961 0.00186344 0 0.967227 909.441 870.238 39.2035 0 -31.1362 -32.3615 32 19845.9 390.189 610 9.01576e-05
19600 0.0500801 0.0487994 0.00128067 0 0.974428 914.49 875.118 39.372 0 -31.1458 -32.8606 32 19941.9 391.132 613 7.96076e-05
19700 0.051316 0.0502676 0.00104837 0 0.97957 919.663 880.145 39.518 0 -31.1543 -32.6582 32 20037.9 392.072 616 8.16032e-05
19800 0.0564444 0.0546514 0.00179302 0 0.968234 925.306 885.61 39.6962 0 -31.1573 -31.6485 32 20133.9 393.01 619 8.82898e-05
19900 0.0573139 0.055375 0.00193894 0 0.96617 931.005 891.147 39.8579 0 -31.1571 -31.1298 32 20229.9 393.946 622 8.90273e-05
20000 0.0779105 0.0748221 0.00308837 0 0.96036 938.77 898.629 40.141 0 -31.1458 -29.7941 32 20357.9 395.19 626 0.000119524
