100 0.274136 0.248406 0.02573 0 0.906141 26.3185 24.8406 1.47796 0 -25.2087 -25.2087 1 426.882 57.2261 101 0.00245946
200 0.537195 0.492489 0.0447057 0 0.916779 78.9099 74.0894 4.82044 0 -26.1122 -26.5643 1 526.882 63.5765 201 0.00245019
300 0.7638 0.705964 0.0578364 0 0.924278 154.727 144.686 10.0413 0 -26.4542 -26.8101 1 626.882 69.3478 301 0.00234539
400 0.758899 0.700774 0.0581256 0 0.923408 230.369 214.763 15.6054 0 -26.6486 -27.0464 1 726.882 74.6744 401 0.00174757
500 0.856835 0.799175 0.05766 0 0.932706 316.379 294.681 21.6988 0 -26.8694 -27.4605 1 826.882 79.6456 501 0.00159516
600 0.788666 0.73203 0.0566356 0 0.928188 395.358 367.884 27.4746 0 -27.0243 -27.6451 1 926.882 84.3242 601 0.00121802
700 0.909109 0.851585 0.057524 0 0.936725 486.381 453.042 33.3384 0 -27.2001 -27.9635 1 1026.88 88.7565 701 0.00121481
800 0.929368 0.872689 0.0566791 0 0.939013 579.49 540.311 39.1789 0 -27.3474 -28.1167 1 1126.88 92.9778 801 0.0010895
900 0.945217 0.890158 0.0550589 0 0.94175 673.973 629.327 44.6457 0 -27.4822 -28.309 1 1226.88 97.0156 901 0.000987967
1000 0.911704 0.856468 0.0552368 0 0.939414 764.991 714.974 50.0175 0 -27.5868 -28.3616 1 1326.88 100.892 1001 0.000855612
1100 0.982577 0.92391 0.0586667 0 0.940293 862.848 807.365 55.4833 0 -27.6955 -28.5453 1 1426.88 104.625 1101 0.000839156
1200 1.01555 0.957508 0.0580469 0 0.942842 964.379 903.115 61.2636 0 -27.8031 -28.7175 1 1526.88 108.229 1201 0.000797259
1300 1.03167 0.974156 0.057512 0 0.944253 1067.52 1000.53 66.9887 0 -27.8994 -28.7994 1 1626.88 111.717 1301 0.000748775
1400 1.14199 1.07942 0.0625701 0 0.94521 1181.83 1108.47 73.3595 0 -27.9531 -28.4546 1 1726.88 115.099 1401 0.000770466
1500 1.03168 0.978778 0.0529049 0 0.94872 1285.56 1206.35 79.213 0 -28.0379 -29.0039 1 1826.88 118.385 1501 0.000652084
1600 1.04937 0.985253 0.064122 0 0.938895 1389.61 1304.88 84.7325 0 -28.0951 -28.8019 1 1926.88 121.582 1601 0.000615398
1700 1.18609 1.12342 0.0626695 0 0.947163 1508.16 1417.22 90.9459 0 -28.1732 -29.0896 1 2026.88 124.696 1701 0.000660447
1800 1.24844 1.1751 0.073337 0 0.941257 1632.45 1534.73 97.718 0 -28.2421 -29.0782 1 2126.88 127.736 1801 0.000652472
1900 1.28691 1.2164 0.0705062 0 0.945213 1761.21 1656.37 104.838 0 -28.2807 -28.7698 1 2226.88 130.704 1901 0.000639876
2000 1.26105 1.19341 0.0676331 0 0.946367 1887.45 1775.71 111.736 0 -28.3073 -28.6788 1 2326.88 133.606 2001 0.000596409
2100 1.26558 1.20387 0.0617101 0 0.95124 2014.24 1896.1 118.144 0 -28.34 -28.826 1 2426.88 136.447 2101 0.000573001
2200 1.25991 1.20011 0.0597995 0 0.952537 2140.48 2016.11 124.368 0 -28.3864 -29.1274 1 2526.88 139.23 2201 0.000545258
2300 1.26681 1.20657 0.0602444 0 0.952444 2267.28 2136.77 130.512 0 -28.4312 -29.1871 1 2626.88 141.958 2301 0.000524368
2400 1.22734 1.16363 0.0637107 0 0.94809 2389.75 2253.13 136.616 0 -28.4695 -29.1777 1 2726.88 144.635 2401 0.000484643
2500 1.21428 1.15442 0.0598576 0 0.950705 2511.25 2368.57 142.677 0 -28.5129 -29.3681 1 2826.88 147.263 2501 0.000461584
2600 1.24326 1.18063 0.0626322 0 0.949623 2635.5 2486.63 148.864 0 -28.5585 -29.4787 1 2926.88 149.845 2601 0.000453914
2700 1.37502 1.30708 0.0679444 0 0.950587 2772.85 2617.34 155.512 0 -28.6084 -29.566 1 3026.88 152.383 2701 0.000483924
2800 1.33697 1.27215 0.0648178 0 0.951519 2906.77 2744.56 162.21 0 -28.6524 -29.5642 1 3126.88 154.88 2801 0.000454177
2900 1.31433 1.25101 0.0633278 0 0.951818 3038.4 2869.66 168.744 0 -28.6802 -29.2941 1 3226.88 157.337 2901 0.000431232
3000 1.27582 1.21091 0.0649095 0 0.949123 3165.6 2990.75 174.853 0 -28.7189 -29.643 1 3326.88 159.757 3001 0.000403503
3100 1.36904 1.30476 0.0642748 0 0.953051 3302.41 3121.23 181.19 0 -28.7485 -29.4344 1 3426.88 162.14 3101 0.000420755
3200 1.32546 1.26389 0.0615742 0 0.953545 3435.28 3247.61 187.662 0 -28.7788 -29.5315 1 3526.88 164.488 3201 0.000394841
3300 1.27292 1.21584 0.0570836 0 0.955156 3562.72 3369.2 193.517 0 -28.8128 -29.7273 1 3626.88 166.804 3301 0.000368325
3400 1.36351 1.30086 0.062651 0 0.954052 3698.89 3499.28 199.603 0 -28.8394 -29.5375 1 3726.88 169.088 3401 0.000382493
3500 1.37491 1.31563 0.059277 0 0.956887 3836.67 3630.85 205.824 0 -28.8677 -29.6266 1 3826.88 171.342 3501 0.000375787
3600 1.25914 1.20622 0.0529199 0 0.957971 3963.13 3751.47 211.663 0 -28.9002 -29.8869 1 3926.88 173.566 3601 0.000334969
3700 1.22989 1.17619 0.0536985 0 0.956339 4086.29 3869.09 217.2 0 -28.9348 -30.0481 1 4026.88 175.762 3701 0.000317804
3800 1.20179 1.15246 0.0493376 0 0.958947 4206.64 3984.33 222.309 0 -28.967 -30.0591 1 4126.88 177.931 3801 0.000303198
3900 1.25637 1.20347 0.0529025 0 0.957893 4332.19 4104.68 227.505 0 -28.9966 -29.9875 1 4226.88 180.074 3901 0.000308502
4000 1.29899 1.24177 0.0572252 0 0.955946 4461.95 4228.86 233.097 0 -29.0345 -30.3008 1 4326.88 182.191 4001 0.000310364
4100 1.40134 1.33351 0.0678261 0 0.951599 4601.32 4362.21 239.11 0 -29.0593 -29.8538 1 4426.88 184.285 4101 0.000325167
4200 1.45467 1.39683 0.0578394 0 0.960239 4747.43 4501.89 245.535 0 -29.0847 -29.8832 1 4526.88 186.354 4201 0.0003325
4300 1.47554 1.41049 0.0650465 0 0.955917 4894.94 4642.94 252.002 0 -29.1126 -30.0126 1 4626.88 188.401 4301 0.000327946
4400 1.48312 1.41178 0.0713409 0 0.951898 5042.79 4784.12 258.674 0 -29.1393 -30.0222 1 4726.88 190.427 4401 0.000320787
4500 1.48769 1.4203 0.0673952 0 0.954698 5191.59 4926.15 265.444 0 -29.1697 -30.2017 1 4826.88 192.43 4501 0.000315551
4600 1.51958 1.44918 0.0704008 0 0.953671 5343.29 5071.07 272.222 0 -29.1919 -29.9495 1 4926.88 194.413 4601 0.00031497
4700 1.45353 1.38916 0.0643743 0 0.955712 5488.58 5209.98 278.597 0 -29.2181 -30.184 1 5026.88 196.376 4701 0.000295503
4800 1.50996 1.44771 0.0622457 0 0.958777 5640.09 5354.75 285.334 0 -29.2376 -29.9433 1 5126.88 198.32 4801 0.000301544
4900 1.47817 1.41627 0.0619001 0 0.958124 5788.11 5496.38 291.73 0 -29.2595 -30.0943 1 5226.88 200.245 4901 0.000288975
5000 1.51512 1.44898 0.0661439 0 0.956344 5939.38 5641.28 298.099 0 -29.2783 -29.9947 1 5326.88 202.151 5001 0.000289737
5100 1.4718 1.40625 0.0655478 0 0.955464 6086.26 5781.9 304.36 0 -29.2969 -30.05 1 5426.88 204.04 5101 0.000275681
5200 1.50061 1.43729 0.0633202 0 0.957804 6236.47 5925.63 310.841 0 -29.3107 -29.8692 1 5526.88 205.911 5201 0.000276348
5300 1.44792 1.38957 0.0583515 0 0.9597 6381.56 6064.59 316.97 0 -29.3331 -30.2989 1 5626.88 207.766 5301 0.000262133
5400 1.49337 1.43156 0.0618043 0 0.958614 6531.03 6207.74 323.284 0 -29.3565 -30.3523 1 5726.88 209.604 5401 0.000265055
5500 1.46305 1.40106 0.0619858 0 0.957632 6677.29 6347.85 329.44 0 -29.3782 -30.3481 1 5826.88 211.426 5501 0.000254692
5600 1.51234 1.44836 0.0639735 0 0.957699 6828.46 6492.69 335.771 0 -29.3959 -30.1803 1 5926.88 213.232 5601 0.00025859
5700 1.49032 1.42902 0.0612964 0 0.95887 6977.52 6635.59 341.93 0 -29.416 -30.3371 1 6026.88 215.024 5701 0.000250662
5800 1.5273 1.4673 0.0599917 0 0.96072 7130.3 6782.32 347.978 0 -29.4361 -30.3509 1 6126.88 216.8 5801 0.00025294
5900 1.58196 1.51964 0.0623288 0 0.9606 7288.64 6934.28 354.361 0 -29.4555 -30.3283 1 6226.88 218.562 5901 0.000257522
6000 1.51288 1.45391 0.0589752 0 0.961018 7440.11 7079.67 360.441 0 -29.4766 -30.4931 1 6326.88 220.31 6001 0.000242277
6100 1.5706 1.51025 0.0603544 0 0.961572 7597.29 7230.7 366.588 0 -29.4966 -30.4428 1 6426.88 222.045 6101 0.000247541
6200 1.50939 1.45599 0.0533951 0 0.964625 7748.72 7376.3 372.418 0 -29.5179 -30.5871 1 6526.88 223.765 6201 0.0002348
6300 1.50978 1.45183 0.0579483 0 0.961618 7899.56 7521.48 378.081 0 -29.5393 -30.6378 1 6626.88 225.473 6301 0.000230413
6400 1.57545 1.51667 0.0587753 0 0.962693 8057.12 7673.15 383.971 0 -29.5582 -30.505 1 6726.88 227.168 6401 0.000236943
6500 1.5641 1.5064 0.0576985 0 0.963111 8213.71 7823.79 389.923 0 -29.5798 -30.6926 1 6826.88 228.85 6501 0.000231718
6600 1.63707 1.57355 0.0635213 0 0.961198 8377.25 7981.14 396.112 0 -29.5948 -30.3506 1 6926.88 230.52 6601 0.00023838
6700 1.59356 1.53441 0.0591481 0 0.962883 8536.71 8134.58 402.124 0 -29.6108 -30.4488 1 7026.88 232.178 6701 0.000228983
6800 1.66022 1.58894 0.0712815 0 0.957065 8701.95 8293.48 408.468 0 -29.6274 -30.4887 1 7126.88 233.824 6801 0.000233633
6900 1.5989 1.53741 0.0614877 0 0.961544 8861.99 8447.22 414.771 0 -29.6478 -30.7561 1 7226.88 235.459 6901 0.000222781
7000 1.56697 1.50782 0.0591463 0 0.962254 9019 8598 420.996 0 -29.663 -30.5176 1 7326.88 237.083 7001 0.000215372
7100 1.66653 1.58851 0.0780195 0 0.953184 9184.46 8756.85 427.61 0 -29.6767 -30.4258 1 7426.88 238.695 7101 0.000223702
7200 1.62123 1.55878 0.0624545 0 0.961477 9347.39 8912.73 434.659 0 -29.6944 -30.6934 1 7526.88 240.297 7201 0.000216467
7300 1.5444 1.48486 0.0595453 0 0.961444 9502.1 9061.22 440.881 0 -29.7146 -30.9329 1 7626.88 241.888 7301 0.000203377
7400 1.59626 1.5394 0.0568668 0 0.964375 9661.98 9215.16 446.829 0 -29.7361 -31.0138 1 7726.88 243.468 7401 0.000207998
7500 1.59029 1.53625 0.0540484 0 0.966014 9821.4 9368.78 452.623 0 -29.7561 -30.9662 1 7826.88 245.039 7501 0.000204805
7600 1.5741 1.51717 0.0569298 0 0.963833 9978.83 9520.5 458.332 0 -29.7726 -30.8039 1 7926.88 246.599 7601 0.000199601
7700 1.56788 1.51219 0.0556972 0 0.964476 10135.8 9671.72 464.066 0 -29.7906 -30.9376 1 8026.88 248.15 7701 0.000196362
7800 1.5567 1.50161 0.055093 0 0.964609 10291.7 9821.88 469.823 0 -29.8069 -30.8667 1 8126.88 249.691 7801 0.000192489
7900 1.53641 1.47711 0.0593008 0 0.961403 10445.2 9969.59 475.613 0 -29.825 -31.0331 1 8226.88 251.222 7901 0.000186952
8000 1.55148 1.49147 0.0600085 0 0.961322 10600.3 10118.7 481.54 0 -29.8441 -31.1324 1 8326.88 252.744 8001 0.00018641
8100 1.53294 1.47929 0.0536465 0 0.965004 10754.1 10266.7 487.421 0 -29.8672 -31.4588 1 8426.88 254.257 8101 0.000182606
8200 1.44228 1.39224 0.0500455 0 0.965301 10898.7 10405.9 492.807 0 -29.8888 -31.4931 1 8526.88 255.762 8201 0.000169765
8300 1.47565 1.41805 0.0575966 0 0.960969 11045.7 10547.7 497.97 0 -29.9036 -31.0073 1 8626.88 257.257 8301 0.000170829
8400 1.5099 1.4555 0.0544067 0 0.963967 11196.8 10693.2 503.595 0 -29.9171 -30.9012 1 8726.88 258.744 8401 0.000173253
8500 1.46629 1.41614 0.050148 0 0.965799 11343.7 10834.9 508.88 0 -29.9311 -30.9985 1 8826.88 260.222 8501 0.000166585
8600 1.47239 1.41991 0.0524812 0 0.964356 11490.8 10976.8 513.915 0 -29.9487 -31.3073 1 8926.88 261.692 8601 0.000165087
8700 1.47778 1.4273 0.0504768 0 0.965843 11638.7 11119.6 519.084 0 -29.9652 -31.2436 1 9026.88 263.153 8701 0.000164039
8800 1.57449 1.52003 0.0544558 0 0.965414 11796 11271.6 524.459 0 -29.9815 -31.1889 1 9126.88 264.607 8801 0.000172711
8900 1.5702 1.51645 0.0537484 0 0.96577 11953.3 11423.2 530.062 0 -29.9951 -31.0133 1 9226.88 266.053 8901 0.000170368
9000 1.58165 1.5236 0.0580428 0 0.963302 12111.1 11575.6 535.506 0 -30.0067 -30.8895 1 9326.88 267.49 9001 0.00016927
9100 1.59587 1.53692 0.0589529 0 0.963059 12270.7 11729.3 541.372 0 -30.0219 -31.1729 1 9426.88 268.921 9101 0.000168873
9200 1.51597 1.4553 0.0606669 0 0.959981 12421.8 11874.8 546.96 0 -30.0356 -31.1515 1 9526.88 270.343 9201 0.000158168
9300 1.52886 1.47538 0.0534783 0 0.965021 12574.8 12022.3 552.492 0 -30.0491 -31.1423 1 9626.88 271.758 9301 0.000158626
9400 1.51438 1.45195 0.0624291 0 0.958776 12725.3 12167.5 557.783 0 -30.0578 -30.7854 1 9726.88 273.166 9401 0.000154446
9500 1.64096 1.58395 0.0570135 0 0.965256 12889.8 12325.9 563.907 0 -30.063 -30.4682 1 9826.88 274.567 9501 0.000166714
9600 1.5283 1.47507 0.0532313 0 0.96517 13042.8 12473.4 569.339 0 -30.0733 -30.9399 1 9926.88 275.96 9601 0.000153637
9700 1.51683 1.46738 0.049451 0 0.967398 13194.9 12620.2 574.675 0 -30.0859 -31.1671 1 10026.9 277.347 9701 0.00015126
9800 1.4386 1.39212 0.0464806 0 0.96769 13338.8 12759.4 579.387 0 -30.0996 -31.3505 1 10126.9 278.726 9801 0.000142039
9900 1.50489 1.45175 0.053139 0 0.964689 13489 12904.6 584.415 0 -30.1129 -31.2942 1 10226.9 280.099 9901 0.000146627
10000 1.51264 1.45888 0.0537552 0 0.964463 13640.3 13050.5 589.843 0 -30.1272 -31.406 1 10326.9 281.465 10001 0.000145873
10100 1.5849 1.52564 0.0592662 0 0.962606 13798.5 13203 595.511 0 -30.1381 -31.0766 1 10426.9 282.825 10101 0.000151038
10200 1.66536 1.60241 0.0629572 0 0.962196 13964.9 13363.3 601.641 0 -30.1452 -30.7325 1 10526.9 284.178 10201 0.000157083
10300 1.63426 1.57633 0.0579348 0 0.96455 14128.7 13520.9 607.774 0 -30.1557 -31.0518 1 10626.9 285.524 10301 0.000153027
10400 1.66016 1.59366 0.0665047 0 0.959941 14294.4 13680.3 614.091 0 -30.1632 -30.8068 1 10726.9 286.865 10401 0.000153221
10500 1.73621 1.6756 0.0606103 0 0.96509 14468.5 13847.8 620.702 0 -30.1717 -30.8663 1 10826.9 288.199 10501 0.000159566
10600 1.60672 1.54667 0.0600553 0 0.962622 14629.1 14002.5 626.584 0 -30.181 -31.0162 1 10926.9 289.526 10601 0.000145898
10700 1.66421 1.59942 0.064789 0 0.961069 14795.3 14162.4 632.824 0 -30.1914 -31.1078 1 11026.9 290.848 10701 0.000149465
10800 1.66422 1.60539 0.0588267 0 0.964652 14962.2 14323 639.216 0 -30.2028 -31.2147 1 11126.9 292.164 10801 0.000148634
10900 1.5764 1.52262 0.0537797 0 0.965884 15120.2 14475.2 644.966 0 -30.2169 -31.5502 1 11226.9 293.474 10901 0.000139677
11000 1.5719 1.51601 0.0558854 0 0.964447 15277.3 14626.8 650.494 0 -30.2296 -31.4539 1 11326.9 294.778 11001 0.000137807
11100 1.59719 1.53771 0.0594788 0 0.96276 15437 14780.6 656.37 0 -30.2391 -31.1453 1 11426.9 296.076 11101 0.00013852
11200 1.54865 1.49489 0.0537593 0 0.965286 15592.1 14930.1 662.032 0 -30.2508 -31.4185 1 11526.9 297.369 11201 0.00013346
11300 1.56329 1.50681 0.0564736 0 0.963875 15748.3 15080.8 667.571 0 -30.2643 -31.6051 1 11626.9 298.656 11301 0.000133334
11400 1.54225 1.48796 0.0542932 0 0.964796 15902.5 15229.6 672.922 0 -30.2752 -31.3917 1 11726.9 299.938 11401 0.000130511
11500 1.60778 1.54544 0.0623443 0 0.961223 16062.9 15384.1 678.766 0 -30.2811 -30.8641 1 11826.9 301.214 11501 0.000134374
11600 1.54406 1.48652 0.0575486 0 0.962729 16217.5 15532.8 684.78 0 -30.2909 -31.314 1 11926.9 302.485 11601 0.000128137
11700 1.47171 1.42082 0.0508934 0 0.965419 16365.1 15674.8 690.21 0 -30.3032 -31.6507 1 12026.9 303.75 11701 0.000121427
11800 1.4862 1.43447 0.0517366 0 0.965189 16513.8 15818.3 695.463 0 -30.3154 -31.6566 1 12126.9 305.01 11801 0.000121555
11900 1.51591 1.46198 0.0539302 0 0.964424 16665.3 15964.5 700.81 0 -30.3259 -31.4743 1 12226.9 306.265 11901 0.000122845
12000 1.5242 1.4713 0.0528959 0 0.965296 16817.7 16111.6 706.103 0 -30.3378 -31.6407 1 12326.9 307.515 12001 0.000122598
12100 1.52066 1.46818 0.0524722 0 0.965494 16969.7 16258.4 711.259 0 -30.3486 -31.5398 1 12426.9 308.76 12101 0.000121327
12200 1.62485 1.56439 0.0604603 0 0.96279 17131.9 16414.9 716.99 0 -30.3566 -31.1977 1 12526.9 310 12201 0.000128218
12300 1.59562 1.53863 0.0569911 0 0.964283 17291.6 16568.7 722.843 0 -30.3666 -31.4327 1 12626.9 311.235 12301 0.000125081
12400 1.63519 1.56991 0.0652857 0 0.960075 17454.6 16725.7 728.884 0 -30.376 -31.3784 1 12726.9 312.465 12401 0.000126595
12500 1.69625 1.63324 0.0630057 0 0.962856 17624.2 16889.1 735.137 0 -30.3868 -31.497 1 12826.9 313.69 12501 0.000130649
12600 1.58708 1.53281 0.0542696 0 0.965805 17783.3 17042.3 740.924 0 -30.3996 -31.8187 1 12926.9 314.91 12601 0.000121642
12700 1.56586 1.50855 0.0573116 0 0.963399 17939.8 17193.2 746.615 0 -30.4131 -31.9453 1 13026.9 316.126 12701 0.000118774
12800 1.59683 1.5452 0.0516289 0 0.967668 18100 17347.7 752.264 0 -30.4235 -31.589 1 13126.9 317.337 12801 0.000120709
12900 1.59105 1.53388 0.0571728 0 0.964066 18259 17501.1 757.884 0 -30.4322 -31.425 1 13226.9 318.544 12901 0.000118896
13000 1.58059 1.52555 0.0550402 0 0.965177 18417.2 17653.7 763.565 0 -30.4423 -31.61 1 13326.9 319.745 13001 0.000117341
13100 1.64947 1.58667 0.0628045 0 0.961925 18581.8 17812.3 769.51 0 -30.4516 -31.4885 1 13426.9 320.943 13101 0.000121111
13200 1.64918 1.5867 0.0624779 0 0.962116 18746.5 17971 775.553 0 -30.4602 -31.428 1 13526.9 322.136 13201 0.000120196
13300 1.6143 1.55958 0.0547216 0 0.966102 18908.3 18126.9 781.375 0 -30.4693 -31.523 1 13626.9 323.324 13301 0.000117253
13400 1.62878 1.56415 0.0646352 0 0.960317 19070.8 18283.4 787.456 0 -30.4783 -31.5289 1 13726.9 324.508 13401 0.000116719
13500 1.64216 1.58345 0.0587085 0 0.964249 19235.2 18441.7 793.491 0 -30.4885 -31.6703 1 13826.9 325.688 13501 0.000117284
13600 1.66144 1.60225 0.0591913 0 0.964374 19401.5 18601.9 799.558 0 -30.4964 -31.4162 1 13926.9 326.864 13601 0.000117804
13700 1.66967 1.60417 0.0654972 0 0.960772 19568 18762.4 805.645 0 -30.5033 -31.3078 1 14026.9 328.035 13701 0.000117084
13800 1.60495 1.54721 0.0577418 0 0.964023 19728.5 18917.1 811.442 0 -30.5111 -31.4569 1 14126.9 329.203 13801 0.000112109
13900 1.50281 1.45614 0.0466722 0 0.968943 19879.1 19062.7 816.421 0 -30.5214 -31.8679 1 14226.9 330.366 13901 0.000104751
14000 1.54844 1.49762 0.0508203 0 0.96718 20034 19212.4 821.578 0 -30.5317 -31.8576 1 14326.9 331.525 14001 0.000106965
14100 1.58818 1.53774 0.0504412 0 0.96824 20193.1 19366.2 826.871 0 -30.5432 -31.9912 1 14426.9 332.68 14101 0.000109052
14200 1.58721 1.53748 0.0497261 0 0.968671 20352 19520 832.028 0 -30.5547 -32.0145 1 14526.9 333.831 14201 0.000108266
14300 1.55455 1.5013 0.0532486 0 0.965747 20507.2 19670.1 837.149 0 -30.5654 -31.9689 1 14626.9 334.978 14301 0.000104978
14400 1.62847 1.57498 0.0534889 0 0.967154 20670.5 19827.6 842.889 0 -30.577 -32.0316 1 14726.9 336.121 14401 0.000109366
14500 1.59439 1.54038 0.0540088 0 0.966126 20830.1 19981.6 848.493 0 -30.5869 -31.8773 1 14826.9 337.26 14501 0.000106226
14600 1.62723 1.56363 0.0636018 0 0.960914 20992.4 20138 854.367 0 -30.5956 -31.7038 1 14926.9 338.396 14601 0.00010709
14700 1.61928 1.55914 0.0601476 0 0.962855 21154.5 20293.9 860.625 0 -30.6047 -31.7828 1 15026.9 339.527 14701 0.000106056
14800 1.63286 1.56365 0.0692124 0 0.957613 21317 20450.3 866.752 0 -30.6133 -31.7332 1 15126.9 340.655 14801 0.000105645
14900 1.62824 1.56758 0.0606616 0 0.962744 21480.2 20607 873.131 0 -30.6217 -31.7151 1 15226.9 341.779 14901 0.000105199
15000 1.69652 1.62932 0.0671997 0 0.96039 21649.5 20770 879.493 0 -30.6272 -31.3325 1 15326.9 342.9 15001 0.000108614
15100 1.63988 1.58085 0.0590251 0 0.964006 21813.9 20928.1 885.832 0 -30.6348 -31.6312 1 15426.9 344.016 15101 0.000104685
15200 1.58865 1.53112 0.0575349 0 0.963784 21972.8 21081.2 891.594 0 -30.6423 -31.6697 1 15526.9 345.13 15201 0.000100725
15300 1.63616 1.58064 0.0555202 0 0.966067 22136.6 21239.2 897.367 0 -30.651 -31.8169 1 15626.9 346.239 15301 0.000103303
15400 1.60548 1.55143 0.0540476 0 0.966336 22297.2 21394.4 902.82 0 -30.6586 -31.7134 1 15726.9 347.345 15401 0.000100736
15500 1.60084 1.54968 0.0511527 0 0.968046 22457.5 21549.3 908.127 0 -30.6677 -31.931 1 15826.9 348.448 15501 9.99731e-05
15600 1.63445 1.57578 0.058673 0 0.964102 22620.5 21706.9 913.589 0 -30.6749 -31.667 1 15926.9 349.547 15601 0.000101005
15700 1.60826 1.55636 0.0518971 0 0.967731 22781.7 21862.6 919.164 0 -30.6833 -31.8574 1 16026.9 350.643 15701 9.91252e-05
15800 1.56136 1.50658 0.0547856 0 0.964912 22937.7 22013.2 924.5 0 -30.692 -31.9742 1 16126.9 351.735 15801 9.53471e-05
15900 1.64296 1.58759 0.0553741 0 0.966296 23102.1 22172 930.134 0 -30.6997 -31.7726 1 16226.9 352.824 15901 9.98419e-05
16000 1.62757 1.57488 0.0526877 0 0.967628 23265 22329.5 935.587 0 -30.7077 -31.8355 1 16326.9 353.909 16001 9.84238e-05
16100 1.5986 1.54304 0.0555655 0 0.965241 23424.8 22483.8 941.008 0 -30.7155 -31.8602 1 16426.9 354.991 16101 9.58348e-05
16200 1.57004 1.51628 0.0537653 0 0.965756 23581.8 22635.4 946.385 0 -30.724 -31.9826 1 16526.9 356.07 16201 9.35916e-05
16300 1.66993 1.60816 0.0617755 0 0.963007 23748.3 22796.2 952.11 0 -30.7313 -31.7719 1 16626.9 357.146 16301 9.86538e-05
16400 1.79255 1.72808 0.0644751 0 0.964032 23927.5 22969 958.439 0 -30.7353 -31.2607 1 16726.9 358.218 16401 0.000105364
16500 1.76216 1.69562 0.0665411 0 0.962239 24103.6 23138.6 964.992 0 -30.7402 -31.4074 1 16826.9 359.287 16501 0.000102759
16600 1.83867 1.76691 0.0717541 0 0.960975 24287.2 23315.3 971.902 0 -30.7437 -31.2022 1 16926.9 360.353 16601 0.000106434
16700 1.8257 1.75425 0.0714538 0 0.960862 24469.6 23490.7 978.89 0 -30.7478 -31.2914 1 17026.9 361.416 16701 0.000105039
16800 1.74164 1.67888 0.0627525 0 0.963969 24644.3 23658.6 985.737 0 -30.7539 -31.6122 1 17126.9 362.476 16801 9.99275e-05
16900 1.84521 1.77516 0.0700546 0 0.962034 24828.7 23836.1 992.59 0 -30.7575 -31.2445 1 17226.9 363.533 16901 0.000105033
17000 1.79046 1.72603 0.0644289 0 0.964015 25008.1 24008.7 999.383 0 -30.7626 -31.4641 1 17326.9 364.586 17001 0.000101525
17100 1.74535 1.68249 0.0628588 0 0.963985 25182.6 24176.9 1005.65 0 -30.7679 -31.5288 1 17426.9 365.637 17101 9.83853e-05
17200 1.80082 1.73757 0.0632506 0 0.964877 25362.7 24350.7 1012.03 0 -30.7714 -31.2539 1 17526.9 366.684 17201 0.000101015
17300 1.70583 1.6459 0.0599345 0 0.964865 25533.2 24515.3 1017.95 0 -30.7773 -31.6571 1 17626.9 367.729 17301 9.51329e-05
17400 1.78292 1.71972 0.0631998 0 0.964553 25711.6 24687.3 1024.35 0 -30.7816 -31.3917 1 17726.9 368.771 17401 9.88289e-05
17500 1.7317 1.6701 0.0616027 0 0.964426 25884.9 24854.3 1030.64 0 -30.7867 -31.5524 1 17826.9 369.809 17501 9.54287e-05
17600 1.70459 1.64534 0.0592527 0 0.965239 26055.5 25018.8 1036.67 0 -30.7917 -31.5532 1 17926.9 370.845 17601 9.34797e-05
17700 1.71274 1.65305 0.0596882 0 0.96515 26226.8 25184.1 1042.65 0 -30.7963 -31.4857 1 18026.9 371.878 17701 9.33874e-05
17800 1.6569 1.59927 0.0576307 0 0.965218 26392.4 25344 1048.37 0 -30.8024 -31.775 1 18126.9 372.908 17801 8.98417e-05
17900 1.63355 1.57447 0.0590768 0 0.963835 26555.6 25501.5 1054.08 0 -30.8095 -31.9594 1 18226.9 373.935 17901 8.79542e-05
18000 1.65872 1.60298 0.0557367 0 0.966398 26721.5 25661.8 1059.67 0 -30.8183 -32.2224 1 18326.9 374.959 18001 8.90497e-05
18100 1.63655 1.58081 0.0557431 0 0.965939 26885.2 25819.9 1065.31 0 -30.8253 -31.9645 1 18426.9 375.981 18101 8.73326e-05
18200 1.70881 1.64708 0.0617299 0 0.963876 27055.9 25984.6 1071.32 0 -30.83 -31.583 1 18526.9 377 18201 9.0494e-05
18300 1.65435 1.60229 0.0520592 0 0.968532 27222 26144.8 1077.23 0 -30.8368 -31.9354 1 18626.9 378.016 18301 8.7552e-05
18400 1.70634 1.64748 0.0588544 0 0.965508 27392.6 26309.6 1083.04 0 -30.8429 -31.822 1 18726.9 379.029 18401 8.95324e-05
18500 1.71365 1.65262 0.0610289 0 0.964387 27563.8 26474.8 1089 0 -30.8475 -31.5803 1 18826.9 380.04 18501 8.93262e-05
18600 1.6263 1.57453 0.0517656 0 0.96817 27726.7 26632.3 1094.39 0 -30.8539 -31.9371 1 18926.9 381.048 18601 8.46478e-05
18700 1.66279 1.60425 0.0585436 0 0.964792 27892.5 26792.7 1099.76 0 -30.8594 -31.784 1 19026.9 382.053 18701 8.5784e-05
18800 1.66796 1.61132 0.0566331 0 0.966046 28059.3 26953.8 1105.49 0 -30.866 -31.9562 1 19126.9 383.056 18801 8.57041e-05
18900 1.62515 1.57073 0.0544194 0 0.966514 28221.9 27110.9 1110.97 0 -30.8729 -32.0706 1 19226.9 384.056 18901 8.31029e-05
19000 1.59855 1.54895 0.0495959 0 0.968974 28382.1 27265.8 1116.33 0 -30.8789 -31.9293 1 19326.9 385.053 19001 8.15195e-05
19100 1.54945 1.50082 0.0486282 0 0.968616 28537 27415.9 1121.15 0 -30.8861 -32.2155 1 19426.9 386.048 19101 7.85729e-05
19200 1.56753 1.51585 0.0516811 0 0.96703 28693.5 27567.5 1126.09 0 -30.8933 -32.2107 1 19526.9 387.041 19201 7.89462e-05
19300 1.57337 1.52314 0.0502257 0 0.968078 28850.9 27719.8 1131.12 0 -30.9013 -32.3448 1 19626.9 388.03 19301 7.89152e-05
19400 1.67381 1.62052 0.0532986 0 0.968157 29018.5 27881.8 1136.69 0 -30.9071 -31.9174 1 19726.9 389.018 19401 8.35274e-05
19500 1.66341 1.60579 0.0576211 0 0.96536 29184.7 28042.4 1142.32 0 -30.9131 -31.9497 1 19826.9 390.002 19501 8.23441e-05
19600 1.72074 1.66267 0.0580649 0 0.966256 29356.8 28208.7 1148.17 0 -30.9189 -31.9055 1 19926.9 390.985 19601 8.48259e-05
19700 1.65332 1.59807 0.0552521 0 0.966581 29522.3 28368.5 1153.83 0 -30.9246 -31.9426 1 20026.9 391.964 19701 8.11162e-05
19800 1.64527 1.58932 0.0559555 0 0.96599 29686.8 28527.4 1159.4 0 -30.93 -31.8901 1 20126.9 392.942 19801 8.02644e-05
19900 1.70399 1.6455 0.0584851 0 0.965678 29857.2 28692 1165.27 0 -30.9354 -31.879 1 20226.9 393.917 19901 8.26844e-05
20000 1.74405 1.68594 0.0581142 0 0.966679 30031.8 28860.6 1171.24 0 -30.9414 -31.9668 1 20325.9 394.88 20000 8.4297e-05
