100 0.0053525 0.00495219 0.000400305 0 0.925212 0.521267 0.495219 0.0260475 0 -23.3323 -23.3323 64 453.882 59.0081 2 0.0024761
200 0.0241049 0.0223473 0.00175758 0 0.927086 2.90823 2.72995 0.178284 0 -23.28 -23.2686 64 581.882 66.8124 4 0.00558682
300 0.0104002 0.00986157 0.000538638 0 0.948209 3.99566 3.71611 0.27955 0 -23.6333 -24.5783 64 645.882 70.3909 5 0.00197231
400 0.0160766 0.015101 0.000975655 0 0.939312 5.61026 5.2262 0.384054 0 -25.5272 -30.2141 64 773.882 77.0508 7 0.00215728
500 0.0104996 0.00966644 0.000833154 0 0.920649 6.66263 6.19285 0.46978 0 -26.0418 -28.7849 64 837.882 80.1736 8 0.00120831
600 0.0310342 0.0293884 0.0016458 0 0.946968 9.79185 9.13168 0.660167 0 -27.9739 -32.0878 64 965.882 86.08 10 0.00293884
700 0.0171298 0.0162558 0.000873974 0 0.948979 11.5542 10.7573 0.796972 0 -28.6336 -32.2989 64 1029.88 88.8861 11 0.0014778
800 0.0188913 0.0174899 0.00140139 0 0.925818 13.4686 12.5063 0.96234 0 -28.9254 -30.6864 64 1157.88 94.248 13 0.00134538
900 0.0146455 0.0128877 0.00175788 0 0.879972 14.8716 13.795 1.07661 0 -29.0194 -29.9218 64 1285.88 99.3209 15 0.000859178
1000 0.0135145 0.0126072 0.000907315 0 0.932863 16.234 15.0557 1.17827 0 -29.1246 -30.2728 64 1349.88 101.763 16 0.000787947
1100 0.0118742 0.0110992 0.000774914 0 0.934739 17.4459 16.1657 1.28027 0 -29.2544 -30.9936 64 1477.88 106.478 18 0.000616624
1200 0.0134914 0.0120133 0.00147816 0 0.890437 18.7866 17.367 1.41967 0 -29.2422 -29.083 64 1541.88 108.759 19 0.000632276
1300 0.0136167 0.0127486 0.000868117 0 0.936246 20.1746 18.6418 1.5328 0 -29.3321 -30.5492 64 1669.88 113.183 21 0.000607077
1400 0.0115185 0.0111048 0.000413733 0 0.964081 21.3727 19.7523 1.62035 0 -29.4644 -31.6927 64 1733.88 115.332 22 0.000504762
1500 0.0282818 0.0272462 0.00103557 0 0.963384 24.2212 22.4769 1.74423 0 -29.081 -26.2042 64 1861.88 119.513 24 0.00113526
1600 0.017275 0.0165721 0.000702828 0 0.959315 25.9614 24.1342 1.82722 0 -29.0225 -28.2087 64 1989.88 123.553 26 0.000637389
1700 0.0159834 0.0153679 0.000615527 0 0.96149 27.5743 25.6709 1.90334 0 -28.9763 -28.232 64 2053.88 125.524 27 0.000569181
1800 0.0132737 0.0129188 0.000354883 0 0.973264 28.9242 26.9628 1.96137 0 -29.0259 -30.0391 64 2181.88 129.377 29 0.000445477
1900 0.01239 0.0119739 0.000416119 0 0.966415 30.162 28.1602 2.00183 0 -29.0746 -30.2123 64 2245.88 131.26 30 0.000399129
2000 0.0250112 0.024244 0.000767179 0 0.969327 32.6922 30.5846 2.10754 0 -28.9037 -26.8662 64 2373.88 134.949 32 0.000757625
2100 0.0163459 0.0159242 0.000421709 0 0.974201 34.3447 32.177 2.16767 0 -28.9063 -28.9573 64 2437.88 136.756 33 0.000482552
2200 0.0230146 0.0216153 0.0013993 0 0.9392 36.5783 34.3386 2.23977 0 -28.8859 -28.5729 64 2565.88 140.3 35 0.000617579
2300 0.02154 0.0207797 0.000760301 0 0.964703 38.7646 36.4165 2.34803 0 -28.9439 -29.9147 64 2629.88 142.039 36 0.000577214
2400 0.0254313 0.0246902 0.000741098 0 0.970859 41.3436 38.8856 2.45806 0 -29.1923 -32.9249 64 2757.88 145.455 38 0.000649742
2500 0.0218065 0.0206163 0.00119012 0 0.945424 43.5229 40.9472 2.57573 0 -29.2372 -30.0893 64 2885.88 148.792 40 0.000515409
2600 0.0176755 0.0168985 0.000776935 0 0.956044 45.3132 42.637 2.67616 0 -29.3226 -31.4002 64 2949.88 150.433 41 0.000412159
2700 0.0191044 0.0181865 0.000917926 0 0.951952 47.2305 44.4557 2.77483 0 -29.3603 -30.2504 64 3077.88 153.662 43 0.000422942
2800 0.0153783 0.0145558 0.000822544 0 0.946513 48.7722 45.9113 2.86094 0 -29.4155 -31.1056 64 3141.88 155.251 44 0.000330814
2900 0.0154914 0.0148455 0.000645885 0 0.958307 50.3329 47.3958 2.9371 0 -29.4675 -31.0931 64 3269.88 158.382 46 0.000322728
3000 0.0158964 0.0152455 0.000650823 0 0.959058 51.9304 48.9204 3.01007 0 -29.4785 -29.8247 64 3333.88 159.925 47 0.000324373
3100 0.0167333 0.0160769 0.000656426 0 0.960771 53.6222 50.5281 3.09417 0 -29.4955 -30.0167 64 3461.88 162.966 49 0.000328099
3200 0.0140416 0.0137553 0.000286304 0 0.97961 55.0474 51.9036 3.14384 0 -29.5435 -31.3516 64 3589.88 165.951 51 0.000269711
3300 0.0297378 0.0277991 0.00193865 0 0.934808 57.9895 54.6835 3.30599 0 -29.5633 -29.9339 64 3653.88 167.424 52 0.000534599
3400 0.0309308 0.0290319 0.0018989 0 0.938608 61.108 57.5867 3.52126 0 -29.518 -28.6754 64 3781.88 170.331 54 0.000537628
3500 0.0255494 0.0242375 0.00131196 0 0.94865 63.6845 60.0104 3.67406 0 -29.5044 -29.1826 64 3845.88 171.766 55 0.000440682
3600 0.0223565 0.0206256 0.0017309 0 0.922577 65.8789 62.073 3.80592 0 -29.5197 -29.9621 64 3973.88 174.601 57 0.000361853
3700 0.0191167 0.0185223 0.000594414 0 0.968906 67.8243 63.9252 3.8991 0 -29.5967 -32.2056 64 4037.88 176.002 58 0.000319349
3800 0.0544063 0.0527641 0.00164221 0 0.969816 73.2578 69.2016 4.05619 0 -29.401 -26.9575 64 4165.88 178.77 60 0.000879402
3900 0.0404392 0.0379692 0.00247004 0 0.93892 77.2834 72.9986 4.28483 0 -29.3268 -27.9763 64 4229.88 180.138 61 0.000622445
4000 0.0323731 0.0303705 0.0020026 0 0.93814 80.5382 76.0356 4.50255 0 -29.3009 -28.6872 64 4357.88 182.843 63 0.000482071
4100 0.028522 0.0269513 0.00157071 0 0.94493 83.4139 78.7307 4.68313 0 -29.3142 -29.6859 64 4485.88 185.509 65 0.000414636
4200 0.0285059 0.0269923 0.00151369 0 0.946899 86.2596 81.43 4.82968 0 -29.3124 -29.2613 64 4549.88 186.827 66 0.000408974
4300 0.0325229 0.0303437 0.00217922 0 0.932994 89.4684 84.4643 5.00402 0 -29.2557 -27.73 64 4677.88 189.437 68 0.00044623
4400 0.0393736 0.0371462 0.00222738 0 0.94343 93.4038 88.1789 5.22488 0 -29.1844 -27.5642 64 4741.88 190.728 69 0.000538351
4500 0.032287 0.0304189 0.00186819 0 0.942138 96.6273 91.2208 5.40648 0 -29.1744 -28.8838 64 4869.88 193.285 71 0.000428435
4600 0.0283142 0.0273214 0.000992793 0 0.964937 99.5021 93.953 5.54915 0 -29.2076 -30.3235 64 4933.88 194.551 72 0.000379464
4700 0.0287373 0.0282332 0.000504075 0 0.982459 102.419 96.7763 5.64264 0 -29.2983 -32.3922 64 5061.88 197.059 74 0.00038153
4800 0.0221421 0.0219052 0.000236968 0 0.989298 104.646 98.9668 5.67949 0 -29.3508 -31.7645 64 5189.88 199.535 76 0.000288226
4900 0.0323425 0.0316703 0.000672161 0 0.979217 107.9 102.134 5.76641 0 -29.4295 -31.9596 64 5253.88 200.761 77 0.000411303
5000 0.0268313 0.025614 0.00121725 0 0.954633 110.551 104.695 5.85545 0 -29.4548 -30.4884 64 5381.88 203.192 79 0.000324228
5100 0.0240876 0.0238423 0.000245387 0 0.989813 112.991 107.079 5.91128 0 -29.5074 -31.888 64 5445.88 204.397 80 0.000298028
5200 0.0206231 0.0204445 0.000178627 0 0.991339 115.064 109.124 5.93973 0 -29.5553 -32.1669 64 5573.88 206.785 82 0.000249323
5300 0.0184011 0.0182649 0.000136182 0 0.992599 116.905 110.95 5.95462 0 -29.6062 -32.7835 64 5637.88 207.969 83 0.000220059
5400 0.019887 0.0194287 0.000458347 0 0.976952 118.867 112.893 5.97405 0 -29.6567 -32.6688 64 5765.88 210.316 85 0.000228573
5500 0.0197231 0.0195679 0.000155217 0 0.99213 120.853 114.85 6.00292 0 -29.7114 -32.9866 64 5829.88 211.48 86 0.000227534
5600 0.018109 0.017957 0.000152005 0 0.991606 122.676 116.646 6.03043 0 -29.7573 -32.7966 64 5957.88 213.789 88 0.000204057
5700 0.0226981 0.0210769 0.00162117 0 0.928577 124.818 118.753 6.06407 0 -29.7377 -28.6183 64 6085.88 216.074 90 0.000234188
5800 0.0337036 0.0324401 0.00126354 0 0.96251 128.187 121.997 6.18938 0 -29.6806 -27.5642 64 6149.88 217.207 91 0.000356485
5900 0.0418442 0.0402892 0.00155499 0 0.962839 132.378 126.026 6.35153 0 -29.6574 -28.9473 64 6277.88 219.456 93 0.000433217
6000 0.0390515 0.0374104 0.00164114 0 0.957975 136.31 129.767 6.54246 0 -29.6161 -28.2274 64 6341.88 220.571 94 0.000397983
6100 0.0359166 0.0344277 0.00148891 0 0.958545 139.934 133.21 6.72397 0 -29.6266 -30.0197 64 6469.88 222.786 96 0.000358621
6200 0.0266681 0.0258753 0.000792736 0 0.970274 142.634 135.798 6.83604 0 -29.6518 -30.9603 64 6533.88 223.885 97 0.000266756
6300 0.0238992 0.0233887 0.000510547 0 0.978637 145.036 138.137 6.89946 0 -29.6787 -31.2764 64 6661.88 226.068 99 0.000236249
6400 0.0213194 0.0209609 0.000358453 0 0.983187 147.175 140.233 6.94237 0 -29.7078 -31.6761 64 6789.88 228.229 101 0.000207534
6500 0.0223383 0.0218788 0.000459482 0 0.979431 149.401 142.421 6.98047 0 -29.7388 -31.7934 64 6853.88 229.302 102 0.000214498
6600 0.0249337 0.0241226 0.000811063 0 0.967471 151.886 144.833 7.05363 0 -29.7609 -31.0853 64 6981.88 231.434 104 0.000231948
6700 0.0203388 0.0200383 0.000300465 0 0.985227 153.952 146.837 7.1156 0 -29.797 -32.4511 64 7045.88 232.492 105 0.000190841
6800 0.0186733 0.0183811 0.000292167 0 0.984354 155.816 148.675 7.14171 0 -29.8332 -32.8276 64 7173.88 234.594 107 0.000171786
6900 0.0181463 0.0179324 0.000213901 0 0.988212 157.639 150.468 7.17081 0 -29.8738 -33.3419 64 7237.88 235.638 108 0.00016604
7000 0.0258258 0.0246804 0.00114539 0 0.955649 160.168 152.936 7.23185 0 -29.899 -31.4671 64 7365.88 237.713 110 0.000224368
7100 0.0259714 0.0251637 0.000807708 0 0.9689 162.787 155.452 7.33482 0 -29.9372 -32.2742 64 7429.88 238.743 111 0.0002267
7200 0.021606 0.0210414 0.000564664 0 0.973865 164.961 157.557 7.40487 0 -29.977 -32.9558 64 7557.88 240.791 113 0.000186207
7300 0.0233734 0.0210489 0.00232451 0 0.900549 167.113 159.661 7.45107 0 -29.9839 -30.5137 64 7685.88 242.821 115 0.000183034
7400 0.0257753 0.025179 0.000596288 0 0.976866 169.708 162.179 7.52832 0 -30.0228 -32.5291 64 7749.88 243.83 116 0.00021706
7500 0.0211088 0.0204585 0.000650268 0 0.969194 171.809 164.225 7.58362 0 -30.0495 -32.2101 64 7877.88 245.836 118 0.000173378
7600 0.0190366 0.0187495 0.000287089 0 0.984919 173.717 166.1 7.61637 0 -30.087 -33.4594 64 7941.88 246.832 119 0.000157559
7700 0.0286278 0.0272293 0.00139854 0 0.951148 176.534 168.823 7.71117 0 -30.0953 -30.6068 64 8069.88 248.813 121 0.000225035
7800 0.0217557 0.0212803 0.00047547 0 0.978145 178.751 170.951 7.79946 0 -30.1288 -32.8001 64 8133.88 249.798 122 0.000174428
7900 0.0181893 0.0178933 0.000295945 0 0.98373 180.59 172.74 7.84975 0 -30.1621 -33.3996 64 8261.88 251.756 124 0.000144301
8000 0.0185742 0.0180676 0.000506611 0 0.972725 182.444 174.547 7.89659 0 -30.1827 -32.186 64 8389.88 253.699 126 0.000143393
8100 0.0215418 0.0211 0.000441822 0 0.97949 184.641 176.657 7.98394 0 -30.2142 -32.8328 64 8453.88 254.664 127 0.000166142
8200 0.0169305 0.0166222 0.000308376 0 0.981786 186.337 178.319 8.01809 0 -30.2436 -33.4436 64 8581.88 256.585 129 0.000128854
8300 0.017507 0.0170216 0.000485463 0 0.97227 188.081 180.022 8.05918 0 -30.2622 -32.2442 64 8645.88 257.54 130 0.000130935
8400 0.0250475 0.023214 0.0018335 0 0.926799 190.497 182.343 8.15445 0 -30.2675 -30.6802 64 8773.88 259.439 132 0.000175863
8500 0.0234309 0.0224927 0.000938177 0 0.95996 192.852 184.592 8.26017 0 -30.2852 -31.7217 64 8837.88 260.384 133 0.000169118
8600 0.0272112 0.025506 0.00170523 0 0.937333 195.532 187.143 8.38918 0 -30.2806 -29.9473 64 8965.88 262.263 135 0.000188933
8700 0.0220895 0.0213176 0.000771874 0 0.965057 197.793 189.275 8.51804 0 -30.295 -31.5402 64 9029.88 263.197 136 0.000156747
8800 0.0187577 0.0183591 0.000398669 0 0.978746 199.693 191.11 8.58259 0 -30.3183 -32.7377 64 9157.88 265.056 138 0.000133037
8900 0.0201102 0.019164 0.000946189 0 0.95295 201.646 193.027 8.61865 0 -30.3358 -32.1303 64 9285.88 266.902 140 0.000136886
9000 0.0196074 0.0192894 0.000318082 0 0.983777 203.621 194.956 8.6656 0 -30.3637 -33.208 64 9349.88 267.82 141 0.000136804
9100 0.0227391 0.0220563 0.000682778 0 0.969973 205.885 197.161 8.72326 0 -30.3755 -31.4438 64 9477.88 269.647 143 0.00015424
9200 0.0193024 0.0190266 0.000275825 0 0.98571 207.831 199.064 8.76694 0 -30.4006 -33.0466 64 9541.88 270.556 144 0.000132129
9300 0.0268898 0.0261664 0.000723406 0 0.973097 210.549 201.681 8.86853 0 -30.3862 -29.2873 64 9669.88 272.365 146 0.000179222
9400 0.0207997 0.0202401 0.000559554 0 0.973098 212.64 203.705 8.9356 0 -30.3972 -31.5092 64 9733.88 273.264 147 0.000137688
9500 0.0229433 0.0219926 0.00095077 0 0.95856 214.909 205.904 9.00534 0 -30.4041 -31.0472 64 9861.88 275.055 149 0.000147601
9600 0.0228699 0.0221748 0.000695113 0 0.969606 217.232 208.121 9.11068 0 -30.4192 -31.8184 64 9989.88 276.835 151 0.000146853
9700 0.0399988 0.0385593 0.00143945 0 0.964013 221.274 211.977 9.29608 0 -30.4328 -31.1606 64 10053.9 277.72 152 0.00025368
9800 0.0261239 0.0248862 0.00123765 0 0.952624 223.886 214.466 9.41995 0 -30.4501 -31.9194 64 10181.9 279.482 154 0.000161599
9900 0.0322357 0.0304663 0.0017694 0 0.945111 227.06 217.513 9.54688 0 -30.4374 -29.544 64 10245.9 280.359 155 0.000196557
10000 0.0370109 0.0348724 0.00213852 0 0.942219 230.766 221 9.7657 0 -30.4438 -30.8361 64 10373.9 282.105 157 0.000222117
10100 0.0284805 0.0265029 0.00197757 0 0.930564 233.642 223.65 9.99138 0 -30.4471 -30.711 64 10437.9 282.974 158 0.00016774
10200 0.0297305 0.0275242 0.0022063 0 0.92579 236.622 226.403 10.2189 0 -30.4425 -30.0809 64 10565.9 284.704 160 0.000172026
10300 0.0257364 0.0238357 0.00190071 0 0.926147 239.216 228.786 10.4295 0 -30.441 -30.3001 64 10629.9 285.565 161 0.000148048
10400 0.0291753 0.0276923 0.00148299 0 0.94917 242.169 231.555 10.6135 0 -30.4641 -32.3379 64 10757.9 287.279 163 0.000169892
10500 0.0224893 0.02093 0.00155932 0 0.930664 244.39 233.648 10.7415 0 -30.4752 -31.6838 64 10885.9 288.983 165 0.000126848
10600 0.0239487 0.0227924 0.00115632 0 0.951717 246.798 235.928 10.87 0 -30.4927 -32.2675 64 10949.9 289.831 166 0.000137304
10700 0.0432006 0.0409592 0.00224144 0 0.948116 251.087 240.024 11.0638 0 -30.4881 -30.2248 64 11077.9 291.52 168 0.000243805
10800 0.0435554 0.040685 0.00287042 0 0.934097 255.441 244.092 11.3491 0 -30.4608 -28.8848 64 11141.9 292.361 169 0.00024074
10900 0.036021 0.0331849 0.00283606 0 0.921266 259.076 247.411 11.6653 0 -30.4481 -29.5572 64 11269.9 294.035 171 0.000194064
11000 0.028696 0.0265708 0.00212522 0 0.92594 261.984 250.068 11.9159 0 -30.4472 -30.3679 64 11333.9 294.869 172 0.000154482
11100 0.0294549 0.0276452 0.00180971 0 0.93856 264.947 252.832 12.115 0 -30.4536 -31.0152 64 11461.9 296.53 174 0.000158881
11200 0.0264465 0.0252739 0.00117268 0 0.955658 267.638 255.36 12.2783 0 -30.4689 -31.9842 64 11589.9 298.181 176 0.000143601
11300 0.0236306 0.0225689 0.00106171 0 0.955071 270.011 257.616 12.3945 0 -30.4863 -32.4468 64 11653.9 299.003 177 0.000127508
11400 0.0244069 0.0230806 0.00132631 0 0.945658 272.442 259.925 12.5179 0 -30.4924 -31.1621 64 11781.9 300.64 179 0.000128942
11500 0.0291543 0.0278953 0.00125894 0 0.956818 275.365 262.714 12.6508 0 -30.4921 -30.4712 64 11845.9 301.456 180 0.000154974
11600 0.0307597 0.0292401 0.00151961 0 0.950597 278.416 265.638 12.7783 0 -30.4904 -30.3326 64 11973.9 303.08 182 0.00016066
11700 0.0320322 0.030848 0.00118424 0 0.96303 281.649 268.723 12.9264 0 -30.4858 -30.0885 64 12037.9 303.889 183 0.000168568
11800 0.0348855 0.0332233 0.00166212 0 0.952355 285.159 272.045 13.1139 0 -30.4845 -30.3805 64 12165.9 305.5 185 0.000179586
11900 0.034782 0.0331435 0.00163852 0 0.952892 288.67 275.36 13.3104 0 -30.4653 -28.9078 64 12229.9 306.303 186 0.000178191
12000 0.0315478 0.0298373 0.00171053 0 0.94578 291.828 278.343 13.4845 0 -30.452 -29.2316 64 12357.9 307.902 188 0.000158709
12100 0.0269843 0.025832 0.00115234 0 0.957296 294.528 280.926 13.6011 0 -30.4529 -30.5585 64 12485.9 309.492 190 0.000135958
12200 0.0264616 0.0254346 0.00102703 0 0.961188 297.176 283.47 13.706 0 -30.4603 -31.275 64 12549.9 310.284 191 0.000133165
12300 0.0253928 0.0246819 0.000710949 0 0.972002 299.723 285.938 13.7852 0 -30.476 -32.3139 64 12677.9 311.863 193 0.000127885
12400 0.03417 0.0332894 0.000880657 0 0.974227 303.148 289.267 13.8805 0 -30.496 -32.242 64 12741.9 312.649 194 0.000171595
12500 0.029665 0.0288016 0.000863432 0 0.970894 306.121 292.147 13.9741 0 -30.5156 -32.517 64 12869.9 314.215 196 0.000146947
12600 0.0284148 0.0276813 0.000733588 0 0.974183 308.972 294.915 14.0567 0 -30.5288 -31.951 64 12933.9 314.996 197 0.000140514
12700 0.038513 0.0371702 0.0013427 0 0.965136 312.836 298.632 14.2033 0 -30.5283 -30.4875 64 13061.9 316.55 199 0.000186785
12800 0.0323083 0.0316255 0.000682838 0 0.978865 316.102 301.795 14.3068 0 -30.541 -31.7539 64 13189.9 318.098 201 0.000157341
12900 0.0673756 0.0657841 0.00159152 0 0.976378 322.889 308.373 14.5158 0 -30.4548 -26.4401 64 13253.9 318.868 202 0.000325664
13000 0.0466973 0.0430965 0.0036008 0 0.922891 327.366 312.683 14.6829 0 -30.4116 -27.2962 64 13381.9 320.405 204 0.000211257
13100 0.0478368 0.0457989 0.00203792 0 0.957399 332.181 317.263 14.9182 0 -30.3838 -28.4917 64 13445.9 321.17 205 0.000223409
13200 0.0374769 0.0356962 0.00178074 0 0.952484 335.933 320.832 15.1008 0 -30.37 -29.1543 64 13573.9 322.695 207 0.000172445
13300 0.0321803 0.0312234 0.000956899 0 0.970264 339.158 323.955 15.2035 0 -30.3692 -30.281 64 13637.9 323.455 208 0.000150113
13400 0.0300402 0.029013 0.00102721 0 0.965805 342.159 326.856 15.3024 0 -30.3695 -30.4039 64 13765.9 324.969 210 0.000138157
13500 0.0302191 0.0291999 0.00101918 0 0.966274 345.183 329.776 15.4065 0 -30.3755 -31.0616 64 13829.9 325.724 211 0.000138388
13600 0.0347056 0.0334952 0.00121045 0 0.965122 348.69 333.126 15.5643 0 -30.3912 -31.9347 64 13957.9 327.228 213 0.000157254
13700 0.0291869 0.0276697 0.00151727 0 0.948015 351.562 335.893 15.6692 0 -30.3993 -31.3841 64 14085.9 328.725 215 0.000128696
13800 0.0289122 0.0281264 0.00078579 0 0.972822 354.479 338.705 15.774 0 -30.4118 -31.9107 64 14149.9 329.47 216 0.000130215
13900 0.0389172 0.0370982 0.00181897 0 0.953261 358.366 342.415 15.9508 0 -30.3886 -28.2785 64 14277.9 330.957 218 0.000170175
14000 0.0322996 0.0312964 0.00100316 0 0.968942 361.64 345.545 16.0951 0 -30.3863 -30.1306 64 14341.9 331.698 219 0.000142906
14100 0.0280803 0.0273325 0.000747771 0 0.97337 364.475 348.278 16.1965 0 -30.3935 -31.3166 64 14469.9 333.175 221 0.000123677
14200 0.0263226 0.0256049 0.000717657 0 0.972736 367.112 350.838 16.2731 0 -30.3999 -31.2742 64 14533.9 333.911 222 0.000115337
14300 0.0258846 0.0254707 0.000413936 0 0.984008 369.727 353.386 16.3411 0 -30.4089 -31.6758 64 14661.9 335.378 224 0.000113708
14400 0.0258057 0.0253782 0.000427433 0 0.983436 372.309 355.923 16.3853 0 -30.417 -31.5816 64 14789.9 336.839 226 0.000112293
14500 0.0260958 0.0258782 0.000217623 0 0.991661 374.941 358.511 16.4298 0 -30.4286 -32.0606 64 14853.9 337.567 227 0.000114001
14600 0.0235326 0.022993 0.000539653 0 0.977068 377.26 360.81 16.4492 0 -30.4407 -32.4008 64 14981.9 339.018 229 0.000100406
14700 0.0295893 0.0289469 0.000642474 0 0.978287 380.209 363.705 16.5036 0 -30.4442 -30.8885 64 15045.9 339.742 230 0.000125856
14800 0.0259606 0.0254942 0.00046635 0 0.982036 382.815 366.255 16.5608 0 -30.4524 -31.6609 64 15173.9 341.184 232 0.000109889
14900 0.0230803 0.0227382 0.000342094 0 0.985178 385.134 368.528 16.6056 0 -30.4636 -32.3081 64 15237.9 341.903 233 9.75888e-05
15000 0.025328 0.0245486 0.000779393 0 0.969228 387.64 370.983 16.6571 0 -30.4744 -32.1326 64 15365.9 343.336 235 0.000104462
15100 0.0228648 0.0225143 0.000350547 0 0.984669 389.938 373.235 16.703 0 -30.4846 -32.2056 64 15429.9 344.05 236 9.53995e-05
15200 0.0225071 0.022138 0.000369168 0 0.983598 392.2 375.448 16.7514 0 -30.495 -32.278 64 15557.9 345.474 238 9.30166e-05
15300 0.0245141 0.023215 0.00129913 0 0.947005 394.554 377.77 16.7839 0 -30.5037 -31.955 64 15685.9 346.892 240 9.67291e-05
15400 0.0327799 0.0318371 0.000942777 0 0.971239 397.845 380.954 16.8912 0 -30.5265 -33.2685 64 15749.9 347.599 241 0.000132104
15500 0.0250296 0.0239829 0.00104672 0 0.958181 400.331 383.352 16.9789 0 -30.5396 -32.625 64 15877.9 349.009 243 9.86949e-05
15600 0.0281753 0.026934 0.00124127 0 0.955945 403.138 386.045 17.0928 0 -30.5503 -32.0871 64 15941.9 349.711 244 0.000110385
15700 0.0276804 0.0269429 0.000737468 0 0.973358 405.934 388.74 17.194 0 -30.558 -31.6614 64 16069.9 351.113 246 0.000109524
15800 0.0304941 0.029461 0.00103307 0 0.966122 408.977 391.686 17.2913 0 -30.557 -30.4295 64 16133.9 351.811 247 0.000119275
15900 0.0261492 0.0254817 0.000667487 0 0.974474 411.624 394.234 17.3902 0 -30.5626 -31.4176 64 16261.9 353.204 249 0.000102336
16000 0.0239491 0.0233054 0.000643657 0 0.973124 414.025 396.564 17.4605 0 -30.5721 -32.2101 64 16389.9 354.591 251 9.28502e-05
16100 0.0219732 0.0216043 0.000368824 0 0.983215 416.24 398.725 17.5147 0 -30.5858 -33.1343 64 16453.9 355.283 252 8.57315e-05
16200 0.0343064 0.0311885 0.00311794 0 0.909115 419.435 401.844 17.5916 0 -30.5661 -28.0114 64 16581.9 356.662 254 0.000122789
16300 0.042082 0.0410097 0.00107226 0 0.97452 423.751 405.945 17.8066 0 -30.5422 -28.2143 64 16645.9 357.35 255 0.000160822
16400 0.0282875 0.0272555 0.00103203 0 0.963516 426.593 408.67 17.9226 0 -30.5406 -30.2981 64 16773.9 358.721 257 0.000106052
16500 0.0264441 0.0255852 0.000858899 0 0.96752 429.228 411.229 17.9988 0 -30.5452 -31.3031 64 16837.9 359.405 258 9.91675e-05
16600 0.0239837 0.0235858 0.000397867 0 0.983411 431.653 413.587 18.066 0 -30.5573 -32.6951 64 16965.9 360.768 260 9.07147e-05
16700 0.0256387 0.0254093 0.000229432 0 0.991051 434.229 416.128 18.1006 0 -30.5624 -31.4132 64 17029.9 361.448 261 9.73535e-05
16800 0.0438321 0.042146 0.00168609 0 0.961533 438.62 420.343 18.2769 0 -30.5729 -31.6088 64 17157.9 362.804 263 0.000160251
16900 0.0306062 0.0286618 0.00194443 0 0.936469 441.616 423.209 18.4068 0 -30.5736 -30.6783 64 17285.9 364.155 265 0.000108158
17000 0.0323753 0.0308894 0.00148594 0 0.954103 444.88 426.298 18.582 0 -30.5652 -29.432 64 17349.9 364.828 266 0.000116126
17100 0.031078 0.0291125 0.00196546 0 0.936757 447.966 429.209 18.757 0 -30.5647 -30.4912 64 17477.9 366.171 268 0.000108629
17200 0.0272636 0.0261872 0.00107642 0 0.960518 450.727 431.828 18.8993 0 -30.5694 -31.3358 64 17541.9 366.841 269 9.73501e-05
17300 0.0464985 0.0443626 0.00213584 0 0.954067 455.37 436.264 19.1058 0 -30.5636 -29.9972 64 17669.9 368.177 271 0.0001637
17400 0.0343433 0.0330193 0.00132401 0 0.961448 458.848 439.566 19.2818 0 -30.5629 -30.4704 64 17733.9 368.843 272 0.000121394
17500 0.0324758 0.03125 0.00122578 0 0.962255 462.117 442.691 19.4258 0 -30.5656 -30.9421 64 17861.9 370.172 274 0.000114051
17600 0.029569 0.0287488 0.000820133 0 0.972264 465.086 445.566 19.5196 0 -30.5724 -31.6407 64 17989.9 371.496 276 0.000104162
17700 0.0256225 0.0248842 0.000738242 0 0.971188 467.654 448.054 19.5991 0 -30.5814 -32.2002 64 18053.9 372.156 277 8.98347e-05
17800 0.0341994 0.03179 0.00240944 0 0.929547 470.936 451.233 19.7026 0 -30.5848 -31.0798 64 18181.9 373.473 279 0.000113943
17900 0.0342935 0.0328046 0.00148889 0 0.956584 474.398 454.514 19.8838 0 -30.5831 -30.3504 64 18245.9 374.13 280 0.000117159
18000 0.0271173 0.0262062 0.000911012 0 0.966405 477.138 457.135 20.0037 0 -30.5935 -32.3812 64 18373.9 375.44 282 9.29299e-05
18100 0.037907 0.0370558 0.00085123 0 0.977544 480.951 460.84 20.1106 0 -30.6003 -31.4581 64 18437.9 376.093 283 0.000130939
18200 0.037142 0.0358986 0.00124331 0 0.966525 484.642 464.43 20.2115 0 -30.6056 -31.2874 64 18565.9 377.396 285 0.00012596
18300 0.0315171 0.0307489 0.000768264 0 0.975624 487.814 467.505 20.3095 0 -30.6125 -31.6716 64 18629.9 378.046 286 0.000107514
18400 0.050984 0.0480207 0.0029633 0 0.941878 492.826 472.307 20.5188 0 -30.5938 -28.7732 64 18757.9 379.343 288 0.000166738
18500 0.0411157 0.0383458 0.00276982 0 0.932634 496.882 476.142 20.74 0 -30.5878 -29.8551 64 18885.9 380.635 290 0.000132227
18600 0.0344254 0.0330705 0.0013549 0 0.960642 500.357 479.449 20.9087 0 -30.5938 -31.4645 64 18949.9 381.279 291 0.000113644
18700 0.037711 0.036598 0.00111298 0 0.970487 504.179 483.108 21.0711 0 -30.6063 -32.2309 64 19077.9 382.565 293 0.000124908
18800 0.0327302 0.0318222 0.000908011 0 0.972258 507.485 486.291 21.1944 0 -30.6183 -32.4564 64 19141.9 383.206 294 0.000108239
18900 0.0338765 0.0307175 0.00315899 0 0.90675 510.69 489.362 21.3278 0 -30.6216 -31.1427 64 19269.9 384.485 296 0.000103775
19000 0.0291564 0.0282128 0.000943602 0 0.967637 513.694 492.184 21.5105 0 -30.6373 -33.3073 64 19333.9 385.123 297 9.49926e-05
19100 0.0269965 0.0264534 0.000543136 0 0.979881 516.425 494.829 21.5958 0 -30.6541 -33.8215 64 19461.9 386.396 299 8.84728e-05
19200 0.0262729 0.025878 0.00039493 0 0.984968 519.066 497.417 21.6496 0 -30.6704 -33.8493 64 19589.9 387.664 301 8.59735e-05
19300 0.0560908 0.0543725 0.00171832 0 0.969365 524.689 502.854 21.8346 0 -30.6895 -32.4485 64 19653.9 388.297 302 0.000180041
19400 0.0394641 0.0378444 0.00161966 0 0.958959 528.629 506.638 21.9906 0 -30.7019 -32.3612 64 19781.9 389.56 304 0.000124488
19500 0.0371868 0.0358189 0.00136786 0 0.963216 532.356 510.22 22.1353 0 -30.7103 -31.8965 64 19845.9 390.189 305 0.000117439
19600 0.0316151 0.0305962 0.0010189 0 0.967772 535.523 513.28 22.2431 0 -30.7217 -32.6498 64 19973.9 391.445 307 9.96619e-05
19700 0.0331109 0.0322872 0.000823634 0 0.975125 538.865 516.509 22.3559 0 -30.7373 -33.2293 64 20037.9 392.072 308 0.000104829
19800 0.0314191 0.0303328 0.00108634 0 0.965424 541.982 519.542 22.4403 0 -30.7485 -32.6791 64 20165.9 393.322 310 9.78478e-05
19900 0.0310438 0.0303172 0.000726579 0 0.976595 545.114 522.574 22.5403 0 -30.7608 -32.8881 64 20229.9 393.946 311 9.7483e-05
20000 0.0367339 0.0354003 0.00133365 0 0.963694 548.753 526.114 22.6388 0 -30.773 -32.6047 64 20357.9 395.19 313 0.0001131
