100 0.00284885 0.0027097 0.000139157 0 0.951153 0.285892 0.27097 0.0149228 0 -25.0723 -25.0723 64 453.882 59.0081 2 0.00135485
200 0.0112492 0.0103759 0.000873292 0 0.922369 1.35925 1.30856 0.0506842 0 -23.41 -22.9673 64 581.882 66.8124 4 0.00259398
300 0.0080557 0.0077221 0.000333599 0 0.958588 2.18514 2.08077 0.104364 0 -24.1802 -25.4476 64 645.882 70.3909 5 0.00154442
400 0.00748706 0.00690906 0.000577993 0 0.922801 2.90818 2.77168 0.136495 0 -24.6978 -26.2624 64 773.882 77.0508 7 0.000987009
500 0.0107962 0.010106 0.000690155 0 0.936074 3.9804 3.78228 0.198115 0 -24.9029 -25.459 64 837.882 80.1736 8 0.00126326
600 0.00934075 0.00887677 0.000463982 0 0.950327 4.92874 4.66996 0.25878 0 -25.4403 -27.696 64 965.882 86.08 10 0.000887677
700 0.00692216 0.00671629 0.000205871 0 0.970259 5.63926 5.34159 0.297665 0 -25.7766 -28.1091 64 1029.88 88.8861 11 0.000610572
800 0.006935 0.00665987 0.000275127 0 0.960328 6.33011 6.00758 0.322536 0 -25.9985 -27.81 64 1157.88 94.248 13 0.000512298
900 0.0103652 0.00954811 0.000817117 0 0.921167 7.33759 6.96239 0.375203 0 -26.3969 -28.8998 64 1285.88 99.3209 15 0.000636541
1000 0.0080118 0.00759681 0.000414988 0 0.948203 8.14821 7.72207 0.426142 0 -26.6501 -28.942 64 1349.88 101.763 16 0.000474801
1100 0.0205649 0.019148 0.00141694 0 0.931099 10.1843 9.63687 0.547476 0 -26.9124 -27.9621 64 1477.88 106.478 18 0.00106378
1200 0.0143463 0.0137607 0.000585554 0 0.959184 11.6539 11.0129 0.640971 0 -27.3463 -30.3532 64 1541.88 108.759 19 0.000724248
1300 0.0159756 0.0156316 0.000343973 0 0.978469 13.3287 12.5761 0.752638 0 -27.869 -31.5063 64 1669.88 113.183 21 0.000744363
1400 0.00915446 0.00906181 9.26468e-05 0 0.98988 14.2579 13.4823 0.775567 0 -28.1004 -31.4206 64 1733.88 115.332 22 0.000411901
1500 0.00959695 0.009347 0.000249948 0 0.973955 15.2229 14.417 0.805962 0 -28.2746 -30.8476 64 1861.88 119.513 24 0.000389458
1600 0.0087469 0.00853445 0.00021245 0 0.975711 16.1059 15.2704 0.835446 0 -28.3433 -29.5273 64 1989.88 123.553 26 0.000328248
1700 0.00822535 0.0080267 0.000198645 0 0.97585 16.9365 16.0731 0.863447 0 -28.4223 -29.9552 64 2053.88 125.524 27 0.000297285
1800 0.0153866 0.0144927 0.000893858 0 0.941907 18.4299 17.5224 0.90753 0 -28.5735 -30.2883 64 2181.88 129.377 29 0.000499749
1900 0.0169156 0.0159018 0.00101385 0 0.940064 20.1074 19.1125 0.994832 0 -28.8119 -31.4307 64 2245.88 131.26 30 0.000530059
2000 0.0134553 0.0127825 0.000672787 0 0.949998 21.4673 20.3908 1.07647 0 -29.0186 -32.0742 64 2373.88 134.949 32 0.000399453
2100 0.00997631 0.00955662 0.000419698 0 0.957931 22.4746 21.3465 1.12816 0 -29.1661 -32.3097 64 2437.88 136.756 33 0.000289594
2200 0.00868783 0.00845739 0.00023044 0 0.973476 23.3552 22.1922 1.16303 0 -29.3107 -33.0032 64 2565.88 140.3 35 0.00024164
2300 0.0100065 0.00979385 0.000212646 0 0.978749 24.3622 23.1716 1.1906 0 -29.4813 -33.4362 64 2629.88 142.039 36 0.000272051
2400 0.00887208 0.00865499 0.000217089 0 0.975531 25.2525 24.0371 1.21543 0 -29.6177 -33.3523 64 2757.88 145.455 38 0.000227763
2500 0.0103716 0.00919385 0.00117779 0 0.886441 26.2021 24.9565 1.24568 0 -29.6407 -30.2506 64 2885.88 148.792 40 0.000229846
2600 0.0236033 0.0215778 0.00202552 0 0.914185 28.4971 27.1142 1.38281 0 -29.4771 -27.6093 64 2949.88 150.433 41 0.000526287
2700 0.01962 0.0185125 0.00110747 0 0.943554 30.4755 28.9655 1.51005 0 -29.4692 -29.3561 64 3077.88 153.662 43 0.000430523
2800 0.026714 0.0251788 0.00153523 0 0.942531 33.1376 31.4834 1.65419 0 -29.5563 -30.5528 64 3141.88 155.251 44 0.000572245
2900 0.026467 0.0247059 0.0017611 0 0.93346 35.8059 33.954 1.85189 0 -29.478 -28.5055 64 3269.88 158.382 46 0.000537084
3000 0.0166291 0.015592 0.00103708 0 0.937635 37.516 35.5132 2.00284 0 -29.493 -29.8085 64 3333.88 159.925 47 0.000331745
3100 0.0202068 0.0191209 0.00108591 0 0.94626 39.5556 37.4253 2.13039 0 -29.42 -28.0766 64 3461.88 162.966 49 0.000390223
3200 0.01678 0.0159043 0.000875769 0 0.947809 41.2567 39.0157 2.24106 0 -29.3807 -28.4677 64 3589.88 165.951 51 0.000311848
3300 0.0220462 0.0208224 0.00122374 0 0.944492 43.5013 41.0979 2.40338 0 -29.2729 -27.2911 64 3653.88 167.424 52 0.000400431
3400 0.0163092 0.0155221 0.00078713 0 0.951737 45.1629 42.6501 2.51274 0 -29.2542 -28.7629 64 3781.88 170.331 54 0.000287445
3500 0.0150262 0.0145 0.000526234 0 0.964979 46.6835 44.1001 2.58332 0 -29.269 -29.7094 64 3845.88 171.766 55 0.000263637
3600 0.0154761 0.0149409 0.000535161 0 0.96542 48.2417 45.5942 2.64749 0 -29.3778 -32.6369 64 3973.88 174.601 57 0.000262121
3700 0.0118326 0.0115021 0.000330533 0 0.972066 49.44 46.7444 2.69562 0 -29.4312 -31.5826 64 4037.88 176.002 58 0.000198311
3800 0.0384329 0.036882 0.00155092 0 0.959646 53.2899 50.4326 2.85725 0 -29.3096 -27.7473 64 4165.88 178.77 60 0.0006147
3900 0.0270246 0.0255429 0.00148168 0 0.945173 56.0034 52.9869 3.01644 0 -29.2617 -28.3215 64 4229.88 180.138 61 0.000418736
4000 0.0198874 0.0190282 0.000859263 0 0.956794 58.0195 54.8897 3.12981 0 -29.2585 -29.1692 64 4357.88 182.843 63 0.000302034
4100 0.0189187 0.0176655 0.00125313 0 0.933762 59.864 56.6563 3.2077 0 -29.2486 -28.9378 64 4485.88 185.509 65 0.000271777
4200 0.0183824 0.0178578 0.000524554 0 0.971464 61.7357 58.4421 3.29361 0 -29.2525 -29.379 64 4549.88 186.827 66 0.000270573
4300 0.0253385 0.0243079 0.00103066 0 0.959325 64.2732 60.8729 3.40032 0 -29.3207 -30.9787 64 4677.88 189.437 68 0.000357469
4400 0.0202355 0.0194633 0.00077223 0 0.961838 66.3098 62.8192 3.49057 0 -29.3746 -31.0751 64 4741.88 190.728 69 0.000282076
4500 0.0187239 0.0180479 0.000676006 0 0.963896 68.1956 64.624 3.57167 0 -29.433 -31.4882 64 4869.88 193.285 71 0.000254196
4600 0.0195875 0.0188877 0.000699838 0 0.964271 70.1689 66.5127 3.65614 0 -29.4743 -30.901 64 4933.88 194.551 72 0.000262329
4700 0.0193393 0.0186162 0.000723074 0 0.962611 72.1198 68.3744 3.74547 0 -29.5189 -31.1236 64 5061.88 197.059 74 0.000251571
4800 0.0162723 0.0157876 0.000484702 0 0.970213 73.7615 69.9531 3.80833 0 -29.58 -32.2643 64 5189.88 199.535 76 0.000207731
4900 0.0270179 0.0252716 0.00174633 0 0.935364 76.3976 72.4803 3.91731 0 -29.523 -27.928 64 5253.88 200.761 77 0.000328202
5000 0.0250812 0.0237481 0.0013331 0 0.946849 78.8962 74.8551 4.04108 0 -29.4892 -28.454 64 5381.88 203.192 79 0.000300609
5100 0.0315175 0.0298382 0.00167933 0 0.946718 82.0404 77.8389 4.20146 0 -29.5088 -30.0013 64 5445.88 204.397 80 0.000372977
5200 0.0277871 0.0266106 0.00117646 0 0.957662 84.8382 80.5 4.33822 0 -29.5491 -30.7308 64 5573.88 206.785 82 0.00032452
5300 0.0211544 0.0205674 0.000586987 0 0.972252 86.9932 82.5567 4.43653 0 -29.6048 -31.7966 64 5637.88 207.969 83 0.0002478
5400 0.0202751 0.0196269 0.000648237 0 0.968028 89.0301 84.5194 4.51072 0 -29.6526 -31.6949 64 5765.88 210.316 85 0.000230904
5500 0.0166758 0.0163184 0.000357406 0 0.978567 90.7026 86.1512 4.55132 0 -29.7113 -32.8368 64 5829.88 211.48 86 0.000189749
5600 0.0172226 0.0168007 0.000421945 0 0.975501 92.4216 87.8313 4.59026 0 -29.7753 -33.1503 64 5957.88 213.789 88 0.000190917
5700 0.0158645 0.0153087 0.000555814 0 0.964965 93.9885 89.3622 4.62636 0 -29.8265 -32.8499 64 6085.88 216.074 90 0.000170096
5800 0.0176111 0.0172462 0.000364985 0 0.979275 95.7576 91.0868 4.67082 0 -29.8953 -33.5509 64 6149.88 217.207 91 0.000189518
5900 0.0174479 0.0169204 0.000527501 0 0.969767 97.4756 92.7788 4.69679 0 -29.9431 -32.606 64 6277.88 219.456 93 0.000181939
6000 0.0171046 0.0168678 0.000236748 0 0.986159 99.2044 94.4656 4.73879 0 -29.9855 -32.3732 64 6341.88 220.571 94 0.000179445
6100 0.0157001 0.0154854 0.00021471 0 0.986324 100.787 96.0142 4.7731 0 -30.0195 -32.1529 64 6469.88 222.786 96 0.000161306
6200 0.0130228 0.012917 0.000105768 0 0.991878 102.094 97.3059 4.78774 0 -30.0619 -33.3338 64 6533.88 223.885 97 0.000133165
6300 0.0123165 0.0121516 0.000164934 0 0.986609 103.327 98.521 4.80633 0 -30.1017 -33.3928 64 6661.88 226.068 99 0.000122743
6400 0.0142621 0.0140648 0.000197312 0 0.986165 104.758 99.9275 4.83073 0 -30.1596 -34.3388 64 6789.88 228.229 101 0.000139256
6500 0.0122134 0.012054 0.000159471 0 0.986943 105.987 101.133 4.85422 0 -30.2062 -34.1857 64 6853.88 229.302 102 0.000118176
6600 0.0165646 0.0154938 0.00107083 0 0.935354 107.579 102.682 4.89635 0 -30.2251 -31.4807 64 6981.88 231.434 104 0.000148979
6700 0.0162121 0.0158663 0.000345804 0 0.97867 109.233 104.269 4.96382 0 -30.255 -32.1993 64 7045.88 232.492 105 0.000151108
6800 0.0139617 0.0136513 0.000310404 0 0.977767 110.652 105.634 5.01756 0 -30.2996 -33.7311 64 7173.88 234.594 107 0.000127582
6900 0.0112921 0.0111716 0.000120551 0 0.989324 111.789 106.751 5.03775 0 -30.3415 -34.422 64 7237.88 235.638 108 0.00010344
7000 0.0131203 0.0127826 0.000337771 0 0.974256 113.103 108.029 5.07344 0 -30.3732 -33.073 64 7365.88 237.713 110 0.000116205
7100 0.0209323 0.020093 0.000839259 0 0.959906 115.176 110.039 5.13736 0 -30.3285 -27.889 64 7429.88 238.743 111 0.000181018
7200 0.0258773 0.0247473 0.00113 0 0.956333 117.756 112.513 5.24269 0 -30.2951 -28.8053 64 7557.88 240.791 113 0.000219003
7300 0.0238931 0.0220265 0.0018666 0 0.921877 120.069 114.716 5.3533 0 -30.2528 -28.0988 64 7685.88 242.821 115 0.000191534
7400 0.0233193 0.0220618 0.00125754 0 0.946073 122.417 116.922 5.49509 0 -30.2457 -29.8812 64 7749.88 243.83 116 0.000190188
7500 0.020336 0.0193714 0.000964651 0 0.952564 124.471 118.859 5.61195 0 -30.2564 -30.8944 64 7877.88 245.836 118 0.000164164
7600 0.0170458 0.0162859 0.000759831 0 0.955424 126.181 120.488 5.69338 0 -30.2734 -31.5093 64 7941.88 246.832 119 0.000136857
7700 0.0203105 0.019314 0.000996447 0 0.950939 128.229 122.419 5.80925 0 -30.2792 -30.6348 64 8069.88 248.813 121 0.00015962
7800 0.0170059 0.0165513 0.000454636 0 0.973266 129.958 124.075 5.88375 0 -30.2998 -31.8301 64 8133.88 249.798 122 0.000135666
7900 0.0275379 0.0261104 0.00142745 0 0.948164 132.726 126.686 6.04069 0 -30.2963 -30.1337 64 8261.88 251.756 124 0.000210568
8000 0.0172448 0.0165911 0.000653687 0 0.962094 134.484 128.345 6.13925 0 -30.3185 -31.9926 64 8389.88 253.699 126 0.000131675
8100 0.0315141 0.0306934 0.000820635 0 0.97396 137.688 131.414 6.27401 0 -30.2664 -28.0792 64 8453.88 254.664 127 0.000241681
8200 0.0199519 0.0190742 0.0008777 0 0.956009 139.654 133.321 6.33232 0 -30.2654 -30.1989 64 8581.88 256.585 129 0.000147862
8300 0.020896 0.0200631 0.000832932 0 0.960139 141.733 135.328 6.40512 0 -30.2755 -30.9508 64 8645.88 257.54 130 0.000154331
8400 0.0214713 0.0208169 0.000654397 0 0.969522 143.883 137.409 6.47318 0 -30.2764 -30.3358 64 8773.88 259.439 132 0.000157704
8500 0.0208925 0.0205217 0.000370864 0 0.982249 145.981 139.462 6.51984 0 -30.2847 -30.8508 64 8837.88 260.384 133 0.000154298
8600 0.0186864 0.0179945 0.000691931 0 0.962971 147.82 141.261 6.55918 0 -30.2922 -30.8896 64 8965.88 262.263 135 0.000133292
8700 0.0187862 0.018249 0.000537232 0 0.971403 149.7 143.086 6.61404 0 -30.3013 -31.0162 64 9029.88 263.197 136 0.000134184
8800 0.0315948 0.0306611 0.000933693 0 0.970448 152.879 146.152 6.72692 0 -30.2417 -27.4358 64 9157.88 265.056 138 0.000222182
8900 0.0216404 0.0206448 0.000995607 0 0.953993 155.023 148.217 6.80654 0 -30.2299 -29.3861 64 9285.88 266.902 140 0.000147463
9000 0.0201854 0.0193218 0.000863633 0 0.957215 157.038 150.149 6.88914 0 -30.2241 -29.7847 64 9349.88 267.82 141 0.000137034
9100 0.0180252 0.0174422 0.000583003 0 0.967656 158.847 151.893 6.95446 0 -30.2287 -30.622 64 9477.88 269.647 143 0.000121973
9200 0.0153119 0.0150961 0.000215791 0 0.985907 160.4 153.403 6.99741 0 -30.243 -31.7073 64 9541.88 270.556 144 0.000104834
9300 0.0172094 0.0168454 0.000363956 0 0.978851 162.119 155.087 7.03144 0 -30.2537 -31.2548 64 9669.88 272.365 146 0.00011538
9400 0.0321791 0.030976 0.00120309 0 0.962613 165.318 158.185 7.13305 0 -30.2399 -29.5408 64 9733.88 273.264 147 0.000210721
9500 0.026121 0.025194 0.000927014 0 0.964511 167.949 160.704 7.24516 0 -30.2403 -30.2631 64 9861.88 275.055 149 0.000169087
9600 0.0209474 0.0203387 0.000608726 0 0.97094 170.059 162.738 7.32123 0 -30.2529 -31.2576 64 9989.88 276.835 151 0.000134693
9700 0.0417003 0.0403455 0.0013548 0 0.967511 174.247 166.773 7.47436 0 -30.2054 -28.2757 64 10053.9 277.72 152 0.000265431
9800 0.036907 0.0353876 0.00151945 0 0.95883 177.935 170.311 7.62398 0 -30.1677 -28.385 64 10181.9 279.482 154 0.000229789
9900 0.0291242 0.0282552 0.000868985 0 0.970163 180.878 173.137 7.74074 0 -30.1563 -29.4674 64 10245.9 280.359 155 0.000182292
10000 0.0338206 0.0320192 0.00180134 0 0.946738 184.187 176.339 7.84816 0 -30.1628 -30.5192 64 10373.9 282.105 157 0.000203944
10100 0.0408799 0.0393391 0.00154083 0 0.962308 188.293 180.273 8.02064 0 -30.2004 -31.8899 64 10437.9 282.974 158 0.000248982
10200 0.0435967 0.0410393 0.00255741 0 0.941339 192.589 184.377 8.21214 0 -30.2354 -31.7663 64 10565.9 284.704 160 0.000256496
10300 0.0374855 0.035947 0.00153854 0 0.958957 196.395 187.971 8.42352 0 -30.2832 -32.7017 64 10629.9 285.565 161 0.000223273
10400 0.029015 0.028284 0.000731031 0 0.974805 199.317 190.8 8.51736 0 -30.3303 -33.4999 64 10757.9 287.279 163 0.000173522
10500 0.0258951 0.0252898 0.000605312 0 0.976624 201.913 193.329 8.58442 0 -30.3723 -33.5951 64 10885.9 288.983 165 0.000153271
10600 0.026348 0.0254575 0.000890472 0 0.966203 204.529 195.874 8.65447 0 -30.3968 -32.2875 64 10949.9 289.831 166 0.000153358
10700 0.0318281 0.0301098 0.00171831 0 0.946013 207.661 198.885 8.77539 0 -30.3879 -29.8078 64 11077.9 291.52 168 0.000179225
10800 0.0316257 0.030675 0.000950689 0 0.969939 210.851 201.953 8.89831 0 -30.3924 -30.683 64 11141.9 292.361 169 0.000181509
10900 0.0274216 0.0265271 0.000894517 0 0.967379 213.591 204.606 8.98503 0 -30.4072 -31.5505 64 11269.9 294.035 171 0.000155129
11000 0.0473798 0.0460188 0.00136103 0 0.971274 218.355 209.207 9.14798 0 -30.331 -26.9143 64 11333.9 294.869 172 0.000267551
11100 0.0479971 0.045987 0.00201009 0 0.958121 223.19 213.806 9.38404 0 -30.2809 -28.0169 64 11461.9 296.53 174 0.000264293
11200 0.0347117 0.0334743 0.00123738 0 0.964353 226.729 217.154 9.57581 0 -30.262 -29.0711 64 11589.9 298.181 176 0.000190195
11300 0.0353919 0.0340115 0.00138047 0 0.960995 230.29 220.555 9.73564 0 -30.2436 -29.0747 64 11653.9 299.003 177 0.000192155
11400 0.0308259 0.0298425 0.000983362 0 0.968099 233.411 223.539 9.87212 0 -30.2476 -30.5408 64 11781.9 300.64 179 0.000166718
11500 0.0274458 0.0266693 0.000776515 0 0.971707 236.173 226.206 9.96742 0 -30.2554 -30.9091 64 11845.9 301.456 180 0.000148163
11600 0.0269161 0.0258328 0.00108336 0 0.95975 238.842 228.789 10.0529 0 -30.2603 -30.6966 64 11973.9 303.08 182 0.000141938
11700 0.0242459 0.0236957 0.000550231 0 0.977306 241.279 231.159 10.1206 0 -30.2697 -31.1885 64 12037.9 303.889 183 0.000129484
11800 0.0233812 0.0226017 0.000779518 0 0.96666 243.603 233.419 10.1842 0 -30.2783 -31.1746 64 12165.9 305.5 185 0.000122171
11900 0.0217607 0.0214557 0.000305004 0 0.985984 245.806 235.564 10.2419 0 -30.2922 -31.8328 64 12229.9 306.303 186 0.000115353
12000 0.0326768 0.031208 0.00146882 0 0.95505 249.017 238.685 10.3313 0 -30.2748 -28.9377 64 12357.9 307.902 188 0.000166
12100 0.0450141 0.0428402 0.0021739 0 0.951706 253.499 242.969 10.5296 0 -30.2722 -30.1288 64 12485.9 309.492 190 0.000225475
12200 0.0330195 0.0314734 0.00154604 0 0.953178 256.816 246.117 10.6998 0 -30.2708 -30.1652 64 12549.9 310.284 191 0.000164782
12300 0.055112 0.0497004 0.00541164 0 0.901807 262.105 251.087 11.0185 0 -30.2072 -27.119 64 12677.9 311.863 193 0.000257515
12400 0.0578685 0.0551385 0.00273005 0 0.952823 267.947 256.601 11.3461 0 -30.1338 -26.8394 64 12741.9 312.649 194 0.000284219
12500 0.0464846 0.044534 0.0019506 0 0.958038 272.644 261.054 11.5902 0 -30.0996 -28.1521 64 12869.9 314.215 196 0.000227214
12600 0.0377096 0.0362772 0.0014324 0 0.962015 276.447 264.682 11.7652 0 -30.0902 -29.4125 64 12933.9 314.996 197 0.000184148
12700 0.0512842 0.0498711 0.0014131 0 0.972446 281.624 269.669 11.955 0 -30.0613 -28.5206 64 13061.9 316.55 199 0.000250608
12800 0.0502063 0.0482001 0.00200623 0 0.96004 286.627 274.489 12.1384 0 -30.0229 -27.8608 64 13189.9 318.098 201 0.000239801
12900 0.0439266 0.0423718 0.00155478 0 0.964605 291.064 278.726 12.3385 0 -30.002 -28.6533 64 13253.9 318.868 202 0.000209762
13000 0.0367349 0.0353457 0.00138922 0 0.962183 294.745 282.261 12.4845 0 -29.9941 -29.3655 64 13381.9 320.405 204 0.000173263
13100 0.0351764 0.0340719 0.00110451 0 0.968601 298.275 285.668 12.6072 0 -29.9967 -30.2132 64 13445.9 321.17 205 0.000166204
13200 0.0312441 0.0304618 0.000782269 0 0.974963 301.423 288.714 12.7096 0 -30.0023 -30.5362 64 13573.9 322.695 207 0.000147159
13300 0.0279629 0.0274974 0.000465496 0 0.983353 304.229 291.464 12.7658 0 -30.0133 -31.1927 64 13637.9 323.455 208 0.000132199
13400 0.0388938 0.0378586 0.00103513 0 0.973386 308.105 295.25 12.8554 0 -30.0008 -29.0185 64 13765.9 324.969 210 0.000180279
13500 0.0315856 0.0311298 0.000455739 0 0.985571 311.295 298.362 12.9329 0 -30.0089 -30.7878 64 13829.9 325.724 211 0.000147535
13600 0.0323182 0.0317144 0.000603829 0 0.981316 314.549 301.534 13.0149 0 -30.0096 -30.0823 64 13957.9 327.228 213 0.000148894
13700 0.0284753 0.0278387 0.0006366 0 0.977644 317.382 304.318 13.0646 0 -30.0149 -30.6062 64 14085.9 328.725 215 0.000129483
13800 0.025945 0.0257014 0.000243582 0 0.990612 319.983 306.888 13.095 0 -30.0264 -31.4295 64 14149.9 329.47 216 0.000118988
13900 0.0245039 0.0241766 0.000327283 0 0.986644 322.424 309.306 13.1185 0 -30.0397 -31.7771 64 14277.9 330.957 218 0.000110902
14000 0.024118 0.0240334 8.46356e-05 0 0.996491 324.858 311.709 13.1486 0 -30.0601 -32.7608 64 14341.9 331.698 219 0.000109741
14100 0.0255225 0.0252763 0.000246177 0 0.990354 327.42 314.237 13.1831 0 -30.0761 -32.1136 64 14469.9 333.175 221 0.000114372
14200 0.0215703 0.0214821 8.82499e-05 0 0.995909 329.583 316.385 13.1981 0 -30.0919 -32.4714 64 14533.9 333.911 222 9.67662e-05
14300 0.020958 0.0208973 6.07842e-05 0 0.9971 331.687 318.475 13.2126 0 -30.1097 -32.9101 64 14661.9 335.378 224 9.32913e-05
14400 0.0199271 0.0198836 4.34922e-05 0 0.997817 333.687 320.463 13.2245 0 -30.1252 -32.6964 64 14789.9 336.839 226 8.79807e-05
14500 0.0226453 0.0222524 0.000392899 0 0.98265 335.952 322.688 13.2639 0 -30.1435 -32.8343 64 14853.9 337.567 227 9.8028e-05
14600 0.051971 0.0501333 0.00183772 0 0.96464 341.1 327.701 13.399 0 -30.1103 -27.9455 64 14981.9 339.018 229 0.000218923
14700 0.0401817 0.0382778 0.00190389 0 0.952618 345.111 331.529 13.5821 0 -30.0954 -28.8212 64 15045.9 339.742 230 0.000166425
14800 0.036043 0.0347067 0.00133625 0 0.962926 348.724 335 13.7239 0 -30.0869 -29.2757 64 15173.9 341.184 232 0.000149598
14900 0.0308906 0.0296586 0.00123193 0 0.960119 351.818 337.966 13.8522 0 -30.0855 -29.9265 64 15237.9 341.903 233 0.00012729
15000 0.0283817 0.0272807 0.00110102 0 0.961207 354.671 340.694 13.9768 0 -30.0883 -30.4357 64 15365.9 343.336 235 0.000116088
15100 0.0379279 0.0361111 0.00181682 0 0.952098 358.447 344.305 14.1424 0 -30.0883 -30.0952 64 15429.9 344.05 236 0.000153013
15200 0.0315451 0.029989 0.0015561 0 0.950671 361.633 347.304 14.3287 0 -30.0884 -30.091 64 15557.9 345.474 238 0.000126004
15300 0.0303926 0.0285485 0.00184404 0 0.939326 364.669 350.159 14.51 0 -30.0826 -29.397 64 15685.9 346.892 240 0.000118952
15400 0.0287576 0.0276028 0.00115479 0 0.959844 367.562 352.919 14.6426 0 -30.0795 -29.6919 64 15749.9 347.599 241 0.000114534
15500 0.0276668 0.0262955 0.00137123 0 0.950438 370.307 355.549 14.7588 0 -30.0774 -29.7896 64 15877.9 349.009 243 0.000108212
15600 0.0244985 0.0238198 0.000678679 0 0.972297 372.796 357.93 14.8657 0 -30.0835 -30.9935 64 15941.9 349.711 244 9.76223e-05
15700 0.0251589 0.0243173 0.000841531 0 0.966551 375.311 360.362 14.9493 0 -30.0885 -30.8274 64 16069.9 351.113 246 9.88509e-05
15800 0.0230315 0.0224695 0.000561967 0 0.9756 377.623 362.609 15.0142 0 -30.0969 -31.4599 64 16133.9 351.811 247 9.09698e-05
15900 0.0334007 0.0312721 0.00212867 0 0.936269 380.866 365.736 15.1295 0 -30.0764 -27.6915 64 16261.9 353.204 249 0.000125591
16000 0.0431328 0.0413063 0.00182649 0 0.957654 385.257 369.867 15.3902 0 -30.0714 -29.6403 64 16389.9 354.591 251 0.000164567
16100 0.0372985 0.0353154 0.00198307 0 0.946832 388.997 373.399 15.5982 0 -30.0641 -29.313 64 16453.9 355.283 252 0.00014014
16200 0.0315349 0.0302908 0.00124405 0 0.96055 392.175 376.428 15.7474 0 -30.0662 -30.3213 64 16581.9 356.662 254 0.000119255
16300 0.0274233 0.0264205 0.00100283 0 0.963432 394.932 379.07 15.8623 0 -30.0725 -30.9666 64 16645.9 357.35 255 0.00010361
16400 0.0285065 0.0273016 0.00120488 0 0.957733 397.787 381.8 15.9872 0 -30.0746 -30.3683 64 16773.9 358.721 257 0.000106232
16500 0.0242482 0.0235734 0.000674734 0 0.972174 400.218 384.157 16.0605 0 -30.0851 -31.7911 64 16837.9 359.405 258 9.13699e-05
16600 0.0252115 0.0243317 0.000879829 0 0.965102 402.723 386.59 16.1331 0 -30.0973 -32.058 64 16965.9 360.768 260 9.35834e-05
16700 0.0558518 0.0536227 0.00222906 0 0.96009 408.276 391.953 16.3237 0 -30.0432 -26.1163 64 17029.9 361.448 261 0.000205451
16800 0.0423796 0.0411528 0.00122683 0 0.971051 412.573 396.068 16.5048 0 -30.0193 -27.7456 64 17157.9 362.804 263 0.000156474
16900 0.0503991 0.0472186 0.0031805 0 0.936894 417.49 400.79 16.7003 0 -29.9893 -27.4759 64 17285.9 364.155 265 0.000178183
17000 0.058583 0.0553766 0.00320637 0 0.945268 423.325 406.327 16.9977 0 -29.9361 -26.1273 64 17349.9 364.828 266 0.000208183
17100 0.0477398 0.044599 0.00314079 0 0.93421 428.067 410.787 17.2801 0 -29.9064 -27.2595 64 17477.9 366.171 268 0.000166414
17200 0.0447751 0.0425183 0.00225684 0 0.949596 432.575 415.039 17.5356 0 -29.8936 -28.6764 64 17541.9 366.841 269 0.000158061
17300 0.0422235 0.0403315 0.00189193 0 0.955192 436.827 419.072 17.7543 0 -29.8841 -28.9184 64 17669.9 368.177 271 0.000148825
17400 0.0507915 0.0486556 0.00213582 0 0.957949 441.93 423.938 17.9918 0 -29.8602 -27.81 64 17733.9 368.843 272 0.000178881
17500 0.0456708 0.0437582 0.00191258 0 0.958123 446.518 428.314 18.2045 0 -29.8477 -28.6432 64 17861.9 370.172 274 0.000159702
17600 0.0399358 0.0380785 0.00185728 0 0.953493 450.517 432.122 18.3956 0 -29.8404 -29.0285 64 17989.9 371.496 276 0.000137966
17700 0.0438234 0.0423532 0.00147014 0 0.966453 454.939 436.357 18.5826 0 -29.8253 -28.2915 64 18053.9 372.156 277 0.0001529
17800 0.0346732 0.0333461 0.0013271 0 0.961725 458.416 439.691 18.7243 0 -29.8235 -29.5811 64 18181.9 373.473 279 0.00011952
17900 0.0308634 0.0299928 0.000870583 0 0.971792 461.525 442.691 18.8347 0 -29.8268 -30.3177 64 18245.9 374.13 280 0.000107117
18000 0.031429 0.0303074 0.00112166 0 0.964311 464.651 445.722 18.9296 0 -29.8289 -30.1344 64 18373.9 375.44 282 0.000107473
18100 0.0293355 0.0286707 0.000664764 0 0.977339 467.605 448.589 19.0164 0 -29.8363 -31.0061 64 18437.9 376.093 283 0.00010131
18200 0.0266342 0.026044 0.000590169 0 0.977842 470.273 451.193 19.0801 0 -29.8434 -31.0903 64 18565.9 377.396 285 9.13824e-05
18300 0.0299153 0.0294022 0.000513139 0 0.982847 473.29 454.133 19.1568 0 -29.848 -30.5613 64 18629.9 378.046 286 0.000102805
18400 0.0318806 0.0312843 0.00059622 0 0.981298 476.482 457.262 19.2205 0 -29.8643 -32.2756 64 18757.9 379.343 288 0.000108626
18500 0.0307557 0.0302342 0.000521476 0 0.983045 479.565 460.285 19.2797 0 -29.8685 -30.523 64 18885.9 380.635 290 0.000104256
18600 0.029101 0.0287035 0.000397537 0 0.986339 482.477 463.155 19.322 0 -29.8747 -30.8931 64 18949.9 381.279 291 9.86374e-05
18700 0.0256851 0.0254354 0.000249779 0 0.990275 485.045 465.699 19.3457 0 -29.8842 -31.6708 64 19077.9 382.565 293 8.68101e-05
18800 0.0236143 0.0233766 0.000237695 0 0.989934 487.406 468.037 19.3695 0 -29.8956 -32.2322 64 19141.9 383.206 294 7.95121e-05
18900 0.0274784 0.0268721 0.000606362 0 0.977933 490.139 470.724 19.4157 0 -29.9027 -31.1739 64 19269.9 384.485 296 9.0784e-05
19000 0.0256574 0.0254055 0.000251929 0 0.990181 492.729 473.264 19.4646 0 -29.909 -31.0967 64 19333.9 385.123 297 8.55403e-05
19100 0.0223232 0.0222224 0.000100865 0 0.995482 494.976 475.487 19.4893 0 -29.9203 -32.4018 64 19461.9 386.396 299 7.43223e-05
19200 0.0213227 0.021236 8.67492e-05 0 0.995932 497.113 477.61 19.5029 0 -29.93 -32.1893 64 19589.9 387.664 301 7.05515e-05
19300 0.0263632 0.0260829 0.000280306 0 0.989368 499.77 480.218 19.551 0 -29.9325 -30.3868 64 19653.9 388.297 302 8.63672e-05
19400 0.0216245 0.0214488 0.000175703 0 0.991875 501.938 482.363 19.5748 0 -29.9413 -31.973 64 19781.9 389.56 304 7.05553e-05
19500 0.0206261 0.020501 0.000125106 0 0.993935 504.003 484.413 19.5899 0 -29.9514 -32.4131 64 19845.9 390.189 305 6.72164e-05
19600 0.0300014 0.0285835 0.00141787 0 0.95274 506.918 487.272 19.646 0 -29.961 -31.6127 64 19973.9 391.445 307 9.31059e-05
19700 0.0413063 0.039432 0.00187427 0 0.954625 511.061 491.215 19.846 0 -29.9681 -30.8438 64 20037.9 392.072 308 0.000128026
19800 0.0319894 0.0305461 0.00144334 0 0.954881 514.283 494.27 20.0139 0 -29.976 -31.2211 64 20165.9 393.322 310 9.85358e-05
19900 0.0270971 0.0266033 0.000493799 0 0.981777 517.045 496.93 20.1155 0 -29.9898 -32.5635 64 20229.9 393.946 311 8.55413e-05
20000 0.0256844 0.0252139 0.000470473 0 0.981683 519.624 499.451 20.1724 0 -30.0059 -33.2342 64 20357.9 395.19 313 8.05556e-05
