100 0.0161555 0.0147565 0.00139904 0 0.913402 1.57516 1.47565 0.0995107 0 -27.3393 -27.3393 8 429.882 57.4268 13 0.00113511
200 0.0836726 0.0781256 0.00554695 0 0.933706 9.89231 9.28821 0.604101 0 -28.2055 -28.3696 8 533.882 63.9974 26 0.00300483
300 0.060498 0.0563586 0.00413935 0 0.931579 16.0003 14.9241 1.07622 0 -28.1395 -28.0326 8 629.882 69.5136 38 0.00148312
400 0.0493156 0.0456449 0.00367073 0 0.925567 20.9368 19.4886 1.4482 0 -28.2955 -28.801 8 733.882 75.0331 51 0.000894997
500 0.0809786 0.0753959 0.00558272 0 0.931059 28.9548 27.0281 1.9266 0 -28.1563 -27.7929 8 829.882 79.7899 63 0.00119676
600 0.0660321 0.0615009 0.00453123 0 0.931378 35.596 33.1782 2.41779 0 -28.2709 -28.7708 8 933.882 84.642 76 0.000809223
700 0.0654444 0.0611941 0.00425034 0 0.935054 42.1432 39.2977 2.84556 0 -28.3676 -28.8929 8 1029.88 88.8861 88 0.000695387
800 0.0864339 0.0806436 0.00579032 0 0.933009 50.6989 47.362 3.33688 0 -28.4364 -28.7755 8 1133.88 93.2661 101 0.000798452
900 0.102885 0.0978047 0.00507993 0 0.950625 61.0621 57.1425 3.91959 0 -28.2816 -27.524 8 1229.88 97.1341 113 0.000865528
1000 0.125069 0.118013 0.00705593 0 0.943584 73.4968 68.9438 4.55306 0 -28.2975 -28.376 8 1333.88 101.158 126 0.000936611
1100 0.133952 0.125352 0.00860013 0 0.935797 86.7898 81.479 5.31082 0 -28.4084 -29.0213 8 1429.88 104.735 138 0.000908348
1200 0.164743 0.154986 0.00975638 0 0.940778 103.366 96.9776 6.38877 0 -28.4232 -28.5009 8 1533.88 108.477 151 0.0010264
1300 0.157671 0.147996 0.00967506 0 0.938638 119.187 111.777 7.41026 0 -28.491 -28.9339 8 1629.88 111.82 163 0.000907949
1400 0.15958 0.15114 0.00843961 0 0.947114 135.338 126.891 8.44646 0 -28.6604 -29.9106 8 1733.88 115.332 176 0.000858752
1500 0.15015 0.141879 0.00827154 0 0.944912 150.434 141.079 9.35459 0 -28.7668 -29.7204 8 1829.88 118.482 188 0.000754675
1600 0.135308 0.128499 0.00680913 0 0.949677 164.122 153.929 10.1932 0 -28.8479 -29.7399 8 1933.88 121.802 201 0.000639298
1700 0.125236 0.118722 0.00651434 0 0.947984 176.717 165.801 10.9157 0 -28.9393 -30.1297 8 2029.88 124.789 213 0.000557381
1800 0.128043 0.121512 0.00653114 0 0.948993 189.534 177.952 11.5816 0 -28.9939 -29.7472 8 2133.88 127.946 226 0.000537663
1900 0.134982 0.12709 0.00789139 0 0.941537 202.955 190.661 12.2931 0 -29.0551 -29.9198 8 2229.88 130.792 238 0.000533993
2000 0.117085 0.112187 0.00489785 0 0.958169 214.755 201.88 12.8745 0 -29.123 -30.2905 8 2333.88 133.807 251 0.000446961
2100 0.120902 0.115305 0.00559617 0 0.953713 226.814 213.411 13.4038 0 -29.1975 -30.5245 8 2429.88 136.531 263 0.000438424
2200 0.130027 0.125022 0.00500448 0 0.961512 239.906 225.913 13.9932 0 -29.2916 -30.9216 8 2533.88 139.423 276 0.000452979
2300 0.197597 0.189711 0.00788611 0 0.96009 259.74 244.884 14.8564 0 -29.3131 -29.5724 8 2629.88 142.039 288 0.00065872
2400 0.157486 0.149889 0.00759788 0 0.951755 275.469 259.873 15.5957 0 -29.3156 -29.3575 8 2733.88 144.82 301 0.000497969
2500 0.164887 0.157765 0.007122 0 0.956807 291.967 275.649 16.3179 0 -29.3442 -29.8215 8 2829.88 147.341 313 0.00050404
2600 0.165488 0.15884 0.00664732 0 0.959832 308.682 291.533 17.1485 0 -29.3887 -30.1669 8 2933.88 150.024 326 0.00048724
2700 0.160436 0.151938 0.00849861 0 0.947028 324.59 306.727 17.8632 0 -29.4578 -30.797 8 3029.88 152.459 338 0.00044952
2800 0.182721 0.17357 0.00915103 0 0.949918 342.832 324.084 18.7475 0 -29.499 -30.232 8 3133.88 155.053 351 0.0004945
2900 0.164601 0.15702 0.00758096 0 0.953943 359.442 339.786 19.6562 0 -29.5602 -30.8248 8 3229.88 157.41 363 0.000432561
3000 0.173292 0.162942 0.0103492 0 0.940279 376.663 356.08 20.5825 0 -29.5545 -29.4345 8 3333.88 159.925 376 0.000433357
3100 0.178698 0.171204 0.00749384 0 0.958064 394.681 373.201 21.4804 0 -29.5684 -29.8595 8 3429.88 162.211 388 0.000441247
3200 0.160671 0.154272 0.00639917 0 0.960172 410.858 388.628 22.2306 0 -29.6041 -30.4754 8 3533.88 164.652 401 0.000384717
3300 0.15194 0.146681 0.005259 0 0.965388 426.177 403.296 22.8806 0 -29.6368 -30.513 8 3629.88 166.873 413 0.000355159
3400 0.143938 0.138878 0.00505939 0 0.96485 440.603 417.184 23.419 0 -29.6942 -31.39 8 3733.88 169.247 426 0.000326006
3500 0.142584 0.137175 0.00540949 0 0.962061 454.877 430.901 23.9758 0 -29.7363 -31.035 8 3829.88 171.409 438 0.000313184
3600 0.146133 0.14171 0.00442317 0 0.969732 469.586 445.072 24.5136 0 -29.7648 -30.6468 8 3933.88 173.72 451 0.000314214
3700 0.151491 0.145727 0.00576417 0 0.96195 484.71 459.645 25.0646 0 -29.7933 -30.6777 8 4029.88 175.827 463 0.000314744
3800 0.173754 0.167 0.00675403 0 0.961129 502.162 476.345 25.817 0 -29.8168 -30.4702 8 4133.88 178.082 476 0.000350839
3900 0.192268 0.184577 0.0076916 0 0.959995 521.584 494.803 26.7815 0 -29.8534 -30.7996 8 4229.88 180.138 488 0.000378231
4000 0.158461 0.151513 0.006948 0 0.956153 537.512 509.954 27.5578 0 -29.8975 -31.3416 8 4333.88 182.339 501 0.000302421
4100 0.161237 0.153796 0.00744101 0 0.953851 553.586 525.333 28.2526 0 -29.9226 -30.761 8 4429.88 184.347 513 0.000299798
4200 0.162335 0.155381 0.00695418 0 0.957162 569.895 540.871 29.0233 0 -29.9566 -31.1132 8 4533.88 186.498 526 0.000295401
4300 0.15556 0.148728 0.00683139 0 0.956085 585.48 555.744 29.7355 0 -29.9951 -31.4028 8 4629.88 188.463 538 0.000276447
4400 0.154324 0.148027 0.00629713 0 0.959195 601.028 570.547 30.4814 0 -30.0165 -30.8198 8 4733.88 190.567 551 0.000268652
4500 0.150508 0.144563 0.00594504 0 0.9605 616.122 585.003 31.1189 0 -30.0257 -30.3919 8 4829.88 192.49 563 0.000256773
4600 0.144389 0.138997 0.00539148 0 0.96266 630.68 598.903 31.7774 0 -30.0483 -31.0064 8 4933.88 194.551 576 0.000241315
4700 0.136486 0.131706 0.00478063 0 0.964974 644.396 612.074 32.3226 0 -30.0688 -31.01 8 5029.88 196.435 588 0.00022399
4800 0.14934 0.143513 0.00582756 0 0.960978 659.353 626.425 32.9283 0 -30.0739 -30.2934 8 5133.88 198.455 601 0.00023879
4900 0.192938 0.185177 0.00776119 0 0.959774 678.697 644.943 33.7539 0 -30.0798 -30.2802 8 5229.88 200.302 613 0.000302084
5000 0.201779 0.191983 0.00979653 0 0.951449 698.7 664.141 34.5586 0 -30.0529 -29.1435 8 5333.88 202.284 626 0.000306682
5100 0.19312 0.186397 0.0067231 0 0.965187 718.189 682.781 35.408 0 -30.0494 -29.9232 8 5429.88 204.096 638 0.000292158
5200 0.16046 0.154882 0.00557824 0 0.965236 734.351 698.269 36.0818 0 -30.0589 -30.4817 8 5533.88 206.042 651 0.000237914
5300 0.190485 0.182572 0.00791238 0 0.958462 753.283 716.526 36.7569 0 -30.0696 -30.4842 8 5629.88 207.821 663 0.000275373
5400 0.210495 0.202613 0.00788219 0 0.962554 774.342 736.787 37.5549 0 -30.0794 -30.4296 8 5733.88 209.732 676 0.000299723
5500 0.177046 0.169982 0.00706366 0 0.960103 792.115 753.786 38.3298 0 -30.0978 -30.8977 8 5829.88 211.48 688 0.000247067
5600 0.176934 0.169942 0.00699112 0 0.960487 809.884 770.78 39.1041 0 -30.1081 -30.5691 8 5933.88 213.358 701 0.000242429
5700 0.201613 0.194087 0.00752646 0 0.962669 830.135 790.188 39.9461 0 -30.1241 -30.7628 8 6029.88 215.077 713 0.000272211
5800 0.192714 0.184938 0.00777648 0 0.959648 849.503 808.682 40.8212 0 -30.138 -30.7328 8 6133.88 216.924 726 0.000254735
5900 0.17826 0.170403 0.00785743 0 0.955922 867.297 825.723 41.5741 0 -30.1537 -30.9068 8 6229.88 218.615 738 0.000230898
6000 0.173483 0.166962 0.00652138 0 0.962409 884.709 842.419 42.2907 0 -30.1765 -31.3087 8 6333.88 220.432 751 0.00022232
6100 0.172482 0.166277 0.00620538 0 0.964023 902.028 859.046 42.9815 0 -30.2037 -31.5964 8 6429.88 222.096 763 0.000217925
6200 0.17134 0.164085 0.00725431 0 0.957661 919.125 875.455 43.6696 0 -30.2224 -31.2072 8 6533.88 223.885 776 0.00021145
6300 0.174071 0.1675 0.00657146 0 0.962248 936.528 892.205 44.3231 0 -30.2446 -31.4181 8 6629.88 225.524 788 0.000212563
6400 0.172467 0.165888 0.00657922 0 0.961852 953.808 908.794 45.0139 0 -30.2775 -32.06 8 6733.88 227.286 801 0.000207101
6500 0.183826 0.173501 0.0103249 0 0.943834 972.1 926.144 45.9565 0 -30.2786 -30.3376 8 6829.88 228.9 813 0.000213409
6600 0.172816 0.164576 0.0082393 0 0.952323 989.426 942.602 46.8242 0 -30.2971 -31.3343 8 6933.88 230.637 826 0.000199245
6700 0.165059 0.157304 0.00775455 0 0.953019 1005.94 958.332 47.6086 0 -30.3216 -31.788 8 7029.88 232.228 838 0.000187714
6800 0.16588 0.158682 0.00719744 0 0.956611 1022.57 974.2 48.3732 0 -30.3482 -31.9575 8 7133.88 233.939 851 0.000186466
6900 0.2051 0.195621 0.00947917 0 0.953783 1043.1 993.762 49.3332 0 -30.38 -31.9624 8 7229.88 235.508 863 0.000226676
7000 0.181947 0.172691 0.00925582 0 0.949129 1061.22 1011.03 50.1886 0 -30.4024 -31.6959 8 7333.88 237.196 876 0.000197136
7100 0.187891 0.180979 0.00691261 0 0.96321 1080.13 1029.13 51.0047 0 -30.415 -31.1195 8 7429.88 238.743 888 0.000203805
7200 0.183672 0.176251 0.00742093 0 0.959597 1098.54 1046.75 51.7894 0 -30.4254 -31.0337 8 7533.88 240.408 901 0.000195617
7300 0.198486 0.189786 0.00869943 0 0.956171 1118.35 1065.73 52.6207 0 -30.4356 -31.0027 8 7629.88 241.935 913 0.000207871
7400 0.201671 0.194012 0.00765861 0 0.962024 1138.63 1085.13 53.4992 0 -30.4473 -31.0943 8 7733.88 243.578 926 0.000209517
7500 0.259857 0.247806 0.0120505 0 0.953626 1164.56 1109.91 54.6409 0 -30.4442 -30.3074 8 7829.88 245.086 938 0.000264185
7600 0.235542 0.225122 0.0104199 0 0.955762 1188.22 1132.43 55.7962 0 -30.4378 -30.1233 8 7933.88 246.708 951 0.000236722
7700 0.213496 0.204956 0.00854019 0 0.959998 1209.73 1152.92 56.8041 0 -30.4492 -31.0796 8 8029.88 248.196 963 0.00021283
7800 0.196019 0.18741 0.00860852 0 0.956083 1229.32 1171.66 57.652 0 -30.4572 -30.9495 8 8133.88 249.798 976 0.000192019
7900 0.185939 0.178365 0.0075735 0 0.959269 1247.97 1189.5 58.4698 0 -30.4692 -31.2586 8 8229.88 251.268 988 0.000180531
8000 0.201709 0.193883 0.00782575 0 0.961203 1268.19 1208.89 59.3031 0 -30.4858 -31.5104 8 8333.88 252.85 1001 0.000193689
8100 0.18669 0.179428 0.00726186 0 0.961102 1286.93 1226.83 60.1002 0 -30.4976 -31.298 8 8429.88 254.303 1013 0.000177126
8200 0.168183 0.161361 0.00682172 0 0.959439 1303.78 1242.97 60.8133 0 -30.5099 -31.4494 8 8533.88 255.866 1026 0.000157272
8300 0.160915 0.155459 0.00545644 0 0.966091 1319.98 1258.51 61.47 0 -30.5287 -32.0399 8 8629.88 257.302 1038 0.000149768
8400 0.150049 0.145389 0.00465962 0 0.968946 1335.04 1273.05 61.9891 0 -30.549 -32.3279 8 8733.88 258.847 1051 0.000138334
8500 0.153336 0.148344 0.00499182 0 0.967445 1350.36 1287.89 62.4776 0 -30.5667 -32.1062 8 8829.88 260.266 1063 0.000139552
8600 0.195322 0.187691 0.00763098 0 0.960931 1369.86 1306.66 63.2008 0 -30.5808 -31.5638 8 8933.88 261.794 1076 0.000174434
8700 0.190295 0.183632 0.00666331 0 0.964984 1389.02 1325.02 64.0026 0 -30.5976 -31.7922 8 9029.88 263.197 1088 0.000168779
8800 0.152456 0.147545 0.00491088 0 0.967788 1404.37 1339.77 64.5928 0 -30.619 -32.5639 8 9133.88 264.708 1101 0.00013401
8900 0.161549 0.155349 0.00620008 0 0.961621 1420.5 1355.31 65.1912 0 -30.6306 -31.6369 8 9229.88 266.096 1113 0.000139576
9000 0.172333 0.165344 0.0069889 0 0.959445 1437.67 1371.84 65.8298 0 -30.6354 -31.0328 8 9333.88 267.591 1126 0.000146842
9100 0.19362 0.185698 0.00792135 0 0.959088 1457.07 1390.41 66.6541 0 -30.6444 -31.3105 8 9429.88 268.963 1138 0.00016318
9200 0.186936 0.178921 0.00801476 0 0.957126 1475.73 1408.3 67.4284 0 -30.6417 -30.4289 8 9533.88 270.443 1151 0.000155449
9300 0.165519 0.159624 0.00589507 0 0.964384 1492.39 1424.27 68.1192 0 -30.6475 -31.1662 8 9629.88 271.801 1163 0.000137252
9400 0.247972 0.238298 0.00967457 0 0.960985 1517.13 1448.1 69.0356 0 -30.6434 -30.3932 8 9733.88 273.264 1176 0.000202634
9500 0.199348 0.189859 0.00948847 0 0.952402 1536.93 1467.08 69.8514 0 -30.6455 -30.8104 8 9829.88 274.609 1188 0.000159814
9600 0.187298 0.181234 0.00606384 0 0.967625 1555.82 1485.21 70.6101 0 -30.6448 -30.5868 8 9933.88 276.058 1201 0.000150903
9700 0.185567 0.17977 0.00579694 0 0.968761 1574.43 1503.18 71.2479 0 -30.6501 -31.0957 8 10029.9 277.388 1213 0.000148202
9800 0.176673 0.171129 0.00554443 0 0.968618 1592.13 1520.3 71.8353 0 -30.6561 -31.1871 8 10133.9 278.823 1226 0.000139583
9900 0.183105 0.176983 0.00612171 0 0.966567 1610.42 1537.99 72.4287 0 -30.6622 -31.1963 8 10229.9 280.14 1238 0.000142959
10000 0.210779 0.204104 0.00667458 0 0.968334 1631.7 1558.4 73.299 0 -30.6749 -31.6339 8 10333.9 281.561 1251 0.000163153
10100 0.20099 0.19189 0.00909972 0 0.954725 1651.6 1577.59 74.0087 0 -30.675 -30.6829 8 10429.9 282.865 1263 0.000151932
10200 0.214873 0.205655 0.00921781 0 0.957101 1673.05 1598.16 74.8948 0 -30.6693 -30.2326 8 10533.9 284.272 1276 0.000161171
10300 0.200299 0.19222 0.00807861 0 0.959667 1693.14 1617.38 75.7584 0 -30.6729 -30.9687 8 10629.9 285.565 1288 0.000149239
10400 0.198697 0.1905 0.00819759 0 0.958743 1713.07 1636.43 76.634 0 -30.6728 -30.6671 8 10733.9 286.958 1301 0.000146426
10500 0.194319 0.187077 0.00724145 0 0.962734 1732.58 1655.14 77.444 0 -30.6806 -31.3617 8 10829.9 288.238 1313 0.000142481
10600 0.195256 0.186393 0.0088623 0 0.954612 1751.97 1673.78 78.1919 0 -30.6817 -30.7768 8 10933.9 289.619 1326 0.000140568
10700 0.200537 0.193399 0.00713841 0 0.964404 1772.13 1693.12 79.0085 0 -30.6857 -31.038 8 11029.9 290.888 1338 0.000144543
10800 0.211601 0.203896 0.00770462 0 0.963589 1793.3 1713.51 79.7939 0 -30.687 -30.7915 8 11133.9 292.256 1351 0.000150922
10900 0.20406 0.198046 0.00601379 0 0.970529 1813.83 1733.31 80.5148 0 -30.6843 -30.4557 8 11229.9 293.513 1363 0.000145302
11000 0.184036 0.179509 0.00452655 0 0.975404 1832.4 1751.26 81.1394 0 -30.6944 -31.6729 8 11333.9 294.869 1376 0.000130457
11100 0.209377 0.201329 0.00804806 0 0.961562 1853.24 1771.4 81.8393 0 -30.6973 -30.9587 8 11429.9 296.115 1388 0.00014505
11200 0.223836 0.213401 0.0104347 0 0.953382 1875.38 1792.74 82.6477 0 -30.691 -30.1617 8 11533.9 297.459 1401 0.000152321
11300 0.235777 0.228051 0.00772572 0 0.967233 1899.09 1815.54 83.5441 0 -30.6851 -30.2147 8 11629.9 298.695 1413 0.000161395
11400 0.215987 0.209493 0.00649342 0 0.969936 1920.82 1836.49 84.3292 0 -30.6871 -30.8649 8 11733.9 300.027 1426 0.00014691
11500 0.239363 0.227645 0.0117183 0 0.951044 1944.44 1859.26 85.1829 0 -30.6894 -30.8786 8 11829.9 301.252 1438 0.000158307
11600 0.250393 0.241613 0.00878012 0 0.964935 1969.67 1883.42 86.2523 0 -30.6984 -31.3908 8 11933.9 302.574 1451 0.000166515
11700 0.200189 0.194288 0.00590046 0 0.970525 1989.79 1902.85 86.9488 0 -30.7099 -31.8341 8 12029.9 303.788 1463 0.000132801
11800 0.208447 0.203269 0.00517864 0 0.975156 2010.72 1923.17 87.5439 0 -30.7137 -31.0752 8 12133.9 305.098 1476 0.000137716
11900 0.184034 0.179833 0.00420177 0 0.977169 2029.2 1941.16 88.0398 0 -30.7255 -32.01 8 12229.9 306.303 1488 0.000120855
12000 0.175699 0.169473 0.00622593 0 0.964565 2046.61 1958.1 88.5031 0 -30.7389 -32.3054 8 12333.9 307.603 1501 0.000112907
12100 0.200555 0.1936 0.00695467 0 0.965323 2066.66 1977.46 89.1944 0 -30.7445 -31.3144 8 12429.9 308.797 1513 0.000127958
12200 0.193445 0.188076 0.00536872 0 0.972247 2086.18 1996.27 89.9129 0 -30.7583 -32.217 8 12533.9 310.087 1526 0.000123248
12300 0.181502 0.17528 0.00622169 0 0.965721 2104.36 2013.8 90.5642 0 -30.7721 -32.3568 8 12629.9 311.272 1538 0.000113966
12400 0.185677 0.178878 0.00679936 0 0.963381 2122.9 2031.69 91.2132 0 -30.7859 -32.3487 8 12733.9 312.551 1551 0.000115331
12500 0.164249 0.159347 0.00490181 0 0.970156 2139.47 2047.62 91.8481 0 -30.8034 -33.0433 8 12829.9 313.727 1563 0.00010195
12600 0.16584 0.15985 0.00599005 0 0.963881 2156.08 2063.61 92.4739 0 -30.8138 -32.1622 8 12933.9 314.996 1576 0.000101428
12700 0.172223 0.166702 0.00552096 0 0.967943 2173.31 2080.28 93.0371 0 -30.8196 -31.543 8 13029.9 316.162 1588 0.000104976
12800 0.178892 0.172585 0.00630636 0 0.964748 2191.2 2097.53 93.6682 0 -30.826 -31.6037 8 13133.9 317.422 1601 0.000107799
12900 0.220754 0.211033 0.0097214 0 0.955963 2213.17 2118.64 94.5337 0 -30.827 -30.9216 8 13229.9 318.58 1613 0.000130832
13000 0.210521 0.202383 0.00813855 0 0.961341 2234.33 2138.88 95.4565 0 -30.8305 -31.1961 8 13333.9 319.829 1626 0.000124467
13100 0.222457 0.213001 0.00945549 0 0.957495 2256.57 2160.18 96.3958 0 -30.8357 -31.3614 8 13429.9 320.979 1638 0.000130038
13200 0.199833 0.191381 0.0084524 0 0.957703 2276.6 2179.31 97.2807 0 -30.8428 -31.6439 8 13533.9 322.219 1651 0.000115918
13300 0.192594 0.183868 0.00872586 0 0.954693 2295.79 2197.7 98.088 0 -30.8442 -31.0116 8 13629.9 323.36 1663 0.000110564
13400 0.19149 0.183189 0.00830055 0 0.956653 2314.92 2216.02 98.8995 0 -30.8456 -31.0117 8 13733.9 324.591 1676 0.000109301
13500 0.178166 0.170516 0.00764962 0 0.957065 2332.73 2233.07 99.6572 0 -30.8525 -31.7505 8 13829.9 325.724 1688 0.000101017
13600 0.192879 0.185536 0.00734345 0 0.961927 2352.05 2251.63 100.421 0 -30.857 -31.3967 8 13933.9 326.946 1701 0.000109075
13700 0.186525 0.179567 0.00695778 0 0.962698 2370.68 2269.58 101.102 0 -30.8683 -32.2998 8 14029.9 328.07 1713 0.000104826
13800 0.184786 0.177368 0.00741752 0 0.959859 2389.1 2287.32 101.784 0 -30.8806 -32.4576 8 14133.9 329.284 1726 0.000102762
13900 0.182265 0.175072 0.00719218 0 0.96054 2407.3 2304.83 102.475 0 -30.8885 -31.9358 8 14229.9 330.401 1738 0.000100732
14000 0.187187 0.179526 0.00766101 0 0.959073 2426 2322.78 103.222 0 -30.8994 -32.2907 8 14333.9 331.606 1751 0.000102528
14100 0.186677 0.180336 0.00634022 0 0.966036 2444.8 2340.81 103.988 0 -30.9121 -32.5585 8 14429.9 332.714 1763 0.00010229
14200 0.166202 0.160835 0.00536634 0 0.967712 2461.49 2356.9 104.592 0 -30.9247 -32.7705 8 14533.9 333.911 1776 9.05605e-05
14300 0.181977 0.174707 0.00727005 0 0.96005 2479.59 2374.37 105.226 0 -30.9342 -32.2251 8 14629.9 335.012 1788 9.77108e-05
14400 0.186043 0.177811 0.00823249 0 0.95575 2498.07 2392.15 105.92 0 -30.9433 -32.1705 8 14733.9 336.201 1801 9.87288e-05
14500 0.218303 0.209271 0.00903258 0 0.958624 2519.87 2413.08 106.798 0 -30.9491 -31.6072 8 14829.9 337.294 1813 0.000115428
14600 0.201689 0.195219 0.00646984 0 0.967922 2540.13 2432.6 107.531 0 -30.9573 -31.9812 8 14933.9 338.475 1826 0.000106911
14700 0.189268 0.18377 0.00549849 0 0.970949 2559.12 2450.97 108.143 0 -30.9703 -32.7014 8 15029.9 339.561 1838 9.99837e-05
14800 0.192363 0.185901 0.00646233 0 0.966406 2578.39 2469.56 108.829 0 -30.9761 -31.7539 8 15133.9 340.734 1851 0.000100433
14900 0.176674 0.169784 0.00689029 0 0.961 2596.05 2486.54 109.506 0 -30.9852 -32.3124 8 15229.9 341.813 1863 9.11345e-05
15000 0.169192 0.16436 0.00483162 0 0.971443 2613.06 2502.98 110.085 0 -30.9962 -32.6676 8 15333.9 342.978 1876 8.7612e-05
15100 0.191987 0.184143 0.00784466 0 0.95914 2632.15 2521.39 110.759 0 -30.998 -31.249 8 15429.9 344.05 1888 9.75333e-05
15200 0.183658 0.177957 0.00570098 0 0.968959 2650.63 2539.19 111.444 0 -31.0063 -32.1952 8 15533.9 345.207 1901 9.36121e-05
15300 0.210081 0.202484 0.00759663 0 0.963839 2671.63 2559.44 112.191 0 -31.0127 -31.8198 8 15629.9 346.272 1913 0.000105846
15400 0.232718 0.224986 0.00773173 0 0.966776 2695 2581.94 113.065 0 -31.0196 -31.7999 8 15733.9 347.423 1926 0.000116815
15500 0.206528 0.199172 0.00735619 0 0.964382 2715.75 2601.85 113.9 0 -31.0276 -32.0766 8 15829.9 348.481 1938 0.000102772
15600 0.199143 0.191246 0.00789686 0 0.960346 2735.59 2620.98 114.609 0 -31.0361 -32.2 8 15933.9 349.624 1951 9.80248e-05
15700 0.190741 0.183107 0.00763394 0 0.959978 2754.59 2639.29 115.3 0 -31.0434 -32.0841 8 16029.9 350.675 1963 9.32793e-05
15800 0.180344 0.173179 0.00716438 0 0.960274 2772.58 2656.61 115.972 0 -31.0488 -31.8749 8 16133.9 351.811 1976 8.76414e-05
15900 0.193313 0.186139 0.00717352 0 0.962892 2791.96 2675.22 116.742 0 -31.0563 -32.1393 8 16229.9 352.856 1988 9.36313e-05
16000 0.240712 0.229811 0.0109008 0 0.954714 2815.89 2698.2 117.685 0 -31.0538 -30.7593 8 16333.9 353.985 2001 0.000114848
16100 0.216564 0.208336 0.00822815 0 0.962006 2837.59 2719.03 118.553 0 -31.0578 -31.5756 8 16429.9 355.024 2013 0.000103495
16200 0.206337 0.197961 0.00837591 0 0.959407 2858.23 2738.83 119.398 0 -31.062 -31.6404 8 16533.9 356.146 2026 9.77101e-05
16300 0.220816 0.211554 0.00926161 0 0.958057 2880.29 2759.99 120.307 0 -31.0661 -31.5973 8 16629.9 357.178 2038 0.000103805
16400 0.234929 0.226358 0.00857105 0 0.963516 2903.93 2782.62 121.309 0 -31.069 -31.4239 8 16733.9 358.293 2051 0.000110365
16500 0.206779 0.199413 0.00736621 0 0.964376 2924.66 2802.56 122.1 0 -31.0748 -31.879 8 16829.9 359.319 2063 9.66616e-05
16600 0.194753 0.187264 0.00748858 0 0.961548 2944.09 2821.29 122.799 0 -31.0796 -31.809 8 16933.9 360.428 2076 9.02042e-05
16700 0.188466 0.18303 0.00543618 0 0.971156 2962.97 2839.59 123.382 0 -31.0836 -31.6988 8 17029.9 361.448 2088 8.7658e-05
16800 0.186512 0.181133 0.00537888 0 0.971161 2981.65 2857.71 123.943 0 -31.0909 -32.2595 8 17133.9 362.55 2101 8.62128e-05
16900 0.206046 0.199517 0.00652851 0 0.968315 3002.32 2877.66 124.663 0 -31.0949 -31.6722 8 17229.9 363.564 2113 9.44237e-05
17000 0.187941 0.182492 0.00544824 0 0.971011 3021.16 2895.91 125.249 0 -31.1047 -32.6648 8 17333.9 364.66 2126 8.58384e-05
17100 0.21737 0.20875 0.00862067 0 0.960341 3042.8 2916.78 126.023 0 -31.1094 -31.7677 8 17429.9 365.668 2138 9.76378e-05
17200 0.228852 0.221001 0.00785014 0 0.965698 3065.74 2938.88 126.863 0 -31.1115 -31.3869 8 17533.9 366.758 2151 0.000102744
17300 0.224246 0.215765 0.00848189 0 0.962176 3088.17 2960.46 127.71 0 -31.1153 -31.6319 8 17629.9 367.76 2163 9.97525e-05
17400 0.236548 0.227183 0.00936465 0 0.960411 3111.7 2983.18 128.528 0 -31.1107 -30.5136 8 17733.9 368.843 2176 0.000104404
17500 0.21563 0.208555 0.00707436 0 0.967192 3133.42 3004.03 129.385 0 -31.1107 -31.1026 8 17829.9 369.84 2188 9.53177e-05
17600 0.233899 0.226147 0.00775237 0 0.966856 3156.8 3026.65 130.152 0 -31.1144 -31.6124 8 17933.9 370.917 2201 0.000102747
17700 0.236162 0.22737 0.0087923 0 0.96277 3180.35 3049.38 130.961 0 -31.1183 -31.6486 8 18029.9 371.909 2213 0.000102743
17800 0.22004 0.212707 0.00733367 0 0.966671 3202.42 3070.65 131.765 0 -31.1254 -32.1359 8 18133.9 372.98 2226 9.55555e-05
17900 0.197565 0.19194 0.00562469 0 0.97153 3222.3 3089.85 132.449 0 -31.1347 -32.6369 8 18229.9 373.966 2238 8.57643e-05
18000 0.192474 0.186796 0.00567759 0 0.970502 3241.52 3108.53 132.995 0 -31.141 -32.198 8 18333.9 375.031 2251 8.29838e-05
18100 0.194779 0.189582 0.00519796 0 0.973314 3261.08 3127.49 133.59 0 -31.1462 -32.0098 8 18429.9 376.012 2263 8.37744e-05
18200 0.228092 0.219635 0.00845681 0 0.962924 3283.69 3149.45 134.239 0 -31.1485 -31.4747 8 18533.9 377.071 2276 9.65006e-05
18300 0.256954 0.247307 0.00964712 0 0.962456 3309.39 3174.18 135.206 0 -31.1449 -30.683 8 18629.9 378.046 2288 0.000108089
18400 0.217239 0.210387 0.0068523 0 0.968457 3331.21 3195.22 135.995 0 -31.1477 -31.5851 8 18733.9 379.1 2301 9.14329e-05
18500 0.203847 0.194356 0.00949151 0 0.953438 3351.35 3214.65 136.695 0 -31.1502 -31.5652 8 18829.9 380.07 2313 8.40276e-05
18600 0.20976 0.202623 0.00713687 0 0.965976 3372.37 3234.92 137.455 0 -31.1571 -32.2497 8 18933.9 381.118 2326 8.71121e-05
18700 0.215976 0.20669 0.00928587 0 0.957005 3393.79 3255.59 138.206 0 -31.1628 -32.0575 8 19029.9 382.083 2338 8.84048e-05
18800 0.224521 0.215625 0.00889612 0 0.960377 3416.2 3277.15 139.047 0 -31.1708 -32.3909 8 19133.9 383.126 2351 9.17161e-05
18900 0.221742 0.212747 0.00899432 0 0.959438 3438.36 3298.42 139.935 0 -31.1795 -32.5226 8 19229.9 384.086 2363 9.00327e-05
19000 0.206348 0.199538 0.0068095 0 0.967 3459.1 3318.38 140.72 0 -31.1874 -32.497 8 19333.9 385.123 2376 8.39807e-05
19100 0.200888 0.194189 0.00669914 0 0.966652 3479.21 3337.8 141.419 0 -31.1943 -32.3651 8 19429.9 386.078 2388 8.13186e-05
19200 0.227563 0.217774 0.00978958 0 0.956981 3501.71 3359.57 142.133 0 -31.1975 -31.6937 8 19533.9 387.11 2401 9.07012e-05
19300 0.243254 0.234206 0.00904808 0 0.962804 3526.01 3382.99 143.011 0 -31.1979 -31.2591 8 19629.9 388.06 2413 9.70603e-05
19400 0.274046 0.263794 0.010252 0 0.96259 3553.38 3409.37 144.006 0 -31.2049 -32.1042 8 19733.9 389.087 2426 0.000108736
19500 0.264317 0.254124 0.0101929 0 0.961437 3579.85 3434.79 145.061 0 -31.2097 -31.8561 8 19829.9 390.032 2438 0.000104235
19600 0.284117 0.272347 0.0117699 0 0.958574 3608.26 3462.02 146.24 0 -31.2113 -31.4093 8 19933.9 391.053 2451 0.000111117
19700 0.267695 0.25843 0.00926529 0 0.965389 3635.24 3487.86 147.373 0 -31.2172 -32.0138 8 20029.9 391.994 2463 0.000104925
19800 0.245762 0.237306 0.00845651 0 0.965591 3659.88 3511.59 148.289 0 -31.2211 -31.7972 8 20133.9 393.01 2476 9.58423e-05
19900 0.238685 0.230421 0.00826457 0 0.965375 3683.76 3534.64 149.124 0 -31.2248 -31.7891 8 20229.9 393.946 2488 9.26128e-05
20000 0.257313 0.246548 0.0107648 0 0.958165 3709.31 3559.29 150.018 0 -31.2245 -31.1771 8 20333.9 394.957 2501 9.85799e-05
