100 0.00821579 0.00757571 0.000640086 0 0.922091 0.789742 0.757571 0.0321717 0 -28.5855 -28.5855 32 453.882 59.0081 4 0.00189393
200 0.0109585 0.0101144 0.000844027 0 0.922979 1.87345 1.76901 0.104438 0 -28.2681 -28.0369 32 549.882 64.9493 7 0.00144492
300 0.0370851 0.0348121 0.00227303 0 0.938708 5.57101 5.25022 0.320784 0 -25.3832 -23.9215 32 645.882 70.3909 10 0.00348121
400 0.0338178 0.0312965 0.00252134 0 0.925443 8.96538 8.37987 0.585511 0 -25.7202 -26.2733 32 741.882 75.441 13 0.00240742
500 0.0270646 0.0247517 0.00231288 0 0.914542 11.706 10.855 0.850949 0 -25.9745 -26.8064 32 837.882 80.1736 16 0.00154698
600 0.0228405 0.0210291 0.00181142 0 0.920693 14.0173 12.9579 1.05933 0 -26.024 -26.2747 32 933.882 84.642 19 0.00110679
700 0.0223764 0.0206712 0.00170524 0 0.923793 16.2585 15.0251 1.23342 0 -26.0152 -25.9603 32 1029.88 88.8861 22 0.0009396
800 0.0370691 0.0344481 0.00262106 0 0.929293 19.9366 18.4699 1.46668 0 -26.3064 -27.5936 32 1157.88 94.248 26 0.00132493
900 0.0306393 0.0289733 0.001666 0 0.945625 23.0596 21.3672 1.69244 0 -26.6909 -29.1454 32 1253.88 98.0773 29 0.000999078
1000 0.0465341 0.0437488 0.00278536 0 0.940144 27.7047 25.7421 1.96263 0 -26.6665 -26.5455 32 1349.88 101.763 32 0.00136715
1100 0.0368058 0.0345997 0.00220616 0 0.940059 31.4328 29.202 2.23077 0 -26.706 -26.9997 32 1445.88 105.319 35 0.000988562
1200 0.0342307 0.0320626 0.00216814 0 0.936661 34.8634 32.4083 2.45508 0 -26.8355 -28.0212 32 1541.88 108.759 38 0.000843752
1300 0.0415358 0.0387421 0.00279376 0 0.932739 39.0058 36.2825 2.72326 0 -26.7572 -26.0986 32 1637.88 112.094 41 0.000944929
1400 0.0376168 0.0353441 0.00227272 0 0.939582 42.8031 39.8169 2.98618 0 -26.883 -28.1753 32 1733.88 115.332 44 0.000803275
1500 0.036015 0.0334204 0.00259466 0 0.927956 46.3857 43.159 3.22671 0 -27.0252 -28.7238 32 1829.88 118.482 47 0.000711072
1600 0.0371836 0.0349995 0.0021841 0 0.941262 50.1587 46.6589 3.49978 0 -27.1462 -28.6339 32 1957.88 122.556 51 0.000686265
1700 0.0298946 0.0280163 0.00187828 0 0.93717 53.1364 49.4605 3.67586 0 -27.2474 -28.9515 32 2053.88 125.524 54 0.00051882
1800 0.0289189 0.0269923 0.00192658 0 0.93338 55.9607 52.1598 3.80093 0 -27.2908 -28.1085 32 2149.88 128.424 57 0.00047355
1900 0.0448657 0.0433266 0.00153913 0 0.965695 60.4884 56.4924 3.99599 0 -27.2855 -27.2196 32 2245.88 131.26 60 0.000722109
2000 0.0321807 0.0311128 0.00106789 0 0.966816 63.7183 59.6037 4.11462 0 -27.3507 -28.5713 32 2341.88 134.036 63 0.000493854
2100 0.0366228 0.0352369 0.00138585 0 0.962159 67.3797 63.1274 4.2523 0 -27.4002 -28.2625 32 2437.88 136.756 66 0.000533893
2200 0.0281084 0.0274745 0.000633924 0 0.977447 70.225 65.8749 4.35017 0 -27.4611 -28.9025 32 2533.88 139.423 69 0.000398181
2300 0.04728 0.0451437 0.00213622 0 0.954818 74.9414 70.3892 4.5522 0 -27.3969 -26.4405 32 2629.88 142.039 72 0.000626997
2400 0.0481395 0.0455625 0.00257702 0 0.946468 79.742 74.9455 4.79649 0 -27.3731 -27.002 32 2757.88 145.455 76 0.000599507
2500 0.0650844 0.061001 0.0040834 0 0.93726 86.1954 81.0456 5.14985 0 -27.2961 -26.3449 32 2853.88 147.965 79 0.000772165
2600 0.0497787 0.0468816 0.00289708 0 0.941801 91.2139 85.7337 5.48013 0 -27.2799 -27.0021 32 2949.88 150.433 82 0.000571727
2700 0.0423714 0.0399255 0.0024459 0 0.942275 95.4801 89.7263 5.7538 0 -27.2765 -27.2022 32 3045.88 152.861 85 0.000469712
2800 0.0468956 0.0437726 0.00312302 0 0.933405 100.11 94.1036 6.00611 0 -27.3001 -27.7878 32 3141.88 155.251 88 0.000497415
2900 0.0634215 0.0597564 0.00366508 0 0.942211 106.482 100.079 6.40262 0 -27.4788 -30.2855 32 3237.88 157.605 91 0.000656664
3000 0.0475198 0.0450078 0.00251203 0 0.947137 111.303 104.58 6.72281 0 -27.5878 -29.9974 32 3333.88 159.925 94 0.000478806
3100 0.0473006 0.0448487 0.00245193 0 0.948163 116.077 109.065 7.01187 0 -27.6677 -29.5283 32 3429.88 162.211 97 0.000462358
3200 0.0363826 0.0349148 0.00146781 0 0.959656 119.773 112.556 7.21629 0 -27.7472 -30.247 32 3557.88 165.21 101 0.000345691
3300 0.0440481 0.0423293 0.00171875 0 0.96098 124.221 116.789 7.43211 0 -27.8259 -29.9425 32 3653.88 167.424 104 0.000407013
3400 0.0513408 0.049131 0.00220988 0 0.956957 129.384 121.702 7.68145 0 -27.8938 -29.5278 32 3749.88 169.609 107 0.000459168
3500 0.0459262 0.0437534 0.00217279 0 0.952689 134.009 126.078 7.93148 0 -27.9579 -29.7513 32 3845.88 171.766 110 0.000397758
3600 0.0446155 0.041938 0.00267748 0 0.939988 138.409 130.271 8.13787 0 -27.996 -29.1566 32 3941.88 173.897 113 0.000371133
3700 0.0475606 0.0448394 0.00272128 0 0.942783 143.142 134.755 8.38664 0 -28.0321 -29.089 32 4037.88 176.002 116 0.000386546
3800 0.0363407 0.0347039 0.00163684 0 0.954959 146.839 138.226 8.61329 0 -28.0761 -29.78 32 4133.88 178.082 119 0.000291629
3900 0.0322811 0.0310472 0.00123392 0 0.961776 150.103 141.331 8.7721 0 -28.1298 -30.5459 32 4229.88 180.138 122 0.000254485
4000 0.0415147 0.0392299 0.0022848 0 0.944964 154.241 145.254 8.98722 0 -28.187 -30.2617 32 4357.88 182.843 126 0.000311349
4100 0.0426776 0.0401663 0.00251134 0 0.941156 158.483 149.27 9.21267 0 -28.2461 -30.3929 32 4453.88 184.846 129 0.000311366
4200 0.0352138 0.0334254 0.00178839 0 0.949213 162 152.613 9.38777 0 -28.308 -31.1003 32 4549.88 186.827 132 0.000253223
4300 0.0320709 0.030722 0.0013489 0 0.95794 165.226 155.685 9.54078 0 -28.3709 -31.5273 32 4645.88 188.788 135 0.00022757
4400 0.0325348 0.0308089 0.00172583 0 0.946954 168.452 158.766 9.68596 0 -28.4233 -31.1059 32 4741.88 190.728 138 0.000223253
4500 0.0298167 0.0287494 0.00106731 0 0.964204 171.457 161.641 9.81605 0 -28.48 -31.6592 32 4837.88 192.649 141 0.000203896
4600 0.0299719 0.0290439 0.000927992 0 0.969038 174.507 164.545 9.96192 0 -28.5403 -31.9315 32 4933.88 194.551 144 0.000201694
4700 0.044267 0.042258 0.00200901 0 0.954616 178.972 168.771 10.2008 0 -28.5506 -28.9511 32 5029.88 196.435 147 0.000287469
4800 0.0424307 0.0399536 0.00247706 0 0.941621 183.202 172.766 10.4362 0 -28.5764 -29.6684 32 5157.88 198.919 151 0.000264593
4900 0.0472915 0.0428355 0.00445602 0 0.905776 187.722 177.05 10.6725 0 -28.5799 -28.7231 32 5253.88 200.761 154 0.000278152
5000 0.0650474 0.061849 0.0031984 0 0.95083 194.274 183.235 11.0395 0 -28.6376 -30.2911 32 5349.88 202.587 157 0.000393943
5100 0.0529378 0.049324 0.00361381 0 0.931735 199.471 188.167 11.3041 0 -28.6756 -30.0956 32 5445.88 204.397 160 0.000308275
5200 0.0484469 0.0467735 0.00167341 0 0.965459 204.391 192.844 11.5462 0 -28.704 -29.8553 32 5541.88 206.191 163 0.000286954
5300 0.0442112 0.0426501 0.0015611 0 0.96469 208.829 197.109 11.7193 0 -28.726 -29.739 32 5637.88 207.969 166 0.000256928
5400 0.0499136 0.0483292 0.00158443 0 0.968257 213.821 201.942 11.879 0 -28.7359 -29.1487 32 5733.88 209.732 169 0.000285972
5500 0.0472041 0.0458126 0.00139157 0 0.97052 218.571 206.524 12.0475 0 -28.7468 -29.241 32 5829.88 211.48 172 0.000266352
5600 0.0395417 0.0386168 0.000924901 0 0.976609 222.546 210.385 12.1609 0 -28.781 -30.6596 32 5957.88 213.789 176 0.000219414
5700 0.0359192 0.0349493 0.00096984 0 0.972999 226.111 213.88 12.2305 0 -28.8223 -31.4032 32 6053.88 215.505 179 0.000195248
5800 0.0388168 0.0380496 0.000767179 0 0.980236 229.985 217.685 12.2999 0 -28.8822 -32.3742 32 6149.88 217.207 182 0.000209064
5900 0.0368161 0.0363912 0.00042492 0 0.988458 233.715 221.324 12.3909 0 -28.9549 -33.4385 32 6245.88 218.896 185 0.000196709
6000 0.0321568 0.0314768 0.00067998 0 0.978854 236.92 224.472 12.4477 0 -29.01 -33.0322 32 6341.88 220.571 188 0.00016743
6100 0.0292783 0.0288632 0.000415188 0 0.985819 239.866 227.358 12.5073 0 -29.0627 -33.2997 32 6437.88 222.235 191 0.000151116
6200 0.0275084 0.0273395 0.000168935 0 0.993859 242.635 230.092 12.5424 0 -29.1166 -33.7831 32 6533.88 223.885 194 0.000140925
6300 0.0326295 0.0321445 0.000485021 0 0.985136 245.909 233.307 12.602 0 -29.163 -32.6029 32 6629.88 225.524 197 0.00016317
6400 0.0291014 0.0285971 0.000504377 0 0.982668 248.837 236.166 12.6708 0 -29.2096 -33.1197 32 6757.88 227.691 201 0.000142274
6500 0.0291259 0.0284096 0.000716254 0 0.975408 251.749 239.007 12.7418 0 -29.2431 -32.1051 32 6853.88 229.302 204 0.000139263
6600 0.0288087 0.0280326 0.000776138 0 0.973059 254.635 241.811 12.8244 0 -29.2777 -32.2947 32 6949.88 230.903 207 0.000135423
6700 0.0300415 0.0286823 0.00135912 0 0.954759 257.598 244.679 12.9192 0 -29.3071 -31.8351 32 7045.88 232.492 210 0.000136583
6800 0.0270539 0.026414 0.000639926 0 0.976346 260.319 247.32 12.9982 0 -29.3459 -33.0262 32 7141.88 234.07 213 0.000124009
6900 0.0257953 0.0251705 0.00062479 0 0.975779 262.905 249.837 13.0676 0 -29.3846 -33.2772 32 7237.88 235.638 216 0.00011653
7000 0.0302291 0.0289506 0.00127847 0 0.957707 265.897 252.732 13.1651 0 -29.3981 -30.583 32 7333.88 237.196 219 0.000132195
7100 0.0317605 0.0313281 0.000432453 0 0.986384 269.16 255.865 13.295 0 -29.4167 -30.936 32 7429.88 238.743 222 0.000141117
7200 0.0293869 0.0289292 0.000457757 0 0.984423 272.127 258.758 13.3693 0 -29.4413 -31.6661 32 7557.88 240.791 226 0.000128005
7300 0.0314065 0.0304872 0.000919275 0 0.97073 275.266 261.807 13.4587 0 -29.4595 -31.0426 32 7653.88 242.315 229 0.000133132
7400 0.0387915 0.0375909 0.00120065 0 0.969049 279.155 265.566 13.5895 0 -29.4867 -31.4109 32 7749.88 243.83 232 0.00016203
7500 0.027986 0.0269186 0.00106738 0 0.96186 281.947 268.258 13.6888 0 -29.5125 -32.0875 32 7845.88 245.336 235 0.000114547
7600 0.0398559 0.0370726 0.00278328 0 0.930166 285.826 271.965 13.8614 0 -29.5352 -31.1887 32 7941.88 246.832 238 0.000155767
7700 0.0476778 0.0439577 0.00372008 0 0.921974 290.467 276.361 14.1063 0 -29.5312 -29.2827 32 8037.88 248.32 241 0.000182397
7800 0.059194 0.0547141 0.00447994 0 0.924318 296.282 281.832 14.4495 0 -29.547 -30.3375 32 8133.88 249.798 244 0.000224238
7900 0.063891 0.0600187 0.00387231 0 0.939392 302.711 287.834 14.877 0 -29.5902 -31.5814 32 8229.88 251.268 247 0.000242991
8000 0.0447199 0.0425411 0.00217889 0 0.951277 307.241 292.088 15.1528 0 -29.6319 -32.4167 32 8357.88 253.214 251 0.000169486
8100 0.0456782 0.0425502 0.00312797 0 0.931522 311.723 296.343 15.3796 0 -29.6468 -30.6703 32 8453.88 254.664 254 0.00016752
8200 0.0550591 0.0518607 0.00319846 0 0.941909 317.139 301.529 15.6101 0 -29.6558 -30.1732 32 8549.88 256.106 257 0.000201792
8300 0.0487455 0.0466167 0.00212877 0 0.956329 322.053 306.191 15.8618 0 -29.6761 -30.9875 32 8645.88 257.54 260 0.000179295
8400 0.062145 0.0592305 0.00291448 0 0.953102 328.276 312.114 16.162 0 -29.6808 -29.9206 32 8741.88 258.966 263 0.000225211
8500 0.0508641 0.0485013 0.00236285 0 0.953546 333.407 316.964 16.443 0 -29.7001 -30.9347 32 8837.88 260.384 266 0.000182336
8600 0.0413265 0.0397148 0.00161168 0 0.961001 337.581 320.936 16.6454 0 -29.7245 -31.6736 32 8933.88 261.794 269 0.000147639
8700 0.058991 0.0563467 0.00264431 0 0.955174 343.489 326.57 16.9186 0 -29.7666 -32.1754 32 9029.88 263.197 272 0.000207157
8800 0.0809553 0.0780711 0.0028842 0 0.964373 351.687 334.377 17.3091 0 -29.7475 -28.9442 32 9157.88 265.056 276 0.000282866
8900 0.0532453 0.0517658 0.00147946 0 0.972214 357.076 339.554 17.5224 0 -29.7627 -30.7581 32 9253.88 266.442 279 0.000185541
9000 0.0535321 0.0515703 0.00196178 0 0.963353 362.412 344.711 17.7005 0 -29.7669 -30.0445 32 9349.88 267.82 282 0.000182873
9100 0.047322 0.0457759 0.00154607 0 0.967329 367.169 349.289 17.8808 0 -29.7875 -31.3603 32 9445.88 269.191 285 0.000160617
9200 0.0515966 0.0500128 0.00158382 0 0.969304 372.369 354.29 18.0788 0 -29.8175 -31.9392 32 9541.88 270.556 288 0.000173656
9300 0.0426311 0.0416981 0.000933006 0 0.978114 376.672 358.46 18.2119 0 -29.8437 -32.1047 32 9637.88 271.914 291 0.000143292
9400 0.0443603 0.0432048 0.00115551 0 0.973952 381.129 362.78 18.3483 0 -29.8592 -31.175 32 9733.88 273.264 294 0.000146955
9500 0.0502879 0.0491627 0.00112519 0 0.977625 386.18 367.696 18.4832 0 -29.8832 -31.6919 32 9829.88 274.609 297 0.000165531
9600 0.042006 0.0411303 0.000875699 0 0.979153 390.42 371.809 18.6105 0 -29.9115 -32.4857 32 9957.88 276.391 301 0.000136646
9700 0.0402739 0.0390005 0.0012734 0 0.968382 394.435 375.71 18.7256 0 -29.9374 -32.4595 32 10053.9 277.72 304 0.000128291
9800 0.0427368 0.0408873 0.00184947 0 0.956724 398.682 379.798 18.8833 0 -29.9462 -30.7652 32 10149.9 279.043 307 0.000133183
9900 0.0453861 0.0439025 0.00148358 0 0.967312 403.261 384.188 19.073 0 -29.9565 -30.851 32 10245.9 280.359 310 0.000141621
10000 0.0381162 0.0367023 0.00141395 0 0.962904 407.079 387.859 19.2202 0 -29.9707 -31.4681 32 10341.9 281.67 313 0.00011726
10100 0.0328266 0.0322368 0.000589709 0 0.982036 410.413 391.082 19.3307 0 -29.9938 -32.8158 32 10437.9 282.974 316 0.000102015
10200 0.0411823 0.0395955 0.00158672 0 0.961471 414.49 395.042 19.4482 0 -30.0137 -32.0148 32 10533.9 284.272 319 0.000124124
10300 0.0391888 0.0377434 0.00144538 0 0.963118 418.416 398.816 19.5995 0 -30.0304 -31.7959 32 10629.9 285.565 322 0.000117216
10400 0.0369661 0.0357604 0.00120569 0 0.967384 422.135 402.392 19.7423 0 -30.0406 -31.1863 32 10757.9 287.279 326 0.000109694
10500 0.0380644 0.0368227 0.00124169 0 0.967379 425.967 406.075 19.8925 0 -30.0515 -31.254 32 10853.9 288.558 329 0.000111923
10600 0.0385578 0.0360763 0.00248147 0 0.935643 429.695 409.682 20.0129 0 -30.0576 -30.7496 32 10949.9 289.831 332 0.000108664
10700 0.0458302 0.0438878 0.00194247 0 0.957616 434.295 414.071 20.2245 0 -30.0646 -30.7267 32 11045.9 291.099 335 0.000131008
10800 0.0387118 0.0373511 0.00136075 0 0.964849 438.196 417.806 20.3898 0 -30.0725 -30.9443 32 11141.9 292.361 338 0.000110506
10900 0.0335082 0.0323386 0.00116959 0 0.965095 441.558 421.04 20.5177 0 -30.0853 -31.7624 32 11237.9 293.618 341 9.48346e-05
11000 0.0443713 0.0419106 0.00246064 0 0.944544 445.894 425.231 20.6634 0 -30.0902 -30.589 32 11333.9 294.869 344 0.000121833
11100 0.0421091 0.0411628 0.000946302 0 0.977527 450.173 429.347 20.8253 0 -30.1111 -32.2822 32 11429.9 296.115 347 0.000118625
11200 0.0482761 0.0464805 0.00179561 0 0.962805 454.965 433.995 20.97 0 -30.1009 -29.147 32 11557.9 297.769 351 0.000132423
11300 0.0515297 0.0492747 0.00225501 0 0.956239 460.111 438.923 21.1884 0 -30.0906 -29.1828 32 11653.9 299.003 354 0.000139194
11400 0.0479373 0.0460076 0.00192968 0 0.959746 464.903 443.524 21.3792 0 -30.0926 -30.2779 32 11749.9 300.232 357 0.000128873
11500 0.0417157 0.0406942 0.00102143 0 0.975514 469.12 447.593 21.5266 0 -30.1032 -31.2713 32 11845.9 301.456 360 0.00011304
11600 0.0433967 0.0416857 0.00171104 0 0.960572 473.415 451.762 21.6538 0 -30.1096 -30.8165 32 11941.9 302.675 363 0.000114837
11700 0.0516219 0.0498137 0.00180825 0 0.964971 478.597 456.743 21.8537 0 -30.1119 -30.3145 32 12037.9 303.889 366 0.000136103
11800 0.0487266 0.04704 0.00168662 0 0.965386 483.487 461.447 22.0397 0 -30.1166 -30.5823 32 12133.9 305.098 369 0.00012748
11900 0.0437804 0.0425904 0.00119006 0 0.972818 487.886 465.706 22.1796 0 -30.1267 -31.2299 32 12229.9 306.303 372 0.00011449
12000 0.0396072 0.0387162 0.000891016 0 0.977504 491.871 469.578 22.2929 0 -30.1393 -31.6887 32 12357.9 307.902 376 0.000102969
12100 0.0532086 0.0515228 0.0016858 0 0.968317 497.172 474.73 22.4424 0 -30.149 -31.0515 32 12453.9 309.095 379 0.000135944
12200 0.0436651 0.0426531 0.00101202 0 0.976823 501.574 478.995 22.5787 0 -30.1644 -31.895 32 12549.9 310.284 382 0.000111657
12300 0.0376041 0.0367383 0.000865754 0 0.976977 505.338 482.669 22.6686 0 -30.1818 -32.5058 32 12645.9 311.469 385 9.54243e-05
12400 0.0383641 0.037694 0.000670067 0 0.982534 509.188 486.438 22.7492 0 -30.1953 -31.9725 32 12741.9 312.649 388 9.71495e-05
12500 0.0404843 0.0392205 0.0012638 0 0.968783 513.2 490.36 22.8392 0 -30.2121 -32.3425 32 12837.9 313.824 391 0.000100308
12600 0.0402055 0.0391973 0.00100821 0 0.974924 517.25 494.28 22.9701 0 -30.2263 -32.0192 32 12933.9 314.996 394 9.94855e-05
12700 0.0407103 0.0399696 0.000740637 0 0.981807 521.36 498.277 23.0827 0 -30.2474 -32.9035 32 13029.9 316.162 397 0.000100679
12800 0.0373182 0.0369807 0.000337525 0 0.990956 525.147 501.975 23.1722 0 -30.2681 -33.1221 32 13157.9 317.712 401 9.22212e-05
12900 0.0544426 0.0521625 0.00228012 0 0.958119 530.62 507.191 23.4283 0 -30.2928 -32.6589 32 13253.9 318.868 404 0.000129115
13000 0.0449297 0.0417895 0.00314025 0 0.930107 535.013 511.37 23.6429 0 -30.3014 -31.3461 32 13349.9 320.021 407 0.000102677
13100 0.0466484 0.0448227 0.00182571 0 0.960862 539.742 515.853 23.8888 0 -30.3126 -31.5833 32 13445.9 321.17 410 0.000109324
13200 0.0399462 0.038562 0.00138422 0 0.965348 543.761 519.709 24.0523 0 -30.3307 -32.7598 32 13541.9 322.314 413 9.33704e-05
13300 0.0384925 0.0370999 0.00139256 0 0.963823 547.576 523.419 24.1575 0 -30.344 -32.2294 32 13637.9 323.455 416 8.91825e-05
13400 0.0397082 0.0389564 0.000751779 0 0.981067 551.583 527.315 24.268 0 -30.3545 -31.7934 32 13733.9 324.591 419 9.29747e-05
13500 0.0608649 0.0584618 0.00240309 0 0.960518 557.697 533.161 24.5368 0 -30.3389 -28.9301 32 13829.9 325.724 422 0.000138535
13600 0.0466383 0.0447292 0.00190915 0 0.959065 562.391 537.634 24.7571 0 -30.3425 -30.7709 32 13957.9 327.228 426 0.000104998
13700 0.0406464 0.0384919 0.00215445 0 0.946995 566.438 541.483 24.9551 0 -30.3477 -31.0727 32 14053.9 328.351 429 8.97248e-05
13800 0.0417501 0.0395488 0.00220131 0 0.947274 570.565 545.438 25.127 0 -30.3589 -31.9019 32 14149.9 329.47 432 9.15481e-05
13900 0.0493882 0.0478435 0.0015448 0 0.968721 575.561 550.222 25.3386 0 -30.38 -32.7903 32 14245.9 330.586 435 0.000109985
14000 0.0427506 0.040801 0.00194954 0 0.954397 579.828 554.302 25.5254 0 -30.3971 -32.691 32 14341.9 331.698 438 9.3153e-05
14100 0.037202 0.0361636 0.0010384 0 0.972087 583.581 557.919 25.6626 0 -30.4174 -33.5682 32 14437.9 332.807 441 8.20037e-05
14200 0.0406857 0.0392174 0.00146832 0 0.963911 587.686 561.84 25.8455 0 -30.4322 -32.5331 32 14533.9 333.911 444 8.83275e-05
14300 0.0344361 0.0337429 0.000693234 0 0.979869 591.154 565.215 25.939 0 -30.4514 -33.6931 32 14629.9 335.012 447 7.54875e-05
14400 0.0336677 0.0328816 0.000786067 0 0.976652 594.525 568.503 26.0221 0 -30.468 -33.3808 32 14757.9 336.474 451 7.29082e-05
14500 0.0303994 0.0298465 0.000552892 0 0.981812 597.571 571.487 26.084 0 -30.4863 -34.0624 32 14853.9 337.567 454 6.57411e-05
14600 0.0313223 0.0306403 0.000682036 0 0.978225 600.713 574.551 26.1616 0 -30.5051 -34.0772 32 14949.9 338.656 457 6.70466e-05
14700 0.0348601 0.034257 0.000603074 0 0.9827 604.227 577.977 26.25 0 -30.5169 -32.5427 32 15045.9 339.742 460 7.44717e-05
14800 0.0336153 0.032559 0.00105635 0 0.968575 607.556 581.233 26.3226 0 -30.5248 -31.9536 32 15141.9 340.824 463 7.03218e-05
14900 0.0395912 0.0381598 0.00143138 0 0.963846 611.501 585.049 26.452 0 -30.5308 -31.4513 32 15237.9 341.903 466 8.18879e-05
15000 0.0351178 0.0344271 0.000690721 0 0.980331 615.056 588.492 26.564 0 -30.5431 -32.6619 32 15333.9 342.978 469 7.34054e-05
15100 0.0314479 0.0307148 0.000733113 0 0.976688 618.209 591.563 26.6455 0 -30.5584 -33.5505 32 15429.9 344.05 472 6.50737e-05
15200 0.0327502 0.0320307 0.000719462 0 0.978032 621.499 594.766 26.7331 0 -30.5699 -32.7199 32 15557.9 345.474 476 6.72914e-05
15300 0.0345718 0.0336967 0.000875021 0 0.97469 624.964 598.136 26.8281 0 -30.5778 -31.9925 32 15653.9 346.538 479 7.03481e-05
15400 0.0332084 0.0319754 0.00123295 0 0.962872 628.268 601.333 26.9345 0 -30.583 -31.58 32 15749.9 347.599 482 6.63391e-05
15500 0.0336696 0.0327775 0.00089215 0 0.973503 631.627 604.611 27.0161 0 -30.5872 -31.3627 32 15845.9 348.657 485 6.75824e-05
15600 0.0457673 0.0440286 0.00173877 0 0.962008 636.185 609.014 27.1705 0 -30.5854 -30.3356 32 15941.9 349.711 488 9.02225e-05
15700 0.0393058 0.0379117 0.00139419 0 0.96453 640.122 612.805 27.3171 0 -30.5893 -31.2293 32 16037.9 350.763 491 7.72131e-05
15800 0.0349225 0.0340061 0.000916406 0 0.973759 643.649 616.206 27.4436 0 -30.5959 -31.7874 32 16133.9 351.811 494 6.88382e-05
15900 0.0460859 0.0446503 0.00143559 0 0.96885 648.269 620.671 27.5977 0 -30.6109 -32.7008 32 16229.9 352.856 497 8.98397e-05
16000 0.0481906 0.046781 0.00140957 0 0.97075 653.103 625.349 27.7545 0 -30.6283 -32.9619 32 16357.9 354.245 501 9.33753e-05
16100 0.0441425 0.0428481 0.00129444 0 0.970676 657.523 629.634 27.8895 0 -30.6445 -33.0346 32 16453.9 355.283 504 8.50161e-05
16200 0.0393699 0.0380856 0.00128437 0 0.967377 661.44 633.442 27.9975 0 -30.6591 -33.1138 32 16549.9 356.318 507 7.51194e-05
16300 0.0362789 0.0354679 0.000810999 0 0.977645 665.082 636.989 28.0931 0 -30.6773 -33.9741 32 16645.9 357.35 510 6.9545e-05
16400 0.0515933 0.0495901 0.00200325 0 0.961172 670.268 641.948 28.3195 0 -30.6902 -32.3486 32 16741.9 358.379 513 9.66668e-05
16500 0.0409002 0.0396563 0.00124385 0 0.969588 674.402 645.914 28.488 0 -30.7057 -33.2191 32 16837.9 359.405 516 7.68533e-05
16600 0.0394778 0.0384713 0.00100649 0 0.974505 678.359 649.761 28.5983 0 -30.7198 -33.1177 32 16933.9 360.428 519 7.41259e-05
16700 0.0384454 0.037577 0.000868406 0 0.977412 682.206 653.519 28.6874 0 -30.7335 -33.1611 32 17029.9 361.448 522 7.19865e-05
16800 0.0489162 0.0477141 0.0012021 0 0.975425 687.125 658.29 28.8346 0 -30.7362 -31.1107 32 17157.9 362.804 526 9.07112e-05
16900 0.0542546 0.0527087 0.00154585 0 0.971507 692.591 663.561 29.0306 0 -30.7346 -30.5347 32 17253.9 363.817 529 9.96384e-05
17000 0.055489 0.0534443 0.00204471 0 0.963151 698.128 668.905 29.2225 0 -30.74 -31.4139 32 17349.9 364.828 532 0.000100459
17100 0.0460844 0.0446086 0.00147574 0 0.967977 702.747 673.366 29.3811 0 -30.7487 -32.0553 32 17445.9 365.836 535 8.33806e-05
17200 0.0425637 0.0414471 0.00111665 0 0.973765 707.025 677.511 29.5146 0 -30.7574 -32.1904 32 17541.9 366.841 538 7.70392e-05
17300 0.0388016 0.0378295 0.000972091 0 0.974947 710.906 681.294 29.6121 0 -30.7729 -33.5934 32 17637.9 367.844 541 6.99251e-05
17400 0.0536166 0.0520212 0.00159549 0 0.970243 716.257 686.496 29.7615 0 -30.7928 -33.4422 32 17733.9 368.843 544 9.56271e-05
17500 0.0573036 0.0555222 0.00178136 0 0.968914 722.011 692.048 29.9633 0 -30.8048 -32.2992 32 17829.9 369.84 547 0.000101503
17600 0.0573433 0.0555545 0.00178873 0 0.968807 727.792 697.604 30.1889 0 -30.817 -32.3358 32 17957.9 371.166 551 0.000100825
17700 0.0435562 0.0421869 0.0013693 0 0.968562 732.162 701.822 30.3397 0 -30.8313 -33.2129 32 18053.9 372.156 554 7.61496e-05
17800 0.0604878 0.0570348 0.00345302 0 0.942914 738.068 707.526 30.5422 0 -30.8167 -29.0078 32 18149.9 373.144 557 0.000102396
17900 0.0639482 0.0614458 0.00250236 0 0.960869 744.518 713.67 30.848 0 -30.8019 -29.1153 32 18245.9 374.13 560 0.000109725
18000 0.0539428 0.051099 0.00284382 0 0.947281 749.964 718.78 31.1838 0 -30.7941 -29.7192 32 18341.9 375.113 563 9.0762e-05
18100 0.0484342 0.0460796 0.00235464 0 0.951385 754.835 723.388 31.4463 0 -30.7908 -30.2919 32 18437.9 376.093 566 8.14127e-05
18200 0.0463877 0.0451074 0.00128027 0 0.972401 759.564 727.899 31.6648 0 -30.7919 -30.9607 32 18533.9 377.071 569 7.92748e-05
18300 0.0421348 0.0407673 0.00136755 0 0.967543 763.784 731.976 31.8087 0 -30.8 -32.2564 32 18629.9 378.046 572 7.12715e-05
18400 0.0592297 0.0569448 0.00228493 0 0.961422 769.691 737.67 32.0213 0 -30.8047 -31.4079 32 18757.9 379.343 576 9.88624e-05
18500 0.0621486 0.0598846 0.00226402 0 0.963571 775.949 743.659 32.2902 0 -30.798 -29.9783 32 18853.9 380.312 579 0.000103428
18600 0.0458918 0.0440124 0.00187943 0 0.959047 780.541 748.06 32.4814 0 -30.8014 -31.3803 32 18949.9 381.279 582 7.56227e-05
18700 0.0406568 0.0394023 0.00125451 0 0.969144 784.647 752 32.6469 0 -30.807 -31.8713 32 19045.9 382.244 585 6.73544e-05
18800 0.0393592 0.0376278 0.00173146 0 0.956009 788.547 755.763 32.7841 0 -30.8132 -32.0618 32 19141.9 383.206 588 6.39928e-05
18900 0.0395204 0.0382045 0.00131591 0 0.966703 792.504 759.583 32.9203 0 -30.8227 -32.7017 32 19237.9 384.166 591 6.46438e-05
19000 0.0452676 0.0436611 0.00160642 0 0.964513 797.019 763.949 33.0699 0 -30.8249 -31.214 32 19333.9 385.123 594 7.35036e-05
19100 0.0466119 0.0448809 0.00173102 0 0.962863 801.691 768.438 33.253 0 -30.8231 -30.529 32 19429.9 386.078 597 7.51774e-05
19200 0.0562298 0.0541884 0.0020414 0 0.963695 807.352 773.856 33.4961 0 -30.8139 -29.505 32 19557.9 387.348 601 9.01636e-05
19300 0.0430221 0.0419395 0.00108266 0 0.974835 811.705 778.05 33.6551 0 -30.8166 -31.3145 32 19653.9 388.297 604 6.94362e-05
19400 0.0420851 0.0402673 0.00181775 0 0.956808 815.836 782.077 33.7587 0 -30.8157 -30.6354 32 19749.9 389.244 607 6.63383e-05
19500 0.0437226 0.0430199 0.000702714 0 0.983928 820.245 786.379 33.8656 0 -30.8205 -31.7105 32 19845.9 390.189 610 7.05244e-05
19600 0.0467231 0.0446811 0.00204193 0 0.956297 824.81 790.847 33.9626 0 -30.8263 -31.8705 32 19941.9 391.132 613 7.28893e-05
19700 0.0432178 0.0419856 0.00123215 0 0.97149 829.15 795.046 34.1039 0 -30.8348 -32.459 32 20037.9 392.072 616 6.81585e-05
19800 0.0384383 0.0373887 0.00104961 0 0.972694 833.009 798.785 34.2249 0 -30.8441 -32.843 32 20133.9 393.01 619 6.04017e-05
19900 0.0383318 0.0374029 0.000928901 0 0.975767 836.869 802.525 34.3437 0 -30.851 -32.3214 32 20229.9 393.946 622 6.01332e-05
20000 0.0366586 0.0358837 0.000774941 0 0.978861 840.55 806.113 34.4363 0 -30.8594 -32.7901 32 20357.9 395.19 626 5.73222e-05
