100 0.00229705 0.00211971 0.000177338 0 0.922797 0.226686 0.211971 0.0147148 0 -29.9255 -29.9255 32 453.882 59.0081 4 0.000529928
200 0.00575886 0.00458392 0.00117494 0 0.795976 0.71076 0.670363 0.0403974 0 -28.1052 -27.2528 32 549.882 64.9493 7 0.000654845
300 0.0131271 0.0120679 0.00105913 0 0.919317 2.03365 1.87716 0.156493 0 -30.6727 -32.0521 32 645.882 70.3909 10 0.00120679
400 0.0128168 0.0118046 0.00101214 0 0.92103 3.33019 3.05762 0.272566 0 -29.9364 -28.7815 32 741.882 75.441 13 0.00090805
500 0.0135049 0.0124506 0.0010543 0 0.921932 4.70702 4.30268 0.404345 0 -29.8892 -29.7752 32 837.882 80.1736 16 0.00077816
600 0.00994267 0.00920229 0.000740379 0 0.925535 5.72212 5.2229 0.499212 0 -29.9027 -29.965 32 933.882 84.642 19 0.000484331
700 0.0209452 0.0197166 0.00122858 0 0.941343 7.84176 7.19457 0.64719 0 -29.1472 -27.1079 32 1029.88 88.8861 22 0.000896211
800 0.0151592 0.0140812 0.00107801 0 0.928887 9.37903 8.60269 0.77634 0 -29.2122 -29.5439 32 1157.88 94.248 26 0.000541585
900 0.0193566 0.0180184 0.00133818 0 0.930867 11.3158 10.4045 0.911316 0 -29.3168 -29.8228 32 1253.88 98.0773 29 0.000621324
1000 0.0184847 0.0173863 0.0010984 0 0.940578 13.1827 12.1432 1.03959 0 -29.2564 -28.8909 32 1349.88 101.763 32 0.000543321
1100 0.015959 0.0146171 0.00134192 0 0.915915 14.7507 13.6049 1.1458 0 -29.2819 -29.4958 32 1445.88 105.319 35 0.00041763
1200 0.0475476 0.0459578 0.00158986 0 0.966563 19.5335 18.2006 1.33291 0 -28.0943 -24.4316 32 1541.88 108.759 38 0.00120941
1300 0.0379235 0.036186 0.00173752 0 0.954184 23.3429 21.8192 1.5237 0 -27.7946 -26.258 32 1637.88 112.094 41 0.000882585
1400 0.0312476 0.029498 0.00174966 0 0.944007 26.4611 24.769 1.69208 0 -27.6471 -26.5424 32 1733.88 115.332 44 0.000670409
1500 0.0320147 0.0300551 0.00195962 0 0.93879 29.6835 27.7745 1.90901 0 -27.4789 -26.0983 32 1829.88 118.482 47 0.00063947
1600 0.0255627 0.0239781 0.00158461 0 0.938011 32.2458 30.1724 2.07345 0 -27.4113 -26.6282 32 1957.88 122.556 51 0.000470159
1700 0.0442805 0.0420165 0.00226402 0 0.948871 36.6922 34.374 2.31824 0 -27.6231 -29.1591 32 2053.88 125.524 54 0.000778083
1800 0.0311638 0.0295234 0.00164039 0 0.947362 39.827 37.3263 2.50063 0 -27.6926 -28.5055 32 2149.88 128.424 57 0.000517954
1900 0.0300959 0.0279928 0.00210307 0 0.930121 42.8173 40.1256 2.69168 0 -27.7498 -28.5112 32 2245.88 131.26 60 0.000466547
2000 0.0541427 0.0504625 0.00368024 0 0.932027 48.1521 45.1719 2.98026 0 -27.8621 -28.7635 32 2341.88 134.036 63 0.000800992
2100 0.0436696 0.0411783 0.00249129 0 0.942951 52.5835 49.2897 3.29375 0 -28.0688 -30.3149 32 2437.88 136.756 66 0.000623914
2200 0.0306791 0.0289996 0.00167958 0 0.945253 55.7092 52.1897 3.51958 0 -28.2005 -30.4169 32 2533.88 139.423 69 0.000420284
2300 0.0266294 0.0253542 0.00127527 0 0.952111 58.397 54.7251 3.67188 0 -28.2877 -30.0937 32 2629.88 142.039 72 0.000352141
2400 0.0317952 0.0297632 0.00203197 0 0.936092 61.5339 57.7014 3.83251 0 -28.302 -28.5694 32 2757.88 145.455 76 0.000391621
2500 0.0288654 0.0267783 0.00208711 0 0.927695 64.3596 60.3792 3.98042 0 -28.3252 -28.8294 32 2853.88 147.965 79 0.000338966
2600 0.0349666 0.0332547 0.00171192 0 0.951041 67.8616 63.7047 4.15685 0 -28.4209 -30.1795 32 2949.88 150.433 82 0.000405545
2700 0.0345154 0.0326296 0.00188578 0 0.945364 71.2773 66.9677 4.3096 0 -28.4571 -29.1775 32 3045.88 152.861 85 0.000383877
2800 0.0324557 0.0313095 0.00114625 0 0.964683 74.5423 70.0986 4.44373 0 -28.4951 -29.3234 32 3141.88 155.251 88 0.00035579
2900 0.0264365 0.025733 0.000703489 0 0.973389 77.1938 72.6719 4.52187 0 -28.556 -30.2695 32 3237.88 157.605 91 0.00028278
3000 0.0356258 0.0339435 0.00168229 0 0.952779 80.7066 76.0662 4.64038 0 -28.5746 -28.9825 32 3333.88 159.925 94 0.000361101
3100 0.030562 0.0295101 0.00105189 0 0.965582 83.7979 79.0173 4.78063 0 -28.6165 -29.7117 32 3429.88 162.211 97 0.000304228
3200 0.025542 0.02467 0.00087197 0 0.965861 86.3673 81.4843 4.883 0 -28.6717 -30.4727 32 3557.88 165.21 101 0.000244258
3300 0.0259441 0.0251931 0.000750932 0 0.971056 88.9959 84.0036 4.99235 0 -28.7201 -30.3079 32 3653.88 167.424 104 0.000242242
3400 0.0396497 0.0375667 0.00208298 0 0.947465 92.9312 87.7602 5.17098 0 -28.8404 -31.5609 32 3749.88 169.609 107 0.000351091
3500 0.0554299 0.051658 0.0037719 0 0.931952 98.3354 92.926 5.40932 0 -28.7739 -27.6304 32 3845.88 171.766 110 0.000469618
3600 0.0558716 0.052977 0.0028946 0 0.948192 103.946 98.2237 5.72228 0 -28.7994 -29.2469 32 3941.88 173.897 113 0.000468823
3700 0.0446806 0.0420306 0.00264994 0 0.940691 108.415 102.427 5.98808 0 -28.8322 -29.5942 32 4037.88 176.002 116 0.000362333
3800 0.0426915 0.0405153 0.00217624 0 0.949024 112.711 106.478 6.2324 0 -28.8611 -29.5912 32 4133.88 178.082 119 0.000340464
3900 0.0351128 0.0333139 0.00179893 0 0.948767 116.243 109.81 6.43294 0 -28.8972 -30.0494 32 4229.88 180.138 122 0.000273065
4000 0.0429112 0.0400187 0.00289258 0 0.932592 120.498 113.812 6.68654 0 -28.886 -28.5797 32 4357.88 182.843 126 0.000317608
4100 0.0465749 0.0434364 0.00313849 0 0.932614 125.17 118.155 7.01462 0 -28.9044 -29.3785 32 4453.88 184.846 129 0.000336717
4200 0.0474577 0.0444153 0.00304245 0 0.935891 129.937 122.597 7.34028 0 -28.9028 -28.8607 32 4549.88 186.827 132 0.000336479
4300 0.0391669 0.0365489 0.002618 0 0.933158 133.866 126.252 7.61453 0 -28.9287 -29.7866 32 4645.88 188.788 135 0.000270733
4400 0.0350925 0.0331239 0.00196869 0 0.9439 137.406 129.564 7.84175 0 -28.9597 -30.1312 32 4741.88 190.728 138 0.000240028
4500 0.0319114 0.0301352 0.00177626 0 0.944338 140.587 132.578 8.00921 0 -28.9978 -30.6421 32 4837.88 192.649 141 0.000213725
4600 0.0341464 0.0326631 0.0014833 0 0.956561 144.046 135.844 8.20219 0 -29.0599 -31.5871 32 4933.88 194.551 144 0.000226827
4700 0.0448904 0.0433188 0.00157159 0 0.96499 148.609 140.176 8.43361 0 -29.1101 -30.6937 32 5029.88 196.435 147 0.000294686
4800 0.0330523 0.0319932 0.0010591 0 0.967957 151.955 143.375 8.58014 0 -29.1575 -31.2619 32 5157.88 198.919 151 0.000211875
4900 0.0347889 0.0328399 0.00194899 0 0.943977 155.373 146.659 8.7138 0 -29.195 -30.8649 32 5253.88 200.761 154 0.000213246
5000 0.04015 0.0371625 0.00298745 0 0.925593 159.235 150.375 8.85933 0 -29.2125 -29.9155 32 5349.88 202.587 157 0.000236704
5100 0.0430897 0.0412365 0.00185321 0 0.956992 163.612 154.499 9.11313 0 -29.2378 -30.1583 32 5445.88 204.397 160 0.000257728
5200 0.042513 0.0392161 0.00329689 0 0.92245 167.749 158.421 9.32845 0 -29.2677 -30.4498 32 5541.88 206.191 163 0.00024059
5300 0.042546 0.0408935 0.00165251 0 0.96116 172.105 162.51 9.59532 0 -29.3258 -31.5638 32 5637.88 207.969 166 0.000246346
5400 0.033092 0.0320138 0.00107816 0 0.967419 175.453 165.711 9.74179 0 -29.3787 -32.098 32 5733.88 209.732 169 0.000189431
5500 0.0294568 0.0286303 0.00082655 0 0.97194 178.417 168.574 9.84249 0 -29.431 -32.5284 32 5829.88 211.48 172 0.000166455
5600 0.0299227 0.0292866 0.000636134 0 0.978741 181.449 171.503 9.94564 0 -29.4775 -32.2125 32 5957.88 213.789 176 0.000166401
5700 0.0314338 0.0305116 0.000922168 0 0.970663 184.593 174.554 10.0393 0 -29.5334 -32.7558 32 6053.88 215.505 179 0.000170456
5800 0.036536 0.0351942 0.00134182 0 0.963274 188.215 178.074 10.1419 0 -29.5683 -31.3501 32 6149.88 217.207 182 0.000193375
5900 0.0359791 0.0348069 0.00117223 0 0.967419 191.818 181.554 10.2633 0 -29.597 -31.0946 32 6245.88 218.896 185 0.000188145
6000 0.0349036 0.0338428 0.00106082 0 0.969607 195.332 184.939 10.3937 0 -29.6229 -31.0391 32 6341.88 220.571 188 0.000180015
6100 0.0353392 0.0331475 0.00219174 0 0.93798 198.773 188.253 10.5195 0 -29.6485 -31.0997 32 6437.88 222.235 191 0.000173547
6200 0.036738 0.0352637 0.00147428 0 0.95987 202.448 191.78 10.6683 0 -29.6945 -32.1839 32 6533.88 223.885 194 0.000181772
6300 0.0304418 0.0296011 0.00084073 0 0.972382 205.509 194.74 10.7692 0 -29.7426 -32.9223 32 6629.88 225.524 197 0.000150259
6400 0.0418845 0.0407449 0.00113965 0 0.972791 209.74 198.814 10.9261 0 -29.8177 -33.4629 32 6757.88 227.691 201 0.000202711
6500 0.0302352 0.0292126 0.00102264 0 0.966177 212.762 201.736 11.0268 0 -29.8632 -33.0265 32 6853.88 229.302 204 0.000143199
6600 0.0326449 0.0312049 0.00144004 0 0.955888 216.004 204.856 11.1484 0 -29.8946 -31.9495 32 6949.88 230.903 207 0.000150748
6700 0.0604324 0.0580685 0.00236391 0 0.960883 222.046 210.663 11.3829 0 -29.8403 -27.9018 32 7045.88 232.492 210 0.000276516
6800 0.058925 0.0568205 0.00210446 0 0.964286 228.013 216.345 11.6682 0 -29.8506 -30.2334 32 7141.88 234.07 213 0.000266763
6900 0.0433781 0.0411107 0.00226741 0 0.947729 232.342 220.456 11.8858 0 -29.8601 -30.3583 32 7237.88 235.638 216 0.000190327
7000 0.0367446 0.035538 0.00120666 0 0.967161 236.066 224.01 12.0558 0 -29.8857 -31.4833 32 7333.88 237.196 219 0.000162274
7100 0.0873198 0.0847954 0.00252439 0 0.97109 244.833 232.489 12.3437 0 -29.7504 -26.1072 32 7429.88 238.743 222 0.000381961
7200 0.0538419 0.0523501 0.00149176 0 0.972294 250.295 237.724 12.5707 0 -29.7207 -28.3891 32 7557.88 240.791 226 0.000231638
7300 0.0534535 0.051069 0.00238449 0 0.955391 255.575 242.831 12.7443 0 -29.6816 -27.8281 32 7653.88 242.315 229 0.000223009
7400 0.0629849 0.0605882 0.00239672 0 0.961948 261.871 248.89 12.9806 0 -29.625 -27.327 32 7749.88 243.83 232 0.000261156
7500 0.0583795 0.0556012 0.00277822 0 0.952411 267.694 254.45 13.2435 0 -29.575 -27.3272 32 7845.88 245.336 235 0.000236601
7600 0.0541793 0.051898 0.00228126 0 0.957894 273.141 259.64 13.5013 0 -29.5487 -28.2558 32 7941.88 246.832 238 0.000218059
7700 0.0541151 0.0515421 0.00257308 0 0.952452 278.513 264.794 13.7191 0 -29.5329 -28.7283 32 8037.88 248.32 241 0.000213867
7800 0.0521852 0.0507033 0.00148196 0 0.971602 283.804 269.864 13.94 0 -29.5332 -29.5521 32 8133.88 249.798 244 0.0002078
7900 0.0460324 0.0445338 0.00149861 0 0.967444 288.402 274.318 14.0843 0 -29.5327 -29.5 32 8229.88 251.268 247 0.000180299
8000 0.0430365 0.0417115 0.001325 0 0.969212 292.721 278.489 14.2321 0 -29.5362 -29.7734 32 8357.88 253.214 251 0.000166181
8100 0.0466171 0.0456224 0.000994786 0 0.978661 297.411 283.051 14.3595 0 -29.5585 -30.9511 32 8453.88 254.664 254 0.000179616
8200 0.0433963 0.0416449 0.00175133 0 0.959643 301.691 287.216 14.4753 0 -29.5715 -30.4689 32 8549.88 256.106 257 0.000162043
8300 0.0622465 0.0605192 0.0017273 0 0.972251 307.931 293.268 14.6629 0 -29.5908 -30.5276 32 8645.88 257.54 260 0.000232766
8400 0.0506257 0.0493538 0.00127189 0 0.974877 313.019 298.203 14.8161 0 -29.6166 -31.1765 32 8741.88 258.966 263 0.000187657
8500 0.0444015 0.0434712 0.000930224 0 0.97905 317.485 302.55 14.935 0 -29.6442 -31.5758 32 8837.88 260.384 266 0.000163426
8600 0.0413792 0.0404806 0.000898507 0 0.978286 321.63 306.598 15.032 0 -29.6765 -32.1493 32 8933.88 261.794 269 0.000150486
8700 0.0373113 0.0369436 0.00036769 0 0.990145 325.382 310.293 15.0899 0 -29.7111 -32.6803 32 9029.88 263.197 272 0.000135822
8800 0.0394383 0.0387755 0.000662841 0 0.983193 329.317 314.17 15.1473 0 -29.7343 -31.6501 32 9157.88 265.056 276 0.000140491
8900 0.0508126 0.0493514 0.00146124 0 0.971243 334.415 319.105 15.3101 0 -29.7317 -29.5686 32 9253.88 266.442 279 0.000176887
9000 0.04446 0.0430626 0.00139737 0 0.96857 338.867 323.412 15.4551 0 -29.7405 -30.3979 32 9349.88 267.82 282 0.000152704
9100 0.0415048 0.0400626 0.00144216 0 0.965253 342.996 327.418 15.578 0 -29.7552 -30.9635 32 9445.88 269.191 285 0.000140571
9200 0.0376883 0.0367479 0.000940382 0 0.975048 346.785 331.093 15.6926 0 -29.7749 -31.5526 32 9541.88 270.556 288 0.000127597
9300 0.0336478 0.0331739 0.000473921 0 0.985915 350.179 334.41 15.7694 0 -29.798 -32.165 32 9637.88 271.914 291 0.000114
9400 0.044052 0.0430372 0.00101478 0 0.976964 354.609 338.714 15.8951 0 -29.8052 -30.3704 32 9733.88 273.264 294 0.000146385
9500 0.0362355 0.035283 0.000952505 0 0.973713 358.237 342.242 15.9953 0 -29.8235 -31.6111 32 9829.88 274.609 297 0.000118798
9600 0.0338066 0.0332776 0.000529003 0 0.984352 361.635 345.57 16.0657 0 -29.8465 -32.2789 32 9957.88 276.391 301 0.000110557
9700 0.0338972 0.0318469 0.00205035 0 0.939513 364.89 348.754 16.1353 0 -29.8621 -31.5929 32 10053.9 277.72 304 0.00010476
9800 0.0369352 0.0359079 0.00102735 0 0.972185 368.633 352.345 16.2881 0 -29.8903 -32.6369 32 10149.9 279.043 307 0.000116964
9900 0.0372324 0.0349262 0.0023062 0 0.938059 372.217 355.838 16.3794 0 -29.8993 -30.8254 32 10245.9 280.359 310 0.000112665
10000 0.0475817 0.0461919 0.00138983 0 0.970791 377.019 360.457 16.5615 0 -29.9094 -30.6961 32 10341.9 281.67 313 0.000147578
10100 0.0381542 0.0372739 0.000880224 0 0.97693 380.849 364.184 16.6642 0 -29.9321 -32.1601 32 10437.9 282.974 316 0.000117956
10200 0.0460568 0.0442965 0.00176037 0 0.961778 385.385 368.614 16.7709 0 -29.9588 -32.2028 32 10533.9 284.272 319 0.00013886
10300 0.0641717 0.0615553 0.00261647 0 0.959227 391.763 374.77 16.9938 0 -29.9471 -29.2397 32 10629.9 285.565 322 0.000191165
10400 0.0545209 0.051991 0.00252981 0 0.953599 397.234 379.969 17.2649 0 -29.9385 -29.3215 32 10757.9 287.279 326 0.000159482
10500 0.0452768 0.0434519 0.00182481 0 0.959697 401.799 384.314 17.485 0 -29.9481 -30.783 32 10853.9 288.558 329 0.000132073
10600 0.0472574 0.0450453 0.00221216 0 0.953189 406.511 388.818 17.6921 0 -29.9597 -30.9506 32 10949.9 289.831 332 0.000135678
10700 0.0408761 0.0399032 0.00097299 0 0.976197 410.662 392.809 17.8536 0 -29.9825 -32.2182 32 11045.9 291.099 335 0.000119114
10800 0.0383 0.03737 0.000929921 0 0.97572 414.488 396.546 17.9427 0 -30.0093 -32.8829 32 11141.9 292.361 338 0.000110562
10900 0.0383532 0.0375979 0.000755212 0 0.980309 418.342 400.306 18.0369 0 -30.0386 -33.1908 32 11237.9 293.618 341 0.000110258
11000 0.0377525 0.0367304 0.00102208 0 0.972927 422.119 403.979 18.1401 0 -30.0594 -32.3624 32 11333.9 294.869 344 0.000106775
11100 0.0493477 0.0477131 0.0016346 0 0.966876 427.022 408.75 18.2725 0 -30.0641 -30.4722 32 11429.9 296.115 347 0.000137502
11200 0.0422424 0.0411489 0.0010935 0 0.974114 431.266 412.865 18.401 0 -30.0801 -31.6878 32 11557.9 297.769 351 0.000117233
11300 0.0407065 0.0394688 0.0012377 0 0.969595 435.328 416.812 18.516 0 -30.0937 -31.5366 32 11653.9 299.003 354 0.000111494
11400 0.0348616 0.0338951 0.000966452 0 0.972277 438.812 420.201 18.6113 0 -30.1117 -32.3554 32 11749.9 300.232 357 9.49444e-05
11500 0.0348645 0.0341734 0.000691113 0 0.980177 442.306 423.619 18.6871 0 -30.1336 -32.889 32 11845.9 301.456 360 9.49261e-05
11600 0.0793782 0.075236 0.00414223 0 0.947817 450.064 431.142 18.9219 0 -30.146 -30.8538 32 11941.9 302.675 363 0.000207262
11700 0.0709974 0.0674132 0.00358417 0 0.949517 457.164 437.883 19.2802 0 -30.1409 -29.8171 32 12037.9 303.889 366 0.000184189
11800 0.0759902 0.0725632 0.00342701 0 0.954902 464.814 445.14 19.6742 0 -30.1363 -29.8604 32 12133.9 305.098 369 0.000196648
11900 0.0692764 0.0665276 0.00274883 0 0.960321 471.834 451.793 20.0411 0 -30.1309 -29.7733 32 12229.9 306.303 372 0.000178838
12000 0.0752379 0.0724242 0.00281364 0 0.962603 479.432 459.035 20.3969 0 -30.1628 -32.1455 32 12357.9 307.902 376 0.000192618
12100 0.0572373 0.0550056 0.00223167 0 0.96101 485.203 464.535 20.6673 0 -30.1803 -31.6289 32 12453.9 309.095 379 0.000145133
12200 0.0565325 0.0547358 0.00179675 0 0.968217 490.918 470.009 20.9091 0 -30.1963 -31.5539 32 12549.9 310.284 382 0.000143287
12300 0.0493376 0.0478494 0.00148829 0 0.969835 495.88 474.794 21.0858 0 -30.2169 -32.2617 32 12645.9 311.469 385 0.000124284
12400 0.0464747 0.0449374 0.00153729 0 0.966922 500.529 479.288 21.2408 0 -30.239 -32.5941 32 12741.9 312.649 388 0.000115818
12500 0.0535283 0.0519384 0.0015899 0 0.970298 505.89 484.482 21.4083 0 -30.2716 -33.3185 32 12837.9 313.824 391 0.000132835
12600 0.0533492 0.0506499 0.00269929 0 0.949403 511.132 489.547 21.5853 0 -30.2989 -32.9317 32 12933.9 314.996 394 0.000128553
12700 0.0533872 0.0511408 0.00224641 0 0.957922 516.501 494.661 21.8407 0 -30.3294 -33.231 32 13029.9 316.162 397 0.000128818
12800 0.0476913 0.0458475 0.00184376 0 0.96134 521.3 499.245 22.0543 0 -30.3504 -32.6133 32 13157.9 317.712 401 0.000114333
12900 0.0615383 0.059311 0.00222727 0 0.963807 527.413 505.177 22.2363 0 -30.3666 -31.7463 32 13253.9 318.868 404 0.000146809
13000 0.0600596 0.0577679 0.00229171 0 0.961843 533.413 510.953 22.4598 0 -30.3888 -32.3448 32 13349.9 320.021 407 0.000141936
13100 0.0520864 0.0507159 0.00137048 0 0.973688 538.65 516.025 22.6248 0 -30.4129 -32.8664 32 13445.9 321.17 410 0.000123697
13200 0.0469634 0.0457205 0.00124291 0 0.973534 543.36 520.597 22.763 0 -30.4384 -33.3535 32 13541.9 322.314 413 0.000110703
13300 0.0586173 0.0564789 0.00213835 0 0.96352 549.242 526.245 22.997 0 -30.4641 -32.8315 32 13637.9 323.455 416 0.000135767
13400 0.0622165 0.0594938 0.00272276 0 0.956237 555.426 532.194 23.2321 0 -30.4914 -32.9212 32 13733.9 324.591 419 0.00014199
13500 0.0589945 0.0567596 0.00223481 0 0.962118 561.34 537.87 23.4695 0 -30.5222 -33.4186 32 13829.9 325.724 422 0.000134502
13600 0.0502022 0.0482699 0.00193239 0 0.961508 566.366 542.697 23.6689 0 -30.5483 -33.4577 32 13957.9 327.228 426 0.00011331
13700 0.0726035 0.0688246 0.00377891 0 0.947951 573.535 549.58 23.9558 0 -30.5463 -30.3847 32 14053.9 328.351 429 0.00016043
13800 0.0630294 0.0606594 0.00236992 0 0.9624 579.873 555.646 24.2277 0 -30.5577 -31.5943 32 14149.9 329.47 432 0.000140415
13900 0.0527485 0.0513253 0.00142318 0 0.97302 585.195 560.778 24.4166 0 -30.5774 -32.7196 32 14245.9 330.586 435 0.000117989
14000 0.0657199 0.0622946 0.00342531 0 0.94788 591.649 567.008 24.6419 0 -30.5786 -30.6933 32 14341.9 331.698 438 0.000142225
14100 0.0582667 0.0559035 0.00236319 0 0.959442 597.491 572.598 24.8933 0 -30.5873 -31.4606 32 14437.9 332.807 441 0.000126765
14200 0.049609 0.0482029 0.00140608 0 0.971657 602.485 577.418 25.0667 0 -30.6039 -32.5947 32 14533.9 333.911 444 0.000108565
14300 0.0533637 0.0521929 0.00117075 0 0.978061 607.866 582.637 25.2282 0 -30.6244 -32.9188 32 14629.9 335.012 447 0.000116763
14400 0.0732334 0.0708959 0.00233747 0 0.968082 615.152 589.727 25.4248 0 -30.6455 -32.4099 32 14757.9 336.474 451 0.000157197
14500 0.0879905 0.0847549 0.00323567 0 0.963227 623.992 598.203 25.7899 0 -30.6626 -31.853 32 14853.9 337.567 454 0.000186685
14600 0.0686947 0.0657076 0.00298711 0 0.956516 630.814 604.773 26.0403 0 -30.682 -32.4484 32 14949.9 338.656 457 0.00014378
14700 0.0644318 0.0625187 0.00191305 0 0.970309 637.295 611.025 26.2693 0 -30.7064 -33.0831 32 15045.9 339.742 460 0.00013591
14800 0.0604384 0.058499 0.00193939 0 0.967911 643.318 616.875 26.4432 0 -30.7287 -33.0864 32 15141.9 340.824 463 0.000126348
14900 0.0640348 0.0624562 0.00157852 0 0.975349 649.777 623.121 26.6559 0 -30.7547 -33.3466 32 15237.9 341.903 466 0.000134026
15000 0.0546083 0.0533589 0.00124934 0 0.977122 655.264 628.457 26.807 0 -30.7782 -33.5669 32 15333.9 342.978 469 0.000113772
15100 0.0583329 0.0571116 0.00122137 0 0.979062 661.126 634.168 26.9587 0 -30.7974 -32.9404 32 15429.9 344.05 472 0.000120999
15200 0.065082 0.0623229 0.0027591 0 0.957606 667.559 640.4 27.1587 0 -30.8027 -31.3447 32 15557.9 345.474 476 0.00013093
15300 0.0555741 0.0537738 0.00180033 0 0.967605 673.169 645.777 27.3918 0 -30.8146 -32.2296 32 15653.9 346.538 479 0.000112263
15400 0.0566582 0.0545936 0.00206458 0 0.963561 678.841 651.237 27.6046 0 -30.8291 -32.5562 32 15749.9 347.599 482 0.000113265
15500 0.0560978 0.0545056 0.00159223 0 0.971617 684.49 656.687 27.8022 0 -30.8488 -33.2112 32 15845.9 348.657 485 0.000112383
15600 0.0621332 0.0599823 0.00215084 0 0.965383 690.682 662.686 27.9968 0 -30.862 -32.3265 32 15941.9 349.711 488 0.000122915
15700 0.0793817 0.0760263 0.0033554 0 0.957731 698.568 670.288 28.2795 0 -30.8724 -31.7813 32 16037.9 350.763 491 0.00015484
15800 0.0828737 0.0794601 0.00341362 0 0.958809 706.97 678.234 28.7353 0 -30.8773 -31.2813 32 16133.9 351.811 494 0.00016085
15900 0.0634417 0.0613155 0.00212624 0 0.966485 713.368 684.366 29.0018 0 -30.8935 -32.6856 32 16229.9 352.856 497 0.000123371
16000 0.0754881 0.0726726 0.00281542 0 0.962704 720.892 691.633 29.2587 0 -30.9028 -31.7828 32 16357.9 354.245 501 0.000145055
16100 0.0670525 0.0639829 0.0030696 0 0.954221 727.57 698.031 29.5387 0 -30.912 -31.9118 32 16453.9 355.283 504 0.00012695
16200 0.0570857 0.0550719 0.00201387 0 0.964722 733.286 703.539 29.748 0 -30.9284 -33.0129 32 16549.9 356.318 507 0.000108623
16300 0.0560774 0.0539722 0.00210525 0 0.962458 738.883 708.936 29.9472 0 -30.9463 -33.2976 32 16645.9 357.35 510 0.000105828
16400 0.0496593 0.0482458 0.00141348 0 0.971536 743.873 713.76 30.1131 0 -30.9657 -33.8368 32 16741.9 358.379 513 9.40464e-05
16500 0.0760385 0.0726972 0.00334125 0 0.956058 751.425 721.03 30.3949 0 -30.9519 -29.5914 32 16837.9 359.405 516 0.000140886
16600 0.0632853 0.060983 0.00230227 0 0.963621 757.802 727.128 30.6735 0 -30.9562 -31.4545 32 16933.9 360.428 519 0.000117501
16700 0.0529296 0.0514607 0.0014689 0 0.972248 763.151 732.274 30.8769 0 -30.9689 -32.7735 32 17029.9 361.448 522 9.85837e-05
16800 0.0497514 0.0480963 0.00165512 0 0.966732 768.129 737.084 31.0448 0 -30.9839 -33.279 32 17157.9 362.804 526 9.14379e-05
16900 0.0455015 0.0442681 0.00123346 0 0.972892 772.69 741.511 31.1792 0 -31.0012 -33.9144 32 17253.9 363.817 529 8.36825e-05
17000 0.0459367 0.0437027 0.00223402 0 0.951367 777.178 745.881 31.2968 0 -31.014 -33.2218 32 17349.9 364.828 532 8.21478e-05
17100 0.0524834 0.0510436 0.00143987 0 0.972565 782.437 750.985 31.4516 0 -31.0229 -32.3335 32 17445.9 365.836 535 9.54086e-05
17200 0.0471603 0.0461864 0.000973938 0 0.979348 787.167 755.604 31.5626 0 -31.0362 -33.2461 32 17541.9 366.841 538 8.58483e-05
17300 0.0493665 0.0481369 0.00122963 0 0.975092 792.091 760.418 31.6736 0 -31.0545 -33.9796 32 17637.9 367.844 541 8.89777e-05
17400 0.0477385 0.0466767 0.00106183 0 0.977757 796.878 765.085 31.7923 0 -31.072 -33.9605 32 17733.9 368.843 544 8.58028e-05
17500 0.0487291 0.0472293 0.00149981 0 0.969221 801.743 769.808 31.9342 0 -31.0886 -33.8153 32 17829.9 369.84 547 8.63424e-05
17600 0.048048 0.0466903 0.00135769 0 0.971743 806.568 774.477 32.0909 0 -31.1067 -34.1076 32 17957.9 371.166 551 8.47373e-05
17700 0.0420869 0.0415555 0.000531375 0 0.987374 810.799 778.633 32.1659 0 -31.1298 -35.5424 32 18053.9 372.156 554 7.501e-05
17800 0.0378608 0.0375407 0.000320069 0 0.991546 814.592 782.387 32.205 0 -31.1493 -35.3083 32 18149.9 373.144 557 6.73981e-05
17900 0.0502004 0.0487291 0.00147121 0 0.970693 819.564 787.26 32.3039 0 -31.1671 -34.0935 32 18245.9 374.13 560 8.70163e-05
18000 0.0432811 0.0425008 0.000780273 0 0.981972 823.912 791.51 32.4021 0 -31.1863 -34.7955 32 18341.9 375.113 563 7.54899e-05
18100 0.0413449 0.0404535 0.000891392 0 0.97844 828.075 795.555 32.5195 0 -31.2035 -34.6032 32 18437.9 376.093 566 7.14726e-05
18200 0.0473491 0.0456213 0.00172779 0 0.96351 832.786 800.118 32.6688 0 -31.2081 -32.0161 32 18533.9 377.071 569 8.01781e-05
18300 0.0454708 0.0441552 0.00131553 0 0.971069 837.367 804.533 32.8343 0 -31.2127 -32.0536 32 18629.9 378.046 572 7.71945e-05
18400 0.0390181 0.0380726 0.000945557 0 0.975766 841.3 808.34 32.9594 0 -31.2236 -33.5574 32 18757.9 379.343 576 6.60982e-05
18500 0.0793311 0.0758222 0.003509 0 0.955768 849.162 815.923 33.2391 0 -31.2328 -32.2078 32 18853.9 380.312 579 0.000130954
18600 0.07391 0.0705065 0.00340351 0 0.953951 856.538 822.973 33.5648 0 -31.2334 -31.306 32 18949.9 381.279 582 0.000121145
18700 0.0780766 0.0746696 0.00340694 0 0.956364 864.349 830.44 33.9086 0 -31.2193 -29.6797 32 19045.9 382.244 585 0.00012764
18800 0.0662536 0.0630837 0.00316988 0 0.952155 870.961 836.749 34.2122 0 -31.2193 -31.2132 32 19141.9 383.206 588 0.000107285
18900 0.0786476 0.0740382 0.00460936 0 0.941392 878.763 844.152 34.6106 0 -31.2131 -30.5207 32 19237.9 384.166 591 0.000125276
19000 0.0690092 0.0658301 0.00317917 0 0.953931 885.743 850.735 35.0078 0 -31.2149 -31.4354 32 19333.9 385.123 594 0.000110825
19100 0.0579166 0.0555152 0.00240141 0 0.958537 891.588 856.287 35.3009 0 -31.2221 -32.3164 32 19429.9 386.078 597 9.29902e-05
19200 0.0523191 0.0504094 0.00190969 0 0.963499 896.845 861.328 35.5175 0 -31.2313 -32.7973 32 19557.9 387.348 601 8.38759e-05
19300 0.0789935 0.0754738 0.00351969 0 0.955443 904.732 868.875 35.8568 0 -31.2101 -28.7994 32 19653.9 388.297 604 0.000124957
19400 0.0899009 0.0859692 0.00393167 0 0.956267 913.707 877.472 36.2345 0 -31.1795 -28.0922 32 19749.9 389.244 607 0.00014163
19500 0.0854388 0.0819713 0.00346753 0 0.959415 922.278 885.669 36.6086 0 -31.1571 -28.7759 32 19845.9 390.189 610 0.000134379
19600 0.0664269 0.0644582 0.00196868 0 0.970363 929.024 892.115 36.9086 0 -31.1505 -30.2378 32 19941.9 391.132 613 0.000105152
19700 0.070136 0.066359 0.00377705 0 0.946147 935.876 898.751 37.1252 0 -31.1443 -30.3014 32 20037.9 392.072 616 0.000107726
19800 0.0873267 0.0836444 0.00368227 0 0.957833 944.602 907.115 37.4868 0 -31.1366 -30.3147 32 20133.9 393.01 619 0.000135128
19900 0.0836241 0.0803247 0.00329944 0 0.960544 953.037 915.148 37.8895 0 -31.141 -31.6297 32 20229.9 393.946 622 0.000129139
20000 0.0748649 0.0715932 0.00327173 0 0.956298 960.57 922.307 38.2624 0 -31.1379 -30.7515 32 20357.9 395.19 626 0.000114366
