100 0.194332 0.17865 0.0156823 0 0.919302 18.8789 17.865 1.01384 0 -25.9582 -25.9582 2 427.882 57.293 51 0.00350294
200 0.307109 0.284975 0.0221333 0 0.92793 49.4358 46.3626 3.0732 0 -26.0473 -26.1023 2 527.882 63.6368 101 0.00282154
300 0.299263 0.276016 0.0232473 0 0.922318 79.2682 73.9642 5.30406 0 -26.3496 -26.8506 2 627.882 69.4031 151 0.00182792
400 0.341234 0.317603 0.0236316 0 0.930747 113.625 105.724 7.90035 0 -26.7118 -27.5473 2 727.882 74.7258 201 0.00158011
500 0.348666 0.322408 0.0262578 0 0.924691 148.412 137.965 10.4468 0 -26.8904 -27.4738 2 827.882 79.6937 251 0.0012845
600 0.393614 0.364824 0.0287899 0 0.926858 187.737 174.448 13.2893 0 -26.968 -27.2612 2 927.882 84.3697 301 0.00121204
700 0.354038 0.325312 0.0287261 0 0.918862 222.895 206.979 15.9167 0 -27.0158 -27.271 2 1027.88 88.7997 351 0.000926814
800 0.367015 0.341786 0.0252293 0 0.931258 259.778 241.157 18.6204 0 -27.1824 -28.1888 2 1127.88 93.019 401 0.000852333
900 0.387925 0.363293 0.024632 0 0.936503 298.675 277.487 21.1884 0 -27.2684 -27.8433 2 1227.88 97.0551 451 0.000805528
1000 0.405288 0.38077 0.0245176 0 0.939506 339.325 315.564 23.7613 0 -27.3172 -27.6756 2 1327.88 100.93 501 0.000760021
1100 0.464191 0.43747 0.0267211 0 0.942435 385.842 359.311 26.5308 0 -27.4252 -28.2127 2 1427.88 104.661 551 0.000793957
1200 0.49427 0.469213 0.0250571 0 0.949305 435.557 406.232 29.3247 0 -27.5225 -28.2782 2 1527.88 108.264 601 0.000780721
1300 0.557753 0.525848 0.0319048 0 0.942798 491.276 458.817 32.4589 0 -27.4962 -27.2903 2 1627.88 111.751 651 0.000807754
1400 0.530936 0.50073 0.0302056 0 0.943109 544.327 508.89 35.4375 0 -27.532 -27.863 2 1727.88 115.132 701 0.000714308
1500 0.500087 0.468993 0.0310937 0 0.937823 594.152 555.789 38.3624 0 -27.5908 -28.2338 2 1827.88 118.417 751 0.000624491
1600 0.495452 0.466694 0.0287584 0 0.941955 643.718 602.459 41.2594 0 -27.6367 -28.1871 2 1927.88 121.613 801 0.000582639
1700 0.492153 0.466876 0.0252771 0 0.94864 693.245 649.146 44.0992 0 -27.7064 -28.612 2 2027.88 124.727 851 0.00054862
1800 0.457427 0.433381 0.024046 0 0.947432 739.143 692.484 46.6588 0 -27.7888 -29.034 2 2127.88 127.766 901 0.000481
1900 0.518261 0.492222 0.0260387 0 0.949758 791.045 741.706 49.3386 0 -27.8722 -29.0594 2 2227.88 130.733 951 0.000517584
2000 0.490808 0.466768 0.0240397 0 0.95102 840.296 788.383 51.9125 0 -27.9606 -29.3799 2 2327.88 133.635 1001 0.000466302
2100 0.461068 0.437748 0.0233196 0 0.949423 886.39 832.158 54.2321 0 -28.0469 -29.6209 2 2427.88 136.475 1051 0.000416506
2200 0.521532 0.494575 0.026957 0 0.948312 938.364 881.615 56.7482 0 -28.1311 -29.5673 2 2527.88 139.257 1101 0.000449205
2300 0.555513 0.527362 0.0281508 0 0.949325 993.993 934.352 59.6415 0 -28.2145 -29.6208 2 2627.88 141.985 1151 0.000458177
2400 0.615942 0.587365 0.0285773 0 0.953604 1055.62 993.088 62.5324 0 -28.2985 -29.6541 2 2727.88 144.661 1201 0.000489063
2500 0.586148 0.557431 0.0287171 0 0.951007 1114.34 1048.83 65.5118 0 -28.389 -30.0156 2 2827.88 147.289 1251 0.000445588
2600 0.586774 0.559419 0.0273552 0 0.95338 1173.26 1104.77 68.4822 0 -28.4477 -29.5578 2 2927.88 149.871 1301 0.000429991
2700 0.596817 0.566579 0.0302374 0 0.949335 1232.88 1161.43 71.4455 0 -28.4977 -29.482 2 3027.88 152.409 1351 0.000419378
2800 0.631101 0.598939 0.0321617 0 0.949039 1295.88 1221.32 74.5558 0 -28.536 -29.285 2 3127.88 154.905 1401 0.000427509
2900 0.65288 0.618685 0.0341949 0 0.947625 1361.03 1283.19 77.8371 0 -28.5622 -29.0834 2 3227.88 157.362 1451 0.000426385
3000 0.655326 0.622521 0.0328053 0 0.949941 1426.61 1345.45 81.1603 0 -28.6178 -29.7718 2 3327.88 159.781 1501 0.000414737
3100 0.660458 0.626683 0.0337754 0 0.948861 1492.68 1408.11 84.5644 0 -28.6558 -29.4768 2 3427.88 162.163 1551 0.000404051
3200 0.661862 0.627509 0.0343526 0 0.948097 1558.68 1470.86 87.8173 0 -28.6621 -28.8031 2 3527.88 164.512 1601 0.000391948
3300 0.652043 0.621758 0.0302848 0 0.953554 1624.18 1533.04 91.143 0 -28.6961 -29.5069 2 3627.88 166.827 1651 0.000376595
3400 0.720914 0.687302 0.0336117 0 0.953376 1696.21 1601.77 94.4379 0 -28.7299 -29.4914 2 3727.88 169.111 1701 0.000404058
3500 0.677868 0.647773 0.0300947 0 0.955604 1764.28 1666.55 97.732 0 -28.7672 -29.6968 2 3827.88 171.364 1751 0.000369945
3600 0.637887 0.610705 0.0271815 0 0.957388 1828.24 1727.62 100.619 0 -28.8093 -29.9702 2 3927.88 173.588 1801 0.000339092
3700 0.648119 0.617562 0.0305567 0 0.952853 1892.83 1789.37 103.451 0 -28.8334 -29.5143 2 4027.88 175.784 1851 0.000333637
3800 0.687444 0.656517 0.0309274 0 0.955011 1961.6 1855.03 106.577 0 -28.8474 -29.2338 2 4127.88 177.952 1901 0.000345354
3900 0.686494 0.65446 0.0320339 0 0.953337 2030.12 1920.47 109.65 0 -28.871 -29.5475 2 4227.88 180.095 1951 0.000335448
4000 0.704594 0.676979 0.0276152 0 0.960807 2100.89 1988.17 112.722 0 -28.8994 -29.7123 2 4327.88 182.212 2001 0.00033832
4100 0.655596 0.627034 0.0285616 0 0.956434 2166.47 2050.87 115.594 0 -28.9342 -30.0499 2 4427.88 184.305 2051 0.000305721
4200 0.679551 0.651927 0.0276238 0 0.95935 2234.51 2116.07 118.445 0 -28.964 -29.9119 2 4527.88 186.375 2101 0.000310294
4300 0.690763 0.658517 0.0322454 0 0.953319 2303.27 2181.92 121.356 0 -28.9893 -29.8114 2 4627.88 188.422 2151 0.000306145
4400 0.658056 0.629916 0.0281392 0 0.957239 2369.17 2244.91 124.262 0 -29.0227 -30.1912 2 4727.88 190.447 2201 0.000286196
4500 0.643391 0.617798 0.0255921 0 0.960223 2433.73 2306.69 127.044 0 -29.052 -30.1264 2 4827.88 192.45 2251 0.000274455
4600 0.67129 0.64133 0.0299602 0 0.955369 2500.74 2370.82 129.921 0 -29.0848 -30.2769 2 4927.88 194.433 2301 0.000278718
4700 0.676996 0.64536 0.0316363 0 0.95327 2568.28 2435.36 132.926 0 -29.1096 -30.0288 2 5027.88 196.396 2351 0.000274504
4800 0.688737 0.655973 0.032764 0 0.952429 2636.98 2500.96 136.025 0 -29.1346 -30.0677 2 5127.88 198.339 2401 0.000273208
4900 0.812962 0.775086 0.0378753 0 0.953411 2718.03 2578.46 139.567 0 -29.1444 -29.4649 2 5227.88 200.264 2451 0.000316233
5000 0.781598 0.742294 0.0393042 0 0.949713 2795.92 2652.69 143.226 0 -29.1624 -29.789 2 5327.88 202.17 2501 0.000296799
5100 0.761344 0.727426 0.0339186 0 0.955449 2872.38 2725.44 146.947 0 -29.186 -30.0502 2 5427.88 204.059 2551 0.000285153
5200 0.70123 0.669608 0.0316216 0 0.954906 2942.61 2792.4 150.212 0 -29.208 -30.1073 2 5527.88 205.93 2601 0.000257443
5300 0.655099 0.629561 0.0255377 0 0.961017 3008.45 2855.35 153.093 0 -29.2431 -30.8128 2 5627.88 207.784 2651 0.000237481
5400 0.714756 0.684584 0.0301721 0 0.957787 3079.96 2923.81 156.145 0 -29.2711 -30.4463 2 5727.88 209.622 2701 0.000253456
5500 0.676702 0.646282 0.0304199 0 0.955047 3147.48 2988.44 159.035 0 -29.2938 -30.3294 2 5827.88 211.444 2751 0.000234926
5600 0.728894 0.698173 0.0307215 0 0.957852 3220.43 3058.26 162.175 0 -29.3138 -30.1797 2 5927.88 213.25 2801 0.000249258
5700 0.749317 0.716331 0.032987 0 0.955977 3295.26 3129.89 165.368 0 -29.3329 -30.1544 2 6027.88 215.042 2851 0.000251256
5800 0.735132 0.704716 0.0304161 0 0.958625 3368.86 3200.36 168.499 0 -29.3503 -30.1298 2 6127.88 216.818 2901 0.000242922
5900 0.818929 0.787902 0.031027 0 0.962113 3451.12 3279.15 171.966 0 -29.3714 -30.2328 2 6227.88 218.58 2951 0.000266995
6000 0.746782 0.716214 0.0305672 0 0.959068 3525.86 3350.77 175.09 0 -29.3954 -30.5048 2 6327.88 220.328 3001 0.000238659
6100 0.729729 0.700749 0.0289808 0 0.960286 3599.06 3420.85 178.212 0 -29.4141 -30.3146 2 6427.88 222.062 3051 0.000229678
6200 0.749632 0.720166 0.029466 0 0.960693 3674.15 3492.87 181.287 0 -29.4242 -29.9109 2 6527.88 223.783 3101 0.000232237
6300 0.760322 0.727799 0.0325238 0 0.957224 3750.05 3565.64 184.404 0 -29.4423 -30.3151 2 6627.88 225.49 3151 0.000230974
6400 0.805948 0.771553 0.0343946 0 0.957324 3830.65 3642.8 187.848 0 -29.4612 -30.3394 2 6727.88 227.185 3201 0.000241035
6500 0.781941 0.750423 0.0315181 0 0.959692 3908.95 3717.84 191.103 0 -29.482 -30.5034 2 6827.88 228.867 3251 0.000230828
6600 0.763343 0.731497 0.0318458 0 0.958281 3985.2 3790.99 194.207 0 -29.4986 -30.3499 2 6927.88 230.537 3301 0.000221599
6700 0.743404 0.715097 0.0283074 0 0.961922 4059.72 3862.5 197.217 0 -29.51 -30.1188 2 7027.88 232.195 3351 0.000213398
6800 0.741644 0.712669 0.0289754 0 0.960931 4134.1 3933.77 200.332 0 -29.526 -30.3985 2 7127.88 233.841 3401 0.000209547
6900 0.69975 0.675064 0.0246857 0 0.964722 4204.33 4001.28 203.056 0 -29.5463 -30.7387 2 7227.88 235.475 3451 0.000195614
7000 0.702982 0.675773 0.0272087 0 0.961295 4274.61 4068.85 205.758 0 -29.5705 -31.0188 2 7327.88 237.099 3501 0.000193023
7100 0.761213 0.732619 0.0285933 0 0.962437 4350.71 4142.11 208.591 0 -29.5848 -30.3903 2 7427.88 238.711 3551 0.000206314
7200 0.783987 0.758027 0.0259598 0 0.966887 4429.54 4217.92 211.621 0 -29.6049 -30.7109 2 7527.88 240.313 3601 0.000210505
7300 0.755223 0.729206 0.0260173 0 0.96555 4505.35 4290.84 214.512 0 -29.6259 -30.8577 2 7627.88 241.903 3651 0.000199728
7400 0.690324 0.665021 0.0253034 0 0.963346 4574.26 4357.34 216.918 0 -29.6477 -31.0695 2 7727.88 243.484 3701 0.000179687
7500 0.694664 0.671243 0.0234212 0 0.966284 4643.87 4424.46 219.406 0 -29.6707 -31.183 2 7827.88 245.054 3751 0.00017895
7600 0.704394 0.679283 0.0251101 0 0.964352 4714.36 4492.39 221.971 0 -29.6914 -31.0539 2 7927.88 246.615 3801 0.000178712
7700 0.69422 0.670168 0.0240517 0 0.965354 4783.97 4559.41 224.561 0 -29.7093 -30.9231 2 8027.88 248.165 3851 0.000174024
7800 0.683582 0.655799 0.0277827 0 0.959357 4852.09 4624.99 227.105 0 -29.7292 -31.1245 2 8127.88 249.706 3901 0.00016811
7900 0.697344 0.671166 0.0261787 0 0.962459 4921.89 4692.11 229.785 0 -29.7495 -31.1655 2 8227.88 251.237 3951 0.000169872
8000 0.736214 0.707374 0.0288396 0 0.960827 4995.44 4762.84 232.599 0 -29.7642 -30.7453 2 8327.88 252.759 4001 0.000176799
8100 0.756242 0.727633 0.0286087 0 0.96217 5070.93 4835.61 235.32 0 -29.7803 -30.8431 2 8427.88 254.272 4051 0.000179618
8200 0.754105 0.725265 0.0288401 0 0.961756 5146.36 4908.13 238.23 0 -29.7997 -31.1081 2 8527.88 255.777 4101 0.000176851
8300 0.718434 0.692248 0.0261865 0 0.963551 5218.26 4977.36 240.905 0 -29.8202 -31.2854 2 8627.88 257.272 4151 0.000166766
8400 0.753208 0.727892 0.0253165 0 0.966388 5293.88 5050.15 243.732 0 -29.8376 -31.0413 2 8727.88 258.758 4201 0.000173266
8500 0.742729 0.718062 0.0246667 0 0.966789 5368.36 5121.95 246.406 0 -29.8576 -31.2757 2 8827.88 260.237 4251 0.000168916
8600 0.727737 0.699697 0.0280405 0 0.961469 5441.1 5191.92 249.177 0 -29.8754 -31.1927 2 8927.88 261.706 4301 0.000162682
8700 0.763734 0.732355 0.0313785 0 0.958914 5517.41 5265.16 252.249 0 -29.8929 -31.1415 2 9027.88 263.168 4351 0.000168319
8800 0.720177 0.689993 0.0301841 0 0.958088 5589.36 5334.16 255.198 0 -29.9101 -31.2254 2 9127.88 264.621 4401 0.000156781
8900 0.702596 0.676543 0.0260533 0 0.962919 5659.85 5401.81 258.036 0 -29.9287 -31.4026 2 9227.88 266.067 4451 0.000151998
9000 0.676624 0.650285 0.0263391 0 0.961073 5727.58 5466.84 260.737 0 -29.948 -31.5613 2 9327.88 267.505 4501 0.000144476
9100 0.70268 0.675895 0.026785 0 0.961882 5797.94 5534.43 263.506 0 -29.9693 -31.7015 2 9427.88 268.935 4551 0.000148516
9200 0.670468 0.643401 0.0270666 0 0.95963 5864.81 5598.77 266.044 0 -29.9888 -31.6817 2 9527.88 270.357 4601 0.000139839
9300 0.685601 0.66048 0.0251217 0 0.963358 5933.5 5664.82 268.685 0 -30.0081 -31.6569 2 9627.88 271.772 4651 0.000142008
9400 0.712027 0.685514 0.0265132 0 0.962764 6004.88 5733.37 271.507 0 -30.0267 -31.568 2 9727.88 273.18 4701 0.000145823
9500 0.751163 0.719656 0.0315066 0 0.958056 6079.66 5805.34 274.324 0 -30.0366 -30.8318 2 9827.88 274.581 4751 0.000151475
9600 0.768686 0.739919 0.0287665 0 0.962577 6156.77 5879.33 277.442 0 -30.0483 -30.9726 2 9927.88 275.974 4801 0.000154118
9700 0.729911 0.699086 0.030825 0 0.957769 6229.64 5949.24 280.4 0 -30.0607 -31.1078 2 10027.9 277.361 4851 0.000144112
9800 0.707902 0.678303 0.0295989 0 0.958188 6300.34 6017.07 283.271 0 -30.0765 -31.4699 2 10127.9 278.74 4901 0.000138401
9900 0.722603 0.696 0.0266028 0 0.963185 6372.73 6086.67 286.068 0 -30.089 -31.1773 2 10227.9 280.113 4951 0.000140578
10000 0.721208 0.692137 0.0290704 0 0.959692 6444.79 6155.88 288.908 0 -30.1042 -31.4538 2 10327.9 281.479 5001 0.0001384
10100 0.786891 0.756387 0.0305038 0 0.961235 6523.67 6231.52 292.148 0 -30.1124 -30.7753 2 10427.9 282.838 5051 0.00014975
10200 0.820736 0.786632 0.0341036 0 0.958448 6605.82 6310.18 295.641 0 -30.1203 -30.7539 2 10527.9 284.191 5101 0.000154211
10300 0.837003 0.802737 0.0342666 0 0.95906 6689.61 6390.46 299.154 0 -30.1324 -31.0801 2 10627.9 285.538 5151 0.000155841
10400 0.818494 0.782461 0.0360323 0 0.955977 6771.25 6468.7 302.544 0 -30.1412 -30.8667 2 10727.9 286.878 5201 0.000150444
10500 0.852549 0.81585 0.0366991 0 0.956954 6856.45 6550.29 306.164 0 -30.1497 -30.8233 2 10827.9 288.212 5251 0.00015537
10600 0.823944 0.791587 0.0323574 0 0.960729 6939.04 6629.45 309.593 0 -30.1594 -30.9651 2 10927.9 289.54 5301 0.000149328
10700 0.784528 0.753497 0.0310303 0 0.960447 7017.53 6704.79 312.731 0 -30.1712 -31.2164 2 11027.9 290.861 5351 0.000140814
10800 0.777793 0.748162 0.0296312 0 0.961904 7095.22 6779.61 315.613 0 -30.1835 -31.2919 2 11127.9 292.177 5401 0.000138523
10900 0.810612 0.779089 0.0315222 0 0.961113 7176.24 6857.52 318.72 0 -30.1959 -31.2786 2 11227.9 293.487 5451 0.000142926
11000 0.823524 0.787665 0.0358594 0 0.956456 7258.31 6936.29 322.02 0 -30.205 -31.0085 2 11327.9 294.791 5501 0.000143186
11100 0.870635 0.836342 0.0342932 0 0.960611 7345.45 7019.92 325.526 0 -30.2138 -30.9444 2 11427.9 296.089 5551 0.000150665
11200 0.867564 0.833586 0.0339778 0 0.960835 7432.32 7103.28 329.039 0 -30.2232 -31.0208 2 11527.9 297.382 5601 0.000148828
11300 0.801105 0.770435 0.0306694 0 0.961716 7512.7 7180.32 332.38 0 -30.2336 -31.1869 2 11627.9 298.669 5651 0.000136336
11400 0.742527 0.717031 0.0254963 0 0.965663 7587.4 7252.03 335.377 0 -30.2474 -31.6361 2 11727.9 299.951 5701 0.000125773
11500 0.763119 0.733407 0.0297126 0 0.961064 7663.51 7325.37 338.146 0 -30.2603 -31.551 2 11827.9 301.227 5751 0.000127527
11600 0.785521 0.7584 0.0271211 0 0.965474 7742.19 7401.21 340.984 0 -30.2727 -31.4792 2 11927.9 302.497 5801 0.000130736
11700 0.757148 0.730926 0.026222 0 0.965367 7817.99 7474.3 343.694 0 -30.2852 -31.5572 2 12027.9 303.763 5851 0.000124923
11800 0.761882 0.735946 0.0259358 0 0.965958 7894.27 7547.89 346.377 0 -30.2969 -31.4962 2 12127.9 305.023 5901 0.000124716
11900 0.772427 0.73978 0.0326472 0 0.957734 7971.08 7621.87 349.206 0 -30.3058 -31.2212 2 12227.9 306.278 5951 0.000124312
12000 0.83294 0.799548 0.0333916 0 0.959911 8054.44 7701.83 352.611 0 -30.3142 -31.1206 2 12327.9 307.528 6001 0.000133236
12100 0.754918 0.722494 0.0324245 0 0.957049 8129.63 7774.08 355.553 0 -30.3242 -31.398 2 12427.9 308.773 6051 0.000119401
12200 0.85315 0.815665 0.037485 0 0.956063 8214.34 7855.64 358.7 0 -30.328 -30.6949 2 12527.9 310.012 6101 0.000133694
12300 0.871069 0.836587 0.0344818 0 0.960414 8301.55 7939.3 362.252 0 -30.3353 -31.0223 2 12627.9 311.247 6151 0.000136008
12400 0.843013 0.808417 0.0345957 0 0.958962 8385.85 8020.14 365.71 0 -30.3424 -31.0417 2 12727.9 312.477 6201 0.000130369
12500 0.838295 0.804864 0.0334308 0 0.960121 8469.72 8100.63 369.095 0 -30.3507 -31.1724 2 12827.9 313.702 6251 0.000128758
12600 0.856539 0.821906 0.0346324 0 0.959567 8555.37 8182.82 372.549 0 -30.356 -30.8814 2 12927.9 314.923 6301 0.000130441
12700 0.852733 0.820465 0.0322683 0 0.962159 8640.93 8264.87 376.067 0 -30.3621 -30.971 2 13027.9 316.138 6351 0.000129187
12800 0.813307 0.782359 0.0309483 0 0.961948 8722.3 8343.1 379.199 0 -30.3722 -31.4545 2 13127.9 317.349 6401 0.000122224
12900 0.85439 0.824418 0.0299726 0 0.964919 8808.06 8425.54 382.511 0 -30.3811 -31.286 2 13227.9 318.556 6451 0.000127797
13000 0.797182 0.767678 0.0295038 0 0.96299 8887.77 8502.31 385.461 0 -30.3931 -31.7108 2 13327.9 319.757 6501 0.000118086
13100 0.821728 0.793218 0.0285109 0 0.965304 8970.01 8581.63 388.376 0 -30.4051 -31.7048 2 13427.9 320.955 6551 0.000121083
13200 0.837171 0.804882 0.0322894 0 0.96143 9053.62 8662.12 391.497 0 -30.4179 -31.7911 2 13527.9 322.148 6601 0.000121933
13300 0.783111 0.756041 0.0270699 0 0.965433 9132.24 8737.73 394.51 0 -30.4298 -31.7976 2 13627.9 323.336 6651 0.000113673
13400 0.780668 0.755826 0.0248413 0 0.968179 9210.6 8813.31 397.294 0 -30.4419 -31.8577 2 13727.9 324.52 6701 0.000112793
13500 0.779724 0.754234 0.0254902 0 0.967309 9288.61 8888.73 399.877 0 -30.454 -31.8825 2 13827.9 325.7 6751 0.000111722
13600 0.791979 0.764839 0.0271409 0 0.96573 9367.72 8965.22 402.504 0 -30.466 -31.8743 2 13927.9 326.876 6801 0.00011246
13700 0.790931 0.764513 0.0264179 0 0.966599 9446.97 9041.67 405.302 0 -30.4785 -31.9601 2 14027.9 328.047 6851 0.000111591
13800 0.766759 0.743108 0.0236506 0 0.969155 9523.77 9115.98 407.795 0 -30.4902 -31.9276 2 14127.9 329.214 6901 0.000107681
13900 0.816372 0.783957 0.0324147 0 0.960294 9604.85 9194.37 410.475 0 -30.5013 -31.8045 2 14227.9 330.377 6951 0.000112783
14000 0.811508 0.782443 0.0290652 0 0.964184 9685.99 9272.62 413.372 0 -30.5129 -31.8824 2 14327.9 331.536 7001 0.000111762
14100 0.826083 0.797019 0.0290645 0 0.964817 9768.61 9352.32 416.292 0 -30.5228 -31.6816 2 14427.9 332.691 7051 0.000113036
14200 0.827168 0.799161 0.0280069 0 0.966141 9851.5 9432.24 419.261 0 -30.5326 -31.6845 2 14527.9 333.842 7101 0.000112542
14300 0.783821 0.759001 0.02482 0 0.968335 9930.16 9508.14 422.02 0 -30.5445 -32.0429 2 14627.9 334.989 7151 0.000106139
14400 0.747988 0.725471 0.022517 0 0.969897 10005.1 9580.68 424.42 0 -30.5575 -32.2834 2 14727.9 336.132 7201 0.000100746
14500 0.745646 0.72204 0.0236058 0 0.968342 10079.5 9652.89 426.65 0 -30.5698 -32.2126 2 14827.9 337.271 7251 9.9578e-05
14600 0.750528 0.72928 0.0212486 0 0.971688 10154.8 9725.82 429.022 0 -30.5804 -32.005 2 14927.9 338.407 7301 9.98876e-05
14700 0.740624 0.717995 0.022629 0 0.969446 10229 9797.61 431.413 0 -30.592 -32.1735 2 15027.9 339.538 7351 9.76731e-05
14800 0.750296 0.72728 0.023017 0 0.969323 10304.2 9870.34 433.855 0 -30.605 -32.3788 2 15127.9 340.666 7401 9.82677e-05
14900 0.808796 0.783745 0.0250509 0 0.969027 10385.2 9948.72 436.515 0 -30.6178 -32.243 2 15227.9 341.79 7451 0.000105187
15000 0.838541 0.808503 0.0300375 0 0.964179 10468.9 10029.6 439.296 0 -30.6295 -32.0842 2 15327.9 342.911 7501 0.000107786
15100 0.920979 0.88568 0.0352989 0 0.961672 10560.8 10118.1 442.661 0 -30.6348 -31.2352 2 15427.9 344.028 7551 0.000117293
15200 0.863346 0.831529 0.0318165 0 0.963147 10647.3 10201.3 445.994 0 -30.6431 -31.6665 2 15527.9 345.141 7601 0.000109397
15300 0.863287 0.830411 0.0328759 0 0.961918 10733.6 10284.3 449.293 0 -30.6503 -31.5289 2 15627.9 346.25 7651 0.000108536
15400 0.861548 0.831739 0.0298083 0 0.965401 10820.1 10367.5 452.608 0 -30.659 -31.7432 2 15727.9 347.356 7701 0.000108004
15500 0.849041 0.816988 0.0320531 0 0.962248 10905.1 10449.2 455.874 0 -30.6659 -31.539 2 15827.9 348.459 7751 0.000105404
15600 0.888316 0.855475 0.0328416 0 0.963029 10994.1 10534.7 459.395 0 -30.6734 -31.6002 2 15927.9 349.558 7801 0.000109662
15700 0.824844 0.796334 0.0285094 0 0.965437 11076.8 10614.4 462.431 0 -30.6815 -31.7513 2 16027.9 350.653 7851 0.000101431
15800 0.83957 0.808857 0.0307133 0 0.963418 11160.9 10695.3 465.656 0 -30.6894 -31.7283 2 16127.9 351.746 7901 0.000102374
15900 0.782146 0.754854 0.0272922 0 0.965106 11239.3 10770.8 468.591 0 -30.6986 -32.0163 2 16227.9 352.834 7951 9.49382e-05
16000 0.812019 0.780647 0.0313719 0 0.961366 11320.3 10848.8 471.505 0 -30.7058 -31.6983 2 16327.9 353.92 8001 9.75687e-05
16100 0.860468 0.826994 0.0334736 0 0.961098 11406.2 10931.5 474.655 0 -30.7122 -31.559 2 16427.9 355.002 8051 0.000102719
16200 0.877233 0.844846 0.0323874 0 0.96308 11494 11016 478.039 0 -30.7179 -31.459 2 16527.9 356.081 8101 0.000104289
16300 0.85626 0.823681 0.0325785 0 0.961953 11579.7 11098.4 481.343 0 -30.724 -31.5457 2 16627.9 357.156 8151 0.000101053
16400 0.858216 0.825901 0.0323149 0 0.962346 11665.6 11181 484.624 0 -30.7314 -31.7304 2 16727.9 358.229 8201 0.000100707
16500 0.908787 0.870687 0.0381001 0 0.958076 11755.9 11268 487.875 0 -30.7354 -31.2522 2 16827.9 359.298 8251 0.000105525
16600 0.898708 0.865838 0.0328706 0 0.963425 11845.9 11354.6 491.263 0 -30.7412 -31.5002 2 16927.9 360.364 8301 0.000104305
16700 0.88899 0.851621 0.037369 0 0.957965 11934.5 11439.8 494.736 0 -30.7478 -31.618 2 17027.9 361.427 8351 0.000101978
16800 0.836347 0.80957 0.0267769 0 0.967983 12018.7 11520.7 497.995 0 -30.7579 -32.1942 2 17127.9 362.487 8401 9.63659e-05
16900 0.85095 0.824052 0.026898 0 0.968391 12103.9 11603.1 500.776 0 -30.7643 -31.6648 2 17227.9 363.543 8451 9.75094e-05
17000 0.808773 0.78417 0.024603 0 0.96958 12185 11681.6 503.463 0 -30.7717 -31.875 2 17327.9 364.597 8501 9.22445e-05
17100 0.8008 0.774416 0.0263838 0 0.967053 12265 11759 505.992 0 -30.7787 -31.8494 2 17427.9 365.647 8551 9.05644e-05
17200 0.897418 0.86686 0.030558 0 0.965949 12354.6 11845.7 508.96 0 -30.7855 -31.7192 2 17527.9 366.695 8601 0.000100786
17300 0.867714 0.838858 0.0288564 0 0.966744 12441.5 11929.6 511.928 0 -30.7927 -31.8093 2 17627.9 367.739 8651 9.69666e-05
17400 0.894279 0.864321 0.0299579 0 0.9665 12530.9 12016 514.921 0 -30.7995 -31.7488 2 17727.9 368.781 8701 9.93358e-05
17500 0.851707 0.82618 0.0255275 0 0.970028 12616.3 12098.6 517.667 0 -30.8078 -32.029 2 17827.9 369.82 8751 9.44098e-05
17600 0.821784 0.79626 0.0255236 0 0.968941 12698.4 12178.2 520.158 0 -30.8161 -32.0921 2 17927.9 370.855 8801 9.04739e-05
17700 0.851332 0.820701 0.030631 0 0.96402 12783.1 12260.3 522.795 0 -30.825 -32.161 2 18027.9 371.888 8851 9.27241e-05
17800 0.832988 0.806088 0.0268995 0 0.967707 12866.5 12340.9 525.584 0 -30.8341 -32.2265 2 18127.9 372.918 8901 9.05615e-05
17900 0.831984 0.805615 0.0263692 0 0.968306 12949.9 12421.5 528.404 0 -30.8412 -31.9363 2 18227.9 373.945 8951 9.00028e-05
18000 0.785828 0.762094 0.0237335 0 0.969798 13028.6 12497.7 530.936 0 -30.8503 -32.3426 2 18327.9 374.97 9001 8.46677e-05
18100 0.759097 0.736798 0.0222988 0 0.970625 13104.5 12571.4 533.113 0 -30.8607 -32.6457 2 18427.9 375.991 9051 8.14051e-05
18200 0.76052 0.741313 0.0192074 0 0.974744 13180.7 12645.5 535.241 0 -30.8696 -32.4096 2 18527.9 377.01 9101 8.1454e-05
18300 0.763386 0.739713 0.0236734 0 0.968989 13256.9 12719.5 537.413 0 -30.8764 -32.0534 2 18627.9 378.026 9151 8.08341e-05
18400 0.770041 0.747017 0.023024 0 0.9701 13333.9 12794.2 539.696 0 -30.8844 -32.2618 2 18727.9 379.039 9201 8.11887e-05
18500 0.845005 0.813682 0.0313225 0 0.962932 13417.9 12875.5 542.306 0 -30.891 -31.9253 2 18827.9 380.05 9251 8.79562e-05
18600 0.882725 0.853422 0.0293037 0 0.966803 13506.3 12960.9 545.362 0 -30.899 -32.1189 2 18927.9 381.058 9301 9.17559e-05
18700 0.800567 0.775332 0.0252346 0 0.968479 13586.5 13038.4 548.032 0 -30.9075 -32.336 2 19027.9 382.063 9351 8.29144e-05
18800 0.777927 0.753999 0.0239277 0 0.969242 13664.4 13113.8 550.534 0 -30.9165 -32.4933 2 19127.9 383.066 9401 8.02041e-05
18900 0.840317 0.811388 0.0289288 0 0.965574 13748.2 13195 553.21 0 -30.9207 -31.6029 2 19227.9 384.066 9451 8.58521e-05
19000 0.795571 0.766982 0.0285888 0 0.964065 13827.5 13271.7 555.866 0 -30.9278 -32.164 2 19327.9 385.063 9501 8.07265e-05
19100 0.763905 0.742023 0.0218819 0 0.971355 13904.2 13345.9 558.365 0 -30.9372 -32.6214 2 19427.9 386.058 9551 7.76907e-05
19200 0.85823 0.829817 0.0284129 0 0.966894 13990 13428.8 561.181 0 -30.9422 -31.7586 2 19527.9 387.051 9601 8.64303e-05
19300 0.848493 0.818547 0.0299455 0 0.964707 14074.7 13510.7 563.995 0 -30.9478 -31.8732 2 19627.9 388.04 9651 8.48148e-05
19400 0.841805 0.814355 0.0274508 0 0.967391 14159.1 13592.1 566.962 0 -30.9538 -31.956 2 19727.9 389.027 9701 8.39454e-05
19500 0.813983 0.790272 0.0237113 0 0.97087 14240.7 13671.2 569.55 0 -30.9617 -32.3336 2 19827.9 390.012 9751 8.10452e-05
19600 0.822117 0.795457 0.0266597 0 0.967572 14322.8 13750.7 572.074 0 -30.9703 -32.4549 2 19927.9 390.994 9801 8.11608e-05
19700 0.845511 0.816197 0.0293142 0 0.96533 14407.5 13832.3 575.191 0 -30.9759 -31.9271 2 20027.9 391.974 9851 8.28542e-05
19800 0.798351 0.770897 0.0274546 0 0.965611 14487.5 13909.4 578.087 0 -30.9821 -32.0887 2 20127.9 392.952 9901 7.78605e-05
19900 0.836429 0.808041 0.0283877 0 0.966061 14571.3 13990.2 581.102 0 -30.9887 -32.1433 2 20227.9 393.927 9951 8.1202e-05
20000 0.882479 0.84898 0.0334987 0 0.96204 14659.6 14075.1 584.435 0 -30.9935 -31.7852 2 20327.9 394.899 10001 8.48895e-05
