100 0.0226987 0.020183 0.00251572 0 0.889169 2.13896 2.0183 0.120668 0 -26.7887 -26.7887 32 453.882 59.0081 4 0.00504574
200 0.0235325 0.0214587 0.00207377 0 0.911876 4.52626 4.16417 0.362094 0 -26.9942 -27.1784 32 549.882 64.9493 7 0.00306553
300 0.018024 0.0162076 0.00181647 0 0.89922 6.3396 5.78492 0.554676 0 -27.2949 -28.0453 32 645.882 70.3909 10 0.00162076
400 0.0203851 0.0188065 0.00157855 0 0.922563 8.39086 7.66557 0.72529 0 -27.8673 -29.6366 32 741.882 75.441 13 0.00144665
500 0.0359703 0.0336051 0.00236523 0 0.934245 11.9589 11.0261 0.932827 0 -28.1335 -28.7595 32 837.882 80.1736 16 0.00210032
600 0.0283591 0.0265087 0.00185042 0 0.934751 14.8398 13.6769 1.16285 0 -28.2963 -28.9719 32 933.882 84.642 19 0.00139519
700 0.0254586 0.0237658 0.00169279 0 0.933508 17.4124 16.0535 1.35883 0 -28.4186 -29.1243 32 1029.88 88.8861 22 0.00108026
800 0.0187009 0.017541 0.00115988 0 0.937977 19.3072 17.8076 1.49957 0 -28.5651 -29.9114 32 1157.88 94.248 26 0.000674655
900 0.0188255 0.0176634 0.00116211 0 0.93827 21.1959 19.574 1.62191 0 -28.6981 -30.0576 32 1253.88 98.0773 29 0.000609084
1000 0.0192697 0.0178574 0.00141228 0 0.92671 23.0794 21.3597 1.71968 0 -28.7474 -29.3022 32 1349.88 101.763 32 0.000558044
1100 0.0273507 0.0257585 0.00159228 0 0.941783 25.8034 23.9356 1.86781 0 -28.8406 -29.6301 32 1445.88 105.319 35 0.000735956
1200 0.0248991 0.0240196 0.00087954 0 0.964676 28.3217 26.3375 1.98419 0 -28.951 -30.0825 32 1541.88 108.759 38 0.000632094
1300 0.0205217 0.0197736 0.000748127 0 0.963545 30.3935 28.3149 2.07864 0 -29.0508 -30.4149 32 1637.88 112.094 41 0.000482282
1400 0.0295933 0.0282971 0.0012962 0 0.956199 33.3451 31.1446 2.20053 0 -29.0665 -29.2283 32 1733.88 115.332 44 0.000643115
1500 0.0248135 0.0241205 0.000693037 0 0.97207 35.8683 33.5566 2.31164 0 -29.1949 -30.892 32 1829.88 118.482 47 0.000513202
1600 0.0172914 0.0170049 0.000286519 0 0.98343 37.6195 35.2571 2.36238 0 -29.3268 -32.0282 32 1957.88 122.556 51 0.000333429
1700 0.0196178 0.0184445 0.0011733 0 0.940192 39.5223 37.1016 2.42078 0 -29.4159 -31.1765 32 2053.88 125.524 54 0.000341564
1800 0.0340981 0.0324301 0.001668 0 0.951082 42.892 40.3446 2.54739 0 -29.5074 -30.5802 32 2149.88 128.424 57 0.000568948
1900 0.0314761 0.0298877 0.00158839 0 0.949537 46.0359 43.3333 2.70252 0 -29.5936 -30.7706 32 2245.88 131.26 60 0.000498129
2000 0.0246965 0.02371 0.000986513 0 0.960055 48.5417 45.7043 2.83734 0 -29.7001 -31.6558 32 2341.88 134.036 63 0.000376349
2100 0.0265808 0.0250376 0.0015432 0 0.941943 51.2039 48.2081 2.99577 0 -29.7402 -30.4717 32 2437.88 136.756 66 0.000379357
2200 0.0257424 0.0241076 0.00163479 0 0.936494 53.7699 50.6189 3.15106 0 -29.7481 -29.9068 32 2533.88 139.423 69 0.000349385
2300 0.0367581 0.0349555 0.0018026 0 0.950961 57.4629 54.1144 3.34853 0 -29.7656 -30.0196 32 2629.88 142.039 72 0.000485493
2400 0.0277159 0.0264442 0.00127177 0 0.954114 60.2827 56.7588 3.52391 0 -29.7875 -30.2347 32 2757.88 145.455 76 0.000347949
2500 0.0282077 0.0270698 0.00113791 0 0.959659 63.1283 59.4658 3.66249 0 -29.7881 -29.7995 32 2853.88 147.965 79 0.000342656
2600 0.0294681 0.0278956 0.00157251 0 0.946637 66.0532 62.2554 3.79781 0 -29.8484 -31.1503 32 2949.88 150.433 82 0.00034019
2700 0.0273487 0.0265838 0.000764901 0 0.972032 68.812 64.9137 3.89826 0 -29.9473 -32.3159 32 3045.88 152.861 85 0.000312751
2800 0.0284797 0.0273793 0.00110033 0 0.961364 71.6703 67.6517 4.01866 0 -29.9486 -29.9789 32 3141.88 155.251 88 0.000311129
2900 0.0265129 0.0253802 0.00113268 0 0.957278 74.3348 70.1897 4.14508 0 -29.9536 -30.0874 32 3237.88 157.605 91 0.000278904
3000 0.0209087 0.0203043 0.000604374 0 0.971095 76.4465 72.2201 4.2264 0 -30.0012 -31.6792 32 3333.88 159.925 94 0.000216003
3100 0.0237584 0.0229201 0.000838341 0 0.964714 78.8386 74.5121 4.32641 0 -30.068 -32.2032 32 3429.88 162.211 97 0.000236289
3200 0.0331709 0.0316756 0.0014953 0 0.954921 82.1917 77.6797 4.51203 0 -29.9859 -28.0554 32 3557.88 165.21 101 0.00031362
3300 0.0369775 0.0350315 0.00194591 0 0.947376 85.9444 81.1829 4.7615 0 -29.9759 -29.7563 32 3653.88 167.424 104 0.000336842
3400 0.0340369 0.0321869 0.00185 0 0.945647 89.3465 84.4015 4.94494 0 -29.9658 -29.71 32 3749.88 169.609 107 0.000300812
3500 0.0293799 0.0281048 0.00127504 0 0.956602 92.308 87.212 5.09603 0 -29.9734 -30.2041 32 3845.88 171.766 110 0.000255498
3600 0.0586064 0.0567145 0.00189195 0 0.967718 98.1906 92.8835 5.30709 0 -29.8516 -27.9402 32 3941.88 173.897 113 0.000501898
3700 0.0495065 0.0477067 0.00179975 0 0.963646 103.154 97.6541 5.50025 0 -29.7655 -28.0616 32 4037.88 176.002 116 0.000411265
3800 0.0433352 0.0413194 0.00201581 0 0.953483 107.529 101.786 5.74316 0 -29.7171 -28.5776 32 4133.88 178.082 119 0.000347222
3900 0.0407922 0.0388027 0.00198952 0 0.951228 111.645 105.666 5.97843 0 -29.6609 -28.1902 32 4229.88 180.138 122 0.000318055
4000 0.0426068 0.0403841 0.00222263 0 0.947834 115.933 109.705 6.22843 0 -29.636 -28.9881 32 4357.88 182.843 126 0.000320509
4100 0.0388477 0.0367324 0.00211529 0 0.945549 119.824 113.378 6.44637 0 -29.6188 -29.1085 32 4453.88 184.846 129 0.000284747
4200 0.057672 0.0537743 0.00389773 0 0.932416 125.48 118.755 6.72426 0 -29.5667 -28.4614 32 4549.88 186.827 132 0.000407381
4300 0.0503653 0.0479193 0.00244595 0 0.951436 130.567 123.547 7.01962 0 -29.5556 -29.2812 32 4645.88 188.788 135 0.000354958
4400 0.0494126 0.0470822 0.00233044 0 0.952837 135.534 128.256 7.27875 0 -29.5061 -28.2071 32 4741.88 190.728 138 0.000341175
4500 0.0602776 0.0579661 0.00231153 0 0.961652 141.59 134.052 7.53781 0 -29.5281 -30.0206 32 4837.88 192.649 141 0.000411107
4600 0.0503934 0.0475942 0.00279925 0 0.944452 146.582 138.812 7.77034 0 -29.527 -29.495 32 4933.88 194.551 144 0.000330515
4700 0.0459102 0.0438014 0.00210873 0 0.954068 151.194 143.192 8.00213 0 -29.5445 -30.1005 32 5029.88 196.435 147 0.000297969
4800 0.0380369 0.0367074 0.00132951 0 0.965047 155.029 146.862 8.16615 0 -29.5757 -30.8046 32 5157.88 198.919 151 0.000243095
4900 0.0530296 0.0502831 0.00274655 0 0.948207 160.285 151.891 8.39443 0 -29.5184 -27.83 32 5253.88 200.761 154 0.000326513
5000 0.0579277 0.0550106 0.00291712 0 0.949642 166.051 157.392 8.65938 0 -29.5164 -29.461 32 5349.88 202.587 157 0.000350386
5100 0.0483243 0.0463419 0.00198241 0 0.958977 170.917 162.026 8.89089 0 -29.5382 -30.2809 32 5445.88 204.397 160 0.000289637
5200 0.0559419 0.0535852 0.00235671 0 0.957872 176.52 167.385 9.13508 0 -29.4842 -27.8364 32 5541.88 206.191 163 0.000328744
5300 0.0511077 0.0494439 0.00166382 0 0.967445 181.687 172.329 9.3585 0 -29.4931 -29.7967 32 5637.88 207.969 166 0.000297855
5400 0.0558117 0.0532945 0.00251728 0 0.954897 187.193 177.658 9.53505 0 -29.4881 -29.3242 32 5733.88 209.732 169 0.000315352
5500 0.0567415 0.0551974 0.00154403 0 0.972788 192.926 183.178 9.74739 0 -29.5072 -30.1307 32 5829.88 211.48 172 0.000320915
5600 0.0569126 0.0540162 0.00289634 0 0.949109 198.52 188.58 9.93975 0 -29.4803 -28.5536 32 5957.88 213.789 176 0.00030691
5700 0.0641242 0.0601287 0.00399554 0 0.937691 204.883 194.593 10.2905 0 -29.4528 -28.595 32 6053.88 215.505 179 0.000335914
5800 0.0577408 0.0540617 0.00367911 0 0.936282 210.554 199.999 10.5553 0 -29.4503 -29.3589 32 6149.88 217.207 182 0.000297042
5900 0.0611351 0.0572366 0.00389852 0 0.936231 216.637 205.722 10.915 0 -29.4403 -29.0948 32 6245.88 218.896 185 0.000309387
6000 0.0735836 0.0689877 0.00459591 0 0.937542 223.927 212.621 11.3056 0 -29.424 -28.94 32 6341.88 220.571 188 0.000366956
6100 0.0639537 0.0608514 0.00310233 0 0.951491 230.393 218.706 11.6868 0 -29.4242 -29.4297 32 6437.88 222.235 191 0.000318594
6200 0.0537807 0.0514606 0.00232008 0 0.95686 235.822 223.852 11.9696 0 -29.4482 -30.4693 32 6533.88 223.885 194 0.000265261
6300 0.0550166 0.052757 0.00225954 0 0.95893 241.344 229.128 12.2157 0 -29.4615 -30.0298 32 6629.88 225.524 197 0.000267802
6400 0.0564431 0.0545975 0.0018456 0 0.967302 247.069 234.588 12.4812 0 -29.4926 -30.7994 32 6757.88 227.691 201 0.000271629
6500 0.0456113 0.0442328 0.00137851 0 0.969777 251.647 239.011 12.636 0 -29.5235 -31.195 32 6853.88 229.302 204 0.000216827
6600 0.0426771 0.0409526 0.00172455 0 0.959591 255.869 243.106 12.7626 0 -29.5564 -31.5163 32 6949.88 230.903 207 0.000197838
6700 0.0489599 0.0478622 0.00109768 0 0.97758 260.817 247.893 12.9244 0 -29.5903 -31.3438 32 7045.88 232.492 210 0.000227915
6800 0.0532533 0.0511011 0.00215215 0 0.959587 266.14 253.003 13.1372 0 -29.6191 -31.0311 32 7141.88 234.07 213 0.000239911
6900 0.0443648 0.0429365 0.0014283 0 0.967806 270.624 257.296 13.3281 0 -29.6555 -31.8152 32 7237.88 235.638 216 0.00019878
7000 0.0468201 0.0441079 0.00271215 0 0.942073 275.219 261.707 13.5118 0 -29.6687 -30.4452 32 7333.88 237.196 219 0.000201406
7100 0.0496039 0.048075 0.00152885 0 0.969179 280.252 266.515 13.737 0 -29.6903 -30.8709 32 7429.88 238.743 222 0.000216554
7200 0.0554822 0.0533164 0.00216579 0 0.960964 285.785 271.846 13.9383 0 -29.7311 -31.7955 32 7557.88 240.791 226 0.000235913
7300 0.0489621 0.0472885 0.00167361 0 0.965818 290.69 276.575 14.1144 0 -29.7747 -32.32 32 7653.88 242.315 229 0.0002065
7400 0.038814 0.0381838 0.000630253 0 0.983762 294.612 280.394 14.2189 0 -29.8227 -33.3741 32 7749.88 243.83 232 0.000164585
7500 0.0516799 0.0497952 0.00188469 0 0.963531 299.726 285.373 14.3528 0 -29.8619 -32.1219 32 7845.88 245.336 235 0.000211894
7600 0.0530555 0.0520164 0.00103904 0 0.980416 305.094 290.575 14.5197 0 -29.9214 -33.2446 32 7941.88 246.832 238 0.000218556
7700 0.0504671 0.0485659 0.00190112 0 0.962329 310.087 295.431 14.6557 0 -29.9449 -31.3818 32 8037.88 248.32 241 0.000201518
7800 0.0504766 0.0491249 0.00135168 0 0.973222 315.182 300.344 14.838 0 -29.9631 -31.0685 32 8133.88 249.798 244 0.000201332
7900 0.0633431 0.0612081 0.00213501 0 0.966295 321.511 306.465 15.0459 0 -29.9802 -30.8342 32 8229.88 251.268 247 0.000247806
8000 0.0785 0.0758889 0.0026111 0 0.966738 329.432 314.054 15.3783 0 -30.0222 -31.7274 32 8357.88 253.214 251 0.000302346
8100 0.0602936 0.0571334 0.00316017 0 0.947587 335.369 319.767 15.6022 0 -30.043 -31.1961 32 8453.88 254.664 254 0.000224935
8200 0.0609995 0.05815 0.00284953 0 0.953286 341.434 325.582 15.8525 0 -30.0571 -30.8359 32 8549.88 256.106 257 0.000226265
8300 0.0524457 0.0505453 0.00190041 0 0.963764 346.685 330.636 16.0489 0 -30.0905 -32.2599 32 8645.88 257.54 260 0.000194405
8400 0.0499294 0.0483908 0.00153857 0 0.969185 351.714 335.475 16.2383 0 -30.1129 -31.6593 32 8741.88 258.966 263 0.000183996
8500 0.0605638 0.0583275 0.00223633 0 0.963075 357.78 341.308 16.4716 0 -30.1011 -29.4182 32 8837.88 260.384 266 0.000219276
8600 0.0575293 0.0555908 0.00193849 0 0.966304 363.552 346.867 16.6845 0 -30.1162 -31.0485 32 8933.88 261.794 269 0.000206657
8700 0.0510845 0.0491534 0.00193115 0 0.962197 368.643 351.783 16.8607 0 -30.1381 -31.7019 32 9029.88 263.197 272 0.000180711
8800 0.054471 0.0520329 0.00243808 0 0.955241 374.063 356.986 17.0768 0 -30.1507 -31.0089 32 9157.88 265.056 276 0.000188525
8900 0.0644327 0.0606921 0.00374055 0 0.941946 380.42 363.055 17.3645 0 -30.1452 -29.8253 32 9253.88 266.442 279 0.000217534
9000 0.062423 0.0593597 0.00306334 0 0.950926 386.681 368.991 17.6902 0 -30.1367 -29.6145 32 9349.88 267.82 282 0.000210495
9100 0.0542602 0.0521084 0.00215185 0 0.960342 392.16 374.202 17.958 0 -30.147 -30.8783 32 9445.88 269.191 285 0.000182836
9200 0.0498858 0.0479856 0.00190023 0 0.961908 397.171 379.001 18.1703 0 -30.1628 -31.4014 32 9541.88 270.556 288 0.000166617
9300 0.0448731 0.0436745 0.00119862 0 0.973289 401.687 383.368 18.3188 0 -30.182 -31.8674 32 9637.88 271.914 291 0.000150084
9400 0.0507657 0.049488 0.00127771 0 0.974831 406.799 388.317 18.4824 0 -30.2079 -32.242 32 9733.88 273.264 294 0.000168326
9500 0.0618405 0.060427 0.00141349 0 0.977143 413.048 394.359 18.6887 0 -30.2456 -32.6993 32 9829.88 274.609 297 0.000203458
9600 0.0635827 0.0613114 0.00227131 0 0.964278 419.391 400.491 18.9003 0 -30.2676 -31.704 32 9957.88 276.391 301 0.000203692
9700 0.0553165 0.0532646 0.00205193 0 0.962906 424.928 405.817 19.1111 0 -30.2939 -32.2815 32 10053.9 277.72 304 0.000175213
9800 0.0517971 0.0498687 0.00192847 0 0.962769 430.073 410.804 19.2693 0 -30.3193 -32.4198 32 10149.9 279.043 307 0.000162439
9900 0.0518253 0.0504148 0.00141055 0 0.972783 435.291 415.845 19.4458 0 -30.3453 -32.4888 32 10245.9 280.359 310 0.000162628
10000 0.0472654 0.0461776 0.00108783 0 0.976985 440.04 420.463 19.5765 0 -30.3704 -32.6691 32 10341.9 281.67 313 0.000147532
10100 0.0430536 0.04222 0.000833682 0 0.980636 444.356 424.685 19.671 0 -30.3993 -33.3429 32 10437.9 282.974 316 0.000133607
10200 0.0496081 0.0484096 0.00119851 0 0.975841 449.322 429.526 19.7957 0 -30.4225 -32.502 32 10533.9 284.272 319 0.000151754
10300 0.0473831 0.046517 0.000866109 0 0.981721 454.095 434.178 19.9169 0 -30.4443 -32.4963 32 10629.9 285.565 322 0.000144463
10400 0.0509237 0.0500868 0.000836944 0 0.983565 459.209 439.186 20.0229 0 -30.4606 -31.9049 32 10757.9 287.279 326 0.00015364
10500 0.0652993 0.0632431 0.00205619 0 0.968511 465.722 445.511 20.2115 0 -30.4603 -30.4381 32 10853.9 288.558 329 0.000192228
10600 0.05159 0.0503249 0.00126508 0 0.975478 470.905 450.543 20.3614 0 -30.4771 -31.9866 32 10949.9 289.831 332 0.000151581
10700 0.046523 0.044944 0.001579 0 0.96606 475.534 455.038 20.4965 0 -30.4923 -32.0471 32 11045.9 291.099 335 0.000134161
10800 0.0497763 0.0485506 0.00122572 0 0.975375 480.547 459.893 20.6546 0 -30.5015 -31.3659 32 11141.9 292.361 338 0.000143641
10900 0.0441182 0.0430322 0.00108601 0 0.975384 484.956 464.196 20.7604 0 -30.5172 -32.2306 32 11237.9 293.618 341 0.000126194
11000 0.0496359 0.0479805 0.00165545 0 0.966648 489.891 468.994 20.8975 0 -30.5248 -31.2768 32 11333.9 294.869 344 0.000139478
11100 0.0450189 0.0438592 0.00115972 0 0.974239 494.426 473.38 21.0463 0 -30.5353 -31.6669 32 11429.9 296.115 347 0.000126395
11200 0.0411964 0.040351 0.000845464 0 0.979477 498.558 477.415 21.1427 0 -30.5521 -32.5573 32 11557.9 297.769 351 0.00011496
11300 0.038438 0.0378037 0.000634302 0 0.983498 502.416 481.195 21.2207 0 -30.5722 -33.1727 32 11653.9 299.003 354 0.00010679
11400 0.0446289 0.043386 0.00124293 0 0.97215 506.853 485.534 21.3188 0 -30.5829 -31.8015 32 11749.9 300.232 357 0.000121529
11500 0.0433829 0.0419654 0.00141755 0 0.967325 511.172 489.731 21.4416 0 -30.5912 -31.5548 32 11845.9 301.456 360 0.00011657
11600 0.040157 0.0388789 0.00127804 0 0.968174 515.175 493.618 21.5567 0 -30.6038 -32.2234 32 11941.9 302.675 363 0.000107105
11700 0.0457029 0.0440678 0.00163517 0 0.964222 519.701 498.025 21.6755 0 -30.6215 -32.6277 32 12037.9 303.889 366 0.000120404
11800 0.0514375 0.0501004 0.00133713 0 0.974005 524.879 503.035 21.8433 0 -30.6308 -31.5713 32 12133.9 305.098 369 0.000135773
11900 0.043093 0.0418909 0.00120209 0 0.972105 529.21 507.224 21.9857 0 -30.6425 -32.0524 32 12229.9 306.303 372 0.00011261
12000 0.0372131 0.036692 0.000521195 0 0.985994 532.978 510.894 22.0841 0 -30.6605 -33.1908 32 12357.9 307.902 376 9.7585e-05
12100 0.0480471 0.0457278 0.00231931 0 0.951728 537.684 515.466 22.2179 0 -30.6661 -31.3065 32 12453.9 309.095 379 0.000120654
12200 0.0620976 0.0597235 0.00237409 0 0.961768 543.913 521.439 22.4745 0 -30.6821 -32.0624 32 12549.9 310.284 382 0.000156344
12300 0.0451403 0.0440763 0.00106392 0 0.976431 548.486 525.846 22.6396 0 -30.7022 -33.0902 32 12645.9 311.469 385 0.000114484
12400 0.0400463 0.0393119 0.000734354 0 0.981662 552.511 529.778 22.7337 0 -30.723 -33.5569 32 12741.9 312.649 388 0.000101319
12500 0.0372042 0.0366953 0.000508948 0 0.98632 556.257 533.447 22.8096 0 -30.7461 -34.1532 32 12837.9 313.824 391 9.38498e-05
12600 0.0396578 0.0389794 0.000678317 0 0.982896 560.235 537.345 22.8898 0 -30.7665 -33.6245 32 12933.9 314.996 394 9.89326e-05
12700 0.0375375 0.0370017 0.000535776 0 0.985727 564 541.045 22.955 0 -30.7852 -33.5571 32 13029.9 316.162 397 9.32033e-05
12800 0.0352431 0.0347055 0.000537532 0 0.984748 567.535 544.516 23.0195 0 -30.8054 -34.036 32 13157.9 317.712 401 8.65474e-05
12900 0.0430059 0.0414549 0.00155102 0 0.963935 571.774 548.661 23.1127 0 -30.8192 -32.671 32 13253.9 318.868 404 0.000102611
13000 0.0405649 0.0391922 0.00137266 0 0.966161 575.817 552.58 23.237 0 -30.8314 -32.5571 32 13349.9 320.021 407 9.62953e-05
13100 0.0404955 0.0386106 0.00188494 0 0.953453 579.822 556.441 23.381 0 -30.8415 -32.2824 32 13445.9 321.17 410 9.41722e-05
13200 0.0451319 0.0434934 0.00163854 0 0.963695 584.391 560.791 23.6004 0 -30.8616 -33.4167 32 13541.9 322.314 413 0.000105311
13300 0.038081 0.0364675 0.00161347 0 0.957631 588.19 564.438 23.7523 0 -30.8739 -32.7726 32 13637.9 323.455 416 8.76622e-05
13400 0.0368626 0.0358097 0.00105291 0 0.971437 591.896 568.019 23.877 0 -30.8851 -32.6608 32 13733.9 324.591 419 8.54647e-05
13500 0.0353208 0.0342346 0.0010862 0 0.969247 595.439 571.442 23.9966 0 -30.8983 -33.1045 32 13829.9 325.724 422 8.11245e-05
13600 0.0369657 0.0357432 0.00122249 0 0.966929 599.153 575.016 24.1364 0 -30.9114 -33.0066 32 13957.9 327.228 426 8.39043e-05
13700 0.047296 0.045793 0.00150297 0 0.968222 603.865 579.596 24.2695 0 -30.9118 -30.9607 32 14053.9 328.351 429 0.000106744
13800 0.0472634 0.0456098 0.00165357 0 0.965014 608.575 584.157 24.4186 0 -30.9166 -31.5388 32 14149.9 329.47 432 0.000105578
13900 0.0390151 0.0381423 0.000872823 0 0.977629 612.501 587.971 24.5303 0 -30.927 -32.5365 32 14245.9 330.586 435 8.76835e-05
14000 0.040031 0.0389253 0.00110573 0 0.972378 616.488 591.863 24.6242 0 -30.9363 -32.3625 32 14341.9 331.698 438 8.88705e-05
14100 0.0457057 0.0442083 0.00149737 0 0.967239 621.057 596.284 24.7729 0 -30.9375 -31.0914 32 14437.9 332.807 441 0.000100246
14200 0.0809476 0.0777686 0.00317902 0 0.960727 629.166 604.061 25.1045 0 -30.9454 -31.5516 32 14533.9 333.911 444 0.000175154
14300 0.0568475 0.0548214 0.00202616 0 0.964358 634.88 609.543 25.3365 0 -30.9591 -32.4725 32 14629.9 335.012 447 0.000122643
14400 0.0455701 0.0446625 0.00090764 0 0.980083 639.461 614.009 25.4513 0 -30.9763 -33.3546 32 14757.9 336.474 451 9.90298e-05
14500 0.0421313 0.040981 0.00115035 0 0.972696 643.614 618.108 25.507 0 -30.9893 -33.0017 32 14853.9 337.567 454 9.02664e-05
14600 0.0417999 0.0410352 0.000764705 0 0.981706 647.796 622.211 25.585 0 -31.0033 -33.1575 32 14949.9 338.656 457 8.97926e-05
14700 0.0421957 0.040572 0.00162371 0 0.96152 651.932 626.268 25.6641 0 -31.0193 -33.5141 32 15045.9 339.742 460 8.81999e-05
14800 0.0475013 0.0464218 0.00107949 0 0.977274 656.721 630.91 25.8104 0 -31.0434 -34.3223 32 15141.9 340.824 463 0.000100263
14900 0.0507083 0.0482516 0.00245664 0 0.951553 661.68 635.736 25.9442 0 -31.0531 -32.3496 32 15237.9 341.903 466 0.000103544
15000 0.0565866 0.0541981 0.0023885 0 0.95779 667.325 641.155 26.1701 0 -31.0603 -31.8936 32 15333.9 342.978 469 0.000115561
15100 0.0458496 0.0443422 0.00150737 0 0.967124 671.939 645.59 26.3493 0 -31.0742 -33.0897 32 15429.9 344.05 472 9.39454e-05
15200 0.0410768 0.0398234 0.0012534 0 0.969486 676.079 649.572 26.5069 0 -31.0879 -33.3187 32 15557.9 345.474 476 8.36627e-05
15300 0.0429722 0.0412695 0.00170267 0 0.960377 680.347 653.699 26.6481 0 -31.1017 -33.2863 32 15653.9 346.538 479 8.61576e-05
15400 0.0421299 0.0407053 0.0014246 0 0.966186 684.57 657.769 26.8006 0 -31.1151 -33.2639 32 15749.9 347.599 482 8.44508e-05
15500 0.0518874 0.0485563 0.00333101 0 0.935803 689.602 662.625 26.9774 0 -31.1065 -29.9472 32 15845.9 348.657 485 0.000100116
15600 0.0476724 0.0462172 0.0014552 0 0.969475 694.434 667.247 27.1875 0 -31.105 -30.8859 32 15941.9 349.711 488 9.47073e-05
15700 0.0391366 0.0378666 0.00126994 0 0.967551 698.359 671.033 27.3256 0 -31.1109 -32.1471 32 16037.9 350.763 491 7.71214e-05
15800 0.0417276 0.0403481 0.00137943 0 0.966942 702.533 675.068 27.4647 0 -31.1192 -32.5141 32 16133.9 351.811 494 8.16764e-05
15900 0.0460352 0.0444387 0.00159649 0 0.96532 707.126 679.512 27.6137 0 -31.1301 -32.792 32 16229.9 352.856 497 8.94139e-05
16000 0.0503703 0.0490245 0.00134573 0 0.973283 712.199 684.415 27.7845 0 -31.1405 -32.5881 32 16357.9 354.245 501 9.78534e-05
16100 0.0476529 0.0457384 0.00191457 0 0.959823 716.876 688.988 27.8875 0 -31.1446 -31.7784 32 16453.9 355.283 504 9.07507e-05
16200 0.05249 0.05114 0.00134999 0 0.974281 722.153 694.102 28.0508 0 -31.1465 -31.3987 32 16549.9 356.318 507 0.000100868
16300 0.0453153 0.0433615 0.00195388 0 0.956883 726.63 698.439 28.1919 0 -31.1499 -31.6955 32 16645.9 357.35 510 8.50225e-05
16400 0.0404106 0.0395021 0.000908486 0 0.977519 730.691 702.389 28.3021 0 -31.1602 -33.0044 32 16741.9 358.379 513 7.70022e-05
16500 0.0504316 0.0491656 0.00126604 0 0.974896 735.749 707.305 28.4441 0 -31.1711 -32.7462 32 16837.9 359.405 516 9.52821e-05
16600 0.0558349 0.0542734 0.00156151 0 0.972033 741.356 712.733 28.6234 0 -31.1812 -32.5112 32 16933.9 360.428 519 0.000104573
16700 0.0428699 0.0418094 0.00106054 0 0.975261 745.677 716.914 28.7634 0 -31.1915 -32.9523 32 17029.9 361.448 522 8.00946e-05
16800 0.0388172 0.0380107 0.000806498 0 0.979223 749.584 720.715 28.8696 0 -31.2046 -33.7194 32 17157.9 362.804 526 7.22636e-05
16900 0.0391601 0.0383146 0.000845481 0 0.97841 753.525 724.546 28.9789 0 -31.2183 -33.8253 32 17253.9 363.817 529 7.24283e-05
17000 0.0374472 0.0368541 0.000593035 0 0.984163 757.28 728.232 29.0487 0 -31.232 -33.9676 32 17349.9 364.828 532 6.92747e-05
17100 0.0477883 0.0454467 0.00234159 0 0.951001 761.942 732.776 29.166 0 -31.2362 -31.9256 32 17445.9 365.836 535 8.49472e-05
17200 0.0543358 0.0529336 0.00140218 0 0.974194 767.422 738.07 29.3521 0 -31.2459 -32.5946 32 17541.9 366.841 538 9.83896e-05
17300 0.0540989 0.0522168 0.00188211 0 0.96521 772.846 743.291 29.5552 0 -31.2527 -32.2182 32 17637.9 367.844 541 9.6519e-05
17400 0.0576731 0.0551678 0.00250533 0 0.95656 778.613 748.808 29.8048 0 -31.2545 -31.4897 32 17733.9 368.843 544 0.000101411
17500 0.0478022 0.0461283 0.00167389 0 0.964983 783.45 753.421 30.0292 0 -31.2625 -32.5493 32 17829.9 369.84 547 8.43296e-05
17600 0.0413102 0.0397382 0.00157206 0 0.961945 787.597 757.395 30.2022 0 -31.2715 -32.9778 32 17957.9 371.166 551 7.21201e-05
17700 0.0614735 0.058676 0.00279748 0 0.954493 793.717 763.262 30.4543 0 -31.2663 -30.5937 32 18053.9 372.156 554 0.000105913
17800 0.0530445 0.0510572 0.0019873 0 0.962535 799.063 768.368 30.6949 0 -31.2726 -32.2138 32 18149.9 373.144 557 9.16646e-05
17900 0.0461251 0.0446585 0.00146652 0 0.968206 803.7 772.834 30.8661 0 -31.281 -32.7191 32 18245.9 374.13 560 7.97474e-05
18000 0.0657839 0.0630084 0.00277544 0 0.95781 810.229 779.135 31.0943 0 -31.2639 -29.163 32 18341.9 375.113 563 0.000111916
18100 0.0563825 0.0545502 0.00183229 0 0.967503 815.914 784.59 31.324 0 -31.2555 -30.0518 32 18437.9 376.093 566 9.63785e-05
18200 0.0763886 0.0729792 0.00340945 0 0.955367 823.522 791.888 31.6346 0 -31.2435 -29.96 32 18533.9 377.071 569 0.000128259
18300 0.0576939 0.0551878 0.00250613 0 0.956562 829.334 797.406 31.9281 0 -31.2417 -30.9806 32 18629.9 378.046 572 9.64822e-05
18400 0.056073 0.0535101 0.00256297 0 0.954292 834.952 802.757 32.1945 0 -31.2373 -30.5875 32 18757.9 379.343 576 9.28994e-05
18500 0.0728842 0.0695495 0.00333475 0 0.954246 842.262 809.712 32.5492 0 -31.2366 -31.1662 32 18853.9 380.312 579 0.00012012
18600 0.0589466 0.0563509 0.00259577 0 0.955964 848.216 815.347 32.8681 0 -31.2428 -32.1123 32 18949.9 381.279 582 9.68228e-05
18700 0.0515028 0.0491092 0.00239369 0 0.953523 853.379 820.258 33.1205 0 -31.2493 -32.3184 32 19045.9 382.244 585 8.39473e-05
18800 0.0469852 0.0453539 0.00163126 0 0.965281 858.105 824.794 33.311 0 -31.2602 -33.2223 32 19141.9 383.206 588 7.71325e-05
18900 0.0432727 0.0422432 0.00102951 0 0.976209 862.466 829.018 33.4483 0 -31.2701 -33.2169 32 19237.9 384.166 591 7.14775e-05
19000 0.048923 0.0471323 0.00179071 0 0.963397 867.338 833.731 33.607 0 -31.2753 -32.1955 32 19333.9 385.123 594 7.93472e-05
19100 0.051226 0.0492834 0.00194262 0 0.962077 872.477 838.66 33.8169 0 -31.2821 -32.4439 32 19429.9 386.078 597 8.25517e-05
19200 0.0604822 0.0577913 0.00269094 0 0.955509 878.525 844.439 34.0859 0 -31.2842 -31.5793 32 19557.9 387.348 601 9.61585e-05
19300 0.0496288 0.047116 0.00251281 0 0.949368 883.462 849.15 34.3119 0 -31.2889 -32.1316 32 19653.9 388.297 604 7.80066e-05
19400 0.0492804 0.0470939 0.00218646 0 0.955632 888.391 853.86 34.5308 0 -31.2952 -32.4245 32 19749.9 389.244 607 7.75847e-05
19500 0.0459974 0.0445665 0.00143093 0 0.968891 893.029 858.316 34.7122 0 -31.305 -33.1778 32 19845.9 390.189 610 7.30598e-05
19600 0.0400011 0.0390483 0.000952767 0 0.976181 897.054 862.221 34.8328 0 -31.3165 -33.8658 32 19941.9 391.132 613 6.37004e-05
19700 0.0418674 0.0403652 0.00150217 0 0.964121 901.212 866.258 34.9547 0 -31.3269 -33.5703 32 20037.9 392.072 616 6.55279e-05
19800 0.0452727 0.0440167 0.00125595 0 0.972258 905.755 870.659 35.0954 0 -31.3412 -34.1731 32 20133.9 393.01 619 7.11095e-05
19900 0.0516944 0.0502512 0.00144322 0 0.972082 910.952 875.685 35.2672 0 -31.3486 -32.6436 32 20229.9 393.946 622 8.07897e-05
20000 0.0446709 0.0435194 0.00115153 0 0.974222 915.47 880.036 35.4336 0 -31.3587 -33.389 32 20357.9 395.19 626 6.95198e-05
