100 0.0121284 0.0118485 0.000279931 0 0.976919 1.29188 1.18485 0.107034 0 -23.041 -23.041 128 453.882 59.0081 1 0.0118485
200 0.0141959 0.0134049 0.000791001 0 0.94428 2.71988 2.52534 0.194538 0 -23.2711 -23.4794 128 581.882 66.8124 2 0.00670245
300 0.0171146 0.0158226 0.00129202 0 0.924508 4.39719 4.1076 0.289592 0 -24.2816 -25.9201 128 709.882 73.796 3 0.00527419
400 0.0121825 0.0111334 0.00104913 0 0.913882 5.61054 5.22093 0.389604 0 -24.7632 -26.5085 128 837.882 80.1736 4 0.00278334
500 0.00867957 0.00824371 0.000435863 0 0.949783 6.51581 6.0453 0.470502 0 -25.2134 -28.0035 128 837.882 80.1736 4 0.00206093
600 0.00689745 0.00659823 0.000299223 0 0.956618 7.22416 6.70513 0.519033 0 -25.6324 -29.4871 128 965.882 86.08 5 0.00131965
700 0.00499843 0.00476732 0.000231118 0 0.953762 7.72956 7.18186 0.5477 0 -25.8537 -29.0171 128 1093.88 91.6063 6 0.000794553
800 0.00739651 0.00689284 0.000503667 0 0.931905 8.44522 7.87114 0.574078 0 -26.1697 -29.582 128 1221.88 96.8177 7 0.000984692
900 0.00625391 0.00563352 0.000620391 0 0.9008 9.0407 8.43449 0.606205 0 -26.339 -28.7405 128 1349.88 101.763 8 0.00070419
1000 0.00490161 0.00473779 0.000163823 0 0.966578 9.5423 8.90827 0.634023 0 -26.5191 -29.7643 128 1349.88 101.763 8 0.000592223
1100 0.00374656 0.00367284 7.3717e-05 0 0.980324 9.92546 9.27556 0.649899 0 -26.718 -31.6714 128 1477.88 106.478 9 0.000408094
1200 0.00326299 0.00315363 0.000109367 0 0.966483 10.2501 9.59092 0.659161 0 -26.8501 -30.8891 128 1605.88 110.993 10 0.000315363
1300 0.00333743 0.00311821 0.000219216 0 0.934316 10.5763 9.90274 0.673556 0 -26.9556 -30.2718 128 1733.88 115.332 11 0.000283474
1400 0.00300928 0.00288275 0.000126531 0 0.957953 10.8813 10.191 0.690256 0 -27.0779 -31.3177 128 1733.88 115.332 11 0.000262068
1500 0.0142183 0.013608 0.000610216 0 0.957082 12.3166 11.5518 0.764739 0 -27.7112 -32.5129 128 1861.88 119.513 12 0.001134
1600 0.00783114 0.00740597 0.000425171 0 0.945708 13.116 12.2924 0.823582 0 -27.9728 -32.0034 128 1989.88 123.553 13 0.00056969
1700 0.00602128 0.00531618 0.000705097 0 0.882899 13.71 12.824 0.885991 0 -28.0926 -30.738 128 2117.88 127.465 14 0.000379727
1800 0.00916698 0.00759431 0.00157267 0 0.828442 14.5338 13.5835 0.950359 0 -27.897 -24.6414 128 2245.88 131.26 15 0.000506287
1900 0.0143987 0.0135228 0.000875876 0 0.93917 15.9955 14.9357 1.05978 0 -27.5848 -24.4803 128 2245.88 131.26 15 0.000901519
2000 0.0123032 0.0115789 0.000724306 0 0.941129 17.2547 16.0936 1.16106 0 -27.6937 -29.0769 128 2373.88 134.949 16 0.00072368
2100 0.0100543 0.00925147 0.000802788 0 0.920154 18.2624 17.0188 1.24358 0 -27.7083 -27.9581 128 2501.88 138.539 17 0.000544204
2200 0.00828007 0.00783491 0.000445162 0 0.946237 19.1175 17.8023 1.3152 0 -27.7916 -29.5702 128 2629.88 142.039 18 0.000435273
2300 0.00643261 0.00621546 0.000217153 0 0.966242 19.7678 18.4238 1.34402 0 -27.8879 -30.7207 128 2629.88 142.039 18 0.000345303
2400 0.00672331 0.00646021 0.000263096 0 0.960868 20.4447 19.0698 1.37484 0 -27.9318 -29.212 128 2757.88 145.455 19 0.000340011
2500 0.00572161 0.00545864 0.000262969 0 0.954039 21.0183 19.6157 1.40264 0 -27.9744 -29.4935 128 2885.88 148.792 20 0.000272932
2600 0.00462151 0.0045238 9.77175e-05 0 0.978856 21.4813 20.0681 1.41326 0 -28.0352 -30.7937 128 3013.88 152.056 21 0.000215419
2700 0.00708989 0.00612965 0.000960238 0 0.864562 22.1198 20.681 1.43874 0 -28.066 -29.1031 128 3141.88 155.251 22 0.00027862
2800 0.00521466 0.00511694 9.77175e-05 0 0.981261 22.6475 21.1927 1.45478 0 -28.1911 -33.4345 128 3141.88 155.251 22 0.000232588
2900 0.00416325 0.00416325 0 0 1 23.0732 21.6091 1.46416 0 -28.2791 -32.9599 128 3269.88 158.382 23 0.000181011
3000 0.010619 0.00996785 0.000651136 0 0.938682 24.1163 22.6059 1.51042 0 -28.2947 -28.64 128 3397.88 161.452 24 0.000415327
3100 0.00738586 0.00691384 0.00047202 0 0.936091 24.8638 23.2972 1.56659 0 -28.3218 -29.1955 128 3525.88 164.465 25 0.000276554
3200 0.00556353 0.00514537 0.000418159 0 0.924839 25.4218 23.8118 1.61004 0 -28.3496 -29.5911 128 3653.88 167.424 26 0.000197899
3300 0.00495433 0.00471624 0.000238097 0 0.951942 25.9259 24.2834 1.64249 0 -28.3996 -30.9183 128 3653.88 167.424 26 0.000181394
3400 0.00443516 0.00421829 0.000216876 0 0.951101 26.3743 24.7052 1.66903 0 -28.4602 -31.9667 128 3781.88 170.331 27 0.000156233
3500 0.0143932 0.0135745 0.000818754 0 0.943115 27.7996 26.0627 1.7369 0 -28.6465 -32.0934 128 3909.88 173.19 28 0.000484803
3600 0.01173 0.0105639 0.00116606 0 0.900592 28.9261 27.1191 1.80702 0 -28.6514 -28.773 128 4037.88 176.002 29 0.000364273
3700 0.00912057 0.00902484 9.57269e-05 0 0.989504 29.874 28.0215 1.85244 0 -28.7033 -30.2882 128 4037.88 176.002 29 0.000311201
3800 0.00563584 0.00563584 0 0 1 30.4466 28.5851 1.86147 0 -28.7681 -32.1477 128 4165.88 178.77 30 0.000187861
3900 0.00428922 0.00428922 0 0 1 30.876 29.0141 1.86194 0 -28.8314 -33.3174 128 4293.88 181.495 31 0.000138362
4000 0.00452403 0.00429472 0.000229316 0 0.949312 31.3128 29.4435 1.86928 0 -28.8619 -31.0166 128 4421.88 184.18 32 0.00013421
4100 0.00414064 0.00393767 0.000202967 0 0.950982 31.7223 29.8373 1.88501 0 -28.893 -31.2737 128 4549.88 186.827 33 0.000119323
4200 0.00344309 0.00340045 4.26347e-05 0 0.987617 32.074 30.1773 1.89666 0 -28.9368 -32.8831 128 4549.88 186.827 33 0.000103044
4300 0.00286531 0.00286531 0 0 1 32.3627 30.4639 1.8988 0 -28.979 -33.6739 128 4677.88 189.437 34 8.42737e-05
4400 0.00367107 0.00367107 0 0 1 32.7361 30.831 1.90512 0 -29.0115 -31.827 128 4805.88 192.011 35 0.000104888
4500 0.00318585 0.00312548 6.03749e-05 0 0.981049 33.0505 31.1435 1.90699 0 -29.0461 -32.6533 128 4933.88 194.551 36 8.68188e-05
4600 0.00280169 0.00278785 1.38434e-05 0 0.995059 33.3321 31.4223 1.90979 0 -29.0858 -33.7426 128 4933.88 194.551 36 7.74403e-05
4700 0.00276504 0.00274561 1.94263e-05 0 0.992974 33.6105 31.6969 1.91365 0 -29.1189 -33.0825 128 5061.88 197.059 37 7.42057e-05
4800 0.00326823 0.00326823 0 0 1 33.9468 32.0237 1.92312 0 -29.1674 -34.0069 128 5189.88 199.535 38 8.6006e-05
4900 0.00234692 0.00234692 0 0 1 34.1816 32.2584 1.92321 0 -29.207 -34.9452 128 5317.88 201.98 39 6.01774e-05
5000 0.0022598 0.00216756 9.22399e-05 0 0.959182 34.3994 32.4751 1.92424 0 -29.2303 -32.8887 128 5445.88 204.397 40 5.4189e-05
5100 0.00229131 0.00226198 2.93319e-05 0 0.987199 34.6305 32.7013 1.92915 0 -29.2555 -33 128 5445.88 204.397 40 5.65494e-05
5200 0.00275418 0.00270791 4.62725e-05 0 0.983199 34.907 32.9721 1.93483 0 -29.2741 -31.603 128 5573.88 206.785 41 6.60466e-05
5300 0.00308183 0.00299825 8.35788e-05 0 0.97288 35.2143 33.272 1.94238 0 -29.2891 -30.9929 128 5701.88 209.146 42 7.13869e-05
5400 0.00398674 0.00375988 0.000226862 0 0.943096 35.6046 33.6479 1.95665 0 -29.2776 -28.2374 128 5829.88 211.48 43 8.74391e-05
5500 0.00358224 0.00344203 0.000140201 0 0.960862 35.9686 33.9921 1.97641 0 -29.276 -29.1272 128 5829.88 211.48 43 8.00473e-05
5600 0.00888247 0.00862641 0.000256056 0 0.971173 36.8712 34.8548 2.01645 0 -29.4072 -34.6328 128 5957.88 213.789 44 0.000196055
5700 0.00475977 0.0046138 0.000145963 0 0.969334 37.3547 35.3162 2.03851 0 -29.4582 -33.3519 128 6085.88 216.074 45 0.000102529
5800 0.00369108 0.00362034 7.07399e-05 0 0.980835 37.7284 35.6782 2.05021 0 -29.506 -34.2816 128 6213.88 218.334 46 7.8703e-05
5900 0.00306257 0.00300224 6.03313e-05 0 0.9803 38.0366 35.9784 2.0582 0 -29.5447 -34.2775 128 6341.88 220.571 47 6.38774e-05
6000 0.00281355 0.0027775 3.60527e-05 0 0.987186 38.3195 36.2562 2.06335 0 -29.5822 -34.6288 128 6341.88 220.571 47 5.90957e-05
6100 0.0139989 0.0131531 0.000845773 0 0.939583 39.7183 37.5715 2.14681 0 -29.6686 -32.0345 128 6469.88 222.786 48 0.000274023
6200 0.00803036 0.00753765 0.000492703 0 0.938645 40.5315 38.3253 2.20622 0 -29.7132 -31.892 128 6597.88 224.979 49 0.00015383
6300 0.00598234 0.00563732 0.000345028 0 0.942326 41.1437 38.889 2.25469 0 -29.7544 -32.4835 128 6725.88 227.151 50 0.000112746
6400 0.00478748 0.00451548 0.000271996 0 0.943186 41.624 39.3405 2.28351 0 -29.7941 -33.1906 128 6853.88 229.302 51 8.85388e-05
6500 0.00461714 0.00432247 0.00029467 0 0.936179 42.0925 39.7728 2.31969 0 -29.8324 -33.2372 128 6853.88 229.302 51 8.47544e-05
6600 0.00426728 0.00410845 0.000158831 0 0.962779 42.5299 40.1836 2.34627 0 -29.8785 -34.3117 128 6981.88 231.434 52 7.90087e-05
6700 0.00426919 0.00403252 0.000236668 0 0.944564 42.9504 40.5869 2.3635 0 -29.9066 -32.7508 128 7109.88 233.545 53 7.60853e-05
6800 0.00485548 0.00449697 0.000358509 0 0.926164 43.4255 41.0366 2.38896 0 -29.9193 -31.0671 128 7237.88 235.638 54 8.32772e-05
6900 0.00447152 0.00428268 0.000188839 0 0.957769 43.8795 41.4648 2.41467 0 -29.9445 -32.3617 128 7237.88 235.638 54 7.93089e-05
7000 0.00372391 0.00367487 4.90412e-05 0 0.986831 44.2594 41.8323 2.42709 0 -29.9731 -33.2651 128 7365.88 237.713 55 6.68158e-05
7100 0.00375938 0.00365819 0.000101189 0 0.973084 44.6363 42.1981 2.43816 0 -29.9976 -32.8843 128 7493.88 239.769 56 6.53248e-05
7200 0.0037202 0.00356237 0.000157832 0 0.957574 45.0079 42.5544 2.45353 0 -30.0094 -31.4182 128 7621.88 241.808 57 6.24977e-05
7300 0.00322703 0.00312388 0.00010315 0 0.968036 45.3274 42.8668 2.46061 0 -30.0293 -32.8421 128 7749.88 243.83 58 5.386e-05
7400 0.00289854 0.00284498 5.3558e-05 0 0.981522 45.6191 43.1513 2.4678 0 -30.0566 -34.29 128 7749.88 243.83 58 4.90514e-05
7500 0.00328242 0.00325813 2.42973e-05 0 0.992598 45.9519 43.4771 2.47484 0 -30.0898 -34.6389 128 7877.88 245.836 59 5.52225e-05
7600 0.0148944 0.0139492 0.000945192 0 0.93654 47.4102 44.872 2.53819 0 -30.0094 -27.4774 128 8005.88 247.825 60 0.000232487
7700 0.0102889 0.00965632 0.000632607 0 0.938516 48.4607 45.8376 2.62304 0 -29.9849 -28.8789 128 8133.88 249.798 61 0.0001583
7800 0.00661492 0.00647392 0.000141001 0 0.978684 49.1503 46.485 2.66525 0 -30.0066 -31.5317 128 8133.88 249.798 61 0.00010613
7900 0.0223225 0.0212825 0.00104 0 0.95341 51.4051 48.6133 2.79183 0 -29.9957 -29.7591 128 8261.88 251.756 62 0.000343265
8000 0.0104278 0.00977342 0.000654367 0 0.937248 52.4781 49.5906 2.88753 0 -30.0019 -30.298 128 8389.88 253.699 63 0.000155134
8100 0.00882701 0.00806037 0.00076664 0 0.913148 53.3542 50.3967 2.95752 0 -30.0104 -30.5183 128 8517.88 255.626 64 0.000125943
8200 0.00856557 0.00776279 0.000802783 0 0.906278 54.1857 51.1729 3.01275 0 -29.9979 -29.1973 128 8645.88 257.54 65 0.000119428
8300 0.00899812 0.00855306 0.000445065 0 0.950538 55.1068 52.0282 3.07857 0 -29.976 -28.6839 128 8645.88 257.54 65 0.000131586
8400 0.0133328 0.0125885 0.000744349 0 0.944172 56.4406 53.2871 3.15349 0 -29.9942 -30.7466 128 8773.88 259.439 66 0.000190734
8500 0.0190983 0.0182149 0.000883371 0 0.953746 58.3569 55.1086 3.24832 0 -29.973 -29.348 128 8901.88 261.325 67 0.000271864
8600 0.015615 0.0143333 0.0012817 0 0.917918 59.8893 56.5419 3.34737 0 -29.926 -28.1364 128 9029.88 263.197 68 0.000210784
8700 0.0115885 0.0109987 0.000589841 0 0.949101 61.0664 57.6418 3.42468 0 -29.9108 -29.1383 128 9029.88 263.197 68 0.000161745
8800 0.0129666 0.0126378 0.000328848 0 0.974639 62.4065 58.9055 3.50095 0 -29.9099 -29.8682 128 9157.88 265.056 69 0.000183156
8900 0.00951028 0.00927005 0.000240234 0 0.97474 63.3712 59.8326 3.53862 0 -29.9276 -31.0723 128 9285.88 266.902 70 0.000132429
9000 0.00797019 0.00781802 0.000152165 0 0.980908 64.1861 60.6144 3.57172 0 -29.9562 -32.18 128 9413.88 268.735 71 0.000110113
9100 0.00895013 0.00837168 0.000578451 0 0.93537 65.0421 61.4515 3.59059 0 -29.9456 -29.1504 128 9541.88 270.556 72 0.000116273
9200 0.00956222 0.00935647 0.000205748 0 0.978483 66.0175 62.3872 3.6303 0 -29.9343 -29.1807 128 9541.88 270.556 72 0.000129951
9300 0.00711242 0.00698885 0.000123572 0 0.982626 66.737 63.0861 3.65098 0 -29.9449 -30.9233 128 9669.88 272.365 73 9.57376e-05
9400 0.00567807 0.00567807 0 0 1 67.3103 63.6539 3.65642 0 -29.9674 -32.584 128 9797.88 274.161 74 7.67307e-05
9500 0.00601776 0.00584959 0.000168177 0 0.972053 67.9036 64.2388 3.66475 0 -29.9796 -31.3666 128 9925.88 275.946 75 7.79945e-05
9600 0.00532437 0.00528145 4.29147e-05 0 0.99194 68.4422 64.767 3.67519 0 -29.9993 -32.4813 128 10053.9 277.72 76 6.94928e-05
9700 0.00816511 0.00794332 0.000221795 0 0.972836 69.2697 65.5613 3.70843 0 -29.9882 -29.0726 128 10053.9 277.72 76 0.000104517
9800 0.0100975 0.00974185 0.000355676 0 0.964776 70.2882 66.5355 3.75268 0 -29.9814 -29.5151 128 10181.9 279.482 77 0.000126518
9900 0.0123774 0.0114092 0.000968128 0 0.921782 71.5009 67.6764 3.82448 0 -29.9064 -25.5616 128 10309.9 281.233 78 0.000146272
10000 0.0127096 0.0117303 0.0009793 0 0.922948 72.7665 68.8494 3.9171 0 -29.8469 -26.4831 128 10437.9 282.974 79 0.000148485
10100 0.00996686 0.00959653 0.000370333 0 0.962844 73.779 69.8091 3.96994 0 -29.8414 -29.4509 128 10437.9 282.974 79 0.000121475
10200 0.00850398 0.0083059 0.000198077 0 0.976708 74.6455 70.6397 4.00583 0 -29.8319 -29.0233 128 10565.9 284.704 80 0.000103824
10300 0.00628513 0.00628513 0 0 1 75.2905 71.2682 4.02235 0 -29.8429 -31.1132 128 10693.9 286.423 81 7.75942e-05
10400 0.0110788 0.0102612 0.000817611 0 0.9262 76.3428 72.2943 4.04851 0 -29.8469 -30.1324 128 10821.9 288.132 82 0.000125136
10500 0.0105026 0.00956754 0.000935072 0 0.910968 77.3683 73.2511 4.11721 0 -29.8512 -30.172 128 10949.9 289.831 83 0.000115272
10600 0.0088539 0.00835165 0.000502251 0 0.943274 78.2655 74.0862 4.17932 0 -29.8746 -31.892 128 10949.9 289.831 83 0.000100622
10700 0.0175652 0.016575 0.000990246 0 0.943625 80.0581 75.7437 4.31438 0 -29.8476 -28.6678 128 11077.9 291.52 84 0.000197321
10800 0.0191444 0.0177039 0.00144056 0 0.924753 82.0127 77.5141 4.49857 0 -29.8797 -31.1939 128 11205.9 293.199 85 0.000208281
10900 0.0199374 0.0178981 0.00203933 0 0.897713 83.9059 79.3039 4.602 0 -29.8795 -29.8728 128 11333.9 294.869 86 0.000208117
11000 0.0188458 0.0175433 0.0013025 0 0.930886 85.7921 81.0582 4.73389 0 -29.8948 -30.5733 128 11333.9 294.869 86 0.000203992
11100 0.011813 0.0111133 0.000699686 0 0.94077 86.9992 82.1696 4.82958 0 -29.9133 -31.2269 128 11461.9 296.53 87 0.00012774
11200 0.0117688 0.0108664 0.000902352 0 0.923327 88.1713 83.2562 4.91508 0 -29.9031 -29.1525 128 11589.9 298.181 88 0.000123482
11300 0.00933346 0.00879362 0.000539841 0 0.942161 89.1161 84.1356 4.98055 0 -29.9098 -30.5346 128 11717.9 299.823 89 9.88047e-05
11400 0.00803318 0.00742927 0.00060391 0 0.924823 89.9093 84.8785 5.03079 0 -29.9148 -30.4741 128 11845.9 301.456 90 8.25474e-05
11500 0.0070633 0.00689741 0.000165887 0 0.976514 90.6287 85.5683 5.06042 0 -29.9331 -32.216 128 11845.9 301.456 90 7.66379e-05
11600 0.00650477 0.00635315 0.000151621 0 0.976691 91.2809 86.2036 5.0773 0 -29.9467 -31.8321 128 11973.9 303.08 91 6.98148e-05
11700 0.00798875 0.00767243 0.000316316 0 0.960405 92.0765 86.9708 5.10571 0 -29.9483 -30.1407 128 12101.9 304.696 92 8.3396e-05
11800 0.00654965 0.00641612 0.000133534 0 0.979612 92.7384 87.6124 5.12596 0 -29.9601 -31.5916 128 12229.9 306.303 93 6.89905e-05
11900 0.00549564 0.00546965 2.59862e-05 0 0.995271 93.2925 88.1594 5.13313 0 -29.9774 -32.8851 128 12229.9 306.303 93 5.88135e-05
12000 0.0221506 0.0212531 0.000897514 0 0.959481 95.5755 90.2847 5.29077 0 -29.9463 -28.6752 128 12357.9 307.902 94 0.000226097
12100 0.012083 0.0111706 0.000912365 0 0.924492 96.7852 91.4018 5.38345 0 -29.9379 -29.2758 128 12485.9 309.492 95 0.000117586
12200 0.0136762 0.0127062 0.000969998 0 0.929074 98.1409 92.6724 5.4685 0 -29.9224 -28.8134 128 12613.9 311.075 96 0.000132356
12300 0.0102771 0.00964028 0.000636793 0 0.938038 99.1761 93.6364 5.53968 0 -29.9211 -29.7945 128 12741.9 312.649 97 9.93843e-05
12400 0.0081063 0.00786084 0.000245452 0 0.969721 99.9923 94.4225 5.56985 0 -29.932 -31.2578 128 12741.9 312.649 97 8.10396e-05
12500 0.0077886 0.00750136 0.000287237 0 0.963121 100.774 95.1726 5.60151 0 -29.9393 -30.8704 128 12869.9 314.215 98 7.65445e-05
12600 0.00725931 0.00724095 1.83586e-05 0 0.997471 101.519 95.8967 5.62182 0 -29.9577 -32.4555 128 12997.9 315.774 99 7.31409e-05
12700 0.00634662 0.00623277 0.000113849 0 0.982061 102.146 96.52 5.62639 0 -29.9725 -32.3657 128 13125.9 317.325 100 6.23277e-05
12800 0.00564572 0.00560225 4.34731e-05 0 0.9923 102.714 97.0802 5.6337 0 -29.9893 -33.0088 128 13253.9 318.868 101 5.54678e-05
12900 0.00702886 0.00688529 0.000143575 0 0.979574 103.435 97.7688 5.66619 0 -29.992 -30.3742 128 13253.9 318.868 101 6.81712e-05
13000 0.00648814 0.006317 0.000171138 0 0.973623 104.088 98.4005 5.68707 0 -29.9981 -30.9695 128 13381.9 320.405 102 6.19314e-05
13100 0.00949858 0.00901533 0.000483243 0 0.949125 105.015 99.302 5.7132 0 -29.9795 -27.8943 128 13509.9 321.933 103 8.75275e-05
13200 0.00829291 0.00799328 0.00029963 0 0.963869 105.846 100.101 5.74479 0 -29.9734 -29.2023 128 13637.9 323.455 104 7.68584e-05
13300 0.00664931 0.00646525 0.000184068 0 0.972318 106.517 100.748 5.76872 0 -29.9777 -30.6549 128 13637.9 323.455 104 6.21658e-05
13400 0.0396477 0.0385254 0.00112224 0 0.971695 110.487 104.6 5.8871 0 -29.8804 -27.2697 128 13765.9 324.969 105 0.000366909
13500 0.0212642 0.0205375 0.000726684 0 0.965826 112.63 106.654 5.97572 0 -29.841 -27.8084 128 13893.9 326.476 106 0.00019375
13600 0.0162439 0.0156314 0.000612497 0 0.962294 114.259 108.217 6.04209 0 -29.82 -28.3676 128 14021.9 327.977 107 0.000146088
13700 0.0138077 0.013352 0.000455686 0 0.966998 115.649 109.552 6.09681 0 -29.8067 -28.7195 128 14149.9 329.47 108 0.00012363
13800 0.0130215 0.0126942 0.000327322 0 0.974863 116.957 110.822 6.1347 0 -29.7993 -29.1421 128 14149.9 329.47 108 0.000117539
13900 0.0345374 0.0325818 0.0019556 0 0.943377 120.371 114.08 6.29114 0 -29.7787 -29.0731 128 14277.9 330.957 109 0.000298916
14000 0.0241135 0.0227242 0.00138922 0 0.942388 122.796 116.352 6.44332 0 -29.778 -29.7419 128 14405.9 332.437 110 0.000206584
14100 0.020454 0.0189104 0.00154358 0 0.924534 124.818 118.244 6.57412 0 -29.7754 -29.6197 128 14533.9 333.911 111 0.000170364
14200 0.0174952 0.0167991 0.000696135 0 0.96021 126.61 119.923 6.68645 0 -29.793 -31.0172 128 14533.9 333.911 111 0.000151343
14300 0.0175415 0.0168986 0.000642862 0 0.963352 128.378 121.613 6.76508 0 -29.7939 -29.8587 128 14661.9 335.378 112 0.00015088
14400 0.0189064 0.0183327 0.000573687 0 0.969657 130.275 123.447 6.82886 0 -29.772 -28.2871 128 14789.9 336.839 113 0.000162237
14500 0.0184561 0.0178467 0.000609414 0 0.96698 132.122 125.231 6.89086 0 -29.7642 -29.2143 128 14917.9 338.293 114 0.00015655
14600 0.0156071 0.0151093 0.000497765 0 0.968106 133.687 126.742 6.94512 0 -29.7677 -30.0669 128 15045.9 339.742 115 0.000131385
14700 0.013053 0.0128294 0.000223667 0 0.982865 135.012 128.025 6.98693 0 -29.7804 -31.058 128 15045.9 339.742 115 0.00011156
14800 0.0168496 0.0164227 0.000426902 0 0.974664 136.705 129.667 7.0381 0 -29.8016 -31.4912 128 15173.9 341.184 116 0.000141575
14900 0.0141438 0.0138208 0.000322939 0 0.977167 138.128 131.049 7.07862 0 -29.8177 -31.3643 128 15301.9 342.62 117 0.000118127
15000 0.0129434 0.01252 0.000423379 0 0.96729 139.418 132.301 7.1163 0 -29.8313 -31.2979 128 15429.9 344.05 118 0.000106102
15100 0.0112317 0.0110569 0.000174796 0 0.984437 140.544 133.407 7.13691 0 -29.8517 -32.3766 128 15429.9 344.05 118 9.37029e-05
15200 0.0382602 0.0371335 0.00112669 0 0.970552 144.386 137.121 7.26553 0 -29.7539 -26.1757 128 15557.9 345.474 119 0.000312046
15300 0.0300315 0.0282886 0.00174289 0 0.941965 147.359 139.949 7.40922 0 -29.6785 -26.0123 128 15685.9 346.892 120 0.000235738
15400 0.0220997 0.0206597 0.00144007 0 0.934838 149.578 142.015 7.56273 0 -29.6383 -26.975 128 15813.9 348.305 121 0.000170741
15500 0.0184778 0.0171726 0.00130517 0 0.929366 151.435 143.733 7.70198 0 -29.6132 -27.5847 128 15941.9 349.711 122 0.000140759
15600 0.0160161 0.0151164 0.000899673 0 0.943827 153.068 145.244 7.82405 0 -29.6014 -28.5116 128 15941.9 349.711 122 0.000123905
15700 0.0228911 0.0217148 0.00117631 0 0.948613 155.385 147.416 7.96931 0 -29.6112 -30.2591 128 16069.9 351.113 123 0.000176543
15800 0.0161051 0.0151333 0.000971795 0 0.939659 157.017 148.929 8.08755 0 -29.6128 -29.7596 128 16197.9 352.508 124 0.000122043
15900 0.0148876 0.0137851 0.00110255 0 0.925942 158.497 150.308 8.18924 0 -29.6084 -29.1426 128 16325.9 353.898 125 0.00011028
16000 0.0134154 0.0125397 0.00087574 0 0.934721 159.851 151.562 8.28898 0 -29.6081 -29.5806 128 16453.9 355.283 126 9.9521e-05
16100 0.0123543 0.01173 0.000624261 0 0.94947 161.097 152.735 8.36222 0 -29.6128 -30.2095 128 16453.9 355.283 126 9.30954e-05
16200 0.0412834 0.0395004 0.00178305 0 0.95681 165.229 156.685 8.5442 0 -29.5354 -26.5205 128 16581.9 356.662 127 0.000311027
16300 0.0273308 0.0256588 0.001672 0 0.938824 167.965 159.25 8.71407 0 -29.4995 -27.329 128 16709.9 358.036 128 0.000200459
16400 0.0215802 0.0203877 0.00119243 0 0.944744 170.129 161.289 8.8397 0 -29.4824 -28.154 128 16837.9 359.405 129 0.000158044
16500 0.0186786 0.0176452 0.00103332 0 0.944679 172 163.054 8.94633 0 -29.4732 -28.6393 128 16837.9 359.405 129 0.000136785
16600 0.0178544 0.0172329 0.000621567 0 0.965187 173.829 164.777 9.05239 0 -29.4746 -29.6036 128 16965.9 360.768 130 0.000132561
16700 0.0159714 0.0153419 0.000629553 0 0.960583 175.429 166.311 9.11752 0 -29.4777 -29.8121 128 17093.9 362.127 131 0.000117114
16800 0.0147568 0.0141331 0.000623658 0 0.957737 176.905 167.725 9.18004 0 -29.4812 -29.904 128 17221.9 363.48 132 0.000107069
16900 0.0137029 0.0131945 0.000508371 0 0.9629 178.271 169.044 9.22747 0 -29.4869 -30.2264 128 17349.9 364.828 133 9.92069e-05
17000 0.0130508 0.0128341 0.000216763 0 0.983391 179.583 170.327 9.25527 0 -29.4973 -30.912 128 17349.9 364.828 133 9.64968e-05
17100 0.0124393 0.0122351 0.000204222 0 0.983583 180.831 171.551 9.28038 0 -29.5088 -31.1575 128 17477.9 366.171 134 9.13068e-05
17200 0.0120776 0.0118099 0.000267692 0 0.977836 182.037 172.732 9.30505 0 -29.5185 -30.9669 128 17605.9 367.51 135 8.74811e-05
17300 0.0115242 0.0112329 0.000291265 0 0.974726 183.187 173.855 9.33153 0 -29.5286 -31.1352 128 17733.9 368.843 136 8.2595e-05
17400 0.0106234 0.0106014 2.20035e-05 0 0.997929 184.256 174.915 9.34035 0 -29.543 -32.012 128 17733.9 368.843 136 7.79512e-05
17500 0.0113209 0.0111724 0.000148455 0 0.986887 185.394 176.033 9.36118 0 -29.5541 -31.3405 128 17861.9 370.172 137 8.15504e-05
17600 0.0114271 0.0113074 0.000119786 0 0.989517 186.542 177.163 9.37828 0 -29.5674 -31.7274 128 17989.9 371.496 138 8.19374e-05
17700 0.0120848 0.0117391 0.000345644 0 0.971398 187.735 178.337 9.39822 0 -29.5804 -31.6054 128 18117.9 372.815 139 8.44542e-05
17800 0.0128829 0.0119671 0.000915871 0 0.928908 188.966 179.534 9.43171 0 -29.5882 -30.7804 128 18245.9 374.13 140 8.5479e-05
17900 0.0116095 0.0115059 0.000103648 0 0.991072 190.139 180.685 9.45498 0 -29.611 -33.2807 128 18245.9 374.13 140 8.21847e-05
18000 0.0124812 0.0122252 0.000256082 0 0.979483 191.4 181.907 9.4929 0 -29.6195 -30.905 128 18373.9 375.44 141 8.67032e-05
18100 0.0104769 0.0104045 7.24041e-05 0 0.993089 192.463 182.947 9.51509 0 -29.6344 -32.3135 128 18501.9 376.745 142 7.32713e-05
18200 0.0100525 0.00995437 9.81433e-05 0 0.990237 193.464 183.943 9.52156 0 -29.6461 -31.9018 128 18629.9 378.046 143 6.9611e-05
18300 0.00962223 0.00956488 5.73465e-05 0 0.99404 194.427 184.899 9.52776 0 -29.658 -32.0362 128 18629.9 378.046 143 6.68873e-05
18400 0.011396 0.0111427 0.000253267 0 0.977776 195.57 186.014 9.55616 0 -29.6712 -31.9236 128 18757.9 379.343 144 7.73801e-05
18500 0.0120344 0.0116888 0.000345594 0 0.971283 196.776 187.183 9.59343 0 -29.6858 -32.0535 128 18885.9 380.635 145 8.06124e-05
18600 0.0239736 0.0224421 0.00153155 0 0.936115 199.109 189.427 9.68185 0 -29.7014 -31.0207 128 19013.9 381.923 146 0.000153713
18700 0.0205899 0.0194724 0.0011175 0 0.945726 201.157 191.374 9.78308 0 -29.7198 -31.5064 128 19141.9 383.206 147 0.000132465
18800 0.0160628 0.0155283 0.000534526 0 0.966723 202.776 192.927 9.84913 0 -29.7392 -32.142 128 19141.9 383.206 147 0.000105635
18900 0.0153424 0.0150096 0.000332746 0 0.978312 204.324 194.428 9.89647 0 -29.7619 -32.7338 128 19269.9 384.485 148 0.000101416
19000 0.0138892 0.0135767 0.000312554 0 0.977497 205.724 195.785 9.93868 0 -29.7817 -32.6742 128 19397.9 385.76 149 9.11185e-05
19100 0.0118858 0.0118584 2.73486e-05 0 0.997699 206.922 196.971 9.95024 0 -29.8053 -33.8685 128 19525.9 387.031 150 7.90561e-05
19200 0.0107212 0.0107212 0 0 1 207.995 198.043 9.95148 0 -29.8289 -34.3737 128 19653.9 388.297 151 7.1001e-05
19300 0.0110578 0.0109918 6.60832e-05 0 0.994024 209.105 199.143 9.96247 0 -29.8519 -34.1704 128 19653.9 388.297 151 7.27931e-05
19400 0.0109986 0.0109245 7.403e-05 0 0.993269 210.209 200.235 9.97384 0 -29.8752 -34.2762 128 19781.9 389.56 152 7.18719e-05
19500 0.010379 0.0103054 7.36028e-05 0 0.992908 211.247 201.266 9.98116 0 -29.8959 -34.0956 128 19909.9 390.818 153 6.73554e-05
19600 0.00978189 0.00968243 9.94604e-05 0 0.989832 212.221 202.234 9.98744 0 -29.9157 -34.1937 128 20037.9 392.072 154 6.2873e-05
19700 0.00908955 0.00905328 3.62753e-05 0 0.996009 213.133 203.139 9.9939 0 -29.9359 -34.6597 128 20037.9 392.072 154 5.87875e-05
19800 0.00848008 0.00846047 1.96108e-05 0 0.997687 213.982 203.985 9.99714 0 -29.9562 -35.0436 128 20165.9 393.322 155 5.45837e-05
19900 0.00800458 0.00800458 0 0 1 214.784 204.786 9.9983 0 -29.9762 -35.3165 128 20293.9 394.569 156 5.13114e-05
20000 0.0112496 0.0109956 0.000254072 0 0.977415 215.895 205.885 10.0102 0 -29.9867 -32.0101 128 20421.9 395.811 157 7.00355e-05
