100 0.0139222 0.0132504 0.000671809 0 0.951746 1.41574 1.32504 0.0906982 0 -30.9474 -30.9474 16 437.882 57.9587 7 0.00189292
200 0.0295154 0.027218 0.00229744 0 0.922161 4.31989 4.04684 0.273055 0 -28.794 -27.7442 16 533.882 63.9974 13 0.00209369
300 0.0423929 0.0406942 0.00169864 0 0.959931 8.66273 8.11626 0.54647 0 -27.841 -26.8931 16 629.882 69.5136 19 0.0021418
400 0.0314901 0.0295713 0.0019188 0 0.939067 11.7999 11.0734 0.726504 0 -27.4845 -26.5001 16 741.882 75.441 26 0.00113736
500 0.0325918 0.0307804 0.00181139 0 0.944422 15.0913 14.1514 0.939839 0 -27.479 -27.4592 16 837.882 80.1736 32 0.000961887
600 0.029922 0.0279471 0.00197493 0 0.933997 18.07 16.9461 1.12388 0 -27.4692 -27.4197 16 933.882 84.642 38 0.000735449
700 0.0498964 0.0470728 0.00282355 0 0.943412 23.0454 21.6534 1.39199 0 -27.304 -26.704 16 1029.88 88.8861 44 0.00106984
800 0.0647988 0.0605986 0.00420018 0 0.935181 29.4398 27.7133 1.72653 0 -27.5209 -28.3024 16 1141.88 93.5946 51 0.00118821
900 0.0498824 0.0471277 0.00275465 0 0.944777 34.5023 32.4261 2.07624 0 -27.7467 -29.0599 16 1237.88 97.4495 57 0.000826803
1000 0.0434632 0.0411109 0.00235237 0 0.945877 38.8921 36.5371 2.35495 0 -27.9913 -29.9135 16 1333.88 101.158 63 0.000652553
1100 0.0707222 0.0664711 0.0042511 0 0.93989 45.8762 43.1843 2.6919 0 -28.1693 -29.1605 16 1429.88 104.735 69 0.000963349
1200 0.0638292 0.060112 0.00371722 0 0.941763 52.3119 49.1955 3.11642 0 -28.2314 -28.6745 16 1541.88 108.759 76 0.000790947
1300 0.0615551 0.0582414 0.00331368 0 0.946167 58.531 55.0196 3.51137 0 -28.2924 -28.8051 16 1637.88 112.094 82 0.000710261
1400 0.052505 0.049433 0.00307205 0 0.94149 63.8015 59.9629 3.8386 0 -28.3659 -29.1824 16 1733.88 115.332 88 0.000561738
1500 0.0508614 0.0482128 0.00264864 0 0.947924 68.9178 64.7842 4.13359 0 -28.3988 -28.8088 16 1829.88 118.482 94 0.000512902
1600 0.0724716 0.0694915 0.00298003 0 0.95888 76.2585 71.7333 4.5252 0 -28.5329 -29.7916 16 1941.88 122.054 101 0.000688035
1700 0.0648151 0.0612166 0.0035984 0 0.944482 82.6844 77.855 4.82946 0 -28.6267 -29.7407 16 2037.88 125.034 107 0.000572118
1800 0.0696196 0.066878 0.00274169 0 0.960619 89.7171 84.5428 5.17429 0 -28.8311 -31.2336 16 2133.88 127.946 113 0.00059184
1900 0.0781014 0.0742271 0.00387428 0 0.950394 97.5279 91.9655 5.56239 0 -28.9755 -30.6347 16 2229.88 130.792 119 0.000623757
2000 0.0638461 0.0610473 0.00279881 0 0.956163 103.981 98.0702 5.91047 0 -29.1134 -31.1966 16 2341.88 134.036 126 0.000484503
2100 0.0707427 0.0672617 0.00348092 0 0.950795 111.053 104.796 6.25688 0 -29.1261 -29.3129 16 2437.88 136.756 132 0.000509559
2200 0.0620729 0.0590483 0.0030246 0 0.951273 117.249 110.701 6.54824 0 -29.1812 -30.17 16 2533.88 139.423 138 0.000427886
2300 0.068609 0.0657881 0.00282095 0 0.958884 124.177 117.28 6.89743 0 -29.2378 -30.1954 16 2629.88 142.039 144 0.000456862
2400 0.0982665 0.0945286 0.00373787 0 0.961962 133.981 126.733 7.24763 0 -29.2174 -28.9585 16 2741.88 145.032 151 0.000626017
2500 0.106451 0.101914 0.00453712 0 0.957379 144.645 136.924 7.72023 0 -29.1181 -27.8709 16 2837.88 147.549 157 0.000649136
2600 0.113656 0.108877 0.00477858 0 0.957956 156.033 147.812 8.22076 0 -29.1723 -29.8611 16 2933.88 150.024 163 0.000667957
2700 0.138922 0.133007 0.00591498 0 0.957422 169.896 161.113 8.7838 0 -29.3029 -30.7729 16 3029.88 152.459 169 0.000787021
2800 0.108843 0.10478 0.00406332 0 0.962668 180.854 171.591 9.26353 0 -29.419 -31.2192 16 3141.88 155.251 176 0.000595338
2900 0.107673 0.101697 0.00597603 0 0.944498 191.468 181.76 9.7077 0 -29.4824 -30.5619 16 3237.88 157.605 182 0.000558774
3000 0.124137 0.118545 0.00559209 0 0.954952 203.821 193.615 10.2066 0 -29.487 -29.5584 16 3333.88 159.925 188 0.000630561
3100 0.125383 0.120302 0.0050806 0 0.959479 216.409 205.645 10.7644 0 -29.528 -30.1913 16 3429.88 162.211 194 0.000620115
3200 0.134573 0.128404 0.00616986 0 0.954152 229.889 218.485 11.4033 0 -29.5326 -29.6075 16 3541.88 164.838 201 0.000638824
3300 0.103389 0.099163 0.00422615 0 0.959124 240.268 228.402 11.8662 0 -29.5797 -30.6221 16 3637.88 167.057 207 0.000479048
3400 0.0923945 0.0893274 0.0030671 0 0.966804 249.552 237.334 12.2176 0 -29.6426 -31.271 16 3733.88 169.247 213 0.000419378
3500 0.0954725 0.0895848 0.00588778 0 0.93833 258.879 246.293 12.5856 0 -29.6813 -30.7165 16 3829.88 171.409 219 0.000409063
3600 0.103742 0.100095 0.00364762 0 0.96484 269.4 256.302 13.0975 0 -29.7594 -31.682 16 3941.88 173.897 226 0.000442898
3700 0.0856005 0.0819829 0.00361764 0 0.957738 277.92 264.501 13.419 0 -29.8117 -31.463 16 4037.88 176.002 232 0.000353374
3800 0.0866603 0.0837297 0.00293058 0 0.966183 286.632 272.874 13.7585 0 -29.8779 -31.9906 16 4133.88 178.082 238 0.000351805
3900 0.0905236 0.0875914 0.00293222 0 0.967608 295.785 281.633 14.1523 0 -29.9306 -31.5821 16 4229.88 180.138 244 0.000358981
4000 0.0984085 0.0931971 0.00521141 0 0.947043 305.513 290.953 14.56 0 -29.9621 -30.9187 16 4341.88 182.507 251 0.000371303
4100 0.0867559 0.0830966 0.00365931 0 0.957821 314.277 299.262 15.0152 0 -30.0069 -31.5668 16 4437.88 184.513 257 0.000323333
4200 0.0841486 0.078817 0.0053316 0 0.936641 322.507 307.144 15.3628 0 -30.0384 -31.2427 16 4533.88 186.498 263 0.000299685
4300 0.0930508 0.0893217 0.00372914 0 0.959924 331.879 316.076 15.8034 0 -30.087 -31.7592 16 4629.88 188.463 269 0.000332051
4400 0.105402 0.100142 0.00525974 0 0.950098 342.38 326.09 16.2895 0 -30.1334 -31.6011 16 4741.88 190.728 276 0.000362833
4500 0.117344 0.111191 0.00615246 0 0.947569 354.113 337.209 16.9033 0 -30.148 -30.5745 16 4837.88 192.649 282 0.000394296
4600 0.101766 0.0970058 0.00476037 0 0.953222 364.335 346.91 17.4249 0 -30.1625 -30.6631 16 4933.88 194.551 288 0.000336826
4700 0.121317 0.116716 0.00460126 0 0.962072 376.56 358.582 17.9789 0 -30.2199 -31.9321 16 5029.88 196.435 294 0.000396993
4800 0.0976103 0.0933595 0.00425083 0 0.956451 386.35 367.918 18.4322 0 -30.2541 -31.5675 16 5141.88 198.61 301 0.000310164
4900 0.105486 0.101151 0.00433444 0 0.95891 396.951 378.033 18.9179 0 -30.2873 -31.4989 16 5237.88 200.455 307 0.000329484
5000 0.119454 0.114727 0.00472727 0 0.960426 408.904 389.505 19.3983 0 -30.2628 -29.4472 16 5333.88 202.284 313 0.000366539
5100 0.134191 0.128031 0.00616013 0 0.954094 422.292 402.308 19.9833 0 -30.2235 -29.0227 16 5429.88 204.096 319 0.00040135
5200 0.129938 0.124783 0.00515484 0 0.960329 435.413 414.787 20.6264 0 -30.2198 -30.1037 16 5541.88 206.191 326 0.000382771
5300 0.104098 0.0995425 0.00455531 0 0.95624 445.869 424.741 21.1282 0 -30.2337 -30.809 16 5637.88 207.969 332 0.000299827
5400 0.0914204 0.0883958 0.00302463 0 0.966915 455.085 433.581 21.5041 0 -30.2598 -31.5266 16 5733.88 209.732 338 0.000261526
5500 0.0955695 0.09139 0.00417947 0 0.956268 464.573 442.72 21.853 0 -30.265 -30.5142 16 5829.88 211.48 344 0.000265669
5600 0.11128 0.107386 0.00389412 0 0.965006 475.666 453.458 22.2074 0 -30.2605 -30.0706 16 5941.88 213.502 351 0.000305944
5700 0.122847 0.118217 0.00463009 0 0.96231 487.988 465.28 22.7084 0 -30.274 -30.7951 16 6037.88 215.22 357 0.00033114
5800 0.113052 0.109251 0.00380135 0 0.966375 499.328 476.205 23.1233 0 -30.2847 -30.7468 16 6133.88 216.924 363 0.000300966
5900 0.102485 0.0991354 0.00334989 0 0.967313 509.625 486.119 23.5063 0 -30.3122 -31.6417 16 6229.88 218.615 369 0.00026866
6000 0.0902526 0.0881857 0.00206699 0 0.977098 518.749 494.937 23.8122 0 -30.3512 -32.5306 16 6341.88 220.571 376 0.000234536
6100 0.115441 0.11211 0.00333139 0 0.971142 530.309 506.148 24.1608 0 -30.3962 -32.4161 16 6437.88 222.235 382 0.000293482
6200 0.113187 0.109559 0.00362804 0 0.967946 541.645 517.104 24.5407 0 -30.414 -31.2474 16 6533.88 223.885 388 0.000282368
6300 0.100742 0.0977526 0.00298912 0 0.970329 551.74 526.879 24.8611 0 -30.4323 -31.4154 16 6629.88 225.524 394 0.000248103
6400 0.119779 0.116259 0.00352063 0 0.970607 563.741 538.505 25.2359 0 -30.4336 -30.4908 16 6741.88 227.421 401 0.000289922
6500 0.127389 0.12232 0.00506851 0 0.960212 576.404 550.737 25.6667 0 -30.413 -29.4969 16 6837.88 229.034 407 0.000300541
6600 0.10063 0.0974182 0.00321226 0 0.968079 586.535 560.479 26.0557 0 -30.4231 -30.9952 16 6933.88 230.637 413 0.000235879
6700 0.100353 0.0967554 0.00359722 0 0.964154 596.539 570.154 26.3848 0 -30.4442 -31.6861 16 7029.88 232.228 419 0.00023092
6800 0.112417 0.109165 0.00325202 0 0.971072 607.803 581.071 26.7324 0 -30.4679 -31.7197 16 7141.88 234.07 426 0.000256256
6900 0.125052 0.120062 0.0049903 0 0.960094 620.329 593.077 27.2522 0 -30.4842 -31.2761 16 7237.88 235.638 432 0.00027792
7000 0.115814 0.110095 0.00571916 0 0.950618 631.809 604.087 27.7225 0 -30.5015 -31.436 16 7333.88 237.196 438 0.000251358
7100 0.111829 0.107207 0.00462124 0 0.958676 643.021 614.807 28.2131 0 -30.5179 -31.4438 16 7429.88 238.743 444 0.000241458
7200 0.0945544 0.0911929 0.00336148 0 0.964449 652.558 623.927 28.6313 0 -30.5435 -32.2663 16 7541.88 240.536 451 0.000202202
7300 0.0970027 0.093834 0.0031687 0 0.967334 662.297 633.31 28.987 0 -30.5753 -32.7057 16 7637.88 242.062 457 0.000205326
7400 0.111307 0.106307 0.00500042 0 0.955075 673.344 643.941 29.4029 0 -30.5887 -31.3923 16 7733.88 243.578 463 0.000229604
7500 0.113491 0.109545 0.00394567 0 0.965234 684.776 654.895 29.8803 0 -30.6196 -32.4408 16 7829.88 245.086 469 0.000233571
7600 0.0956788 0.0924429 0.00323585 0 0.96618 694.383 664.14 30.2439 0 -30.647 -32.6001 16 7941.88 246.832 476 0.000194208
7700 0.100413 0.0966107 0.00380251 0 0.962131 704.421 673.801 30.62 0 -30.6664 -32.0089 16 8037.88 248.32 482 0.000200437
7800 0.0994256 0.0961728 0.00325283 0 0.967284 714.411 683.418 30.9932 0 -30.6813 -31.73 16 8133.88 249.798 488 0.000197075
7900 0.101031 0.0968446 0.00418642 0 0.958563 724.515 693.102 31.4127 0 -30.6931 -31.5313 16 8229.88 251.268 494 0.000196042
8000 0.0900055 0.0872147 0.0027908 0 0.968993 733.588 701.824 31.7642 0 -30.7135 -32.3417 16 8341.88 252.972 501 0.000174081
8100 0.097499 0.0942323 0.00326674 0 0.966495 743.402 711.247 32.1548 0 -30.7333 -32.2138 16 8437.88 254.423 507 0.000185862
8200 0.0859805 0.0836681 0.00231242 0 0.973105 752.042 719.614 32.4281 0 -30.7605 -33.0971 16 8533.88 255.866 513 0.000163096
8300 0.0810146 0.0790405 0.00197403 0 0.975634 760.153 727.518 32.6355 0 -30.7905 -33.5762 16 8629.88 257.302 519 0.000152294
8400 0.103887 0.100746 0.00314164 0 0.969759 770.534 737.592 32.9413 0 -30.7952 -31.1378 16 8741.88 258.966 526 0.000191532
8500 0.106209 0.102928 0.00328106 0 0.969108 781.201 747.885 33.3161 0 -30.7992 -31.0873 16 8837.88 260.384 532 0.000193473
8600 0.095213 0.0923402 0.00287287 0 0.969827 790.737 757.119 33.6179 0 -30.8094 -31.6444 16 8933.88 261.794 538 0.000171636
8700 0.139872 0.134075 0.0057967 0 0.958557 804.653 770.527 34.1262 0 -30.8146 -31.1138 16 9029.88 263.197 544 0.000246462
8800 0.114107 0.11017 0.00393728 0 0.965495 816.137 781.544 34.5936 0 -30.8216 -31.3066 16 9141.88 264.824 551 0.000199946
8900 0.118741 0.114823 0.00391733 0 0.967009 828.071 793.026 35.045 0 -30.846 -32.5146 16 9237.88 266.211 557 0.000206146
9000 0.129285 0.123463 0.00582177 0 0.954969 840.956 805.372 35.5838 0 -30.8614 -31.8533 16 9333.88 267.591 563 0.000219295
9100 0.118955 0.11414 0.00481439 0 0.959528 852.896 816.787 36.1099 0 -30.8754 -31.8628 16 9429.88 268.963 569 0.000200598
9200 0.11476 0.109834 0.00492621 0 0.957074 864.37 827.77 36.6005 0 -30.8851 -31.6046 16 9541.88 270.556 576 0.000190683
9300 0.122304 0.117614 0.00469004 0 0.961653 876.592 839.531 37.0608 0 -30.8802 -30.5348 16 9637.88 271.914 582 0.000202085
9400 0.116446 0.112327 0.00411849 0 0.964632 888.248 850.764 37.4844 0 -30.8865 -31.356 16 9733.88 273.264 588 0.000191033
9500 0.0999146 0.096314 0.00360052 0 0.963964 898.24 860.395 37.8445 0 -30.8993 -32.0416 16 9829.88 274.609 594 0.000162145
9600 0.0918053 0.0895004 0.00230489 0 0.974894 907.475 869.345 38.1296 0 -30.9191 -32.8476 16 9941.88 276.169 601 0.000148919
9700 0.0875108 0.0851301 0.00238069 0 0.972795 916.257 877.858 38.3984 0 -30.9366 -32.7447 16 10037.9 277.499 607 0.000140247
9800 0.0838553 0.0817553 0.00209995 0 0.974957 924.649 886.034 38.6155 0 -30.9567 -33.1457 16 10133.9 278.823 613 0.000133369
9900 0.0839057 0.0821419 0.00176376 0 0.978979 933.063 894.248 38.8149 0 -30.9788 -33.413 16 10229.9 280.14 619 0.000132701
10000 0.0943495 0.0919401 0.00240947 0 0.974462 942.503 903.442 39.0607 0 -30.9975 -32.8474 16 10341.9 281.67 626 0.000146869
10100 0.124377 0.1212 0.00317726 0 0.974455 955.021 915.562 39.4589 0 -31.0063 -31.6654 16 10437.9 282.974 632 0.000191771
10200 0.108359 0.105009 0.0033497 0 0.969087 965.863 926.063 39.8 0 -31.0148 -31.7614 16 10533.9 284.272 638 0.000164591
10300 0.106989 0.102738 0.00425099 0 0.960267 976.525 936.337 40.1886 0 -31.0199 -31.4833 16 10629.9 285.565 644 0.000159532
10400 0.118792 0.11409 0.0047025 0 0.960414 988.427 947.746 40.6817 0 -31.0205 -31.0699 16 10741.9 287.065 651 0.000175253
10500 0.108392 0.103565 0.00482714 0 0.955466 999.233 958.102 41.1305 0 -31.0235 -31.2993 16 10837.9 288.345 657 0.000157633
10600 0.093798 0.0913836 0.00241449 0 0.974259 1008.69 967.241 41.4465 0 -31.0392 -32.6935 16 10933.9 289.619 663 0.000137833
10700 0.105864 0.102634 0.00322978 0 0.969491 1019.21 977.504 41.71 0 -31.0463 -31.7331 16 11029.9 290.888 669 0.000153414
10800 0.116821 0.113217 0.00360376 0 0.969151 1030.9 988.826 42.0724 0 -31.0524 -31.5858 16 11141.9 292.361 676 0.000167481
10900 0.11328 0.109396 0.00388365 0 0.965716 1042.2 999.765 42.4312 0 -31.056 -31.3847 16 11237.9 293.618 682 0.000160405
11000 0.121548 0.117643 0.00390512 0 0.967872 1054.36 1011.53 42.8329 0 -31.0614 -31.5209 16 11333.9 294.869 688 0.000170993
11100 0.114188 0.110723 0.00346431 0 0.969661 1065.85 1022.6 43.2437 0 -31.0688 -31.7433 16 11429.9 296.115 694 0.000159544
11200 0.0959138 0.0932529 0.00266095 0 0.972257 1075.47 1031.93 43.5475 0 -31.0816 -32.4986 16 11541.9 297.563 701 0.000133028
11300 0.10126 0.0971266 0.00413311 0 0.959183 1085.54 1041.64 43.8997 0 -31.0857 -31.5273 16 11637.9 298.798 707 0.000137378
11400 0.106871 0.101959 0.00491192 0 0.954039 1096.1 1051.84 44.2674 0 -31.0901 -31.5435 16 11733.9 300.027 713 0.000143
11500 0.125502 0.120598 0.00490339 0 0.96093 1108.59 1063.9 44.6896 0 -31.0872 -30.8365 16 11829.9 301.252 719 0.000167731
11600 0.131893 0.126277 0.00561617 0 0.957419 1121.76 1076.52 45.2368 0 -31.0905 -31.3645 16 11941.9 302.675 726 0.000173935
11700 0.137061 0.131545 0.00551654 0 0.959751 1135.52 1089.68 45.8398 0 -31.0887 -30.9406 16 12037.9 303.889 732 0.000179706
11800 0.110469 0.105477 0.00499212 0 0.95481 1146.53 1100.23 46.3068 0 -31.0953 -31.7752 16 12133.9 305.098 738 0.000142922
11900 0.124885 0.119974 0.0049111 0 0.960675 1159.12 1112.22 46.897 0 -31.0954 -31.1055 16 12229.9 306.303 744 0.000161255
12000 0.106331 0.102202 0.00412863 0 0.961172 1169.75 1122.44 47.3039 0 -31.1022 -31.8403 16 12341.9 307.702 751 0.000136088
12100 0.102661 0.0988691 0.00379233 0 0.96306 1180.02 1132.33 47.6854 0 -31.1111 -32.134 16 12437.9 308.897 757 0.000130607
12200 0.0934613 0.0896936 0.00376776 0 0.959686 1189.29 1141.3 47.994 0 -31.1202 -32.2729 16 12533.9 310.087 763 0.000117554
12300 0.116117 0.112069 0.00404844 0 0.965135 1200.96 1152.51 48.4508 0 -31.1183 -30.9236 16 12629.9 311.272 769 0.000145733
12400 0.102577 0.0992149 0.00336205 0 0.967224 1211.24 1162.43 48.8126 0 -31.1218 -31.5278 16 12741.9 312.649 776 0.000127854
12500 0.106264 0.102538 0.00372655 0 0.964931 1221.86 1172.68 49.1746 0 -31.1243 -31.4096 16 12837.9 313.824 782 0.000131122
12600 0.0975844 0.094056 0.00352839 0 0.963843 1231.58 1182.09 49.4916 0 -31.1284 -31.6504 16 12933.9 314.996 788 0.00011936
12700 0.0926783 0.0894416 0.00323671 0 0.965076 1240.83 1191.03 49.8009 0 -31.1351 -32.02 16 13029.9 316.162 794 0.000112647
12800 0.0984202 0.0952314 0.00318887 0 0.967599 1250.69 1200.55 50.1326 0 -31.1451 -32.4032 16 13141.9 317.518 801 0.000118891
12900 0.132995 0.124644 0.00835105 0 0.937208 1263.68 1213.02 50.6659 0 -31.1374 -30.3961 16 13237.9 318.676 807 0.000154454
13000 0.117491 0.112525 0.0049659 0 0.957734 1275.51 1224.27 51.2398 0 -31.1433 -31.773 16 13333.9 319.829 813 0.000138407
13100 0.0969545 0.0933198 0.0036347 0 0.962511 1285.27 1233.6 51.6709 0 -31.1528 -32.3991 16 13429.9 320.979 819 0.000113944
13200 0.0920271 0.088912 0.00311515 0 0.96615 1294.52 1242.49 52.0246 0 -31.167 -33.1372 16 13541.9 322.314 826 0.000107642
13300 0.115206 0.108438 0.00676712 0 0.94126 1305.79 1253.34 52.4543 0 -31.1679 -31.2767 16 13637.9 323.455 832 0.000130335
13400 0.118798 0.114831 0.00396722 0 0.966605 1317.76 1264.82 52.9425 0 -31.1756 -32.0099 16 13733.9 324.591 838 0.000137029
13500 0.0957589 0.0925287 0.00323018 0 0.966268 1327.35 1274.07 53.2735 0 -31.1868 -32.7291 16 13829.9 325.724 844 0.000109631
13600 0.102479 0.0989684 0.00351071 0 0.965742 1337.62 1283.97 53.652 0 -31.1965 -32.4562 16 13941.9 327.04 851 0.000116297
13700 0.0925064 0.0893806 0.0031258 0 0.96621 1346.89 1292.91 53.9815 0 -31.2074 -32.7732 16 14037.9 328.164 857 0.000104295
13800 0.0892955 0.0870872 0.00220837 0 0.975269 1355.86 1301.62 54.2461 0 -31.2184 -32.8703 16 14133.9 329.284 863 0.000100912
13900 0.0926978 0.0903148 0.00238307 0 0.974292 1365.14 1310.65 54.4912 0 -31.2309 -33.0652 16 14229.9 330.401 869 0.00010393
14000 0.116978 0.113419 0.00355851 0 0.96958 1376.86 1321.99 54.8726 0 -31.2464 -33.0508 16 14341.9 331.698 876 0.000129474
14100 0.112485 0.108864 0.00362081 0 0.967811 1388.12 1332.88 55.2389 0 -31.2567 -32.5136 16 14437.9 332.807 882 0.000123428
14200 0.104328 0.100318 0.00400959 0 0.961567 1398.53 1342.91 55.6201 0 -31.2635 -32.1715 16 14533.9 333.911 888 0.000112971
14300 0.104139 0.100228 0.00391106 0 0.962444 1408.97 1352.93 56.036 0 -31.2716 -32.3583 16 14629.9 335.012 894 0.000112111
14400 0.10834 0.104233 0.00410715 0 0.96209 1419.81 1363.36 56.4514 0 -31.2717 -31.2869 16 14741.9 336.292 901 0.000115686
14500 0.115501 0.111647 0.0038541 0 0.966632 1431.38 1374.52 56.8632 0 -31.2698 -31.0335 16 14837.9 337.385 907 0.000123095
14600 0.104481 0.100278 0.00420341 0 0.959769 1441.77 1384.55 57.2255 0 -31.2733 -31.7596 16 14933.9 338.475 913 0.000109833
14700 0.100257 0.0965916 0.0036649 0 0.963445 1451.81 1394.21 57.6021 0 -31.2807 -32.3424 16 15029.9 339.561 919 0.000105105
14800 0.101555 0.0992002 0.00235494 0 0.976811 1462.03 1404.13 57.9056 0 -31.285 -31.8874 16 15141.9 340.824 926 0.000107128
14900 0.121749 0.115343 0.00640637 0 0.947381 1473.9 1415.66 58.2374 0 -31.288 -31.6632 16 15237.9 341.903 932 0.000123758
15000 0.1298 0.125256 0.00454422 0 0.964991 1486.89 1428.19 58.7033 0 -31.2971 -32.3308 16 15333.9 342.978 938 0.000133535
15100 0.119432 0.115302 0.00412978 0 0.965421 1498.92 1439.72 59.2033 0 -31.2982 -31.426 16 15429.9 344.05 944 0.000122142
15200 0.134292 0.128071 0.00622093 0 0.953676 1512.33 1452.52 59.805 0 -31.3044 -31.9998 16 15541.9 345.296 951 0.00013467
15300 0.109909 0.105538 0.00437112 0 0.96023 1523.4 1463.08 60.3172 0 -31.3129 -32.4733 16 15637.9 346.361 957 0.00011028
15400 0.10138 0.0961478 0.00523227 0 0.94839 1533.42 1472.69 60.7253 0 -31.3211 -32.5714 16 15733.9 347.423 963 9.9842e-05
15500 0.0960385 0.0926598 0.00337877 0 0.964819 1543.05 1481.96 61.0883 0 -31.3304 -32.8169 16 15829.9 348.481 969 9.56241e-05
15600 0.122046 0.117644 0.0044016 0 0.963935 1555.24 1493.72 61.5141 0 -31.3365 -32.1078 16 15941.9 349.711 976 0.000120537
15700 0.107006 0.103191 0.00381529 0 0.964345 1566 1504.04 61.9535 0 -31.3419 -32.1189 16 16037.9 350.763 982 0.000105083
15800 0.0938133 0.0911073 0.00270602 0 0.971155 1575.4 1513.15 62.248 0 -31.3521 -33.0464 16 16133.9 351.811 988 9.22139e-05
15900 0.0881706 0.0857223 0.0024483 0 0.972232 1584.23 1521.73 62.5016 0 -31.3632 -33.3427 16 16229.9 352.856 994 8.62397e-05
16000 0.0902753 0.0878276 0.00244777 0 0.972886 1593.26 1530.51 62.7545 0 -31.3708 -32.7144 16 16341.9 354.072 1001 8.77398e-05
16100 0.113677 0.108755 0.00492224 0 0.9567 1604.46 1541.38 63.0742 0 -31.3619 -30.0945 16 16437.9 355.11 1007 0.000107999
16200 0.111594 0.108473 0.00312194 0 0.972024 1615.68 1552.23 63.4489 0 -31.3652 -31.832 16 16533.9 356.146 1013 0.00010708
16300 0.122967 0.119491 0.00347655 0 0.971728 1628.06 1564.18 63.8774 0 -31.3698 -31.9701 16 16629.9 357.178 1019 0.000117263
16400 0.115465 0.111907 0.00355722 0 0.969192 1639.68 1575.37 64.3057 0 -31.3668 -30.9503 16 16741.9 358.379 1026 0.000109071
16500 0.0987965 0.0955406 0.00325588 0 0.967045 1649.58 1584.92 64.658 0 -31.37 -31.8972 16 16837.9 359.405 1032 9.25781e-05
16600 0.116341 0.111271 0.00506994 0 0.956422 1661.19 1596.05 65.1365 0 -31.3673 -30.9835 16 16933.9 360.428 1038 0.000107198
16700 0.13105 0.125602 0.00544794 0 0.958429 1674.33 1608.61 65.7222 0 -31.3643 -30.9843 16 17029.9 361.448 1044 0.000120309
16800 0.111961 0.108059 0.0039017 0 0.965151 1685.62 1619.42 66.205 0 -31.3644 -31.3769 16 17141.9 362.635 1051 0.000102816
16900 0.122423 0.117527 0.00489592 0 0.960008 1697.87 1631.17 66.7014 0 -31.3578 -30.4467 16 17237.9 363.649 1057 0.000111189
17000 0.104844 0.101118 0.00372569 0 0.964464 1708.43 1641.28 67.1517 0 -31.3616 -31.9787 16 17333.9 364.66 1063 9.5125e-05
17100 0.0961443 0.0930704 0.00307391 0 0.968028 1718.06 1650.59 67.4695 0 -31.3666 -32.2613 16 17429.9 365.668 1069 8.7063e-05
17200 0.0985232 0.095783 0.00274023 0 0.972187 1727.91 1660.17 67.7385 0 -31.3726 -32.415 16 17541.9 366.841 1076 8.90177e-05
17300 0.109322 0.105253 0.00406909 0 0.962779 1738.8 1670.69 68.1096 0 -31.3773 -32.1134 16 17637.9 367.844 1082 9.72763e-05
17400 0.153001 0.147178 0.00582229 0 0.961946 1754.09 1685.41 68.6764 0 -31.3767 -31.313 16 17733.9 368.843 1088 0.000135274
17500 0.12948 0.124533 0.00494732 0 0.961791 1767.13 1697.86 69.2678 0 -31.3812 -31.983 16 17829.9 369.84 1094 0.000113832
17600 0.13245 0.12734 0.00511077 0 0.961414 1780.46 1710.6 69.8634 0 -31.3857 -31.986 16 17941.9 371 1101 0.000115658
17700 0.109012 0.104766 0.00424651 0 0.961046 1791.42 1721.07 70.3483 0 -31.3918 -32.3889 16 18037.9 371.991 1107 9.46394e-05
17800 0.109828 0.105435 0.00439283 0 0.960003 1802.37 1731.62 70.7534 0 -31.395 -31.9179 16 18133.9 372.98 1113 9.47305e-05
17900 0.124712 0.120512 0.00419945 0 0.966327 1814.88 1743.67 71.2058 0 -31.3891 -30.5264 16 18229.9 373.966 1119 0.000107697
18000 0.100867 0.0982584 0.00260835 0 0.974141 1825.05 1753.5 71.5495 0 -31.3929 -32.0782 16 18341.9 375.113 1126 8.72632e-05
18100 0.0991593 0.0964274 0.00273185 0 0.97245 1834.95 1763.14 71.8083 0 -31.3956 -31.9015 16 18437.9 376.093 1132 8.51832e-05
18200 0.0930335 0.0912248 0.00180874 0 0.980558 1844.3 1772.26 72.0396 0 -31.403 -32.8468 16 18533.9 377.071 1138 8.01624e-05
18300 0.127747 0.124919 0.00282776 0 0.977864 1857.1 1784.75 72.3457 0 -31.4109 -32.5555 16 18629.9 378.046 1144 0.000109195
18400 0.115204 0.111429 0.00377504 0 0.967232 1868.6 1795.9 72.7 0 -31.414 -31.9133 16 18741.9 379.181 1151 9.68107e-05
18500 0.129425 0.12484 0.00458514 0 0.964573 1881.57 1808.38 73.1884 0 -31.4189 -32.1248 16 18837.9 380.151 1157 0.000107899
18600 0.115201 0.111195 0.0040068 0 0.965219 1893.15 1819.5 73.6554 0 -31.4225 -32.0016 16 18933.9 381.118 1163 9.56102e-05
18700 0.131368 0.12666 0.00470729 0 0.964167 1906.31 1832.17 74.1462 0 -31.4131 -30.0564 16 19029.9 382.083 1169 0.000108349
18800 0.114721 0.111518 0.00320264 0 0.972083 1917.88 1843.32 74.5619 0 -31.4138 -31.5398 16 19141.9 383.206 1176 9.48283e-05
18900 0.105694 0.102509 0.00318508 0 0.969865 1928.45 1853.57 74.8847 0 -31.4152 -31.6663 16 19237.9 384.166 1182 8.67253e-05
19000 0.105975 0.103099 0.00287672 0 0.972855 1939.04 1863.88 75.1642 0 -31.4165 -31.6456 16 19333.9 385.123 1188 8.67834e-05
19100 0.121005 0.116522 0.00448386 0 0.962945 1951.04 1875.53 75.5139 0 -31.4183 -31.7148 16 19429.9 386.078 1194 9.75893e-05
19200 0.151984 0.146742 0.00524151 0 0.965513 1966.21 1890.2 76.0057 0 -31.4133 -30.7707 16 19541.9 387.189 1201 0.000122183
19300 0.166845 0.161223 0.00562135 0 0.966308 1982.94 1906.33 76.6156 0 -31.4133 -31.4167 16 19637.9 388.139 1207 0.000133574
19400 0.128275 0.124727 0.0035478 0 0.972342 1995.85 1918.8 77.0468 0 -31.418 -32.1279 16 19733.9 389.087 1213 0.000102825
19500 0.115196 0.112498 0.0026976 0 0.976583 2007.43 1930.05 77.3821 0 -31.4255 -32.7172 16 19829.9 390.032 1219 9.22875e-05
19600 0.106646 0.104799 0.00184744 0 0.982677 2018.17 1940.53 77.6412 0 -31.4354 -33.2915 16 19941.9 391.132 1226 8.54802e-05
19700 0.100642 0.09882 0.00182217 0 0.981895 2028.23 1950.41 77.816 0 -31.4445 -33.273 16 20037.9 392.072 1232 8.0211e-05
19800 0.106637 0.104397 0.00224059 0 0.978989 2038.85 1960.85 78.0002 0 -31.4546 -33.3821 16 20133.9 393.01 1238 8.43268e-05
19900 0.0952252 0.0939721 0.00125304 0 0.986841 2048.41 1970.25 78.166 0 -31.4659 -33.8738 16 20229.9 393.946 1244 7.55403e-05
20000 0.0909979 0.0899333 0.00106456 0 0.988301 2057.56 1979.24 78.32 0 -31.476 -33.7406 16 20341.9 395.035 1251 7.18891e-05
