100 0.0222239 0.0173902 0.00483378 0 0.782497 1.85751 1.73902 0.118492 0 -25.1486 -25.1486 16 437.882 57.9587 7 0.00248431
200 0.0299327 0.0273605 0.00257225 0 0.914065 4.89358 4.47506 0.418523 0 -26.6018 -27.4909 16 533.882 63.9974 13 0.00210465
300 0.0476838 0.042222 0.00546178 0 0.885458 9.44496 8.69726 0.7477 0 -25.5496 -24.4183 16 629.882 69.5136 19 0.00222221
400 0.0692576 0.0647812 0.00447642 0 0.935366 16.4458 15.1754 1.27038 0 -25.8543 -26.2655 16 741.882 75.441 26 0.00249159
500 0.0584095 0.0517868 0.00662276 0 0.886615 22.0786 20.3541 1.72457 0 -25.8658 -25.8994 16 837.882 80.1736 32 0.00161834
600 0.0694026 0.0653977 0.00400494 0 0.942294 29.0969 26.8938 2.20308 0 -26.4419 -28.2542 16 933.882 84.642 38 0.00172099
700 0.131613 0.123312 0.00830033 0 0.936934 42.0678 39.2251 2.84274 0 -26.5188 -26.6913 16 1029.88 88.8861 44 0.00280255
800 0.115056 0.108253 0.00680336 0 0.940869 53.6065 50.0503 3.5562 0 -26.7927 -27.7913 16 1141.88 93.5946 51 0.0021226
900 0.0951519 0.0892127 0.00593927 0 0.937581 63.1996 58.9716 4.22798 0 -26.9645 -27.9246 16 1237.88 97.4495 57 0.00156513
1000 0.0793553 0.0752888 0.00406655 0 0.948755 71.2489 66.5005 4.74839 0 -27.2291 -29.3062 16 1333.88 101.158 63 0.00119506
1100 0.071967 0.0679342 0.00403287 0 0.943962 78.4519 73.2939 5.158 0 -27.3943 -29.0287 16 1429.88 104.735 69 0.000984553
1200 0.0649209 0.0618112 0.00310974 0 0.9521 84.9756 79.475 5.50059 0 -27.5448 -29.3543 16 1541.88 108.759 76 0.000813305
1300 0.0713227 0.0671387 0.00418402 0 0.941337 92.0532 86.1889 5.86436 0 -27.6317 -28.6751 16 1637.88 112.094 82 0.000818764
1400 0.0686152 0.0660672 0.00254795 0 0.962866 99.0163 92.7956 6.22071 0 -27.7513 -29.3323 16 1733.88 115.332 88 0.000750764
1500 0.0666642 0.0637295 0.00293473 0 0.955977 105.702 99.1686 6.53369 0 -27.8216 -28.863 16 1829.88 118.482 94 0.000677974
1600 0.0564956 0.0537715 0.00272407 0 0.951783 111.345 104.546 6.79885 0 -27.9262 -29.8853 16 1941.88 122.054 101 0.000532391
1700 0.0772565 0.07343 0.00382644 0 0.950471 118.971 111.889 7.08212 0 -28.0029 -29.123 16 2037.88 125.034 107 0.000686262
1800 0.0739124 0.0710414 0.00287102 0 0.961156 126.374 118.993 7.38099 0 -28.0436 -28.6986 16 2133.88 127.946 113 0.000628685
1900 0.067196 0.0646653 0.00253064 0 0.962339 133.112 125.459 7.65286 0 -28.1065 -29.286 16 2229.88 130.792 119 0.000543406
2000 0.0684002 0.0653667 0.00303355 0 0.95565 139.933 131.996 7.9367 0 -28.1581 -29.1648 16 2341.88 134.036 126 0.000518783
2100 0.0620097 0.0597215 0.0022882 0 0.963099 146.189 137.968 8.2204 0 -28.2418 -30.1134 16 2437.88 136.756 132 0.000452435
2200 0.0771391 0.0743639 0.00277519 0 0.964024 153.921 145.405 8.51629 0 -28.3338 -30.0734 16 2533.88 139.423 138 0.000538869
2300 0.0772558 0.0737403 0.0035155 0 0.954495 161.616 152.779 8.83713 0 -28.4029 -29.7851 16 2629.88 142.039 144 0.000512086
2400 0.0835846 0.0805019 0.00308269 0 0.963119 170.018 160.829 9.18898 0 -28.4155 -28.659 16 2741.88 145.032 151 0.000533125
2500 0.0741023 0.0712617 0.00284058 0 0.961667 177.488 167.955 9.53301 0 -28.4503 -29.2407 16 2837.88 147.549 157 0.000453896
2600 0.0770167 0.0720835 0.00493319 0 0.935947 185.015 175.163 9.85137 0 -28.475 -29.0573 16 2933.88 150.024 163 0.00044223
2700 0.0890076 0.0854278 0.00357979 0 0.959781 194.015 183.706 10.3087 0 -28.5619 -30.3485 16 3029.88 152.459 169 0.00050549
2800 0.091392 0.087161 0.00423097 0 0.953705 203.196 192.422 10.7742 0 -28.5857 -29.0896 16 3141.88 155.251 176 0.000495233
2900 0.0754609 0.0720166 0.00344428 0 0.954357 210.774 199.624 11.1506 0 -28.6386 -30.0575 16 3237.88 157.605 182 0.000395696
3000 0.0902486 0.0843126 0.00593605 0 0.934226 219.614 208.055 11.5587 0 -28.7023 -30.2209 16 3333.88 159.925 188 0.000448471
3100 0.0848119 0.0819896 0.00282223 0 0.966724 228.26 216.254 12.0061 0 -28.7957 -31.167 16 3429.88 162.211 194 0.000422627
3200 0.0808499 0.0777205 0.00312938 0 0.961294 236.365 224.026 12.3393 0 -28.8745 -31.0931 16 3541.88 164.838 201 0.000386669
3300 0.0792651 0.0753599 0.00390523 0 0.950732 244.269 231.562 12.7066 0 -28.9494 -31.1908 16 3637.88 167.057 207 0.000364058
3400 0.0700646 0.067448 0.00261658 0 0.962655 251.295 238.307 12.9876 0 -29.0152 -31.3027 16 3733.88 169.247 213 0.000316657
3500 0.086354 0.0836297 0.0027243 0 0.968452 259.989 246.67 13.3193 0 -29.0598 -30.3483 16 3829.88 171.409 219 0.000381871
3600 0.0870418 0.0824512 0.00459055 0 0.94726 268.59 254.915 13.6746 0 -29.0935 -30.1141 16 3941.88 173.897 226 0.000364828
3700 0.116699 0.110141 0.00655747 0 0.943809 280.104 265.929 14.1748 0 -29.0477 -27.9775 16 4037.88 176.002 232 0.000474746
3800 0.106453 0.102571 0.00388119 0 0.963541 290.815 276.186 14.6284 0 -29.0248 -28.4255 16 4133.88 178.082 238 0.000430972
3900 0.0934822 0.0908509 0.00263129 0 0.971853 300.27 285.271 14.9985 0 -29.0423 -29.5833 16 4229.88 180.138 244 0.00037234
4000 0.0802482 0.0783526 0.00189561 0 0.976378 308.349 293.107 15.2422 0 -29.0881 -30.7877 16 4341.88 182.507 251 0.000312162
4100 0.0748816 0.0722747 0.0026069 0 0.965186 315.798 300.334 15.4643 0 -29.1166 -30.2991 16 4437.88 184.513 257 0.000281224
4200 0.104729 0.0996472 0.0050816 0 0.951478 326.155 310.299 15.856 0 -29.105 -28.7516 16 4533.88 186.498 263 0.000378887
4300 0.0864314 0.0825147 0.00391662 0 0.954685 334.821 318.55 16.271 0 -29.1208 -29.7149 16 4629.88 188.463 269 0.000306746
4400 0.0739687 0.0707912 0.00317746 0 0.957043 342.265 325.629 16.6353 0 -29.1489 -30.411 16 4741.88 190.728 276 0.00025649
4500 0.0677201 0.0652323 0.00248784 0 0.963263 349.044 332.153 16.8918 0 -29.1885 -31.1905 16 4837.88 192.649 282 0.00023132
4600 0.0696397 0.0674783 0.00216143 0 0.968963 356.051 338.9 17.1504 0 -29.2405 -31.8294 16 4933.88 194.551 288 0.000234299
4700 0.0596662 0.0579375 0.00172866 0 0.971028 362.021 344.694 17.327 0 -29.2818 -31.7467 16 5029.88 196.435 294 0.000197066
4800 0.0701118 0.0679659 0.00214588 0 0.969393 369.049 351.491 17.5581 0 -29.32 -31.2858 16 5141.88 198.61 301 0.0002258
4900 0.081707 0.0785941 0.0031129 0 0.961902 377.212 359.35 17.8621 0 -29.3385 -30.1732 16 5237.88 200.455 307 0.000256007
5000 0.0800678 0.0768535 0.00321432 0 0.959855 385.223 367.036 18.187 0 -29.3858 -31.6157 16 5333.88 202.284 313 0.000245538
5100 0.07666 0.0732374 0.00342265 0 0.955353 392.836 374.359 18.4767 0 -29.4231 -31.3068 16 5429.88 204.096 319 0.000229584
5200 0.0951059 0.0911957 0.00391016 0 0.958886 402.371 383.479 18.8922 0 -29.4519 -30.6393 16 5541.88 206.191 326 0.000279741
5300 0.0817689 0.0788617 0.00290726 0 0.964445 410.631 391.365 19.2656 0 -29.489 -31.2974 16 5637.88 207.969 332 0.000237535
5400 0.0796357 0.0763619 0.0032738 0 0.95889 418.553 399.001 19.5518 0 -29.5033 -30.2437 16 5733.88 209.732 338 0.000225923
5500 0.0970992 0.092139 0.00496021 0 0.948916 428.141 408.215 19.9262 0 -29.4932 -29.0524 16 5829.88 211.48 344 0.000267846
5600 0.106837 0.102532 0.00430523 0 0.959703 438.889 418.468 20.4204 0 -29.4735 -28.6892 16 5941.88 213.502 351 0.000292113
5700 0.0914315 0.0861656 0.00526591 0 0.942406 447.886 427.085 20.8007 0 -29.4691 -29.2561 16 6037.88 215.22 357 0.00024136
5800 0.108712 0.104289 0.00442259 0 0.959318 458.769 437.514 21.2554 0 -29.4672 -29.3858 16 6133.88 216.924 363 0.000287297
5900 0.0907523 0.0863416 0.00441072 0 0.951398 467.774 446.148 21.6257 0 -29.479 -30.081 16 6229.88 218.615 369 0.000233988
6000 0.0979724 0.0936896 0.00428282 0 0.956285 477.643 455.517 22.1266 0 -29.5067 -30.8208 16 6341.88 220.571 376 0.000249174
6100 0.0897282 0.0860929 0.00363521 0 0.959486 486.614 464.126 22.4881 0 -29.531 -30.8249 16 6437.88 222.235 382 0.000225374
6200 0.09499 0.0908619 0.0041281 0 0.956542 496.097 473.212 22.8845 0 -29.5455 -30.288 16 6533.88 223.885 388 0.00023418
6300 0.0943052 0.0905648 0.00374042 0 0.960337 505.513 482.269 23.2439 0 -29.5637 -30.5264 16 6629.88 225.524 394 0.00022986
6400 0.0995952 0.0959822 0.00361302 0 0.963723 515.521 491.867 23.6542 0 -29.5918 -31.0095 16 6741.88 227.421 401 0.000239357
6500 0.0880286 0.0835157 0.00451293 0 0.948733 524.19 500.219 23.9711 0 -29.6089 -30.6272 16 6837.88 229.034 407 0.000205198
6600 0.10872 0.103128 0.00559217 0 0.948563 534.94 510.531 24.409 0 -29.6301 -30.6621 16 6933.88 230.637 413 0.000249704
6700 0.0984568 0.0950543 0.00340247 0 0.965442 544.907 520.037 24.8698 0 -29.6596 -31.2433 16 7029.88 232.228 419 0.00022686
6800 0.0862353 0.0831507 0.00308459 0 0.964231 553.589 528.352 25.2366 0 -29.689 -31.5318 16 7141.88 234.07 426 0.00019519
6900 0.0832961 0.0807727 0.00252332 0 0.969707 562.015 536.429 25.5858 0 -29.7205 -31.7894 16 7237.88 235.638 432 0.000186974
7000 0.0779719 0.0750723 0.00289968 0 0.962811 569.775 543.936 25.8382 0 -29.7457 -31.5738 16 7333.88 237.196 438 0.000171398
7100 0.0886128 0.0849535 0.00365921 0 0.958706 578.599 552.432 26.1675 0 -29.7701 -31.3491 16 7429.88 238.743 444 0.000191337
7200 0.10198 0.0977295 0.00425 0 0.958325 588.846 562.205 26.6412 0 -29.8095 -32.0325 16 7541.88 240.536 451 0.000216695
7300 0.0883739 0.0847037 0.00367015 0 0.95847 597.726 570.675 27.0508 0 -29.8476 -32.3737 16 7637.88 242.062 457 0.000185347
7400 0.079632 0.077299 0.00233304 0 0.970702 605.753 578.405 27.3479 0 -29.8899 -33.0392 16 7733.88 243.578 463 0.000166952
7500 0.0967286 0.0929564 0.00377216 0 0.961003 615.398 587.701 27.6976 0 -29.9142 -31.4385 16 7829.88 245.086 469 0.000198201
7600 0.112315 0.107032 0.00528371 0 0.952956 626.54 598.404 28.1358 0 -29.9113 -29.7498 16 7941.88 246.832 476 0.000224856
7700 0.101685 0.0976094 0.00407512 0 0.959924 636.761 608.165 28.5967 0 -29.9227 -30.626 16 8037.88 248.32 482 0.000202509
7800 0.0885521 0.0854792 0.0030729 0 0.965298 645.679 616.713 28.9666 0 -29.9399 -31.1686 16 8133.88 249.798 488 0.000175162
7900 0.0835799 0.0799909 0.00358898 0 0.957059 653.979 624.712 29.2672 0 -29.9569 -31.2779 16 8229.88 251.268 494 0.000161925
8000 0.0916566 0.0876442 0.00401239 0 0.956224 663.088 633.476 29.6121 0 -29.977 -31.4215 16 8341.88 252.972 501 0.000174939
8100 0.0983611 0.093767 0.00459419 0 0.953293 672.888 642.853 30.0352 0 -30.0063 -31.9861 16 8437.88 254.423 507 0.000184945
8200 0.0921764 0.0884347 0.00374167 0 0.959408 682.123 651.696 30.4269 0 -30.0336 -32.0249 16 8533.88 255.866 513 0.000172387
8300 0.0872223 0.0833281 0.00389414 0 0.955354 690.843 660.029 30.8141 0 -30.0561 -31.8118 16 8629.88 257.302 519 0.000160555
8400 0.105821 0.101536 0.00428533 0 0.959504 701.495 670.183 31.3123 0 -30.0573 -30.1387 16 8741.88 258.966 526 0.000193034
8500 0.115301 0.11003 0.005271 0 0.954285 713.018 681.186 31.8327 0 -30.0434 -29.1958 16 8837.88 260.384 532 0.000206823
8600 0.0964116 0.0916871 0.00472454 0 0.950996 722.679 690.354 32.3245 0 -30.0453 -30.1872 16 8933.88 261.794 538 0.000170422
8700 0.0888275 0.0854133 0.00341418 0 0.961564 731.649 698.896 32.7536 0 -30.0583 -31.1002 16 9029.88 263.197 544 0.00015701
8800 0.0813574 0.0779112 0.00344618 0 0.957641 739.803 706.687 33.1162 0 -30.073 -31.3962 16 9141.88 264.824 551 0.0001414
8900 0.0803077 0.0769585 0.00334918 0 0.958296 747.84 714.383 33.4577 0 -30.0874 -31.4133 16 9237.88 266.211 557 0.000138166
9000 0.0776863 0.0757486 0.00193778 0 0.975056 755.74 721.958 33.7829 0 -30.1135 -32.5882 16 9333.88 267.591 563 0.000134545
9100 0.0851729 0.0815783 0.0035946 0 0.957796 764.155 730.115 34.0394 0 -30.1137 -30.1256 16 9429.88 268.963 569 0.000143371
9200 0.0840408 0.0813016 0.00273916 0 0.967407 772.592 738.246 34.3466 0 -30.1129 -30.0418 16 9541.88 270.556 576 0.000141149
9300 0.0805252 0.0785626 0.0019626 0 0.975628 780.714 746.102 34.6126 0 -30.1208 -30.8738 16 9637.88 271.914 582 0.000134987
9400 0.0710747 0.0696002 0.00147446 0 0.979255 787.851 753.062 34.7891 0 -30.1373 -31.938 16 9733.88 273.264 588 0.000118368
9500 0.0803062 0.0780563 0.00224986 0 0.971984 795.843 760.867 34.9757 0 -30.1526 -31.6656 16 9829.88 274.609 594 0.000131408
9600 0.1075 0.104523 0.00297737 0 0.972304 806.654 771.32 35.334 0 -30.1585 -30.5887 16 9941.88 276.169 601 0.000173915
9700 0.114405 0.108274 0.00613157 0 0.946405 817.874 782.147 35.7265 0 -30.1593 -30.2221 16 10037.9 277.499 607 0.000178375
9800 0.111782 0.106914 0.0048685 0 0.956447 829.013 792.838 36.1741 0 -30.1582 -30.0784 16 10133.9 278.823 613 0.000174411
9900 0.119211 0.114443 0.00476797 0 0.960004 841.005 804.283 36.7226 0 -30.1682 -30.8593 16 10229.9 280.14 619 0.000184884
10000 0.132626 0.127648 0.00497723 0 0.962472 854.277 817.048 37.2298 0 -30.18 -30.9256 16 10341.9 281.67 626 0.000203911
10100 0.128475 0.123083 0.00539192 0 0.958031 867.102 829.356 37.7456 0 -30.1915 -30.9596 16 10437.9 282.974 632 0.000194752
10200 0.117187 0.113363 0.00382395 0 0.967369 878.915 840.692 38.223 0 -30.2056 -31.236 16 10533.9 284.272 638 0.000177684
10300 0.112052 0.10816 0.00389212 0 0.965265 890.136 851.508 38.6281 0 -30.2303 -32.1644 16 10629.9 285.565 644 0.000167951
10400 0.101835 0.097953 0.00388181 0 0.961881 900.317 861.304 39.0136 0 -30.2495 -31.9272 16 10741.9 287.065 651 0.000150465
10500 0.099085 0.0963289 0.0027561 0 0.972184 910.322 870.936 39.3857 0 -30.2672 -31.865 16 10837.9 288.345 657 0.000146619
10600 0.0897106 0.088022 0.00168858 0 0.981177 919.385 879.739 39.6461 0 -30.2885 -32.4238 16 10933.9 289.619 663 0.000132763
10700 0.0816197 0.0802167 0.00140296 0 0.982811 927.563 887.76 39.8028 0 -30.3122 -32.9832 16 11029.9 290.888 669 0.000119905
10800 0.090268 0.0870835 0.00318448 0 0.964722 936.446 896.469 39.977 0 -30.325 -31.6619 16 11141.9 292.361 676 0.000128822
10900 0.118129 0.112645 0.00548483 0 0.953569 948.042 907.733 40.3088 0 -30.3272 -30.5007 16 11237.9 293.618 682 0.000165168
11000 0.144669 0.13921 0.00545886 0 0.962266 962.535 921.654 40.8813 0 -30.3401 -31.1821 16 11333.9 294.869 688 0.00020234
11100 0.115931 0.111802 0.00412933 0 0.964381 974.249 932.834 41.4152 0 -30.3579 -31.8248 16 11429.9 296.115 694 0.000161098
11200 0.130078 0.125595 0.00448238 0 0.965541 987.318 945.394 41.9239 0 -30.3585 -30.4056 16 11541.9 297.563 701 0.000179166
11300 0.114655 0.10797 0.00668531 0 0.941692 998.538 956.191 42.3477 0 -30.357 -30.2236 16 11637.9 298.798 707 0.000152716
11400 0.130131 0.126762 0.00336849 0 0.974115 1011.65 968.867 42.7782 0 -30.3558 -30.2594 16 11733.9 300.027 713 0.000177787
11500 0.104073 0.101101 0.0029721 0 0.971442 1022.06 978.977 43.0847 0 -30.3628 -31.0481 16 11829.9 301.252 719 0.000140613
11600 0.0950042 0.0929025 0.00210167 0 0.977878 1031.64 988.267 43.3764 0 -30.3757 -31.7501 16 11941.9 302.675 726 0.000127965
11700 0.106267 0.102956 0.00331104 0 0.968842 1042.25 998.563 43.6905 0 -30.3856 -31.3499 16 12037.9 303.889 732 0.00014065
11800 0.111068 0.106439 0.00462875 0 0.958325 1053.29 1009.21 44.0808 0 -30.3967 -31.4405 16 12133.9 305.098 738 0.000144227
11900 0.118012 0.113515 0.00449658 0 0.961897 1065.07 1020.56 44.5157 0 -30.4051 -31.1593 16 12229.9 306.303 744 0.000152574
12000 0.110486 0.106596 0.00389016 0 0.96479 1076.2 1031.22 44.9783 0 -30.4191 -31.7594 16 12341.9 307.702 751 0.000141938
12100 0.102972 0.0998956 0.00307641 0 0.970124 1086.51 1041.21 45.3044 0 -30.4347 -32.0577 16 12437.9 308.897 757 0.000131962
12200 0.0971777 0.0947353 0.00244238 0 0.974867 1096.23 1050.68 45.5537 0 -30.4516 -32.3502 16 12533.9 310.087 763 0.000124162
12300 0.0910467 0.0886952 0.00235142 0 0.974174 1105.38 1059.55 45.8287 0 -30.4681 -32.4441 16 12629.9 311.272 769 0.000115338
12400 0.0893241 0.0869182 0.00240592 0 0.973065 1114.38 1068.24 46.1366 0 -30.482 -32.1801 16 12741.9 312.649 776 0.000112008
12500 0.102778 0.0979081 0.00487034 0 0.952613 1124.5 1078.03 46.4679 0 -30.4845 -30.7663 16 12837.9 313.824 782 0.000125202
12600 0.139952 0.133642 0.0063096 0 0.954916 1138.37 1091.4 46.9734 0 -30.4674 -29.0832 16 12933.9 314.996 788 0.000169597
12700 0.120608 0.116013 0.00459472 0 0.961904 1150.48 1103 47.4821 0 -30.4671 -30.4307 16 13029.9 316.162 794 0.000146113
12800 0.116233 0.111989 0.00424416 0 0.963486 1162.12 1114.2 47.9189 0 -30.4635 -30.116 16 13141.9 317.518 801 0.000139812
12900 0.113548 0.109603 0.00394448 0 0.965261 1173.52 1125.16 48.3597 0 -30.4591 -30.0027 16 13237.9 318.676 807 0.000135815
13000 0.109898 0.106471 0.0034278 0 0.968809 1184.57 1135.81 48.7695 0 -30.4682 -31.4357 16 13333.9 319.829 813 0.00013096
13100 0.0950653 0.0926683 0.00239696 0 0.974786 1194.15 1145.07 49.0772 0 -30.4789 -31.8089 16 13429.9 320.979 819 0.000113148
13200 0.111931 0.109118 0.00281285 0 0.97487 1205.35 1155.98 49.369 0 -30.4916 -31.8452 16 13541.9 322.314 826 0.000132104
13300 0.118375 0.114192 0.00418336 0 0.96466 1217.14 1167.4 49.7361 0 -30.4962 -30.961 16 13637.9 323.455 832 0.00013725
13400 0.101836 0.0989199 0.00291655 0 0.97136 1227.41 1177.29 50.1149 0 -30.5076 -31.8599 16 13733.9 324.591 838 0.000118043
13500 0.106105 0.103047 0.00305766 0 0.971183 1238.01 1187.6 50.413 0 -30.5127 -31.109 16 13829.9 325.724 844 0.000122094
13600 0.106132 0.102267 0.00386493 0 0.963584 1248.61 1197.83 50.7791 0 -30.5198 -31.3493 16 13941.9 327.04 851 0.000120172
13700 0.104352 0.0997205 0.00463187 0 0.955613 1258.91 1207.8 51.1166 0 -30.5265 -31.3291 16 14037.9 328.164 857 0.00011636
13800 0.13415 0.129786 0.00436424 0 0.967468 1272.38 1220.78 51.6027 0 -30.5402 -31.8287 16 14133.9 329.284 863 0.000150389
13900 0.109006 0.105616 0.00339031 0 0.968898 1283.34 1231.34 52.0028 0 -30.5554 -32.3122 16 14229.9 330.401 869 0.000121538
14000 0.0995583 0.0973318 0.00222647 0 0.977636 1293.41 1241.07 52.3337 0 -30.5704 -32.491 16 14341.9 331.698 876 0.000111109
14100 0.143533 0.134736 0.0087972 0 0.93871 1307.23 1254.55 52.6798 0 -30.574 -30.9037 16 14437.9 332.807 882 0.000152762
14200 0.164792 0.159194 0.0055982 0 0.966029 1323.81 1270.46 53.3453 0 -30.5877 -31.6724 16 14533.9 333.911 888 0.000179272
14300 0.125889 0.121227 0.00466211 0 0.962967 1336.43 1282.59 53.8454 0 -30.601 -31.9914 16 14629.9 335.012 894 0.000135601
14400 0.110708 0.107363 0.00334492 0 0.969786 1347.55 1293.32 54.2294 0 -30.615 -32.2952 16 14741.9 336.292 901 0.00011916
14500 0.10382 0.101167 0.00265283 0 0.974448 1357.98 1303.44 54.5388 0 -30.631 -32.7089 16 14837.9 337.385 907 0.00011154
14600 0.101484 0.0989983 0.00248587 0 0.975505 1368.12 1313.34 54.7841 0 -30.648 -32.9223 16 14933.9 338.475 913 0.000108432
14700 0.11179 0.109127 0.0026631 0 0.976178 1379.35 1324.25 55.0947 0 -30.6698 -33.3244 16 15029.9 339.561 919 0.000118745
14800 0.108499 0.105226 0.00327312 0 0.969833 1390.21 1334.78 55.4378 0 -30.6888 -33.0988 16 15141.9 340.824 926 0.000113635
14900 0.103287 0.101045 0.00224174 0 0.978296 1400.59 1344.88 55.7063 0 -30.7085 -33.3562 16 15237.9 341.903 932 0.000108417
15000 0.114495 0.111137 0.00335782 0 0.970673 1412.04 1355.99 56.0459 0 -30.7182 -31.9018 16 15333.9 342.978 938 0.000118483
15100 0.0969942 0.0946872 0.002307 0 0.976215 1421.81 1365.46 56.3507 0 -30.7344 -33.072 16 15429.9 344.05 944 0.000100304
15200 0.119688 0.115804 0.00388467 0 0.967543 1433.75 1377.04 56.7054 0 -30.749 -32.4894 16 15541.9 345.296 951 0.000121771
15300 0.136976 0.13229 0.00468619 0 0.965788 1447.49 1390.27 57.2227 0 -30.7523 -31.0956 16 15637.9 346.361 957 0.000138234
15400 0.106181 0.10247 0.0037113 0 0.965048 1458.14 1400.52 57.6248 0 -30.7642 -32.3809 16 15733.9 347.423 963 0.000106407
15500 0.11461 0.110402 0.00420812 0 0.963283 1469.58 1411.56 58.024 0 -30.7788 -32.6365 16 15829.9 348.481 969 0.000113933
15600 0.110094 0.106693 0.00340119 0 0.969106 1480.63 1422.23 58.404 0 -30.7975 -33.2882 16 15941.9 349.711 976 0.000109316
15700 0.0958242 0.0929965 0.00282774 0 0.97049 1490.23 1431.53 58.706 0 -30.8158 -33.6323 16 16037.9 350.763 982 9.47011e-05
15800 0.0949698 0.0926515 0.00231833 0 0.975589 1499.75 1440.79 58.9543 0 -30.8312 -33.2519 16 16133.9 351.811 988 9.37768e-05
15900 0.0948082 0.0925404 0.00226782 0 0.97608 1509.22 1450.05 59.1775 0 -30.8474 -33.402 16 16229.9 352.856 994 9.3099e-05
16000 0.10618 0.10292 0.00325952 0 0.969302 1519.83 1460.34 59.491 0 -30.8592 -32.5492 16 16341.9 354.072 1001 0.000102818
16100 0.115617 0.110948 0.0046695 0 0.959612 1531.3 1471.43 59.8637 0 -30.8724 -32.6208 16 16437.9 355.11 1007 0.000110177
16200 0.114535 0.110189 0.00434549 0 0.96206 1542.73 1482.45 60.2751 0 -30.8848 -32.5411 16 16533.9 356.146 1013 0.000108775
16300 0.132972 0.128352 0.00462047 0 0.965252 1556.05 1495.29 60.7657 0 -30.9 -32.6592 16 16629.9 357.178 1019 0.000125959
16400 0.120123 0.115342 0.00478039 0 0.960204 1568.08 1506.82 61.2554 0 -30.9117 -32.4236 16 16741.9 358.379 1026 0.000112419
16500 0.105415 0.102742 0.00267229 0 0.97465 1578.75 1517.1 61.6556 0 -30.9292 -33.4984 16 16837.9 359.405 1032 9.95566e-05
16600 0.101128 0.0978902 0.00323758 0 0.967985 1588.82 1526.89 61.9381 0 -30.9436 -33.202 16 16933.9 360.428 1038 9.43066e-05
16700 0.100462 0.0971311 0.00333083 0 0.966845 1598.85 1536.6 62.2491 0 -30.9544 -32.6763 16 17029.9 361.448 1044 9.30375e-05
16800 0.115106 0.111686 0.00342036 0 0.970285 1610.36 1547.77 62.5975 0 -30.96 -31.7387 16 17141.9 362.635 1051 0.000106266
16900 0.114685 0.111443 0.00324199 0 0.971731 1621.86 1558.91 62.9444 0 -30.9677 -32.0466 16 17237.9 363.649 1057 0.000105433
17000 0.103023 0.100392 0.00263074 0 0.974465 1632.19 1568.95 63.2426 0 -30.979 -32.7428 16 17333.9 364.66 1063 9.44426e-05
17100 0.103917 0.101441 0.00247603 0 0.976173 1642.6 1579.09 63.5061 0 -30.9897 -32.6757 16 17429.9 365.668 1069 9.48935e-05
17200 0.0941651 0.091747 0.00241808 0 0.974321 1652 1588.27 63.7264 0 -31.003 -33.3245 16 17541.9 366.841 1076 8.52668e-05
17300 0.108896 0.105579 0.00331739 0 0.969536 1662.87 1598.83 64.0402 0 -31.0118 -32.3477 16 17637.9 367.844 1082 9.75774e-05
17400 0.102494 0.0992529 0.00324134 0 0.968375 1673.13 1608.75 64.3737 0 -31.018 -32.0196 16 17733.9 368.843 1088 9.12251e-05
17500 0.103 0.0997189 0.00328087 0 0.968147 1683.45 1618.72 64.7286 0 -31.0251 -32.1862 16 17829.9 369.84 1094 9.11508e-05
17600 0.100372 0.0969725 0.00339997 0 0.966126 1693.49 1628.42 65.0632 0 -31.0354 -32.7506 16 17941.9 371 1101 8.80768e-05
17700 0.0881617 0.0857472 0.00241455 0 0.972612 1702.35 1637 65.3486 0 -31.0467 -33.2194 16 18037.9 371.991 1107 7.74591e-05
17800 0.114189 0.110779 0.00340999 0 0.970137 1713.76 1648.07 65.6896 0 -31.0615 -33.2665 16 18133.9 372.98 1113 9.95316e-05
17900 0.1056 0.102885 0.0027146 0 0.974293 1724.35 1658.36 65.9881 0 -31.0768 -33.5569 16 18229.9 373.966 1119 9.19437e-05
18000 0.104562 0.101224 0.00333836 0 0.968073 1734.74 1668.49 66.2565 0 -31.0876 -32.866 16 18341.9 375.113 1126 8.98968e-05
18100 0.104359 0.101322 0.00303703 0 0.970898 1745.22 1678.62 66.6 0 -31.0967 -32.6142 16 18437.9 376.093 1132 8.9507e-05
18200 0.106092 0.102312 0.00377999 0 0.964371 1755.78 1688.85 66.934 0 -31.1082 -33.0006 16 18533.9 377.071 1138 8.99048e-05
18300 0.100944 0.0984415 0.00250295 0 0.975205 1765.94 1698.69 67.2511 0 -31.1234 -33.7564 16 18629.9 378.046 1144 8.60502e-05
18400 0.117601 0.113335 0.00426598 0 0.963725 1777.68 1710.03 67.6583 0 -31.1287 -31.9287 16 18741.9 379.181 1151 9.84664e-05
18500 0.132033 0.12529 0.00674279 0 0.948931 1790.79 1722.56 68.2373 0 -31.1361 -32.1281 16 18837.9 380.151 1157 0.000108289
18600 0.132682 0.126494 0.0061877 0 0.953364 1804.05 1735.2 68.8439 0 -31.1446 -32.3019 16 18933.9 381.118 1163 0.000108766
18700 0.132601 0.128244 0.00435738 0 0.967139 1817.4 1748.03 69.3674 0 -31.1529 -32.2707 16 19029.9 382.083 1169 0.000109704
18800 0.119738 0.115912 0.00382696 0 0.968039 1829.4 1759.62 69.7771 0 -31.1633 -32.7383 16 19141.9 383.206 1176 9.85642e-05
18900 0.115357 0.11189 0.00346697 0 0.969946 1840.93 1770.81 70.1229 0 -31.1757 -33.1455 16 19237.9 384.166 1182 9.46618e-05
19000 0.113347 0.10863 0.00471791 0 0.958377 1852.11 1781.67 70.4414 0 -31.1821 -32.2358 16 19333.9 385.123 1188 9.1439e-05
19100 0.106948 0.1037 0.00324784 0 0.969631 1862.86 1792.04 70.815 0 -31.1913 -32.7724 16 19429.9 386.078 1194 8.68507e-05
19200 0.0975624 0.0953819 0.0021805 0 0.97765 1872.69 1801.58 71.1116 0 -31.2049 -33.7913 16 19541.9 387.189 1201 7.94187e-05
19300 0.113759 0.107132 0.0066263 0 0.941751 1883.7 1812.29 71.4085 0 -31.2062 -31.4144 16 19637.9 388.139 1207 8.87592e-05
19400 0.125603 0.12268 0.00292346 0 0.976725 1896.37 1824.56 71.8046 0 -31.2119 -32.0722 16 19733.9 389.087 1213 0.000101138
19500 0.10531 0.102919 0.002391 0 0.977296 1906.96 1834.85 72.1041 0 -31.2191 -32.4945 16 19829.9 390.032 1219 8.44291e-05
19600 0.10438 0.101545 0.00283521 0 0.972838 1917.41 1845.01 72.3981 0 -31.2276 -32.7769 16 19941.9 391.132 1226 8.28263e-05
19700 0.105816 0.102953 0.00286352 0 0.972939 1927.98 1855.3 72.6808 0 -31.2363 -32.8189 16 20037.9 392.072 1232 8.35655e-05
19800 0.0970872 0.0946088 0.00247836 0 0.974473 1937.71 1864.76 72.9427 0 -31.2465 -33.2779 16 20133.9 393.01 1238 7.64207e-05
19900 0.0921938 0.0899518 0.00224204 0 0.975681 1946.95 1873.76 73.1935 0 -31.2577 -33.6058 16 20229.9 393.946 1244 7.23085e-05
20000 0.103068 0.100834 0.00223389 0 0.978326 1957.36 1883.84 73.5122 0 -31.2675 -33.092 16 20341.9 395.035 1251 8.06031e-05
