100 0.0200057 0.0185926 0.00141304 0 0.929368 1.98835 1.85926 0.12909 0 -26.7512 -26.7512 16 437.882 57.9587 7 0.00265609
200 0.0272203 0.0253006 0.00191977 0 0.929473 4.71128 4.38932 0.321965 0 -26.4814 -26.2844 16 533.882 63.9974 13 0.0019462
300 0.020661 0.0193056 0.00135543 0 0.934397 6.81616 6.31987 0.496291 0 -27.2358 -28.9242 16 629.882 69.5136 19 0.00101608
400 0.0250782 0.0237611 0.00131709 0 0.947481 9.33432 8.69598 0.638334 0 -27.8142 -29.3799 16 741.882 75.441 26 0.000913889
500 0.0308918 0.0293423 0.00154949 0 0.949841 12.4343 11.6302 0.804125 0 -28.5302 -30.6862 16 837.882 80.1736 32 0.000916947
600 0.0265176 0.0246293 0.00188835 0 0.928789 15.0553 14.0931 0.962149 0 -28.7275 -29.6635 16 933.882 84.642 38 0.000648139
700 0.0292244 0.0273816 0.00184283 0 0.936942 17.9976 16.8313 1.16627 0 -28.937 -30.0089 16 1029.88 88.8861 44 0.000622309
800 0.0302409 0.0286083 0.00163263 0 0.946013 21.0426 19.6921 1.35045 0 -29.2599 -31.1683 16 1141.88 93.5946 51 0.000560947
900 0.0323436 0.0306608 0.00168284 0 0.94797 24.3063 22.7582 1.54812 0 -29.3034 -29.5841 16 1237.88 97.4495 57 0.000537908
1000 0.0216356 0.0207477 0.000887937 0 0.958959 26.4974 24.833 1.6644 0 -29.432 -30.8582 16 1333.88 101.158 63 0.000329328
1100 0.0497253 0.0468673 0.00285793 0 0.942526 31.3808 29.5197 1.86111 0 -29.3079 -28.6349 16 1429.88 104.735 69 0.000679237
1200 0.05125 0.0480564 0.00319352 0 0.937687 36.4667 34.3254 2.14136 0 -29.359 -29.6743 16 1541.88 108.759 76 0.000632322
1300 0.0577941 0.054037 0.00375707 0 0.934992 42.216 39.7291 2.48696 0 -29.3331 -29.1683 16 1637.88 112.094 82 0.000658988
1400 0.0626289 0.0571829 0.00544598 0 0.913044 48.3691 45.4473 2.92176 0 -29.1713 -28.0611 16 1733.88 115.332 88 0.000649806
1500 0.059213 0.054983 0.00422999 0 0.928563 54.3553 50.9456 3.40967 0 -29.0738 -28.2865 16 1829.88 118.482 94 0.000584926
1600 0.0504319 0.0471902 0.00324176 0 0.93572 59.4181 55.6647 3.75345 0 -29.0393 -28.6685 16 1941.88 122.054 101 0.000467229
1700 0.0559549 0.0522318 0.00372314 0 0.933462 64.9813 60.8878 4.09347 0 -29.0044 -28.6324 16 2037.88 125.034 107 0.000488147
1800 0.0566433 0.0537858 0.00285748 0 0.949553 70.6859 66.2664 4.41951 0 -28.9585 -28.4355 16 2133.88 127.946 113 0.000475981
1900 0.0665344 0.0638373 0.00269708 0 0.959463 77.4015 72.6502 4.75138 0 -28.9963 -29.3938 16 2229.88 130.792 119 0.000536448
2000 0.0561915 0.0534071 0.00278435 0 0.950449 83.0419 77.9909 5.05099 0 -28.9927 -28.9429 16 2341.88 134.036 126 0.000423866
2100 0.0677348 0.064127 0.00360778 0 0.946737 89.7994 84.4036 5.3958 0 -29.0963 -30.37 16 2437.88 136.756 132 0.000485811
2200 0.0555272 0.0531171 0.00241012 0 0.956596 95.3703 89.7153 5.65503 0 -29.188 -30.6662 16 2533.88 139.423 138 0.000384906
2300 0.0499025 0.0477404 0.00216209 0 0.956674 100.322 94.4893 5.83222 0 -29.2772 -30.9953 16 2629.88 142.039 144 0.000331531
2400 0.0481897 0.0467349 0.00145484 0 0.96981 105.173 99.1628 6.01067 0 -29.3909 -31.7404 16 2741.88 145.032 151 0.000309503
2500 0.0528356 0.046225 0.00661063 0 0.874883 109.986 103.785 6.2002 0 -29.3555 -28.583 16 2837.88 147.549 157 0.000294427
2600 0.064082 0.0612742 0.00280778 0 0.956185 116.458 109.913 6.54532 0 -29.3665 -29.5527 16 2933.88 150.024 163 0.000375915
2700 0.0520507 0.0496723 0.00237837 0 0.954307 121.7 114.88 6.8203 0 -29.4138 -30.4653 16 3029.88 152.459 169 0.000293919
2800 0.0539178 0.0519663 0.00195151 0 0.963806 127.134 120.077 7.05779 0 -29.4939 -31.2879 16 3141.88 155.251 176 0.000295263
2900 0.0557251 0.053079 0.00264606 0 0.952516 132.657 125.385 7.27226 0 -29.5084 -29.8411 16 3237.88 157.605 182 0.000291643
3000 0.069549 0.0667493 0.00279969 0 0.959745 139.604 132.059 7.54452 0 -29.5041 -29.4225 16 3333.88 159.925 188 0.00035505
3100 0.0778272 0.0748366 0.00299055 0 0.961574 147.435 139.543 7.89226 0 -29.4647 -28.7633 16 3429.88 162.211 194 0.000385756
3200 0.115601 0.110342 0.00525953 0 0.954503 159.002 150.577 8.42459 0 -29.4213 -28.8671 16 3541.88 164.838 201 0.000548964
3300 0.087299 0.0829437 0.00435529 0 0.950111 167.798 158.872 8.92593 0 -29.4056 -29.122 16 3637.88 167.057 207 0.000400694
3400 0.0827721 0.0786124 0.00415975 0 0.949745 176.092 166.733 9.35902 0 -29.3956 -29.1934 16 3733.88 169.247 213 0.000369072
3500 0.0745532 0.071274 0.00327919 0 0.956015 183.575 173.86 9.71439 0 -29.4185 -29.9584 16 3829.88 171.409 219 0.000325452
3600 0.0710457 0.0681045 0.00294121 0 0.958601 190.695 180.671 10.0242 0 -29.4512 -30.2944 16 3941.88 173.897 226 0.000301347
3700 0.0587263 0.0566501 0.00207625 0 0.964645 196.609 186.336 10.2732 0 -29.4958 -30.933 16 4037.88 176.002 232 0.000244181
3800 0.0759292 0.0718733 0.00405589 0 0.946583 204.084 193.523 10.5608 0 -29.4838 -29.1684 16 4133.88 178.082 238 0.000301989
3900 0.0737663 0.070314 0.00345227 0 0.9532 211.464 200.554 10.91 0 -29.4943 -29.7846 16 4229.88 180.138 244 0.000288172
4000 0.0842461 0.0796678 0.00457838 0 0.945655 219.861 208.521 11.3393 0 -29.5034 -29.7328 16 4341.88 182.507 251 0.000317401
4100 0.0712841 0.0672603 0.00402379 0 0.943553 227.032 215.247 11.7845 0 -29.5349 -30.4996 16 4437.88 184.513 257 0.000261713
4200 0.0617226 0.0590615 0.00266106 0 0.956887 233.271 221.153 12.1178 0 -29.584 -31.3721 16 4533.88 186.498 263 0.000224569
4300 0.0669391 0.063788 0.00315112 0 0.952926 239.951 227.532 12.4187 0 -29.621 -30.9119 16 4629.88 188.463 269 0.00023713
4400 0.072983 0.0701645 0.00281848 0 0.961382 247.313 234.549 12.7641 0 -29.6382 -30.1979 16 4741.88 190.728 276 0.000254219
4500 0.07058 0.0667463 0.00383365 0 0.945684 254.282 241.223 13.0583 0 -29.628 -29.2675 16 4837.88 192.649 282 0.000236689
4600 0.0806335 0.0772752 0.00335831 0 0.958351 262.402 248.951 13.4509 0 -29.6285 -29.6428 16 4933.88 194.551 288 0.000268317
4700 0.08182 0.0771587 0.00466132 0 0.94303 270.556 256.667 13.8888 0 -29.6485 -30.2935 16 5029.88 196.435 294 0.000262444
4800 0.0984955 0.0937509 0.00474467 0 0.951829 280.479 266.042 14.4369 0 -29.6711 -30.2859 16 5141.88 198.61 301 0.000311465
4900 0.0765701 0.0716275 0.00494256 0 0.935451 288.056 273.205 14.8517 0 -29.692 -30.4657 16 5237.88 200.455 307 0.000233314
5000 0.0713608 0.0683606 0.00300019 0 0.957957 295.277 280.041 15.2367 0 -29.7318 -31.3214 16 5333.88 202.284 313 0.000218405
5100 0.0665619 0.063851 0.00271084 0 0.959273 301.946 286.426 15.5208 0 -29.7753 -31.7021 16 5429.88 204.096 319 0.00020016
5200 0.0610872 0.0591459 0.00194131 0 0.968221 308.109 292.34 15.7683 0 -29.8209 -32.0542 16 5541.88 206.191 326 0.000181429
5300 0.0730597 0.0704778 0.00258187 0 0.964661 315.422 299.388 16.0334 0 -29.8806 -32.3961 16 5637.88 207.969 332 0.000212283
5400 0.0617339 0.0597019 0.00203191 0 0.967086 321.616 305.358 16.2581 0 -29.9294 -32.4129 16 5733.88 209.732 338 0.000176633
5500 0.0881747 0.0834947 0.00467999 0 0.946924 330.313 313.708 16.6056 0 -29.9866 -32.1024 16 5829.88 211.48 344 0.000242717
5600 0.0986107 0.0933605 0.0052502 0 0.946758 340.099 323.044 17.0557 0 -30.0397 -31.8334 16 5941.88 213.502 351 0.000265984
5700 0.1016 0.0971435 0.00445702 0 0.956132 350.254 332.758 17.4962 0 -30.0954 -31.958 16 6037.88 215.22 357 0.000272111
5800 0.0852739 0.0815911 0.0036828 0 0.956812 358.833 340.917 17.9161 0 -30.1489 -32.3368 16 6133.88 216.924 363 0.000224769
5900 0.0752868 0.0725029 0.00278392 0 0.963022 366.406 348.168 18.2385 0 -30.1948 -32.3687 16 6229.88 218.615 369 0.000196485
6000 0.0737532 0.0710089 0.00274432 0 0.96279 373.813 355.268 18.5441 0 -30.2322 -32.0798 16 6341.88 220.571 376 0.000188853
6100 0.0824949 0.079477 0.00301793 0 0.963417 382.036 363.216 18.8202 0 -30.2858 -32.7213 16 6437.88 222.235 382 0.000208055
6200 0.112031 0.10734 0.00469038 0 0.958133 393.189 373.95 19.2389 0 -30.3529 -32.6513 16 6533.88 223.885 388 0.00027665
6300 0.105076 0.0996003 0.00547602 0 0.947885 403.678 383.91 19.7681 0 -30.3657 -30.8473 16 6629.88 225.524 394 0.000252793
6400 0.0883541 0.0838707 0.00448342 0 0.949256 412.532 392.297 20.2344 0 -30.3925 -31.6153 16 6741.88 227.421 401 0.000209154
6500 0.0836309 0.0791626 0.00446821 0 0.946572 420.843 400.213 20.6296 0 -30.4196 -31.7643 16 6837.88 229.034 407 0.000194503
6600 0.0848013 0.0808569 0.00394448 0 0.953486 429.4 408.299 21.1011 0 -30.4285 -30.8671 16 6933.88 230.637 413 0.000195779
6700 0.0754464 0.0722676 0.00317887 0 0.957866 436.996 415.526 21.47 0 -30.4586 -32.1581 16 7029.88 232.228 419 0.000172476
6800 0.077229 0.0735093 0.00371969 0 0.951836 444.701 422.877 21.8237 0 -30.4786 -31.6149 16 7141.88 234.07 426 0.000172557
6900 0.119611 0.113706 0.00590552 0 0.950627 456.525 434.247 22.2776 0 -30.4666 -30.0139 16 7237.88 235.638 432 0.000263208
7000 0.155767 0.148096 0.00767187 0 0.950748 472.036 449.057 22.9788 0 -30.4624 -30.3406 16 7333.88 237.196 438 0.000338118
7100 0.126685 0.120456 0.00622824 0 0.950837 484.785 461.103 23.6827 0 -30.4686 -30.6981 16 7429.88 238.743 444 0.000271298
7200 0.133821 0.127725 0.00609551 0 0.95445 498.133 473.875 24.2577 0 -30.5006 -31.6603 16 7541.88 240.536 451 0.000283204
7300 0.138803 0.133808 0.00499449 0 0.964017 512.109 487.256 24.8531 0 -30.5317 -31.6427 16 7637.88 242.062 457 0.000292797
7400 0.125385 0.12065 0.00473522 0 0.962234 524.722 499.321 25.4009 0 -30.5518 -31.3654 16 7733.88 243.578 463 0.000260582
7500 0.124147 0.119411 0.0047356 0 0.961855 537.193 511.262 25.9306 0 -30.5802 -31.7778 16 7829.88 245.086 469 0.000254609
7600 0.123087 0.118186 0.00490093 0 0.960183 549.485 523.081 26.4041 0 -30.6069 -31.7731 16 7941.88 246.832 476 0.00024829
7700 0.118661 0.114003 0.00465812 0 0.960744 561.298 534.481 26.8173 0 -30.6414 -32.2427 16 8037.88 248.32 482 0.00023652
7800 0.106077 0.102802 0.0032744 0 0.969132 571.959 544.761 27.1977 0 -30.6841 -32.9344 16 8133.88 249.798 488 0.00021066
7900 0.0986025 0.0948675 0.00373499 0 0.962121 581.789 554.248 27.541 0 -30.7171 -32.6365 16 8229.88 251.268 494 0.00019204
8000 0.111757 0.107761 0.00399542 0 0.964249 593.01 565.024 27.9855 0 -30.7428 -32.0757 16 8341.88 252.972 501 0.000215092
8100 0.111852 0.107389 0.00446318 0 0.960098 604.206 575.763 28.4433 0 -30.7763 -32.5525 16 8437.88 254.423 507 0.000211813
8200 0.107999 0.102063 0.00593598 0 0.945037 614.82 585.969 28.8511 0 -30.7913 -31.6435 16 8533.88 255.866 513 0.000198953
8300 0.138837 0.133472 0.00536436 0 0.961362 628.776 599.317 29.4598 0 -30.7717 -29.909 16 8629.88 257.302 519 0.000257172
8400 0.121357 0.116708 0.0046485 0 0.961695 640.95 610.987 29.9629 0 -30.7623 -30.2766 16 8741.88 258.966 526 0.000221878
8500 0.119656 0.113411 0.00624524 0 0.947807 652.815 622.328 30.4869 0 -30.7515 -30.1694 16 8837.88 260.384 532 0.000213179
8600 0.112483 0.107732 0.00475096 0 0.957763 664.15 633.102 31.0483 0 -30.7635 -31.4502 16 8933.88 261.794 538 0.000200246
8700 0.112805 0.107892 0.00491333 0 0.956444 675.436 643.891 31.5455 0 -30.7791 -31.7004 16 9029.88 263.197 544 0.00019833
8800 0.112263 0.107545 0.00471865 0 0.957968 686.651 654.645 32.0055 0 -30.7868 -31.2491 16 9141.88 264.824 551 0.000195181
8900 0.110685 0.106882 0.00380288 0 0.965642 697.787 665.333 32.4538 0 -30.7983 -31.5099 16 9237.88 266.211 557 0.000191889
9000 0.136122 0.130187 0.00593515 0 0.956398 711.252 678.352 32.9003 0 -30.7975 -30.7556 16 9333.88 267.591 563 0.000231239
9100 0.130272 0.126311 0.00396108 0 0.969594 724.374 690.983 33.3902 0 -30.8035 -31.126 16 9429.88 268.963 569 0.000221988
9200 0.108496 0.105314 0.00318187 0 0.970673 735.278 701.515 33.7628 0 -30.822 -32.052 16 9541.88 270.556 576 0.000182837
9300 0.121025 0.11761 0.00341469 0 0.971785 747.451 713.276 34.1751 0 -30.8415 -32.0188 16 9637.88 271.914 582 0.00020208
9400 0.0997814 0.0971168 0.00266461 0 0.973296 757.463 722.987 34.4752 0 -30.8645 -32.5798 16 9733.88 273.264 588 0.000165165
9500 0.0961399 0.0935111 0.00262877 0 0.972657 767.068 732.339 34.7293 0 -30.8854 -32.5371 16 9829.88 274.609 594 0.000157426
9600 0.0975732 0.0948018 0.00277137 0 0.971597 776.826 741.819 35.0067 0 -30.899 -31.9658 16 9941.88 276.169 601 0.00015774
9700 0.0886268 0.08591 0.00271676 0 0.969346 785.669 750.41 35.2594 0 -30.9183 -32.62 16 10037.9 277.499 607 0.000141532
9800 0.0868939 0.0831171 0.00377682 0 0.956535 794.257 758.721 35.5359 0 -30.9354 -32.4977 16 10133.9 278.823 613 0.000135591
9900 0.0846482 0.0825849 0.00206333 0 0.975625 802.805 766.98 35.8249 0 -30.9543 -32.7081 16 10229.9 280.14 619 0.000133417
10000 0.0731946 0.0718635 0.00133111 0 0.981814 810.16 774.166 35.9936 0 -30.9793 -33.7052 16 10341.9 281.67 626 0.000114798
10100 0.0874713 0.0852593 0.00221195 0 0.974712 818.889 782.692 36.1969 0 -31.0004 -32.9662 16 10437.9 282.974 632 0.000134904
10200 0.0810738 0.0784791 0.00259472 0 0.967996 826.968 790.54 36.4274 0 -31.017 -32.6996 16 10533.9 284.272 638 0.000123008
10300 0.0853798 0.0816848 0.00369507 0 0.956722 835.457 798.709 36.7486 0 -31.0252 -31.8185 16 10629.9 285.565 644 0.00012684
10400 0.100084 0.0957966 0.00428716 0 0.957164 845.428 808.288 37.1394 0 -31.0279 -31.2574 16 10741.9 287.065 651 0.000147153
10500 0.0993413 0.0958192 0.00352215 0 0.964545 855.418 817.87 37.5481 0 -31.0418 -32.2124 16 10837.9 288.345 657 0.000145843
10600 0.100041 0.0957152 0.00432575 0 0.95676 865.362 827.442 37.9203 0 -31.0423 -31.0857 16 10933.9 289.619 663 0.000144367
10700 0.105311 0.10014 0.00517054 0 0.950902 875.8 837.456 38.3445 0 -31.0453 -31.2945 16 11029.9 290.888 669 0.000149686
10800 0.103368 0.0992985 0.00406944 0 0.960631 886.171 847.386 38.785 0 -31.059 -32.2169 16 11141.9 292.361 676 0.000146891
10900 0.0917196 0.088462 0.0032576 0 0.964483 895.371 856.232 39.1392 0 -31.073 -32.4205 16 11237.9 293.618 682 0.00012971
11000 0.0872687 0.0847638 0.00250492 0 0.971296 904.131 864.708 39.4233 0 -31.0908 -32.9158 16 11333.9 294.869 688 0.000123203
11100 0.100243 0.0973217 0.00292091 0 0.970862 914.188 874.44 39.7474 0 -31.1008 -31.996 16 11429.9 296.115 694 0.000140233
11200 0.0921385 0.0891693 0.00296917 0 0.967775 923.391 883.357 40.0341 0 -31.1161 -32.6364 16 11541.9 297.563 701 0.000127203
11300 0.0813883 0.0794106 0.00197768 0 0.975701 931.532 891.298 40.2332 0 -31.1347 -33.2418 16 11637.9 298.798 707 0.000112321
11400 0.0861513 0.0836662 0.00248516 0 0.971154 940.131 899.665 40.4661 0 -31.1517 -32.9966 16 11733.9 300.027 713 0.000117344
11500 0.0763059 0.0747986 0.0015073 0 0.980247 947.807 907.145 40.6625 0 -31.1731 -33.7974 16 11829.9 301.252 719 0.000104031
11600 0.0704582 0.0692574 0.00120084 0 0.982957 954.871 914.071 40.7999 0 -31.1933 -33.9028 16 11941.9 302.675 726 9.53959e-05
11700 0.0832082 0.0805331 0.00267511 0 0.96785 963.12 922.124 40.996 0 -31.198 -31.7439 16 12037.9 303.889 732 0.000110018
11800 0.079919 0.0766222 0.00329673 0 0.958749 971.004 929.786 41.218 0 -31.2022 -31.7076 16 12133.9 305.098 738 0.000103824
11900 0.089908 0.0867573 0.0031507 0 0.964956 979.952 938.462 41.4904 0 -31.2 -30.96 16 12229.9 306.303 744 0.000116609
12000 0.0775876 0.0763348 0.00125284 0 0.983853 987.813 946.095 41.7176 0 -31.2107 -32.5473 16 12341.9 307.702 751 0.000101644
12100 0.0886253 0.0853952 0.00323012 0 0.963553 996.598 954.635 41.9636 0 -31.2102 -31.1609 16 12437.9 308.897 757 0.000112807
12200 0.0807802 0.0779056 0.00287463 0 0.964414 1004.62 962.425 42.1907 0 -31.2124 -31.4796 16 12533.9 310.087 763 0.000102104
12300 0.0869134 0.0843756 0.0025378 0 0.970801 1013.34 970.863 42.4761 0 -31.2246 -32.6324 16 12629.9 311.272 769 0.000109721
12400 0.085079 0.0825689 0.00251011 0 0.970497 1021.84 979.12 42.7248 0 -31.2369 -32.7058 16 12741.9 312.649 776 0.000106403
12500 0.0812772 0.0786357 0.0026415 0 0.9675 1029.93 986.983 42.9456 0 -31.2503 -32.9397 16 12837.9 313.824 782 0.000100557
12600 0.0754104 0.0729892 0.00242128 0 0.967892 1037.45 994.282 43.1706 0 -31.2653 -33.3194 16 12933.9 314.996 788 9.26258e-05
12700 0.0881705 0.0838899 0.00428054 0 0.951452 1046.13 1002.67 43.4603 0 -31.2715 -32.0065 16 13029.9 316.162 794 0.000105655
12800 0.0812854 0.0785221 0.0027633 0 0.966005 1054.32 1010.52 43.8002 0 -31.2811 -32.5131 16 13141.9 317.518 801 9.80301e-05
12900 0.0742559 0.0714446 0.00281128 0 0.962141 1061.73 1017.67 44.0651 0 -31.292 -32.837 16 13237.9 318.676 807 8.85311e-05
13000 0.0829806 0.080448 0.00253256 0 0.96948 1070.07 1025.71 44.3543 0 -31.3017 -32.5455 16 13333.9 319.829 813 9.89521e-05
13100 0.0936891 0.0905084 0.00318068 0 0.966051 1079.51 1034.76 44.7461 0 -31.3003 -31.1401 16 13429.9 320.979 819 0.000110511
13200 0.0823901 0.0795846 0.00280547 0 0.965949 1087.77 1042.72 45.0495 0 -31.3065 -32.1077 16 13541.9 322.314 826 9.63494e-05
13300 0.0954272 0.0927342 0.00269297 0 0.97178 1097.38 1052 45.3826 0 -31.3216 -33.0362 16 13637.9 323.455 832 0.000111459
13400 0.0820258 0.0799576 0.00206815 0 0.974787 1105.61 1059.99 45.6177 0 -31.3408 -33.9054 16 13733.9 324.591 838 9.54148e-05
13500 0.0853279 0.082408 0.00291982 0 0.965781 1114.08 1068.23 45.8482 0 -31.354 -33.0791 16 13829.9 325.724 844 9.76399e-05
13600 0.100964 0.0974002 0.00356431 0 0.964697 1124.27 1077.97 46.2969 0 -31.3572 -31.7013 16 13941.9 327.04 851 0.000114454
13700 0.0847106 0.0812447 0.00346596 0 0.959085 1132.73 1086.1 46.63 0 -31.3639 -32.2512 16 14037.9 328.164 857 9.48012e-05
13800 0.076909 0.0745715 0.0023375 0 0.969607 1140.47 1093.55 46.913 0 -31.3778 -33.4096 16 14133.9 329.284 863 8.64096e-05
13900 0.0719115 0.0699846 0.00192687 0 0.973205 1147.68 1100.55 47.1264 0 -31.3903 -33.3687 16 14229.9 330.401 869 8.05346e-05
14000 0.0759109 0.0742717 0.00163918 0 0.978406 1155.33 1107.98 47.3519 0 -31.4045 -33.5358 16 14341.9 331.698 876 8.4785e-05
14100 0.079762 0.0763808 0.00338126 0 0.957608 1163.19 1115.62 47.5757 0 -31.4064 -31.6817 16 14437.9 332.807 882 8.65995e-05
14200 0.0846274 0.082318 0.00230944 0 0.972711 1171.69 1123.85 47.8447 0 -31.4097 -31.8629 16 14533.9 333.911 888 9.27004e-05
14300 0.0963296 0.0923165 0.00401309 0 0.95834 1181.2 1133.08 48.1224 0 -31.4172 -32.346 16 14629.9 335.012 894 0.000103262
14400 0.11613 0.111484 0.00464615 0 0.959992 1192.91 1144.23 48.6796 0 -31.4256 -32.2754 16 14741.9 336.292 901 0.000123734
14500 0.0925801 0.0892683 0.00331178 0 0.964228 1202.26 1153.16 49.1035 0 -31.4382 -33.0416 16 14837.9 337.385 907 9.84215e-05
14600 0.0832057 0.079988 0.00321775 0 0.961328 1210.59 1161.15 49.4307 0 -31.4471 -32.7364 16 14933.9 338.475 913 8.76101e-05
14700 0.0840169 0.081341 0.00267589 0 0.968151 1219.05 1169.29 49.7609 0 -31.4571 -32.8857 16 15029.9 339.561 919 8.85104e-05
14800 0.077085 0.0751328 0.00195224 0 0.974674 1226.8 1176.8 49.9971 0 -31.4686 -33.2778 16 15141.9 340.824 926 8.11369e-05
14900 0.0929471 0.0903447 0.0026024 0 0.972001 1236.14 1185.84 50.2983 0 -31.4738 -32.1591 16 15237.9 341.903 932 9.69364e-05
15000 0.0766917 0.0752036 0.00148818 0 0.980595 1243.86 1193.36 50.5011 0 -31.4855 -33.3462 16 15333.9 342.978 938 8.01744e-05
15100 0.0720111 0.0704295 0.00158163 0 0.978036 1251.07 1200.4 50.6701 0 -31.4959 -33.3064 16 15429.9 344.05 944 7.46075e-05
15200 0.0742235 0.0728051 0.00141837 0 0.980891 1258.53 1207.68 50.8464 0 -31.5042 -32.8918 16 15541.9 345.296 951 7.65564e-05
15300 0.068155 0.0666171 0.0015379 0 0.977435 1265.35 1214.34 51.0119 0 -31.5179 -34.0339 16 15637.9 346.361 957 6.96104e-05
15400 0.063313 0.0622679 0.0010452 0 0.983492 1271.71 1220.57 51.1436 0 -31.5355 -35.047 16 15733.9 347.423 963 6.46603e-05
15500 0.0611665 0.0603019 0.000864649 0 0.985864 1277.85 1226.6 51.2462 0 -31.5522 -35.0198 16 15829.9 348.481 969 6.2231e-05
15600 0.0602944 0.0591772 0.00111721 0 0.981471 1283.86 1232.52 51.3471 0 -31.5666 -34.6262 16 15941.9 349.711 976 6.06324e-05
15700 0.0734921 0.0704492 0.00304289 0 0.958596 1291.17 1239.56 51.607 0 -31.5745 -32.9475 16 16037.9 350.763 982 7.17405e-05
15800 0.0724183 0.0685071 0.00391118 0 0.945992 1298.3 1246.41 51.8903 0 -31.5794 -32.4663 16 16133.9 351.811 988 6.93392e-05
15900 0.0793151 0.0758467 0.00346834 0 0.956271 1306.23 1254 52.2371 0 -31.5835 -32.2556 16 16229.9 352.856 994 7.63046e-05
16000 0.081669 0.0783883 0.0032807 0 0.959829 1314.48 1261.84 52.6481 0 -31.5807 -31.1505 16 16341.9 354.072 1001 7.831e-05
16100 0.0793463 0.0760556 0.00329066 0 0.958528 1322.41 1269.44 52.965 0 -31.5815 -31.7053 16 16437.9 355.11 1007 7.55269e-05
16200 0.0817942 0.0785673 0.00322691 0 0.960548 1330.61 1277.3 53.311 0 -31.5843 -32.0363 16 16533.9 356.146 1013 7.7559e-05
16300 0.0792654 0.0759189 0.00334647 0 0.957781 1338.53 1284.89 53.6404 0 -31.5827 -31.3126 16 16629.9 357.178 1019 7.45034e-05
16400 0.117148 0.112995 0.00415336 0 0.964546 1350.3 1296.19 54.1141 0 -31.5544 -28.3435 16 16741.9 358.379 1026 0.000110131
16500 0.0858534 0.0822075 0.00364589 0 0.957534 1358.9 1304.41 54.4907 0 -31.5493 -30.7432 16 16837.9 359.405 1032 7.96584e-05
16600 0.085319 0.0822932 0.00302573 0 0.964536 1367.48 1312.64 54.8371 0 -31.548 -31.3373 16 16933.9 360.428 1038 7.92806e-05
16700 0.0843719 0.0812046 0.00316727 0 0.962461 1375.91 1320.76 55.1482 0 -31.5489 -31.6934 16 17029.9 361.448 1044 7.77822e-05
16800 0.0827803 0.0797055 0.00307481 0 0.962856 1384.27 1328.73 55.5355 0 -31.5473 -31.2951 16 17141.9 362.635 1051 7.58378e-05
16900 0.082125 0.0786397 0.00348526 0 0.957562 1392.49 1336.59 55.8937 0 -31.548 -31.6604 16 17237.9 363.649 1057 7.4399e-05
17000 0.10438 0.100535 0.00384489 0 0.963164 1402.94 1346.65 56.2924 0 -31.5364 -29.9886 16 17333.9 364.66 1063 9.45764e-05
17100 0.0832823 0.0805119 0.00277044 0 0.966734 1411.28 1354.7 56.5829 0 -31.5343 -31.1756 16 17429.9 365.668 1069 7.53151e-05
17200 0.114024 0.110722 0.00330221 0 0.971039 1422.75 1365.77 56.9829 0 -31.5423 -32.5263 16 17541.9 366.841 1076 0.000102901
17300 0.109568 0.105905 0.00366356 0 0.966564 1433.73 1376.36 57.3634 0 -31.5451 -31.9192 16 17637.9 367.844 1082 9.78786e-05
17400 0.101911 0.098471 0.00343996 0 0.966245 1443.95 1386.21 57.7372 0 -31.5486 -32.0325 16 17733.9 368.843 1088 9.05064e-05
17500 0.0912705 0.0885609 0.00270964 0 0.970312 1453.11 1395.07 58.0468 0 -31.558 -33.0416 16 17829.9 369.84 1094 8.09514e-05
17600 0.0786129 0.076639 0.00197386 0 0.974891 1461.01 1402.73 58.2831 0 -31.5682 -33.4451 16 17941.9 371 1101 6.96085e-05
17700 0.115448 0.111149 0.0042985 0 0.962767 1472.56 1413.84 58.7178 0 -31.5712 -31.9438 16 18037.9 371.991 1107 0.000100406
17800 0.0961543 0.0925981 0.00355622 0 0.963016 1482.19 1423.1 59.089 0 -31.5776 -32.5635 16 18133.9 372.98 1113 8.31969e-05
17900 0.108541 0.105064 0.00347744 0 0.967962 1493.1 1433.61 59.4906 0 -31.5708 -30.6467 16 18229.9 373.966 1119 9.3891e-05
18000 0.0914625 0.0891182 0.00234423 0 0.974369 1502.35 1442.52 59.8265 0 -31.569 -31.2767 16 18341.9 375.113 1126 7.91458e-05
18100 0.0904247 0.0862372 0.00418741 0 0.953692 1511.23 1451.15 60.0836 0 -31.564 -30.7136 16 18437.9 376.093 1132 7.61813e-05
18200 0.0978409 0.0947473 0.00309368 0 0.968381 1521.01 1460.62 60.3883 0 -31.5549 -30.1595 16 18533.9 377.071 1138 8.32577e-05
18300 0.0985245 0.0952351 0.00328944 0 0.966613 1530.88 1470.14 60.7363 0 -31.5436 -29.794 16 18629.9 378.046 1144 8.32474e-05
18400 0.0894816 0.0865583 0.00292331 0 0.967331 1539.9 1478.8 61.0995 0 -31.5408 -31.0754 16 18741.9 379.181 1151 7.52027e-05
18500 0.0958046 0.0929332 0.00287141 0 0.970028 1549.57 1488.09 61.4745 0 -31.5418 -31.6879 16 18837.9 380.151 1157 8.03225e-05
18600 0.0979536 0.0944232 0.00353039 0 0.963959 1559.32 1497.54 61.7893 0 -31.537 -30.7862 16 18933.9 381.118 1163 8.11893e-05
18700 0.100557 0.0968135 0.00374339 0 0.962773 1569.38 1507.22 62.1581 0 -31.532 -30.7441 16 19029.9 382.083 1169 8.28173e-05
18800 0.0997707 0.0965767 0.003194 0 0.967987 1579.39 1516.87 62.5186 0 -31.5291 -31.0833 16 19141.9 383.206 1176 8.21231e-05
18900 0.0846906 0.0805893 0.00410128 0 0.951573 1587.73 1524.93 62.7949 0 -31.5286 -31.4309 16 19237.9 384.166 1182 6.81805e-05
19000 0.0898238 0.0873578 0.00246599 0 0.972546 1596.77 1533.67 63.1051 0 -31.5334 -32.3814 16 19333.9 385.123 1188 7.35335e-05
19100 0.0954539 0.0920823 0.00337165 0 0.964678 1606.23 1542.88 63.3545 0 -31.5345 -31.7181 16 19429.9 386.078 1194 7.71208e-05
19200 0.0951575 0.0928157 0.00234186 0 0.97539 1615.79 1552.16 63.6331 0 -31.5393 -32.3364 16 19541.9 387.189 1201 7.7282e-05
19300 0.100052 0.0954786 0.00457337 0 0.95429 1625.68 1561.71 63.9698 0 -31.539 -31.4988 16 19637.9 388.139 1207 7.91041e-05
19400 0.101149 0.097576 0.00357279 0 0.964678 1635.86 1571.46 64.3986 0 -31.5401 -31.718 16 19733.9 389.087 1213 8.04419e-05
19500 0.0891483 0.0863602 0.00278812 0 0.968725 1644.83 1580.1 64.7307 0 -31.5436 -32.1811 16 19829.9 390.032 1219 7.08451e-05
19600 0.104979 0.101996 0.00298281 0 0.971587 1655.41 1590.3 65.1128 0 -31.5413 -31.18 16 19941.9 391.132 1226 8.31943e-05
19700 0.107662 0.103756 0.00390585 0 0.963721 1666.16 1600.68 65.4808 0 -31.5395 -31.2699 16 20037.9 392.072 1232 8.42176e-05
19800 0.100078 0.0959714 0.00410686 0 0.958963 1676.1 1610.27 65.824 0 -31.5378 -31.2387 16 20133.9 393.01 1238 7.75213e-05
19900 0.108677 0.105034 0.00364343 0 0.966475 1687.03 1620.78 66.2573 0 -31.5361 -31.2819 16 20229.9 393.946 1244 8.44321e-05
20000 0.0950583 0.0915575 0.00350077 0 0.963172 1696.57 1629.93 66.6375 0 -31.5389 -32.0419 16 20341.9 395.035 1251 7.31875e-05
