100 0.00224109 0.00224109 0 0 1 0.230217 0.224109 0.00610844 0 -43.4526 -43.4526 128 453.882 59.0081 1 0.00224109
200 0.00087761 0.000830052 4.75578e-05 0 0.94581 0.317445 0.307114 0.0103312 0 -40.6166 -33.1317 128 581.882 66.8124 2 0.000415026
300 0.00108296 0.000958104 0.000124858 0 0.884707 0.422074 0.402925 0.0191493 0 -38.2475 -31.0593 128 709.882 73.796 3 0.000319368
400 0.00102398 0.000943422 8.0557e-05 0 0.921329 0.524392 0.497267 0.0271247 0 -36.5066 -29.3255 128 837.882 80.1736 4 0.000235856
500 0.000825327 0.000813555 1.17725e-05 0 0.985736 0.60911 0.578622 0.0304878 0 -35.578 -29.8301 128 837.882 80.1736 4 0.000203389
600 0.00362272 0.00348276 0.000139954 0 0.961368 0.975827 0.926899 0.048928 0 -31.8469 -25.6495 128 965.882 86.08 5 0.000696553
700 0.00944987 0.00893665 0.000513217 0 0.945691 1.9209 1.82056 0.100338 0 -27.1269 -22.2533 128 1093.88 91.6063 6 0.00148944
800 0.00540958 0.00505582 0.000353753 0 0.934606 2.46965 2.32615 0.143509 0 -26.2325 -23.1017 128 1221.88 96.8177 7 0.00072226
900 0.0038695 0.00346166 0.000407844 0 0.8946 2.84353 2.67231 0.171219 0 -25.8649 -23.4367 128 1349.88 101.763 8 0.000432707
1000 0.00345233 0.00332003 0.0001323 0 0.961678 3.19802 3.00431 0.193701 0 -25.9112 -26.2827 128 1349.88 101.763 8 0.000415003
1100 0.00474272 0.00448414 0.000258576 0 0.945479 3.67667 3.45273 0.223944 0 -26.1297 -27.5894 128 1477.88 106.478 9 0.000498238
1200 0.0133663 0.0125188 0.000847519 0 0.936593 4.99457 4.70461 0.289969 0 -26.9113 -29.0919 128 1605.88 110.993 10 0.00125188
1300 0.0102912 0.00965811 0.000633084 0 0.938483 6.0375 5.67042 0.367087 0 -27.4441 -29.9955 128 1733.88 115.332 11 0.00087801
1400 0.0068409 0.00655581 0.000285085 0 0.958326 6.74294 6.326 0.416947 0 -27.8286 -31.1198 128 1733.88 115.332 11 0.000595983
1500 0.00837769 0.00793228 0.000445409 0 0.946834 7.58378 7.11923 0.464558 0 -28.2168 -31.3299 128 1861.88 119.513 12 0.000661024
1600 0.00754561 0.00726431 0.000281305 0 0.962719 8.35345 7.84566 0.507797 0 -28.6316 -32.718 128 1989.88 123.553 13 0.000558793
1700 0.00559295 0.0054289 0.000164052 0 0.970668 8.9239 8.38855 0.535353 0 -28.9037 -32.889 128 2117.88 127.465 14 0.000387778
1800 0.00552466 0.0051984 0.00032626 0 0.940945 9.45975 8.90839 0.551361 0 -29.0698 -31.8354 128 2245.88 131.26 15 0.00034656
1900 0.00551776 0.00543372 8.40412e-05 0 0.984769 10.021 9.45176 0.569204 0 -29.3059 -33.2865 128 2245.88 131.26 15 0.000362248
2000 0.00527184 0.00521744 5.44e-05 0 0.989681 10.5572 9.9735 0.583676 0 -29.578 -34.6622 128 2373.88 134.949 16 0.00032609
2100 0.00807651 0.00785049 0.000226027 0 0.972014 11.3622 10.7586 0.603681 0 -29.4379 -27.6005 128 2501.88 138.539 17 0.000461793
2200 0.00668903 0.00641377 0.00027526 0 0.958849 12.0283 11.3999 0.62841 0 -29.392 -28.6104 128 2629.88 142.039 18 0.00035632
2300 0.00512144 0.00495126 0.000170185 0 0.96677 12.5423 11.8951 0.647224 0 -29.4186 -30.04 128 2629.88 142.039 18 0.00027507
2400 0.00524157 0.00509676 0.000144808 0 0.972373 13.0739 12.4047 0.669219 0 -29.4359 -29.8446 128 2757.88 145.455 19 0.000268251
2500 0.00500615 0.00481705 0.000189103 0 0.962226 13.5762 12.8864 0.68972 0 -29.4357 -29.4289 128 2885.88 148.792 20 0.000240852
2600 0.0194147 0.0183858 0.00102894 0 0.947002 15.4651 14.725 0.740104 0 -28.7909 -24.1566 128 3013.88 152.056 21 0.000875514
2700 0.0176179 0.016884 0.000733902 0 0.958343 17.2556 16.4134 0.842202 0 -28.3632 -24.6698 128 3141.88 155.251 22 0.000767453
2800 0.0128375 0.0122404 0.000597096 0 0.953488 18.5458 17.6374 0.908356 0 -28.156 -25.3837 128 3141.88 155.251 22 0.000556382
2900 0.0107664 0.0101908 0.000575616 0 0.946536 19.629 18.6565 0.972459 0 -28.0547 -26.3214 128 3269.88 158.382 23 0.000443078
3000 0.0103422 0.00968607 0.000656097 0 0.936561 20.6616 19.6251 1.03646 0 -27.9656 -26.2717 128 3397.88 161.452 24 0.000403586
3100 0.00905671 0.00863392 0.00042279 0 0.953318 21.5752 20.4885 1.08668 0 -27.9376 -27.3034 128 3525.88 164.465 25 0.000345357
3200 0.0080786 0.00767137 0.000407228 0 0.949592 22.3842 21.2557 1.12856 0 -27.9277 -27.6647 128 3653.88 167.424 26 0.000295053
3300 0.00850306 0.00810634 0.000396719 0 0.953344 23.2423 22.0663 1.17598 0 -27.9658 -28.9587 128 3653.88 167.424 26 0.000311782
3400 0.00709113 0.00684266 0.000248475 0 0.96496 23.9647 22.7506 1.21409 0 -27.9839 -28.5656 128 3781.88 170.331 27 0.000253432
3500 0.0193118 0.0184735 0.000838324 0 0.95659 25.8931 24.5979 1.29519 0 -28.3542 -32.9565 128 3909.88 173.19 28 0.000659766
3600 0.0143225 0.0137172 0.000605257 0 0.957741 27.3284 25.9696 1.35875 0 -28.5927 -32.8947 128 4037.88 176.002 29 0.000473007
3700 0.0105475 0.0102474 0.000300136 0 0.971544 28.3868 26.9944 1.39242 0 -28.7556 -32.9629 128 4037.88 176.002 29 0.000353358
3800 0.00985838 0.00968268 0.0001757 0 0.982178 29.3826 27.9626 1.41998 0 -28.9084 -33.2649 128 4165.88 178.77 30 0.000322756
3900 0.00743255 0.00727997 0.000152585 0 0.979471 30.1262 28.6906 1.43557 0 -29.0075 -32.9235 128 4293.88 181.495 31 0.000234838
4000 0.00680374 0.00657393 0.000229811 0 0.966223 30.8019 29.348 1.45389 0 -29.0768 -32.1649 128 4421.88 184.18 32 0.000205435
4100 0.00791037 0.00690744 0.00100293 0 0.873213 31.513 30.0388 1.47424 0 -29.0636 -28.4929 128 4549.88 186.827 33 0.000209317
4200 0.00889765 0.00885953 3.81188e-05 0 0.995716 32.4345 30.9247 1.50978 0 -29.1085 -30.6423 128 4549.88 186.827 33 0.000268471
4300 0.00668689 0.00664623 4.06594e-05 0 0.99392 33.1058 31.5893 1.51649 0 -29.1613 -31.7127 128 4677.88 189.437 34 0.000195477
4400 0.00695805 0.00685284 0.000105207 0 0.98488 33.8009 32.2746 1.52626 0 -29.2244 -32.2298 128 4805.88 192.011 35 0.000195795
4500 0.00950994 0.00890438 0.00060556 0 0.936323 34.7079 33.1651 1.5428 0 -29.2062 -28.5301 128 4933.88 194.551 36 0.000247344
4600 0.00939055 0.00922832 0.000162235 0 0.982724 35.6562 34.0879 1.56834 0 -29.2063 -29.2069 128 4933.88 194.551 36 0.000256342
4700 0.0150401 0.0146493 0.000390772 0 0.974018 37.1763 35.5528 1.62348 0 -29.107 -26.7798 128 5061.88 197.059 37 0.000395928
4800 0.0127978 0.0123319 0.000465819 0 0.963602 38.4585 36.786 1.67246 0 -29.1153 -29.3534 128 5189.88 199.535 38 0.000324525
4900 0.00973175 0.00946759 0.000264164 0 0.972855 39.44 37.7328 1.70721 0 -29.142 -30.19 128 5317.88 201.98 39 0.000242759
5000 0.00792593 0.00777477 0.000151162 0 0.980928 40.2381 38.5103 1.72781 0 -29.1748 -30.7936 128 5445.88 204.397 40 0.000194369
5100 0.00680646 0.00672122 8.52335e-05 0 0.987478 40.921 39.1824 1.73858 0 -29.2103 -31.3041 128 5445.88 204.397 40 0.000168031
5200 0.012785 0.0123446 0.000440388 0 0.965554 42.2149 40.4168 1.79801 0 -29.1846 -28.3729 128 5573.88 206.785 41 0.000301087
5300 0.0102524 0.0100224 0.000229993 0 0.977567 43.2582 41.4191 1.83914 0 -29.2103 -30.2486 128 5701.88 209.146 42 0.000238629
5400 0.00885096 0.00857113 0.000279827 0 0.968385 44.1334 42.2762 1.85719 0 -29.2285 -30.1271 128 5829.88 211.48 43 0.000199329
5500 0.00749684 0.00739655 0.000100292 0 0.986622 44.8889 43.0159 1.873 0 -29.2585 -31.0115 128 5829.88 211.48 43 0.000172013
5600 0.00652747 0.00648412 4.33454e-05 0 0.99336 45.5484 43.6643 1.88411 0 -29.2963 -31.8677 128 5957.88 213.789 44 0.000147366
5700 0.0121332 0.0117853 0.000347864 0 0.971329 46.7686 44.8428 1.92584 0 -29.3387 -30.9237 128 6085.88 216.074 45 0.000261895
5800 0.0108837 0.0102664 0.00061733 0 0.943279 47.8527 45.8694 1.98323 0 -29.3565 -30.123 128 6213.88 218.334 46 0.000223182
5900 0.0114818 0.0107759 0.000705932 0 0.938518 48.9768 46.947 2.02981 0 -29.3603 -29.522 128 6341.88 220.571 47 0.000229275
6000 0.0117296 0.0113792 0.000350367 0 0.97013 50.1677 48.0849 2.08272 0 -29.3802 -30.1974 128 6341.88 220.571 47 0.000242111
6100 0.0132064 0.0126092 0.000597254 0 0.954775 51.4951 49.3459 2.14922 0 -29.4444 -31.8715 128 6469.88 222.786 48 0.000262691
6200 0.0160674 0.0153153 0.000752037 0 0.953195 53.1231 50.8774 2.24566 0 -29.4689 -30.2437 128 6597.88 224.979 49 0.000312558
6300 0.0109483 0.0104014 0.00054696 0 0.950042 54.2329 51.9175 2.31537 0 -29.4943 -30.7116 128 6725.88 227.151 50 0.000208027
6400 0.00828234 0.00807183 0.000210512 0 0.974583 55.0835 52.7247 2.35881 0 -29.5339 -32.0555 128 6853.88 229.302 51 0.000158271
6500 0.00763062 0.00749599 0.000134627 0 0.982357 55.8568 53.4743 2.38244 0 -29.5737 -32.4094 128 6853.88 229.302 51 0.00014698
6600 0.00800944 0.00770821 0.000301236 0 0.96239 56.6621 54.2451 2.41698 0 -29.6107 -32.1761 128 6981.88 231.434 52 0.000148235
6700 0.0242378 0.0227954 0.00144247 0 0.940487 59.0448 56.5247 2.52012 0 -29.6671 -31.0104 128 7109.88 233.545 53 0.000430101
6800 0.0215225 0.0201832 0.00133929 0 0.937773 61.2021 58.543 2.65913 0 -29.7271 -31.3683 128 7237.88 235.638 54 0.000373763
6900 0.0154518 0.0145099 0.000941831 0 0.939047 62.7623 59.994 2.76835 0 -29.7757 -31.6829 128 7237.88 235.638 54 0.000268703
7000 0.0134037 0.0128529 0.000550877 0 0.958901 64.1313 61.2793 2.85201 0 -29.8174 -31.728 128 7365.88 237.713 55 0.000233688
7100 0.0108363 0.010589 0.000247296 0 0.977179 65.2475 62.3382 2.90932 0 -29.8719 -33.0009 128 7493.88 239.769 56 0.000189089
7200 0.010792 0.0102429 0.00054904 0 0.949125 66.3098 63.3625 2.94735 0 -29.909 -32.1912 128 7621.88 241.808 57 0.000179701
7300 0.0105342 0.00966983 0.000864354 0 0.917948 67.3293 64.3294 2.99988 0 -29.9322 -31.4372 128 7749.88 243.83 58 0.000166721
7400 0.00982115 0.0096985 0.000122651 0 0.987512 68.3299 65.2993 3.03056 0 -29.9894 -33.8413 128 7749.88 243.83 58 0.000167215
7500 0.0202401 0.0195561 0.00068401 0 0.966205 70.3591 67.2549 3.10425 0 -29.9667 -29.202 128 7877.88 245.836 59 0.000331459
7600 0.0136565 0.0130397 0.000616768 0 0.954837 71.7274 68.5589 3.16857 0 -29.9757 -30.4366 128 8005.88 247.825 60 0.000217329
7700 0.0154313 0.0141384 0.0012929 0 0.916216 73.2027 69.9727 3.22995 0 -29.9861 -30.4958 128 8133.88 249.798 61 0.000231777
7800 0.0152518 0.0145307 0.000721139 0 0.952718 74.7347 71.4258 3.30891 0 -30.0355 -32.3955 128 8133.88 249.798 61 0.000238208
7900 0.0307592 0.0295148 0.00124446 0 0.959542 77.8095 74.3773 3.43219 0 -29.9573 -28.0561 128 8261.88 251.756 62 0.000476045
8000 0.0215279 0.0207058 0.000822086 0 0.961813 79.9875 76.4478 3.53963 0 -29.9229 -28.6934 128 8389.88 253.699 63 0.000328664
8100 0.0218887 0.0208592 0.00102953 0 0.952965 82.1595 78.5338 3.62575 0 -29.9121 -29.5151 128 8517.88 255.626 64 0.000325925
8200 0.0198422 0.0188906 0.000951549 0 0.952044 84.1439 80.4228 3.72103 0 -29.9149 -30.0319 128 8645.88 257.54 65 0.000290625
8300 0.0169726 0.0163234 0.000649178 0 0.961751 85.8614 82.0552 3.80621 0 -29.9283 -30.5841 128 8645.88 257.54 65 0.00025113
8400 0.0156514 0.0151162 0.000535175 0 0.965807 87.4353 83.5668 3.86848 0 -29.9458 -30.8973 128 8773.88 259.439 66 0.000229034
8500 0.0156441 0.0150699 0.000574172 0 0.963298 89.0035 85.0738 3.92971 0 -29.9682 -31.2196 128 8901.88 261.325 67 0.000224924
8600 0.0158236 0.0149798 0.0008438 0 0.946675 90.5673 86.5718 3.99556 0 -29.9753 -30.3798 128 9029.88 263.197 68 0.000220291
8700 0.0144996 0.0140415 0.00045809 0 0.968407 92.0304 87.9759 4.05452 0 -29.9932 -31.1001 128 9029.88 263.197 68 0.000206492
8800 0.0138867 0.0135135 0.000373223 0 0.973124 93.4419 89.3273 4.11465 0 -30.0123 -31.2593 128 9157.88 265.056 69 0.000195848
8900 0.0125591 0.0121287 0.000430411 0 0.965729 94.6985 90.5401 4.15838 0 -30.0305 -31.386 128 9285.88 266.902 70 0.000173267
9000 0.0132879 0.0129436 0.000344304 0 0.974089 96.0282 91.8345 4.19372 0 -30.0611 -32.2337 128 9413.88 268.735 71 0.000182304
9100 0.0153457 0.0142151 0.00113063 0 0.926322 97.4923 93.256 4.23628 0 -30.0663 -30.4121 128 9541.88 270.556 72 0.000197431
9200 0.0164021 0.0158113 0.000590767 0 0.963982 99.165 94.8371 4.32785 0 -30.0784 -30.7793 128 9541.88 270.556 72 0.000219601
9300 0.0150561 0.0145381 0.000518025 0 0.965594 100.689 96.2909 4.39833 0 -30.0965 -31.2791 128 9669.88 272.365 73 0.000199152
9400 0.0183855 0.0175022 0.000883296 0 0.951957 102.519 98.0412 4.4774 0 -30.0654 -28.3518 128 9797.88 274.161 74 0.000236516
9500 0.0168795 0.0161499 0.000729633 0 0.956774 104.205 99.6561 4.54886 0 -30.053 -29.3014 128 9925.88 275.946 75 0.000215331
9600 0.0140344 0.0137103 0.000324161 0 0.976902 105.628 101.027 4.60065 0 -30.0632 -30.8081 128 10053.9 277.72 76 0.000180398
9700 0.0182349 0.0178861 0.000348813 0 0.980871 107.489 102.816 4.67312 0 -30.0746 -30.7218 128 10053.9 277.72 76 0.000235343
9800 0.0126374 0.012442 0.000195366 0 0.984541 108.76 104.06 4.70029 0 -30.0965 -31.9437 128 10181.9 279.482 77 0.000161584
9900 0.0139638 0.0136788 0.000284944 0 0.979594 110.152 105.428 4.72431 0 -30.109 -31.0869 128 10309.9 281.233 78 0.00017537
10000 0.0125439 0.0123311 0.000212792 0 0.983036 111.403 106.661 4.74172 0 -30.127 -31.7117 128 10437.9 282.974 79 0.00015609
10100 0.0108699 0.0108007 6.92313e-05 0 0.993631 112.495 107.741 4.7536 0 -30.1515 -32.656 128 10437.9 282.974 79 0.000136717
10200 0.017859 0.0175304 0.000328599 0 0.9816 114.295 109.494 4.80051 0 -30.1692 -31.2721 128 10565.9 284.704 80 0.00021913
10300 0.0127352 0.0125233 0.000211899 0 0.983361 115.578 110.746 4.83194 0 -30.1925 -32.2703 128 10693.9 286.423 81 0.000154608
10400 0.0112125 0.0110326 0.000179933 0 0.983953 116.703 111.85 4.85315 0 -30.2174 -32.7801 128 10821.9 288.132 82 0.000134544
10500 0.0115364 0.0110966 0.000439795 0 0.961878 117.827 112.959 4.8673 0 -30.2336 -31.9101 128 10949.9 289.831 83 0.000133694
10600 0.0146934 0.0144924 0.000201016 0 0.986319 119.306 114.409 4.89774 0 -30.2517 -31.6985 128 10949.9 289.831 83 0.000174607
10700 0.0133878 0.0131543 0.000233417 0 0.982565 120.655 115.724 4.93115 0 -30.2809 -32.8609 128 11077.9 291.52 84 0.000156599
10800 0.0115328 0.0114046 0.000128176 0 0.988886 121.815 116.864 4.95078 0 -30.31 -33.3396 128 11205.9 293.199 85 0.000134172
10900 0.0223701 0.0207018 0.00166822 0 0.925426 123.94 118.935 5.00527 0 -30.3083 -30.2082 128 11333.9 294.869 86 0.000240719
11000 0.0244771 0.0235461 0.000931051 0 0.961962 126.411 121.289 5.1216 0 -30.3337 -31.6088 128 11333.9 294.869 86 0.000273792
11100 0.0188693 0.0182751 0.000594217 0 0.968509 128.314 123.117 5.19694 0 -30.359 -32.0361 128 11461.9 296.53 87 0.000210059
11200 0.0160596 0.0157874 0.000272132 0 0.983055 129.946 124.696 5.25027 0 -30.3982 -33.4845 128 11589.9 298.181 88 0.000179403
11300 0.0160512 0.0154162 0.000634957 0 0.960442 131.533 126.237 5.29558 0 -30.4297 -33.0112 128 11717.9 299.823 89 0.000173216
11400 0.0144586 0.0141222 0.000336431 0 0.976731 132.992 127.649 5.34286 0 -30.4643 -33.5766 128 11845.9 301.456 90 0.000156913
11500 0.0128167 0.0126446 0.000172079 0 0.986574 134.282 128.914 5.36805 0 -30.4959 -33.7565 128 11845.9 301.456 90 0.000140496
11600 0.0115034 0.0114216 8.18899e-05 0 0.992881 135.444 130.056 5.38792 0 -30.5294 -34.407 128 11973.9 303.08 91 0.000125512
11700 0.01592 0.0154331 0.000486984 0 0.969411 137.023 131.599 5.42381 0 -30.5505 -32.3556 128 12101.9 304.696 92 0.000167751
11800 0.0125585 0.0123908 0.000167648 0 0.986651 138.29 132.838 5.45126 0 -30.5766 -33.4002 128 12229.9 306.303 93 0.000133235
11900 0.0108268 0.010722 0.000104804 0 0.99032 139.375 133.911 5.46467 0 -30.6046 -34.1739 128 12229.9 306.303 93 0.000115291
12000 0.0103223 0.0102921 3.01873e-05 0 0.997076 140.411 134.94 5.47091 0 -30.6348 -34.6953 128 12357.9 307.902 94 0.00010949
12100 0.0106344 0.010616 1.83624e-05 0 0.998273 141.491 136.001 5.48949 0 -30.6673 -34.8928 128 12485.9 309.492 95 0.000111748
12200 0.0156761 0.0152158 0.000460376 0 0.970632 143.043 137.523 5.5202 0 -30.6808 -31.9114 128 12613.9 311.075 96 0.000158498
12300 0.014453 0.0140831 0.000369876 0 0.974408 144.482 138.931 5.551 0 -30.6973 -32.3417 128 12741.9 312.649 97 0.000145187
12400 0.013011 0.0128496 0.000161405 0 0.987595 145.792 140.216 5.57566 0 -30.7146 -32.6208 128 12741.9 312.649 97 0.00013247
12500 0.0186471 0.0182514 0.000395734 0 0.978778 147.664 142.041 5.62311 0 -30.6958 -29.2298 128 12869.9 314.215 98 0.000186239
12600 0.016631 0.0163839 0.000247067 0 0.985144 149.357 143.68 5.67749 0 -30.7034 -31.3668 128 12997.9 315.774 99 0.000165494
12700 0.0139705 0.0136881 0.0002824 0 0.979786 150.753 145.049 5.70489 0 -30.7154 -32.0004 128 13125.9 317.325 100 0.000136881
12800 0.0119441 0.011795 0.000149066 0 0.98752 151.957 146.228 5.72877 0 -30.7321 -32.8296 128 13253.9 318.868 101 0.000116783
12900 0.0143644 0.0140859 0.000278507 0 0.980611 153.402 147.637 5.76578 0 -30.7476 -32.3707 128 13253.9 318.868 101 0.000139464
13000 0.0131688 0.0130104 0.000158474 0 0.987966 154.746 148.938 5.80875 0 -30.761 -32.2898 128 13381.9 320.405 102 0.000127552
13100 0.0124886 0.0123089 0.000179632 0 0.985616 155.996 150.169 5.82762 0 -30.7812 -33.2843 128 13509.9 321.933 103 0.000119504
13200 0.0111565 0.0110244 0.000132071 0 0.988162 157.115 151.271 5.84377 0 -30.8025 -33.7799 128 13637.9 323.455 104 0.000106004
13300 0.00980911 0.00978901 2.0092e-05 0 0.997952 158.1 152.25 5.85041 0 -30.8261 -34.5831 128 13637.9 323.455 104 9.41251e-05
13400 0.00913801 0.00911792 2.0092e-05 0 0.997801 159.019 153.162 5.85706 0 -30.8508 -35.0969 128 13765.9 324.969 105 8.68373e-05
13500 0.00854132 0.00854132 0 0 1 159.875 154.016 5.8587 0 -30.8746 -35.3107 128 13893.9 326.476 106 8.05785e-05
13600 0.00880726 0.00871898 8.82785e-05 0 0.989977 160.751 154.888 5.86332 0 -30.8934 -34.3156 128 14021.9 327.977 107 8.14858e-05
13700 0.0083512 0.00813803 0.000213173 0 0.974474 161.568 155.702 5.86656 0 -30.9101 -34.1861 128 14149.9 329.47 108 7.53521e-05
13800 0.00844594 0.00839808 4.78534e-05 0 0.994334 162.419 156.541 5.8772 0 -30.9268 -34.1118 128 14149.9 329.47 108 7.776e-05
13900 0.0111712 0.0110655 0.000105706 0 0.990538 163.543 157.648 5.8953 0 -30.935 -32.1101 128 14277.9 330.957 109 0.000101519
14000 0.0313503 0.0287543 0.00259608 0 0.917191 166.543 160.523 6.02007 0 -30.9406 -31.2499 128 14405.9 332.437 110 0.000261402
14100 0.0258538 0.0237712 0.00208259 0 0.919447 169.12 162.9 6.22001 0 -30.9576 -32.0528 128 14533.9 333.911 111 0.000214155
14200 0.0187406 0.0174062 0.00133437 0 0.928798 171.028 164.641 6.38648 0 -30.9791 -32.8912 128 14533.9 333.911 111 0.000156812
14300 0.0157612 0.0149829 0.000778304 0 0.950619 172.635 166.139 6.49567 0 -31.0046 -33.7165 128 14661.9 335.378 112 0.000133776
14400 0.0138712 0.013525 0.000346184 0 0.975043 174.047 167.492 6.55479 0 -31.0368 -34.9687 128 14789.9 336.839 113 0.000119691
14500 0.0251157 0.0236576 0.00145811 0 0.941945 176.483 169.858 6.62585 0 -31.0274 -30.3585 128 14917.9 338.293 114 0.000207523
14600 0.0198873 0.0189983 0.000889005 0 0.955298 178.472 171.757 6.71447 0 -31.0336 -31.5843 128 15045.9 339.742 115 0.000165203
14700 0.0146762 0.014228 0.0004482 0 0.969461 179.949 173.18 6.76843 0 -31.0541 -33.5309 128 15045.9 339.742 115 0.000123722
14800 0.0131876 0.012981 0.00020658 0 0.984335 181.296 174.478 6.81759 0 -31.0823 -34.8525 128 15173.9 341.184 116 0.000111905
14900 0.0149292 0.0145766 0.000352532 0 0.976386 182.792 175.936 6.85609 0 -31.1098 -34.4407 128 15301.9 342.62 117 0.000124587
15000 0.0126581 0.0123851 0.000272918 0 0.978439 184.059 177.175 6.88475 0 -31.1361 -34.9294 128 15429.9 344.05 118 0.000104959
15100 0.0109003 0.0108829 1.73722e-05 0 0.998406 185.165 178.263 6.90231 0 -31.1648 -35.9369 128 15429.9 344.05 118 9.22282e-05
15200 0.0113616 0.0113338 2.78213e-05 0 0.997551 186.309 179.396 6.9128 0 -31.1871 -34.7993 128 15557.9 345.474 119 9.52418e-05
15300 0.0108887 0.0107707 0.000117981 0 0.989165 187.403 180.473 6.92947 0 -31.2119 -35.4419 128 15685.9 346.892 120 8.97559e-05
15400 0.0149635 0.0143566 0.000606885 0 0.959442 188.874 181.909 6.96461 0 -31.2392 -34.7109 128 15813.9 348.305 121 0.00011865
15500 0.0127581 0.0126067 0.000151442 0 0.98813 190.167 183.17 6.99771 0 -31.2745 -36.4318 128 15941.9 349.711 122 0.000103333
15600 0.0101497 0.0100848 6.48573e-05 0 0.99361 191.186 184.178 7.00818 0 -31.3055 -37.0837 128 15941.9 349.711 122 8.26622e-05
15700 0.0145345 0.0141929 0.00034165 0 0.976494 192.635 185.597 7.03768 0 -31.3282 -34.3255 128 16069.9 351.113 123 0.000115389
15800 0.0116582 0.0114159 0.000242226 0 0.979223 193.811 186.739 7.07176 0 -31.3543 -35.639 128 16197.9 352.508 124 9.2064e-05
15900 0.0202916 0.0189108 0.00138073 0 0.931955 195.773 188.63 7.14321 0 -31.3306 -28.9813 128 16325.9 353.898 125 0.000151287
16000 0.0196017 0.0187865 0.000815156 0 0.958414 197.771 190.509 7.26265 0 -31.3135 -29.646 128 16453.9 355.283 126 0.000149099
16100 0.0171897 0.0162787 0.000910981 0 0.947004 199.502 192.137 7.36589 0 -31.3011 -29.883 128 16453.9 355.283 126 0.000129196
16200 0.0248473 0.0238859 0.000961378 0 0.961309 202.012 194.525 7.48694 0 -31.3237 -33.1152 128 16581.9 356.662 127 0.000188078
16300 0.0182681 0.0174111 0.000857056 0 0.953085 203.846 196.266 7.57948 0 -31.3337 -32.4428 128 16709.9 358.036 128 0.000136024
16400 0.0149557 0.0144506 0.000505033 0 0.966231 205.357 197.711 7.6456 0 -31.3465 -33.0719 128 16837.9 359.405 129 0.00011202
16500 0.0127982 0.0126053 0.00019285 0 0.984931 206.639 198.972 7.66733 0 -31.3646 -34.2524 128 16837.9 359.405 129 9.77158e-05
16600 0.0137445 0.0135831 0.000161427 0 0.988255 208.026 200.33 7.69541 0 -31.3802 -33.7055 128 16965.9 360.768 130 0.000104485
16700 0.0115907 0.0113915 0.000199164 0 0.982817 209.186 201.469 7.71665 0 -31.399 -34.7863 128 17093.9 362.127 131 8.6958e-05
16800 0.0106725 0.0105909 8.16366e-05 0 0.992351 210.26 202.528 7.73207 0 -31.4185 -35.212 128 17221.9 363.48 132 8.02337e-05
16900 0.0102704 0.0100839 0.000186511 0 0.98184 211.271 203.537 7.73454 0 -31.4348 -34.8232 128 17349.9 364.828 133 7.58185e-05
17000 0.0105911 0.0105614 2.96536e-05 0 0.9972 212.337 204.593 7.74392 0 -31.4495 -34.3604 128 17349.9 364.828 133 7.94091e-05
17100 0.00944059 0.00939592 4.46674e-05 0 0.995269 213.283 205.533 7.75086 0 -31.4669 -35.3589 128 17477.9 366.171 134 7.01188e-05
17200 0.0143893 0.0140498 0.000339525 0 0.976404 214.715 206.937 7.7772 0 -31.4606 -30.5268 128 17605.9 367.51 135 0.000104072
17300 0.0170645 0.0162361 0.000828427 0 0.951453 216.39 208.561 7.82902 0 -31.4384 -28.5894 128 17733.9 368.843 136 0.000119383
17400 0.0154357 0.014928 0.000507699 0 0.967109 217.954 210.054 7.89993 0 -31.4244 -29.4964 128 17733.9 368.843 136 0.000109764
17500 0.0129762 0.0125081 0.000468118 0 0.963925 219.255 211.305 7.95036 0 -31.4236 -31.2792 128 17861.9 370.172 137 9.13001e-05
17600 0.0120713 0.0115789 0.000492401 0 0.959209 220.464 212.463 8.00149 0 -31.4239 -31.4766 128 17989.9 371.496 138 8.39053e-05
17700 0.0102251 0.00993232 0.000292805 0 0.971364 221.487 213.456 8.03139 0 -31.4303 -32.8165 128 18117.9 372.815 139 7.14555e-05
17800 0.00915213 0.00892839 0.00022374 0 0.975553 222.405 214.349 8.05594 0 -31.4393 -33.613 128 18245.9 374.13 140 6.37742e-05
17900 0.00841423 0.00820465 0.000209577 0 0.975093 223.246 215.169 8.07714 0 -31.4493 -34.0953 128 18245.9 374.13 140 5.86046e-05
18000 0.00936086 0.00919226 0.000168598 0 0.981989 224.192 216.088 8.10341 0 -31.4626 -34.6139 128 18373.9 375.44 141 6.51933e-05
18100 0.0100552 0.0097011 0.000354116 0 0.964783 225.189 217.058 8.13089 0 -31.4707 -33.2741 128 18501.9 376.745 142 6.83176e-05
18200 0.00932473 0.00905203 0.000272699 0 0.970755 226.128 217.964 8.16409 0 -31.4809 -33.9379 128 18629.9 378.046 143 6.33009e-05
18300 0.00838133 0.00816163 0.0002197 0 0.973787 226.969 218.78 8.18878 0 -31.4924 -34.5809 128 18629.9 378.046 143 5.70743e-05
18400 0.0119808 0.011663 0.00031787 0 0.973468 228.171 219.946 8.22462 0 -31.5069 -34.2449 128 18757.9 379.343 144 8.09927e-05
18500 0.00985431 0.00961669 0.000237626 0 0.975886 229.161 220.908 8.25337 0 -31.5186 -34.2038 128 18885.9 380.635 145 6.6322e-05
18600 0.00931665 0.00907681 0.000239843 0 0.974256 230.094 221.815 8.27803 0 -31.5319 -34.8239 128 19013.9 381.923 146 6.21699e-05
18700 0.010053 0.00961496 0.000438059 0 0.956425 231.076 222.777 8.29879 0 -31.5391 -33.206 128 19141.9 383.206 147 6.54079e-05
18800 0.0101036 0.00997958 0.000123971 0 0.98773 232.096 223.775 8.32068 0 -31.5491 -33.8236 128 19141.9 383.206 147 6.78883e-05
18900 0.0137012 0.0136718 2.9398e-05 0 0.997854 233.509 225.142 8.36695 0 -31.5533 -32.2384 128 19269.9 384.485 148 9.23769e-05
19000 0.00887049 0.00880284 6.76549e-05 0 0.992373 234.395 226.022 8.37242 0 -31.5652 -34.7216 128 19397.9 385.76 149 5.90795e-05
19100 0.00840884 0.00830119 0.000107643 0 0.987199 235.232 226.853 8.37938 0 -31.5784 -35.2614 128 19525.9 387.031 150 5.53413e-05
19200 0.00749217 0.00745176 4.04103e-05 0 0.994606 235.985 227.598 8.38711 0 -31.5928 -36.0815 128 19653.9 388.297 151 4.93494e-05
19300 0.00750699 0.00737249 0.000134502 0 0.982083 236.746 228.335 8.41119 0 -31.605 -35.388 128 19653.9 388.297 151 4.88244e-05
19400 0.0125924 0.0121839 0.000408417 0 0.967566 238.004 229.553 8.45063 0 -31.603 -31.2369 128 19781.9 389.56 152 8.01575e-05
19500 0.0134154 0.0129681 0.00044725 0 0.966661 239.363 230.85 8.513 0 -31.6025 -31.5037 128 19909.9 390.818 153 8.47591e-05
19600 0.0107471 0.00977614 0.000970997 0 0.909651 240.38 231.828 8.55272 0 -31.6002 -31.0616 128 20037.9 392.072 154 6.34814e-05
19700 0.00915353 0.00872712 0.000426412 0 0.953416 241.306 232.7 8.60559 0 -31.604 -32.5905 128 20037.9 392.072 154 5.66696e-05
19800 0.00792701 0.00771645 0.000210561 0 0.973438 242.106 233.472 8.63389 0 -31.6132 -34.4109 128 20165.9 393.322 155 4.97835e-05
19900 0.00790537 0.00779867 0.000106703 0 0.986503 242.905 234.252 8.6535 0 -31.6245 -35.0457 128 20293.9 394.569 156 4.99915e-05
20000 0.00688937 0.00683355 5.58133e-05 0 0.991899 243.598 234.935 8.66241 0 -31.636 -35.6607 128 20421.9 395.811 157 4.35258e-05
