100 0.0380069 0.0335891 0.00441776 0 0.883764 3.53322 3.35891 0.174308 0 -24.9276 -24.9276 16 437.882 57.9587 7 0.00479844
200 0.0432181 0.0405849 0.00263324 0 0.939071 7.90907 7.4174 0.491672 0 -26.8921 -28.4783 16 533.882 63.9974 13 0.00312192
300 0.0376191 0.0344818 0.0031373 0 0.916604 11.7021 10.8656 0.836558 0 -27.0316 -27.3224 16 629.882 69.5136 19 0.00181483
400 0.0357119 0.0331136 0.00259831 0 0.927242 15.2852 14.1769 1.10823 0 -27.301 -28.181 16 741.882 75.441 26 0.0012736
500 0.0391501 0.036633 0.00251713 0 0.935706 19.2249 17.8402 1.3847 0 -27.3802 -27.6874 16 837.882 80.1736 32 0.00114478
600 0.0377326 0.0353005 0.00243209 0 0.935544 22.9975 21.3703 1.62722 0 -27.5597 -28.4744 16 933.882 84.642 38 0.000928961
700 0.0334765 0.0318091 0.0016674 0 0.950192 26.3709 24.5512 1.81971 0 -27.7755 -29.2472 16 1029.88 88.8861 44 0.000722934
800 0.0333499 0.0317559 0.00159398 0 0.952204 29.7852 27.7268 2.05839 0 -28.1113 -30.705 16 1141.88 93.5946 51 0.000622664
900 0.051759 0.0494916 0.00226739 0 0.956193 35.0138 32.676 2.3379 0 -28.334 -29.6024 16 1237.88 97.4495 57 0.000868274
1000 0.0513632 0.048487 0.00287616 0 0.944003 40.1436 37.5247 2.61897 0 -28.3664 -28.5874 16 1333.88 101.158 63 0.000769635
1100 0.0624909 0.0588584 0.00363248 0 0.941872 46.3585 43.4105 2.948 0 -28.5069 -29.4148 16 1429.88 104.735 69 0.000853021
1200 0.0669806 0.0633263 0.0036543 0 0.945442 53.0817 49.7431 3.33859 0 -28.4744 -28.2504 16 1541.88 108.759 76 0.000833241
1300 0.0782982 0.0746567 0.0036415 0 0.953492 60.9964 57.2088 3.78763 0 -28.6148 -29.5558 16 1637.88 112.094 82 0.000910447
1400 0.0524899 0.0498945 0.00259543 0 0.950554 66.2865 62.1982 4.08823 0 -28.692 -29.5833 16 1733.88 115.332 88 0.000566983
1500 0.0446744 0.0428072 0.00186717 0 0.958205 70.781 66.479 4.30207 0 -28.7784 -30.0522 16 1829.88 118.482 94 0.000455396
1600 0.0828057 0.0791681 0.0036376 0 0.956071 79.0956 74.3958 4.69983 0 -28.9389 -30.3055 16 1941.88 122.054 101 0.000783842
1700 0.0648452 0.0620685 0.00277671 0 0.957179 85.6758 80.6026 5.07314 0 -29.0087 -29.8473 16 2037.88 125.034 107 0.00058008
1800 0.0607244 0.0585977 0.00212667 0 0.964978 91.8332 86.4624 5.37082 0 -29.1583 -31.2405 16 2133.88 127.946 113 0.000518564
1900 0.0478505 0.0462405 0.00160995 0 0.966355 96.6364 91.0864 5.54997 0 -29.2759 -31.5244 16 2229.88 130.792 119 0.000388576
2000 0.0513752 0.049617 0.00175818 0 0.965778 101.776 96.0481 5.72832 0 -29.3265 -30.2779 16 2341.88 134.036 126 0.000393786
2100 0.0530475 0.0501874 0.00286004 0 0.946085 107.022 101.067 5.95481 0 -29.3805 -30.4265 16 2437.88 136.756 132 0.000380208
2200 0.0463386 0.045048 0.0012906 0 0.972148 111.683 105.572 6.11099 0 -29.4892 -31.9849 16 2533.88 139.423 138 0.000326435
2300 0.0458284 0.0442853 0.00154307 0 0.966329 116.241 110 6.24066 0 -29.5448 -30.9085 16 2629.88 142.039 144 0.000307537
2400 0.0589922 0.0566698 0.00232243 0 0.960632 122.146 115.667 6.47926 0 -29.5678 -30.0204 16 2741.88 145.032 151 0.000375297
2500 0.048645 0.0464103 0.00223471 0 0.954061 127.01 120.308 6.70205 0 -29.6256 -31.0774 16 2837.88 147.549 157 0.000295607
2600 0.0400371 0.0388368 0.00120033 0 0.97002 131.063 124.192 6.87131 0 -29.6998 -32.0232 16 2933.88 150.024 163 0.000238263
2700 0.044479 0.0415721 0.00290689 0 0.934646 135.392 128.349 7.04293 0 -29.7491 -31.2416 16 3029.88 152.459 169 0.000245989
2800 0.0503223 0.048313 0.00200929 0 0.960071 140.487 133.18 7.3063 0 -29.8391 -32.2314 16 3141.88 155.251 176 0.000274505
2900 0.0454767 0.0433589 0.00211788 0 0.953429 145.041 137.516 7.52498 0 -29.8612 -30.5425 16 3237.88 157.605 182 0.000238235
3000 0.0506233 0.0474161 0.00320716 0 0.936647 150.026 142.258 7.76812 0 -29.8989 -30.9963 16 3333.88 159.925 188 0.000252214
3100 0.0519014 0.0487411 0.00316031 0 0.939109 155.143 147.132 8.01053 0 -29.9387 -31.1078 16 3429.88 162.211 194 0.000251243
3200 0.0803102 0.0770466 0.00326363 0 0.959362 163.257 154.837 8.42044 0 -29.9704 -30.5759 16 3541.88 164.838 201 0.000383317
3300 0.0637522 0.0610175 0.00273463 0 0.957105 169.653 160.938 8.71469 0 -30.0102 -31.0248 16 3637.88 167.057 207 0.000294771
3400 0.0503581 0.0483037 0.00205433 0 0.959206 174.717 165.769 8.9484 0 -30.0584 -31.6761 16 3733.88 169.247 213 0.000226778
3500 0.0553512 0.0521051 0.00324612 0 0.941354 180.15 170.979 9.17041 0 -30.0674 -30.356 16 3829.88 171.409 219 0.000237923
3600 0.064599 0.061975 0.00262406 0 0.959379 186.661 177.177 9.48441 0 -30.0931 -30.8031 16 3941.88 173.897 226 0.000274225
3700 0.0801826 0.0764191 0.00376354 0 0.953063 194.641 184.819 9.82178 0 -30.1569 -31.6494 16 4037.88 176.002 232 0.000329393
3800 0.0750381 0.0720362 0.00300197 0 0.959994 202.17 192.022 10.1473 0 -30.1996 -31.3041 16 4133.88 178.082 238 0.000302673
3900 0.0610117 0.0587598 0.00225182 0 0.963092 208.293 197.898 10.3951 0 -30.2334 -31.3483 16 4229.88 180.138 244 0.000240819
4000 0.0585956 0.0564988 0.0020968 0 0.964216 214.153 203.548 10.605 0 -30.2943 -32.459 16 4341.88 182.507 251 0.000225095
4100 0.0649755 0.063145 0.00183052 0 0.971828 220.696 209.863 10.8337 0 -30.3425 -31.9204 16 4437.88 184.513 257 0.0002457
4200 0.0643075 0.0620118 0.00229573 0 0.964301 227.163 216.064 11.0987 0 -30.3625 -31.0446 16 4533.88 186.498 263 0.000235786
4300 0.0661342 0.0631383 0.00299596 0 0.954699 233.748 222.378 11.3702 0 -30.3531 -30.0306 16 4629.88 188.463 269 0.000234715
4400 0.0860647 0.0830848 0.00297992 0 0.965376 242.426 230.686 11.7403 0 -30.2989 -28.838 16 4741.88 190.728 276 0.000301032
4500 0.0851764 0.0809088 0.00426757 0 0.949897 250.883 238.777 12.1059 0 -30.2474 -28.7699 16 4837.88 192.649 282 0.000286911
4600 0.0780378 0.0742269 0.00381091 0 0.951166 258.672 246.2 12.4725 0 -30.2281 -29.6073 16 4933.88 194.551 288 0.000257732
4700 0.101674 0.0966937 0.00498026 0 0.951017 268.829 255.869 12.9598 0 -30.1462 -28.0598 16 5029.88 196.435 294 0.00032889
4800 0.0836828 0.0797853 0.00389753 0 0.953425 277.23 263.848 13.3827 0 -30.1093 -28.9303 16 5141.88 198.61 301 0.000265067
4900 0.0846965 0.0806226 0.00407391 0 0.9519 285.734 271.91 13.8238 0 -30.1059 -29.9938 16 5237.88 200.455 307 0.000262614
5000 0.0807313 0.0767327 0.00399865 0 0.95047 293.855 279.583 14.2722 0 -30.1107 -30.2793 16 5333.88 202.284 313 0.000245152
5100 0.063613 0.0608647 0.00274825 0 0.956797 300.224 285.67 14.5541 0 -30.125 -30.7861 16 5429.88 204.096 319 0.000190799
5200 0.0608352 0.0586384 0.00219678 0 0.96389 306.318 291.534 14.7849 0 -30.1422 -30.9895 16 5541.88 206.191 326 0.000179872
5300 0.064001 0.0620046 0.00199642 0 0.968806 312.713 297.734 14.9791 0 -30.1804 -32.0103 16 5637.88 207.969 332 0.000186761
5400 0.0692624 0.0659277 0.00333469 0 0.951854 319.521 304.327 15.1946 0 -30.1819 -30.2518 16 5733.88 209.732 338 0.000195052
5500 0.100183 0.0965428 0.00363984 0 0.963668 329.539 313.981 15.5585 0 -30.1643 -29.6023 16 5829.88 211.48 344 0.000280648
5600 0.0751911 0.0725718 0.00261935 0 0.965164 337.106 321.238 15.8673 0 -30.179 -30.8198 16 5941.88 213.502 351 0.000206757
5700 0.0738295 0.0691169 0.00471259 0 0.936169 344.354 328.15 16.204 0 -30.1756 -30.0189 16 6037.88 215.22 357 0.000193605
5800 0.0817856 0.0773568 0.00442883 0 0.945848 352.411 335.886 16.5252 0 -30.1575 -29.3834 16 6133.88 216.924 363 0.000213104
5900 0.0912509 0.0861288 0.00512202 0 0.943869 361.459 344.498 16.9602 0 -30.1531 -29.9801 16 6229.88 218.615 369 0.000233412
6000 0.0845129 0.0807643 0.00374859 0 0.955645 369.937 352.575 17.3622 0 -30.1686 -30.8321 16 6341.88 220.571 376 0.000214799
6100 0.109563 0.103957 0.00560687 0 0.948825 380.832 362.971 17.8618 0 -30.1372 -29.07 16 6437.88 222.235 382 0.000272138
6200 0.115692 0.110084 0.00560854 0 0.951522 392.404 373.979 18.4254 0 -30.1067 -29.1011 16 6533.88 223.885 388 0.000283721
6300 0.10976 0.104022 0.00573804 0 0.947722 403.347 384.381 18.966 0 -30.0782 -29.0559 16 6629.88 225.524 394 0.000264016
6400 0.111645 0.107607 0.00403833 0 0.963829 414.591 395.142 19.4486 0 -30.0725 -29.8693 16 6741.88 227.421 401 0.000268347
6500 0.0938459 0.0901914 0.00365451 0 0.961058 423.987 404.161 19.8264 0 -30.0814 -30.4725 16 6837.88 229.034 407 0.0002216
6600 0.0971076 0.0933141 0.00379344 0 0.960936 433.685 413.492 20.1923 0 -30.0832 -30.1656 16 6933.88 230.637 413 0.000225942
6700 0.0951277 0.0917667 0.00336101 0 0.964668 443.237 422.669 20.5684 0 -30.0787 -29.8749 16 7029.88 232.228 419 0.000219014
6800 0.0815452 0.0786879 0.00285739 0 0.96496 451.421 430.538 20.8829 0 -30.0939 -30.9143 16 7141.88 234.07 426 0.000184713
6900 0.0931764 0.0896806 0.00349586 0 0.962481 460.807 439.506 21.3007 0 -30.1062 -30.6993 16 7237.88 235.638 432 0.000207594
7000 0.0802987 0.0783988 0.00189986 0 0.97634 468.898 447.346 21.5517 0 -30.1289 -31.4211 16 7333.88 237.196 438 0.000178993
7100 0.0788575 0.0766584 0.00219918 0 0.972112 476.787 455.012 21.7756 0 -30.1531 -31.593 16 7429.88 238.743 444 0.000172654
7200 0.0799969 0.0776206 0.0023763 0 0.970295 484.769 462.774 21.9952 0 -30.1663 -30.952 16 7541.88 240.536 451 0.000172108
7300 0.0866312 0.0831857 0.00344552 0 0.960228 493.36 471.092 22.2674 0 -30.177 -30.7797 16 7637.88 242.062 457 0.000182026
7400 0.0881275 0.085081 0.00304648 0 0.965431 502.134 479.6 22.5339 0 -30.1835 -30.5486 16 7733.88 243.578 463 0.00018376
7500 0.084958 0.0817154 0.0032426 0 0.961833 510.6 487.772 22.8282 0 -30.2015 -31.2713 16 7829.88 245.086 469 0.000174233
7600 0.0949352 0.0919791 0.00295611 0 0.968862 520.168 496.97 23.1978 0 -30.2236 -31.4002 16 7941.88 246.832 476 0.000193233
7700 0.0969661 0.0929501 0.00401596 0 0.958584 529.884 506.265 23.6188 0 -30.213 -29.6472 16 8037.88 248.32 482 0.000192843
7800 0.084637 0.0810523 0.00358466 0 0.957647 538.351 514.37 23.9807 0 -30.2118 -30.1385 16 8133.88 249.798 488 0.000166091
7900 0.075187 0.072224 0.00296297 0 0.960592 545.906 521.592 24.3138 0 -30.2202 -30.8176 16 8229.88 251.268 494 0.000146202
8000 0.0835702 0.0809767 0.00259351 0 0.968966 554.337 529.69 24.6471 0 -30.2303 -30.8849 16 8341.88 252.972 501 0.00016163
8100 0.0726987 0.0705691 0.00212953 0 0.970707 561.616 536.747 24.8693 0 -30.2487 -31.6476 16 8437.88 254.423 507 0.00013919
8200 0.0676049 0.0658837 0.00172116 0 0.974541 568.383 543.335 25.0476 0 -30.2753 -32.4866 16 8533.88 255.866 513 0.000128428
8300 0.0663902 0.0646569 0.0017333 0 0.973892 575.026 549.801 25.2253 0 -30.2994 -32.3569 16 8629.88 257.302 519 0.00012458
8400 0.0696331 0.0681418 0.00149122 0 0.978585 582.016 556.615 25.4006 0 -30.3239 -32.3421 16 8741.88 258.966 526 0.000129547
8500 0.0617897 0.0602944 0.00149522 0 0.975801 588.179 562.645 25.5347 0 -30.3487 -32.6893 16 8837.88 260.384 532 0.000113335
8600 0.085797 0.0819028 0.0038942 0 0.954611 596.593 570.835 25.7584 0 -30.3459 -30.1519 16 8933.88 261.794 538 0.000152236
8700 0.0888929 0.0861371 0.00275583 0 0.968998 605.554 579.449 26.1052 0 -30.3514 -30.7192 16 9029.88 263.197 544 0.00015834
8800 0.0983614 0.0938769 0.00448448 0 0.954408 615.339 588.836 26.5029 0 -30.3384 -29.5302 16 9141.88 264.824 551 0.000170376
8900 0.102325 0.0960453 0.00627968 0 0.93863 625.507 598.441 27.066 0 -30.3094 -28.5569 16 9237.88 266.211 557 0.000172433
9000 0.112159 0.105741 0.00641805 0 0.942777 636.635 609.015 27.6197 0 -30.2731 -28.2301 16 9333.88 267.591 563 0.000187816
9100 0.109723 0.10462 0.00510332 0 0.953489 647.669 619.477 28.1921 0 -30.2608 -29.5515 16 9429.88 268.963 569 0.000183866
9200 0.0878494 0.0837326 0.00411677 0 0.953138 656.51 627.85 28.6598 0 -30.2553 -29.8546 16 9541.88 270.556 576 0.000145369
9300 0.0871076 0.0835485 0.00355907 0 0.959142 665.266 636.205 29.0605 0 -30.2601 -30.6175 16 9637.88 271.914 582 0.000143554
9400 0.0765195 0.0732747 0.00324479 0 0.957595 672.896 643.533 29.3639 0 -30.2667 -30.8434 16 9733.88 273.264 588 0.000124617
9500 0.0848861 0.0817341 0.00315196 0 0.962868 681.422 651.706 29.7155 0 -30.2634 -30.0063 16 9829.88 274.609 594 0.0001376
9600 0.115308 0.110947 0.00436099 0 0.96218 693.001 662.801 30.1999 0 -30.2377 -28.7261 16 9941.88 276.169 601 0.000184604
9700 0.0953651 0.0914094 0.00395571 0 0.95852 702.56 671.942 30.6183 0 -30.2416 -30.5229 16 10037.9 277.499 607 0.000150592
9800 0.101164 0.0971483 0.00401607 0 0.960301 712.72 681.656 31.0632 0 -30.2225 -28.9003 16 10133.9 278.823 613 0.00015848
9900 0.0834834 0.0810446 0.00243879 0 0.970787 721.183 689.761 31.4218 0 -30.2265 -30.5603 16 10229.9 280.14 619 0.000130928
10000 0.109014 0.106046 0.00296784 0 0.972776 732.155 700.366 31.7896 0 -30.2332 -30.6761 16 10341.9 281.67 626 0.000169403
10100 0.0995065 0.0956347 0.00387174 0 0.961091 742.098 709.929 32.1687 0 -30.2373 -30.5401 16 10437.9 282.974 632 0.000151321
10200 0.0931942 0.089446 0.00374815 0 0.959781 751.396 718.874 32.5223 0 -30.2463 -30.9615 16 10533.9 284.272 638 0.000140198
10300 0.0896682 0.0860631 0.00360504 0 0.959796 760.318 727.48 32.8379 0 -30.2554 -31.0194 16 10629.9 285.565 644 0.000133638
10400 0.0859605 0.0835764 0.00238413 0 0.972265 768.969 735.838 33.131 0 -30.2672 -31.3048 16 10741.9 287.065 651 0.000128382
10500 0.0775614 0.0758306 0.00173079 0 0.977685 776.767 743.421 33.3464 0 -30.2791 -31.4596 16 10837.9 288.345 657 0.000115419
10600 0.0732918 0.0715822 0.00170956 0 0.976675 784.115 750.579 33.5363 0 -30.2931 -31.77 16 10933.9 289.619 663 0.000107967
10700 0.0775621 0.0757332 0.00182887 0 0.976421 791.893 758.152 33.7406 0 -30.3128 -32.2939 16 11029.9 290.888 669 0.000113204
10800 0.0929787 0.0900205 0.00295815 0 0.968185 801.183 767.154 34.0283 0 -30.3266 -31.5043 16 11141.9 292.361 676 0.000133166
10900 0.100132 0.0962358 0.003896 0 0.961091 811.157 776.778 34.3797 0 -30.3417 -31.5598 16 11237.9 293.618 682 0.000141108
11000 0.0799541 0.0777373 0.00221679 0 0.972274 819.199 784.552 34.6471 0 -30.3617 -32.3735 16 11333.9 294.869 688 0.00011299
11100 0.0743886 0.0725396 0.00184899 0 0.975144 826.666 791.805 34.8607 0 -30.3806 -32.4549 16 11429.9 296.115 694 0.000104524
11200 0.0765661 0.0743053 0.00226083 0 0.970472 834.338 799.236 35.1018 0 -30.3989 -32.3763 16 11541.9 297.563 701 0.000105999
11300 0.0728826 0.0711157 0.00176687 0 0.975757 841.643 806.348 35.2954 0 -30.423 -33.1759 16 11637.9 298.798 707 0.000100588
11400 0.0769779 0.0735021 0.00347577 0 0.954847 849.196 813.698 35.4981 0 -30.4342 -31.6786 16 11733.9 300.027 713 0.000103089
11500 0.0872257 0.0832859 0.00393977 0 0.954832 857.866 822.026 35.8397 0 -30.4405 -31.0617 16 11829.9 301.252 719 0.000115836
11600 0.0871683 0.083487 0.00368126 0 0.957768 866.593 830.375 36.2176 0 -30.4474 -31.1163 16 11941.9 302.675 726 0.000114996
11700 0.103888 0.0995605 0.00432789 0 0.958341 877.008 840.331 36.6768 0 -30.4464 -30.3648 16 12037.9 303.889 732 0.000136012
11800 0.0882868 0.0846955 0.0035913 0 0.959322 885.896 848.801 37.0949 0 -30.4546 -31.2645 16 12133.9 305.098 738 0.000114764
11900 0.0751281 0.072426 0.00270213 0 0.964033 893.429 856.043 37.3854 0 -30.4691 -32.1786 16 12229.9 306.303 744 9.73468e-05
12000 0.0737005 0.0716818 0.00201872 0 0.972609 900.847 863.211 37.6351 0 -30.4895 -32.9407 16 12341.9 307.702 751 9.54484e-05
12100 0.0767394 0.073965 0.00277439 0 0.963847 908.489 870.608 37.8807 0 -30.5006 -31.8185 16 12437.9 308.897 757 9.77081e-05
12200 0.0735225 0.0708945 0.00262806 0 0.964255 915.828 877.697 38.1311 0 -30.5164 -32.4701 16 12533.9 310.087 763 9.29154e-05
12300 0.0778021 0.0751191 0.00268297 0 0.965515 923.632 885.209 38.4224 0 -30.529 -32.0072 16 12629.9 311.272 769 9.76841e-05
12400 0.0816438 0.0781414 0.0035024 0 0.957101 931.813 893.023 38.7891 0 -30.5432 -32.1401 16 12741.9 312.649 776 0.000100698
12500 0.0878948 0.0831713 0.00472353 0 0.946259 940.571 901.341 39.2305 0 -30.5496 -31.2367 16 12837.9 313.824 782 0.000106357
12600 0.0938992 0.0893957 0.00450352 0 0.952039 949.935 910.28 39.655 0 -30.5537 -30.9588 16 12933.9 314.996 788 0.000113446
12700 0.11396 0.108645 0.00531459 0 0.953364 961.361 921.145 40.216 0 -30.545 -29.8208 16 13029.9 316.162 794 0.000136832
12800 0.0899156 0.0864164 0.00349926 0 0.961083 970.466 929.786 40.68 0 -30.5489 -30.969 16 13141.9 317.518 801 0.000107886
12900 0.0842764 0.0802276 0.00404878 0 0.951958 978.922 937.809 41.113 0 -30.5577 -31.5666 16 13237.9 318.676 807 9.94147e-05
13000 0.0758788 0.0730074 0.00287137 0 0.962158 986.544 945.11 41.4338 0 -30.5706 -32.2242 16 13333.9 319.829 813 8.98001e-05
13100 0.0853911 0.081638 0.00375309 0 0.956048 995.049 953.274 41.7758 0 -30.577 -31.3249 16 13429.9 320.979 819 9.96801e-05
13200 0.0786626 0.0761026 0.00256001 0 0.967456 1002.98 960.884 42.101 0 -30.589 -32.0906 16 13541.9 322.314 826 9.21339e-05
13300 0.0681831 0.0659156 0.00226755 0 0.966743 1009.83 967.475 42.355 0 -30.6024 -32.5581 16 13637.9 323.455 832 7.92255e-05
13400 0.0884227 0.0839475 0.0044752 0 0.949389 1018.52 975.87 42.6527 0 -30.6008 -30.4198 16 13733.9 324.591 838 0.000100176
13500 0.0960625 0.0929227 0.00313982 0 0.967315 1028.21 985.162 43.0475 0 -30.5989 -30.3997 16 13829.9 325.724 844 0.000110098
13600 0.082135 0.0794363 0.00269864 0 0.967144 1036.5 993.106 43.3957 0 -30.6051 -31.3781 16 13941.9 327.04 851 9.33447e-05
13700 0.0755414 0.0730865 0.00245486 0 0.967503 1044.09 1000.41 43.6753 0 -30.6126 -31.624 16 14037.9 328.164 857 8.52818e-05
13800 0.0744808 0.0725039 0.00197694 0 0.973457 1051.57 1007.67 43.9044 0 -30.6238 -32.1954 16 14133.9 329.284 863 8.40138e-05
13900 0.0775105 0.074672 0.00283857 0 0.963378 1059.28 1015.13 44.1496 0 -30.6319 -31.7364 16 14229.9 330.401 869 8.59286e-05
14000 0.0780477 0.0758269 0.00222078 0 0.971546 1067.16 1022.71 44.4451 0 -30.645 -32.403 16 14341.9 331.698 876 8.65604e-05
14100 0.0697111 0.0667122 0.0029989 0 0.956981 1074.02 1029.39 44.6385 0 -30.6545 -32.1347 16 14437.9 332.807 882 7.56374e-05
14200 0.106095 0.102067 0.00402868 0 0.962028 1084.65 1039.59 45.0576 0 -30.644 -29.583 16 14533.9 333.911 888 0.00011494
14300 0.0882061 0.0849092 0.00329689 0 0.962623 1093.52 1048.08 45.4397 0 -30.6491 -31.2721 16 14629.9 335.012 894 9.49767e-05
14400 0.0837878 0.0799882 0.00379954 0 0.954653 1101.9 1056.08 45.8169 0 -30.651 -30.9046 16 14741.9 336.292 901 8.87772e-05
14500 0.121456 0.117232 0.00422328 0 0.965228 1114.1 1067.81 46.2978 0 -30.6445 -30.0492 16 14837.9 337.385 907 0.000129253
14600 0.11795 0.113757 0.00419309 0 0.96445 1125.97 1079.18 46.7912 0 -30.6355 -29.7959 16 14933.9 338.475 913 0.000124597
14700 0.109826 0.105123 0.00470257 0 0.957181 1136.98 1089.69 47.2863 0 -30.6198 -29.0088 16 15029.9 339.561 919 0.000114388
14800 0.103555 0.0993246 0.00423077 0 0.959145 1147.37 1099.63 47.7434 0 -30.61 -29.5467 16 15141.9 340.824 926 0.000107262
14900 0.107988 0.102559 0.00542899 0 0.949726 1158.14 1109.88 48.2561 0 -30.5988 -29.4014 16 15237.9 341.903 932 0.000110042
15000 0.098209 0.0937016 0.00450741 0 0.954104 1168 1119.25 48.7453 0 -30.5936 -29.9793 16 15333.9 342.978 938 9.98951e-05
15100 0.120675 0.11505 0.00562501 0 0.953387 1180.02 1130.76 49.2602 0 -30.5752 -28.7921 16 15429.9 344.05 944 0.000121875
15200 0.118689 0.113228 0.0054602 0 0.953996 1191.94 1142.08 49.8566 0 -30.5698 -30.0306 16 15541.9 345.296 951 0.000119063
15300 0.110027 0.104014 0.0060124 0 0.945355 1202.87 1152.48 50.3886 0 -30.5669 -30.2479 16 15637.9 346.361 957 0.000108688
15400 0.104571 0.100842 0.00372919 0 0.964338 1213.38 1162.57 50.8151 0 -30.5718 -31.1401 16 15733.9 347.423 963 0.000104717
15500 0.10855 0.103544 0.00500599 0 0.953883 1224.11 1172.92 51.1914 0 -30.5687 -30.2175 16 15829.9 348.481 969 0.000106857
15600 0.10863 0.105345 0.00328545 0 0.969756 1235.05 1183.45 51.5922 0 -30.5714 -30.8706 16 15941.9 349.711 976 0.000107935
15700 0.0976658 0.094281 0.00338476 0 0.965343 1244.79 1192.88 51.9083 0 -30.5761 -31.1706 16 16037.9 350.763 982 9.60092e-05
15800 0.0841377 0.0825247 0.00161303 0 0.980829 1253.27 1201.14 52.1368 0 -30.5863 -32.0807 16 16133.9 351.811 988 8.3527e-05
15900 0.0844702 0.0826176 0.00185261 0 0.978068 1261.72 1209.4 52.321 0 -30.5966 -32.1355 16 16229.9 352.856 994 8.31163e-05
16000 0.102886 0.100222 0.00266399 0 0.974107 1272.04 1219.42 52.6169 0 -30.6102 -32.2692 16 16341.9 354.072 1001 0.000100122
16100 0.107053 0.10437 0.00268379 0 0.97493 1282.76 1229.86 52.9036 0 -30.6258 -32.4769 16 16437.9 355.11 1007 0.000103644
16200 0.0974322 0.095041 0.00239123 0 0.975457 1292.54 1239.36 53.1827 0 -30.6386 -32.3142 16 16533.9 356.146 1013 9.38213e-05
16300 0.0865694 0.084948 0.00162146 0 0.98127 1301.23 1247.86 53.3741 0 -30.6516 -32.5915 16 16629.9 357.178 1019 8.33641e-05
16400 0.10422 0.100415 0.00380503 0 0.96349 1311.62 1257.9 53.7215 0 -30.6533 -30.8602 16 16741.9 358.379 1026 9.78704e-05
16500 0.102637 0.0989265 0.00371032 0 0.96385 1321.89 1267.79 54.096 0 -30.6591 -31.4081 16 16837.9 359.405 1032 9.5859e-05
16600 0.117303 0.113249 0.00405358 0 0.965443 1333.68 1279.11 54.5704 0 -30.6641 -31.2179 16 16933.9 360.428 1038 0.000109103
16700 0.100016 0.0964818 0.00353415 0 0.964664 1343.75 1288.76 54.991 0 -30.6728 -31.8312 16 17029.9 361.448 1044 9.24155e-05
16800 0.10428 0.099008 0.00527228 0 0.949441 1354.11 1298.66 55.4517 0 -30.6776 -31.295 16 17141.9 362.635 1051 9.42036e-05
16900 0.111724 0.103637 0.0080869 0 0.927617 1364.98 1309.03 55.9495 0 -30.6778 -30.7009 16 17237.9 363.649 1057 9.80482e-05
17000 0.12904 0.123092 0.00594784 0 0.953907 1377.92 1321.34 56.5841 0 -30.6855 -31.5022 16 17333.9 364.66 1063 0.000115797
17100 0.127888 0.120817 0.00707154 0 0.944705 1390.62 1333.42 57.2028 0 -30.6908 -31.2675 16 17429.9 365.668 1069 0.000113019
17200 0.132519 0.126985 0.00553426 0 0.958238 1404.01 1346.12 57.8934 0 -30.6968 -31.3141 16 17541.9 366.841 1076 0.000118015
17300 0.127622 0.121038 0.00658402 0 0.94841 1416.75 1358.22 58.5278 0 -30.6981 -30.8443 16 17637.9 367.844 1082 0.000111865
17400 0.108179 0.103886 0.0042931 0 0.960315 1427.66 1368.61 59.0556 0 -30.7065 -31.7915 16 17733.9 368.843 1088 9.54835e-05
17500 0.100279 0.0962865 0.00399261 0 0.960185 1437.74 1378.24 59.5067 0 -30.7145 -31.8518 16 17829.9 369.84 1094 8.80132e-05
17600 0.0894851 0.0870754 0.00240972 0 0.973071 1446.77 1386.94 59.8243 0 -30.7278 -32.8455 16 17941.9 371 1101 7.90876e-05
17700 0.0892996 0.0858256 0.003474 0 0.961097 1455.62 1395.53 60.0895 0 -30.7357 -32.0356 16 18037.9 371.991 1107 7.75299e-05
17800 0.0999703 0.0955868 0.00438351 0 0.956152 1465.54 1405.09 60.4519 0 -30.7388 -31.1878 16 18133.9 372.98 1113 8.58821e-05
17900 0.0910567 0.0871489 0.00390784 0 0.957083 1474.61 1413.8 60.8048 0 -30.7441 -31.5944 16 18229.9 373.966 1119 7.7881e-05
18000 0.101506 0.0980985 0.00340797 0 0.966426 1484.83 1423.61 61.2237 0 -30.7579 -32.7595 16 18341.9 375.113 1126 8.71212e-05
18100 0.106281 0.102215 0.00406597 0 0.961743 1495.44 1433.83 61.6061 0 -30.7635 -31.5427 16 18437.9 376.093 1132 9.02964e-05
18200 0.0940635 0.0897857 0.00427778 0 0.954522 1504.81 1442.81 62.0034 0 -30.7697 -31.7557 16 18533.9 377.071 1138 7.88978e-05
18300 0.0848565 0.0817286 0.00312785 0 0.96314 1513.32 1450.98 62.3406 0 -30.7791 -32.4487 16 18629.9 378.046 1144 7.14411e-05
18400 0.100776 0.0978565 0.00291916 0 0.971033 1523.47 1460.77 62.699 0 -30.7856 -31.7502 16 18741.9 379.181 1151 8.50187e-05
18500 0.101412 0.0975665 0.00384523 0 0.962083 1533.6 1470.53 63.0715 0 -30.7876 -31.0949 16 18837.9 380.151 1157 8.43271e-05
18600 0.13114 0.126261 0.00487924 0 0.962794 1546.7 1483.15 63.551 0 -30.7764 -29.4664 16 18933.9 381.118 1163 0.000108565
18700 0.108354 0.104964 0.00338945 0 0.968719 1557.6 1493.65 63.9556 0 -30.7765 -30.7846 16 19029.9 382.083 1169 8.97897e-05
18800 0.11201 0.108914 0.00309628 0 0.972357 1568.91 1504.54 64.372 0 -30.7802 -31.2844 16 19141.9 383.206 1176 9.26138e-05
18900 0.0962943 0.0917142 0.00458006 0 0.952437 1578.4 1513.71 64.6887 0 -30.7837 -31.3732 16 19237.9 384.166 1182 7.75924e-05
19000 0.0924285 0.0892685 0.00316001 0 0.965811 1587.63 1522.64 64.989 0 -30.7897 -31.8047 16 19333.9 385.123 1188 7.51418e-05
19100 0.091211 0.0888008 0.0024102 0 0.973576 1596.81 1531.52 65.2886 0 -30.8015 -32.8546 16 19429.9 386.078 1194 7.43725e-05
19200 0.099358 0.0964351 0.00292289 0 0.970582 1606.76 1541.16 65.5957 0 -30.8094 -32.0656 16 19541.9 387.189 1201 8.02957e-05
19300 0.127201 0.122426 0.00477541 0 0.962458 1619.44 1553.4 66.0341 0 -30.8037 -30.0926 16 19637.9 388.139 1207 0.00010143
19400 0.107694 0.103923 0.00377032 0 0.96499 1630.24 1563.8 66.4412 0 -30.8017 -30.498 16 19733.9 389.087 1213 8.56746e-05
19500 0.0990796 0.0949749 0.0041047 0 0.958572 1640.12 1573.29 66.8217 0 -30.8024 -30.9142 16 19829.9 390.032 1219 7.79121e-05
19600 0.0991845 0.0947239 0.00446057 0 0.955028 1649.96 1582.77 67.1912 0 -30.8066 -31.5015 16 19941.9 391.132 1226 7.72626e-05
19700 0.116364 0.109993 0.00637127 0 0.945247 1661.51 1593.77 67.7427 0 -30.8142 -31.9051 16 20037.9 392.072 1232 8.928e-05
19800 0.109417 0.104317 0.00509995 0 0.95339 1672.5 1604.2 68.3007 0 -30.8208 -31.8159 16 20133.9 393.01 1238 8.42624e-05
19900 0.116076 0.110118 0.00595778 0 0.948674 1684.04 1615.21 68.8304 0 -30.8277 -31.8313 16 20229.9 393.946 1244 8.85195e-05
20000 0.106685 0.103033 0.00365115 0 0.965776 1694.8 1625.51 69.2853 0 -30.8345 -31.903 16 20341.9 395.035 1251 8.23608e-05
