100 0.325352 0.296048 0.0293042 0 0.909931 31.4925 29.6048 1.88775 0 -26.645 -26.645 1 426.882 57.2261 101 0.00293116
200 0.594266 0.548839 0.0454273 0 0.923557 90.2331 84.4886 5.74441 0 -26.3492 -26.1907 1 526.882 63.5765 201 0.00273054
300 0.691489 0.633755 0.0577335 0 0.916508 158.475 147.864 10.6108 0 -26.578 -26.8804 1 626.882 69.3478 301 0.0021055
400 0.804379 0.744692 0.059687 0 0.925797 238.686 222.333 16.3531 0 -26.8944 -27.5196 1 726.882 74.6744 401 0.00185709
500 0.827054 0.763963 0.063091 0 0.923716 321.101 298.73 22.3715 0 -27.0325 -27.4325 1 826.882 79.6456 501 0.00152488
600 0.852165 0.792135 0.0600304 0 0.929555 406.415 377.943 28.4722 0 -27.1389 -27.5395 1 926.882 84.3242 601 0.00131803
700 0.873394 0.816709 0.0566847 0 0.935098 494.13 459.614 34.5162 0 -27.2332 -27.6701 1 1026.88 88.7565 701 0.00116506
800 0.820035 0.768938 0.0510967 0 0.93769 576.305 536.508 39.7973 0 -27.3841 -28.2912 1 1126.88 92.9778 801 0.000959972
900 0.892266 0.840081 0.0521847 0 0.941514 665.689 620.516 45.1734 0 -27.5302 -28.4725 1 1226.88 97.0156 901 0.000932388
1000 0.845588 0.795511 0.0500771 0 0.940778 750.605 700.067 50.5377 0 -27.6617 -28.6918 1 1326.88 100.892 1001 0.000794716
1100 0.839751 0.788588 0.051163 0 0.939074 834.517 778.926 55.5916 0 -27.7297 -28.3382 1 1426.88 104.625 1101 0.000716247
1200 0.848519 0.801806 0.0467135 0 0.944947 919.58 859.106 60.4739 0 -27.8194 -28.6999 1 1526.88 108.229 1201 0.000667615
1300 0.961317 0.913116 0.0482009 0 0.94986 1016 950.418 65.5799 0 -27.8982 -28.6492 1 1626.88 111.717 1301 0.000701857
1400 1.04527 0.988169 0.0571052 0 0.945368 1120.47 1049.23 71.2347 0 -27.9836 -28.8146 1 1726.88 115.099 1401 0.000705331
1500 1.15284 1.08867 0.0641724 0 0.944335 1235.46 1158.1 77.3601 0 -28.0902 -29.1284 1 1826.88 118.385 1501 0.000725295
1600 1.10708 1.04521 0.0618726 0 0.944112 1346.15 1262.62 83.5267 0 -28.1668 -29.0222 1 1926.88 121.582 1601 0.000652847
1700 1.11531 1.0566 0.0587104 0 0.94736 1457.81 1368.28 89.5321 0 -28.2255 -28.9336 1 2026.88 124.696 1701 0.000621165
1800 1.10455 1.04808 0.0564683 0 0.948877 1568.42 1473.09 95.3298 0 -28.3011 -29.2974 1 2126.88 127.736 1801 0.000581943
1900 1.07144 1.0141 0.0573408 0 0.946482 1675.57 1574.5 101.075 0 -28.3695 -29.371 1 2226.88 130.704 1901 0.000533455
2000 1.06153 1.00936 0.0521706 0 0.950854 1781.95 1675.44 106.514 0 -28.446 -29.6502 1 2326.88 133.606 2001 0.000504429
2100 1.14279 1.08666 0.056128 0 0.950885 1896.17 1784.1 112.065 0 -28.5064 -29.449 1 2426.88 136.447 2101 0.00051721
2200 1.15494 1.0941 0.0608411 0 0.947321 2011.25 1893.51 117.734 0 -28.5505 -29.2774 1 2526.88 139.23 2201 0.000497092
2300 1.25566 1.19659 0.0590615 0 0.952964 2137.09 2013.17 123.919 0 -28.5855 -29.1448 1 2626.88 141.958 2301 0.000520032
2400 1.23343 1.17159 0.0618446 0 0.94986 2260.49 2130.33 130.157 0 -28.6281 -29.3648 1 2726.88 144.635 2401 0.000487959
2500 1.18973 1.13044 0.0592913 0 0.950164 2379.86 2243.37 136.485 0 -28.6735 -29.5331 1 2826.88 147.263 2501 0.000451995
2600 1.25099 1.18308 0.067917 0 0.94571 2504.44 2361.68 142.761 0 -28.6957 -29.1214 1 2926.88 149.845 2601 0.000454855
2700 1.35612 1.28439 0.0717299 0 0.947106 2639.82 2490.12 149.703 0 -28.7331 -29.4242 1 3026.88 152.383 2701 0.000475523
2800 1.31529 1.25506 0.0602313 0 0.954207 2771.66 2615.63 156.031 0 -28.7811 -29.7426 1 3126.88 154.88 2801 0.000448077
2900 1.30883 1.247 0.0618318 0 0.952758 2902.32 2740.33 161.99 0 -28.8217 -29.6815 1 3226.88 157.337 2901 0.000429851
3000 1.3623 1.2996 0.0627053 0 0.953971 3038.3 2870.29 168.008 0 -28.8578 -29.6293 1 3326.88 159.757 3001 0.000433055
3100 1.31409 1.25452 0.0595739 0 0.954665 3169.73 2995.74 173.992 0 -28.8863 -29.5447 1 3426.88 162.14 3101 0.000404554
3200 1.29932 1.24119 0.0581249 0 0.955265 3299.92 3119.86 180.066 0 -28.9147 -29.6069 1 3526.88 164.488 3201 0.000387751
3300 1.32936 1.26862 0.0607362 0 0.954312 3432.7 3246.72 185.981 0 -28.9369 -29.489 1 3626.88 166.804 3301 0.000384314
3400 1.45669 1.38447 0.0722173 0 0.950424 3577.77 3385.17 192.602 0 -28.9514 -29.2948 1 3726.88 169.088 3401 0.000407077
3500 1.40421 1.3376 0.0666085 0 0.952565 3718.01 3518.93 199.081 0 -28.977 -29.6278 1 3826.88 171.342 3501 0.000382063
3600 1.42244 1.35889 0.0635511 0 0.955322 3860.63 3654.82 205.813 0 -29.011 -29.8976 1 3926.88 173.566 3601 0.000377364
3700 1.33382 1.27678 0.0570339 0 0.95724 3994.44 3782.49 211.943 0 -29.0508 -30.2007 1 4026.88 175.762 3701 0.000344984
3800 1.33796 1.27707 0.060882 0 0.954496 4128.05 3910.2 217.845 0 -29.0802 -29.9578 1 4126.88 177.931 3801 0.000335984
3900 1.39409 1.32896 0.0651378 0 0.953276 4267.15 4043.1 224.049 0 -29.1063 -29.8819 1 4226.88 180.074 3901 0.00034067
4000 1.36029 1.30276 0.0575293 0 0.957708 4403.37 4173.37 230.001 0 -29.1354 -30.0461 1 4326.88 182.191 4001 0.000325609
4100 1.34805 1.29248 0.0555656 0 0.958781 4538.71 4302.62 236.086 0 -29.1648 -30.1223 1 4426.88 184.285 4101 0.000315162
4200 1.33522 1.27475 0.0604711 0 0.954711 4672.09 4430.1 241.993 0 -29.1996 -30.3835 1 4526.88 186.354 4201 0.000303439
4300 1.3871 1.33169 0.0554178 0 0.960048 4811.2 4563.27 247.931 0 -29.2355 -30.4411 1 4626.88 188.401 4301 0.000309622
4400 1.41978 1.36067 0.0591046 0 0.958371 4953.01 4699.33 253.675 0 -29.2701 -30.4425 1 4726.88 190.427 4401 0.000309174
4500 1.42531 1.36742 0.0578934 0 0.959382 5095.67 4836.07 259.594 0 -29.3044 -30.4984 1 4826.88 192.43 4501 0.000303803
4600 1.36878 1.31374 0.0550367 0 0.959791 5232.86 4967.45 265.414 0 -29.339 -30.6225 1 4926.88 194.413 4601 0.000285533
4700 1.4091 1.34933 0.0597676 0 0.957585 5373.71 5102.38 271.324 0 -29.3661 -30.372 1 5026.88 196.376 4701 0.000287031
4800 1.39422 1.33707 0.0571403 0 0.959016 5513.19 5236.09 277.097 0 -29.3989 -30.6632 1 5126.88 198.32 4801 0.000278499
4900 1.47931 1.41929 0.0600141 0 0.959431 5661.33 5378.02 283.307 0 -29.4193 -30.1797 1 5226.88 200.245 4901 0.000289593
5000 1.44189 1.38393 0.0579591 0 0.959803 5805.93 5516.41 289.519 0 -29.4449 -30.4442 1 5326.88 202.151 5001 0.000276731
5100 1.46064 1.39819 0.062455 0 0.957241 5951.88 5656.23 295.651 0 -29.4673 -30.3584 1 5426.88 204.04 5101 0.000274101
5200 1.56772 1.50132 0.0664038 0 0.957643 6108.52 5806.36 302.156 0 -29.4856 -30.1826 1 5526.88 205.911 5201 0.000288659
5300 1.6123 1.54936 0.0629345 0 0.960966 6270.18 5961.3 308.88 0 -29.5084 -30.3719 1 5626.88 207.766 5301 0.000292278
5400 1.55287 1.48627 0.0666004 0 0.957112 6425.45 6109.93 315.526 0 -29.5339 -30.5623 1 5726.88 209.604 5401 0.000275185
5500 1.57334 1.50491 0.068428 0 0.956508 6582.93 6260.42 322.515 0 -29.5513 -30.2613 1 5826.88 211.426 5501 0.000273571
5600 1.57656 1.50216 0.0743972 0 0.95281 6740.01 6410.63 329.381 0 -29.5677 -30.2553 1 5926.88 213.232 5601 0.000268196
5700 1.68195 1.60554 0.0764095 0 0.954571 6907.96 6571.19 336.768 0 -29.5812 -30.1242 1 6026.88 215.024 5701 0.000281624
5800 1.63635 1.56364 0.0727099 0 0.955566 7071.76 6727.55 344.209 0 -29.6003 -30.4037 1 6126.88 216.8 5801 0.000269546
5900 1.59926 1.52666 0.0726014 0 0.954603 7231.73 6880.22 351.512 0 -29.6134 -30.1913 1 6226.88 218.562 5901 0.000258712
6000 1.59378 1.52594 0.0678415 0 0.957434 7391.53 7032.81 358.722 0 -29.6325 -30.4977 1 6326.88 220.31 6001 0.000254281
6100 1.564 1.49598 0.0680206 0 0.956509 7547.92 7182.41 365.513 0 -29.6528 -30.6136 1 6426.88 222.045 6101 0.000245203
6200 1.53343 1.46784 0.0655957 0 0.957223 7701.19 7329.19 371.994 0 -29.6717 -30.6029 1 6526.88 223.765 6201 0.00023671
6300 1.5879 1.5223 0.0656027 0 0.958686 7859.84 7481.42 378.417 0 -29.6914 -30.6444 1 6626.88 225.473 6301 0.000241596
6400 1.63925 1.57471 0.0645467 0 0.960624 8023.74 7638.89 384.846 0 -29.7089 -30.5504 1 6726.88 227.168 6401 0.00024601
6500 1.62323 1.55608 0.067152 0 0.958631 8185.75 7794.5 391.244 0 -29.7299 -30.7709 1 6826.88 228.85 6501 0.00023936
6600 1.64729 1.58022 0.0670617 0 0.95929 8350.6 7952.52 398.073 0 -29.752 -30.8498 1 6926.88 230.52 6601 0.000239392
6700 1.683 1.61458 0.068426 0 0.959343 8519.01 8113.98 405.024 0 -29.7754 -30.9358 1 7026.88 232.178 6701 0.000240946
6800 1.65112 1.58737 0.0637492 0 0.96139 8684.47 8272.72 411.754 0 -29.7956 -30.835 1 7126.88 233.824 6801 0.000233402
6900 1.65571 1.59003 0.0656725 0 0.960336 8850 8431.72 418.283 0 -29.8128 -30.7153 1 7226.88 235.459 6901 0.000230406
7000 1.62687 1.56287 0.0640057 0 0.960657 9012.9 8588.01 424.887 0 -29.8322 -30.8872 1 7326.88 237.083 7001 0.000223235
7100 1.52459 1.46582 0.0587654 0 0.961455 9165.45 8734.59 430.855 0 -29.8512 -30.972 1 7426.88 238.695 7101 0.000206425
7200 1.58268 1.52128 0.0613926 0 0.96121 9323.44 8886.72 436.721 0 -29.8707 -30.9991 1 7526.88 240.297 7201 0.00021126
7300 1.57971 1.51926 0.0604534 0 0.961731 9481.33 9038.64 442.687 0 -29.8947 -31.313 1 7626.88 241.888 7301 0.000208089
7400 1.62057 1.55963 0.0609389 0 0.962397 9643.52 9194.61 448.912 0 -29.9141 -31.0507 1 7726.88 243.468 7401 0.000210733
7500 1.59774 1.53182 0.0659209 0 0.958741 9802.76 9347.79 454.974 0 -29.9301 -30.8943 1 7826.88 245.039 7501 0.000204215
7600 1.62058 1.55522 0.0653524 0 0.959673 9964.86 9503.31 461.548 0 -29.9442 -30.8008 1 7926.88 246.599 7601 0.000204608
7700 1.61034 1.54507 0.065267 0 0.95947 10125.7 9657.82 467.846 0 -29.9577 -30.7917 1 8026.88 248.15 7701 0.000200633
7800 1.62955 1.56677 0.062781 0 0.961474 10288.6 9814.5 474.149 0 -29.9706 -30.7758 1 8126.88 249.691 7801 0.000200842
7900 1.62102 1.55592 0.0651063 0 0.959836 10450.6 9970.09 480.508 0 -29.9831 -30.7769 1 8226.88 251.222 7901 0.000196927
8000 1.6303 1.5677 0.0626039 0 0.9616 10613.7 10126.9 486.869 0 -29.995 -30.7541 1 8326.88 252.744 8001 0.000195938
8100 1.57155 1.51177 0.0597779 0 0.961962 10770.9 10278 492.874 0 -30.0119 -31.1566 1 8426.88 254.257 8101 0.000186615
8200 1.64741 1.58671 0.0607053 0 0.963151 10935.9 10436.7 499.163 0 -30.0242 -30.826 1 8526.88 255.762 8201 0.000193477
8300 1.67083 1.60763 0.0632007 0 0.962174 11103.1 10597.5 505.663 0 -30.0332 -30.6186 1 8626.88 257.257 8301 0.000193667
8400 1.58761 1.52415 0.0634604 0 0.960028 11262.1 10749.9 512.223 0 -30.0433 -30.7493 1 8726.88 258.744 8401 0.000181424
8500 1.63493 1.56769 0.0672368 0 0.958875 11425.5 10906.7 518.849 0 -30.0533 -30.7412 1 8826.88 260.222 8501 0.000184413
8600 1.57335 1.50881 0.0645378 0 0.958981 11582.8 11057.5 525.254 0 -30.0638 -30.8309 1 8926.88 261.692 8601 0.000175423
8700 1.57394 1.51172 0.0622164 0 0.960471 11740.2 11208.7 531.453 0 -30.0745 -30.8609 1 9026.88 263.153 8701 0.000173741
8800 1.51667 1.46068 0.0559889 0 0.963084 11892.1 11354.8 537.313 0 -30.0905 -31.3242 1 9126.88 264.607 8801 0.000165967
8900 1.55142 1.49779 0.0536256 0 0.965435 12047.5 11504.6 542.93 0 -30.1058 -31.2792 1 9226.88 266.053 8901 0.000168272
9000 1.52744 1.47088 0.0565571 0 0.962973 12200.1 11651.6 548.417 0 -30.1188 -31.1431 1 9326.88 267.49 9001 0.000163413
9100 1.51934 1.46652 0.0528242 0 0.965232 12352.3 11798.3 553.978 0 -30.1319 -31.1849 1 9426.88 268.921 9101 0.000161138
9200 1.58662 1.52285 0.0637652 0 0.959811 12510.3 11950.6 559.709 0 -30.1431 -31.0154 1 9526.88 270.343 9201 0.000165509
9300 1.65214 1.58413 0.0680064 0 0.958837 12675.4 12109 566.386 0 -30.1504 -30.7045 1 9626.88 271.758 9301 0.000170318
9400 1.62598 1.56433 0.0616499 0 0.962085 12838.3 12265.4 572.915 0 -30.1611 -30.9939 1 9726.88 273.166 9401 0.0001664
9500 1.6033 1.53946 0.0638394 0 0.960182 12998.6 12419.4 579.247 0 -30.17 -30.887 1 9826.88 274.567 9501 0.000162031
9600 1.53721 1.48046 0.0567502 0 0.963082 13152.4 12567.4 585.001 0 -30.1832 -31.2949 1 9926.88 275.96 9601 0.000154198
9700 1.67796 1.61514 0.0628234 0 0.96256 13320.1 12728.9 591.213 0 -30.1957 -31.1798 1 10026.9 277.347 9701 0.000166492
9800 1.63652 1.5768 0.0597221 0 0.963507 13483.9 12886.6 597.278 0 -30.2084 -31.2412 1 10126.9 278.726 9801 0.000160881
9900 1.6258 1.56738 0.0584264 0 0.964063 13646.6 13043.3 603.257 0 -30.2199 -31.1737 1 10226.9 280.099 9901 0.000158305
10000 1.60664 1.54784 0.0587928 0 0.963406 13807.1 13198.1 608.973 0 -30.2318 -31.2355 1 10326.9 281.465 10001 0.000154769
10100 1.58622 1.53538 0.050844 0 0.967946 13966.3 13351.7 614.621 0 -30.2431 -31.2308 1 10426.9 282.825 10101 0.000152003
10200 1.6118 1.551 0.0607965 0 0.96228 14126.9 13506.8 620.172 0 -30.255 -31.287 1 10526.9 284.178 10201 0.000152044
10300 1.65723 1.59283 0.0644011 0 0.961139 14292.3 13666.1 626.239 0 -30.2667 -31.2672 1 10626.9 285.524 10301 0.000154628
10400 1.63376 1.57228 0.0614817 0 0.962368 14455.9 13823.3 632.633 0 -30.2806 -31.4946 1 10726.9 286.865 10401 0.000151166
10500 1.59941 1.53728 0.0621348 0 0.961152 14615.6 13977 638.639 0 -30.2931 -31.4255 1 10826.9 288.199 10501 0.000146394
10600 1.61963 1.56083 0.0587964 0 0.963698 14777.9 14133.1 644.786 0 -30.3055 -31.421 1 10926.9 289.526 10601 0.000147234
10700 1.61739 1.55606 0.0613275 0 0.962082 14939.6 14288.7 650.871 0 -30.3165 -31.3162 1 11026.9 290.848 10701 0.000145412
10800 1.59915 1.53879 0.0603604 0 0.962255 15099.3 14442.6 656.724 0 -30.3274 -31.3563 1 11126.9 292.164 10801 0.000142468
10900 1.59572 1.53479 0.0609283 0 0.961818 15258.5 14596.1 662.451 0 -30.3389 -31.4266 1 11226.9 293.474 10901 0.000140793
11000 1.66663 1.60616 0.0604699 0 0.963717 15425.2 14756.7 668.479 0 -30.3486 -31.2381 1 11326.9 294.778 11001 0.000146001
11100 1.68118 1.61743 0.0637483 0 0.962081 15593.1 14918.4 674.645 0 -30.3565 -31.0802 1 11426.9 296.076 11101 0.000145701
11200 1.65816 1.59638 0.0617858 0 0.962738 15758.9 15078.1 680.88 0 -30.3672 -31.3737 1 11526.9 297.369 11201 0.000142521
11300 1.61658 1.55502 0.0615533 0 0.961924 15920.3 15233.6 686.7 0 -30.3774 -31.3674 1 11626.9 298.656 11301 0.0001376
11400 1.64106 1.5815 0.0595582 0 0.963707 16084.3 15391.7 692.596 0 -30.3885 -31.4705 1 11726.9 299.938 11401 0.000138716
11500 1.6001 1.54399 0.0561115 0 0.964933 16244.5 15546.1 698.408 0 -30.3999 -31.5433 1 11826.9 301.214 11501 0.000134248
11600 1.67822 1.6213 0.0569168 0 0.966085 16412.5 15708.2 704.283 0 -30.4112 -31.5014 1 11926.9 302.485 11601 0.000139755
11700 1.62316 1.56854 0.054623 0 0.966348 16574.9 15865.1 709.81 0 -30.4235 -31.6745 1 12026.9 303.75 11701 0.000134052
11800 1.62762 1.56827 0.0593533 0 0.963534 16737.3 16021.9 715.399 0 -30.4348 -31.5832 1 12126.9 305.01 11801 0.000132893
11900 1.7035 1.63851 0.0649934 0 0.961847 16907.3 16185.8 721.497 0 -30.4428 -31.2338 1 12226.9 306.265 11901 0.000137678
12000 1.73738 1.67014 0.0672469 0 0.961294 17080.9 16352.8 728.085 0 -30.4482 -30.975 1 12326.9 307.515 12001 0.000139167
12100 1.7847 1.71952 0.0651835 0 0.963477 17259.6 16524.7 734.835 0 -30.4535 -30.9548 1 12426.9 308.76 12101 0.000142097
12200 1.68773 1.62622 0.0615109 0 0.963554 17428.7 16687.4 741.304 0 -30.4606 -31.192 1 12526.9 310 12201 0.000133286
12300 1.66121 1.60514 0.0560755 0 0.966244 17595.3 16847.9 747.401 0 -30.4696 -31.403 1 12626.9 311.235 12301 0.000130488
12400 1.64328 1.57991 0.06337 0 0.961437 17759.2 17005.9 753.323 0 -30.4781 -31.3982 1 12726.9 312.465 12401 0.000127402
12500 1.74009 1.67946 0.0606322 0 0.965156 17933.4 17173.8 759.562 0 -30.4855 -31.241 1 12826.9 313.69 12501 0.000134346
12600 1.71918 1.66129 0.0578819 0 0.966332 18105.5 17339.9 765.571 0 -30.4913 -31.0853 1 12926.9 314.91 12601 0.000131838
12700 1.66462 1.61107 0.0535521 0 0.967829 18272.4 17501 771.318 0 -30.5002 -31.4693 1 13026.9 316.126 12701 0.000126846
12800 1.595 1.54041 0.0545924 0 0.965773 18431.8 17655.1 776.673 0 -30.5097 -31.6025 1 13126.9 317.337 12801 0.000120335
12900 1.56202 1.51007 0.0519548 0 0.966739 18587.9 17806.1 781.847 0 -30.5199 -31.7194 1 13226.9 318.544 12901 0.000117051
13000 1.56022 1.51094 0.0492748 0 0.968418 18744.2 17957.2 787.021 0 -30.5307 -31.8224 1 13326.9 319.745 13001 0.000116217
13100 1.63038 1.57252 0.0578515 0 0.964516 18906.8 18114.4 792.413 0 -30.54 -31.6123 1 13426.9 320.943 13101 0.000120031
13200 1.64741 1.59082 0.0565942 0 0.965647 19071.6 18273.5 798.069 0 -30.5502 -31.7152 1 13526.9 322.136 13201 0.000120507
13300 1.65747 1.59826 0.0592118 0 0.964276 19237.3 18433.3 803.958 0 -30.5594 -31.619 1 13626.9 323.324 13301 0.000120161
13400 1.76767 1.70664 0.0610305 0 0.965474 19414.4 18604 810.348 0 -30.565 -31.1757 1 13726.9 324.508 13401 0.000127352
13500 1.73399 1.67054 0.0634448 0 0.963411 19587.9 18771.1 816.886 0 -30.5717 -31.3237 1 13826.9 325.688 13501 0.000123735
13600 1.67979 1.61325 0.0665435 0 0.960386 19755.4 18932.4 823.049 0 -30.5783 -31.3487 1 13926.9 326.864 13601 0.000118613
13700 1.72342 1.65957 0.0638432 0 0.962955 19927.9 19098.3 829.607 0 -30.5865 -31.5164 1 14026.9 328.035 13701 0.000121128
13800 1.6721 1.61281 0.0592895 0 0.964542 20095.4 19259.6 835.819 0 -30.5962 -31.7542 1 14126.9 329.203 13801 0.000116862
13900 1.63662 1.57964 0.0569723 0 0.965189 20259.3 19417.6 841.697 0 -30.6071 -31.9407 1 14226.9 330.366 13901 0.000113635
14000 1.60005 1.54111 0.0589407 0 0.963163 20418.9 19571.7 847.233 0 -30.6163 -31.7938 1 14326.9 331.525 14001 0.000110072
14100 1.66103 1.59627 0.0647599 0 0.961012 20584.3 19731.3 853.02 0 -30.623 -31.4465 1 14426.9 332.68 14101 0.000113203
14200 1.79394 1.73128 0.0626641 0 0.965069 20764 19904.5 859.587 0 -30.6324 -31.7061 1 14526.9 333.831 14201 0.000121913
14300 1.71999 1.65309 0.0669001 0 0.961104 20935.8 20069.8 866.033 0 -30.6415 -31.7454 1 14626.9 334.978 14301 0.000115592
14400 1.67164 1.61328 0.0583662 0 0.965085 21103.4 20231.1 872.278 0 -30.6516 -31.9179 1 14726.9 336.121 14401 0.000112025
14500 1.75894 1.69521 0.0637313 0 0.963767 21279 20400.6 878.37 0 -30.6602 -31.6848 1 14826.9 337.26 14501 0.000116903
14600 1.70963 1.65193 0.0577041 0 0.966248 21450.3 20565.8 884.504 0 -30.6714 -32.0678 1 14926.9 338.396 14601 0.000113138
14700 1.64491 1.59131 0.0535975 0 0.967416 21615.1 20724.9 890.181 0 -30.6827 -32.1539 1 15026.9 339.527 14701 0.000108245
14800 1.59812 1.55006 0.0480586 0 0.969928 21775.5 20879.9 895.512 0 -30.6932 -32.1039 1 15126.9 340.655 14801 0.000104727
14900 1.63578 1.5835 0.0522835 0 0.968038 21939.1 21038.3 900.847 0 -30.7035 -32.0763 1 15226.9 341.779 14901 0.000106268
15000 1.58286 1.53206 0.0508017 0 0.967905 22097.5 21191.5 905.963 0 -30.7128 -32.0035 1 15326.9 342.9 15001 0.00010213
15100 1.592 1.53702 0.0549807 0 0.965464 22256.6 21345.2 911.387 0 -30.7205 -31.7861 1 15426.9 344.016 15101 0.000101783
15200 1.69468 1.63378 0.0608921 0 0.964069 22426 21508.6 917.443 0 -30.7281 -31.7219 1 15526.9 345.13 15201 0.000107479
15300 1.66702 1.60657 0.0604498 0 0.963738 22592.6 21669.2 923.365 0 -30.736 -31.8063 1 15626.9 346.239 15301 0.000104997
15400 1.74469 1.68666 0.0580347 0 0.966737 22767.4 21837.9 929.483 0 -30.7453 -31.9414 1 15726.9 347.345 15401 0.000109516
15500 1.72623 1.66272 0.063512 0 0.963208 22940 22004.2 935.793 0 -30.7555 -32.0998 1 15826.9 348.448 15501 0.000107265
15600 1.72098 1.65681 0.0641654 0 0.962716 23111.9 22169.9 942.029 0 -30.7636 -31.8444 1 15926.9 349.547 15601 0.000106199
15700 1.76704 1.70105 0.0659934 0 0.962653 23288.4 22340 948.473 0 -30.7704 -31.6665 1 16026.9 350.643 15701 0.00010834
15800 1.79277 1.71868 0.0740856 0 0.958675 23466.8 22511.8 954.998 0 -30.7779 -31.7558 1 16126.9 351.735 15801 0.000108771
15900 1.72805 1.66825 0.0598018 0 0.965394 23640.1 22678.7 961.497 0 -30.7862 -31.9107 1 16226.9 352.824 15901 0.000104915
16000 1.70682 1.64392 0.0629036 0 0.963146 23810.7 22843 967.642 0 -30.7938 -31.8451 1 16326.9 353.909 16001 0.000102738
16100 1.64521 1.58986 0.0553545 0 0.966354 23975.6 23002 973.597 0 -30.8016 -31.9258 1 16426.9 354.991 16101 9.87429e-05
16200 1.61303 1.55438 0.0586506 0 0.963639 24136.5 23157.5 979.064 0 -30.8086 -31.8636 1 16526.9 356.07 16201 9.59435e-05
16300 1.68792 1.62356 0.064363 0 0.961869 24305.1 23319.8 985.25 0 -30.8146 -31.6728 1 16626.9 357.146 16301 9.95989e-05
16400 1.66729 1.60516 0.0621232 0 0.96274 24471.7 23480.3 991.375 0 -30.8218 -31.8618 1 16726.9 358.218 16401 9.78698e-05
16500 1.72159 1.65609 0.0654972 0 0.961955 24643.6 23645.9 997.61 0 -30.8268 -31.5458 1 16826.9 359.287 16501 0.000100363
16600 1.78417 1.72032 0.0638496 0 0.964213 24822 23818 1003.99 0 -30.8295 -31.2058 1 16926.9 360.353 16601 0.000103627
16700 1.78184 1.72014 0.0617038 0 0.965371 25000.7 23990 1010.67 0 -30.8343 -31.4917 1 17026.9 361.416 16701 0.000102996
16800 1.70597 1.65122 0.0547475 0 0.967908 25171.9 24155.1 1016.81 0 -30.8405 -31.7551 1 17126.9 362.476 16801 9.82812e-05
16900 1.71979 1.66197 0.0578208 0 0.966379 25343.9 24321.3 1022.62 0 -30.8467 -31.7463 1 17226.9 363.533 16901 9.83358e-05
17000 1.74976 1.69216 0.0575984 0 0.967082 25519.2 24490.5 1028.7 0 -30.8531 -31.7832 1 17326.9 364.586 17001 9.95331e-05
17100 1.70704 1.64553 0.0615038 0 0.96397 25689.9 24655.1 1034.8 0 -30.8593 -31.79 1 17426.9 365.637 17101 9.62244e-05
17200 1.68433 1.62547 0.0588681 0 0.96505 25858.2 24817.6 1040.61 0 -30.8648 -31.6983 1 17526.9 366.684 17201 9.44983e-05
17300 1.7094 1.6456 0.063797 0 0.962679 26028.8 24982.2 1046.59 0 -30.8695 -31.5741 1 17626.9 367.729 17301 9.51159e-05
17400 1.6554 1.59923 0.0561706 0 0.966068 26194.4 25142.1 1052.24 0 -30.8751 -31.7633 1 17726.9 368.771 17401 9.19044e-05
17500 1.61744 1.56213 0.0553106 0 0.965804 26356 25298.3 1057.65 0 -30.8803 -31.7254 1 17826.9 369.809 17501 8.92596e-05
17600 1.59444 1.54094 0.0535021 0 0.966445 26515.5 25452.4 1063.08 0 -30.8874 -32.0637 1 17926.9 370.845 17601 8.75486e-05
17700 1.62454 1.56678 0.0577645 0 0.964443 26677.7 25609.1 1068.58 0 -30.8931 -31.8246 1 18026.9 371.878 17701 8.85136e-05
17800 1.5955 1.53988 0.0556196 0 0.96514 26837 25763.1 1073.87 0 -30.9004 -32.1109 1 18126.9 372.908 17801 8.65054e-05
17900 1.62866 1.57741 0.051247 0 0.968534 27000.1 25920.8 1079.31 0 -30.9068 -31.9686 1 18226.9 373.935 17901 8.81188e-05
18000 1.66407 1.60345 0.0606143 0 0.963575 27165.9 26081.2 1084.69 0 -30.9122 -31.7969 1 18326.9 374.959 18001 8.90757e-05
18100 1.75697 1.69443 0.062535 0 0.964407 27341.6 26250.6 1090.96 0 -30.9175 -31.7269 1 18426.9 375.981 18101 9.361e-05
18200 1.81775 1.75534 0.0624177 0 0.965662 27523.8 26426.1 1097.61 0 -30.9213 -31.4998 1 18526.9 377 18201 9.64418e-05
18300 1.70737 1.64402 0.0633477 0 0.962898 27694.1 26590.6 1103.58 0 -30.927 -31.8479 1 18626.9 378.016 18301 8.98325e-05
18400 1.71812 1.65428 0.0638335 0 0.962847 27865.6 26756 1109.65 0 -30.9321 -31.7533 1 18726.9 379.029 18401 8.99018e-05
18500 1.78263 1.7182 0.0644217 0 0.963861 28044 26927.8 1116.2 0 -30.9364 -31.5977 1 18826.9 380.04 18501 9.28709e-05
18600 1.72635 1.66936 0.0569928 0 0.966987 28217.3 27094.7 1122.61 0 -30.9401 -31.5399 1 18926.9 381.048 18601 8.97458e-05
18700 1.66661 1.6117 0.0549164 0 0.967049 28384.3 27255.9 1128.39 0 -30.9448 -31.7377 1 19026.9 382.053 18701 8.61824e-05
18800 1.70507 1.6453 0.059773 0 0.964944 28554.6 27420.4 1134.2 0 -30.9495 -31.7398 1 19126.9 383.056 18801 8.75113e-05
18900 1.71186 1.6501 0.0617594 0 0.963923 28725.6 27585.4 1140.14 0 -30.9547 -31.8192 1 19226.9 384.056 18901 8.73025e-05
19000 1.6826 1.62819 0.0544114 0 0.967662 28894.3 27748.3 1146.01 0 -30.9616 -32.1376 1 19326.9 385.053 19001 8.56896e-05
19100 1.5675 1.51748 0.0500147 0 0.968093 29051.3 27900 1151.24 0 -30.9696 -32.44 1 19426.9 386.048 19101 7.94451e-05
19200 1.5857 1.53467 0.0510264 0 0.967821 29209.7 28053.5 1156.17 0 -30.9769 -32.3289 1 19526.9 387.041 19201 7.99266e-05
19300 1.63256 1.58123 0.051331 0 0.968558 29373.1 28211.6 1161.5 0 -30.9836 -32.1699 1 19626.9 388.03 19301 8.19249e-05
19400 1.64711 1.59216 0.05495 0 0.966638 29537.6 28370.8 1166.77 0 -30.9897 -32.0821 1 19726.9 389.018 19401 8.20658e-05
19500 1.74985 1.69457 0.055271 0 0.968414 29712.7 28540.3 1172.43 0 -30.9932 -31.5776 1 19826.9 390.002 19501 8.68968e-05
19600 1.61774 1.56608 0.0516627 0 0.968065 29874.7 28696.9 1177.83 0 -30.9984 -31.959 1 19926.9 390.985 19601 7.98978e-05
19700 1.6398 1.58553 0.0542719 0 0.966903 30038.9 28855.4 1183.44 0 -31.003 -31.8443 1 20026.9 391.964 19701 8.04798e-05
19800 1.62721 1.57207 0.0551373 0 0.966115 30201.7 29012.6 1189.05 0 -31.0081 -31.9416 1 20126.9 392.942 19801 7.93936e-05
19900 1.68815 1.62959 0.058558 0 0.965312 30370.5 29175.6 1194.88 0 -31.0128 -31.8653 1 20226.9 393.917 19901 8.18847e-05
20000 1.72216 1.66174 0.0604179 0 0.964917 30542.6 29341.8 1200.81 0 -31.0169 -31.7355 1 20325.9 394.88 20000 8.3087e-05
