100 0.00152129 0.00148161 3.96812e-05 0 0.973916 0.155409 0.148161 0.00724778 0 -25.8681 -25.8681 64 453.882 59.0081 2 0.000740806
200 0.0164583 0.0140087 0.00244963 0 0.851162 1.64152 1.54903 0.092493 0 -21.6624 -21.2226 64 581.882 66.8124 4 0.00350217
300 0.0211776 0.0192591 0.00191854 0 0.909407 3.75568 3.47494 0.28074 0 -23.0625 -24.1496 64 645.882 70.3909 5 0.00385182
400 0.0176114 0.0163755 0.00123589 0 0.929824 5.57967 5.11249 0.467179 0 -24.0316 -26.0272 64 773.882 77.0508 7 0.00233936
500 0.0106257 0.00985661 0.000769047 0 0.927624 6.66138 6.09815 0.563228 0 -24.2884 -25.6126 64 837.882 80.1736 8 0.00123208
600 0.0177324 0.0161577 0.0015747 0 0.911196 8.40523 7.71392 0.691315 0 -24.6641 -26.0995 64 965.882 86.08 10 0.00161577
700 0.0116106 0.0107807 0.000829847 0 0.928527 9.61344 8.79199 0.821453 0 -24.9167 -26.6742 64 1029.88 88.8861 11 0.000980067
800 0.00991206 0.00927481 0.000637248 0 0.93571 10.6164 9.71947 0.89695 0 -25.1731 -27.6304 64 1157.88 94.248 13 0.000713447
900 0.00881922 0.00830615 0.000513074 0 0.941823 11.4998 10.5501 0.94975 0 -25.351 -27.4886 64 1285.88 99.3209 15 0.000553743
1000 0.0124967 0.0119112 0.000585518 0 0.953146 12.7488 11.7412 1.00758 0 -25.4229 -26.0846 64 1349.88 101.763 16 0.000744452
1100 0.0102927 0.00979557 0.000497101 0 0.951703 13.7825 12.7208 1.06172 0 -25.5485 -27.0978 64 1477.88 106.478 18 0.000544199
1200 0.00831822 0.00804117 0.000277059 0 0.966693 14.6213 13.5249 1.09641 0 -25.6765 -27.7795 64 1541.88 108.759 19 0.000423219
1300 0.0128645 0.0121235 0.000740977 0 0.942401 15.8802 14.7372 1.143 0 -25.8713 -28.1339 64 1669.88 113.183 21 0.000577309
1400 0.0111129 0.0106912 0.000421694 0 0.962054 17.0073 15.8064 1.20091 0 -26.1298 -29.7721 64 1733.88 115.332 22 0.000485964
1500 0.00834944 0.0078882 0.000461239 0 0.944758 17.8398 16.5952 1.24459 0 -26.2553 -28.8201 64 1861.88 119.513 24 0.000328675
1600 0.00810423 0.00786179 0.000242434 0 0.970085 18.6718 17.3814 1.29049 0 -26.3773 -28.9911 64 1989.88 123.553 26 0.000302377
1700 0.0175424 0.0165149 0.00102748 0 0.941429 20.4206 19.0328 1.38777 0 -26.2056 -24.3731 64 2053.88 125.524 27 0.000611664
1800 0.0119107 0.0111222 0.000788462 0 0.933802 21.6229 20.1451 1.4778 0 -26.211 -26.302 64 2181.88 129.377 29 0.000383524
1900 0.0108489 0.0101029 0.000745942 0 0.931243 22.7104 21.1554 1.55506 0 -26.1927 -25.8296 64 2245.88 131.26 30 0.000336765
2000 0.0095394 0.0089329 0.0006065 0 0.936422 23.6738 22.0487 1.62515 0 -26.198 -26.3214 64 2373.88 134.949 32 0.000279153
2100 0.00864281 0.00812013 0.00052268 0 0.939524 24.5398 22.8607 1.67917 0 -26.238 -27.3329 64 2437.88 136.756 33 0.000246064
2200 0.00970491 0.00902623 0.000678679 0 0.930068 25.5082 23.7633 1.74487 0 -26.2796 -27.3348 64 2565.88 140.3 35 0.000257892
2300 0.00823978 0.00803839 0.000201382 0 0.97556 26.3557 24.5671 1.78856 0 -26.3702 -29.0943 64 2629.88 142.039 36 0.000223289
2400 0.00914351 0.00885053 0.000292979 0 0.967958 27.2703 25.4522 1.81813 0 -26.4397 -28.4445 64 2757.88 145.455 38 0.000232909
2500 0.00856489 0.00807723 0.000487659 0 0.943063 28.1001 26.2599 1.8402 0 -26.4967 -28.3708 64 2885.88 148.792 40 0.000201931
2600 0.0088997 0.00858949 0.000310209 0 0.965144 28.9999 27.1189 1.88105 0 -26.5988 -29.7853 64 2949.88 150.433 41 0.0002095
2700 0.0135165 0.0129466 0.000569851 0 0.95784 30.3482 28.4135 1.93472 0 -26.7987 -31.0983 64 3077.88 153.662 43 0.000301084
2800 0.0102756 0.010066 0.000209581 0 0.979604 31.3881 29.4201 1.96801 0 -26.9331 -30.8559 64 3141.88 155.251 44 0.000228773
2900 0.0122057 0.0119415 0.000264237 0 0.978351 32.6114 30.6143 1.99718 0 -27.0942 -31.2287 64 3269.88 158.382 46 0.000259597
3000 0.0100652 0.00981273 0.000252482 0 0.974915 33.6195 31.5955 2.02392 0 -27.2035 -30.7396 64 3333.88 159.925 47 0.000208782
3100 0.0137972 0.0133065 0.000490673 0 0.964437 35.0064 32.9262 2.0802 0 -27.3132 -29.9725 64 3461.88 162.966 49 0.000271561
3200 0.00981447 0.00948479 0.00032968 0 0.966409 35.9929 33.8747 2.11822 0 -27.4137 -30.9772 64 3589.88 165.951 51 0.000185976
3300 0.010838 0.0106326 0.000205454 0 0.981043 37.11 34.9379 2.17206 0 -27.4911 -29.9871 64 3653.88 167.424 52 0.000204472
3400 0.0122355 0.0108957 0.00133984 0 0.890496 38.2415 36.0275 2.214 0 -27.5144 -28.2765 64 3781.88 170.331 54 0.000201772
3500 0.0144247 0.0139817 0.000443057 0 0.969285 39.7118 37.4257 2.28614 0 -27.6882 -32.209 64 3845.88 171.766 55 0.000254213
3600 0.0161566 0.015693 0.0004636 0 0.971306 41.3512 38.995 2.35621 0 -27.7845 -30.1176 64 3973.88 174.601 57 0.000275317
3700 0.0107507 0.0104773 0.000273393 0 0.97457 42.4358 40.0427 2.39311 0 -27.8807 -31.5488 64 4037.88 176.002 58 0.000180644
3800 0.0156218 0.0152979 0.000323964 0 0.979262 44.0108 41.5725 2.43828 0 -27.9721 -30.4354 64 4165.88 178.77 60 0.000254965
3900 0.0118036 0.0115273 0.000276308 0 0.976591 45.1973 42.7252 2.47212 0 -28.0694 -31.6756 64 4229.88 180.138 61 0.000188973
4000 0.0220182 0.0201227 0.00189542 0 0.913916 47.3009 44.7375 2.56345 0 -28.223 -31.5231 64 4357.88 182.843 63 0.000319409
4100 0.0175737 0.0164518 0.00112187 0 0.936162 49.0614 46.3827 2.67872 0 -28.3484 -31.7198 64 4485.88 185.509 65 0.000253104
4200 0.0134571 0.0128549 0.000602192 0 0.955251 50.4231 47.6682 2.75492 0 -28.4739 -32.994 64 4549.88 186.827 66 0.000194771
4300 0.0140778 0.0135346 0.000543232 0 0.961412 51.8479 49.0216 2.82626 0 -28.5461 -31.1031 64 4677.88 189.437 68 0.000199038
4400 0.0123576 0.0118999 0.000457695 0 0.962962 53.0981 50.2116 2.88652 0 -28.6097 -31.2467 64 4741.88 190.728 69 0.000172463
4500 0.0114187 0.0110159 0.000402823 0 0.964723 54.2338 51.3132 2.92064 0 -28.6593 -30.975 64 4869.88 193.285 71 0.000155154
4600 0.0104952 0.0102859 0.000209369 0 0.980051 55.2932 52.3418 2.95143 0 -28.7147 -31.5543 64 4933.88 194.551 72 0.000142859
4700 0.0102378 0.00998382 0.000253985 0 0.975191 56.3163 53.3402 2.97609 0 -28.7759 -32.0821 64 5061.88 197.059 74 0.000134917
4800 0.00898526 0.00884587 0.000139389 0 0.984487 57.2191 54.2248 2.99437 0 -28.8362 -32.5948 64 5189.88 199.535 76 0.000116393
4900 0.0316278 0.0302092 0.00141865 0 0.955145 60.409 57.2457 3.16329 0 -29.0055 -32.0435 64 5253.88 200.761 77 0.000392327
5000 0.0166222 0.015948 0.000674155 0 0.959442 62.1076 58.8405 3.26717 0 -29.1063 -32.6892 64 5381.88 203.192 79 0.000201873
5100 0.0192459 0.0184725 0.000773359 0 0.959817 64.0439 60.6877 3.35618 0 -29.1789 -31.5098 64 5445.88 204.397 80 0.000230907
5200 0.0171155 0.0167657 0.000349761 0 0.979565 65.7748 62.3643 3.4105 0 -29.2759 -32.8644 64 5573.88 206.785 82 0.00020446
5300 0.0138551 0.0137428 0.00011222 0 0.9919 67.1685 63.7386 3.4299 0 -29.3672 -33.6744 64 5637.88 207.969 83 0.000165576
5400 0.0161546 0.0158456 0.000309026 0 0.980871 68.7977 65.3231 3.4746 0 -29.4293 -31.9894 64 5765.88 210.316 85 0.000186419
5500 0.0206101 0.0196884 0.000921667 0 0.955281 70.855 67.292 3.56307 0 -29.4381 -29.7314 64 5829.88 211.48 86 0.000228935
5600 0.0210952 0.0204606 0.000634637 0 0.969916 73.012 69.338 3.67397 0 -29.414 -28.6242 64 5957.88 213.789 88 0.000232506
5700 0.0172343 0.0162569 0.000977421 0 0.943286 74.7063 70.9637 3.74254 0 -29.4037 -28.9605 64 6085.88 216.074 90 0.000180632
5800 0.0146054 0.0143173 0.000288154 0 0.980271 76.1738 72.3954 3.77835 0 -29.4409 -31.3341 64 6149.88 217.207 91 0.000157333
5900 0.0137944 0.0136097 0.000184643 0 0.986615 77.5674 73.7564 3.81095 0 -29.4831 -31.7891 64 6277.88 219.456 93 0.000146341
6000 0.0120348 0.0119894 4.54404e-05 0 0.996224 78.7803 74.9554 3.82491 0 -29.5405 -33.2096 64 6341.88 220.571 94 0.000127547
6100 0.013196 0.0125587 0.000637354 0 0.951701 80.0628 76.2112 3.85158 0 -29.5541 -30.3879 64 6469.88 222.786 96 0.00013082
6200 0.0121811 0.0119975 0.00018365 0 0.984923 81.2992 77.411 3.88819 0 -29.5817 -31.3719 64 6533.88 223.885 97 0.000123685
6300 0.0132567 0.0129909 0.000265783 0 0.979951 82.643 78.7101 3.9329 0 -29.6296 -32.5276 64 6661.88 226.068 99 0.000131222
6400 0.0118233 0.0115813 0.000242063 0 0.979527 83.8292 79.8682 3.961 0 -29.6636 -32.0319 64 6789.88 228.229 101 0.000114666
6500 0.0112103 0.0109549 0.000255399 0 0.977217 84.9551 80.9637 3.99139 0 -29.7031 -32.642 64 6853.88 229.302 102 0.000107401
6600 0.010775 0.010597 0.000178034 0 0.983477 86.0412 82.0234 4.01783 0 -29.7477 -33.2368 64 6981.88 231.434 104 0.000101894
6700 0.0174389 0.0166835 0.000755451 0 0.95668 87.7597 83.6917 4.06798 0 -29.7715 -30.9637 64 7045.88 232.492 105 0.00015889
6800 0.0188523 0.0181703 0.000681968 0 0.963826 89.653 85.5087 4.14422 0 -29.8119 -31.6838 64 7173.88 234.594 107 0.000169816
6900 0.0135079 0.0131879 0.000319997 0 0.97631 91.0192 86.8275 4.1917 0 -29.856 -32.7533 64 7237.88 235.638 108 0.00012211
7000 0.0140809 0.0137714 0.000309468 0 0.978022 92.4443 88.2047 4.2396 0 -29.9033 -32.9257 64 7365.88 237.713 110 0.000125195
7100 0.0128358 0.0126093 0.000226487 0 0.982355 93.7407 89.4656 4.2751 0 -29.9298 -31.8199 64 7429.88 238.743 111 0.000113598
7200 0.0111835 0.0109622 0.000221331 0 0.980209 94.8671 90.5618 4.30524 0 -29.9603 -32.4911 64 7557.88 240.791 113 9.70103e-05
7300 0.0172495 0.0165297 0.000719739 0 0.958275 96.5638 92.2148 4.34899 0 -29.9745 -30.7697 64 7685.88 242.821 115 0.000143737
7400 0.0172692 0.0162815 0.000987744 0 0.942803 98.2795 93.843 4.43651 0 -29.9919 -30.9725 64 7749.88 243.83 116 0.000140358
7500 0.0163827 0.0153776 0.00100515 0 0.938646 99.9144 95.3807 4.53365 0 -30.014 -31.3438 64 7877.88 245.836 118 0.000130318
7600 0.0160567 0.0152138 0.000842905 0 0.947505 101.524 96.9021 4.6216 0 -30.0437 -31.8866 64 7941.88 246.832 119 0.000127847
7700 0.0186201 0.0179803 0.000639776 0 0.96564 103.407 98.7001 4.70674 0 -30.1093 -33.645 64 8069.88 248.813 121 0.000148597
7800 0.0168426 0.0164061 0.00043652 0 0.974082 105.112 100.341 4.77167 0 -30.1565 -33.0215 64 8133.88 249.798 122 0.000134476
7900 0.0146853 0.0143271 0.000358204 0 0.975608 106.59 101.773 4.81671 0 -30.1988 -33.2036 64 8261.88 251.756 124 0.000115541
8000 0.0276447 0.0269317 0.000713039 0 0.974207 109.378 104.467 4.91096 0 -30.2364 -31.6729 64 8389.88 253.699 126 0.000213744
8100 0.018698 0.0182812 0.000416839 0 0.977707 111.259 106.295 4.96448 0 -30.2692 -32.1784 64 8453.88 254.664 127 0.000143946
8200 0.0148885 0.0146522 0.000236304 0 0.984128 112.745 107.76 4.98489 0 -30.3131 -33.5991 64 8581.88 256.585 129 0.000113583
8300 0.013176 0.0129776 0.000198368 0 0.984945 114.065 109.058 5.00684 0 -30.3572 -34.1292 64 8645.88 257.54 130 9.9828e-05
8400 0.0124186 0.0120153 0.000403289 0 0.967525 115.291 110.259 5.03197 0 -30.3992 -34.3031 64 8773.88 259.439 132 9.10248e-05
8500 0.0117584 0.0116047 0.000153691 0 0.986929 116.485 111.42 5.06551 0 -30.4341 -33.7997 64 8837.88 260.384 133 8.72533e-05
8600 0.018836 0.018299 0.000536975 0 0.971492 118.382 113.25 5.13261 0 -30.446 -31.1798 64 8965.88 262.263 135 0.000135548
8700 0.0149729 0.0145005 0.000472397 0 0.96845 119.881 114.7 5.18091 0 -30.4705 -32.4059 64 9029.88 263.197 136 0.000106622
8800 0.0257465 0.0245168 0.00122975 0 0.952236 122.494 117.151 5.34251 0 -30.416 -27.9174 64 9157.88 265.056 138 0.000177658
8900 0.0213629 0.0191443 0.00221859 0 0.896147 124.524 119.066 5.45824 0 -30.3765 -27.9924 64 9285.88 266.902 140 0.000136745
9000 0.0220267 0.0210604 0.000966346 0 0.956129 126.792 121.172 5.62004 0 -30.4002 -31.7019 64 9349.88 267.82 141 0.000149365
9100 0.0173583 0.0163509 0.00100746 0 0.941961 128.513 122.807 5.70596 0 -30.4122 -31.2918 64 9477.88 269.647 143 0.000114342
9200 0.0149594 0.0145402 0.000419198 0 0.971978 130.036 124.261 5.7748 0 -30.44 -32.7844 64 9541.88 270.556 144 0.000100974
9300 0.016294 0.0156707 0.000623321 0 0.961745 131.67 125.828 5.84227 0 -30.4301 -29.647 64 9669.88 272.365 146 0.000107334
9400 0.0131501 0.0128222 0.000327922 0 0.975063 132.996 127.11 5.88592 0 -30.4416 -31.5807 64 9733.88 273.264 147 8.72258e-05
9500 0.0147289 0.0142978 0.000431135 0 0.970729 134.476 128.54 5.9357 0 -30.4368 -30.0056 64 9861.88 275.055 149 9.59582e-05
9600 0.0118681 0.0116127 0.000255427 0 0.978478 135.673 129.701 5.97191 0 -30.4507 -32.0163 64 9989.88 276.835 151 7.69054e-05
9700 0.0122351 0.0118913 0.000343824 0 0.971899 136.901 130.89 6.01035 0 -30.4654 -32.0831 64 10053.9 277.72 152 7.82322e-05
9800 0.0118977 0.0114472 0.000450534 0 0.962133 138.089 132.035 6.05356 0 -30.4737 -31.433 64 10181.9 279.482 154 7.43323e-05
9900 0.0117176 0.0113631 0.000354563 0 0.969741 139.267 133.171 6.09561 0 -30.4875 -32.1027 64 10245.9 280.359 155 7.331e-05
10000 0.0141267 0.0133462 0.000780512 0 0.944749 140.644 134.506 6.13757 0 -30.4807 -29.7994 64 10373.9 282.105 157 8.50075e-05
10100 0.0237421 0.0226195 0.00112255 0 0.952719 143.023 136.768 6.25482 0 -30.4109 -26.2853 64 10437.9 282.974 158 0.000143161
10200 0.0175663 0.0164968 0.00106956 0 0.939113 144.79 138.418 6.37251 0 -30.3795 -27.8351 64 10565.9 284.704 160 0.000103105
10300 0.0351143 0.0331529 0.00196136 0 0.944143 148.304 141.733 6.57082 0 -30.3983 -31.1746 64 10629.9 285.565 161 0.000205919
10400 0.0420098 0.039314 0.00269573 0 0.935831 152.516 145.664 6.8518 0 -30.4372 -31.8065 64 10757.9 287.279 163 0.00024119
10500 0.0285243 0.0263662 0.00215809 0 0.924342 155.345 148.301 7.0445 0 -30.4586 -31.6091 64 10885.9 288.983 165 0.000159795
10600 0.027464 0.0262538 0.00121017 0 0.955936 158.147 150.926 7.22029 0 -30.4956 -32.5505 64 10949.9 289.831 166 0.000158156
10700 0.0220329 0.0211122 0.000920634 0 0.958215 160.357 153.038 7.31911 0 -30.5286 -32.8858 64 11077.9 291.52 168 0.000125668
10800 0.0194089 0.0188823 0.000526614 0 0.972867 162.333 154.926 7.40743 0 -30.5639 -33.4278 64 11141.9 292.361 169 0.000111729
10900 0.0177361 0.0172743 0.00046184 0 0.973961 164.113 156.653 7.45988 0 -30.5974 -33.6566 64 11269.9 294.035 171 0.000101019
11000 0.0159088 0.0155757 0.000333159 0 0.979058 165.714 158.211 7.50348 0 -30.6301 -33.9803 64 11333.9 294.869 172 9.05563e-05
11100 0.0222942 0.0216274 0.00066677 0 0.970092 167.952 160.374 7.57836 0 -30.6294 -30.5798 64 11461.9 296.53 174 0.000124295
11200 0.0169376 0.0165002 0.000437424 0 0.974174 169.652 162.024 7.62816 0 -30.6516 -32.8447 64 11589.9 298.181 176 9.37509e-05
11300 0.0173769 0.0169696 0.000407353 0 0.976558 171.408 163.721 7.68756 0 -30.6761 -33.0375 64 11653.9 299.003 177 9.58733e-05
11400 0.0149444 0.0144095 0.000534831 0 0.964212 172.9 165.161 7.7384 0 -30.6945 -32.8146 64 11781.9 300.64 179 8.05002e-05
11500 0.0175132 0.0166765 0.000836689 0 0.952225 174.628 166.829 7.79868 0 -30.7008 -31.3327 64 11845.9 301.456 180 9.26472e-05
11600 0.0186575 0.0177168 0.000940693 0 0.949581 176.481 168.601 7.8807 0 -30.7109 -31.655 64 11973.9 303.08 182 9.73453e-05
11700 0.0170336 0.0163945 0.00063904 0 0.962483 178.195 170.24 7.95474 0 -30.7353 -33.2513 64 12037.9 303.889 183 8.95875e-05
11800 0.0176412 0.0170873 0.00055389 0 0.968602 179.968 171.949 8.01856 0 -30.7584 -33.0781 64 12165.9 305.5 185 9.23638e-05
11900 0.0220516 0.0213682 0.00068337 0 0.96901 182.184 174.086 8.09774 0 -30.7962 -33.8655 64 12229.9 306.303 186 0.000114883
12000 0.018922 0.018581 0.000340906 0 0.981984 184.085 175.944 8.14091 0 -30.8232 -33.4156 64 12357.9 307.902 188 9.88353e-05
12100 0.0167216 0.0163504 0.000371233 0 0.977799 185.75 177.579 8.17061 0 -30.8424 -32.9628 64 12485.9 309.492 190 8.60546e-05
12200 0.0178189 0.0172915 0.000527343 0 0.970405 187.529 179.308 8.22125 0 -30.8621 -32.9245 64 12549.9 310.284 191 9.05315e-05
12300 0.0225418 0.0217029 0.000838844 0 0.962787 189.775 181.478 8.2971 0 -30.8655 -31.1444 64 12677.9 311.863 193 0.00011245
12400 0.0193394 0.0188997 0.000439737 0 0.977262 191.727 183.368 8.35844 0 -30.8776 -32.0546 64 12741.9 312.649 194 9.74211e-05
12500 0.0173792 0.0169867 0.000392481 0 0.977417 193.467 185.067 8.40032 0 -30.8966 -32.9895 64 12869.9 314.215 196 8.6667e-05
12600 0.0305893 0.02953 0.00105925 0 0.965372 196.531 188.02 8.51061 0 -30.8413 -27.3482 64 12933.9 314.996 197 0.000149899
12700 0.0291053 0.027818 0.00128729 0 0.955771 199.448 190.802 8.6459 0 -30.8169 -29.1757 64 13061.9 316.55 199 0.000139789
12800 0.0214182 0.0206956 0.000722569 0 0.966264 201.641 192.871 8.76941 0 -30.8112 -30.2865 64 13189.9 318.098 201 0.000102963
12900 0.0301575 0.0286871 0.00147038 0 0.951243 204.654 195.74 8.9135 0 -30.7717 -28.1343 64 13253.9 318.868 202 0.000142015
13000 0.0210162 0.0198929 0.00112329 0 0.946551 206.769 197.729 9.03986 0 -30.7603 -29.6561 64 13381.9 320.405 204 9.75144e-05
13100 0.0183258 0.0172706 0.0010552 0 0.94242 208.605 199.456 9.14842 0 -30.7537 -30.0099 64 13445.9 321.17 205 8.42468e-05
13200 0.0196835 0.0186542 0.00102935 0 0.947705 210.582 201.322 9.26059 0 -30.7547 -30.8552 64 13573.9 322.695 207 9.01167e-05
13300 0.0171015 0.0162777 0.00082386 0 0.951825 212.299 202.95 9.34922 0 -30.7604 -31.4668 64 13637.9 323.455 208 7.8258e-05
13400 0.0172376 0.0160608 0.00117684 0 0.931728 213.99 204.556 9.43413 0 -30.7601 -30.7119 64 13765.9 324.969 210 7.64798e-05
13500 0.0398698 0.0380028 0.00186702 0 0.953172 217.961 208.356 9.605 0 -30.6725 -25.9562 64 13829.9 325.724 211 0.000180108
13600 0.0298339 0.0282837 0.00155021 0 0.948039 220.963 211.184 9.77875 0 -30.6266 -27.2895 64 13957.9 327.228 213 0.000132788
13700 0.0388596 0.0366567 0.00220286 0 0.943312 224.839 214.85 9.98866 0 -30.6217 -30.3465 64 14085.9 328.725 215 0.000170496
13800 0.0302276 0.028981 0.00124665 0 0.958758 227.91 217.748 10.1617 0 -30.621 -30.5647 64 14149.9 329.47 216 0.000134171
13900 0.0270024 0.0258415 0.00116087 0 0.957009 230.655 220.332 10.3232 0 -30.6245 -30.9198 64 14277.9 330.957 218 0.000118539
14000 0.0222186 0.0214644 0.000754268 0 0.966052 232.906 222.479 10.4277 0 -30.6301 -31.1981 64 14341.9 331.698 219 9.80108e-05
14100 0.023962 0.0234863 0.000475705 0 0.980148 235.345 224.827 10.5179 0 -30.6332 -30.9369 64 14469.9 333.175 221 0.000106273
14200 0.0425185 0.0403458 0.00217264 0 0.948901 239.548 228.862 10.6857 0 -30.579 -27.5393 64 14533.9 333.911 222 0.000181738
14300 0.0385311 0.0367052 0.00182592 0 0.952612 243.429 232.532 10.8967 0 -30.5454 -28.4745 64 14661.9 335.378 224 0.000163862
14400 0.0298731 0.028585 0.00128811 0 0.956881 246.451 235.391 11.0605 0 -30.5404 -30.1384 64 14789.9 336.839 226 0.000126482
14500 0.0239389 0.0232327 0.000706189 0 0.9705 248.871 237.714 11.1568 0 -30.54 -30.4919 64 14853.9 337.567 227 0.000102347
14600 0.0232621 0.0219905 0.00127162 0 0.945335 251.149 239.913 11.236 0 -30.5377 -30.2907 64 14981.9 339.018 229 9.60285e-05
14700 0.025623 0.0248176 0.000805389 0 0.968568 253.756 242.395 11.3608 0 -30.5456 -31.3034 64 15045.9 339.742 230 0.000107903
14800 0.0249673 0.024147 0.000820364 0 0.967142 256.271 244.81 11.4617 0 -30.5508 -31.0838 64 15173.9 341.184 232 0.000104082
14900 0.0248771 0.0240857 0.000791409 0 0.968187 258.795 247.218 11.5763 0 -30.5464 -30.0951 64 15237.9 341.903 233 0.000103372
15000 0.0230591 0.0222122 0.000846908 0 0.963272 261.098 249.44 11.6586 0 -30.5474 -30.6604 64 15365.9 343.336 235 9.45198e-05
15100 0.0211572 0.0206484 0.000508834 0 0.97595 263.231 251.504 11.7264 0 -30.5578 -31.8336 64 15429.9 344.05 236 8.74931e-05
15200 0.0196369 0.0190843 0.000552591 0 0.97186 265.199 253.413 11.7864 0 -30.5696 -32.1397 64 15557.9 345.474 238 8.01861e-05
15300 0.0179008 0.0173469 0.000553934 0 0.969055 266.985 255.147 11.8376 0 -30.5796 -32.064 64 15685.9 346.892 240 7.22787e-05
15400 0.0188688 0.0182474 0.000621393 0 0.967068 268.866 256.972 11.8941 0 -30.5923 -32.3954 64 15749.9 347.599 241 7.57152e-05
15500 0.0175038 0.0171799 0.000323861 0 0.981498 270.623 258.69 11.9329 0 -30.6102 -33.3609 64 15877.9 349.009 243 7.06992e-05
15600 0.0356059 0.0345697 0.00103618 0 0.970899 274.168 262.147 12.0209 0 -30.6291 -32.0709 64 15941.9 349.711 244 0.000141679
15700 0.0411552 0.0389439 0.00221134 0 0.946268 278.202 266.042 12.1604 0 -30.6463 -31.8103 64 16069.9 351.113 246 0.000158308
15800 0.04609 0.0441845 0.00190548 0 0.958657 282.82 270.46 12.3605 0 -30.6788 -32.6363 64 16133.9 351.811 247 0.000178885
15900 0.0356272 0.0340307 0.00159652 0 0.955188 286.404 273.863 12.5405 0 -30.7017 -32.5113 64 16261.9 353.204 249 0.000136669
16000 0.028611 0.02783 0.000781068 0 0.9727 289.296 276.646 12.6503 0 -30.727 -33.2337 64 16389.9 354.591 251 0.000110876
16100 0.0252576 0.0245528 0.000704806 0 0.972095 291.836 279.101 12.7351 0 -30.7515 -33.5475 64 16453.9 355.283 252 9.74317e-05
16200 0.0238493 0.0230296 0.000819783 0 0.965627 294.194 281.404 12.79 0 -30.7732 -33.4475 64 16581.9 356.662 254 9.06676e-05
16300 0.0224888 0.0222109 0.000277891 0 0.987643 296.466 283.625 12.8409 0 -30.8005 -34.3431 64 16645.9 357.35 255 8.71014e-05
16400 0.0210933 0.020715 0.000378276 0 0.982067 298.573 285.697 12.8758 0 -30.8246 -34.2119 64 16773.9 358.721 257 8.06032e-05
16500 0.0203406 0.0201532 0.000187403 0 0.990787 300.605 287.712 12.8929 0 -30.8458 -33.9654 64 16837.9 359.405 258 7.81132e-05
16600 0.0274487 0.0267606 0.000688057 0 0.974933 303.35 290.388 12.9617 0 -30.862 -32.6371 64 16965.9 360.768 260 0.000102925
16700 0.0226822 0.0223566 0.0003256 0 0.985645 305.64 292.624 13.0164 0 -30.8811 -33.4015 64 17029.9 361.448 261 8.56576e-05
16800 0.023664 0.0229691 0.000694971 0 0.970632 307.996 294.921 13.0752 0 -30.8953 -32.7489 64 17157.9 362.804 263 8.73348e-05
16900 0.0220483 0.0212243 0.000824065 0 0.962625 310.193 297.043 13.1496 0 -30.9102 -32.9955 64 17285.9 364.155 265 8.00916e-05
17000 0.0190932 0.0186161 0.000477148 0 0.97501 312.108 298.905 13.2036 0 -30.9304 -34.2033 64 17349.9 364.828 266 6.99853e-05
17100 0.0239854 0.0225413 0.00144405 0 0.939795 314.482 301.159 13.3233 0 -30.9411 -32.3438 64 17477.9 366.171 268 8.41094e-05
17200 0.0212731 0.0203962 0.00087681 0 0.958783 316.613 303.199 13.414 0 -30.9531 -32.7196 64 17541.9 366.841 269 7.58225e-05
17300 0.0208433 0.020061 0.00078237 0 0.962464 318.698 305.205 13.4931 0 -30.9604 -32.0802 64 17669.9 368.177 271 7.40256e-05
17400 0.0206793 0.0199883 0.000690961 0 0.966587 320.77 307.204 13.5662 0 -30.9705 -32.5146 64 17733.9 368.843 272 7.34864e-05
17500 0.0219262 0.0209301 0.000996127 0 0.954569 322.942 309.297 13.6452 0 -30.9795 -32.3106 64 17861.9 370.172 274 7.63871e-05
17600 0.0201076 0.0195817 0.000525853 0 0.973848 324.977 311.255 13.7227 0 -30.9939 -33.2838 64 17989.9 371.496 276 7.09483e-05
17700 0.0325241 0.0311546 0.00136953 0 0.957892 328.261 314.37 13.891 0 -30.9715 -28.7556 64 18053.9 372.156 277 0.000112471
17800 0.0329814 0.0316302 0.00135121 0 0.959031 331.574 317.533 14.0407 0 -30.9478 -28.5984 64 18181.9 373.473 279 0.00011337
17900 0.0261129 0.0252084 0.000904542 0 0.96536 334.216 320.054 14.1617 0 -30.947 -30.8453 64 18245.9 374.13 280 9.003e-05
18000 0.0214915 0.0209029 0.000588589 0 0.972613 336.371 322.144 14.2266 0 -30.9535 -31.9621 64 18373.9 375.44 282 7.41238e-05
18100 0.0187136 0.0183259 0.000387639 0 0.979286 338.252 323.977 14.2753 0 -30.9609 -32.2781 64 18437.9 376.093 283 6.47559e-05
18200 0.0200989 0.0198071 0.000291839 0 0.98548 340.28 325.958 14.3224 0 -30.9741 -33.1869 64 18565.9 377.396 285 6.94986e-05
18300 0.0183167 0.018176 0.000140654 0 0.992321 342.127 327.775 14.3514 0 -30.9872 -33.3939 64 18629.9 378.046 286 6.35525e-05
18400 0.0311889 0.0297908 0.00139804 0 0.955175 345.163 330.754 14.4085 0 -30.9726 -29.3256 64 18757.9 379.343 288 0.00010344
18500 0.0373174 0.0349257 0.00239173 0 0.935909 348.869 334.247 14.6218 0 -30.9553 -29.3481 64 18885.9 380.635 290 0.000120433
18600 0.056166 0.0526819 0.00348403 0 0.937969 354.434 339.515 14.9193 0 -30.9233 -28.9129 64 18949.9 381.279 291 0.000181038
18700 0.0567598 0.0541973 0.00256256 0 0.954853 360.189 344.935 15.2546 0 -30.92 -30.7221 64 19077.9 382.565 293 0.000184974
18800 0.0424831 0.0403015 0.00218161 0 0.948648 364.467 348.965 15.5023 0 -30.9198 -30.8948 64 19141.9 383.206 294 0.00013708
18900 0.0351574 0.0336714 0.00148607 0 0.957731 367.997 352.332 15.6644 0 -30.9255 -31.5151 64 19269.9 384.485 296 0.000113755
19000 0.0317933 0.0310248 0.000768522 0 0.975828 371.24 355.435 15.8056 0 -30.9378 -32.3408 64 19333.9 385.123 297 0.000104461
19100 0.0286821 0.0279235 0.00075855 0 0.973553 374.103 358.227 15.8756 0 -30.9505 -32.5914 64 19461.9 386.396 299 9.33897e-05
19200 0.0262032 0.0258349 0.000368366 0 0.985942 376.75 360.81 15.9398 0 -30.967 -33.2997 64 19589.9 387.664 301 8.58301e-05
19300 0.0266868 0.0263565 0.000330248 0 0.987625 379.43 363.446 15.9837 0 -30.987 -33.7984 64 19653.9 388.297 302 8.72732e-05
19400 0.0471446 0.0457041 0.00144055 0 0.969444 384.135 368.016 16.118 0 -30.948 -27.8044 64 19781.9 389.56 304 0.000150342
19500 0.034866 0.0341519 0.00071406 0 0.97952 387.659 371.432 16.227 0 -30.9424 -30.3317 64 19845.9 390.189 305 0.000111974
19600 0.0292911 0.028529 0.000762086 0 0.973982 390.583 374.285 16.2986 0 -30.9441 -31.1727 64 19973.9 391.445 307 9.29282e-05
19700 0.0372888 0.0365013 0.000787469 0 0.978882 394.309 377.935 16.3742 0 -30.9496 -31.519 64 20037.9 392.072 308 0.000118511
19800 0.0304038 0.0299994 0.00040436 0 0.9867 397.381 380.935 16.4463 0 -30.9593 -32.2158 64 20165.9 393.322 310 9.67723e-05
19900 0.025822 0.0254342 0.000387818 0 0.984981 399.966 383.478 16.4877 0 -30.971 -32.7573 64 20229.9 393.946 311 8.1782e-05
20000 0.0253943 0.0249608 0.000433459 0 0.982931 402.497 385.974 16.5227 0 -30.9799 -32.386 64 20357.9 395.19 313 7.97471e-05
