100 0.00450728 0.00426493 0.000242352 0 0.946231 0.461136 0.426493 0.034643 0 -32.9708 -32.9708 128 453.882 59.0081 1 0.00426493
200 0.00672812 0.00647583 0.000252294 0 0.962502 1.15189 1.07408 0.0778129 0 -32.4405 -32.0864 128 581.882 66.8124 2 0.00323792
300 0.00418075 0.00406678 0.000113966 0 0.97274 1.58033 1.48075 0.0995792 0 -32.2416 -31.7068 128 709.882 73.796 3 0.00135559
400 0.00355638 0.00333851 0.00021787 0 0.938738 1.92387 1.81461 0.109263 0 -31.7487 -29.4815 128 837.882 80.1736 4 0.000834629
500 0.00300329 0.00296803 3.52644e-05 0 0.988258 2.23146 2.11141 0.120055 0 -31.555 -30.3433 128 837.882 80.1736 4 0.000742007
600 0.00804866 0.00765446 0.000394197 0 0.951023 3.07185 2.87685 0.194999 0 -30.1942 -26.5811 128 965.882 86.08 5 0.00153089
700 0.0313786 0.029897 0.00148153 0 0.952785 6.22013 5.86656 0.353574 0 -31.7748 -33.3169 128 1093.88 91.6063 6 0.00498284
800 0.0201781 0.0193371 0.000841015 0 0.95832 8.26502 7.80026 0.464758 0 -31.913 -32.3336 128 1221.88 96.8177 7 0.00276244
900 0.0156878 0.013881 0.00180686 0 0.884824 9.71539 9.18836 0.527032 0 -31.7314 -30.6963 128 1349.88 101.763 8 0.00173512
1000 0.0129445 0.0127312 0.000213319 0 0.983521 11.0452 10.4615 0.583758 0 -32.0728 -34.567 128 1349.88 101.763 8 0.0015914
1100 0.0103227 0.010218 0.000104717 0 0.989856 12.1006 11.4833 0.617339 0 -32.2802 -34.4511 128 1477.88 106.478 9 0.00113533
1200 0.00787355 0.00779026 8.32915e-05 0 0.989421 12.892 12.2623 0.629708 0 -32.5004 -35.8677 128 1605.88 110.993 10 0.000779026
1300 0.00790085 0.00766532 0.000235537 0 0.970188 13.6702 13.0288 0.641329 0 -32.592 -34.1088 128 1733.88 115.332 11 0.000696847
1400 0.00676075 0.0066769 8.38478e-05 0 0.987598 14.3504 13.6965 0.653835 0 -32.7045 -34.965 128 1733.88 115.332 11 0.000606991
1500 0.00632814 0.0062707 5.74321e-05 0 0.990924 14.9922 14.3236 0.668601 0 -32.8305 -35.6473 128 1861.88 119.513 12 0.000522559
1600 0.00499013 0.0049684 2.17356e-05 0 0.995644 15.4964 14.8204 0.675958 0 -32.9672 -37.0335 128 1989.88 123.553 13 0.000382184
1700 0.0048022 0.00472886 7.33392e-05 0 0.984728 15.9752 15.2933 0.681835 0 -33.0536 -35.8493 128 2117.88 127.465 14 0.000337776
1800 0.00465109 0.00448011 0.000170982 0 0.963238 16.4253 15.7413 0.683926 0 -33.1145 -35.276 128 2245.88 131.26 15 0.000298674
1900 0.00477904 0.00473704 4.20041e-05 0 0.991211 16.907 16.215 0.692004 0 -33.1878 -35.6883 128 2245.88 131.26 15 0.000315803
2000 0.0212666 0.0205682 0.000698379 0 0.967161 19.0607 18.2719 0.788816 0 -32.4943 -27.0501 128 2373.88 134.949 16 0.00128551
2100 0.0133052 0.0128013 0.000503983 0 0.962121 20.4092 19.552 0.857246 0 -32.2316 -28.5182 128 2501.88 138.539 17 0.000753015
2200 0.00977803 0.00943053 0.000347501 0 0.964461 21.3871 20.495 0.892105 0 -32.1209 -29.8099 128 2629.88 142.039 18 0.000523918
2300 0.00769076 0.00759132 9.94392e-05 0 0.98707 22.1631 21.2542 0.908956 0 -32.093 -31.3249 128 2629.88 142.039 18 0.00042174
2400 0.00640278 0.0063362 6.65824e-05 0 0.989601 22.8047 21.8878 0.916908 0 -32.1034 -32.4632 128 2757.88 145.455 19 0.000333484
2500 0.0170582 0.0163165 0.000741702 0 0.956519 24.5362 23.5194 1.01677 0 -31.6928 -26.2843 128 2885.88 148.792 20 0.000815825
2600 0.011241 0.0111119 0.000129131 0 0.988512 25.6725 24.6306 1.04184 0 -31.575 -29.0311 128 3013.88 152.056 21 0.000529138
2700 0.00995936 0.00968559 0.000273769 0 0.972511 26.6551 25.5992 1.05591 0 -31.4965 -29.4466 128 3141.88 155.251 22 0.000440254
2800 0.0095911 0.00942533 0.000165772 0 0.982716 27.6197 26.5417 1.07802 0 -31.4416 -29.9245 128 3141.88 155.251 22 0.000428424
2900 0.00759681 0.0074976 9.92097e-05 0 0.986941 28.3872 27.2915 1.09577 0 -31.4335 -31.1414 128 3269.88 158.382 23 0.000325983
3000 0.00732396 0.00713502 0.000188937 0 0.974203 29.1191 28.005 1.11408 0 -31.4292 -31.2653 128 3397.88 161.452 24 0.000297293
3100 0.00871162 0.0083126 0.000399023 0 0.954197 29.975 28.8362 1.13874 0 -31.3544 -28.8094 128 3525.88 164.465 25 0.000332504
3200 0.00809371 0.00791413 0.000179584 0 0.977812 30.797 29.6277 1.16931 0 -31.3075 -29.5963 128 3653.88 167.424 26 0.00030439
3300 0.0116677 0.0114134 0.000254337 0 0.978202 31.9822 30.769 1.21317 0 -31.3304 -31.924 128 3653.88 167.424 26 0.000438976
3400 0.0083671 0.0081502 0.000216899 0 0.974077 32.8307 31.584 1.24666 0 -31.3476 -31.9956 128 3781.88 170.331 27 0.000301859
3500 0.00632742 0.00625013 7.72918e-05 0 0.987785 33.4737 32.209 1.26464 0 -31.381 -33.0875 128 3909.88 173.19 28 0.000223219
3600 0.00604161 0.00587553 0.000166087 0 0.97251 34.0703 32.7966 1.27369 0 -31.4098 -33.0288 128 4037.88 176.002 29 0.000202604
3700 0.00540001 0.00536682 3.31845e-05 0 0.993855 34.613 33.3333 1.27969 0 -31.4519 -34.0901 128 4037.88 176.002 29 0.000185063
3800 0.0057826 0.00572628 5.63169e-05 0 0.990261 35.1951 33.9059 1.28923 0 -31.4694 -32.5141 128 4165.88 178.77 30 0.000190876
3900 0.0108545 0.0100482 0.000806318 0 0.925716 36.2506 34.9107 1.33986 0 -31.4655 -31.3342 128 4293.88 181.495 31 0.000324135
4000 0.00852685 0.00801483 0.000512014 0 0.939953 37.1066 35.7122 1.39438 0 -31.4827 -32.2099 128 4421.88 184.18 32 0.000250464
4100 0.00816198 0.00710479 0.00105718 0 0.870475 37.869 36.4227 1.44636 0 -31.456 -30.1566 128 4549.88 186.827 33 0.000215297
4200 0.00900282 0.0085148 0.000488015 0 0.945793 38.7771 37.2742 1.5029 0 -31.4586 -31.5694 128 4549.88 186.827 33 0.000258024
4300 0.00933284 0.00887164 0.0004612 0 0.950583 39.7158 38.1613 1.55451 0 -31.4471 -30.9724 128 4677.88 189.437 34 0.00026093
4400 0.00726483 0.00697589 0.000288935 0 0.960228 40.45 38.8589 1.59106 0 -31.4587 -32.0876 128 4805.88 192.011 35 0.000199311
4500 0.00665499 0.00630612 0.000348872 0 0.947577 41.1097 39.4895 1.62018 0 -31.4751 -32.4749 128 4933.88 194.551 36 0.00017517
4600 0.0059439 0.00578133 0.000162574 0 0.972649 41.7102 40.0677 1.64251 0 -31.5087 -33.8103 128 4933.88 194.551 36 0.000160593
4700 0.00584384 0.00572525 0.000118595 0 0.979706 42.3016 40.6402 1.66145 0 -31.5522 -34.6219 128 5061.88 197.059 37 0.000154736
4800 0.00645151 0.00628724 0.000164265 0 0.974538 42.9548 41.2689 1.68591 0 -31.5706 -32.7634 128 5189.88 199.535 38 0.000165454
4900 0.00541852 0.00520155 0.000216972 0 0.959957 43.4949 41.7891 1.70584 0 -31.5963 -33.638 128 5317.88 201.98 39 0.000133373
5000 0.00726949 0.00655476 0.000714722 0 0.901682 44.1746 42.4445 1.73006 0 -31.5938 -31.437 128 5445.88 204.397 40 0.000163869
5100 0.009634 0.00939436 0.000239638 0 0.975126 45.1601 43.384 1.77615 0 -31.6458 -33.9727 128 5445.88 204.397 40 0.000234859
5200 0.00588191 0.00588191 0 0 1 45.7583 43.9722 1.7861 0 -31.6989 -35.7118 128 5573.88 206.785 41 0.000143461
5300 0.00605454 0.00600798 4.65622e-05 0 0.99231 46.3671 44.573 1.79419 0 -31.7504 -35.623 128 5701.88 209.146 42 0.000143047
5400 0.00512741 0.0050672 6.02079e-05 0 0.988258 46.8761 45.0797 1.79643 0 -31.7968 -36.0234 128 5829.88 211.48 43 0.000117842
5500 0.00448796 0.00444946 3.84937e-05 0 0.991423 47.3258 45.5246 1.80118 0 -31.8412 -36.462 128 5829.88 211.48 43 0.000103476
5600 0.0052006 0.00511162 8.89845e-05 0 0.98289 47.8508 46.0358 1.81499 0 -31.8718 -34.6308 128 5957.88 213.789 44 0.000116173
5700 0.00441211 0.00437283 3.92836e-05 0 0.991096 48.298 46.4731 1.82492 0 -31.9052 -35.4842 128 6085.88 216.074 45 9.71739e-05
5800 0.00487282 0.0047654 0.000107418 0 0.977956 48.782 46.9496 1.8324 0 -31.9227 -33.6666 128 6213.88 218.334 46 0.000103596
5900 0.00477306 0.00458166 0.0001914 0 0.9599 49.249 47.4078 1.84124 0 -31.9392 -33.6639 128 6341.88 220.571 47 9.74821e-05
6000 0.00414802 0.00414802 0 0 1 49.6669 47.8226 1.84432 0 -31.9752 -36.2121 128 6341.88 220.571 47 8.82558e-05
6100 0.0054899 0.00541604 7.38588e-05 0 0.986546 50.2179 48.3642 1.85374 0 -31.991 -33.4191 128 6469.88 222.786 48 0.000112834
6200 0.00450942 0.00443757 7.18541e-05 0 0.984066 50.6705 48.8079 1.86258 0 -32.0103 -34.147 128 6597.88 224.979 49 9.05626e-05
6300 0.0045251 0.0044206 0.000104494 0 0.976908 51.1221 49.25 1.87211 0 -32.0234 -33.5025 128 6725.88 227.151 50 8.84121e-05
6400 0.00400082 0.00395825 4.25698e-05 0 0.98936 51.5241 49.6458 1.87833 0 -32.0435 -34.5891 128 6853.88 229.302 51 7.76128e-05
6500 0.00595612 0.00579419 0.000161929 0 0.972813 52.1293 50.2252 1.90408 0 -32.047 -32.3456 128 6853.88 229.302 51 0.000113612
6600 0.00774818 0.00696288 0.000785304 0 0.898647 52.9098 50.9215 1.98825 0 -31.9914 -28.2774 128 6981.88 231.434 52 0.000133902
6700 0.00526434 0.00508358 0.000180764 0 0.965663 53.4607 51.4299 2.03078 0 -31.9895 -31.8116 128 7109.88 233.545 53 9.59165e-05
6800 0.00757134 0.00706924 0.000502096 0 0.933685 54.1991 52.1368 2.06233 0 -31.9618 -29.9531 128 7237.88 235.638 54 0.000130912
6900 0.0079108 0.00778781 0.000122985 0 0.984454 55.0065 52.9156 2.09091 0 -31.9607 -31.8867 128 7237.88 235.638 54 0.000144219
7000 0.00534974 0.00534974 0 0 1 55.5455 53.4506 2.09495 0 -31.984 -34.3695 128 7365.88 237.713 55 9.7268e-05
7100 0.00421687 0.00421687 0 0 1 55.9682 53.8723 2.09599 0 -32.0094 -35.3413 128 7493.88 239.769 56 7.53013e-05
7200 0.00449289 0.00445001 4.28801e-05 0 0.990456 56.4167 54.3173 2.09946 0 -32.0179 -33.0744 128 7621.88 241.808 57 7.80703e-05
7300 0.0041871 0.00404973 0.000137374 0 0.967191 56.8254 54.7222 2.10315 0 -32.0252 -33.0397 128 7749.88 243.83 58 6.98229e-05
7400 0.0040308 0.00396533 6.54671e-05 0 0.983758 57.2305 55.1188 2.11174 0 -32.0396 -34.0601 128 7749.88 243.83 58 6.83678e-05
7500 0.00349619 0.00343158 6.4612e-05 0 0.981519 57.5813 55.4619 2.11937 0 -32.0548 -34.5353 128 7877.88 245.836 59 5.81623e-05
7600 0.00308998 0.00306556 2.4414e-05 0 0.992099 57.8913 55.7685 2.12278 0 -32.077 -36.1921 128 8005.88 247.825 60 5.10927e-05
7700 0.00372918 0.00361747 0.000111705 0 0.970046 58.258 56.1302 2.12778 0 -32.0898 -34.1168 128 8133.88 249.798 61 5.93028e-05
7800 0.00385788 0.00379693 6.09505e-05 0 0.984201 58.6473 56.5099 2.13743 0 -32.1072 -34.7093 128 8133.88 249.798 61 6.22447e-05
7900 0.00415988 0.00407212 8.77587e-05 0 0.978904 59.0687 56.9171 2.15154 0 -32.1224 -34.2378 128 8261.88 251.756 62 6.56793e-05
8000 0.0130922 0.012364 0.000728188 0 0.94438 60.3626 58.1535 2.20908 0 -32.0363 -28.1059 128 8389.88 253.699 63 0.000196254
8100 0.00882463 0.00835344 0.000471192 0 0.946605 61.248 58.9889 2.25916 0 -32.0016 -29.6394 128 8517.88 255.626 64 0.000130523
8200 0.0081608 0.00747493 0.000685879 0 0.915954 62.0354 59.7364 2.29903 0 -31.9739 -29.8186 128 8645.88 257.54 65 0.000114999
8300 0.00844265 0.00811009 0.000332568 0 0.960609 62.8998 60.5474 2.35241 0 -31.9692 -31.627 128 8645.88 257.54 65 0.000124771
8400 0.00983603 0.00936387 0.000472159 0 0.951997 63.889 61.4838 2.40522 0 -31.92 -28.7912 128 8773.88 259.439 66 0.000141877
8500 0.00932699 0.00893411 0.000392887 0 0.957876 64.8337 62.3772 2.4565 0 -31.893 -30.0713 128 8901.88 261.325 67 0.000133345
8600 0.00963289 0.00930758 0.000325314 0 0.966229 65.8103 63.3079 2.50237 0 -31.8958 -32.0797 128 9029.88 263.197 68 0.000136876
8700 0.00703297 0.00683989 0.000193078 0 0.972547 66.5141 63.9919 2.52219 0 -31.913 -33.5242 128 9029.88 263.197 68 0.000100587
8800 0.00955074 0.00912304 0.000427699 0 0.955218 67.492 64.9042 2.58779 0 -31.8719 -29.0735 128 9157.88 265.056 69 0.000132218
8900 0.00658427 0.00627707 0.000307202 0 0.953343 68.1574 65.5319 2.62549 0 -31.8592 -30.5728 128 9285.88 266.902 70 8.96724e-05
9000 0.00676024 0.00650162 0.00025862 0 0.961744 68.8325 66.1821 2.65038 0 -31.8533 -31.2533 128 9413.88 268.735 71 9.15721e-05
9100 0.00561527 0.00553019 8.50834e-05 0 0.984848 69.3992 66.7351 2.66411 0 -31.861 -32.8052 128 9541.88 270.556 72 7.68082e-05
9200 0.00462017 0.00459968 2.04909e-05 0 0.995565 69.8638 67.1951 2.66872 0 -31.8744 -33.8752 128 9541.88 270.556 72 6.38845e-05
9300 0.0049707 0.00492863 4.2068e-05 0 0.991537 70.3663 67.6879 2.67837 0 -31.8796 -32.5943 128 9669.88 272.365 73 6.75155e-05
9400 0.00786991 0.00745028 0.000419631 0 0.946679 71.1459 68.433 2.71297 0 -31.8453 -28.7484 128 9797.88 274.161 74 0.00010068
9500 0.00568116 0.00561646 6.47003e-05 0 0.988611 71.7267 68.9946 2.7321 0 -31.8437 -31.6488 128 9925.88 275.946 75 7.48861e-05
9600 0.00455816 0.00453203 2.61302e-05 0 0.994267 72.1843 69.4478 2.73645 0 -31.8531 -33.3268 128 10053.9 277.72 76 5.9632e-05
9700 0.00442272 0.00442272 0 0 1 72.6307 69.8901 2.74064 0 -31.8651 -33.8074 128 10053.9 277.72 76 5.81937e-05
9800 0.00451926 0.00442613 9.31335e-05 0 0.979392 73.0832 70.3327 2.7505 0 -31.8801 -34.2889 128 10181.9 279.482 77 5.74822e-05
9900 0.00411464 0.00405778 5.68644e-05 0 0.98618 73.4957 70.7385 2.75718 0 -31.8939 -34.3488 128 10309.9 281.233 78 5.20228e-05
10000 0.00419677 0.00408085 0.000115926 0 0.972377 73.9095 71.1466 2.76295 0 -31.9019 -33.3076 128 10437.9 282.974 79 5.16563e-05
10100 0.00413686 0.00408007 5.67869e-05 0 0.986273 74.3246 71.5546 2.77007 0 -31.9105 -33.4566 128 10437.9 282.974 79 5.16465e-05
10200 0.00514666 0.00503762 0.000109038 0 0.978814 74.8442 72.0583 2.78585 0 -31.9039 -30.96 128 10565.9 284.704 80 6.29703e-05
10300 0.00473266 0.00464297 8.96812e-05 0 0.981051 75.3201 72.5226 2.79742 0 -31.9109 -33.0122 128 10693.9 286.423 81 5.73207e-05
10400 0.00762709 0.00691223 0.000714861 0 0.906273 76.0384 73.2139 2.82454 0 -31.8854 -29.2032 128 10821.9 288.132 82 8.42955e-05
10500 0.00891629 0.00769415 0.00122214 0 0.862932 76.8529 73.9833 2.86961 0 -31.8486 -28.4157 128 10949.9 289.831 83 9.27006e-05
10600 0.0103726 0.00989526 0.000477377 0 0.953977 77.9044 74.9728 2.93164 0 -31.8447 -31.562 128 10949.9 289.831 83 0.00011922
10700 0.0101879 0.00974354 0.000444409 0 0.956379 78.9395 75.9471 2.99231 0 -31.8488 -32.1537 128 11077.9 291.52 84 0.000115994
10800 0.00765199 0.00732653 0.00032546 0 0.957467 79.7146 76.6798 3.0348 0 -31.8649 -33.5046 128 11205.9 293.199 85 8.61945e-05
10900 0.0059074 0.00578112 0.00012628 0 0.978623 80.3102 77.2579 3.05229 0 -31.8833 -34.3513 128 11333.9 294.869 86 6.72224e-05
11000 0.00483863 0.00483863 0 0 1 80.8038 77.7418 3.06204 0 -31.9042 -35.3093 128 11333.9 294.869 86 5.62631e-05
11100 0.00472113 0.00470314 1.79856e-05 0 0.99619 81.2779 78.2121 3.06584 0 -31.9237 -35.2472 128 11461.9 296.53 87 5.40591e-05
11200 0.00481525 0.00478211 3.31385e-05 0 0.993118 81.7619 78.6903 3.07158 0 -31.9368 -34.1314 128 11589.9 298.181 88 5.43421e-05
11300 0.00660172 0.00643098 0.000170742 0 0.974137 82.416 79.3334 3.0826 0 -31.9541 -34.1086 128 11717.9 299.823 89 7.22582e-05
11400 0.00657494 0.00601352 0.000561419 0 0.914612 83.037 79.9348 3.10221 0 -31.9553 -32.115 128 11845.9 301.456 90 6.68169e-05
11500 0.00656825 0.00622456 0.000343693 0 0.947674 83.6973 80.5572 3.14012 0 -31.9573 -32.2189 128 11845.9 301.456 90 6.91618e-05
11600 0.00537291 0.00512192 0.000250987 0 0.953287 84.243 81.0694 3.17361 0 -31.9696 -33.8562 128 11973.9 303.08 91 5.62849e-05
11700 0.00925173 0.00867286 0.000578869 0 0.937431 85.1592 81.9367 3.22253 0 -31.9703 -32.0285 128 12101.9 304.696 92 9.42703e-05
11800 0.0153279 0.0138133 0.00151469 0 0.901181 86.6107 83.318 3.29266 0 -31.8544 -25.054 128 12229.9 306.303 93 0.00014853
11900 0.0156053 0.0147622 0.000843107 0 0.945973 88.1881 84.7942 3.39384 0 -31.7376 -25.3281 128 12229.9 306.303 93 0.000158733
12000 0.0107028 0.0101475 0.000555321 0 0.948114 89.2725 85.809 3.46352 0 -31.6806 -27.0416 128 12357.9 307.902 94 0.000107952
12100 0.00903703 0.00847157 0.000565457 0 0.937429 90.1778 86.6561 3.52169 0 -31.6427 -27.9067 128 12485.9 309.492 95 8.91744e-05
12200 0.00911291 0.00853776 0.00057515 0 0.936886 91.0872 87.5099 3.5773 0 -31.6106 -28.4261 128 12613.9 311.075 96 8.8935e-05
12300 0.00903421 0.00821489 0.000819317 0 0.90931 91.9573 88.3314 3.62588 0 -31.5814 -28.5267 128 12741.9 312.649 97 8.46896e-05
12400 0.0074347 0.00731376 0.00012094 0 0.983733 92.7204 89.0628 3.65762 0 -31.579 -31.2855 128 12741.9 312.649 97 7.53996e-05
12500 0.00665083 0.00653728 0.000113557 0 0.982926 93.3887 89.7165 3.67217 0 -31.5806 -31.808 128 12869.9 314.215 98 6.67069e-05
12600 0.00640051 0.00632511 7.53986e-05 0 0.98822 94.0341 90.349 3.68513 0 -31.5814 -31.6944 128 12997.9 315.774 99 6.389e-05
12700 0.00581585 0.00569221 0.000123648 0 0.978739 94.6121 90.9182 3.69389 0 -31.5818 -31.6455 128 13125.9 317.325 100 5.69221e-05
12800 0.00506609 0.00506609 0 0 1 95.1213 91.4248 3.69647 0 -31.5883 -32.8006 128 13253.9 318.868 101 5.01593e-05
12900 0.00498343 0.00495142 3.20169e-05 0 0.993575 95.6212 91.92 3.70126 0 -31.5929 -32.4574 128 13253.9 318.868 101 4.90239e-05
13000 0.00635541 0.00624756 0.000107851 0 0.98303 96.2566 92.5447 3.71189 0 -31.5949 -31.9036 128 13381.9 320.405 102 6.12506e-05
13100 0.00950769 0.00909031 0.000417378 0 0.956101 97.1999 93.4538 3.74616 0 -31.5905 -31.1463 128 13509.9 321.933 103 8.82554e-05
13200 0.00761656 0.00743714 0.000179425 0 0.976443 97.9744 94.1975 3.77691 0 -31.5939 -32.0204 128 13637.9 323.455 104 7.15109e-05
13300 0.00592001 0.00587357 4.64423e-05 0 0.992155 98.573 94.7848 3.78817 0 -31.6026 -33.018 128 13637.9 323.455 104 5.64766e-05
13400 0.00761249 0.00759702 1.54705e-05 0 0.997968 99.3576 95.5445 3.81306 0 -31.6078 -32.2576 128 13765.9 324.969 105 7.23526e-05
13500 0.00770724 0.00748441 0.000222827 0 0.971089 100.128 96.293 3.83469 0 -31.6114 -32.0837 128 13893.9 326.476 106 7.06077e-05
13600 0.00666194 0.00647783 0.000184111 0 0.972364 100.797 96.9408 3.85583 0 -31.6105 -31.4754 128 14021.9 327.977 107 6.05405e-05
13700 0.0078469 0.00676401 0.00108289 0 0.861997 101.492 97.6172 3.87484 0 -31.5957 -29.4538 128 14149.9 329.47 108 6.26297e-05
13800 0.00918289 0.00887321 0.000309685 0 0.966276 102.441 98.5045 3.93621 0 -31.6111 -33.257 128 14149.9 329.47 108 8.21593e-05
13900 0.006257 0.00599584 0.000261161 0 0.958261 103.075 99.1041 3.97051 0 -31.6236 -33.634 128 14277.9 330.957 109 5.50077e-05
14000 0.0110871 0.0104868 0.000600309 0 0.945855 104.177 100.153 4.02377 0 -31.6267 -31.9237 128 14405.9 332.437 110 9.53348e-05
14100 0.0158633 0.0139704 0.00189283 0 0.880678 105.659 101.55 4.10965 0 -31.5576 -26.7008 128 14533.9 333.911 111 0.00012586
14200 0.0154318 0.0146439 0.000787939 0 0.948941 107.235 103.014 4.22109 0 -31.4979 -27.4973 128 14533.9 333.911 111 0.000131927
14300 0.0110188 0.0103943 0.000624503 0 0.943324 108.348 104.054 4.29456 0 -31.4745 -29.2153 128 14661.9 335.378 112 9.28059e-05
14400 0.0106474 0.0103249 0.000322477 0 0.969713 109.429 105.086 4.34287 0 -31.4737 -31.3968 128 14789.9 336.839 113 9.13706e-05
14500 0.0124618 0.011755 0.000706738 0 0.943287 110.648 106.262 4.38614 0 -31.4698 -31.1158 128 14917.9 338.293 114 0.000103114
14600 0.0107501 0.0102237 0.000526376 0 0.951035 111.718 107.284 4.4345 0 -31.47 -31.4934 128 15045.9 339.742 115 8.89015e-05
14700 0.00842183 0.00811891 0.000302912 0 0.964032 112.569 108.096 4.47354 0 -31.4742 -32.0171 128 15045.9 339.742 115 7.05992e-05
14800 0.00956479 0.00935779 0.000206995 0 0.978359 113.55 109.032 4.51881 0 -31.4701 -31.0097 128 15173.9 341.184 116 8.06706e-05
14900 0.0169795 0.0160215 0.000957987 0 0.94358 115.226 110.634 4.5926 0 -31.4282 -28.59 128 15301.9 342.62 117 0.000136936
15000 0.0124489 0.0118898 0.000559104 0 0.955088 116.484 111.823 4.661 0 -31.4118 -29.9056 128 15429.9 344.05 118 0.000100761
15100 0.00927881 0.00895318 0.000325632 0 0.964906 117.413 112.718 4.69541 0 -31.4092 -31.085 128 15429.9 344.05 118 7.58744e-05
15200 0.00840567 0.00822357 0.0001821 0 0.978336 118.26 113.54 4.71953 0 -31.4118 -31.7753 128 15557.9 345.474 119 6.91057e-05
15300 0.00862506 0.00845669 0.000168371 0 0.980479 119.13 114.386 4.74383 0 -31.4233 -32.9871 128 15685.9 346.892 120 7.04724e-05
15400 0.00902852 0.00860976 0.000418758 0 0.953618 120.023 115.247 4.77615 0 -31.4293 -32.2298 128 15813.9 348.305 121 7.11551e-05
15500 0.00891882 0.00847842 0.000440405 0 0.950621 120.909 116.095 4.81407 0 -31.437 -32.4768 128 15941.9 349.711 122 6.94952e-05
15600 0.00812765 0.00792617 0.000201484 0 0.97521 121.729 116.888 4.84163 0 -31.4512 -33.5375 128 15941.9 349.711 122 6.49686e-05
15700 0.00712642 0.00701913 0.000107295 0 0.984944 122.448 117.589 4.85874 0 -31.4675 -34.2272 128 16069.9 351.113 123 5.70661e-05
15800 0.00634493 0.00625227 9.2661e-05 0 0.985396 123.082 118.215 4.86689 0 -31.4796 -33.8242 128 16197.9 352.508 124 5.04216e-05
15900 0.00610841 0.00601036 9.80563e-05 0 0.983947 123.69 118.816 4.87459 0 -31.4892 -33.425 128 16325.9 353.898 125 4.80829e-05
16000 0.00549041 0.00547826 1.21406e-05 0 0.997789 124.243 119.364 4.87929 0 -31.5019 -34.351 128 16453.9 355.283 126 4.34783e-05
16100 0.0136487 0.0134834 0.000165366 0 0.987884 125.654 120.712 4.94175 0 -31.4569 -27.498 128 16453.9 355.283 126 0.000107011
16200 0.0102865 0.0102219 6.46217e-05 0 0.993718 126.693 121.734 4.95854 0 -31.4576 -31.5353 128 16581.9 356.662 127 8.0487e-05
16300 0.0111616 0.0106347 0.000526946 0 0.952789 127.784 122.798 4.98688 0 -31.4309 -28.3374 128 16709.9 358.036 128 8.30833e-05
16400 0.00913742 0.00884663 0.0002908 0 0.968175 128.7 123.682 5.01757 0 -31.4177 -29.5642 128 16837.9 359.405 129 6.85785e-05
16500 0.00746359 0.00735056 0.000113037 0 0.984855 129.456 124.417 5.03844 0 -31.4158 -31.0933 128 16837.9 359.405 129 5.6981e-05
16600 0.00683615 0.00670045 0.000135701 0 0.980149 130.141 125.087 5.05377 0 -31.4182 -31.8787 128 16965.9 360.768 130 5.15419e-05
16700 0.00721213 0.00708914 0.000122989 0 0.982947 130.867 125.796 5.07047 0 -31.4205 -31.841 128 17093.9 362.127 131 5.41156e-05
16800 0.014408 0.0137068 0.000701185 0 0.951334 132.275 127.167 5.10776 0 -31.4204 -31.4113 128 17221.9 363.48 132 0.00010384
16900 0.0141198 0.013197 0.000922866 0 0.93464 133.652 128.487 5.16575 0 -31.4201 -31.3904 128 17349.9 364.828 133 9.92252e-05
17000 0.0113524 0.0109711 0.000381303 0 0.966412 134.809 129.584 5.2248 0 -31.4244 -31.9134 128 17349.9 364.828 133 8.24895e-05
17100 0.0131056 0.0126072 0.00049832 0 0.961976 136.124 130.844 5.27963 0 -31.4044 -29.3581 128 17477.9 366.171 134 9.40839e-05
17200 0.0107456 0.010408 0.000337541 0 0.968588 137.216 131.885 5.33118 0 -31.4045 -31.4151 128 17605.9 367.51 135 7.70966e-05
17300 0.00903771 0.00864533 0.000392371 0 0.956585 138.115 132.75 5.36503 0 -31.4074 -31.8602 128 17733.9 368.843 136 6.35686e-05
17400 0.00763232 0.00742415 0.000208172 0 0.972725 138.883 133.492 5.39103 0 -31.4154 -32.8487 128 17733.9 368.843 136 5.45893e-05
17500 0.010472 0.0103248 0.000147196 0 0.985944 139.949 134.525 5.42458 0 -31.414 -31.2331 128 17861.9 370.172 137 7.53637e-05
17600 0.00807576 0.00798476 9.09971e-05 0 0.988732 140.762 135.323 5.43903 0 -31.4246 -33.2484 128 17989.9 371.496 138 5.78606e-05
17700 0.00722892 0.00720459 2.43319e-05 0 0.996634 141.488 136.044 5.44473 0 -31.434 -33.2593 128 18117.9 372.815 139 5.18316e-05
17800 0.00677989 0.00660149 0.000178398 0 0.973687 142.151 136.704 5.44702 0 -31.4414 -33.0223 128 18245.9 374.13 140 4.71535e-05
17900 0.00629802 0.00629802 0 0 1 142.786 137.334 5.45218 0 -31.4529 -34.0206 128 18245.9 374.13 140 4.49859e-05
18000 0.0118477 0.0116354 0.000212208 0 0.982089 143.982 138.497 5.48448 0 -31.4409 -30.012 128 18373.9 375.44 141 8.25209e-05
18100 0.00935976 0.00911504 0.000244714 0 0.973855 144.915 139.409 5.50671 0 -31.4364 -30.7412 128 18501.9 376.745 142 6.41904e-05
18200 0.0131802 0.0125296 0.000650653 0 0.950634 146.201 140.662 5.53964 0 -31.4293 -30.6218 128 18629.9 378.046 143 8.76195e-05
18300 0.0116148 0.0116148 0 0 1 147.384 141.823 5.56096 0 -31.4473 -33.6783 128 18629.9 378.046 143 8.12227e-05
18400 0.0101331 0.0100621 7.09703e-05 0 0.992996 148.41 142.829 5.5807 0 -31.4629 -33.704 128 18757.9 379.343 144 6.9876e-05
18500 0.0117525 0.0117525 0 0 1 149.61 144.005 5.60532 0 -31.4729 -32.7009 128 18885.9 380.635 145 8.10519e-05
18600 0.00791324 0.00791324 0 0 1 150.404 144.796 5.60775 0 -31.49 -34.7189 128 19013.9 381.923 146 5.42003e-05
18700 0.00661852 0.00657401 4.45165e-05 0 0.993274 151.063 145.453 5.60983 0 -31.5065 -35.2777 128 19141.9 383.206 147 4.47211e-05
18800 0.00561597 0.00561597 0 0 1 151.625 146.015 5.61001 0 -31.5236 -36.1153 128 19141.9 383.206 147 3.82039e-05
18900 0.0154298 0.0149659 0.000463896 0 0.969935 153.18 147.511 5.66848 0 -31.4816 -27.3905 128 19269.9 384.485 148 0.000101121
19000 0.0103015 0.00980022 0.000501326 0 0.951335 154.21 148.491 5.71844 0 -31.4687 -29.5381 128 19397.9 385.76 149 6.57733e-05
19100 0.00873406 0.00831186 0.0004222 0 0.95166 155.087 149.323 5.76431 0 -31.4609 -30.1009 128 19525.9 387.031 150 5.54124e-05
19200 0.00755912 0.00721634 0.000342779 0 0.954654 155.847 150.044 5.8026 0 -31.4577 -30.81 128 19653.9 388.297 151 4.77903e-05
19300 0.00750378 0.0072443 0.000259478 0 0.96542 156.608 150.769 5.83943 0 -31.4576 -31.4328 128 19653.9 388.297 151 4.79755e-05
19400 0.00721542 0.00694938 0.000266032 0 0.96313 157.333 151.464 5.86952 0 -31.4589 -31.7334 128 19781.9 389.56 152 4.57196e-05
19500 0.0130523 0.0123091 0.000743259 0 0.943055 158.62 152.695 5.92571 0 -31.4565 -31.1583 128 19909.9 390.818 153 8.04513e-05
19600 0.0112015 0.0107527 0.000448841 0 0.95993 159.755 153.77 5.98474 0 -31.4636 -32.4634 128 20037.9 392.072 154 6.98226e-05
19700 0.0080825 0.0080825 0 0 1 160.584 154.578 6.00644 0 -31.4794 -34.5146 128 20037.9 392.072 154 5.24837e-05
19800 0.00985839 0.00971776 0.000140631 0 0.985735 161.571 155.55 6.0211 0 -31.4949 -34.0174 128 20165.9 393.322 155 6.26952e-05
19900 0.00799279 0.00790333 8.9454e-05 0 0.988808 162.373 156.34 6.03321 0 -31.5098 -34.5096 128 20293.9 394.569 156 5.06624e-05
20000 0.00654658 0.00644808 9.85068e-05 0 0.984953 163.026 156.985 6.04091 0 -31.5231 -34.8411 128 20421.9 395.811 157 4.10705e-05
