100 0.0761393 0.0701835 0.00595581 0 0.921777 7.42004 7.01835 0.401685 0 -29.5472 -29.5472 4 429.882 57.4268 26 0.00269937
200 0.113827 0.10448 0.00934654 0 0.917888 18.7256 17.4664 1.25927 0 -28.1638 -27.2559 4 529.882 63.7572 51 0.00204863
300 0.165131 0.151743 0.0133878 0 0.918926 35.1361 32.6407 2.49546 0 -27.3812 -26.4883 4 629.882 69.5136 76 0.00199662
400 0.188619 0.174283 0.014336 0 0.923995 54.0807 50.0689 4.01176 0 -27.1961 -26.8526 4 729.882 74.8284 101 0.00172557
500 0.222628 0.206461 0.0161668 0 0.927382 76.2433 70.7151 5.52828 0 -27.2861 -27.5057 4 829.882 79.7899 126 0.00163858
600 0.197561 0.184022 0.0135391 0 0.931469 96.1064 89.1173 6.98916 0 -27.3914 -27.7959 4 929.882 84.4605 151 0.00121869
700 0.22007 0.205094 0.014976 0 0.931949 117.976 109.627 8.34957 0 -27.6066 -28.5522 4 1029.88 88.8861 176 0.00116531
800 0.286027 0.267423 0.018604 0 0.934957 146.523 136.369 10.1537 0 -27.6004 -27.5747 4 1129.88 93.1015 201 0.00133046
900 0.233415 0.218904 0.0145112 0 0.937831 170.053 158.259 11.7939 0 -27.6384 -27.8747 4 1229.88 97.1341 226 0.000968603
1000 0.2255 0.21223 0.0132698 0 0.941154 192.72 179.482 13.2372 0 -27.7516 -28.601 4 1329.88 101.006 251 0.000845539
1100 0.22638 0.215006 0.0113737 0 0.949758 215.472 200.983 14.4892 0 -27.8933 -29.0941 4 1429.88 104.735 276 0.000779007
1200 0.201772 0.191331 0.0104406 0 0.948256 235.713 220.116 15.597 0 -28.0072 -29.2198 4 1529.88 108.335 301 0.000635651
1300 0.235698 0.223028 0.0126695 0 0.946247 259.248 242.419 16.8286 0 -28.0823 -28.8345 4 1629.88 111.82 326 0.000684135
1400 0.266992 0.251987 0.0150043 0 0.943802 285.935 267.618 18.3178 0 -28.1964 -29.3039 4 1729.88 115.199 351 0.000717913
1500 0.28802 0.274267 0.0137537 0 0.952247 314.948 295.044 19.9037 0 -28.2621 -28.9101 4 1829.88 118.482 376 0.000729433
1600 0.278303 0.261063 0.01724 0 0.938053 342.57 321.151 21.4196 0 -28.3116 -28.8764 4 1929.88 121.676 401 0.00065103
1700 0.25518 0.241218 0.0139621 0 0.945285 368.18 345.272 22.9076 0 -28.4011 -29.5974 4 2029.88 124.789 426 0.000566239
1800 0.259283 0.245945 0.0133376 0 0.94856 394.2 369.867 24.3326 0 -28.4865 -29.6955 4 2129.88 127.826 451 0.000545334
1900 0.249331 0.236541 0.0127908 0 0.948699 419.104 393.521 25.5833 0 -28.5646 -29.8005 4 2229.88 130.792 476 0.000496934
2000 0.3008 0.285538 0.0152614 0 0.949264 449.049 422.075 26.9743 0 -28.6729 -30.1885 4 2329.88 133.692 501 0.000569937
2100 0.313579 0.295394 0.0181841 0 0.942011 480.212 451.614 28.598 0 -28.744 -29.7684 4 2429.88 136.531 526 0.000561586
2200 0.303897 0.285715 0.0181821 0 0.94017 510.493 480.186 30.3075 0 -28.7786 -29.3285 4 2529.88 139.313 551 0.000518539
2300 0.353065 0.333238 0.0198272 0 0.943843 545.817 513.51 32.3078 0 -28.8087 -29.2422 4 2629.88 142.039 576 0.000578538
2400 0.309395 0.294264 0.0151311 0 0.951094 577.094 542.936 34.1584 0 -28.8624 -29.801 4 2729.88 144.714 601 0.000489624
2500 0.28986 0.273917 0.015943 0 0.944998 606.111 570.328 35.7838 0 -28.8979 -29.6028 4 2829.88 147.341 626 0.000437567
2600 0.311887 0.295675 0.0162119 0 0.94802 637.286 599.895 37.3913 0 -28.917 -29.2882 4 2929.88 149.922 651 0.000454186
2700 0.323855 0.30848 0.0153759 0 0.952522 669.796 630.743 39.0531 0 -28.9402 -29.3964 4 3029.88 152.459 676 0.000456331
2800 0.356654 0.338873 0.017781 0 0.950145 705.533 664.63 40.9023 0 -28.9608 -29.3464 4 3129.88 154.954 701 0.000483413
2900 0.337558 0.319437 0.0181213 0 0.946316 739.263 696.574 42.6884 0 -28.9839 -29.4669 4 3229.88 157.41 726 0.000439995
3000 0.329269 0.311927 0.0173416 0 0.947333 772.34 727.767 44.5731 0 -29.0219 -29.8717 4 3329.88 159.829 751 0.000415349
3100 0.308088 0.29365 0.0144382 0 0.953136 803.364 757.132 46.2321 0 -29.0506 -29.7654 4 3429.88 162.211 776 0.000378415
3200 0.314644 0.299312 0.015332 0 0.951272 834.848 787.063 47.785 0 -29.0677 -29.5029 4 3529.88 164.558 801 0.000373673
3300 0.295313 0.28224 0.0130724 0 0.955734 864.462 815.287 49.1746 0 -29.1026 -30.0854 4 3629.88 166.873 826 0.000341695
3400 0.313108 0.299963 0.0131449 0 0.958018 895.88 845.283 50.5965 0 -29.142 -30.2261 4 3729.88 169.156 851 0.000352483
3500 0.308193 0.295682 0.0125111 0 0.959405 926.829 874.852 51.977 0 -29.1892 -30.5575 4 3829.88 171.409 876 0.000337536
3600 0.310496 0.296445 0.0140509 0 0.954747 957.784 904.496 53.2881 0 -29.2163 -30.0274 4 3929.88 173.632 901 0.000329018
3700 0.387712 0.369023 0.0186887 0 0.951797 996.503 941.398 55.1048 0 -29.242 -29.8767 4 4029.88 175.827 926 0.000398513
3800 0.357681 0.336192 0.0214885 0 0.939923 1031.93 975.018 56.9147 0 -29.27 -30.0582 4 4129.88 177.995 951 0.000353514
3900 0.34028 0.32569 0.0145897 0 0.957124 1066.23 1007.59 58.6424 0 -29.328 -31.0738 4 4229.88 180.138 976 0.000333699
4000 0.304297 0.291845 0.012452 0 0.959079 1096.83 1036.77 60.0576 0 -29.3674 -30.7391 4 4329.88 182.254 1001 0.000291554
4100 0.313796 0.298891 0.0149053 0 0.9525 1128.01 1066.66 61.347 0 -29.3947 -30.3543 4 4429.88 184.347 1026 0.000291317
4200 0.389771 0.371224 0.0185476 0 0.952414 1166.82 1103.78 63.037 0 -29.4033 -29.6542 4 4529.88 186.416 1051 0.00035321
4300 0.421873 0.404986 0.0168878 0 0.95997 1209.2 1144.28 64.9202 0 -29.4296 -30.1532 4 4629.88 188.463 1076 0.000376381
4400 0.379208 0.36434 0.0148687 0 0.96079 1247.32 1180.72 66.6035 0 -29.455 -30.2608 4 4729.88 190.487 1101 0.000330917
4500 0.348792 0.334096 0.0146955 0 0.957867 1282.3 1214.12 68.1761 0 -29.483 -30.4838 4 4829.88 192.49 1126 0.000296711
4600 0.34261 0.329332 0.0132786 0 0.961243 1316.7 1247.06 69.6443 0 -29.5118 -30.5826 4 4929.88 194.473 1151 0.000286127
4700 0.370336 0.356335 0.014001 0 0.962194 1353.86 1282.69 71.1702 0 -29.5629 -31.3754 4 5029.88 196.435 1176 0.000303006
4800 0.377563 0.363528 0.0140344 0 0.962829 1391.71 1319.04 72.6702 0 -29.6074 -31.1989 4 5129.88 198.378 1201 0.000302688
4900 0.353778 0.340588 0.0131906 0 0.962715 1427.22 1353.1 74.113 0 -29.6515 -31.379 4 5229.88 200.302 1226 0.000277804
5000 0.360138 0.347085 0.0130537 0 0.963754 1463.34 1387.81 75.5279 0 -29.6849 -31.003 4 5329.88 202.208 1251 0.000277446
5100 0.356237 0.344639 0.011598 0 0.967443 1499.18 1422.28 76.9052 0 -29.7215 -31.217 4 5429.88 204.096 1276 0.000270093
5200 0.326905 0.315325 0.0115796 0 0.964578 1531.83 1453.81 78.0177 0 -29.7552 -31.3027 4 5529.88 205.967 1301 0.000242371
5300 0.362075 0.348312 0.0137628 0 0.961989 1567.96 1488.64 79.3215 0 -29.7857 -31.0815 4 5629.88 207.821 1326 0.000262679
5400 0.360496 0.349386 0.0111104 0 0.96918 1604.17 1523.58 80.5923 0 -29.8245 -31.5037 4 5729.88 209.659 1351 0.000258613
5500 0.354951 0.34498 0.00997115 0 0.971908 1639.91 1558.08 81.8305 0 -29.8671 -31.7775 4 5829.88 211.48 1376 0.000250712
5600 0.38994 0.375785 0.0141557 0 0.963698 1678.93 1595.65 83.2713 0 -29.8877 -30.7556 4 5929.88 213.286 1401 0.000268226
5700 0.365154 0.351636 0.0135188 0 0.962978 1715.51 1630.82 84.6945 0 -29.9218 -31.4847 4 6029.88 215.077 1426 0.000246589
5800 0.370095 0.358094 0.0120006 0 0.967574 1752.77 1666.63 86.1403 0 -29.95 -31.2466 4 6129.88 216.853 1451 0.000246791
5900 0.351086 0.338063 0.013023 0 0.962907 1787.93 1700.43 87.4933 0 -29.9762 -31.2826 4 6229.88 218.615 1476 0.00022904
6000 0.384624 0.368978 0.0156467 0 0.959319 1826.34 1737.33 89.0106 0 -30.0034 -31.2732 4 6329.88 220.363 1501 0.000245821
6100 0.368634 0.354297 0.0143372 0 0.961107 1863.34 1772.76 90.5835 0 -30.0291 -31.2932 4 6429.88 222.096 1526 0.000232174
6200 0.377153 0.362809 0.0143436 0 0.961969 1901.1 1809.04 92.0606 0 -30.0476 -30.9637 4 6529.88 223.817 1551 0.00023392
6300 0.384027 0.369564 0.0144628 0 0.962339 1939.45 1846 93.447 0 -30.0747 -31.4181 4 6629.88 225.524 1576 0.000234495
6400 0.411693 0.396005 0.0156875 0 0.961895 1980.69 1885.6 95.09 0 -30.1003 -31.3018 4 6729.88 227.219 1601 0.000247349
6500 0.400123 0.385026 0.0150978 0 0.962267 2020.88 1924.1 96.7772 0 -30.1196 -31.0727 4 6829.88 228.9 1626 0.000236793
6600 0.436256 0.416409 0.0198467 0 0.954507 2064.38 1965.74 98.6413 0 -30.1397 -31.074 4 6929.88 230.57 1651 0.000252216
6700 0.424252 0.405426 0.0188262 0 0.955625 2106.78 2006.28 100.495 0 -30.1597 -31.133 4 7029.88 232.228 1676 0.000241901
6800 0.422629 0.403272 0.0193578 0 0.954197 2149.04 2046.61 102.425 0 -30.178 -31.0902 4 7129.88 233.874 1701 0.000237079
6900 0.385296 0.369977 0.0153185 0 0.960242 2187.66 2083.61 104.048 0 -30.1996 -31.3988 4 7229.88 235.508 1726 0.000214355
7000 0.369811 0.357159 0.0126516 0 0.965789 2224.72 2119.33 105.395 0 -30.2233 -31.6266 4 7329.88 237.131 1751 0.000203974
7100 0.393577 0.37629 0.0172869 0 0.956077 2263.78 2156.95 106.826 0 -30.2437 -31.4031 4 7429.88 238.743 1776 0.000211875
7200 0.374853 0.360553 0.0143005 0 0.96185 2301.31 2193.01 108.3 0 -30.2669 -31.6643 4 7529.88 240.344 1801 0.000200196
7300 0.3986 0.382551 0.0160491 0 0.959736 2341.11 2231.26 109.841 0 -30.2863 -31.4121 4 7629.88 241.935 1826 0.000209502
7400 0.430979 0.415335 0.0156444 0 0.9637 2384.31 2272.8 111.507 0 -30.291 -30.5436 4 7729.88 243.515 1851 0.000224384
7500 0.367596 0.357446 0.0101492 0 0.97239 2421.36 2308.54 112.814 0 -30.3074 -31.3627 4 7829.88 245.086 1876 0.000190536
7600 0.323369 0.315076 0.00829293 0 0.974355 2453.84 2340.05 113.788 0 -30.3316 -32.1401 4 7929.88 246.646 1901 0.000165742
7700 0.350407 0.339493 0.0109139 0 0.968854 2488.83 2374 114.831 0 -30.3494 -31.5964 4 8029.88 248.196 1926 0.000176268
7800 0.343064 0.332636 0.0104278 0 0.969604 2523.23 2407.26 115.966 0 -30.3711 -31.9431 4 8129.88 249.737 1951 0.000170495
7900 0.319239 0.309567 0.00967184 0 0.969703 2555.23 2438.22 117.014 0 -30.3939 -32.1858 4 8229.88 251.268 1976 0.000156664
8000 0.355892 0.343627 0.0122656 0 0.965536 2590.71 2472.58 118.131 0 -30.4039 -31.125 4 8329.88 252.79 2001 0.000171728
8100 0.38056 0.367341 0.0132198 0 0.965262 2628.88 2509.32 119.562 0 -30.415 -31.1694 4 8429.88 254.303 2026 0.000181313
8200 0.377864 0.363706 0.0141579 0 0.962532 2666.71 2545.69 121.02 0 -30.4204 -30.7986 4 8529.88 255.806 2051 0.000177331
8300 0.372362 0.358278 0.0140832 0 0.962179 2703.84 2581.52 122.329 0 -30.428 -30.9728 4 8629.88 257.302 2076 0.000172581
8400 0.406763 0.393002 0.0137612 0 0.966169 2744.56 2620.82 123.748 0 -30.4365 -30.9958 4 8729.88 258.788 2101 0.000187055
8500 0.358219 0.346017 0.0122016 0 0.965938 2780.43 2655.42 125.011 0 -30.4482 -31.3495 4 8829.88 260.266 2126 0.000162755
8600 0.388312 0.373542 0.0147699 0 0.961964 2819.25 2692.77 126.476 0 -30.4503 -30.6002 4 8929.88 261.736 2151 0.00017366
8700 0.42996 0.409726 0.0202338 0 0.95294 2861.96 2733.74 128.219 0 -30.4468 -30.2115 4 9029.88 263.197 2176 0.000188293
8800 0.448206 0.429853 0.0183528 0 0.959053 2906.94 2776.73 130.209 0 -30.4514 -30.7482 4 9129.88 264.65 2201 0.000195299
8900 0.460216 0.44364 0.0165767 0 0.963981 2953.21 2821.09 132.116 0 -30.4707 -31.6806 4 9229.88 266.096 2226 0.000199299
9000 0.438993 0.420233 0.0187598 0 0.957266 2996.93 2863.12 133.811 0 -30.4757 -30.8159 4 9329.88 267.533 2251 0.000186687
9100 0.457435 0.441317 0.016118 0 0.964764 3042.91 2907.25 135.665 0 -30.4787 -30.6703 4 9429.88 268.963 2276 0.0001939
9200 0.411896 0.397279 0.0146167 0 0.964514 3084.23 2946.98 137.256 0 -30.4845 -30.9162 4 9529.88 270.386 2301 0.000172655
9300 0.407385 0.39102 0.0163658 0 0.959827 3124.82 2986.08 138.743 0 -30.4904 -30.9381 4 9629.88 271.801 2326 0.000168108
9400 0.444791 0.427566 0.0172245 0 0.961275 3169.45 3028.84 140.613 0 -30.4922 -30.6147 4 9729.88 273.208 2351 0.000181866
9500 0.40614 0.39034 0.0158006 0 0.961096 3210 3067.87 142.131 0 -30.4988 -31.0145 4 9829.88 274.609 2376 0.000164284
9600 0.395113 0.381127 0.0139854 0 0.964604 3249.63 3105.98 143.644 0 -30.5017 -30.7437 4 9929.88 276.002 2401 0.000158737
9700 0.35887 0.347317 0.0115532 0 0.967807 3285.64 3140.71 144.931 0 -30.5128 -31.5127 4 10029.9 277.388 2426 0.000143165
9800 0.400873 0.38618 0.0146922 0 0.963349 3325.64 3179.33 146.309 0 -30.5225 -31.32 4 10129.9 278.768 2451 0.00015756
9900 0.402862 0.3863 0.0165615 0 0.95889 3365.79 3217.96 147.826 0 -30.5316 -31.2813 4 10229.9 280.14 2476 0.000156018
10000 0.445796 0.428422 0.0173743 0 0.961026 3410.46 3260.8 149.661 0 -30.5354 -30.8204 4 10329.9 281.506 2501 0.0001713
10100 0.46132 0.442377 0.0189437 0 0.958936 3456.75 3305.04 151.704 0 -30.5371 -30.6678 4 10429.9 282.865 2526 0.000175129
10200 0.446843 0.428137 0.0187059 0 0.958138 3501.57 3347.86 153.713 0 -30.5397 -30.7363 4 10529.9 284.218 2551 0.000167831
10300 0.39877 0.383265 0.0155055 0 0.961117 3541.66 3386.18 155.482 0 -30.5469 -31.1742 4 10629.9 285.565 2576 0.000148783
10400 0.367506 0.352444 0.0150613 0 0.959017 3578.39 3421.43 156.961 0 -30.5541 -31.2539 4 10729.9 286.905 2601 0.000135503
10500 0.370138 0.356453 0.0136845 0 0.963029 3615.5 3457.07 158.433 0 -30.565 -31.6089 4 10829.9 288.238 2626 0.00013574
10600 0.376583 0.362141 0.0144425 0 0.961649 3653.22 3493.29 159.932 0 -30.5749 -31.5237 4 10929.9 289.566 2651 0.000136605
10700 0.376626 0.362068 0.0145584 0 0.961345 3690.93 3529.49 161.433 0 -30.5883 -31.8928 4 11029.9 290.888 2676 0.000135302
10800 0.392164 0.374539 0.0176244 0 0.955059 3730.02 3566.95 163.069 0 -30.596 -31.3227 4 11129.9 292.203 2701 0.000138667
10900 0.393227 0.37809 0.015137 0 0.961506 3769.47 3604.76 164.71 0 -30.6072 -31.6611 4 11229.9 293.513 2726 0.000138698
11000 0.380138 0.36319 0.0169477 0 0.955417 3807.21 3641.07 166.138 0 -30.615 -31.3983 4 11329.9 294.817 2751 0.000132021
11100 0.403826 0.388326 0.0155007 0 0.961615 3847.73 3679.91 167.821 0 -30.6236 -31.4295 4 11429.9 296.115 2776 0.000139887
11200 0.398108 0.382212 0.015896 0 0.960071 3887.53 3718.13 169.397 0 -30.6299 -31.2404 4 11529.9 297.408 2801 0.000136456
11300 0.397451 0.383569 0.0138817 0 0.965073 3927.43 3756.48 170.946 0 -30.637 -31.3306 4 11629.9 298.695 2826 0.000135729
11400 0.375743 0.361377 0.0143663 0 0.961766 3964.95 3792.62 172.33 0 -30.6428 -31.2446 4 11729.9 299.976 2851 0.000126754
11500 0.40098 0.387466 0.0135141 0 0.966297 4005.17 3831.37 173.801 0 -30.6482 -31.1806 4 11829.9 301.252 2876 0.000134724
11600 0.380283 0.367337 0.0129454 0 0.965958 4043.25 3868.1 175.143 0 -30.6561 -31.4921 4 11929.9 302.523 2901 0.000126624
11700 0.421401 0.404792 0.0166095 0 0.960585 4085.33 3908.58 176.744 0 -30.6608 -31.1092 4 12029.9 303.788 2926 0.000138343
11800 0.418779 0.403791 0.0149884 0 0.964209 4127.29 3948.96 178.328 0 -30.6681 -31.3823 4 12129.9 305.048 2951 0.000136832
11900 0.440755 0.425014 0.0157402 0 0.964288 4171.55 3991.46 180.086 0 -30.6724 -31.0722 4 12229.9 306.303 2976 0.000142814
12000 0.388888 0.377056 0.0118317 0 0.969576 4210.66 4029.17 181.496 0 -30.6807 -31.568 4 12329.9 307.553 3001 0.000125643
12100 0.379294 0.365909 0.0133846 0 0.964712 4248.6 4065.76 182.84 0 -30.6901 -31.7285 4 12429.9 308.797 3026 0.000120922
12200 0.433668 0.416665 0.0170029 0 0.960793 4291.79 4107.43 184.367 0 -30.6924 -30.9228 4 12529.9 310.037 3051 0.000136567
12300 0.40331 0.388476 0.0148335 0 0.963221 4332.14 4146.27 185.862 0 -30.6978 -31.269 4 12629.9 311.272 3076 0.000126293
12400 0.362194 0.350199 0.0119958 0 0.96688 4368.39 4181.29 187.1 0 -30.7071 -31.8227 4 12729.9 312.502 3101 0.000112931
12500 0.408537 0.397031 0.0115056 0 0.971837 4409.48 4221 188.487 0 -30.7107 -31.0857 4 12829.9 313.727 3126 0.000127009
12600 0.38497 0.372511 0.0124593 0 0.967636 4448.04 4258.25 189.793 0 -30.7185 -31.6153 4 12929.9 314.947 3151 0.00011822
12700 0.396572 0.381527 0.0150449 0 0.962063 4487.57 4296.4 191.173 0 -30.7268 -31.6633 4 13029.9 316.162 3176 0.000120128
12800 0.377657 0.365747 0.01191 0 0.968463 4525.44 4332.97 192.464 0 -30.736 -31.8265 4 13129.9 317.373 3201 0.00011426
12900 0.37297 0.36141 0.0115597 0 0.969006 4562.77 4369.12 193.652 0 -30.7442 -31.7352 4 13229.9 318.58 3226 0.00011203
13000 0.347344 0.33647 0.010874 0 0.968694 4597.54 4402.76 194.782 0 -30.7554 -32.2243 4 13329.9 319.781 3251 0.000103497
13100 0.336262 0.326045 0.010217 0 0.969616 4631.21 4435.37 195.842 0 -30.7682 -32.5105 4 13429.9 320.979 3276 9.95252e-05
13200 0.417932 0.404642 0.0132905 0 0.968199 4673.04 4475.83 197.213 0 -30.7727 -31.2726 4 13529.9 322.171 3301 0.000122582
13300 0.389157 0.37457 0.0145871 0 0.962516 4711.81 4513.29 198.521 0 -30.7786 -31.4947 4 13629.9 323.36 3326 0.000112619
13400 0.386226 0.373687 0.0125387 0 0.967535 4750.6 4550.66 199.947 0 -30.7874 -31.8504 4 13729.9 324.544 3351 0.000111515
13500 0.357043 0.346095 0.0109474 0 0.969339 4786.44 4585.27 201.176 0 -30.7966 -32.0152 4 13829.9 325.724 3376 0.000102516
13600 0.359209 0.349344 0.009865 0 0.972537 4822.52 4620.2 202.315 0 -30.8077 -32.2839 4 13929.9 326.899 3401 0.000102718
13700 0.338544 0.329429 0.00911567 0 0.973074 4856.4 4653.14 203.255 0 -30.8176 -32.2339 4 14029.9 328.07 3426 9.61555e-05
13800 0.36544 0.352223 0.0132173 0 0.963832 4892.72 4688.37 204.352 0 -30.8261 -31.9573 4 14129.9 329.238 3451 0.000102064
13900 0.370661 0.357493 0.0131679 0 0.964475 4929.68 4724.12 205.56 0 -30.8363 -32.1872 4 14229.9 330.401 3476 0.000102846
14000 0.402497 0.389955 0.012542 0 0.96884 4970.06 4763.11 206.944 0 -30.8437 -31.7443 4 14329.9 331.559 3501 0.000111384
14100 0.364296 0.353155 0.0111403 0 0.96942 5006.57 4798.43 208.146 0 -30.8513 -31.8858 4 14429.9 332.714 3526 0.000100158
14200 0.372093 0.359779 0.0123139 0 0.966906 5043.77 4834.4 209.361 0 -30.8604 -32.0829 4 14529.9 333.865 3551 0.000101318
14300 0.402919 0.388794 0.0141247 0 0.964944 5084.07 4873.28 210.789 0 -30.8706 -32.1472 4 14629.9 335.012 3576 0.000108723
14400 0.433565 0.418364 0.015201 0 0.96494 5127.55 4915.12 212.427 0 -30.8763 -31.5425 4 14729.9 336.155 3601 0.00011618
14500 0.423313 0.408121 0.0151915 0 0.964113 5170.04 4955.93 214.107 0 -30.8812 -31.484 4 14829.9 337.294 3626 0.000112554
14600 0.408179 0.392077 0.0161021 0 0.960551 5210.92 4995.14 215.777 0 -30.8891 -31.8835 4 14929.9 338.43 3651 0.000107389
14700 0.403949 0.388035 0.0159132 0 0.960606 5251.36 5033.94 217.42 0 -30.8986 -32.1206 4 15029.9 339.561 3676 0.000105559
14800 0.374493 0.361178 0.0133155 0 0.964444 5288.91 5070.06 218.848 0 -30.9066 -32.0287 4 15129.9 340.689 3701 9.75893e-05
14900 0.362767 0.350505 0.0122616 0 0.9662 5325.25 5105.11 220.137 0 -30.9156 -32.2158 4 15229.9 341.813 3726 9.40701e-05
15000 0.39546 0.380976 0.014484 0 0.963374 5364.72 5143.21 221.509 0 -30.9201 -31.5335 4 15329.9 342.933 3751 0.000101567
15100 0.390935 0.377599 0.0133353 0 0.965889 5403.87 5180.97 222.902 0 -30.927 -31.8663 4 15429.9 344.05 3776 9.99998e-05
15200 0.40424 0.390513 0.0137264 0 0.966044 5444.33 5220.02 224.312 0 -30.9299 -31.3233 4 15529.9 345.163 3801 0.00010274
15300 0.379111 0.367003 0.0121084 0 0.968061 5482.34 5256.72 225.616 0 -30.9344 -31.5733 4 15629.9 346.272 3826 9.59234e-05
15400 0.377807 0.362195 0.0156119 0 0.958678 5519.85 5292.94 226.914 0 -30.939 -31.6158 4 15729.9 347.378 3851 9.40523e-05
15500 0.428768 0.414146 0.0146227 0 0.965896 5562.71 5334.36 228.358 0 -30.9402 -31.0929 4 15829.9 348.481 3876 0.000106849
15600 0.422901 0.407212 0.0156891 0 0.962901 5604.96 5375.08 229.884 0 -30.9429 -31.3016 4 15929.9 349.58 3901 0.000104387
15700 0.401139 0.388932 0.0122067 0 0.96957 5645.31 5413.97 231.343 0 -30.9527 -32.3161 4 16029.9 350.675 3926 9.90658e-05
15800 0.422495 0.406213 0.0162815 0 0.961463 5687.42 5454.59 232.83 0 -30.9583 -31.7088 4 16129.9 351.767 3951 0.000102813
15900 0.415559 0.402072 0.0134864 0 0.967546 5729.08 5494.8 234.278 0 -30.9662 -32.0417 4 16229.9 352.856 3976 0.000101125
16000 0.407663 0.394795 0.0128674 0 0.968436 5769.94 5534.28 235.661 0 -30.9716 -31.7352 4 16329.9 353.942 4001 9.86741e-05
16100 0.380058 0.367671 0.0123864 0 0.967409 5808.02 5571.05 236.972 0 -30.9783 -31.9898 4 16429.9 355.024 4026 9.13242e-05
16200 0.407018 0.390561 0.0164572 0 0.959566 5848.36 5610.1 238.259 0 -30.9808 -31.3443 4 16529.9 356.102 4051 9.6411e-05
16300 0.423122 0.408264 0.0148582 0 0.964884 5890.77 5650.93 239.843 0 -30.9859 -31.6875 4 16629.9 357.178 4076 0.000100163
16400 0.474938 0.455583 0.0193552 0 0.959247 5938.13 5696.49 241.647 0 -30.9854 -30.9143 4 16729.9 358.25 4101 0.000111091
16500 0.433151 0.417281 0.0158694 0 0.963363 5981.64 5738.21 243.425 0 -30.9901 -31.6341 4 16829.9 359.319 4126 0.000101135
16600 0.403288 0.387506 0.0157822 0 0.960866 6021.94 5776.96 244.975 0 -30.9946 -31.666 4 16929.9 360.385 4151 9.33525e-05
16700 0.459297 0.440508 0.0187883 0 0.959093 6067.71 5821.02 246.697 0 -30.9955 -31.1198 4 17029.9 361.448 4176 0.000105486
16800 0.422289 0.407442 0.014847 0 0.964842 6110.07 5861.76 248.306 0 -30.9995 -31.5648 4 17129.9 362.508 4201 9.6987e-05
16900 0.410224 0.394722 0.0155019 0 0.962211 6151.13 5901.23 249.903 0 -31.0025 -31.4474 4 17229.9 363.564 4226 9.34033e-05
17000 0.410735 0.396392 0.0143431 0 0.965079 6192.39 5940.87 251.523 0 -31.0072 -31.7093 4 17329.9 364.618 4251 9.32467e-05
17100 0.385936 0.374263 0.0116739 0 0.969752 6231.18 5978.3 252.88 0 -31.012 -31.7788 4 17429.9 365.668 4276 8.75263e-05
17200 0.356036 0.345431 0.0106046 0 0.970215 6266.95 6012.84 254.11 0 -31.0202 -32.4461 4 17529.9 366.716 4301 8.03141e-05
17300 0.371933 0.359616 0.0123172 0 0.966883 6304.08 6048.8 255.276 0 -31.0284 -32.4233 4 17629.9 367.76 4326 8.31289e-05
17400 0.394668 0.382743 0.0119244 0 0.969786 6343.64 6087.08 256.559 0 -31.0354 -32.1472 4 17729.9 368.802 4351 8.79668e-05
17500 0.387191 0.37476 0.0124303 0 0.967896 6382.37 6124.55 257.819 0 -31.0428 -32.2534 4 17829.9 369.84 4376 8.56399e-05
17600 0.392113 0.3781 0.0140132 0 0.964262 6421.44 6162.36 259.074 0 -31.0492 -32.0966 4 17929.9 370.876 4401 8.59123e-05
17700 0.37629 0.365611 0.0106794 0 0.971619 6459.22 6198.92 260.292 0 -31.0576 -32.4873 4 18029.9 371.909 4426 8.26053e-05
17800 0.370678 0.360727 0.00995124 0 0.973154 6496.43 6235 261.439 0 -31.0654 -32.4086 4 18129.9 372.939 4451 8.1044e-05
17900 0.396785 0.384633 0.0121516 0 0.969375 6536.05 6273.46 262.592 0 -31.0684 -31.5677 4 18229.9 373.966 4476 8.59323e-05
18000 0.406153 0.393198 0.012955 0 0.968103 6576.71 6312.78 263.93 0 -31.0739 -31.9503 4 18329.9 374.99 4501 8.73578e-05
18100 0.396582 0.381455 0.0151275 0 0.961855 6616.21 6350.92 265.286 0 -31.0792 -31.9597 4 18429.9 376.012 4526 8.42807e-05
18200 0.430991 0.413586 0.0174052 0 0.959616 6659.16 6392.28 266.873 0 -31.0839 -31.8108 4 18529.9 377.03 4551 9.0878e-05
18300 0.430047 0.41241 0.0176365 0 0.958989 6702.06 6433.52 268.539 0 -31.0892 -31.9229 4 18629.9 378.046 4576 9.01247e-05
18400 0.414564 0.397182 0.0173815 0 0.958073 6743.53 6473.24 270.285 0 -31.093 -31.7003 4 18729.9 379.06 4601 8.63252e-05
18500 0.404178 0.389765 0.0144124 0 0.964341 6784.2 6512.22 271.98 0 -31.1013 -32.4689 4 18829.9 380.07 4626 8.42554e-05
18600 0.382619 0.369502 0.0131163 0 0.96572 6822.57 6549.17 273.405 0 -31.1076 -32.2381 4 18929.9 381.078 4651 7.94458e-05
18700 0.415677 0.401461 0.0142168 0 0.965798 6864.28 6589.32 274.966 0 -31.1123 -31.8667 4 19029.9 382.083 4676 8.58556e-05
18800 0.393179 0.378439 0.0147402 0 0.96251 6903.55 6627.16 276.394 0 -31.1163 -31.8253 4 19129.9 383.086 4701 8.05017e-05
18900 0.395748 0.383869 0.0118789 0 0.969984 6943.32 6665.55 277.771 0 -31.1214 -31.9981 4 19229.9 384.086 4726 8.1225e-05
19000 0.365562 0.354739 0.0108234 0 0.970392 6980.05 6701.02 279.031 0 -31.1285 -32.481 4 19329.9 385.083 4751 7.46661e-05
19100 0.364445 0.355187 0.00925836 0 0.974596 7016.67 6736.54 280.134 0 -31.1384 -33.0306 4 19429.9 386.078 4776 7.43691e-05
19200 0.392239 0.380244 0.0119949 0 0.96942 7055.87 6774.56 281.306 0 -31.1421 -31.8048 4 19529.9 387.07 4801 7.92009e-05
19300 0.371228 0.360141 0.0110866 0 0.970135 7093.01 6810.58 282.43 0 -31.1494 -32.5183 4 19629.9 388.06 4826 7.46252e-05
19400 0.371016 0.359635 0.0113817 0 0.969323 7130.09 6846.54 283.545 0 -31.1554 -32.3106 4 19729.9 389.047 4851 7.41362e-05
19500 0.389587 0.377559 0.012028 0 0.969126 7169.17 6884.3 284.871 0 -31.1607 -32.134 4 19829.9 390.032 4876 7.74321e-05
19600 0.360345 0.348855 0.0114902 0 0.968113 7205.2 6919.18 286.022 0 -31.1666 -32.3335 4 19929.9 391.014 4901 7.11803e-05
19700 0.429807 0.415838 0.0139689 0 0.9675 7248.3 6960.77 287.536 0 -31.1725 -32.1674 4 20029.9 391.994 4926 8.44169e-05
19800 0.422586 0.406982 0.0156038 0 0.963075 7290.54 7001.46 289.078 0 -31.1787 -32.2369 4 20129.9 392.971 4951 8.2202e-05
19900 0.437572 0.42193 0.0156424 0 0.964252 7334.43 7043.66 290.776 0 -31.1839 -32.0461 4 20229.9 393.946 4976 8.47929e-05
20000 0.425394 0.409789 0.0156045 0 0.963318 7377.1 7084.64 292.463 0 -31.1883 -31.9394 4 20329.9 394.919 5001 8.19414e-05
20100 0.396117 0.381607 0.0145098 0 0.96337 7416.71 7122.8 293.913 0 -31.1934 -32.1561 4 20429.9 395.889 5026 7.59266e-05
20200 0.4445 0.428902 0.0155975 0 0.96491 7461.19 7165.69 295.5 0 -31.1945 -31.3721 4 20529.9 396.856 5051 8.49143e-05
20300 0.405181 0.391518 0.0136623 0 0.966281 7501.74 7204.84 296.903 0 -31.1977 -31.7914 4 20629.9 397.822 5076 7.71313e-05
20400 0.419123 0.404426 0.0146965 0 0.964935 7543.56 7245.28 298.274 0 -31.1993 -31.4895 4 20729.9 398.785 5101 7.92837e-05
20500 0.453569 0.435078 0.0184903 0 0.959234 7588.62 7288.79 299.828 0 -31.1992 -31.1686 4 20829.9 399.745 5126 8.48768e-05
20600 0.454915 0.440094 0.014821 0 0.96742 7634.36 7332.8 301.559 0 -31.2042 -32.0314 4 20929.9 400.704 5151 8.54386e-05
20700 0.473295 0.455369 0.0179259 0 0.962125 7681.59 7378.34 303.259 0 -31.2053 -31.3906 4 21029.9 401.66 5176 8.7977e-05
20800 0.456422 0.44025 0.0161723 0 0.964567 7727.38 7422.36 305.022 0 -31.2093 -31.8851 4 21129.9 402.614 5201 8.46472e-05
20900 0.401811 0.388843 0.0129679 0 0.967726 7767.72 7461.24 306.477 0 -31.2142 -32.1393 4 21229.9 403.565 5226 7.44056e-05
21000 0.481978 0.461446 0.0205316 0 0.957401 7815.7 7507.39 308.311 0 -31.2109 -30.6909 4 21329.9 404.515 5251 8.78777e-05
21100 0.485358 0.465047 0.0203106 0 0.958153 7864.13 7553.89 310.237 0 -31.2101 -31.0661 4 21429.9 405.462 5276 8.81439e-05
21200 0.49915 0.47975 0.0193998 0 0.961134 7914.02 7601.87 312.154 0 -31.2115 -31.4373 4 21529.9 406.407 5301 9.05019e-05
21300 0.509467 0.491991 0.0174764 0 0.965697 7965.18 7651.07 314.116 0 -31.2145 -31.6865 4 21629.9 407.349 5326 9.23753e-05
21400 0.445568 0.430787 0.0147805 0 0.966828 8009.88 7694.15 315.736 0 -31.2203 -32.2477 4 21729.9 408.29 5351 8.05059e-05
21500 0.427702 0.415189 0.0125133 0 0.970743 8052.76 7735.67 317.094 0 -31.2259 -32.2631 4 21829.9 409.228 5376 7.72301e-05
21600 0.420211 0.407898 0.0123133 0 0.970697 8094.81 7776.46 318.357 0 -31.2326 -32.5189 4 21929.9 410.165 5401 7.55226e-05
21700 0.425532 0.411563 0.013969 0 0.967173 8137.26 7817.61 319.649 0 -31.2392 -32.5011 4 22029.9 411.099 5426 7.58502e-05
21800 0.447943 0.43358 0.0143622 0 0.967937 8182.03 7860.97 321.064 0 -31.2437 -32.0632 4 22129.9 412.031 5451 7.95414e-05
21900 0.432668 0.419592 0.0130759 0 0.969778 8225.43 7902.93 322.502 0 -31.2484 -32.1288 4 22229.9 412.961 5476 7.66238e-05
22000 0.422347 0.408608 0.013739 0 0.96747 8267.67 7943.79 323.884 0 -31.2525 -32.051 4 22329.9 413.888 5501 7.42788e-05
22100 0.421039 0.407882 0.0131575 0 0.96875 8309.89 7984.58 325.316 0 -31.2553 -31.8075 4 22429.9 414.814 5526 7.38114e-05
22200 0.465971 0.450531 0.0154402 0 0.966865 8356.47 8029.63 326.839 0 -31.2559 -31.36 4 22529.9 415.738 5551 8.11621e-05
22300 0.495381 0.47816 0.0172206 0 0.965238 8405.9 8077.45 328.458 0 -31.2587 -31.7365 4 22629.9 416.659 5576 8.57533e-05
22400 0.474476 0.458846 0.0156304 0 0.967058 8453.55 8123.33 330.221 0 -31.2611 -31.6923 4 22729.9 417.579 5601 8.19221e-05
22500 0.46232 0.446909 0.0154104 0 0.966667 8499.79 8168.02 331.765 0 -31.2643 -31.8487 4 22829.9 418.497 5626 7.94364e-05
22600 0.455041 0.441095 0.0139452 0 0.969354 8545.31 8212.13 333.175 0 -31.2703 -32.3911 4 22929.9 419.412 5651 7.80562e-05
22700 0.444393 0.432412 0.0119813 0 0.973039 8589.9 8255.37 334.529 0 -31.2778 -32.7094 4 23029.9 420.326 5676 7.61825e-05
22800 0.407433 0.397493 0.00994051 0 0.975602 8630.8 8295.12 335.676 0 -31.2846 -32.7203 4 23129.9 421.237 5701 6.97233e-05
22900 0.410282 0.399035 0.0112473 0 0.972586 8671.73 8335.03 336.707 0 -31.2909 -32.5995 4 23229.9 422.147 5726 6.96882e-05
23000 0.478243 0.464049 0.0141943 0 0.97032 8719.58 8381.43 338.149 0 -31.2931 -31.7078 4 23329.9 423.055 5751 8.06902e-05
23100 0.473815 0.460221 0.013594 0 0.971309 8767.08 8427.45 339.625 0 -31.2951 -31.6627 4 23429.9 423.96 5776 7.96781e-05
23200 0.440217 0.426499 0.0137187 0 0.968837 8811.2 8470.1 341.1 0 -31.3004 -32.3398 4 23529.9 424.864 5801 7.35216e-05
23300 0.423299 0.408337 0.0149619 0 0.964654 8853.37 8510.94 342.434 0 -31.303 -31.8609 4 23629.9 425.766 5826 7.00888e-05
23400 0.483708 0.466566 0.0171423 0 0.964561 8901.85 8557.59 344.256 0 -31.3016 -31.0312 4 23729.9 426.666 5851 7.97412e-05
23500 0.459148 0.444519 0.0146291 0 0.968139 8947.95 8602.05 345.907 0 -31.3049 -31.9525 4 23829.9 427.564 5876 7.56499e-05
23600 0.416039 0.40348 0.0125596 0 0.969811 8989.8 8642.39 347.406 0 -31.3102 -32.4364 4 23929.9 428.46 5901 6.83748e-05
23700 0.431714 0.417295 0.0144192 0 0.9666 9032.85 8684.12 348.732 0 -31.3151 -32.3326 4 24029.9 429.354 5926 7.04177e-05
23800 0.447098 0.431639 0.0154595 0 0.965423 9077.59 8727.29 350.303 0 -31.3187 -32.0506 4 24129.9 430.247 5951 7.25321e-05
23900 0.458477 0.442987 0.0154905 0 0.966213 9123.52 8771.59 351.934 0 -31.3216 -31.8911 4 24229.9 431.137 5976 7.41276e-05
24000 0.492066 0.474127 0.0179391 0 0.963543 9172.77 8819 353.772 0 -31.3245 -31.8746 4 24329.9 432.026 6001 7.9008e-05
24100 0.470976 0.45089 0.0200857 0 0.957353 9219.65 8864.09 355.563 0 -31.3266 -31.7229 4 24429.9 432.913 6026 7.48241e-05
24200 0.458589 0.441875 0.0167137 0 0.963554 9265.6 8908.27 357.323 0 -31.3293 -31.8827 4 24529.9 433.798 6051 7.30251e-05
24300 0.445227 0.428723 0.0165031 0 0.962933 9310.13 8951.15 358.988 0 -31.3318 -31.8543 4 24629.9 434.682 6076 7.05602e-05
24400 0.429634 0.414251 0.015383 0 0.964195 9353.03 8992.57 360.462 0 -31.335 -32.0264 4 24729.9 435.563 6101 6.78989e-05
24500 0.473604 0.455619 0.0179845 0 0.962026 9400.27 9038.13 362.138 0 -31.3372 -31.7632 4 24829.9 436.443 6126 7.43747e-05
24600 0.492583 0.473602 0.0189812 0 0.961466 9449.48 9085.49 363.989 0 -31.3381 -31.5112 4 24929.9 437.321 6151 7.69959e-05
24700 0.521502 0.503462 0.0180398 0 0.965408 9501.92 9135.84 366.082 0 -31.336 -30.9684 4 25029.9 438.197 6176 8.15192e-05
24800 0.498729 0.480998 0.0177304 0 0.964449 9551.91 9183.94 367.966 0 -31.3331 -30.7812 4 25129.9 439.072 6201 7.75679e-05
24900 0.474179 0.458252 0.0159268 0 0.966412 9599.43 9229.77 369.66 0 -31.3323 -31.165 4 25229.9 439.944 6226 7.36029e-05
25000 0.427751 0.414654 0.0130976 0 0.96938 9642.38 9271.23 371.145 0 -31.3351 -31.9594 4 25329.9 440.815 6251 6.6334e-05
25100 0.418022 0.405243 0.0127787 0 0.96943 9684.15 9311.75 372.391 0 -31.3399 -32.4536 4 25429.9 441.685 6276 6.45702e-05
25200 0.406533 0.396242 0.0102912 0 0.974685 9724.9 9351.38 373.521 0 -31.3457 -32.7169 4 25529.9 442.552 6301 6.28856e-05
25300 0.423945 0.413192 0.0107528 0 0.974636 9767.39 9392.7 374.696 0 -31.35 -32.3277 4 25629.9 443.418 6326 6.53165e-05
25400 0.413766 0.400949 0.0128168 0 0.969024 9808.65 9432.79 375.853 0 -31.3534 -32.1766 4 25729.9 444.282 6351 6.31317e-05
25500 0.437321 0.424867 0.0124532 0 0.971524 9852.52 9475.28 377.236 0 -31.3562 -31.9714 4 25829.9 445.145 6376 6.66354e-05
25600 0.428712 0.41383 0.0148818 0 0.965287 9895.16 9516.66 378.496 0 -31.3584 -31.8663 4 25929.9 446.006 6401 6.46509e-05
25700 0.434569 0.424193 0.0103753 0 0.976125 9938.87 9559.08 379.787 0 -31.364 -32.639 4 26029.9 446.865 6426 6.6012e-05
25800 0.445594 0.433683 0.0119107 0 0.97327 9983.46 9602.45 381.012 0 -31.3686 -32.3843 4 26129.9 447.722 6451 6.72272e-05
25900 0.409015 0.399097 0.00991824 0 0.975751 10024.5 9642.36 382.166 0 -31.3735 -32.5748 4 26229.9 448.578 6476 6.16271e-05
26000 0.420571 0.407493 0.0130784 0 0.968903 10066.5 9683.11 383.352 0 -31.378 -32.4532 4 26329.9 449.433 6501 6.26816e-05
26100 0.416121 0.401995 0.0141266 0 0.966052 10108 9723.31 384.698 0 -31.3815 -32.2359 4 26429.9 450.285 6526 6.1599e-05
26200 0.480509 0.463642 0.0168667 0 0.964898 10155.9 9769.67 386.254 0 -31.3825 -31.596 4 26529.9 451.136 6551 7.07743e-05
26300 0.469244 0.455085 0.014159 0 0.969826 10203.2 9815.18 387.98 0 -31.3849 -31.8804 4 26629.9 451.986 6576 6.92039e-05
26400 0.426425 0.410661 0.0157636 0 0.963033 10245.6 9856.25 389.38 0 -31.3879 -32.1252 4 26729.9 452.834 6601 6.22119e-05
26500 0.428728 0.4145 0.0142273 0 0.966815 10288.4 9897.7 390.704 0 -31.3901 -31.9082 4 26829.9 453.68 6626 6.25566e-05
26600 0.437633 0.423277 0.0143563 0 0.967196 10332 9940.03 391.989 0 -31.3924 -31.949 4 26929.9 454.524 6651 6.36411e-05
26700 0.421572 0.410546 0.0110256 0 0.973846 10374.4 9981.08 393.276 0 -31.3974 -32.6117 4 27029.9 455.368 6676 6.14958e-05
26800 0.419452 0.408731 0.0107208 0 0.974441 10416.5 10022 394.527 0 -31.4015 -32.3999 4 27129.9 456.209 6701 6.09955e-05
26900 0.41779 0.406315 0.011475 0 0.972534 10458.2 10062.6 395.605 0 -31.406 -32.5353 4 27229.9 457.049 6726 6.04096e-05
27000 0.461607 0.448555 0.0130521 0 0.971725 10504.4 10107.4 396.95 0 -31.4068 -31.5902 4 27329.9 457.888 6751 6.64427e-05
27100 0.405641 0.393943 0.0116988 0 0.97116 10545.1 10146.8 398.241 0 -31.4109 -32.4644 4 27429.9 458.725 6776 5.81379e-05
27200 0.421566 0.407832 0.013734 0 0.967422 10587.1 10187.6 399.501 0 -31.414 -32.2039 4 27529.9 459.56 6801 5.99664e-05
27300 0.446107 0.430806 0.0153014 0 0.9657 10631.7 10230.7 400.975 0 -31.4173 -32.1866 4 27629.9 460.394 6826 6.31125e-05
27400 0.409106 0.397619 0.0114868 0 0.971922 10672.7 10270.5 402.265 0 -31.4223 -32.7219 4 27729.9 461.226 6851 5.80381e-05
27500 0.446001 0.430331 0.0156702 0 0.964865 10717.1 10313.5 403.645 0 -31.4249 -32.0574 4 27829.9 462.057 6876 6.25845e-05
27600 0.437867 0.425135 0.0127327 0 0.970921 10761.1 10356 405.057 0 -31.4288 -32.3786 4 27929.9 462.887 6901 6.16048e-05
27700 0.413294 0.40153 0.0117647 0 0.971534 10802.5 10396.2 406.294 0 -31.4329 -32.4992 4 28029.9 463.715 6926 5.79742e-05
27800 0.435182 0.422474 0.0127083 0 0.970798 10846 10438.4 407.589 0 -31.4354 -32.0541 4 28129.9 464.541 6951 6.07788e-05
27900 0.45709 0.441161 0.0159291 0 0.965151 10891.6 10482.5 409.074 0 -31.4376 -31.9484 4 28229.9 465.366 6976 6.32398e-05
28000 0.448135 0.432712 0.0154228 0 0.965584 10936.5 10525.8 410.701 0 -31.4429 -32.7269 4 28329.9 466.189 7001 6.18071e-05
28100 0.451193 0.434916 0.016277 0 0.963924 10981.7 10569.3 412.373 0 -31.4471 -32.4729 4 28429.9 467.012 7026 6.19009e-05
28200 0.472587 0.454779 0.0178077 0 0.962319 11028.8 10614.8 414.086 0 -31.4491 -31.9152 4 28529.9 467.832 7051 6.44985e-05
28300 0.486403 0.46871 0.0176929 0 0.963625 11077.5 10661.6 415.868 0 -31.4513 -31.9406 4 28629.9 468.651 7076 6.62395e-05
28400 0.480121 0.465183 0.0149377 0 0.968888 11125.7 10708.2 417.554 0 -31.4544 -32.1814 4 28729.9 469.469 7101 6.55095e-05
28500 0.507987 0.491688 0.0162996 0 0.967913 11176.6 10757.3 419.24 0 -31.4544 -31.461 4 28829.9 470.285 7126 6.89991e-05
28600 0.465351 0.450858 0.0144929 0 0.968856 11223.2 10802.4 420.82 0 -31.4562 -31.8671 4 28929.9 471.1 7151 6.30482e-05
28700 0.444221 0.428607 0.0156141 0 0.964851 11267.5 10845.3 422.225 0 -31.4593 -32.2606 4 29029.9 471.914 7176 5.97279e-05
28800 0.473344 0.457916 0.0154283 0 0.967406 11314.9 10891.1 423.827 0 -31.462 -32.1025 4 29129.9 472.726 7201 6.35906e-05
28900 0.465661 0.449987 0.0156742 0 0.96634 11361.5 10936.1 425.479 0 -31.4652 -32.2412 4 29229.9 473.537 7226 6.22733e-05
29000 0.502576 0.480763 0.0218122 0 0.956599 11411.5 10984.1 427.395 0 -31.4666 -31.7746 4 29329.9 474.346 7251 6.6303e-05
29100 0.476706 0.458335 0.0183714 0 0.961462 11459.2 11030 429.277 0 -31.4671 -31.5928 4 29429.9 475.154 7276 6.29927e-05
29200 0.446419 0.430751 0.0156675 0 0.964904 11503.9 11073 430.895 0 -31.4691 -31.9745 4 29529.9 475.961 7301 5.89989e-05
29300 0.515992 0.498699 0.0172926 0 0.966487 11555.6 11122.9 432.688 0 -31.472 -32.1166 4 29629.9 476.766 7326 6.80725e-05
29400 0.579112 0.557444 0.0216679 0 0.962584 11613.5 11178.7 434.801 0 -31.4714 -31.3567 4 29729.9 477.57 7351 7.58324e-05
29500 0.551426 0.529838 0.0215874 0 0.960852 11668.6 11231.6 436.944 0 -31.4705 -31.2782 4 29829.9 478.372 7376 7.18328e-05
29600 0.499271 0.481463 0.0178077 0 0.964333 11718.8 11279.8 438.98 0 -31.4714 -31.6876 4 29929.9 479.173 7401 6.50538e-05
29700 0.495838 0.476942 0.0188961 0 0.961891 11768.3 11327.5 440.85 0 -31.473 -31.8608 4 30029.9 479.973 7426 6.4226e-05
29800 0.487679 0.469202 0.0184764 0 0.962114 11817.1 11374.4 442.746 0 -31.4765 -32.3063 4 30129.9 480.772 7451 6.29717e-05
29900 0.476117 0.461023 0.0150936 0 0.968298 11865 11420.5 444.499 0 -31.4808 -32.5338 4 30229.9 481.569 7476 6.16671e-05
30000 0.484613 0.467833 0.0167799 0 0.965375 11913.5 11467.3 446.192 0 -31.4845 -32.3986 4 30329.9 482.365 7501 6.23694e-05
30100 0.458744 0.445188 0.0135554 0 0.970451 11959.6 11511.8 447.775 0 -31.4895 -32.7978 4 30429.9 483.159 7526 5.91534e-05
30200 0.471153 0.455012 0.0161412 0 0.965741 12006.6 11557.3 449.329 0 -31.4921 -32.1461 4 30529.9 483.952 7551 6.02585e-05
30300 0.450527 0.433983 0.016544 0 0.963279 12051.6 11600.7 450.887 0 -31.4952 -32.3099 4 30629.9 484.744 7576 5.7284e-05
30400 0.419918 0.408714 0.0112044 0 0.973318 12093.8 11641.6 452.217 0 -31.4999 -32.8377 4 30729.9 485.535 7601 5.3771e-05
30500 0.421276 0.407671 0.0136054 0 0.967704 12135.7 11682.3 453.391 0 -31.5023 -32.2194 4 30829.9 486.324 7626 5.3458e-05
30600 0.453846 0.439262 0.0145835 0 0.967867 12181 11726.3 454.771 0 -31.5037 -31.8744 4 30929.9 487.112 7651 5.74124e-05
30700 0.450535 0.436451 0.0140844 0 0.968738 12226.2 11769.9 456.321 0 -31.5066 -32.2939 4 31029.9 487.899 7676 5.68591e-05
30800 0.454433 0.441031 0.0134019 0 0.970509 12271.8 11814 457.817 0 -31.5095 -32.2672 4 31129.9 488.685 7701 5.72693e-05
30900 0.467561 0.454709 0.012852 0 0.972513 12318.8 11859.5 459.339 0 -31.5137 -32.6214 4 31229.9 489.469 7726 5.88544e-05
31000 0.474604 0.457796 0.0168082 0 0.964585 12366.1 11905.3 460.83 0 -31.5149 -31.8136 4 31329.9 490.252 7751 5.90628e-05
31100 0.500452 0.482834 0.0176186 0 0.964795 12416.2 11953.6 462.604 0 -31.5164 -31.8905 4 31429.9 491.034 7776 6.20928e-05
31200 0.44168 0.429166 0.0125141 0 0.971667 12460.5 11996.5 464.053 0 -31.5202 -32.5967 4 31529.9 491.814 7801 5.50142e-05
31300 0.450771 0.438811 0.0119603 0 0.973467 12505.7 12040.4 465.347 0 -31.5224 -32.1365 4 31629.9 492.594 7826 5.60709e-05
31400 0.466159 0.451269 0.0148903 0 0.968057 12552.2 12085.5 466.692 0 -31.5245 -32.0771 4 31729.9 493.372 7851 5.74792e-05
31500 0.483482 0.468877 0.0146056 0 0.969791 12600.6 12132.4 468.185 0 -31.5266 -32.0837 4 31829.9 494.149 7876 5.95324e-05
31600 0.471659 0.457218 0.0144417 0 0.969381 12647.9 12178.1 469.765 0 -31.5299 -32.3835 4 31929.9 494.924 7901 5.78683e-05
31700 0.450221 0.436143 0.0140786 0 0.96873 12692.9 12221.7 471.18 0 -31.533 -32.4181 4 32029.9 495.699 7926 5.50268e-05
31800 0.448289 0.436691 0.0115983 0 0.974128 12737.9 12265.4 472.513 0 -31.5381 -32.9664 4 32129.9 496.472 7951 5.49228e-05
31900 0.426969 0.416171 0.0107972 0 0.974712 12780.7 12307 473.727 0 -31.5418 -32.6511 4 32229.9 497.244 7976 5.2178e-05
32000 0.418508 0.407047 0.0114612 0 0.972614 12822.5 12347.7 474.838 0 -31.5462 -32.9052 4 32329.9 498.015 8001 5.08745e-05
32100 0.418483 0.40793 0.0105532 0 0.974782 12864.4 12388.5 475.96 0 -31.5502 -32.7489 4 32429.9 498.784 8026 5.0826e-05
32200 0.393749 0.384671 0.00907823 0 0.976944 12903.9 12427 476.97 0 -31.5544 -32.9214 4 32529.9 499.553 8051 4.77792e-05
32300 0.404052 0.392948 0.0111037 0 0.972519 12944.3 12466.2 478.037 0 -31.5581 -32.7491 4 32629.9 500.32 8076 4.86563e-05
32400 0.4571 0.441468 0.0156318 0 0.965802 12989.9 12510.4 479.501 0 -31.5621 -32.7002 4 32729.9 501.086 8101 5.44955e-05
32500 0.408535 0.396814 0.0117202 0 0.971312 13030.9 12550.1 480.844 0 -31.5669 -33.1018 4 32829.9 501.851 8126 4.88327e-05
32600 0.424627 0.410422 0.0142052 0 0.966547 13073.3 12591.1 482.146 0 -31.5719 -33.098 4 32929.9 502.615 8151 5.03523e-05
32700 0.420501 0.407404 0.0130965 0 0.968855 13115.3 12631.9 483.489 0 -31.5774 -33.2998 4 33029.9 503.377 8176 4.98293e-05
32800 0.461476 0.446205 0.0152705 0 0.966909 13161.6 12676.5 485.095 0 -31.5791 -32.058 4 33129.9 504.139 8201 5.44087e-05
32900 0.413688 0.400635 0.0130528 0 0.968448 13203 12716.5 486.433 0 -31.5827 -32.7067 4 33229.9 504.899 8226 4.87035e-05
33000 0.413739 0.401765 0.0119735 0 0.97106 13244.5 12756.7 487.779 0 -31.5866 -32.8372 4 33329.9 505.658 8251 4.86929e-05
33100 0.435616 0.420785 0.0148309 0 0.965954 13288 12798.8 489.169 0 -31.5882 -32.0623 4 33429.9 506.416 8276 5.0844e-05
33200 0.415871 0.401495 0.0143758 0 0.965432 13329.5 12838.9 490.517 0 -31.591 -32.5042 4 33529.9 507.173 8301 4.83671e-05
33300 0.421068 0.409167 0.0119008 0 0.971737 13371.7 12879.9 491.804 0 -31.5945 -32.6879 4 33629.9 507.929 8326 4.91433e-05
33400 0.405253 0.393492 0.0117609 0 0.970979 13412.3 12919.2 493.043 0 -31.5986 -32.9703 4 33729.9 508.683 8351 4.71192e-05
33500 0.409219 0.394991 0.0142285 0 0.96523 13453 12958.7 494.311 0 -31.6014 -32.4977 4 33829.9 509.437 8376 4.71575e-05
33600 0.500422 0.483638 0.016785 0 0.966458 13503.1 13007.1 495.987 0 -31.6027 -31.9737 4 33929.9 510.189 8401 5.7569e-05
33700 0.487181 0.469253 0.0179275 0 0.963202 13551.8 13054 497.773 0 -31.6045 -32.1016 4 34029.9 510.94 8426 5.56911e-05
33800 0.483479 0.465449 0.0180297 0 0.962709 13600.2 13100.5 499.639 0 -31.6056 -31.9183 4 34129.9 511.691 8451 5.50762e-05
33900 0.507247 0.48641 0.0208378 0 0.95892 13650.8 13149.2 501.595 0 -31.6046 -31.3209 4 34229.9 512.44 8476 5.73867e-05
34000 0.485861 0.467443 0.018418 0 0.962092 13699.4 13195.9 503.472 0 -31.6044 -31.558 4 34329.9 513.188 8501 5.49868e-05
34100 0.485647 0.463801 0.021846 0 0.955017 13747.7 13242.3 505.373 0 -31.605 -31.7545 4 34429.9 513.935 8526 5.43985e-05
34200 0.470919 0.453875 0.0170445 0 0.963806 13794.9 13287.7 507.249 0 -31.6067 -32.1089 4 34529.9 514.68 8551 5.30786e-05
34300 0.449491 0.433001 0.0164901 0 0.963314 13839.9 13331 508.863 0 -31.6087 -32.221 4 34629.9 515.425 8576 5.04898e-05
34400 0.46434 0.448131 0.016209 0 0.965092 13886.4 13375.8 510.607 0 -31.6109 -32.2701 4 34729.9 516.169 8601 5.21022e-05
34500 0.445672 0.431038 0.0146338 0 0.967165 13931.2 13418.9 512.287 0 -31.6139 -32.5571 4 34829.9 516.911 8626 4.99697e-05
34600 0.437994 0.424088 0.013906 0 0.968251 13975.1 13461.3 513.768 0 -31.6171 -32.6115 4 34929.9 517.653 8651 4.90218e-05
34700 0.417956 0.405541 0.0124148 0 0.970296 14017 13501.9 515.166 0 -31.6211 -32.9751 4 35029.9 518.393 8676 4.67428e-05
34800 0.4193 0.4058 0.0134996 0 0.967805 14058.9 13542.5 516.478 0 -31.6249 -32.8718 4 35129.9 519.133 8701 4.66384e-05
34900 0.429006 0.415248 0.0137574 0 0.967932 14101.7 13584 517.758 0 -31.6287 -32.8901 4 35229.9 519.871 8726 4.75875e-05
35000 0.452514 0.437181 0.015333 0 0.966116 14146.8 13627.7 519.1 0 -31.6305 -32.1897 4 35329.9 520.608 8751 4.99578e-05
35100 0.438013 0.42603 0.0119829 0 0.972643 14190.9 13670.3 520.586 0 -31.6336 -32.6326 4 35429.9 521.345 8776 4.85449e-05
35200 0.422513 0.409437 0.0130764 0 0.969051 14233 13711.2 521.76 0 -31.6374 -32.9287 4 35529.9 522.08 8801 4.65216e-05
35300 0.425601 0.412505 0.0130961 0 0.969229 14275.5 13752.5 522.984 0 -31.6402 -32.5804 4 35629.9 522.814 8826 4.67374e-05
35400 0.463122 0.44819 0.0149319 0 0.967758 14321.7 13797.3 524.417 0 -31.6431 -32.5146 4 35729.9 523.547 8851 5.06372e-05
35500 0.47367 0.457942 0.0157278 0 0.966796 14369 13843.1 525.914 0 -31.6458 -32.4657 4 35829.9 524.279 8876 5.15933e-05
35600 0.465454 0.449777 0.0156766 0 0.96632 14415.7 13888.1 527.573 0 -31.6468 -31.9512 4 35929.9 525.01 8901 5.05311e-05
35700 0.473034 0.454981 0.0180536 0 0.961835 14462.9 13933.6 529.3 0 -31.648 -32.0221 4 36029.9 525.741 8926 5.09725e-05
35800 0.465473 0.44903 0.0164426 0 0.964675 14509.5 13978.5 531.01 0 -31.6497 -32.1975 4 36129.9 526.47 8951 5.01654e-05
35900 0.462635 0.447627 0.0150085 0 0.967559 14555.9 14023.3 532.652 0 -31.6522 -32.4211 4 36229.9 527.198 8976 4.98693e-05
36000 0.473854 0.45663 0.0172235 0 0.963652 14603.2 14068.9 534.314 0 -31.6547 -32.4364 4 36329.9 527.925 9001 5.07311e-05
36100 0.46796 0.451759 0.0162013 0 0.965379 14650.1 14114.1 536.032 0 -31.6576 -32.5571 4 36429.9 528.651 9026 5.00509e-05
36200 0.475819 0.45794 0.0178789 0 0.962425 14697.8 14159.9 537.865 0 -31.6591 -32.1142 4 36529.9 529.376 9051 5.05956e-05
36300 0.452873 0.435394 0.017479 0 0.961404 14743.1 14203.4 539.631 0 -31.6602 -32.0241 4 36629.9 530.1 9076 4.7972e-05
36400 0.444705 0.430351 0.0143535 0 0.967723 14787.7 14246.5 541.288 0 -31.6634 -32.7101 4 36729.9 530.823 9101 4.72862e-05
36500 0.441176 0.428436 0.0127397 0 0.971123 14831.9 14289.3 542.643 0 -31.6662 -32.5857 4 36829.9 531.545 9126 4.69467e-05
36600 0.466013 0.45038 0.0156336 0 0.966452 14878.5 14334.3 544.122 0 -31.6691 -32.5952 4 36929.9 532.266 9151 4.92164e-05
36700 0.446894 0.430392 0.0165021 0 0.963074 14923.1 14377.4 545.673 0 -31.6724 -32.7693 4 37029.9 532.987 9176 4.69041e-05
36800 0.444876 0.429704 0.0151727 0 0.965895 14967.6 14420.4 547.205 0 -31.6745 -32.3843 4 37129.9 533.706 9201 4.67019e-05
36900 0.436726 0.424122 0.0126034 0 0.971141 15011.4 14462.8 548.665 0 -31.6774 -32.6785 4 37229.9 534.424 9226 4.59704e-05
37000 0.428054 0.415608 0.0124457 0 0.970925 15054.3 14504.3 549.987 0 -31.6807 -32.8386 4 37329.9 535.141 9251 4.49257e-05
37100 0.482585 0.466654 0.0159309 0 0.966988 15102.4 14551 551.39 0 -31.6832 -32.4688 4 37429.9 535.857 9276 5.03077e-05
37200 0.450178 0.437805 0.0123721 0 0.972517 15147.6 14594.8 552.817 0 -31.6868 -32.8988 4 37529.9 536.573 9301 4.70708e-05
37300 0.450937 0.438834 0.012103 0 0.97316 15192.8 14638.7 554.182 0 -31.6901 -32.7865 4 37629.9 537.287 9326 4.70549e-05
37400 0.41027 0.400627 0.00964383 0 0.976494 15234.1 14678.7 555.333 0 -31.6944 -33.2692 4 37729.9 538.001 9351 4.28432e-05
37500 0.387544 0.375985 0.0115588 0 0.970174 15272.7 14716.3 556.352 0 -31.6987 -33.3905 4 37829.9 538.713 9376 4.01008e-05
37600 0.411423 0.398307 0.0131153 0 0.968122 15313.7 14756.1 557.536 0 -31.7014 -32.7294 4 37929.9 539.425 9401 4.23686e-05
37700 0.408164 0.39699 0.0111738 0 0.972624 15354.6 14795.8 558.747 0 -31.7049 -33.0102 4 38029.9 540.135 9426 4.21165e-05
37800 0.424035 0.409729 0.0143059 0 0.966263 15396.8 14836.8 559.968 0 -31.7081 -32.8576 4 38129.9 540.845 9451 4.3353e-05
37900 0.466644 0.452701 0.0139433 0 0.97012 15443.4 14882.1 561.354 0 -31.711 -32.6723 4 38229.9 541.554 9476 4.77734e-05
38000 0.448042 0.433775 0.0142669 0 0.968157 15488.3 14925.5 562.83 0 -31.7138 -32.6644 4 38329.9 542.262 9501 4.56557e-05
38100 0.449805 0.432569 0.0172357 0 0.961682 15533 14968.7 564.326 0 -31.7157 -32.3964 4 38429.9 542.968 9526 4.54093e-05
38200 0.458272 0.438751 0.0195215 0 0.957402 15578.6 15012.6 565.985 0 -31.7163 -31.9173 4 38529.9 543.674 9551 4.59377e-05
38300 0.464313 0.448962 0.0153513 0 0.966938 15625.2 15057.5 567.743 0 -31.7181 -32.3286 4 38629.9 544.379 9576 4.6884e-05
38400 0.414477 0.402686 0.0117907 0 0.971553 15666.8 15097.8 569.071 0 -31.7215 -32.9953 4 38729.9 545.084 9601 4.19421e-05
38500 0.402199 0.391296 0.0109031 0 0.972891 15707.1 15136.9 570.227 0 -31.725 -33.0843 4 38829.9 545.787 9626 4.06499e-05
38600 0.390943 0.380812 0.010131 0 0.974086 15746.3 15175 571.297 0 -31.7288 -33.2444 4 38929.9 546.489 9651 3.94583e-05
38700 0.43306 0.421743 0.0113174 0 0.973866 15789.6 15217.1 572.48 0 -31.7315 -32.6921 4 39029.9 547.191 9676 4.35865e-05
38800 0.404768 0.392535 0.0122327 0 0.969778 15830 15256.4 573.617 0 -31.7348 -33.0465 4 39129.9 547.891 9701 4.04634e-05
38900 0.422344 0.410559 0.0117854 0 0.972095 15872.4 15297.5 574.927 0 -31.738 -32.9259 4 39229.9 548.591 9726 4.22125e-05
39000 0.432891 0.412952 0.0199389 0 0.95394 15915 15338.8 576.272 0 -31.7405 -32.6734 4 39329.9 549.29 9751 4.23497e-05
39100 0.497968 0.479676 0.018292 0 0.963267 15964.7 15386.7 578.013 0 -31.7422 -32.2762 4 39429.9 549.987 9776 4.90667e-05
39200 0.495594 0.479558 0.0160359 0 0.967643 16014.6 15434.7 579.904 0 -31.7435 -32.1829 4 39529.9 550.684 9801 4.89295e-05
39300 0.459459 0.444179 0.0152808 0 0.966742 16060.7 15479.1 581.575 0 -31.7467 -32.8554 4 39629.9 551.381 9826 4.52044e-05
39400 0.460078 0.443866 0.0162112 0 0.964764 16106.8 15523.5 583.307 0 -31.7492 -32.5943 4 39729.9 552.076 9851 4.5058e-05
39500 0.460928 0.443323 0.017605 0 0.961805 16152.8 15567.8 584.951 0 -31.751 -32.3816 4 39829.9 552.77 9876 4.4889e-05
39600 0.450968 0.434206 0.0167616 0 0.962832 16197.9 15611.2 586.623 0 -31.7531 -32.5084 4 39929.9 553.464 9901 4.38548e-05
39700 0.490202 0.47094 0.0192626 0 0.960705 16246.8 15658.3 588.45 0 -31.7522 -31.4539 4 40029.9 554.156 9926 4.74451e-05
39800 0.477113 0.459839 0.0172738 0 0.963795 16294.7 15704.3 590.432 0 -31.7521 -31.7387 4 40129.9 554.848 9951 4.62104e-05
39900 0.444537 0.426102 0.0184358 0 0.958528 16339.1 15746.9 592.133 0 -31.7536 -32.2994 4 40229.9 555.539 9976 4.27127e-05
40000 0.476459 0.457219 0.0192408 0 0.959617 16386.6 15792.6 594 0 -31.7537 -31.785 4 40329.9 556.229 10001 4.57173e-05
40100 0.461659 0.445699 0.0159599 0 0.965429 16433 15837.2 595.778 0 -31.7554 -32.3678 4 40429.9 556.918 10026 4.44543e-05
40200 0.421965 0.408519 0.0134466 0 0.968133 16475.3 15878.1 597.242 0 -31.758 -32.7588 4 40529.9 557.606 10051 4.06446e-05
40300 0.447088 0.431625 0.0154633 0 0.965413 16519.9 15921.2 598.625 0 -31.7603 -32.5958 4 40629.9 558.294 10076 4.28369e-05
40400 0.525215 0.508183 0.0170325 0 0.967571 16572.3 15972 600.291 0 -31.7605 -31.8396 4 40729.9 558.98 10101 5.03102e-05
40500 0.537024 0.519584 0.0174398 0 0.967525 16626.1 16024 602.132 0 -31.76 -31.6009 4 40829.9 559.666 10126 5.13119e-05
40600 0.506389 0.491361 0.0150284 0 0.970322 16677 16073.1 603.86 0 -31.761 -32.072 4 40929.9 560.351 10151 4.84052e-05
40700 0.522252 0.505333 0.0169195 0 0.967603 16729.3 16123.7 605.585 0 -31.7619 -32.0726 4 41029.9 561.035 10176 4.96593e-05
40800 0.471942 0.457196 0.0147459 0 0.968755 16776.6 16169.4 607.163 0 -31.7641 -32.5241 4 41129.9 561.719 10201 4.48187e-05
40900 0.45727 0.442959 0.0143114 0 0.968702 16822.3 16213.7 608.638 0 -31.7662 -32.5312 4 41229.9 562.401 10226 4.33169e-05
41000 0.432164 0.419954 0.0122101 0 0.971747 16865.6 16255.7 609.937 0 -31.7695 -33.0582 4 41329.9 563.083 10251 4.09671e-05
41100 0.516512 0.496999 0.0195127 0 0.962222 16916.9 16305.4 611.56 0 -31.7713 -32.3614 4 41429.9 563.763 10276 4.8365e-05
41200 0.482188 0.466066 0.0161223 0 0.966564 16965.3 16352 613.275 0 -31.7737 -32.6304 4 41529.9 564.443 10301 4.52447e-05
41300 0.481479 0.46648 0.014999 0 0.968848 17013.6 16398.6 614.926 0 -31.777 -32.9246 4 41629.9 565.123 10326 4.51753e-05
41400 0.496712 0.477135 0.0195769 0 0.960587 17062.9 16446.4 616.571 0 -31.7781 -32.1498 4 41729.9 565.801 10351 4.60956e-05
41500 0.514168 0.49721 0.0169576 0 0.967019 17114.4 16496.1 618.277 0 -31.7798 -32.3409 4 41829.9 566.478 10376 4.79193e-05
41600 0.504809 0.489976 0.0148332 0 0.970616 17164.9 16545.1 619.827 0 -31.7817 -32.4435 4 41929.9 567.155 10401 4.71085e-05
41700 0.48101 0.467687 0.0133233 0 0.972301 17213 16591.8 621.21 0 -31.784 -32.5827 4 42029.9 567.831 10426 4.48577e-05
41800 0.529969 0.515215 0.0147537 0 0.972161 17266.2 16643.4 622.795 0 -31.7854 -32.2528 4 42129.9 568.506 10451 4.92982e-05
41900 0.48694 0.472401 0.0145389 0 0.970142 17314.8 16690.6 624.229 0 -31.7876 -32.5634 4 42229.9 569.18 10476 4.50936e-05
42000 0.506898 0.491621 0.0152772 0 0.969861 17365.4 16739.8 625.664 0 -31.7898 -32.546 4 42329.9 569.854 10501 4.68165e-05
42100 0.520711 0.506457 0.0142543 0 0.972625 17417.6 16790.4 627.206 0 -31.7922 -32.6085 4 42429.9 570.527 10526 4.81148e-05
42200 0.471113 0.456816 0.0142969 0 0.969653 17464.7 16836.1 628.595 0 -31.7951 -32.8446 4 42529.9 571.199 10551 4.3296e-05
42300 0.460429 0.446316 0.0141122 0 0.96935 17510.8 16880.7 630.031 0 -31.7983 -33.0345 4 42629.9 571.87 10576 4.22009e-05
42400 0.454995 0.442073 0.0129228 0 0.971598 17556.3 16924.9 631.345 0 -31.8013 -32.9521 4 42729.9 572.54 10601 4.1701e-05
42500 0.459191 0.446843 0.0123486 0 0.973108 17602.4 16969.6 632.818 0 -31.8039 -32.7873 4 42829.9 573.21 10626 4.20518e-05
42600 0.487215 0.469734 0.0174817 0 0.964119 17650.9 17016.6 634.345 0 -31.8052 -32.2691 4 42929.9 573.878 10651 4.41023e-05
42700 0.474577 0.460979 0.0135978 0 0.971348 17698.5 17062.7 635.833 0 -31.8074 -32.6199 4 43029.9 574.546 10676 4.3179e-05
42800 0.528337 0.511729 0.016608 0 0.968566 17751.5 17113.9 637.638 0 -31.8082 -32.0663 4 43129.9 575.214 10701 4.78207e-05
42900 0.505373 0.489362 0.0160107 0 0.968319 17802.1 17162.8 639.318 0 -31.8103 -32.5604 4 43229.9 575.88 10726 4.56239e-05
43000 0.516143 0.497076 0.0190675 0 0.963058 17853.5 17212.5 640.954 0 -31.8113 -32.1495 4 43329.9 576.546 10751 4.62353e-05
43100 0.566176 0.547881 0.0182951 0 0.967687 17910.2 17267.3 642.88 0 -31.8123 -32.1361 4 43429.9 577.211 10776 5.08427e-05
43200 0.565703 0.548563 0.0171396 0 0.969702 17967 17322.1 644.817 0 -31.8136 -32.2255 4 43529.9 577.875 10801 5.07882e-05
43300 0.537932 0.521911 0.0160217 0 0.970216 18020.8 17374.3 646.506 0 -31.8149 -32.2388 4 43629.9 578.538 10826 4.8209e-05
43400 0.508506 0.493948 0.0145585 0 0.97137 18071.8 17423.7 648.112 0 -31.8173 -32.672 4 43729.9 579.201 10851 4.55209e-05
43500 0.509058 0.493298 0.0157592 0 0.969042 18122.9 17473.1 649.833 0 -31.8196 -32.6302 4 43829.9 579.863 10876 4.53566e-05
43600 0.53858 0.515575 0.0230049 0 0.957286 18176.2 17524.6 651.547 0 -31.8203 -32.0678 4 43929.9 580.524 10901 4.72961e-05
43700 0.548313 0.529728 0.018585 0 0.966105 18231.1 17577.6 653.514 0 -31.8227 -32.6137 4 44029.9 581.184 10926 4.84832e-05
43800 0.503874 0.487681 0.0161927 0 0.967864 18281.6 17626.4 655.254 0 -31.8255 -32.8287 4 44129.9 581.844 10951 4.4533e-05
43900 0.537102 0.520462 0.0166403 0 0.969018 18335.4 17678.4 657.042 0 -31.827 -32.3382 4 44229.9 582.503 10976 4.74182e-05
44000 0.508828 0.491969 0.016859 0 0.966867 18386.2 17727.6 658.623 0 -31.8296 -32.7764 4 44329.9 583.161 11001 4.47204e-05
44100 0.545777 0.526892 0.0188852 0 0.965398 18440.9 17780.3 660.575 0 -31.8308 -32.2163 4 44429.9 583.818 11026 4.77863e-05
44200 0.58437 0.561533 0.0228377 0 0.960919 18499.1 17836.4 662.685 0 -31.8296 -31.4729 4 44529.9 584.475 11051 5.08128e-05
44300 0.565468 0.54551 0.0199583 0 0.964705 18555.8 17891 664.782 0 -31.8307 -32.1928 4 44629.9 585.131 11076 4.92515e-05
44400 0.52036 0.502485 0.0178751 0 0.965649 18607.9 17941.2 666.622 0 -31.8325 -32.4444 4 44729.9 585.786 11101 4.52648e-05
44500 0.504244 0.488659 0.0155853 0 0.969092 18658.3 17990.1 668.227 0 -31.8352 -32.8518 4 44829.9 586.44 11126 4.39204e-05
44600 0.471256 0.459045 0.012211 0 0.974089 18705.6 18036 669.592 0 -31.8389 -33.2845 4 44929.9 587.094 11151 4.11663e-05
44700 0.472438 0.460539 0.011899 0 0.974814 18753 18082.1 670.977 0 -31.8425 -33.2708 4 45029.9 587.747 11176 4.12079e-05
44800 0.502112 0.488211 0.0139012 0 0.972315 18803.2 18130.9 672.337 0 -31.8448 -32.6946 4 45129.9 588.399 11201 4.35863e-05
44900 0.511299 0.498548 0.0127505 0 0.975063 18854.5 18180.7 673.779 0 -31.8473 -32.7555 4 45229.9 589.051 11226 4.44102e-05
45000 0.480316 0.467049 0.0132669 0 0.972379 18902.5 18227.5 675.061 0 -31.8501 -32.9538 4 45329.9 589.702 11251 4.15118e-05
45100 0.512257 0.498149 0.0141078 0 0.972459 18953.8 18277.3 676.521 0 -31.8517 -32.4615 4 45429.9 590.352 11276 4.41778e-05
45200 0.502217 0.48506 0.0171573 0 0.965837 19003.8 18325.8 678.03 0 -31.8528 -32.2681 4 45529.9 591.001 11301 4.29218e-05
45300 0.527044 0.510328 0.0167161 0 0.968283 19056.5 18376.8 679.675 0 -31.8545 -32.4564 4 45629.9 591.65 11326 4.50581e-05
45400 0.503851 0.49023 0.0136207 0 0.972967 19107 18425.8 681.191 0 -31.8564 -32.5688 4 45729.9 592.298 11351 4.31883e-05
45500 0.485666 0.472681 0.0129846 0 0.973264 19155.6 18473.1 682.512 0 -31.8594 -33.068 4 45829.9 592.945 11376 4.15507e-05
45600 0.483966 0.469118 0.0148479 0 0.96932 19203.8 18520 683.804 0 -31.8627 -33.1703 4 45929.9 593.592 11401 4.11471e-05
45700 0.476716 0.464042 0.0126744 0 0.973413 19251.7 18566.4 685.25 0 -31.866 -33.1634 4 46029.9 594.237 11426 4.06128e-05
45800 0.462045 0.4477 0.0143455 0 0.968952 19297.7 18611.2 686.539 0 -31.8693 -33.2648 4 46129.9 594.883 11451 3.9097e-05
45900 0.485191 0.470108 0.0150834 0 0.968912 19346.2 18658.2 688.042 0 -31.8723 -33.0493 4 46229.9 595.527 11476 4.09644e-05
46000 0.496635 0.480914 0.0157217 0 0.968344 19395.9 18706.3 689.623 0 -31.874 -32.5463 4 46329.9 596.171 11501 4.18149e-05
46100 0.502125 0.483882 0.0182436 0 0.963667 19445.9 18754.7 691.235 0 -31.8755 -32.4672 4 46429.9 596.814 11526 4.19818e-05
46200 0.49332 0.477966 0.0153537 0 0.968877 19495.2 18802.5 692.77 0 -31.8779 -32.8096 4 46529.9 597.456 11551 4.13788e-05
46300 0.500318 0.481282 0.0190366 0 0.961951 19544.9 18850.6 694.334 0 -31.8791 -32.3714 4 46629.9 598.098 11576 4.15758e-05
46400 0.525699 0.510438 0.015261 0 0.97097 19597.8 18901.6 696.186 0 -31.8818 -32.8783 4 46729.9 598.739 11601 4.39995e-05
46500 0.52022 0.503105 0.0171148 0 0.967101 19649.9 18952 697.953 0 -31.8828 -32.234 4 46829.9 599.379 11626 4.32741e-05
46600 0.511474 0.497844 0.0136298 0 0.973352 19701.3 19001.7 699.611 0 -31.8848 -32.6736 4 46929.9 600.019 11651 4.27297e-05
46700 0.48053 0.467101 0.0134285 0 0.972055 19749.5 19048.4 701.045 0 -31.8883 -33.3078 4 47029.9 600.658 11676 4.00053e-05
46800 0.468052 0.455398 0.0126542 0 0.972964 19796.4 19094 702.366 0 -31.8913 -33.141 4 47129.9 601.296 11701 3.89196e-05
46900 0.460002 0.448148 0.0118537 0 0.974231 19842.5 19138.8 703.697 0 -31.8946 -33.3343 4 47229.9 601.933 11726 3.82183e-05
47000 0.521268 0.504776 0.0164923 0 0.968361 19894.6 19189.3 705.357 0 -31.8961 -32.449 4 47329.9 602.57 11751 4.2956e-05
47100 0.497059 0.481391 0.0156678 0 0.968479 19944.4 19237.4 706.978 0 -31.8977 -32.5441 4 47429.9 603.207 11776 4.0879e-05
47200 0.495047 0.478896 0.016151 0 0.967375 19993.9 19285.3 708.635 0 -31.899 -32.4428 4 47529.9 603.842 11801 4.0581e-05
47300 0.514918 0.499037 0.0158815 0 0.969157 20045.5 19335.2 710.274 0 -31.9004 -32.4425 4 47629.9 604.477 11826 4.21983e-05
47400 0.519762 0.504415 0.0153467 0 0.970474 20097.6 19385.7 711.959 0 -31.9009 -32.067 4 47729.9 605.111 11851 4.25631e-05
47500 0.50201 0.487902 0.0141077 0 0.971898 20148 19434.4 713.564 0 -31.903 -32.7561 4 47829.9 605.745 11876 4.1083e-05
47600 0.491972 0.478263 0.0137087 0 0.972135 20197.2 19482.3 714.957 0 -31.9044 -32.468 4 47929.9 606.378 11901 4.01868e-05
47700 0.485504 0.471072 0.014432 0 0.970274 20245.6 19529.4 716.269 0 -31.9056 -32.429 4 48029.9 607.01 11926 3.94996e-05
47800 0.460201 0.447618 0.0125836 0 0.972656 20291.7 19574.1 717.585 0 -31.9076 -32.7586 4 48129.9 607.642 11951 3.74544e-05
47900 0.470803 0.4579 0.0129031 0 0.972593 20338.8 19619.9 718.888 0 -31.9096 -32.7956 4 48229.9 608.272 11976 3.82348e-05
48000 0.453477 0.442591 0.0108856 0 0.975995 20384.3 19664.2 720.088 0 -31.9122 -33.0761 4 48329.9 608.903 12001 3.68795e-05
48100 0.481574 0.466954 0.0146197 0 0.969642 20432.4 19710.9 721.491 0 -31.9141 -32.7138 4 48429.9 609.532 12026 3.88287e-05
48200 0.51865 0.502245 0.0164056 0 0.968369 20484.2 19761.1 723.09 0 -31.9154 -32.4161 4 48529.9 610.161 12051 4.16766e-05
48300 0.518928 0.502163 0.0167646 0 0.967694 20536.2 19811.3 724.87 0 -31.9163 -32.26 4 48629.9 610.79 12076 4.15836e-05
48400 0.531978 0.511235 0.0207438 0 0.961006 20589.1 19862.4 726.698 0 -31.9151 -31.4601 4 48729.9 611.417 12101 4.22473e-05
48500 0.498936 0.483407 0.0155292 0 0.968875 20639.2 19910.8 728.436 0 -31.9158 -32.2217 4 48829.9 612.044 12126 3.98653e-05
48600 0.480581 0.464125 0.0164558 0 0.965759 20687.2 19957.2 729.96 0 -31.9178 -32.7825 4 48929.9 612.671 12151 3.81965e-05
48700 0.464368 0.451576 0.0127918 0 0.972453 20733.8 20002.4 731.429 0 -31.9201 -32.9142 4 49029.9 613.297 12176 3.70874e-05
48800 0.450954 0.44018 0.0107745 0 0.976107 20779.1 20046.4 732.721 0 -31.9229 -33.1928 4 49129.9 613.922 12201 3.60773e-05
48900 0.458415 0.44634 0.0120745 0 0.97366 20825 20091 733.97 0 -31.9249 -32.8589 4 49229.9 614.546 12226 3.65075e-05
49000 0.475491 0.463563 0.011928 0 0.974914 20872.7 20137.4 735.291 0 -31.9269 -32.8096 4 49329.9 615.17 12251 3.78388e-05
49100 0.483569 0.472153 0.0114153 0 0.976394 20921.1 20184.6 736.538 0 -31.9297 -33.1011 4 49429.9 615.793 12276 3.84615e-05
49200 0.47757 0.465582 0.0119881 0 0.974898 20969 20231.1 737.864 0 -31.9326 -33.2058 4 49529.9 616.416 12301 3.78491e-05
49300 0.447476 0.436593 0.010883 0 0.975679 21013.8 20274.8 739.042 0 -31.9359 -33.5046 4 49629.9 617.038 12326 3.54205e-05
49400 0.457764 0.446435 0.0113289 0 0.975252 21059.6 20319.4 740.117 0 -31.939 -33.3591 4 49729.9 617.659 12351 3.61457e-05
49500 0.426609 0.417845 0.00876424 0 0.979456 21102.3 20361.2 741.109 0 -31.943 -33.9194 4 49829.9 618.28 12376 3.37625e-05
49600 0.423763 0.412734 0.011029 0 0.973974 21144.6 20402.5 742.101 0 -31.9463 -33.568 4 49929.9 618.9 12401 3.32823e-05
49700 0.45872 0.446414 0.0123054 0 0.973174 21190.5 20447.1 743.33 0 -31.9486 -33.0211 4 50029.9 619.519 12426 3.59258e-05
49800 0.462699 0.450305 0.0123946 0 0.973212 21236.8 20492.2 744.676 0 -31.9515 -33.2772 4 50129.9 620.138 12451 3.61661e-05
49900 0.520784 0.504427 0.0163569 0 0.968592 21288.9 20542.6 746.286 0 -31.9536 -32.8254 4 50229.9 620.756 12476 4.04318e-05
50000 0.487545 0.473556 0.0139896 0 0.971306 21337.8 20590 747.847 0 -31.9556 -32.8147 4 50329.9 621.374 12501 3.78814e-05
