100 0.0827651 0.0744585 0.00830655 0 0.899637 7.88622 7.44585 0.440363 0 -26.8565 -26.8565 4 429.882 57.4268 26 0.00286379
200 0.103697 0.0968349 0.00686262 0 0.933821 18.2557 17.1293 1.12634 0 -27.5894 -28.1467 4 529.882 63.7572 51 0.00189872
300 0.120994 0.111522 0.00947228 0 0.921713 30.1543 28.2815 1.87277 0 -27.8035 -28.1322 4 629.882 69.5136 76 0.00146739
400 0.147084 0.13811 0.00897398 0 0.938987 44.9205 42.0925 2.82801 0 -28.0134 -28.442 4 729.882 74.8284 101 0.00136743
500 0.139734 0.129821 0.00991338 0 0.929055 58.8359 55.0746 3.76131 0 -28.2162 -28.8706 4 829.882 79.7899 126 0.00103032
600 0.141085 0.132382 0.00870312 0 0.938313 73.007 68.3128 4.69426 0 -28.4315 -29.3256 4 929.882 84.4605 151 0.0008767
700 0.171262 0.157817 0.0134446 0 0.921497 89.7368 84.0945 5.64226 0 -28.2847 -27.6438 4 1029.88 88.8861 176 0.000896689
800 0.22728 0.21473 0.0125495 0 0.944784 112.487 105.568 6.9199 0 -28.3105 -28.4123 4 1129.88 93.1015 201 0.00106831
900 0.218577 0.20597 0.0126067 0 0.942324 134.331 126.165 8.16602 0 -28.2689 -28.0549 4 1229.88 97.1341 226 0.000911373
1000 0.20238 0.190795 0.0115855 0 0.942754 154.614 145.244 9.36999 0 -28.272 -28.292 4 1329.88 101.006 251 0.000760138
1100 0.258445 0.243308 0.0151376 0 0.941428 180.286 169.575 10.7114 0 -28.1638 -27.5122 4 1429.88 104.735 276 0.000881549
1200 0.248981 0.234595 0.0143858 0 0.942221 205.321 193.034 12.2869 0 -28.1379 -27.9515 4 1529.88 108.335 301 0.000779385
1300 0.270182 0.2531 0.0170819 0 0.936776 232.194 218.344 13.8502 0 -28.1657 -28.3785 4 1629.88 111.82 326 0.000776381
1400 0.259364 0.244205 0.0151594 0 0.941552 258.188 242.765 15.4232 0 -28.2455 -28.9575 4 1729.88 115.199 351 0.000695739
1500 0.278964 0.262493 0.0164705 0 0.940958 286.091 269.014 17.077 0 -28.2994 -28.7984 4 1829.88 118.482 376 0.000698121
1600 0.337282 0.319182 0.0180999 0 0.946336 319.95 300.932 19.0174 0 -28.4041 -29.2893 4 1929.88 121.676 401 0.000795965
1700 0.323637 0.302976 0.0206613 0 0.936159 352.149 331.23 20.9186 0 -28.4446 -28.8465 4 2029.88 124.789 426 0.000711211
1800 0.315005 0.29862 0.0163851 0 0.947985 383.82 361.092 22.7277 0 -28.5458 -29.6715 4 2129.88 127.826 451 0.000662129
1900 0.303654 0.286202 0.0174522 0 0.942526 414.207 389.712 24.4951 0 -28.6553 -30.0382 4 2229.88 130.792 476 0.000601265
2000 0.2908 0.276113 0.014687 0 0.949494 443.492 417.323 26.1682 0 -28.7434 -29.9895 4 2329.88 133.692 501 0.000551123
2100 0.269112 0.255246 0.0138656 0 0.948476 470.412 442.848 27.5637 0 -28.8156 -30.0054 4 2429.88 136.531 526 0.000485259
2200 0.298212 0.283864 0.0143479 0 0.951887 500.144 471.234 28.9096 0 -28.8891 -30.0518 4 2529.88 139.313 551 0.00051518
2300 0.294553 0.282643 0.0119094 0 0.959568 529.815 499.499 30.3161 0 -28.9574 -30.1089 4 2629.88 142.039 576 0.0004907
2400 0.280143 0.267537 0.0126063 0 0.955001 557.865 526.252 31.6123 0 -28.997 -29.7448 4 2729.88 144.714 601 0.000445153
2500 0.29476 0.280718 0.0140425 0 0.952359 587.293 554.324 32.9691 0 -29.0141 -29.3375 4 2829.88 147.341 626 0.000448431
2600 0.297866 0.285913 0.0119534 0 0.95987 617.226 582.916 34.3109 0 -29.0131 -28.9933 4 2929.88 149.922 651 0.00043919
2700 0.320405 0.307242 0.0131631 0 0.958917 649.291 613.64 35.6516 0 -29.0727 -30.2199 4 3029.88 152.459 676 0.000454499
2800 0.307707 0.294182 0.0135242 0 0.956048 680.115 643.058 37.0572 0 -29.1315 -30.3709 4 3129.88 154.954 701 0.000419661
2900 0.312538 0.299201 0.0133374 0 0.957326 711.442 672.978 38.4635 0 -29.1696 -29.9979 4 3229.88 157.41 726 0.000412122
3000 0.340023 0.322324 0.0176993 0 0.947947 745.195 705.21 39.9842 0 -29.1742 -29.2705 4 3329.88 159.829 751 0.000429193
3100 0.330044 0.312006 0.0180377 0 0.945348 777.949 736.411 41.5383 0 -29.2137 -30.1126 4 3429.88 162.211 776 0.00040207
3200 0.378015 0.362541 0.0154738 0 0.959066 815.976 772.665 43.3107 0 -29.2885 -30.8185 4 3529.88 164.558 801 0.000452611
3300 0.367126 0.349846 0.0172802 0 0.952931 852.613 807.65 44.963 0 -29.3266 -30.1741 4 3629.88 166.873 826 0.000423542
3400 0.335596 0.320521 0.0150746 0 0.955081 886.297 839.702 46.5953 0 -29.3653 -30.3469 4 3729.88 169.156 851 0.00037664
3500 0.350191 0.333285 0.0169064 0 0.951722 921.25 873.03 48.2196 0 -29.3983 -30.2338 4 3829.88 171.409 876 0.000380462
3600 0.335769 0.319593 0.0161763 0 0.951823 954.808 904.99 49.8187 0 -29.4205 -30.0311 4 3929.88 173.632 901 0.000354709
3700 0.371202 0.353833 0.0173688 0 0.953209 992.022 940.373 51.6492 0 -29.4337 -29.771 4 4029.88 175.827 926 0.000382109
3800 0.338308 0.322573 0.0157345 0 0.953491 1025.92 972.63 53.2874 0 -29.4565 -30.1252 4 4129.88 177.995 951 0.000339194
3900 0.350965 0.335689 0.0152757 0 0.956475 1061.03 1006.2 54.8332 0 -29.5003 -30.779 4 4229.88 180.138 976 0.000343944
4000 0.316255 0.303736 0.0125191 0 0.960415 1092.84 1036.57 56.2715 0 -29.5451 -31.0383 4 4329.88 182.254 1001 0.000303433
4100 0.318416 0.306409 0.0120073 0 0.96229 1124.78 1067.21 57.5652 0 -29.5823 -30.8551 4 4429.88 184.347 1026 0.000298644
4200 0.328335 0.314877 0.0134585 0 0.95901 1157.66 1098.7 58.96 0 -29.6189 -30.8711 4 4529.88 186.416 1051 0.000299597
4300 0.320682 0.307941 0.0127411 0 0.960269 1189.76 1129.5 60.2618 0 -29.6458 -30.6171 4 4629.88 188.463 1076 0.000286191
4400 0.321066 0.308328 0.0127379 0 0.960326 1221.9 1160.33 61.5725 0 -29.6581 -30.1125 4 4729.88 190.487 1101 0.000280044
4500 0.370446 0.353071 0.0173749 0 0.953097 1258.75 1195.64 63.1121 0 -29.6713 -30.1103 4 4829.88 192.49 1126 0.000313562
4600 0.340712 0.325628 0.0150832 0 0.95573 1292.86 1228.2 64.6623 0 -29.6963 -30.6187 4 4929.88 194.473 1151 0.000282909
4700 0.359289 0.341476 0.0178127 0 0.950422 1328.62 1262.35 66.2703 0 -29.7031 -29.9497 4 5029.88 196.435 1176 0.000290371
4800 0.365579 0.34575 0.0198292 0 0.945759 1364.93 1296.92 68.0119 0 -29.712 -30.0349 4 5129.88 198.378 1201 0.000287885
4900 0.372632 0.356171 0.0164614 0 0.955824 1402.43 1332.54 69.8911 0 -29.741 -30.799 4 5229.88 200.302 1226 0.000290515
5000 0.341708 0.326091 0.0156163 0 0.954299 1436.58 1365.15 71.4361 0 -29.7729 -31.0808 4 5329.88 202.208 1251 0.000260665
5100 0.372125 0.354616 0.0175085 0 0.95295 1473.66 1400.61 73.0503 0 -29.7881 -30.3784 4 5429.88 204.096 1276 0.000277912
5200 0.35251 0.337556 0.0149545 0 0.957577 1509.04 1434.36 74.6752 0 -29.802 -30.3798 4 5529.88 205.967 1301 0.000259459
5300 0.349623 0.334593 0.0150297 0 0.957012 1543.98 1467.82 76.1602 0 -29.8128 -30.2787 4 5629.88 207.821 1326 0.000252333
5400 0.367303 0.350762 0.0165412 0 0.954966 1580.66 1502.9 77.7594 0 -29.8198 -30.1165 4 5729.88 209.659 1351 0.000259631
5500 0.400687 0.382697 0.0179893 0 0.955104 1620.67 1541.17 79.5025 0 -29.8229 -29.9462 4 5829.88 211.48 1376 0.000278123
5600 0.383584 0.367115 0.0164694 0 0.957064 1659.18 1577.88 81.3022 0 -29.831 -30.1711 4 5929.88 213.286 1401 0.000262038
5700 0.364682 0.347446 0.017236 0 0.952737 1695.56 1612.63 82.9296 0 -29.8403 -30.2636 4 6029.88 215.077 1426 0.000243651
5800 0.370747 0.354862 0.015885 0 0.957154 1732.79 1648.11 84.6784 0 -29.8621 -30.8564 4 6129.88 216.853 1451 0.000244564
5900 0.353799 0.338299 0.0155002 0 0.956189 1768.12 1681.94 86.1753 0 -29.8803 -30.7729 4 6229.88 218.615 1476 0.0002292
6000 0.359177 0.345878 0.0132988 0 0.962974 1804.15 1716.53 87.623 0 -29.9057 -31.1479 4 6329.88 220.363 1501 0.000230432
6100 0.325211 0.314781 0.01043 0 0.967928 1836.8 1748.01 88.7961 0 -29.9336 -31.478 4 6429.88 222.096 1526 0.000206279
6200 0.348444 0.334054 0.0143901 0 0.958702 1871.51 1781.41 90.0971 0 -29.9543 -31.0495 4 6529.88 223.817 1551 0.00021538
6300 0.359088 0.344844 0.0142447 0 0.960331 1907.37 1815.9 91.4741 0 -29.972 -30.8968 4 6629.88 225.524 1576 0.00021881
6400 0.387969 0.37429 0.0136784 0 0.964744 1946.33 1853.33 93.0006 0 -29.9824 -30.4922 4 6729.88 227.219 1601 0.000233785
6500 0.396876 0.379239 0.017637 0 0.955561 1985.84 1891.25 94.5876 0 -29.9868 -30.2003 4 6829.88 228.9 1626 0.000233234
6600 0.377614 0.362671 0.0149434 0 0.960427 2023.69 1927.52 96.1768 0 -29.9957 -30.4621 4 6929.88 230.57 1651 0.000219667
6700 0.368351 0.353881 0.0144701 0 0.960717 2060.49 1962.91 97.5873 0 -30.0042 -30.4767 4 7029.88 232.228 1676 0.000211146
6800 0.367695 0.353003 0.0146911 0 0.960045 2097.26 1998.21 99.0562 0 -30.016 -30.6775 4 7129.88 233.874 1701 0.000207527
6900 0.405963 0.389131 0.0168322 0 0.958538 2137.79 2037.12 100.673 0 -30.0177 -30.1007 4 7229.88 235.508 1726 0.000225452
7000 0.394221 0.378008 0.0162131 0 0.958873 2177.16 2074.92 102.24 0 -30.0186 -30.0717 4 7329.88 237.131 1751 0.000215881
7100 0.429282 0.409389 0.0198929 0 0.95366 2219.78 2115.86 103.919 0 -30.0177 -29.9696 4 7429.88 238.743 1776 0.000230512
7200 0.46375 0.443499 0.0202507 0 0.956333 2266.21 2160.21 106.005 0 -30.0173 -29.9993 4 7529.88 240.344 1801 0.000246252
7300 0.460057 0.441848 0.0182098 0 0.960418 2312.46 2204.39 108.07 0 -30.0325 -30.7752 4 7629.88 241.935 1826 0.000241976
7400 0.417034 0.398422 0.0186116 0 0.955372 2354.15 2244.24 109.915 0 -30.0441 -30.6872 4 7729.88 243.515 1851 0.000215247
7500 0.391996 0.377234 0.0147619 0 0.962342 2393.59 2281.96 111.632 0 -30.0623 -31.148 4 7829.88 245.086 1876 0.000201084
7600 0.39021 0.375364 0.0148464 0 0.961953 2432.66 2319.5 113.162 0 -30.0766 -30.9526 4 7929.88 246.646 1901 0.000197456
7700 0.390475 0.375798 0.0146773 0 0.962412 2471.78 2357.08 114.702 0 -30.0917 -31.0313 4 8029.88 248.196 1926 0.000195118
7800 0.414259 0.39818 0.0160795 0 0.961185 2513.05 2396.89 116.155 0 -30.1102 -31.2203 4 8129.88 249.737 1951 0.00020409
7900 0.376725 0.365595 0.0111298 0 0.970456 2551.01 2433.45 117.562 0 -30.1332 -31.6561 4 8229.88 251.268 1976 0.000185018
8000 0.39355 0.381161 0.0123885 0 0.968521 2590.48 2471.57 118.909 0 -30.1552 -31.5764 4 8329.88 252.79 2001 0.000190485
8100 0.371508 0.359316 0.0121923 0 0.967182 2627.64 2507.5 120.136 0 -30.1763 -31.6478 4 8429.88 254.303 2026 0.000177352
8200 0.388166 0.376651 0.0115153 0 0.970334 2666.54 2545.17 121.376 0 -30.1966 -31.5649 4 8529.88 255.806 2051 0.000183643
8300 0.373232 0.360702 0.0125295 0 0.96643 2703.78 2581.24 122.547 0 -30.2178 -31.7363 4 8629.88 257.302 2076 0.000173749
8400 0.399535 0.386235 0.013301 0 0.966709 2743.7 2619.86 123.845 0 -30.2345 -31.367 4 8729.88 258.788 2101 0.000183834
8500 0.402973 0.389221 0.0137512 0 0.965876 2784.03 2658.78 125.251 0 -30.2511 -31.3781 4 8829.88 260.266 2126 0.000183077
8600 0.383035 0.369017 0.0140179 0 0.963403 2822.28 2695.68 126.601 0 -30.2666 -31.3945 4 8929.88 261.736 2151 0.000171556
8700 0.416779 0.397921 0.0188582 0 0.954753 2863.58 2735.48 128.109 0 -30.275 -30.854 4 9029.88 263.197 2176 0.000182868
8800 0.426039 0.409909 0.0161305 0 0.962138 2906.21 2776.47 129.74 0 -30.2804 -30.6419 4 9129.88 264.65 2201 0.000186237
8900 0.368197 0.356721 0.011476 0 0.968832 2943.14 2812.14 130.998 0 -30.2972 -31.622 4 9229.88 266.096 2226 0.000160252
9000 0.35836 0.346955 0.0114052 0 0.968174 2979.07 2846.83 132.234 0 -30.3158 -31.8397 4 9329.88 267.533 2251 0.000154134
9100 0.397998 0.383609 0.0143885 0 0.963848 3018.82 2885.19 133.622 0 -30.327 -31.1613 4 9429.88 268.963 2276 0.000168545
9200 0.39136 0.376691 0.0146683 0 0.96252 3058.04 2922.86 135.181 0 -30.3448 -31.7132 4 9529.88 270.386 2301 0.000163708
9300 0.350463 0.336197 0.0142664 0 0.959293 3092.99 2956.48 136.509 0 -30.3614 -31.8177 4 9629.88 271.801 2326 0.000144538
9400 0.363427 0.350611 0.0128164 0 0.964735 3129.48 2991.54 137.937 0 -30.3763 -31.643 4 9729.88 273.208 2351 0.000149133
9500 0.353483 0.341956 0.0115269 0 0.967391 3164.91 3025.74 139.168 0 -30.3911 -31.696 4 9829.88 274.609 2376 0.000143921
9600 0.362927 0.351015 0.0119118 0 0.967179 3201.23 3060.84 140.386 0 -30.4082 -31.8956 4 9929.88 276.002 2401 0.000146195
9700 0.353616 0.341677 0.0119391 0 0.966237 3236.59 3095.01 141.585 0 -30.4252 -31.9611 4 10029.9 277.388 2426 0.00014084
9800 0.3887 0.375986 0.0127139 0 0.967291 3275.49 3132.61 142.88 0 -30.4397 -31.6497 4 10129.9 278.768 2451 0.000153401
9900 0.405205 0.390433 0.0147713 0 0.963546 3315.86 3171.65 144.213 0 -30.4484 -31.1575 4 10229.9 280.14 2476 0.000157687
10000 0.436755 0.420685 0.01607 0 0.963206 3359.5 3213.72 145.779 0 -30.4533 -30.8244 4 10329.9 281.506 2501 0.000168207
10100 0.372109 0.360202 0.0119064 0 0.968003 3396.92 3249.74 147.179 0 -30.4623 -31.2659 4 10429.9 282.865 2526 0.000142598
10200 0.385801 0.37089 0.0149109 0 0.961351 3435.37 3286.83 148.543 0 -30.4719 -31.3222 4 10529.9 284.218 2551 0.00014539
10300 0.434745 0.418589 0.0161552 0 0.96284 3478.77 3328.69 150.084 0 -30.4744 -30.6763 4 10629.9 285.565 2576 0.000162496
10400 0.415866 0.401466 0.0143992 0 0.965375 3520.54 3368.83 151.702 0 -30.4847 -31.3411 4 10729.9 286.905 2601 0.000154351
10500 0.388681 0.373452 0.0152283 0 0.960821 3559.34 3406.18 153.159 0 -30.4963 -31.5453 4 10829.9 288.238 2626 0.000142213
10600 0.417734 0.402627 0.0151076 0 0.963835 3601.26 3446.44 154.816 0 -30.5122 -31.8659 4 10929.9 289.566 2651 0.000151877
10700 0.410529 0.393225 0.0173041 0 0.957849 3642.14 3485.76 156.378 0 -30.5188 -31.099 4 11029.9 290.888 2676 0.000146945
10800 0.446369 0.431243 0.0151261 0 0.966113 3686.96 3528.89 158.07 0 -30.5193 -30.5567 4 11129.9 292.203 2701 0.00015966
10900 0.460698 0.443134 0.0175642 0 0.961875 3733.06 3573.2 159.861 0 -30.5184 -30.4483 4 11229.9 293.513 2726 0.000162558
11000 0.445938 0.430092 0.0158463 0 0.964465 3777.7 3616.21 161.493 0 -30.5258 -31.1413 4 11329.9 294.817 2751 0.00015634
11100 0.446675 0.43127 0.0154056 0 0.965511 3822.54 3659.34 163.201 0 -30.5313 -30.9941 4 11429.9 296.115 2776 0.000155357
11200 0.395172 0.383552 0.0116203 0 0.970594 3862.26 3697.69 164.563 0 -30.5427 -31.6403 4 11529.9 297.408 2801 0.000136934
11300 0.397046 0.384791 0.012255 0 0.969135 3901.89 3736.17 165.712 0 -30.5544 -31.6963 4 11629.9 298.695 2826 0.000136161
11400 0.381051 0.369202 0.0118492 0 0.968904 3940 3773.09 166.91 0 -30.5678 -31.9368 4 11729.9 299.976 2851 0.000129499
11500 0.359328 0.349094 0.0102333 0 0.971521 3976.04 3808 168.035 0 -30.5803 -31.9521 4 11829.9 301.252 2876 0.000121382
11600 0.407451 0.393545 0.0139062 0 0.96587 4016.74 3847.36 169.383 0 -30.5853 -31.071 4 11929.9 302.523 2901 0.000135658
11700 0.381845 0.369622 0.012223 0 0.96799 4055.06 3884.32 170.737 0 -30.5946 -31.5762 4 12029.9 303.788 2926 0.000126323
11800 0.356855 0.348007 0.00884776 0 0.975206 4090.94 3919.12 171.819 0 -30.6097 -32.3093 4 12129.9 305.048 2951 0.000117929
11900 0.406092 0.393615 0.012477 0 0.969275 4131.61 3958.48 173.129 0 -30.6148 -31.1303 4 12229.9 306.303 2976 0.000132263
12000 0.376389 0.363727 0.0126628 0 0.966357 4169.34 3994.85 174.491 0 -30.6226 -31.4816 4 12329.9 307.553 3001 0.000121202
12100 0.367787 0.35622 0.0115673 0 0.968549 4206.28 4030.48 175.807 0 -30.6347 -31.9928 4 12429.9 308.797 3026 0.00011772
12200 0.411288 0.396679 0.014609 0 0.96448 4247.35 4070.14 177.209 0 -30.6439 -31.5871 4 12529.9 310.037 3051 0.000130016
12300 0.445441 0.427635 0.0178057 0 0.960027 4291.8 4112.91 178.891 0 -30.6493 -31.1637 4 12629.9 311.272 3076 0.000139023
12400 0.416907 0.40099 0.0159177 0 0.96182 4333.56 4153.01 180.554 0 -30.6532 -31.0546 4 12729.9 312.502 3101 0.00012931
12500 0.405846 0.39108 0.0147655 0 0.963618 4374.19 4192.11 182.075 0 -30.6614 -31.5387 4 12829.9 313.727 3126 0.000125106
12600 0.369831 0.356985 0.0128464 0 0.965264 4411.23 4227.81 183.419 0 -30.672 -31.9267 4 12929.9 314.947 3151 0.000113293
12700 0.387743 0.373859 0.0138832 0 0.964195 4450.05 4265.2 184.851 0 -30.6837 -32.0103 4 13029.9 316.162 3176 0.000117714
12800 0.382774 0.36914 0.0136344 0 0.96438 4488.36 4302.11 186.245 0 -30.6934 -31.8148 4 13129.9 317.373 3201 0.00011532
12900 0.398896 0.383693 0.0152029 0 0.961888 4528.24 4340.48 187.762 0 -30.7046 -31.9738 4 13229.9 318.58 3226 0.000118938
13000 0.384183 0.370924 0.0132589 0 0.965488 4566.72 4377.57 189.143 0 -30.7173 -32.2081 4 13329.9 319.781 3251 0.000114095
13100 0.420442 0.406328 0.0141138 0 0.966431 4608.78 4418.21 190.572 0 -30.7255 -31.613 4 13429.9 320.979 3276 0.000124032
13200 0.406616 0.39185 0.0147661 0 0.963685 4649.47 4457.39 192.079 0 -30.7326 -31.5417 4 13529.9 322.171 3301 0.000118706
13300 0.394136 0.380722 0.0134136 0 0.965967 4689.01 4495.46 193.55 0 -30.7437 -32.0451 4 13629.9 323.36 3326 0.000114469
13400 0.384325 0.369729 0.0145963 0 0.962021 4727.34 4532.44 194.905 0 -30.7556 -32.2187 4 13729.9 324.544 3351 0.000110334
13500 0.414274 0.399116 0.0151573 0 0.963412 4768.73 4572.35 196.377 0 -30.7666 -32.0225 4 13829.9 325.724 3376 0.000118222
13600 0.404989 0.387965 0.0170243 0 0.957964 4809 4611.15 197.854 0 -30.7723 -31.4379 4 13929.9 326.899 3401 0.000114074
13700 0.405311 0.392534 0.0127765 0 0.968477 4849.74 4650.4 199.346 0 -30.7787 -31.5336 4 14029.9 328.07 3426 0.000114575
13800 0.372879 0.359919 0.0129609 0 0.965241 4887 4686.39 200.61 0 -30.7878 -31.9802 4 14129.9 329.238 3451 0.000104294
13900 0.36591 0.353233 0.0126777 0 0.965353 4923.58 4721.71 201.861 0 -30.7977 -32.115 4 14229.9 330.401 3476 0.00010162
14000 0.386878 0.373439 0.0134391 0 0.965263 4962.36 4759.06 203.305 0 -30.8051 -31.7529 4 14329.9 331.559 3501 0.000106666
14100 0.466738 0.449001 0.0177371 0 0.961998 5008.97 4803.96 205.011 0 -30.8082 -31.1373 4 14429.9 332.714 3526 0.00012734
14200 0.423109 0.407133 0.0159757 0 0.962242 5051.32 4844.67 206.651 0 -30.8145 -31.5538 4 14529.9 333.865 3551 0.000114653
14300 0.407779 0.395774 0.0120052 0 0.97056 5092.39 4884.25 208.145 0 -30.8241 -32.0024 4 14629.9 335.012 3576 0.000110675
14400 0.419279 0.405679 0.0136001 0 0.967563 5134.41 4924.82 209.589 0 -30.8329 -31.9098 4 14729.9 336.155 3601 0.000112657
14500 0.375545 0.363452 0.0120929 0 0.967799 5172.08 4961.16 210.919 0 -30.8426 -32.1593 4 14829.9 337.294 3626 0.000100235
14600 0.355094 0.345549 0.00954482 0 0.97312 5207.68 4995.72 211.965 0 -30.8544 -32.5746 4 14929.9 338.43 3651 9.4645e-05
14700 0.382282 0.368736 0.0135455 0 0.964567 5245.81 5032.59 213.223 0 -30.8647 -32.2623 4 15029.9 339.561 3676 0.000100309
14800 0.36158 0.350474 0.0111051 0 0.969287 5282.13 5067.64 214.488 0 -30.8752 -32.3891 4 15129.9 340.689 3701 9.46972e-05
14900 0.378741 0.365385 0.0133556 0 0.964737 5319.9 5104.18 215.724 0 -30.8838 -32.0954 4 15229.9 341.813 3726 9.80637e-05
15000 0.414132 0.400451 0.0136808 0 0.966965 5361.41 5144.22 217.189 0 -30.8953 -32.3678 4 15329.9 342.933 3751 0.000106758
15100 0.425204 0.407585 0.0176189 0 0.958564 5403.69 5184.98 218.708 0 -30.9004 -31.5495 4 15429.9 344.05 3776 0.000107941
15200 0.421876 0.404591 0.0172854 0 0.959027 5445.87 5225.44 220.432 0 -30.9035 -31.302 4 15529.9 345.163 3801 0.000106443
15300 0.393938 0.378999 0.0149383 0 0.962079 5485.39 5263.34 222.05 0 -30.9087 -31.6136 4 15629.9 346.272 3826 9.90589e-05
15400 0.391018 0.374852 0.0161656 0 0.958658 5524.33 5300.82 223.501 0 -30.9147 -31.7618 4 15729.9 347.378 3851 9.73389e-05
15500 0.398475 0.384594 0.0138811 0 0.965164 5564.25 5339.28 224.965 0 -30.9191 -31.5369 4 15829.9 348.481 3876 9.92243e-05
15600 0.416373 0.401212 0.0151613 0 0.963587 5605.86 5379.4 226.459 0 -30.9263 -31.8873 4 15929.9 349.58 3901 0.000102848
15700 0.401849 0.387646 0.0142032 0 0.964655 5646.13 5418.17 227.958 0 -30.9351 -32.1603 4 16029.9 350.675 3926 9.8738e-05
15800 0.427404 0.410901 0.0165024 0 0.961389 5688.82 5459.26 229.562 0 -30.9429 -31.9755 4 16129.9 351.767 3951 0.000103999
15900 0.396316 0.380847 0.0154696 0 0.960967 5728.42 5497.34 231.071 0 -30.9532 -32.4258 4 16229.9 352.856 3976 9.57864e-05
16000 0.418245 0.404074 0.0141712 0 0.966117 5770.38 5537.75 232.627 0 -30.9624 -32.2232 4 16329.9 353.942 4001 0.000100993
16100 0.39199 0.377821 0.0141682 0 0.963856 5809.54 5575.53 234.007 0 -30.9715 -32.3166 4 16429.9 355.024 4026 9.38453e-05
16200 0.379696 0.368385 0.0113107 0 0.970211 5847.76 5612.37 235.388 0 -30.9822 -32.6055 4 16529.9 356.102 4051 9.09369e-05
16300 0.352705 0.342618 0.0100871 0 0.971401 5883.12 5646.63 236.488 0 -30.9916 -32.549 4 16629.9 357.178 4076 8.40573e-05
16400 0.380884 0.367807 0.0130771 0 0.965666 5921.12 5683.41 237.707 0 -30.9985 -32.0647 4 16729.9 358.25 4101 8.96871e-05
16500 0.423431 0.40785 0.0155812 0 0.963202 5963.31 5724.2 239.109 0 -31.0004 -31.2616 4 16829.9 359.319 4126 9.88487e-05
16600 0.405875 0.393101 0.0127739 0 0.968528 6004.1 5763.51 240.588 0 -31.0055 -31.7487 4 16929.9 360.385 4151 9.47004e-05
16700 0.400608 0.387616 0.012992 0 0.967569 6044.25 5802.27 241.974 0 -31.0093 -31.5805 4 17029.9 361.448 4176 9.282e-05
16800 0.401641 0.387396 0.0142451 0 0.964533 6084.33 5841.01 243.316 0 -31.0108 -31.2421 4 17129.9 362.508 4201 9.22152e-05
16900 0.402438 0.387617 0.0148209 0 0.963172 6124.5 5879.77 244.723 0 -31.0132 -31.376 4 17229.9 363.564 4226 9.1722e-05
17000 0.392487 0.379531 0.0129562 0 0.96699 6163.89 5917.73 246.167 0 -31.0179 -31.7444 4 17329.9 364.618 4251 8.92804e-05
17100 0.361045 0.35034 0.0107049 0 0.97035 6200.15 5952.76 247.391 0 -31.025 -32.2397 4 17429.9 365.668 4276 8.19318e-05
17200 0.419082 0.405303 0.0137783 0 0.967123 6242 5993.29 248.713 0 -31.0285 -31.5337 4 17529.9 366.716 4301 9.42347e-05
17300 0.378535 0.366557 0.0119777 0 0.968358 6279.89 6029.95 249.944 0 -31.0337 -31.8915 4 17629.9 367.76 4326 8.47336e-05
17400 0.391291 0.376563 0.0147279 0 0.962361 6318.83 6067.6 251.224 0 -31.037 -31.5749 4 17729.9 368.802 4351 8.65463e-05
17500 0.422678 0.407758 0.01492 0 0.964701 6361.04 6108.38 252.664 0 -31.0374 -31.0998 4 17829.9 369.84 4376 9.31805e-05
17600 0.413631 0.400086 0.0135454 0 0.967253 6402.45 6148.39 254.061 0 -31.039 -31.2886 4 17929.9 370.876 4401 9.09079e-05
17700 0.440509 0.424564 0.015945 0 0.963803 6446.49 6190.84 255.648 0 -31.0353 -30.4865 4 18029.9 371.909 4426 9.5925e-05
17800 0.431656 0.417347 0.0143098 0 0.966849 6489.79 6232.58 257.214 0 -31.0345 -30.9202 4 18129.9 372.939 4451 9.37647e-05
17900 0.389792 0.37754 0.0122522 0 0.968567 6528.85 6270.33 258.515 0 -31.0369 -31.4315 4 18229.9 373.966 4476 8.43477e-05
18000 0.4188 0.404126 0.014674 0 0.964962 6570.73 6310.74 259.982 0 -31.037 -31.0642 4 18329.9 374.99 4501 8.97857e-05
18100 0.427634 0.413856 0.0137782 0 0.96778 6613.55 6352.13 261.422 0 -31.0419 -31.7921 4 18429.9 376.012 4526 9.14397e-05
18200 0.408119 0.394738 0.0133816 0 0.967212 6654.41 6391.6 262.805 0 -31.0464 -31.7718 4 18529.9 377.03 4551 8.67365e-05
18300 0.432851 0.414208 0.0186434 0 0.956929 6697.31 6433.02 264.285 0 -31.0486 -31.3821 4 18629.9 378.046 4576 9.05174e-05
18400 0.438249 0.422903 0.0153456 0 0.964984 6741.16 6475.31 265.846 0 -31.053 -31.7379 4 18729.9 379.06 4601 9.19156e-05
18500 0.424141 0.409339 0.0148021 0 0.965101 6783.62 6516.25 267.368 0 -31.0555 -31.4515 4 18829.9 380.07 4626 8.84866e-05
18600 0.44904 0.431825 0.0172152 0 0.961662 6828.32 6559.43 268.893 0 -31.0586 -31.5173 4 18929.9 381.078 4651 9.28455e-05
18700 0.444986 0.430926 0.0140604 0 0.968403 6873.07 6602.52 270.541 0 -31.0666 -32.2952 4 19029.9 382.083 4676 9.21569e-05
18800 0.412614 0.39884 0.0137741 0 0.966617 6914.35 6642.41 271.943 0 -31.0738 -32.264 4 19129.9 383.086 4701 8.48414e-05
18900 0.389791 0.37708 0.0127107 0 0.967391 6953.29 6680.12 273.17 0 -31.0804 -32.2629 4 19229.9 384.086 4726 7.97884e-05
19000 0.469701 0.452362 0.0173391 0 0.963085 7000.26 6725.35 274.908 0 -31.0825 -31.39 4 19329.9 385.083 4751 9.52141e-05
19100 0.482228 0.463047 0.0191813 0 0.960224 7048.27 6771.66 276.617 0 -31.0826 -31.0969 4 19429.9 386.078 4776 9.69529e-05
19200 0.464803 0.448124 0.0166794 0 0.964115 7094.89 6816.47 278.424 0 -31.0838 -31.2733 4 19529.9 387.07 4801 9.33396e-05
19300 0.449665 0.43195 0.0177148 0 0.960604 7139.74 6859.66 280.079 0 -31.0854 -31.3317 4 19629.9 388.06 4826 8.95048e-05
19400 0.445847 0.42804 0.0178068 0 0.960061 7184.3 6902.47 281.829 0 -31.0894 -31.7345 4 19729.9 389.047 4851 8.82375e-05
19500 0.478786 0.460666 0.0181198 0 0.962155 7232.22 6948.53 283.688 0 -31.0912 -31.3504 4 19829.9 390.032 4876 9.44762e-05
19600 0.482739 0.465644 0.017095 0 0.964587 7280.58 6995.1 285.482 0 -31.0896 -30.8618 4 19929.9 391.014 4901 9.501e-05
19700 0.448344 0.430593 0.0177509 0 0.960408 7325.27 7038.16 287.112 0 -31.0918 -31.4388 4 20029.9 391.994 4926 8.74123e-05
19800 0.432488 0.417507 0.0149812 0 0.96536 7368.5 7079.91 288.593 0 -31.0956 -31.7523 4 20129.9 392.971 4951 8.43279e-05
19900 0.470756 0.454991 0.0157656 0 0.96651 7415.73 7125.41 290.319 0 -31.1013 -31.9853 4 20229.9 393.946 4976 9.1437e-05
20000 0.434074 0.4206 0.0134734 0 0.96896 7459.34 7167.47 291.874 0 -31.1065 -31.99 4 20329.9 394.919 5001 8.41033e-05
20100 0.427466 0.413066 0.0144002 0 0.966313 7502.06 7208.77 293.29 0 -31.11 -31.7254 4 20429.9 395.889 5026 8.21859e-05
20200 0.439298 0.424722 0.0145762 0 0.966819 7545.99 7251.25 294.741 0 -31.1135 -31.7091 4 20529.9 396.856 5051 8.40868e-05
20300 0.424199 0.411275 0.0129236 0 0.969534 7588.52 7292.37 296.143 0 -31.1186 -32.0212 4 20629.9 397.822 5076 8.10235e-05
20400 0.430194 0.41586 0.0143346 0 0.966679 7631.56 7333.96 297.602 0 -31.1249 -32.2326 4 20729.9 398.785 5101 8.15251e-05
20500 0.452201 0.434362 0.0178389 0 0.960551 7676.59 7377.4 299.197 0 -31.1281 -31.6769 4 20829.9 399.745 5126 8.47371e-05
20600 0.459578 0.440249 0.0193292 0 0.957941 7722.51 7421.42 301.087 0 -31.1287 -31.2247 4 20929.9 400.704 5151 8.54687e-05
20700 0.429793 0.412822 0.0169707 0 0.960514 7765.5 7462.7 302.801 0 -31.1298 -31.3284 4 21029.9 401.66 5176 7.97569e-05
20800 0.445521 0.429299 0.0162219 0 0.963589 7810.14 7505.63 304.503 0 -31.1296 -31.0868 4 21129.9 402.614 5201 8.25416e-05
20900 0.461745 0.444676 0.0170688 0 0.963034 7856.4 7550.1 306.299 0 -31.13 -31.1985 4 21229.9 403.565 5226 8.50891e-05
21000 0.451032 0.433774 0.0172572 0 0.961738 7901.63 7593.48 308.148 0 -31.1326 -31.5875 4 21329.9 404.515 5251 8.2608e-05
21100 0.478993 0.458748 0.0202448 0 0.957735 7949.29 7639.35 309.938 0 -31.1349 -31.5195 4 21429.9 405.462 5276 8.695e-05
21200 0.501532 0.482608 0.0189243 0 0.962267 7999.47 7687.61 311.855 0 -31.1363 -31.3504 4 21529.9 406.407 5301 9.10409e-05
21300 0.489415 0.471067 0.0183474 0 0.962512 8048.44 7734.72 313.719 0 -31.138 -31.4172 4 21629.9 407.349 5326 8.84467e-05
21400 0.448652 0.431499 0.0171527 0 0.961768 8093.39 7777.87 315.521 0 -31.141 -31.6783 4 21729.9 408.29 5351 8.0639e-05
21500 0.438185 0.420239 0.0179462 0 0.959044 8137.06 7819.89 317.166 0 -31.1442 -31.7427 4 21829.9 409.228 5376 7.81694e-05
21600 0.456768 0.440941 0.0158277 0 0.965348 8182.87 7863.99 318.878 0 -31.1463 -31.5154 4 21929.9 410.165 5401 8.16405e-05
21700 0.440172 0.422733 0.017439 0 0.960381 8226.78 7906.26 320.518 0 -31.1491 -31.6755 4 22029.9 411.099 5426 7.79088e-05
21800 0.439417 0.424514 0.0149036 0 0.966083 8270.94 7948.71 322.224 0 -31.153 -31.8743 4 22129.9 412.031 5451 7.78782e-05
21900 0.43072 0.415085 0.0156345 0 0.963701 8313.98 7990.22 323.761 0 -31.1559 -31.7272 4 22229.9 412.961 5476 7.58009e-05
22000 0.437227 0.423707 0.0135194 0 0.969079 8357.93 8032.59 325.335 0 -31.161 -32.1111 4 22329.9 413.888 5501 7.70237e-05
22100 0.401071 0.389572 0.0114988 0 0.97133 8398.09 8071.55 326.536 0 -31.1667 -32.3645 4 22429.9 414.814 5526 7.0498e-05
22200 0.427954 0.415502 0.0124523 0 0.970903 8440.95 8113.1 327.847 0 -31.1696 -31.7335 4 22529.9 415.738 5551 7.48517e-05
22300 0.454545 0.439619 0.0149256 0 0.967164 8486.19 8157.06 329.128 0 -31.1685 -30.9582 4 22629.9 416.659 5576 7.88413e-05
22400 0.470265 0.45455 0.0157143 0 0.966584 8533.25 8202.52 330.736 0 -31.1687 -31.2131 4 22729.9 417.579 5601 8.11552e-05
22500 0.452405 0.437856 0.0145491 0 0.967841 8578.56 8246.3 332.262 0 -31.172 -31.7938 4 22829.9 418.497 5626 7.78272e-05
22600 0.437684 0.425131 0.0125529 0 0.97132 8622.52 8288.82 333.709 0 -31.1773 -32.2038 4 22929.9 419.412 5651 7.52311e-05
22700 0.402509 0.391025 0.0114849 0 0.971467 8662.91 8327.92 334.989 0 -31.1833 -32.4631 4 23029.9 420.326 5676 6.88909e-05
22800 0.406861 0.393883 0.0129779 0 0.968102 8703.51 8367.31 336.206 0 -31.1878 -32.1557 4 23129.9 421.237 5701 6.90902e-05
22900 0.412366 0.400458 0.0119079 0 0.971123 8744.84 8407.35 337.485 0 -31.1909 -31.8352 4 23229.9 422.147 5726 6.99368e-05
23000 0.388425 0.378243 0.0101825 0 0.973785 8783.78 8445.18 338.603 0 -31.1965 -32.471 4 23329.9 423.055 5751 6.57699e-05
23100 0.42005 0.407454 0.0125956 0 0.970014 8825.74 8485.92 339.823 0 -31.1986 -31.6326 4 23429.9 423.96 5776 7.05426e-05
23200 0.443801 0.430549 0.0132518 0 0.97014 8870.17 8528.98 341.197 0 -31.2029 -32.0528 4 23529.9 424.864 5801 7.42198e-05
23300 0.428475 0.413831 0.014644 0 0.965823 8912.87 8570.36 342.506 0 -31.2057 -31.7908 4 23629.9 425.766 5826 7.10318e-05
23400 0.423411 0.41139 0.0120209 0 0.971609 8955.37 8611.5 343.872 0 -31.2093 -31.9593 4 23729.9 426.666 5851 7.0311e-05
23500 0.421634 0.407919 0.013715 0 0.967472 8997.66 8652.29 345.374 0 -31.2137 -32.1466 4 23829.9 427.564 5876 6.94212e-05
23600 0.476827 0.459873 0.0169534 0 0.964445 9045.33 8698.28 347.048 0 -31.2162 -31.6899 4 23929.9 428.46 5901 7.79314e-05
23700 0.433652 0.41888 0.014772 0 0.965936 9088.82 8740.17 348.655 0 -31.2201 -32.0364 4 24029.9 429.354 5926 7.06851e-05
23800 0.445265 0.430563 0.0147021 0 0.966981 9133.35 8783.22 350.131 0 -31.2241 -32.0346 4 24129.9 430.247 5951 7.23514e-05
23900 0.449322 0.433748 0.0155732 0 0.965341 9178.24 8826.6 351.64 0 -31.2292 -32.2738 4 24229.9 431.137 5976 7.25817e-05
24000 0.436929 0.424282 0.0126464 0 0.971056 9222.09 8869.03 353.062 0 -31.2343 -32.2956 4 24329.9 432.026 6001 7.07019e-05
24100 0.433555 0.421518 0.0120369 0 0.972237 9265.66 8911.18 354.486 0 -31.2396 -32.36 4 24429.9 432.913 6026 6.99499e-05
24200 0.429958 0.418803 0.0111549 0 0.974056 9308.8 8953.06 355.739 0 -31.2449 -32.3765 4 24529.9 433.798 6051 6.92122e-05
24300 0.402369 0.389948 0.0124209 0 0.969131 9348.9 8992.05 356.851 0 -31.2509 -32.6527 4 24629.9 434.682 6076 6.41785e-05
24400 0.398155 0.388354 0.00980101 0 0.975384 9388.91 9030.89 358.02 0 -31.2586 -33.0511 4 24729.9 435.563 6101 6.36541e-05
24500 0.418547 0.408716 0.00983065 0 0.976512 9430.87 9071.76 359.113 0 -31.2631 -32.2783 4 24829.9 436.443 6126 6.67182e-05
24600 0.369611 0.361678 0.00793303 0 0.978537 9467.97 9107.93 360.04 0 -31.2692 -32.8056 4 24929.9 437.321 6151 5.87999e-05
24700 0.394026 0.383529 0.0104964 0 0.973361 9507.41 9146.28 361.133 0 -31.2751 -32.6909 4 25029.9 438.197 6176 6.21e-05
24800 0.43519 0.420923 0.0142676 0 0.967215 9550.79 9188.37 362.413 0 -31.2778 -31.8867 4 25129.9 439.072 6201 6.78798e-05
24900 0.457194 0.442668 0.0145256 0 0.968229 9596.5 9232.64 363.859 0 -31.2794 -31.5987 4 25229.9 439.944 6226 7.11e-05
25000 0.4364 0.420668 0.0157322 0 0.96395 9640.07 9274.71 365.362 0 -31.2814 -31.7376 4 25329.9 440.815 6251 6.72961e-05
25100 0.412688 0.398846 0.0138419 0 0.966459 9681.32 9314.59 366.725 0 -31.2854 -32.2089 4 25429.9 441.685 6276 6.3551e-05
25200 0.393869 0.383275 0.0105941 0 0.973102 9720.95 9352.92 368.035 0 -31.292 -32.8997 4 25529.9 442.552 6301 6.08276e-05
25300 0.420838 0.405459 0.0153788 0 0.963457 9762.87 9393.46 369.403 0 -31.2965 -32.342 4 25629.9 443.418 6326 6.40941e-05
25400 0.410038 0.396745 0.0132929 0 0.967581 9803.97 9433.14 370.831 0 -31.3009 -32.3404 4 25729.9 444.282 6351 6.24697e-05
25500 0.41625 0.403376 0.0128744 0 0.969071 9845.78 9473.48 372.302 0 -31.3041 -32.0755 4 25829.9 445.145 6376 6.32647e-05
25600 0.40242 0.389056 0.0133639 0 0.966791 9885.96 9512.38 373.58 0 -31.3068 -31.962 4 25929.9 446.006 6401 6.07805e-05
25700 0.451556 0.436864 0.0146924 0 0.967463 9931.26 9556.07 375.192 0 -31.3096 -31.9116 4 26029.9 446.865 6426 6.79838e-05
25800 0.475258 0.458388 0.0168699 0 0.964504 9978.82 9601.91 376.912 0 -31.3128 -31.9837 4 26129.9 447.722 6451 7.10569e-05
25900 0.443109 0.428288 0.0148201 0 0.966554 10023.3 9644.74 378.549 0 -31.3163 -32.0933 4 26229.9 448.578 6476 6.61347e-05
26000 0.445223 0.42748 0.017743 0 0.960148 10067.7 9687.48 380.246 0 -31.3191 -31.9582 4 26329.9 449.433 6501 6.5756e-05
26100 0.491042 0.472585 0.0184574 0 0.962412 10116.8 9734.74 382.087 0 -31.3211 -31.7242 4 26429.9 450.285 6526 7.24157e-05
26200 0.474679 0.457931 0.0167472 0 0.964719 10164.4 9780.54 383.832 0 -31.3229 -31.7138 4 26529.9 451.136 6551 6.99025e-05
26300 0.430912 0.417536 0.0133757 0 0.96896 10207.8 9822.29 385.494 0 -31.3265 -32.1806 4 26629.9 451.986 6576 6.3494e-05
26400 0.422028 0.408431 0.0135971 0 0.967782 10250 9863.13 386.903 0 -31.3323 -32.7194 4 26729.9 452.834 6601 6.18742e-05
26500 0.435003 0.421856 0.0131475 0 0.969776 10293.5 9905.32 388.205 0 -31.3366 -32.3471 4 26829.9 453.68 6626 6.36667e-05
26600 0.444466 0.431699 0.0127673 0 0.971275 10338.1 9948.49 389.609 0 -31.3409 -32.338 4 26929.9 454.524 6651 6.49074e-05
26700 0.44448 0.431224 0.0132563 0 0.970176 10382.7 9991.61 391.11 0 -31.3443 -32.1396 4 27029.9 455.368 6676 6.45931e-05
26800 0.407328 0.394841 0.0124863 0 0.969346 10423.4 10031.1 392.298 0 -31.348 -32.2817 4 27129.9 456.209 6701 5.89228e-05
26900 0.42831 0.414246 0.0140643 0 0.967163 10466.1 10072.5 393.594 0 -31.3496 -31.7457 4 27229.9 457.049 6726 6.15888e-05
27000 0.395345 0.385169 0.0101758 0 0.974261 10505.8 10111 394.761 0 -31.3539 -32.4995 4 27329.9 457.888 6751 5.70537e-05
27100 0.420954 0.410861 0.0100925 0 0.976025 10548.1 10152.1 395.933 0 -31.3583 -32.4337 4 27429.9 458.725 6776 6.06348e-05
27200 0.39371 0.385074 0.00863541 0 0.978067 10587.6 10190.6 396.95 0 -31.3643 -32.9804 4 27529.9 459.56 6801 5.66202e-05
27300 0.374836 0.366061 0.00877494 0 0.97659 10625.2 10227.2 397.942 0 -31.3702 -33.0353 4 27629.9 460.394 6826 5.36275e-05
27400 0.38525 0.376224 0.00902645 0 0.97657 10663.8 10264.9 398.938 0 -31.377 -33.2282 4 27729.9 461.226 6851 5.49151e-05
27500 0.365927 0.355469 0.0104581 0 0.97142 10700.2 10300.4 399.797 0 -31.3833 -33.2264 4 27829.9 462.057 6876 5.16971e-05
27600 0.409252 0.396137 0.0131144 0 0.967955 10740.9 10340 400.897 0 -31.3886 -32.7936 4 27929.9 462.887 6901 5.74029e-05
27700 0.427963 0.415395 0.0125688 0 0.970631 10783.7 10381.6 402.156 0 -31.3924 -32.3337 4 28029.9 463.715 6926 5.99761e-05
27800 0.425596 0.412947 0.012649 0 0.970279 10826.4 10422.9 403.53 0 -31.3968 -32.5305 4 28129.9 464.541 6951 5.94083e-05
27900 0.430621 0.417073 0.0135489 0 0.968536 10869.5 10464.6 404.966 0 -31.4008 -32.3946 4 28229.9 465.366 6976 5.97868e-05
28000 0.482065 0.462792 0.0192733 0 0.960019 10917.3 10510.8 406.5 0 -31.4024 -31.7778 4 28329.9 466.189 7001 6.61036e-05
28100 0.479476 0.464236 0.0152405 0 0.968214 10965.5 10557.3 408.204 0 -31.4036 -31.665 4 28429.9 467.012 7026 6.6074e-05
28200 0.452177 0.436355 0.0158215 0 0.96501 11010.6 10600.9 409.738 0 -31.4064 -32.0741 4 28529.9 467.832 7051 6.18856e-05
28300 0.432005 0.419426 0.0125788 0 0.970883 11054 10642.8 411.169 0 -31.4097 -32.2688 4 28629.9 468.651 7076 5.92744e-05
28400 0.446382 0.431626 0.0147567 0 0.966942 11098.6 10686 412.602 0 -31.4143 -32.5475 4 28729.9 469.469 7101 6.07838e-05
28500 0.468338 0.453553 0.0147848 0 0.968431 11145.5 10731.4 414.171 0 -31.4182 -32.3505 4 28829.9 470.285 7126 6.36477e-05
28600 0.4504 0.436073 0.014327 0 0.96819 11190.7 10775 415.709 0 -31.4221 -32.3699 4 28929.9 471.1 7151 6.09807e-05
28700 0.432761 0.418623 0.0141383 0 0.96733 11234 10816.8 417.129 0 -31.4268 -32.6572 4 29029.9 471.914 7176 5.83365e-05
28800 0.441632 0.427714 0.013918 0 0.968485 11278.2 10859.6 418.588 0 -31.4331 -33.0242 4 29129.9 472.726 7201 5.93965e-05
28900 0.446262 0.431799 0.0144623 0 0.967592 11322.8 10902.8 420.05 0 -31.4387 -32.843 4 29229.9 473.537 7226 5.97563e-05
29000 0.473833 0.457523 0.0163099 0 0.965579 11370.2 10948.5 421.716 0 -31.4418 -32.1868 4 29329.9 474.346 7251 6.3098e-05
29100 0.4388 0.424181 0.0146188 0 0.966685 11414.1 10990.9 423.182 0 -31.4463 -32.6161 4 29429.9 475.154 7276 5.82987e-05
29200 0.455755 0.439356 0.0163988 0 0.964018 11459.6 11034.9 424.699 0 -31.4492 -32.1874 4 29529.9 475.961 7301 6.01775e-05
29300 0.489725 0.471075 0.0186499 0 0.961918 11508.5 11082 426.468 0 -31.4529 -32.3037 4 29629.9 476.766 7326 6.43019e-05
29400 0.498757 0.481716 0.0170409 0 0.965833 11558.4 11130.2 428.252 0 -31.4546 -31.8618 4 29729.9 477.57 7351 6.55307e-05
29500 0.500574 0.482953 0.0176207 0 0.964799 11608.6 11178.5 430.137 0 -31.4566 -31.9123 4 29829.9 478.372 7376 6.54763e-05
29600 0.477075 0.457902 0.019173 0 0.959811 11656.2 11224.3 431.916 0 -31.4584 -31.8908 4 29929.9 479.173 7401 6.18703e-05
29700 0.442862 0.427915 0.0149473 0 0.966248 11700.5 11267 433.476 0 -31.4626 -32.5656 4 30029.9 479.973 7426 5.76238e-05
29800 0.482878 0.465508 0.0173696 0 0.964029 11748.9 11313.6 435.309 0 -31.4658 -32.2532 4 30129.9 480.772 7451 6.2476e-05
29900 0.483603 0.467264 0.0163386 0 0.966215 11797.5 11360.3 437.137 0 -31.4678 -31.9345 4 30229.9 481.569 7476 6.25019e-05
30000 0.459165 0.444611 0.0145543 0 0.968303 11843.5 11404.8 438.705 0 -31.4713 -32.3809 4 30329.9 482.365 7501 5.92735e-05
30100 0.501992 0.484737 0.0172557 0 0.965626 11893.6 11453.3 440.389 0 -31.4745 -32.2253 4 30429.9 483.159 7526 6.44083e-05
30200 0.457479 0.442609 0.0148704 0 0.967495 11939.5 11497.5 441.982 0 -31.4792 -32.6882 4 30529.9 483.952 7551 5.86159e-05
30300 0.443167 0.430093 0.0130737 0 0.970499 11983.9 11540.5 443.41 0 -31.4831 -32.55 4 30629.9 484.744 7576 5.67704e-05
30400 0.448388 0.434237 0.0141515 0 0.968439 12028.7 11583.9 444.761 0 -31.4874 -32.6356 4 30729.9 485.535 7601 5.71289e-05
30500 0.461581 0.447482 0.014099 0 0.969455 12074.9 11628.7 446.206 0 -31.492 -32.6716 4 30829.9 486.324 7626 5.86785e-05
30600 0.422026 0.410558 0.0114678 0 0.972827 12117.3 11669.8 447.566 0 -31.4976 -33.0934 4 30929.9 487.112 7651 5.36607e-05
30700 0.451641 0.435472 0.0161694 0 0.964199 12162.1 11713.3 448.845 0 -31.4993 -31.9661 4 31029.9 487.899 7676 5.67316e-05
30800 0.451053 0.437537 0.0135159 0 0.970035 12207.3 11757.1 450.225 0 -31.5015 -32.0918 4 31129.9 488.685 7701 5.68156e-05
30900 0.497932 0.480393 0.0175391 0 0.964776 12256.9 11805.1 451.81 0 -31.5037 -32.0512 4 31229.9 489.469 7726 6.21787e-05
31000 0.500015 0.484216 0.0157989 0 0.968403 12307 11853.5 453.51 0 -31.5062 -32.1145 4 31329.9 490.252 7751 6.24714e-05
31100 0.507141 0.488342 0.0187988 0 0.962932 12357.7 11902.3 455.31 0 -31.5057 -31.3784 4 31429.9 491.034 7776 6.28012e-05
31200 0.514882 0.495408 0.0194741 0 0.962177 12409 11951.9 457.093 0 -31.5073 -31.905 4 31529.9 491.814 7801 6.35057e-05
31300 0.486524 0.469631 0.0168934 0 0.965277 12457.6 11998.9 458.744 0 -31.5104 -32.2881 4 31629.9 492.594 7826 6.0009e-05
31400 0.490916 0.473033 0.0178835 0 0.963571 12506.5 12046.2 460.371 0 -31.513 -32.1823 4 31729.9 493.372 7851 6.02513e-05
31500 0.465301 0.450062 0.0152389 0 0.967249 12553.2 12091.2 462.038 0 -31.5169 -32.5657 4 31829.9 494.149 7876 5.71434e-05
31600 0.477029 0.460527 0.0165023 0 0.965406 12600.8 12137.2 463.63 0 -31.5188 -32.0271 4 31929.9 494.924 7901 5.82872e-05
31700 0.477186 0.460641 0.0165453 0 0.965327 12648.5 12183.3 465.247 0 -31.522 -32.3688 4 32029.9 495.699 7926 5.81177e-05
31800 0.470068 0.454591 0.0154774 0 0.967074 12695.6 12228.7 466.884 0 -31.5254 -32.4207 4 32129.9 496.472 7951 5.71741e-05
31900 0.448361 0.434148 0.0142124 0 0.968301 12740.6 12272.2 468.466 0 -31.5299 -32.8181 4 32229.9 497.244 7976 5.44319e-05
32000 0.449331 0.431311 0.0180205 0 0.959895 12785.2 12315.3 469.958 0 -31.5339 -32.6644 4 32329.9 498.015 8001 5.39071e-05
32100 0.473878 0.456479 0.0173988 0 0.963284 12832.6 12360.9 471.685 0 -31.539 -32.9221 4 32429.9 498.784 8026 5.6875e-05
32200 0.485901 0.468517 0.0173839 0 0.964223 12881.2 12407.8 473.453 0 -31.5419 -32.3121 4 32529.9 499.553 8051 5.81937e-05
32300 0.497839 0.48245 0.0153886 0 0.969089 12931.1 12456 475.115 0 -31.5463 -32.675 4 32629.9 500.32 8076 5.97388e-05
32400 0.498657 0.481422 0.0172355 0 0.965436 12980.9 12504.2 476.708 0 -31.5489 -32.2147 4 32729.9 501.086 8101 5.94275e-05
32500 0.489336 0.472313 0.0170228 0 0.965212 13029.7 12551.4 478.315 0 -31.5513 -32.1978 4 32829.9 501.851 8126 5.81236e-05
32600 0.523229 0.505463 0.0177661 0 0.966045 13082.2 12601.9 480.232 0 -31.5519 -31.7097 4 32929.9 502.615 8151 6.20124e-05
32700 0.490243 0.471559 0.0186839 0 0.961888 13131.1 12649.1 482.007 0 -31.5539 -32.0823 4 33029.9 503.377 8176 5.7676e-05
32800 0.497272 0.481424 0.0158471 0 0.968132 13181.1 12697.2 483.838 0 -31.5565 -32.2311 4 33129.9 504.139 8201 5.87031e-05
32900 0.520356 0.500662 0.0196944 0 0.962152 13233 12747.3 485.691 0 -31.5574 -31.7765 4 33229.9 504.899 8226 6.08633e-05
33000 0.51284 0.494093 0.0187472 0 0.963444 13284.4 12796.7 487.665 0 -31.5586 -31.8856 4 33329.9 505.658 8251 5.98828e-05
33100 0.454425 0.441602 0.0128231 0 0.971782 13330.2 12840.9 489.27 0 -31.5625 -32.6842 4 33429.9 506.416 8276 5.33593e-05
33200 0.474503 0.457577 0.0169259 0 0.964329 13377.3 12886.6 490.686 0 -31.5656 -32.4538 4 33529.9 507.173 8301 5.51232e-05
33300 0.457231 0.442915 0.0143159 0 0.96869 13423.2 12930.9 492.224 0 -31.5694 -32.6713 4 33629.9 507.929 8326 5.31966e-05
33400 0.449968 0.435909 0.0140589 0 0.968756 13468.2 12974.5 493.647 0 -31.5739 -32.911 4 33729.9 508.683 8351 5.21984e-05
33500 0.479646 0.462931 0.0167154 0 0.965151 13516.1 13020.8 495.318 0 -31.5758 -32.1099 4 33829.9 509.437 8376 5.52687e-05
33600 0.489605 0.472009 0.0175961 0 0.964061 13565 13068 496.986 0 -31.5772 -31.963 4 33929.9 510.189 8401 5.61849e-05
33700 0.463988 0.44829 0.0156982 0 0.966167 13611.5 13112.8 498.63 0 -31.5799 -32.3809 4 34029.9 510.94 8426 5.32032e-05
33800 0.436647 0.423175 0.0134716 0 0.969148 13655.3 13155.2 500.16 0 -31.5843 -32.9396 4 34129.9 511.691 8451 5.0074e-05
33900 0.427065 0.415205 0.0118603 0 0.972228 13698.3 13196.7 501.618 0 -31.5898 -33.3247 4 34229.9 512.44 8476 4.89859e-05
34000 0.522972 0.503663 0.0193082 0 0.96308 13750.4 13247 503.37 0 -31.5889 -31.3696 4 34329.9 513.188 8501 5.92475e-05
34100 0.494174 0.476099 0.0180758 0 0.963422 13800 13294.7 505.299 0 -31.5905 -32.0374 4 34429.9 513.935 8526 5.58408e-05
34200 0.461683 0.446567 0.0151161 0 0.967259 13846.4 13339.3 507.037 0 -31.5939 -32.6066 4 34529.9 514.68 8551 5.2224e-05
34300 0.454238 0.436889 0.0173489 0 0.961807 13891.6 13383 508.609 0 -31.5959 -32.1898 4 34629.9 515.425 8576 5.09432e-05
34400 0.46275 0.444237 0.0185127 0 0.959994 13937.8 13427.4 510.325 0 -31.5975 -32.098 4 34729.9 516.169 8601 5.16494e-05
34500 0.514741 0.496478 0.0182626 0 0.964521 13989.3 13477.1 512.272 0 -31.5993 -32.0862 4 34829.9 516.911 8626 5.7556e-05
34600 0.487675 0.472205 0.0154696 0 0.968279 14038.5 13524.3 514.164 0 -31.6014 -32.1774 4 34929.9 517.653 8651 5.45839e-05
34700 0.471818 0.453316 0.0185021 0 0.960785 14085.6 13569.6 515.932 0 -31.603 -32.0785 4 35029.9 518.393 8676 5.22494e-05
34800 0.480793 0.465056 0.0157367 0 0.967269 14133.9 13616.1 517.763 0 -31.6065 -32.6266 4 35129.9 519.133 8701 5.34486e-05
34900 0.460255 0.441723 0.0185319 0 0.959736 14179.7 13660.3 519.355 0 -31.6088 -32.3189 4 35229.9 519.871 8726 5.06214e-05
35000 0.461514 0.446839 0.0146755 0 0.968201 14225.9 13705 520.9 0 -31.6101 -32.0214 4 35329.9 520.608 8751 5.10615e-05
35100 0.452106 0.43821 0.0138965 0 0.969263 14271.2 13748.8 522.342 0 -31.6126 -32.4073 4 35429.9 521.345 8776 4.99327e-05
35200 0.413951 0.404262 0.00968976 0 0.976592 14312.7 13789.2 523.512 0 -31.6173 -33.2272 4 35529.9 522.08 8801 4.59336e-05
35300 0.468533 0.454867 0.0136656 0 0.970833 14359.6 13834.7 524.86 0 -31.6186 -31.9968 4 35629.9 522.814 8826 5.15372e-05
35400 0.455089 0.442571 0.0125181 0 0.972493 14405.2 13879 526.227 0 -31.6213 -32.4811 4 35729.9 523.547 8851 5.00024e-05
35500 0.456623 0.44217 0.0144534 0 0.968347 14450.9 13923.2 527.702 0 -31.6237 -32.3806 4 35829.9 524.279 8876 4.98163e-05
35600 0.44352 0.429275 0.0142456 0 0.967881 14495.2 13966.1 529.072 0 -31.6261 -32.4162 4 35929.9 525.01 8901 4.82277e-05
35700 0.464265 0.447042 0.0172234 0 0.962902 14541.4 14010.8 530.601 0 -31.6272 -31.9579 4 36029.9 525.741 8926 5.00831e-05
35800 0.445147 0.431083 0.0140641 0 0.968406 14586.2 14053.9 532.252 0 -31.629 -32.2121 4 36129.9 526.47 8951 4.81603e-05
35900 0.416272 0.402048 0.014224 0 0.96583 14627.8 14094.1 533.636 0 -31.6317 -32.5888 4 36229.9 527.198 8976 4.47915e-05
36000 0.399777 0.388085 0.0116918 0 0.970754 14667.8 14133 534.897 0 -31.6353 -32.9418 4 36329.9 527.925 9001 4.31158e-05
36100 0.413403 0.402289 0.0111137 0 0.973117 14709.3 14173.2 536.152 0 -31.6376 -32.4619 4 36429.9 528.651 9026 4.457e-05
36200 0.423663 0.408946 0.0147168 0 0.965263 14751.5 14214.1 537.381 0 -31.6391 -32.1445 4 36529.9 529.376 9051 4.51824e-05
36300 0.442448 0.429633 0.0128149 0 0.971036 14795.8 14257 538.792 0 -31.6407 -32.198 4 36629.9 530.1 9076 4.73373e-05
36400 0.433833 0.421564 0.0122687 0 0.97172 14839.3 14299.2 540.117 0 -31.643 -32.4034 4 36729.9 530.823 9101 4.63206e-05
36500 0.434274 0.4199 0.0143741 0 0.966901 14882.7 14341.2 541.558 0 -31.6448 -32.2869 4 36829.9 531.545 9126 4.60114e-05
36600 0.429738 0.414901 0.0148364 0 0.965476 14925.6 14382.7 542.88 0 -31.6467 -32.2778 4 36929.9 532.266 9151 4.53395e-05
36700 0.474892 0.459466 0.015426 0 0.967517 14973.1 14428.6 544.471 0 -31.6477 -31.9866 4 37029.9 532.987 9176 5.00726e-05
36800 0.454583 0.438538 0.0160445 0 0.964705 15018.5 14472.5 546.055 0 -31.6498 -32.3459 4 37129.9 533.706 9201 4.7662e-05
36900 0.462713 0.445896 0.0168166 0 0.963657 15064.7 14517.1 547.629 0 -31.6523 -32.4413 4 37229.9 534.424 9226 4.83304e-05
37000 0.45078 0.436427 0.0143531 0 0.968159 15109.9 14560.7 549.225 0 -31.6549 -32.5395 4 37329.9 535.141 9251 4.71762e-05
37100 0.42318 0.411123 0.0120573 0 0.971508 15152.4 14601.8 550.573 0 -31.6594 -33.2349 4 37429.9 535.857 9276 4.43211e-05
37200 0.418213 0.404918 0.0132955 0 0.968209 15194.1 14642.3 551.779 0 -31.6633 -33.1095 4 37529.9 536.573 9301 4.35348e-05
37300 0.431311 0.418067 0.0132443 0 0.969293 15237.2 14684.1 553.056 0 -31.6671 -33.0042 4 37629.9 537.287 9326 4.48281e-05
37400 0.439335 0.426745 0.0125903 0 0.971342 15281.2 14726.8 554.455 0 -31.6686 -32.1746 4 37729.9 538.001 9351 4.56363e-05
37500 0.413254 0.39927 0.013984 0 0.966161 15322.4 14766.7 555.717 0 -31.6716 -32.7833 4 37829.9 538.713 9376 4.25843e-05
37600 0.437348 0.420472 0.0168762 0 0.961413 15365.8 14808.8 557.083 0 -31.6732 -32.2305 4 37929.9 539.425 9401 4.47263e-05
37700 0.47467 0.457376 0.0172942 0 0.963566 15413.3 14854.5 558.76 0 -31.6738 -31.8703 4 38029.9 540.135 9426 4.85228e-05
37800 0.506554 0.487358 0.0191964 0 0.962104 15463.9 14903.2 560.636 0 -31.6746 -31.921 4 38129.9 540.845 9451 5.15668e-05
37900 0.460024 0.443964 0.0160598 0 0.965089 15509.9 14947.6 562.303 0 -31.676 -32.1657 4 38229.9 541.554 9476 4.68514e-05
38000 0.438192 0.424623 0.0135686 0 0.969035 15553.9 14990.1 563.785 0 -31.6786 -32.5945 4 38329.9 542.262 9501 4.46924e-05
38100 0.451666 0.435952 0.0157131 0 0.965211 15599 15033.7 565.321 0 -31.6808 -32.434 4 38429.9 542.968 9526 4.57645e-05
38200 0.420594 0.40931 0.0112845 0 0.97317 15641.3 15074.6 566.677 0 -31.6846 -33.0875 4 38529.9 543.674 9551 4.28552e-05
38300 0.391024 0.38086 0.0101633 0 0.974008 15680.5 15112.7 567.786 0 -31.6888 -33.3683 4 38629.9 544.379 9576 3.97724e-05
38400 0.416751 0.404959 0.0117921 0 0.971705 15722.1 15153.2 568.881 0 -31.6929 -33.2225 4 38729.9 545.084 9601 4.21789e-05
38500 0.419007 0.408353 0.0106531 0 0.974575 15764.1 15194 570.094 0 -31.6976 -33.4556 4 38829.9 545.787 9626 4.24219e-05
38600 0.401661 0.391368 0.0102937 0 0.974372 15804.4 15233.2 571.172 0 -31.7018 -33.3576 4 38929.9 546.489 9651 4.0552e-05
38700 0.420029 0.407054 0.0129749 0 0.96911 15846.3 15273.9 572.368 0 -31.7055 -33.0911 4 39029.9 547.191 9676 4.20685e-05
38800 0.441011 0.423791 0.01722 0 0.960953 15890 15316.3 573.688 0 -31.7085 -32.7946 4 39129.9 547.891 9701 4.36853e-05
38900 0.447619 0.436097 0.0115215 0 0.97426 15935 15359.9 575.078 0 -31.7133 -33.4059 4 39229.9 548.591 9726 4.48383e-05
39000 0.466399 0.451024 0.0153748 0 0.967035 15981.5 15405 576.537 0 -31.7162 -32.7177 4 39329.9 549.29 9751 4.62541e-05
39100 0.449222 0.433003 0.0162185 0 0.963896 16026.3 15448.3 578.059 0 -31.7183 -32.468 4 39429.9 549.987 9776 4.42925e-05
39200 0.44409 0.43011 0.0139799 0 0.96852 16071 15491.3 579.677 0 -31.7218 -32.9901 4 39529.9 550.684 9801 4.38843e-05
39300 0.418965 0.405299 0.0136666 0 0.96738 16112.9 15531.8 581.087 0 -31.7251 -32.9848 4 39629.9 551.381 9826 4.12476e-05
39400 0.392496 0.381015 0.0114804 0 0.97075 16152.3 15569.9 582.342 0 -31.7293 -33.4257 4 39729.9 552.076 9851 3.86778e-05
39500 0.394853 0.381162 0.0136913 0 0.965326 16191.6 15608 583.574 0 -31.7331 -33.3017 4 39829.9 552.77 9876 3.85948e-05
39600 0.430213 0.41832 0.0118933 0 0.972355 16234.7 15649.9 584.84 0 -31.737 -33.2223 4 39929.9 553.464 9901 4.22503e-05
39700 0.445051 0.430803 0.014248 0 0.967986 16279.1 15692.9 586.171 0 -31.7387 -32.335 4 40029.9 554.156 9926 4.34015e-05
39800 0.447144 0.433363 0.0137812 0 0.96918 16323.9 15736.3 587.594 0 -31.7412 -32.6519 4 40129.9 554.848 9951 4.35497e-05
39900 0.426396 0.413519 0.0128767 0 0.969801 16366.6 15777.6 588.948 0 -31.7444 -32.9563 4 40229.9 555.539 9976 4.14514e-05
40000 0.505269 0.488456 0.0168136 0 0.966723 16417 15826.5 590.501 0 -31.7435 -31.4523 4 40329.9 556.229 10001 4.88407e-05
40100 0.494374 0.478519 0.015855 0 0.967929 16466.5 15874.3 592.214 0 -31.7437 -31.8252 4 40429.9 556.918 10026 4.77278e-05
40200 0.478285 0.463034 0.0152507 0 0.968114 16514.5 15920.6 593.879 0 -31.7451 -32.2184 4 40529.9 557.606 10051 4.60684e-05
40300 0.473323 0.45775 0.0155733 0 0.967098 16562 15966.4 595.574 0 -31.7463 -32.1886 4 40629.9 558.294 10076 4.54297e-05
40400 0.454361 0.437192 0.0171695 0 0.962212 16607.2 16010.1 597.113 0 -31.7471 -32.0345 4 40729.9 558.98 10101 4.3282e-05
40500 0.465303 0.450038 0.0152654 0 0.967193 16654 16055.1 598.828 0 -31.7479 -32.0082 4 40829.9 559.666 10126 4.44438e-05
40600 0.459882 0.445072 0.01481 0 0.967796 16700.1 16099.6 600.474 0 -31.7498 -32.4563 4 40929.9 560.351 10151 4.38451e-05
40700 0.463619 0.44992 0.0136982 0 0.970454 16746.7 16144.6 602.018 0 -31.7513 -32.2974 4 41029.9 561.035 10176 4.42139e-05
40800 0.451257 0.437932 0.0133254 0 0.97047 16791.8 16188.4 603.357 0 -31.7539 -32.6886 4 41129.9 561.719 10201 4.29303e-05
40900 0.484139 0.468561 0.0155783 0 0.967823 16840.3 16235.3 604.994 0 -31.7553 -32.2431 4 41229.9 562.401 10226 4.58205e-05
41000 0.470514 0.454599 0.0159152 0 0.966175 16887.4 16280.7 606.635 0 -31.7558 -31.9503 4 41329.9 563.083 10251 4.43468e-05
41100 0.468267 0.449109 0.0191581 0 0.959087 16934 16325.7 608.344 0 -31.7564 -31.9767 4 41429.9 563.763 10276 4.37046e-05
41200 0.511676 0.49532 0.016356 0 0.968034 16985.4 16375.2 610.172 0 -31.757 -31.9589 4 41529.9 564.443 10301 4.80847e-05
41300 0.464461 0.449686 0.0147753 0 0.968188 17031.9 16420.2 611.797 0 -31.7585 -32.2875 4 41629.9 565.123 10326 4.35489e-05
41400 0.477956 0.462146 0.0158095 0 0.966923 17079.9 16466.4 613.49 0 -31.7596 -32.1626 4 41729.9 565.801 10351 4.46475e-05
41500 0.49948 0.48217 0.0173102 0 0.965343 17130 16514.6 615.428 0 -31.7604 -32.0173 4 41829.9 566.478 10376 4.64697e-05
41600 0.464137 0.447491 0.0166461 0 0.964135 17176.5 16559.3 617.204 0 -31.7619 -32.31 4 41929.9 567.155 10401 4.30238e-05
41700 0.428988 0.416985 0.0120029 0 0.97202 17219.7 16601 618.678 0 -31.764 -32.6263 4 42029.9 567.831 10426 3.99948e-05
41800 0.446737 0.433635 0.0131023 0 0.970671 17264.5 16644.4 620.103 0 -31.7662 -32.5905 4 42129.9 568.506 10451 4.14922e-05
41900 0.426515 0.414241 0.012274 0 0.971222 17307.3 16685.8 621.515 0 -31.7684 -32.6813 4 42229.9 569.18 10476 3.95419e-05
42000 0.426342 0.41503 0.0113126 0 0.973466 17350 16727.3 622.682 0 -31.7713 -32.9503 4 42329.9 569.854 10501 3.95229e-05
42100 0.431731 0.418821 0.0129103 0 0.970096 17393.1 16769.2 623.914 0 -31.7732 -32.5327 4 42429.9 570.527 10526 3.97892e-05
42200 0.433099 0.418977 0.0141214 0 0.967395 17436.4 16811.1 625.248 0 -31.7747 -32.3479 4 42529.9 571.199 10551 3.97097e-05
42300 0.464882 0.448587 0.0162951 0 0.964948 17482.9 16856 626.908 0 -31.7759 -32.2414 4 42629.9 571.87 10576 4.24155e-05
42400 0.458884 0.44307 0.0158149 0 0.965536 17528.8 16900.3 628.529 0 -31.7776 -32.4288 4 42729.9 572.54 10601 4.17951e-05
42500 0.442581 0.427887 0.0146938 0 0.9668 17573.2 16943.1 630.1 0 -31.7801 -32.7745 4 42829.9 573.21 10626 4.02679e-05
42600 0.445378 0.427106 0.0182722 0 0.958974 17617.5 16985.8 631.727 0 -31.7818 -32.4431 4 42929.9 573.878 10651 4.01001e-05
42700 0.441247 0.424931 0.0163163 0 0.963022 17661.7 17028.3 633.407 0 -31.7836 -32.4914 4 43029.9 574.546 10676 3.98025e-05
42800 0.45831 0.442447 0.0158634 0 0.965387 17707.7 17072.5 635.147 0 -31.7841 -31.9883 4 43129.9 575.214 10701 4.13463e-05
42900 0.441045 0.426794 0.0142516 0 0.967687 17751.9 17115.2 636.702 0 -31.7854 -32.3 4 43229.9 575.88 10726 3.97906e-05
43000 0.468084 0.452071 0.0160128 0 0.965791 17798.8 17160.4 638.422 0 -31.7864 -32.1815 4 43329.9 576.546 10751 4.20492e-05
43100 0.46375 0.447148 0.0166019 0 0.964201 17845.2 17205.1 640.114 0 -31.7883 -32.5205 4 43429.9 577.211 10776 4.14948e-05
43200 0.446468 0.432225 0.014243 0 0.968098 17890 17248.3 641.693 0 -31.7905 -32.6617 4 43529.9 577.875 10801 4.00172e-05
43300 0.516972 0.49883 0.0181419 0 0.964907 17941.8 17298.2 643.538 0 -31.7918 -32.2401 4 43629.9 578.538 10826 4.60771e-05
43400 0.485632 0.470259 0.0153731 0 0.968344 17990.7 17345.2 645.422 0 -31.794 -32.5933 4 43729.9 579.201 10851 4.33379e-05
43500 0.488449 0.47033 0.0181195 0 0.962904 18039.4 17392.3 647.172 0 -31.7943 -31.9086 4 43829.9 579.863 10876 4.32447e-05
43600 0.475557 0.460718 0.014839 0 0.968797 18087.2 17438.3 648.907 0 -31.7957 -32.31 4 43929.9 580.524 10901 4.22639e-05
43700 0.43702 0.424445 0.0125751 0 0.971225 18131.1 17480.8 650.345 0 -31.7985 -32.9532 4 44029.9 581.184 10926 3.88473e-05
43800 0.433986 0.42112 0.0128658 0 0.970354 18174.5 17522.9 651.594 0 -31.8012 -32.9343 4 44129.9 581.844 10951 3.8455e-05
43900 0.441796 0.427839 0.0139567 0 0.968409 18218.6 17565.7 652.883 0 -31.8031 -32.6063 4 44229.9 582.503 10976 3.89795e-05
44000 0.477348 0.463005 0.0143426 0 0.969954 18266.5 17612 654.483 0 -31.8046 -32.3437 4 44329.9 583.161 11001 4.20876e-05
44100 0.431944 0.417419 0.0145251 0 0.966373 18309.5 17653.7 655.818 0 -31.8063 -32.5507 4 44429.9 583.818 11026 3.78577e-05
44200 0.436984 0.423872 0.0131113 0 0.969996 18353.4 17696.1 657.263 0 -31.8089 -32.8749 4 44529.9 584.475 11051 3.8356e-05
44300 0.427998 0.415228 0.0127699 0 0.970164 18396.2 17737.6 658.599 0 -31.8112 -32.8212 4 44629.9 585.131 11076 3.7489e-05
44400 0.470756 0.454103 0.0166533 0 0.964624 18443.2 17783 660.12 0 -31.8119 -32.0755 4 44729.9 585.786 11101 4.09065e-05
44500 0.438546 0.425632 0.0129144 0 0.970552 18487.2 17825.6 661.6 0 -31.814 -32.6867 4 44829.9 586.44 11126 3.82556e-05
44600 0.405135 0.393753 0.0113816 0 0.971907 18527.7 17865 662.723 0 -31.8167 -33.0806 4 44929.9 587.094 11151 3.5311e-05
44700 0.410075 0.398128 0.0119468 0 0.970867 18568.7 17904.8 663.889 0 -31.8185 -32.6241 4 45029.9 587.747 11176 3.56235e-05
44800 0.420204 0.407404 0.0128001 0 0.969538 18610.6 17945.5 665.082 0 -31.8206 -32.7365 4 45129.9 588.399 11201 3.63721e-05
44900 0.416897 0.405792 0.0111048 0 0.973363 18652.4 17986.1 666.292 0 -31.8225 -32.6543 4 45229.9 589.051 11226 3.61475e-05
45000 0.424696 0.412619 0.0120765 0 0.971564 18694.8 18027.4 667.44 0 -31.8239 -32.4607 4 45329.9 589.702 11251 3.6674e-05
45100 0.439323 0.427247 0.0120768 0 0.97251 18738.8 18070.1 668.673 0 -31.8252 -32.3893 4 45429.9 590.352 11276 3.78899e-05
45200 0.453245 0.438566 0.0146784 0 0.967615 18784 18114 670.005 0 -31.8263 -32.2557 4 45529.9 591.001 11301 3.88077e-05
45300 0.447136 0.432897 0.014239 0 0.968155 18828.7 18157.3 671.469 0 -31.8276 -32.3654 4 45629.9 591.65 11326 3.82216e-05
45400 0.418452 0.405278 0.0131743 0 0.968516 18870.6 18197.8 672.834 0 -31.8291 -32.5104 4 45729.9 592.298 11351 3.57042e-05
45500 0.438527 0.425001 0.0135254 0 0.969157 18914.5 18240.3 674.217 0 -31.8292 -31.899 4 45829.9 592.945 11376 3.73595e-05
45600 0.414 0.401326 0.0126746 0 0.969385 18955.8 18280.4 675.439 0 -31.8312 -32.7208 4 45929.9 593.592 11401 3.52009e-05
45700 0.396108 0.383566 0.012542 0 0.968337 18995.4 18318.8 676.623 0 -31.8338 -33.0951 4 46029.9 594.237 11426 3.35695e-05
45800 0.426024 0.411495 0.0145284 0 0.965898 19037.9 18359.9 677.985 0 -31.8357 -32.7017 4 46129.9 594.883 11451 3.59353e-05
45900 0.417825 0.403017 0.0148087 0 0.964558 19079.6 18400.2 679.335 0 -31.8371 -32.4718 4 46229.9 595.527 11476 3.51182e-05
46000 0.442974 0.428025 0.0149489 0 0.966253 19123.8 18443 680.77 0 -31.8377 -32.0973 4 46329.9 596.171 11501 3.72163e-05
46100 0.428713 0.414 0.0147128 0 0.965682 19166.7 18484.4 682.232 0 -31.8394 -32.5745 4 46429.9 596.814 11526 3.59188e-05
46200 0.471674 0.458273 0.0134006 0 0.971589 19213.9 18530.2 683.608 0 -31.8394 -31.8394 4 46529.9 597.456 11551 3.96739e-05
46300 0.453593 0.439477 0.0141166 0 0.968878 19259.2 18574.2 685.006 0 -31.8403 -32.2418 4 46629.9 598.098 11576 3.79645e-05
46400 0.448316 0.435637 0.0126793 0 0.971718 19304.1 18617.8 686.361 0 -31.8419 -32.4926 4 46729.9 598.739 11601 3.75516e-05
46500 0.41944 0.40814 0.0113 0 0.973059 19346.2 18658.6 687.676 0 -31.844 -32.8148 4 46829.9 599.379 11626 3.51058e-05
46600 0.399126 0.389508 0.00961826 0 0.975902 19386.3 18697.5 688.774 0 -31.8465 -33.0728 4 46929.9 600.019 11651 3.34313e-05
46700 0.411982 0.399979 0.0120033 0 0.970865 19427.4 18737.5 689.864 0 -31.848 -32.5447 4 47029.9 600.658 11676 3.42565e-05
46800 0.420998 0.408536 0.0124613 0 0.970401 19469.5 18778.4 691.163 0 -31.8492 -32.4053 4 47129.9 601.296 11701 3.49146e-05
46900 0.400429 0.3885 0.0119285 0 0.970211 19509.5 18817.2 692.299 0 -31.851 -32.7083 4 47229.9 601.933 11726 3.31315e-05
47000 0.420501 0.407966 0.0125353 0 0.97019 19551.6 18858 693.553 0 -31.8518 -32.2327 4 47329.9 602.57 11751 3.47175e-05
47100 0.420366 0.409803 0.0105625 0 0.974873 19593.9 18899 694.914 0 -31.8522 -32.0712 4 47429.9 603.207 11776 3.47999e-05
47200 0.382642 0.371891 0.0107509 0 0.971904 19632.2 18936.2 695.975 0 -31.8537 -32.6155 4 47529.9 603.842 11801 3.15135e-05
47300 0.370946 0.361349 0.00959621 0 0.97413 19669.4 18972.3 697.064 0 -31.8564 -33.286 4 47629.9 604.477 11826 3.05555e-05
47400 0.392082 0.378952 0.0131298 0 0.966513 19708.4 19010.2 698.165 0 -31.858 -32.6556 4 47729.9 605.111 11851 3.19764e-05
47500 0.419958 0.406939 0.0130188 0 0.969 19750.5 19050.9 699.561 0 -31.8586 -32.1203 4 47829.9 605.745 11876 3.42657e-05
47600 0.468139 0.453281 0.0148581 0 0.968261 19797.4 19096.2 701.168 0 -31.8593 -32.1584 4 47929.9 606.378 11901 3.80876e-05
47700 0.470951 0.455692 0.0152596 0 0.967598 19844.6 19141.8 702.776 0 -31.8591 -31.7628 4 48029.9 607.01 11926 3.82099e-05
47800 0.466681 0.45014 0.0165413 0 0.964556 19891.3 19186.8 704.48 0 -31.8584 -31.5954 4 48129.9 607.642 11951 3.76654e-05
47900 0.491581 0.474056 0.0175255 0 0.964349 19940.5 19234.2 706.278 0 -31.8568 -31.1827 4 48229.9 608.272 11976 3.95838e-05
48000 0.454215 0.437907 0.0163083 0 0.964096 19986 19278 707.941 0 -31.8567 -31.8325 4 48329.9 608.903 12001 3.64892e-05
48100 0.434275 0.419482 0.0147927 0 0.965937 20029.5 19320 709.576 0 -31.8574 -32.1843 4 48429.9 609.532 12026 3.48813e-05
48200 0.470321 0.45512 0.015201 0 0.96768 20076.7 19365.5 711.203 0 -31.859 -32.5427 4 48529.9 610.161 12051 3.77661e-05
48300 0.449321 0.433278 0.0160435 0 0.964294 20121.6 19408.8 712.79 0 -31.861 -32.7291 4 48629.9 610.79 12076 3.58792e-05
48400 0.443438 0.426925 0.0165124 0 0.962763 20165.9 19451.5 714.35 0 -31.8615 -32.0952 4 48729.9 611.417 12101 3.52802e-05
48500 0.458229 0.442064 0.0161645 0 0.964724 20211.7 19495.7 715.978 0 -31.8621 -32.1409 4 48829.9 612.044 12126 3.64559e-05
48600 0.455875 0.439083 0.0167914 0 0.963167 20257.3 19539.6 717.636 0 -31.8631 -32.2735 4 48929.9 612.671 12151 3.61356e-05
48700 0.456242 0.440927 0.0153158 0 0.966431 20303 19583.7 719.313 0 -31.8646 -32.5484 4 49029.9 613.297 12176 3.62128e-05
48800 0.429607 0.416271 0.0133368 0 0.968956 20346.2 19625.3 720.876 0 -31.8658 -32.447 4 49129.9 613.922 12201 3.41177e-05
48900 0.427688 0.414946 0.0127421 0 0.970207 20389.1 19666.8 722.233 0 -31.8676 -32.7179 4 49229.9 614.546 12226 3.39396e-05
49000 0.444645 0.429391 0.0152541 0 0.965694 20433.5 19709.8 723.74 0 -31.869 -32.4821 4 49329.9 615.17 12251 3.50494e-05
49100 0.440163 0.426404 0.0137592 0 0.968741 20477.6 19752.4 725.237 0 -31.8708 -32.6965 4 49429.9 615.793 12276 3.47348e-05
49200 0.431457 0.417187 0.0142704 0 0.966925 20520.7 19794.1 726.609 0 -31.8723 -32.6283 4 49529.9 616.416 12301 3.39149e-05
49300 0.406119 0.39451 0.0116089 0 0.971415 20561.4 19833.6 727.836 0 -31.8742 -32.7918 4 49629.9 617.038 12326 3.20064e-05
49400 0.383478 0.374082 0.00939557 0 0.975499 20599.9 19871 728.932 0 -31.8769 -33.3353 4 49729.9 617.659 12351 3.02876e-05
49500 0.399657 0.387311 0.0123457 0 0.969109 20639.7 19909.7 729.961 0 -31.8794 -33.1892 4 49829.9 618.28 12376 3.12953e-05
49600 0.462044 0.445699 0.0163455 0 0.964624 20685.6 19954.3 731.261 0 -31.8798 -32.052 4 49929.9 618.9 12401 3.59406e-05
49700 0.505102 0.484538 0.0205633 0 0.959289 20735.7 20002.7 732.975 0 -31.8794 -31.7282 4 50029.9 619.519 12426 3.89939e-05
49800 0.494081 0.477069 0.0170122 0 0.965568 20785.3 20050.5 734.853 0 -31.8807 -32.3872 4 50129.9 620.138 12451 3.83157e-05
49900 0.456876 0.440224 0.0166525 0 0.963551 20831 20094.5 736.564 0 -31.8824 -32.6557 4 50229.9 620.756 12476 3.52857e-05
50000 0.483627 0.466488 0.0171386 0 0.964562 20879.5 20141.1 738.334 0 -31.8832 -32.2411 4 50329.9 621.374 12501 3.73161e-05
