100 0.0814944 0.0758004 0.005694 0 0.93013 7.94456 7.58004 0.364511 0 -26.871 -26.871 4 429.882 57.4268 26 0.0029154
200 0.152411 0.143229 0.00918196 0 0.939755 23.1445 21.903 1.24155 0 -26.7656 -26.7106 4 529.882 63.7572 51 0.00280841
300 0.168662 0.153839 0.0148225 0 0.912117 39.7246 37.2869 2.43772 0 -26.4137 -25.9224 4 629.882 69.5136 76 0.0020242
400 0.202049 0.188052 0.0139964 0 0.930728 59.9227 56.0921 3.83056 0 -26.5287 -26.755 4 729.882 74.8284 101 0.00186191
500 0.263328 0.246788 0.0165401 0 0.937188 86.1925 80.7709 5.42155 0 -26.8582 -27.6096 4 829.882 79.7899 126 0.00195863
600 0.240691 0.225088 0.0156038 0 0.935171 110.271 103.28 6.99148 0 -27.1993 -28.4203 4 929.882 84.4605 151 0.00149065
700 0.220682 0.207983 0.0126988 0 0.942456 132.431 124.078 8.35258 0 -27.3874 -28.3239 4 1029.88 88.8861 176 0.00118172
800 0.23635 0.222444 0.0139067 0 0.941161 155.968 146.322 9.64566 0 -27.5571 -28.5117 4 1129.88 93.1015 201 0.00110668
900 0.278112 0.261039 0.0170725 0 0.938613 183.717 172.426 11.2903 0 -27.6752 -28.3391 4 1229.88 97.1341 226 0.00115504
1000 0.320725 0.301528 0.0191972 0 0.940144 215.787 202.579 13.2082 0 -27.8465 -28.8275 4 1329.88 101.006 251 0.00120131
1100 0.336386 0.315418 0.0209688 0 0.937665 249.341 234.121 15.2197 0 -27.841 -27.8057 4 1429.88 104.735 276 0.00114282
1200 0.336648 0.31753 0.0191178 0 0.943211 283.001 265.874 17.1275 0 -27.9204 -28.5082 4 1529.88 108.335 301 0.00105492
1300 0.321575 0.301772 0.0198024 0 0.93842 315.001 296.051 18.9498 0 -28.0162 -28.8634 4 1629.88 111.82 326 0.000925682
1400 0.330246 0.310898 0.0193481 0 0.941413 348.051 327.141 20.9103 0 -28.0666 -28.5473 4 1729.88 115.199 351 0.000885749
1500 0.283269 0.268808 0.0144612 0 0.948949 376.653 354.022 22.6311 0 -28.1954 -29.763 4 1829.88 118.482 376 0.000714914
1600 0.31648 0.299768 0.0167114 0 0.947196 408.576 383.998 24.5777 0 -28.2688 -29.1348 4 1929.88 121.676 401 0.000747552
1700 0.260318 0.245635 0.0146831 0 0.943595 434.669 408.562 26.1072 0 -28.3485 -29.5962 4 2029.88 124.789 426 0.000576607
1800 0.274294 0.261804 0.01249 0 0.954465 462.254 434.742 27.5115 0 -28.4431 -29.9334 4 2129.88 127.826 451 0.000580497
1900 0.302187 0.288848 0.0133389 0 0.955859 492.586 463.627 28.9584 0 -28.508 -29.4967 4 2229.88 130.792 476 0.000606824
2000 0.300856 0.288635 0.0122213 0 0.959378 522.885 492.491 30.3944 0 -28.6078 -30.2314 4 2329.88 133.692 501 0.000576117
2100 0.270416 0.259584 0.0108321 0 0.959943 550.103 518.449 31.6542 0 -28.6946 -30.3615 4 2429.88 136.531 526 0.000493506
2200 0.283002 0.271416 0.0115859 0 0.959061 578.514 545.591 32.9235 0 -28.7693 -30.2158 4 2529.88 139.313 551 0.000492588
2300 0.295102 0.278869 0.0162336 0 0.94499 607.732 573.477 34.2543 0 -28.82 -29.8232 4 2629.88 142.039 576 0.000484147
2400 0.314259 0.300362 0.0138974 0 0.955777 639.319 603.514 35.8058 0 -28.8568 -29.5661 4 2729.88 144.714 601 0.00049977
2500 0.336788 0.319755 0.0170322 0 0.949427 672.936 635.489 37.4469 0 -28.8982 -29.6846 4 2829.88 147.341 626 0.000510791
2600 0.307106 0.294667 0.0124389 0 0.959496 703.82 664.956 38.8644 0 -28.9546 -30.1846 4 2929.88 149.922 651 0.000452637
2700 0.328358 0.312201 0.0161562 0 0.950797 736.51 696.176 40.3339 0 -28.9909 -29.7709 4 3029.88 152.459 676 0.000461836
2800 0.352011 0.335146 0.0168655 0 0.952088 771.734 729.691 42.0434 0 -29.0358 -29.9758 4 3129.88 154.954 701 0.000478097
2900 0.338897 0.324051 0.0148462 0 0.956193 805.783 762.096 43.6875 0 -29.0854 -30.2099 4 3229.88 157.41 726 0.000446351
3000 0.346825 0.330816 0.0160085 0 0.953843 840.482 795.177 45.3047 0 -29.1112 -29.7105 4 3329.88 159.829 751 0.000440501
3100 0.312011 0.298759 0.0132523 0 0.957526 871.912 825.053 46.859 0 -29.158 -30.4093 4 3429.88 162.211 776 0.000384999
3200 0.316977 0.30158 0.0153972 0 0.951425 903.484 855.211 48.2726 0 -29.1918 -30.1232 4 3529.88 164.558 801 0.000376505
3300 0.325957 0.310946 0.0150112 0 0.953947 936.013 886.306 49.707 0 -29.2424 -30.6495 4 3629.88 166.873 826 0.000376448
3400 0.358227 0.34357 0.0146575 0 0.959083 971.926 920.663 51.2637 0 -29.2763 -30.1585 4 3729.88 169.156 851 0.000403725
3500 0.332112 0.318699 0.0134131 0 0.959613 1005.24 952.533 52.7034 0 -29.3086 -30.2518 4 3829.88 171.409 876 0.000363811
3600 0.328419 0.314191 0.0142286 0 0.956676 1038.15 983.952 54.2008 0 -29.3226 -29.7498 4 3929.88 173.632 901 0.000348713
3700 0.341911 0.326112 0.0157988 0 0.953793 1072.28 1016.56 55.7172 0 -29.3494 -30.1658 4 4029.88 175.827 926 0.000352172
3800 0.312874 0.297059 0.0158144 0 0.949454 1103.46 1046.27 57.1961 0 -29.38 -30.4304 4 4129.88 177.995 951 0.000312365
3900 0.314707 0.301545 0.0131615 0 0.958179 1135.08 1076.42 58.6537 0 -29.4155 -30.6561 4 4229.88 180.138 976 0.00030896
4000 0.308851 0.295049 0.0138021 0 0.955312 1165.94 1105.93 60.0137 0 -29.443 -30.455 4 4329.88 182.254 1001 0.000294755
4100 0.309589 0.296492 0.0130971 0 0.957695 1196.96 1135.58 61.3809 0 -29.47 -30.4823 4 4429.88 184.347 1026 0.000288979
4200 0.322111 0.30743 0.0146809 0 0.954423 1229.08 1166.32 62.7579 0 -29.4955 -30.4478 4 4529.88 186.416 1051 0.000292512
4300 0.365546 0.350059 0.0154863 0 0.957635 1265.71 1201.33 64.3871 0 -29.5225 -30.4275 4 4629.88 188.463 1076 0.000325334
4400 0.306424 0.293428 0.0129964 0 0.957587 1296.36 1230.67 65.6867 0 -29.5504 -30.7021 4 4729.88 190.487 1101 0.00026651
4500 0.312476 0.299158 0.013318 0 0.957379 1327.69 1260.59 67.1071 0 -29.5744 -30.567 4 4829.88 192.49 1126 0.000265682
4600 0.31752 0.304453 0.0130671 0 0.958846 1359.54 1291.03 68.5059 0 -29.6049 -30.8799 4 4929.88 194.473 1151 0.000264512
4700 0.350057 0.332108 0.0179495 0 0.948724 1394.26 1324.24 70.0221 0 -29.6277 -30.5173 4 5029.88 196.435 1176 0.000282405
4800 0.342356 0.327951 0.0144043 0 0.957926 1428.57 1357.04 71.5306 0 -29.6571 -30.855 4 5129.88 198.378 1201 0.000273065
4900 0.385992 0.370124 0.0158685 0 0.958889 1467.33 1394.05 73.2833 0 -29.6879 -30.8213 4 5229.88 200.302 1226 0.000301895
5000 0.397455 0.379125 0.0183304 0 0.953881 1506.87 1431.96 74.9129 0 -29.7054 -30.3534 4 5329.88 202.208 1251 0.000303057
5100 0.416752 0.398055 0.0186969 0 0.955137 1548.6 1471.77 76.8319 0 -29.7395 -30.9713 4 5429.88 204.096 1276 0.000311955
5200 0.413821 0.396457 0.0173638 0 0.95804 1590.15 1511.41 78.7371 0 -29.7473 -30.0408 4 5529.88 205.967 1301 0.000304733
5300 0.365386 0.350099 0.0152876 0 0.95816 1626.76 1546.42 80.3358 0 -29.7647 -30.517 4 5629.88 207.821 1326 0.000264026
5400 0.340576 0.326729 0.0138469 0 0.959343 1660.9 1579.1 81.804 0 -29.7862 -30.8108 4 5729.88 209.659 1351 0.000241842
5500 0.348908 0.333343 0.0155655 0 0.955388 1695.7 1612.43 83.2723 0 -29.8139 -31.1371 4 5829.88 211.48 1376 0.000242255
5600 0.358451 0.344413 0.0140386 0 0.960835 1731.62 1646.87 84.7455 0 -29.8396 -31.0528 4 5929.88 213.286 1401 0.000245833
5700 0.376585 0.35989 0.0166945 0 0.955669 1769.09 1682.86 86.2347 0 -29.8464 -30.1591 4 6029.88 215.077 1426 0.000252378
5800 0.359786 0.346622 0.0131642 0 0.963411 1805.31 1717.52 87.7924 0 -29.8613 -30.5922 4 6129.88 216.853 1451 0.000238885
5900 0.377077 0.363164 0.0139124 0 0.963105 1843.2 1753.84 89.3645 0 -29.8705 -30.3082 4 6229.88 218.615 1476 0.000246046
6000 0.36284 0.349053 0.013787 0 0.962003 1879.59 1788.74 90.8454 0 -29.8876 -30.7525 4 6329.88 220.363 1501 0.000232547
6100 0.340785 0.328059 0.0127262 0 0.962656 1913.72 1821.55 92.1704 0 -29.9045 -30.8349 4 6429.88 222.096 1526 0.00021498
6200 0.361282 0.348233 0.0130492 0 0.963881 1950.02 1856.37 93.6511 0 -29.9173 -30.5915 4 6529.88 223.817 1551 0.000224521
6300 0.369214 0.355239 0.0139749 0 0.96215 1986.98 1891.9 95.0856 0 -29.923 -30.2226 4 6629.88 225.524 1576 0.000225405
6400 0.378916 0.363743 0.0151727 0 0.959958 2024.85 1928.27 96.5798 0 -29.9368 -30.6624 4 6729.88 227.219 1601 0.000227198
6500 0.358677 0.345213 0.0134636 0 0.962463 2060.66 1962.79 97.8653 0 -29.9581 -31.1664 4 6829.88 228.9 1626 0.000212308
6600 0.394908 0.381264 0.0136444 0 0.965449 2100.25 2000.92 99.3306 0 -29.9763 -30.9191 4 6929.88 230.57 1651 0.000230929
6700 0.381239 0.365802 0.0154369 0 0.959508 2138.2 2037.5 100.703 0 -29.9901 -30.7557 4 7029.88 232.228 1676 0.000218259
6800 0.38965 0.374919 0.0147311 0 0.962194 2177.28 2074.99 102.293 0 -30.0099 -31.0933 4 7129.88 233.874 1701 0.000220411
6900 0.394527 0.379317 0.0152095 0 0.961449 2216.85 2112.92 103.932 0 -30.0231 -30.7471 4 7229.88 235.508 1726 0.000219767
7000 0.388847 0.375293 0.0135539 0 0.965143 2255.98 2150.45 105.531 0 -30.0473 -31.4209 4 7329.88 237.131 1751 0.000214331
7100 0.358143 0.346447 0.0116963 0 0.967342 2291.99 2185.1 106.898 0 -30.0721 -31.6226 4 7429.88 238.743 1776 0.000195072
7200 0.38712 0.374556 0.0125636 0 0.967546 2330.83 2222.55 108.28 0 -30.089 -31.0908 4 7529.88 240.344 1801 0.000207971
7300 0.378011 0.36531 0.0127016 0 0.966399 2368.72 2259.08 109.64 0 -30.1125 -31.5534 4 7629.88 241.935 1826 0.00020006
7400 0.397674 0.38285 0.0148243 0 0.962723 2408.45 2297.37 111.087 0 -30.1353 -31.4957 4 7729.88 243.515 1851 0.000206834
7500 0.390367 0.376302 0.0140653 0 0.963969 2447.61 2335 112.614 0 -30.1531 -31.25 4 7829.88 245.086 1876 0.000200587
7600 0.366214 0.354715 0.011499 0 0.9686 2484.41 2370.47 113.942 0 -30.1725 -31.4613 4 7929.88 246.646 1901 0.000186594
7700 0.341202 0.329216 0.011986 0 0.964871 2518.51 2403.39 115.118 0 -30.1887 -31.3736 4 8029.88 248.196 1926 0.000170932
7800 0.357777 0.343924 0.0138528 0 0.961281 2554.13 2437.78 116.35 0 -30.2071 -31.5077 4 8129.88 249.737 1951 0.000176281
7900 0.377218 0.363293 0.0139246 0 0.963086 2591.87 2474.11 117.76 0 -30.23 -31.7767 4 8229.88 251.268 1976 0.000183853
8000 0.380017 0.366174 0.0138428 0 0.963573 2629.91 2510.73 119.184 0 -30.2523 -31.7718 4 8329.88 252.79 2001 0.000182996
8100 0.418542 0.403426 0.0151159 0 0.963884 2671.8 2551.07 120.728 0 -30.2656 -31.0992 4 8429.88 254.303 2026 0.000199125
8200 0.446574 0.425999 0.0205754 0 0.953926 2716.03 2593.67 122.356 0 -30.2748 -30.8346 4 8529.88 255.806 2051 0.000207703
8300 0.441865 0.424255 0.0176095 0 0.960147 2760.29 2636.1 124.192 0 -30.292 -31.3441 4 8629.88 257.302 2076 0.000204362
8400 0.388123 0.374012 0.0141114 0 0.963642 2799.25 2673.5 125.746 0 -30.3109 -31.6507 4 8729.88 258.788 2101 0.000178016
8500 0.433096 0.414707 0.0183892 0 0.95754 2842.44 2714.97 127.469 0 -30.3184 -30.8026 4 8829.88 260.266 2126 0.000195064
8600 0.422802 0.407591 0.0152106 0 0.964024 2884.95 2755.73 129.22 0 -30.3296 -31.0786 4 8929.88 261.736 2151 0.000189489
8700 0.381953 0.367812 0.014141 0 0.962977 2923.2 2792.51 130.686 0 -30.3452 -31.5246 4 9029.88 263.197 2176 0.000169031
8800 0.422979 0.406964 0.0160157 0 0.962136 2965.59 2833.21 132.387 0 -30.3588 -31.2951 4 9129.88 264.65 2201 0.000184899
8900 0.409736 0.392022 0.0177135 0 0.956769 3006.37 2872.41 133.957 0 -30.365 -30.8149 4 9229.88 266.096 2226 0.000176111
9000 0.449883 0.43366 0.0162224 0 0.963941 3051.47 2915.78 135.698 0 -30.366 -30.4322 4 9329.88 267.533 2251 0.000192652
9100 0.4062 0.391632 0.0145681 0 0.964136 3092.25 2954.94 137.316 0 -30.3726 -30.869 4 9429.88 268.963 2276 0.00017207
9200 0.460273 0.439923 0.0203501 0 0.955787 3138.03 2998.93 139.095 0 -30.37 -30.198 4 9529.88 270.386 2301 0.000191188
9300 0.512049 0.49161 0.0204395 0 0.960083 3189.37 3048.09 141.279 0 -30.3709 -30.4254 4 9629.88 271.801 2326 0.000211354
9400 0.501207 0.479382 0.0218257 0 0.956454 3239.5 3096.03 143.467 0 -30.3642 -29.9354 4 9729.88 273.208 2351 0.000203905
9500 0.465039 0.446347 0.0186924 0 0.959805 3286.17 3140.66 145.501 0 -30.3693 -30.725 4 9829.88 274.609 2376 0.000187856
9600 0.432615 0.415568 0.0170461 0 0.960598 3329.5 3182.22 147.282 0 -30.3772 -30.9709 4 9929.88 276.002 2401 0.000173081
9700 0.396848 0.383609 0.0132383 0 0.966641 3369.42 3220.58 148.835 0 -30.3894 -31.4122 4 10029.9 277.388 2426 0.000158124
9800 0.377343 0.365412 0.0119301 0 0.968384 3407.33 3257.12 150.203 0 -30.4048 -31.7731 4 10129.9 278.768 2451 0.000149087
9900 0.434481 0.419812 0.0146692 0 0.966238 3450.8 3299.1 151.698 0 -30.4156 -31.2607 4 10229.9 280.14 2476 0.000169553
10000 0.435525 0.418641 0.016884 0 0.961233 3494.21 3340.97 153.239 0 -30.4251 -31.1827 4 10329.9 281.506 2501 0.00016739
10100 0.427182 0.410315 0.0168671 0 0.960515 3536.79 3382 154.794 0 -30.4354 -31.2761 4 10429.9 282.865 2526 0.000162437
10200 0.406389 0.392361 0.0140286 0 0.96548 3577.56 3421.24 156.325 0 -30.4513 -31.833 4 10529.9 284.218 2551 0.000153807
10300 0.418101 0.40228 0.0158217 0 0.962158 3619.36 3461.46 157.898 0 -30.4664 -31.7553 4 10629.9 285.565 2576 0.000156164
10400 0.457599 0.441422 0.0161772 0 0.964648 3665.16 3505.61 159.558 0 -30.4745 -31.1174 4 10729.9 286.905 2601 0.000169712
10500 0.411385 0.398512 0.0128729 0 0.968708 3706.51 3545.46 161.053 0 -30.4878 -31.668 4 10829.9 288.238 2626 0.000151756
10600 0.402271 0.387443 0.0148277 0 0.96314 3746.71 3584.2 162.503 0 -30.5021 -31.8173 4 10929.9 289.566 2651 0.00014615
10700 0.398214 0.386399 0.0118149 0 0.97033 3786.7 3622.84 163.855 0 -30.523 -32.4826 4 11029.9 290.888 2676 0.000144394
10800 0.367761 0.358288 0.00947322 0 0.974241 3823.61 3658.67 164.936 0 -30.5425 -32.5445 4 11129.9 292.203 2701 0.00013265
10900 0.366388 0.355469 0.0109183 0 0.9702 3860.13 3694.22 165.914 0 -30.5609 -32.4921 4 11229.9 293.513 2726 0.0001304
11000 0.429116 0.415432 0.0136845 0 0.96811 3902.93 3735.76 167.166 0 -30.5817 -32.4551 4 11329.9 294.817 2751 0.000151011
11100 0.443551 0.429362 0.0141893 0 0.96801 3947.28 3778.7 168.581 0 -30.5926 -31.5475 4 11429.9 296.115 2776 0.000154669
11200 0.397108 0.386576 0.010532 0 0.973478 3987.24 3817.35 169.889 0 -30.6056 -31.8973 4 11529.9 297.408 2801 0.000138014
11300 0.403354 0.392727 0.010627 0 0.973654 4027.72 3856.63 171.09 0 -30.6164 -31.68 4 11629.9 298.695 2826 0.000138969
11400 0.373009 0.36101 0.0119988 0 0.967833 4064.94 3892.73 172.213 0 -30.6288 -31.9678 4 11729.9 299.976 2851 0.000126626
11500 0.405749 0.392007 0.0137417 0 0.966132 4105.53 3931.93 173.598 0 -30.6411 -31.8747 4 11829.9 301.252 2876 0.000136303
11600 0.386248 0.373878 0.0123702 0 0.967973 4144.23 3969.32 174.911 0 -30.6556 -32.194 4 11929.9 302.523 2901 0.000128879
11700 0.447549 0.428353 0.0191957 0 0.957109 4188.82 4012.15 176.671 0 -30.6638 -31.4251 4 12029.9 303.788 2926 0.000146395
11800 0.400317 0.386497 0.0138197 0 0.965478 4229.14 4050.8 178.339 0 -30.6787 -32.221 4 12129.9 305.048 2951 0.000130972
11900 0.388141 0.370577 0.0175643 0 0.954748 4267.65 4087.86 179.788 0 -30.69 -31.929 4 12229.9 306.303 2976 0.000124522
12000 0.366709 0.3545 0.0122085 0 0.966708 4304.49 4123.31 181.184 0 -30.7039 -32.3165 4 12329.9 307.553 3001 0.000118127
12100 0.383859 0.37108 0.012779 0 0.966709 4343 4160.42 182.581 0 -30.7159 -32.0644 4 12429.9 308.797 3026 0.000122631
12200 0.361596 0.350329 0.0112668 0 0.968842 4379.36 4195.45 183.906 0 -30.7286 -32.2471 4 12529.9 310.037 3051 0.000114824
12300 0.356557 0.344809 0.0117473 0 0.967053 4414.99 4229.93 185.057 0 -30.7398 -32.1114 4 12629.9 311.272 3076 0.000112097
12400 0.449921 0.432876 0.0170449 0 0.962116 4459.93 4273.22 186.715 0 -30.7468 -31.4321 4 12729.9 312.502 3101 0.000139592
12500 0.401545 0.388443 0.0131028 0 0.967369 4500.3 4312.06 188.241 0 -30.7569 -31.8757 4 12829.9 313.727 3126 0.000124262
12600 0.353851 0.342377 0.0114736 0 0.967575 4535.73 4346.3 189.426 0 -30.7688 -32.2795 4 12929.9 314.947 3151 0.000108657
12700 0.433515 0.418506 0.015009 0 0.965378 4579.2 4388.15 191.046 0 -30.7749 -31.4139 4 13029.9 316.162 3176 0.000131771
12800 0.392808 0.37934 0.0134683 0 0.965713 4618.55 4426.09 192.462 0 -30.7854 -32.0035 4 13129.9 317.373 3201 0.000118507
12900 0.36875 0.35815 0.0106001 0 0.971254 4655.58 4461.9 193.676 0 -30.7983 -32.4113 4 13229.9 318.58 3226 0.00011102
13000 0.350068 0.339912 0.0101563 0 0.970988 4690.64 4495.89 194.751 0 -30.8141 -32.9104 4 13329.9 319.781 3251 0.000104556
13100 0.362816 0.353012 0.00980438 0 0.972977 4727.01 4531.19 195.819 0 -30.8292 -32.773 4 13429.9 320.979 3276 0.000107757
13200 0.395106 0.383024 0.0120821 0 0.969421 4766.53 4569.5 197.038 0 -30.842 -32.3756 4 13529.9 322.171 3301 0.000116033
13300 0.398647 0.384757 0.0138896 0 0.965158 4806.34 4607.97 198.373 0 -30.8519 -32.0419 4 13629.9 323.36 3326 0.000115682
13400 0.412122 0.397897 0.0142251 0 0.965483 4847.52 4647.76 199.756 0 -30.8605 -31.8585 4 13729.9 324.544 3351 0.00011874
13500 0.481487 0.462781 0.0187052 0 0.961151 4895.53 4694.04 201.49 0 -30.8659 -31.4066 4 13829.9 325.724 3376 0.00013708
13600 0.496614 0.47863 0.0179846 0 0.963786 4945.3 4741.9 203.399 0 -30.8719 -31.4683 4 13929.9 326.899 3401 0.000140732
13700 0.47268 0.454697 0.0179836 0 0.961954 4992.63 4787.37 205.26 0 -30.8765 -31.3591 4 14029.9 328.07 3426 0.000132719
13800 0.518566 0.49956 0.0190064 0 0.963348 5044.58 4837.33 207.254 0 -30.8706 -30.298 4 14129.9 329.238 3451 0.000144758
13900 0.469629 0.452288 0.0173409 0 0.963075 5091.63 4882.56 209.071 0 -30.8709 -30.9103 4 14229.9 330.401 3476 0.000130117
14000 0.455375 0.439702 0.0156733 0 0.965582 5137.27 4926.53 210.743 0 -30.8723 -31.024 4 14329.9 331.559 3501 0.000125593
14100 0.431606 0.417183 0.0144231 0 0.966583 5180.53 4968.24 212.287 0 -30.877 -31.4352 4 14429.9 332.714 3526 0.000118316
14200 0.402752 0.390472 0.0122792 0 0.969512 5220.92 5007.29 213.63 0 -30.8841 -31.7918 4 14529.9 333.865 3551 0.000109961
14300 0.40731 0.393995 0.0133153 0 0.967309 5261.62 5046.69 214.926 0 -30.8879 -31.38 4 14629.9 335.012 3576 0.000110178
14400 0.416478 0.403622 0.0128568 0 0.96913 5303.26 5087.05 216.203 0 -30.8956 -31.8632 4 14729.9 336.155 3601 0.000112086
14500 0.441184 0.42482 0.0163638 0 0.962909 5347.2 5129.54 217.667 0 -30.8996 -31.3797 4 14829.9 337.294 3626 0.000117159
14600 0.445681 0.428589 0.0170922 0 0.961649 5391.65 5172.39 219.252 0 -30.9029 -31.3107 4 14929.9 338.43 3651 0.000117389
14700 0.422945 0.409415 0.01353 0 0.96801 5434.17 5213.34 220.835 0 -30.9079 -31.5301 4 15029.9 339.561 3676 0.000111375
14800 0.398989 0.386478 0.0125104 0 0.968645 5474.16 5251.98 222.176 0 -30.915 -31.8862 4 15129.9 340.689 3701 0.000104425
14900 0.396517 0.385805 0.0107119 0 0.972985 5513.93 5290.56 223.367 0 -30.9229 -32.0125 4 15229.9 341.813 3726 0.000103544
15000 0.37347 0.362562 0.0109083 0 0.970792 5551.25 5326.82 224.432 0 -30.9339 -32.5588 4 15329.9 342.933 3751 9.66574e-05
15100 0.388614 0.377588 0.0110259 0 0.971628 5590.13 5364.58 225.549 0 -30.9458 -32.6466 4 15429.9 344.05 3776 9.99969e-05
15200 0.403678 0.389511 0.0141668 0 0.964906 5630.31 5403.53 226.784 0 -30.957 -32.5102 4 15529.9 345.163 3801 0.000102476
15300 0.410612 0.397275 0.0133366 0 0.96752 5671.31 5443.26 228.054 0 -30.9656 -32.146 4 15629.9 346.272 3826 0.000103836
15400 0.40868 0.395375 0.013305 0 0.967444 5712.23 5482.8 229.435 0 -30.9736 -32.0796 4 15729.9 347.378 3851 0.000102668
15500 0.409756 0.396744 0.0130117 0 0.968245 5753.28 5522.47 230.813 0 -30.9803 -31.9108 4 15829.9 348.481 3876 0.000102359
15600 0.390545 0.379287 0.0112584 0 0.971173 5792.5 5560.4 232.1 0 -30.9861 -31.8479 4 15929.9 349.58 3901 9.72281e-05
15700 0.391436 0.378816 0.01262 0 0.96776 5831.57 5598.28 233.293 0 -30.9907 -31.6755 4 16029.9 350.675 3926 9.64891e-05
15800 0.436058 0.421096 0.0149618 0 0.965688 5875.05 5640.39 234.664 0 -30.9933 -31.3392 4 16129.9 351.767 3951 0.00010658
15900 0.425537 0.410612 0.0149246 0 0.964928 5917.64 5681.45 236.19 0 -30.9963 -31.4099 4 16229.9 352.856 3976 0.000103273
16000 0.430031 0.416655 0.0133757 0 0.968896 5960.83 5723.12 237.718 0 -30.9982 -31.2572 4 16329.9 353.942 4001 0.000104138
16100 0.421966 0.409846 0.0121193 0 0.971279 6003.13 5764.1 239.027 0 -31.0031 -31.6978 4 16429.9 355.024 4026 0.0001018
16200 0.381348 0.370179 0.0111686 0 0.970713 6041.27 5801.12 240.151 0 -31.0114 -32.3195 4 16529.9 356.102 4051 9.13798e-05
16300 0.398597 0.38678 0.0118171 0 0.970353 6081.16 5839.8 241.359 0 -31.0201 -32.3279 4 16629.9 357.178 4076 9.4892e-05
16400 0.410103 0.397228 0.0128749 0 0.968606 6122.13 5879.52 242.605 0 -31.0256 -31.8499 4 16729.9 358.25 4101 9.68614e-05
16500 0.3907 0.379732 0.0109684 0 0.971926 6161.34 5917.49 243.85 0 -31.0339 -32.3315 4 16829.9 359.319 4126 9.20339e-05
16600 0.391063 0.379908 0.011155 0 0.971475 6200.53 5955.48 245.044 0 -31.0414 -32.2069 4 16929.9 360.385 4151 9.15221e-05
16700 0.366459 0.353988 0.0124713 0 0.965968 6236.99 5990.88 246.11 0 -31.0491 -32.3728 4 17029.9 361.448 4176 8.47672e-05
16800 0.412708 0.398675 0.0140331 0 0.965998 6278.32 6030.75 247.574 0 -31.055 -31.9412 4 17129.9 362.508 4201 9.49001e-05
16900 0.383954 0.370447 0.0135064 0 0.964823 6316.76 6067.8 248.962 0 -31.0642 -32.563 4 17229.9 363.564 4226 8.76591e-05
17000 0.363079 0.352875 0.0102038 0 0.971896 6353.2 6103.08 250.119 0 -31.0746 -32.8699 4 17329.9 364.618 4251 8.301e-05
17100 0.395366 0.384296 0.0110699 0 0.972001 6392.81 6141.51 251.297 0 -31.0813 -32.1649 4 17429.9 365.668 4276 8.98729e-05
17200 0.403065 0.390118 0.0129463 0 0.96788 6433.06 6180.52 252.534 0 -31.0902 -32.4962 4 17529.9 366.716 4301 9.07041e-05
17300 0.435018 0.420324 0.0146937 0 0.966223 6476.57 6222.56 254.014 0 -31.0975 -32.1755 4 17629.9 367.76 4326 9.71622e-05
17400 0.439441 0.423943 0.0154986 0 0.964731 6520.51 6264.95 255.555 0 -31.1026 -31.8593 4 17729.9 368.802 4351 9.74356e-05
17500 0.414313 0.400507 0.0138066 0 0.966676 6562.09 6305 257.092 0 -31.1081 -31.9689 4 17829.9 369.84 4376 9.15235e-05
17600 0.41974 0.404557 0.0151832 0 0.963827 6604.06 6345.46 258.599 0 -31.1135 -31.9669 4 17929.9 370.876 4401 9.19239e-05
17700 0.432378 0.418436 0.0139425 0 0.967754 6647.49 6387.3 260.192 0 -31.1199 -32.0813 4 18029.9 371.909 4426 9.45404e-05
17800 0.402741 0.39166 0.0110808 0 0.972487 6688.04 6426.47 261.575 0 -31.1309 -32.9355 4 18129.9 372.939 4451 8.79937e-05
17900 0.428787 0.414269 0.0145184 0 0.966141 6730.78 6467.89 262.883 0 -31.1372 -32.1265 4 18229.9 373.966 4476 9.25534e-05
18000 0.415453 0.402075 0.0133779 0 0.967799 6772.42 6508.1 264.322 0 -31.1446 -32.3419 4 18329.9 374.99 4501 8.93302e-05
18100 0.446762 0.43181 0.014952 0 0.966533 6817.12 6551.28 265.841 0 -31.1489 -31.7999 4 18429.9 376.012 4526 9.54066e-05
18200 0.431623 0.415454 0.0161692 0 0.962539 6860.28 6592.83 267.448 0 -31.1553 -32.1613 4 18529.9 377.03 4551 9.12885e-05
18300 0.403034 0.389561 0.013473 0 0.966571 6900.69 6631.78 268.907 0 -31.1636 -32.5731 4 18629.9 378.046 4576 8.51312e-05
18400 0.453044 0.435405 0.0176383 0 0.961067 6945.9 6675.32 270.575 0 -31.1669 -31.6725 4 18729.9 379.06 4601 9.46327e-05
18500 0.423074 0.406466 0.0166077 0 0.960745 6988.12 6715.97 272.149 0 -31.1733 -32.2374 4 18829.9 380.07 4626 8.78655e-05
18600 0.436885 0.42126 0.0156246 0 0.964236 7031.96 6758.1 273.867 0 -31.1776 -31.8511 4 18929.9 381.078 4651 9.05741e-05
18700 0.450236 0.43205 0.018186 0 0.959608 7076.97 6801.3 275.67 0 -31.1811 -31.7278 4 19029.9 382.083 4676 9.23974e-05
18800 0.410424 0.396285 0.0141392 0 0.96555 7118.2 6840.93 277.273 0 -31.1873 -32.2545 4 19129.9 383.086 4701 8.4298e-05
18900 0.395751 0.382501 0.0132496 0 0.96652 7157.87 6879.18 278.691 0 -31.1947 -32.5297 4 19229.9 384.086 4726 8.09355e-05
19000 0.390484 0.378088 0.0123966 0 0.968253 7197.05 6916.99 280.059 0 -31.2015 -32.4477 4 19329.9 385.083 4751 7.95807e-05
19100 0.415451 0.401803 0.0136475 0 0.96715 7238.57 6957.17 281.401 0 -31.2053 -31.8573 4 19429.9 386.078 4776 8.41296e-05
19200 0.419739 0.407119 0.0126198 0 0.969934 7280.63 6997.88 282.745 0 -31.2083 -31.7205 4 19529.9 387.07 4801 8.47988e-05
19300 0.411273 0.398276 0.0129971 0 0.968398 7321.87 7037.71 284.159 0 -31.2134 -32.117 4 19629.9 388.06 4826 8.25271e-05
19400 0.405349 0.391273 0.014076 0 0.965274 7362.31 7076.84 285.473 0 -31.2191 -32.2433 4 19729.9 389.047 4851 8.06581e-05
19500 0.419708 0.407403 0.0123045 0 0.970683 7404.35 7117.58 286.774 0 -31.2256 -32.3657 4 19829.9 390.032 4876 8.35527e-05
19600 0.405721 0.394515 0.0112067 0 0.972378 7445.04 7157.03 288.007 0 -31.2327 -32.5387 4 19929.9 391.014 4901 8.04968e-05
19700 0.376313 0.367046 0.00926693 0 0.975374 7482.84 7193.73 289.109 0 -31.2412 -32.9022 4 20029.9 391.994 4926 7.45119e-05
19800 0.360591 0.350614 0.00997653 0 0.972333 7518.88 7228.79 290.09 0 -31.2486 -32.7988 4 20129.9 392.971 4951 7.08169e-05
19900 0.354972 0.34555 0.00942206 0 0.973457 7554.42 7263.35 291.071 0 -31.2563 -32.8661 4 20229.9 393.946 4976 6.94433e-05
20000 0.403026 0.392041 0.0109843 0 0.972745 7594.75 7302.55 292.194 0 -31.2578 -31.5463 4 20329.9 394.919 5001 7.83926e-05
20100 0.442441 0.42737 0.0150714 0 0.965936 7638.8 7345.29 293.51 0 -31.2577 -31.2486 4 20429.9 395.889 5026 8.50318e-05
20200 0.472655 0.457925 0.0147301 0 0.968835 7686.04 7391.08 294.953 0 -31.2567 -31.0886 4 20529.9 396.856 5051 9.06602e-05
20300 0.440693 0.428882 0.0118112 0 0.973199 7730.29 7433.97 296.317 0 -31.2598 -31.8057 4 20629.9 397.822 5076 8.44921e-05
20400 0.419664 0.405573 0.0140918 0 0.966421 7772.08 7474.53 297.557 0 -31.2633 -31.9097 4 20729.9 398.785 5101 7.95085e-05
20500 0.434996 0.422357 0.0126387 0 0.970945 7815.78 7516.76 299.02 0 -31.2675 -31.9992 4 20829.9 399.745 5126 8.23951e-05
20600 0.436545 0.422848 0.0136973 0 0.968623 7859.55 7559.05 300.505 0 -31.271 -31.9048 4 20929.9 400.704 5151 8.20905e-05
20700 0.405576 0.394722 0.0108539 0 0.973238 7900.34 7598.52 301.815 0 -31.2772 -32.462 4 21029.9 401.66 5176 7.626e-05
20800 0.422268 0.409675 0.0125931 0 0.970178 7942.56 7639.49 303.071 0 -31.2804 -31.8972 4 21129.9 402.614 5201 7.87684e-05
20900 0.4174 0.405728 0.0116719 0 0.972037 7984.36 7680.06 304.299 0 -31.2842 -31.9998 4 21229.9 403.565 5226 7.76364e-05
21000 0.402023 0.391737 0.0102858 0 0.974415 8024.69 7719.23 305.457 0 -31.2897 -32.3798 4 21329.9 404.515 5251 7.46024e-05
21100 0.43916 0.426107 0.0130527 0 0.970278 8068.52 7761.85 306.673 0 -31.2926 -31.824 4 21429.9 405.462 5276 8.07634e-05
21200 0.45862 0.443539 0.0150815 0 0.967115 8114.42 7806.2 308.225 0 -31.2945 -31.6205 4 21529.9 406.407 5301 8.36708e-05
21300 0.454811 0.437421 0.0173902 0 0.961764 8159.72 7849.94 309.778 0 -31.2955 -31.471 4 21629.9 407.349 5326 8.21293e-05
21400 0.522576 0.504216 0.0183608 0 0.964865 8211.92 7900.36 311.562 0 -31.2921 -30.7722 4 21729.9 408.29 5351 9.42283e-05
21500 0.506768 0.488618 0.0181493 0 0.964186 8262.68 7949.22 313.452 0 -31.2887 -30.7413 4 21829.9 409.228 5376 9.08889e-05
21600 0.478828 0.461496 0.0173318 0 0.963804 8310.65 7995.37 315.28 0 -31.2886 -31.267 4 21929.9 410.165 5401 8.54465e-05
21700 0.438685 0.424239 0.0144456 0 0.967071 8354.7 8037.8 316.904 0 -31.2905 -31.6421 4 22029.9 411.099 5426 7.81864e-05
21800 0.443351 0.429472 0.0138796 0 0.968694 8399.1 8080.75 318.359 0 -31.2949 -32.1264 4 22129.9 412.031 5451 7.87877e-05
21900 0.446766 0.430405 0.0163608 0 0.96338 8443.73 8123.79 319.944 0 -31.2976 -31.8001 4 22229.9 412.961 5476 7.85984e-05
22000 0.449481 0.433357 0.0161237 0 0.964128 8488.68 8167.12 321.556 0 -31.2992 -31.5999 4 22329.9 413.888 5501 7.87778e-05
22100 0.458939 0.442886 0.0160536 0 0.96502 8534.69 8211.41 323.282 0 -31.3019 -31.8103 4 22429.9 414.814 5526 8.01458e-05
22200 0.497148 0.481294 0.0158545 0 0.968109 8584.66 8259.54 325.122 0 -31.3054 -31.905 4 22529.9 415.738 5551 8.6704e-05
22300 0.454552 0.438859 0.0156931 0 0.965476 8630.13 8303.43 326.708 0 -31.309 -31.9803 4 22629.9 416.659 5576 7.87051e-05
22400 0.425573 0.410752 0.0148211 0 0.965174 8672.58 8344.5 328.075 0 -31.3143 -32.3924 4 22729.9 417.579 5601 7.33355e-05
22500 0.512574 0.496639 0.0159349 0 0.968912 8724.02 8394.16 329.855 0 -31.3176 -31.8743 4 22829.9 418.497 5626 8.82756e-05
22600 0.494577 0.475262 0.0193156 0 0.960945 8773.32 8441.69 331.625 0 -31.3193 -31.6115 4 22929.9 419.412 5651 8.41022e-05
22700 0.530845 0.512989 0.0178553 0 0.966364 8826.5 8492.99 333.51 0 -31.3201 -31.4645 4 23029.9 420.326 5676 9.03787e-05
22800 0.486935 0.471099 0.0158362 0 0.967478 8875.35 8540.1 335.248 0 -31.324 -32.016 4 23129.9 421.237 5701 8.26344e-05
22900 0.43019 0.41771 0.0124797 0 0.97099 8918.54 8581.87 336.665 0 -31.3303 -32.6425 4 23229.9 422.147 5726 7.29497e-05
23000 0.453925 0.440955 0.0129702 0 0.971427 8964.13 8625.97 338.168 0 -31.3347 -32.1837 4 23329.9 423.055 5751 7.66744e-05
23100 0.475368 0.458992 0.016376 0 0.965551 9011.63 8671.87 339.761 0 -31.3399 -32.3327 4 23429.9 423.96 5776 7.94654e-05
23200 0.45198 0.437367 0.014613 0 0.967669 9056.93 8715.6 341.325 0 -31.3449 -32.3283 4 23529.9 424.864 5801 7.53951e-05
23300 0.461227 0.444135 0.0170922 0 0.962942 9102.84 8760.02 342.822 0 -31.3489 -32.138 4 23629.9 425.766 5826 7.62332e-05
23400 0.521803 0.506421 0.015382 0 0.970521 9155.43 8810.66 344.771 0 -31.3544 -32.3044 4 23729.9 426.666 5851 8.65529e-05
23500 0.510739 0.488946 0.0217935 0 0.95733 9206.22 8859.55 346.667 0 -31.3576 -31.9317 4 23829.9 427.564 5876 8.32107e-05
23600 0.47564 0.457811 0.0178289 0 0.962516 9253.72 8905.33 348.385 0 -31.3613 -32.0856 4 23929.9 428.46 5901 7.75819e-05
23700 0.481736 0.464235 0.0175013 0 0.96367 9301.94 8951.76 350.183 0 -31.364 -31.8777 4 24029.9 429.354 5926 7.83387e-05
23800 0.448215 0.434206 0.0140092 0 0.968745 9346.88 8995.18 351.699 0 -31.3693 -32.4629 4 24129.9 430.247 5951 7.29635e-05
23900 0.427637 0.413058 0.0145785 0 0.965909 9389.43 9036.48 352.943 0 -31.3748 -32.5925 4 24229.9 431.137 5976 6.91195e-05
24000 0.468669 0.453883 0.014786 0 0.968451 9436.28 9081.87 354.408 0 -31.3793 -32.2807 4 24329.9 432.026 6001 7.56345e-05
24100 0.511241 0.493225 0.018016 0 0.96476 9487.28 9131.19 356.086 0 -31.3831 -32.0915 4 24429.9 432.913 6026 8.18495e-05
24200 0.476551 0.464462 0.0120893 0 0.974632 9535.32 9177.64 357.682 0 -31.3903 -32.8097 4 24529.9 433.798 6051 7.67579e-05
24300 0.478225 0.463906 0.0143192 0 0.970058 9583.07 9224.03 359.038 0 -31.3947 -32.2689 4 24629.9 434.682 6076 7.63505e-05
24400 0.479575 0.465144 0.0144313 0 0.969908 9631.08 9270.55 360.536 0 -31.4001 -32.4725 4 24729.9 435.563 6101 7.62406e-05
24500 0.486799 0.471742 0.0150572 0 0.969069 9679.89 9317.72 362.173 0 -31.4064 -32.6538 4 24829.9 436.443 6126 7.70065e-05
24600 0.454954 0.441291 0.0136631 0 0.969968 9725.59 9361.85 363.739 0 -31.4107 -32.3223 4 24929.9 437.321 6151 7.17429e-05
24700 0.434946 0.42178 0.0131656 0 0.969731 9769.17 9404.03 365.146 0 -31.4169 -32.802 4 25029.9 438.197 6176 6.82934e-05
24800 0.456499 0.44082 0.0156794 0 0.965653 9814.62 9448.11 366.514 0 -31.4205 -32.2037 4 25129.9 439.072 6201 7.10885e-05
24900 0.45454 0.441364 0.0131762 0 0.971012 9860.2 9492.24 367.956 0 -31.4239 -32.151 4 25229.9 439.944 6226 7.08905e-05
25000 0.457869 0.43809 0.0197784 0 0.956803 9905.43 9536.05 369.377 0 -31.426 -31.8822 4 25329.9 440.815 6251 7.00832e-05
25100 0.507182 0.490098 0.0170846 0 0.966315 9956.26 9585.06 371.192 0 -31.4276 -31.7382 4 25429.9 441.685 6276 7.80908e-05
25200 0.480184 0.464983 0.0152009 0 0.968344 10004.5 9631.56 372.92 0 -31.4312 -32.1648 4 25529.9 442.552 6301 7.37951e-05
25300 0.420393 0.408203 0.0121901 0 0.971003 10046.7 9672.38 374.279 0 -31.4367 -32.7598 4 25629.9 443.418 6326 6.45278e-05
25400 0.459242 0.443508 0.0157335 0 0.96574 10092.4 9716.73 375.682 0 -31.4406 -32.2883 4 25729.9 444.282 6351 6.98328e-05
25500 0.515187 0.497864 0.0173232 0 0.966375 10144 9766.52 377.504 0 -31.4397 -31.2655 4 25829.9 445.145 6376 7.80841e-05
25600 0.459918 0.447096 0.0128215 0 0.972122 10190.4 9811.23 379.151 0 -31.4422 -31.9792 4 25929.9 446.006 6401 6.98479e-05
25700 0.428935 0.41674 0.0121944 0 0.97157 10233.4 9852.9 380.489 0 -31.4461 -32.3771 4 26029.9 446.865 6426 6.48522e-05
25800 0.420238 0.405448 0.0147895 0 0.964807 10275.1 9893.45 381.687 0 -31.45 -32.4066 4 26129.9 447.722 6451 6.28504e-05
25900 0.507111 0.490909 0.0162027 0 0.968049 10325.9 9942.54 383.319 0 -31.4513 -31.7078 4 26229.9 448.578 6476 7.58043e-05
26000 0.444586 0.42981 0.0147757 0 0.966765 10370.4 9985.52 384.892 0 -31.4544 -32.1845 4 26329.9 449.433 6501 6.61144e-05
26100 0.447961 0.431037 0.016924 0 0.96222 10415.1 10028.6 386.471 0 -31.4571 -32.0814 4 26429.9 450.285 6526 6.60492e-05
26200 0.463867 0.446856 0.0170114 0 0.963327 10461.4 10073.3 388.098 0 -31.4604 -32.1945 4 26529.9 451.136 6551 6.82118e-05
26300 0.47256 0.454859 0.0177011 0 0.962542 10508.7 10118.8 389.871 0 -31.4631 -32.0656 4 26629.9 451.986 6576 6.91696e-05
26400 0.458105 0.440144 0.0179609 0 0.960793 10554.4 10162.8 391.625 0 -31.4675 -32.4866 4 26729.9 452.834 6601 6.66784e-05
26500 0.441516 0.423845 0.0176716 0 0.959975 10598.5 10205.2 393.353 0 -31.4718 -32.5063 4 26829.9 453.68 6626 6.39669e-05
26600 0.469578 0.45273 0.0168475 0 0.964122 10645.6 10250.5 395.15 0 -31.4743 -32.0189 4 26929.9 454.524 6651 6.80695e-05
26700 0.474656 0.459358 0.0152972 0 0.967772 10693.3 10296.4 396.864 0 -31.4757 -31.796 4 27029.9 455.368 6676 6.88074e-05
26800 0.490536 0.471562 0.0189749 0 0.961318 10742.3 10343.6 398.774 0 -31.4748 -31.276 4 27129.9 456.209 6701 7.03718e-05
26900 0.488265 0.471675 0.0165903 0 0.966022 10791.4 10390.7 400.645 0 -31.4754 -31.6146 4 27229.9 457.049 6726 7.01271e-05
27000 0.47316 0.456777 0.0163833 0 0.965375 10838.8 10436.4 402.391 0 -31.4753 -31.4587 4 27329.9 457.888 6751 6.76606e-05
27100 0.459223 0.444314 0.014909 0 0.967534 10884.9 10480.8 404.067 0 -31.4778 -32.0602 4 27429.9 458.725 6776 6.55718e-05
27200 0.423517 0.411291 0.0122259 0 0.971132 10927.5 10522 405.525 0 -31.4825 -32.687 4 27529.9 459.56 6801 6.04751e-05
27300 0.404477 0.393237 0.0112399 0 0.972211 10968 10561.3 406.713 0 -31.488 -32.959 4 27629.9 460.394 6826 5.76087e-05
27400 0.422366 0.410204 0.0121611 0 0.971207 11010.2 10602.3 407.932 0 -31.4921 -32.5617 4 27729.9 461.226 6851 5.98751e-05
27500 0.451702 0.43571 0.0159929 0 0.964594 11055.2 10645.9 409.328 0 -31.494 -31.9558 4 27829.9 462.057 6876 6.33667e-05
27600 0.463162 0.447118 0.0160439 0 0.96536 11101.7 10690.6 411.084 0 -31.4959 -31.9553 4 27929.9 462.887 6901 6.47904e-05
27700 0.46665 0.449356 0.0172943 0 0.962939 11148.3 10735.5 412.813 0 -31.4992 -32.2772 4 28029.9 463.715 6926 6.48796e-05
27800 0.479201 0.461131 0.0180702 0 0.962291 11196.3 10781.6 414.613 0 -31.5 -31.679 4 28129.9 464.541 6951 6.63402e-05
27900 0.44272 0.428411 0.0143089 0 0.96768 11240.8 10824.5 416.272 0 -31.503 -32.2781 4 28229.9 465.366 6976 6.14122e-05
28000 0.433053 0.420961 0.0120922 0 0.972077 11284.3 10866.6 417.703 0 -31.5057 -32.1953 4 28329.9 466.189 7001 6.01287e-05
28100 0.399044 0.387752 0.0112919 0 0.971703 11324.2 10905.4 418.82 0 -31.5107 -32.9274 4 28429.9 467.012 7026 5.51882e-05
28200 0.400695 0.388937 0.0117578 0 0.970656 11364.1 10944.2 419.9 0 -31.5164 -33.1195 4 28529.9 467.832 7051 5.51605e-05
28300 0.418164 0.405316 0.0128481 0 0.969275 11405.9 10984.8 421.129 0 -31.5221 -33.0703 4 28629.9 468.651 7076 5.72804e-05
28400 0.403144 0.391623 0.0115205 0 0.971423 11446.3 11023.9 422.359 0 -31.5274 -33.0234 4 28729.9 469.469 7101 5.51504e-05
28500 0.389358 0.378992 0.0103659 0 0.973377 11485.4 11061.8 423.552 0 -31.5333 -33.2646 4 28829.9 470.285 7126 5.31844e-05
28600 0.402698 0.389915 0.0127826 0 0.968258 11525.5 11100.8 424.688 0 -31.5358 -32.2661 4 28929.9 471.1 7151 5.4526e-05
28700 0.422714 0.410092 0.0126226 0 0.970139 11567.8 11141.8 425.964 0 -31.5375 -31.9958 4 29029.9 471.914 7176 5.71477e-05
28800 0.416347 0.404207 0.0121401 0 0.970841 11609.5 11182.3 427.262 0 -31.5406 -32.3929 4 29129.9 472.726 7201 5.61321e-05
28900 0.39453 0.382684 0.0118458 0 0.969975 11648.9 11220.5 428.393 0 -31.5444 -32.6634 4 29229.9 473.537 7226 5.29593e-05
29000 0.382323 0.374181 0.00814128 0 0.978706 11687.3 11257.9 429.392 0 -31.5484 -32.7617 4 29329.9 474.346 7251 5.16041e-05
29100 0.389906 0.378746 0.0111597 0 0.971378 11726.1 11295.8 430.25 0 -31.5519 -32.6156 4 29429.9 475.154 7276 5.20542e-05
29200 0.390808 0.381982 0.00882594 0 0.977416 11765.3 11334 431.31 0 -31.556 -32.7617 4 29529.9 475.961 7301 5.23192e-05
29300 0.413846 0.40024 0.0136065 0 0.967122 11806.5 11374 432.449 0 -31.5564 -31.6752 4 29629.9 476.766 7326 5.46328e-05
29400 0.429338 0.414972 0.0143659 0 0.966539 11849.3 11415.5 433.759 0 -31.5576 -31.8866 4 29729.9 477.57 7351 5.64511e-05
29500 0.456886 0.442733 0.014153 0 0.969023 11895.1 11459.8 435.285 0 -31.5585 -31.8094 4 29829.9 478.372 7376 6.00234e-05
29600 0.440314 0.425218 0.0150964 0 0.965715 11939.2 11502.3 436.891 0 -31.5591 -31.7074 4 29929.9 479.173 7401 5.74541e-05
29700 0.431586 0.416898 0.0146885 0 0.965966 11982.4 11544 438.398 0 -31.5617 -32.2746 4 30029.9 479.973 7426 5.61403e-05
29800 0.434837 0.420053 0.0147839 0 0.966001 12026 11586 439.941 0 -31.5616 -31.533 4 30129.9 480.772 7451 5.63754e-05
29900 0.400811 0.389178 0.011633 0 0.970976 12066.2 11624.9 441.242 0 -31.5646 -32.4605 4 30229.9 481.569 7476 5.2057e-05
30000 0.439872 0.423988 0.0158836 0 0.96389 12110 11667.3 442.632 0 -31.5647 -31.6112 4 30329.9 482.365 7501 5.65243e-05
30100 0.438779 0.425022 0.0137572 0 0.968647 12154 11709.9 444.136 0 -31.5671 -32.2221 4 30429.9 483.159 7526 5.64738e-05
30200 0.447356 0.4333 0.0140564 0 0.968579 12198.7 11753.2 445.565 0 -31.5703 -32.4292 4 30529.9 483.952 7551 5.73831e-05
30300 0.39244 0.380426 0.0120136 0 0.969387 12238.1 11791.2 446.855 0 -31.5747 -32.9526 4 30629.9 484.744 7576 5.02147e-05
30400 0.447094 0.433381 0.0137125 0 0.96933 12282.8 11834.6 448.275 0 -31.5777 -32.3948 4 30729.9 485.535 7601 5.70163e-05
30500 0.437961 0.422781 0.0151797 0 0.96534 12326.6 11876.8 449.77 0 -31.5799 -32.1976 4 30829.9 486.324 7626 5.54395e-05
30600 0.423404 0.407641 0.015763 0 0.962771 12368.8 11917.6 451.246 0 -31.5819 -32.1543 4 30929.9 487.112 7651 5.32794e-05
30700 0.432332 0.416346 0.0159854 0 0.963025 12412 11959.2 452.753 0 -31.5833 -31.9902 4 31029.9 487.899 7676 5.424e-05
30800 0.413749 0.400643 0.013106 0 0.968324 12453.4 11999.3 454.145 0 -31.5865 -32.5377 4 31129.9 488.685 7701 5.20248e-05
30900 0.415971 0.402211 0.01376 0 0.966921 12495.1 12039.5 455.578 0 -31.5882 -32.1198 4 31229.9 489.469 7726 5.20594e-05
31000 0.448128 0.432917 0.0152112 0 0.966056 12539.9 12082.8 457.075 0 -31.5897 -31.9994 4 31329.9 490.252 7751 5.5853e-05
31100 0.412735 0.399778 0.0129569 0 0.968607 12581.3 12122.8 458.474 0 -31.5929 -32.566 4 31429.9 491.034 7776 5.14118e-05
31200 0.413705 0.400027 0.0136782 0 0.966937 12622.6 12162.8 459.774 0 -31.5957 -32.4563 4 31529.9 491.814 7801 5.12789e-05
31300 0.456568 0.44089 0.0156773 0 0.965663 12668.2 12206.9 461.296 0 -31.5972 -31.9914 4 31629.9 492.594 7826 5.63366e-05
31400 0.492285 0.475718 0.0165663 0 0.966348 12717.4 12254.5 462.96 0 -31.5979 -31.7954 4 31729.9 493.372 7851 6.05933e-05
31500 0.452046 0.439579 0.012467 0 0.972421 12762.8 12298.4 464.417 0 -31.6006 -32.3481 4 31829.9 494.149 7876 5.58124e-05
31600 0.44333 0.430826 0.0125044 0 0.971794 12807.2 12341.5 465.743 0 -31.6038 -32.5114 4 31929.9 494.924 7901 5.4528e-05
31700 0.444779 0.431646 0.0131337 0 0.970471 12851.7 12384.7 467.087 0 -31.6052 -32.0229 4 32029.9 495.699 7926 5.44595e-05
31800 0.440873 0.426517 0.0143554 0 0.967439 12895.8 12427.3 468.453 0 -31.6085 -32.5748 4 32129.9 496.472 7951 5.36432e-05
31900 0.455935 0.441223 0.0147117 0 0.967733 12941.4 12471.4 469.916 0 -31.6121 -32.6264 4 32229.9 497.244 7976 5.53189e-05
32000 0.446204 0.432245 0.0139595 0 0.968715 12986.1 12514.7 471.441 0 -31.6146 -32.3392 4 32329.9 498.015 8001 5.40238e-05
32100 0.431687 0.419073 0.0126144 0 0.970779 13029.5 12556.6 472.894 0 -31.6185 -32.7867 4 32429.9 498.784 8026 5.22144e-05
32200 0.451866 0.436831 0.0150341 0 0.966729 13074.8 12600.3 474.516 0 -31.6197 -31.9472 4 32529.9 499.553 8051 5.4258e-05
32300 0.456814 0.44055 0.0162647 0 0.964395 13120.4 12644.3 476.128 0 -31.623 -32.584 4 32629.9 500.32 8076 5.45505e-05
32400 0.439764 0.424391 0.0153733 0 0.965042 13164.5 12686.7 477.775 0 -31.6247 -32.1176 4 32729.9 501.086 8101 5.23875e-05
32500 0.429681 0.415294 0.0143871 0 0.966517 13207.6 12728.3 479.325 0 -31.6257 -31.939 4 32829.9 501.851 8126 5.11068e-05
32600 0.427171 0.413928 0.0132431 0 0.968998 13250.5 12769.7 480.819 0 -31.628 -32.3314 4 32929.9 502.615 8151 5.07824e-05
32700 0.498237 0.479264 0.0189727 0 0.96192 13300.1 12817.6 482.501 0 -31.6295 -32.0492 4 33029.9 503.377 8176 5.86184e-05
32800 0.509983 0.492075 0.0179084 0 0.964884 13351.3 12866.8 484.52 0 -31.632 -32.2601 4 33129.9 504.139 8201 6.00018e-05
32900 0.440869 0.425913 0.0149559 0 0.966076 13395.6 12909.4 486.252 0 -31.635 -32.5407 4 33229.9 504.899 8226 5.17765e-05
33000 0.43724 0.42374 0.0134998 0 0.969125 13439.5 12951.8 487.734 0 -31.6388 -32.7948 4 33329.9 505.658 8251 5.13562e-05
33100 0.40649 0.39321 0.0132807 0 0.967328 13480.1 12991.1 488.972 0 -31.6431 -33.0947 4 33429.9 506.416 8276 4.7512e-05
33200 0.424832 0.412259 0.0125731 0 0.970404 13522.5 13032.3 490.219 0 -31.6469 -32.846 4 33529.9 507.173 8301 4.96638e-05
33300 0.464136 0.448496 0.0156401 0 0.966303 13568.7 13077.2 491.559 0 -31.6491 -32.2997 4 33629.9 507.929 8326 5.3867e-05
33400 0.466135 0.449843 0.0162916 0 0.96505 13615.1 13122.1 492.987 0 -31.6515 -32.3351 4 33729.9 508.683 8351 5.3867e-05
33500 0.455771 0.44146 0.0143109 0 0.968601 13660.8 13166.3 494.471 0 -31.6543 -32.4945 4 33829.9 509.437 8376 5.27053e-05
33600 0.449403 0.435252 0.0141513 0 0.968511 13705.8 13209.8 495.965 0 -31.6584 -32.8945 4 33929.9 510.189 8401 5.18095e-05
33700 0.444912 0.429591 0.0153213 0 0.965563 13750.2 13252.8 497.4 0 -31.6616 -32.6656 4 34029.9 510.94 8426 5.0984e-05
33800 0.430729 0.415816 0.0149133 0 0.965377 13793.1 13294.4 498.786 0 -31.6649 -32.7144 4 34129.9 511.691 8451 4.92032e-05
33900 0.439145 0.424815 0.01433 0 0.967368 13837 13336.8 500.199 0 -31.6681 -32.6601 4 34229.9 512.44 8476 5.01197e-05
34000 0.490111 0.473971 0.0161396 0 0.96707 13886.3 13384.2 502.013 0 -31.6695 -32.0629 4 34329.9 513.188 8501 5.57548e-05
34100 0.441231 0.425811 0.01542 0 0.965052 13930.4 13426.8 503.561 0 -31.6711 -32.1865 4 34429.9 513.935 8526 4.99426e-05
34200 0.475044 0.458735 0.0163083 0 0.96567 13978 13472.7 505.266 0 -31.672 -31.9344 4 34529.9 514.68 8551 5.3647e-05
34300 0.464045 0.446772 0.0172724 0 0.962778 14024.4 13517.4 507.032 0 -31.673 -31.9689 4 34629.9 515.425 8576 5.20957e-05
34400 0.443997 0.428845 0.0151511 0 0.965876 14068.8 13560.3 508.593 0 -31.6749 -32.2898 4 34729.9 516.169 8601 4.986e-05
34500 0.447321 0.431036 0.0162856 0 0.963593 14113.5 13603.4 510.175 0 -31.6769 -32.3108 4 34829.9 516.911 8626 4.99693e-05
34600 0.436709 0.422236 0.0144734 0 0.966858 14157.3 13645.6 511.679 0 -31.6792 -32.4232 4 34929.9 517.653 8651 4.88078e-05
34700 0.467479 0.452993 0.0144869 0 0.969011 14204.3 13690.9 513.389 0 -31.6803 -32.0014 4 35029.9 518.393 8676 5.22121e-05
34800 0.468852 0.451463 0.0173887 0 0.962912 14251 13736 515.005 0 -31.6806 -31.7684 4 35129.9 519.133 8701 5.18864e-05
34900 0.445141 0.430922 0.0142186 0 0.968058 14295.7 13779.1 516.605 0 -31.6819 -32.1146 4 35229.9 519.871 8726 4.93837e-05
35000 0.441152 0.427937 0.0132141 0 0.970046 14340 13821.9 518.125 0 -31.6853 -32.7573 4 35329.9 520.608 8751 4.89015e-05
35100 0.464703 0.45027 0.0144335 0 0.96894 14386.5 13866.9 519.605 0 -31.6862 -31.9602 4 35429.9 521.345 8776 5.13069e-05
35200 0.492026 0.477022 0.0150044 0 0.969505 14435.8 13914.6 521.185 0 -31.6865 -31.799 4 35529.9 522.08 8801 5.42009e-05
35300 0.490784 0.473636 0.0171475 0 0.965061 14484.8 13962 522.819 0 -31.6868 -31.7489 4 35629.9 522.814 8826 5.36638e-05
35400 0.473985 0.4604 0.0135857 0 0.971337 14532.5 14008 524.406 0 -31.6877 -31.9766 4 35729.9 523.547 8851 5.20167e-05
35500 0.459164 0.442837 0.0163267 0 0.964442 14578.2 14052.3 525.835 0 -31.6885 -31.9413 4 35829.9 524.279 8876 4.98915e-05
35600 0.509412 0.491217 0.0181951 0 0.964282 14629 14101.5 527.575 0 -31.6888 -31.7642 4 35929.9 525.01 8901 5.51867e-05
35700 0.496038 0.480846 0.0151913 0 0.969375 14678.8 14149.5 529.309 0 -31.6878 -31.4182 4 36029.9 525.741 8926 5.38703e-05
35800 0.48009 0.464781 0.0153085 0 0.968113 14726.9 14196 530.858 0 -31.6888 -31.9885 4 36129.9 526.47 8951 5.19251e-05
35900 0.484736 0.468298 0.0164383 0 0.966088 14775.3 14242.8 532.459 0 -31.6881 -31.4808 4 36229.9 527.198 8976 5.21723e-05
36000 0.475029 0.45803 0.0169997 0 0.964213 14822.8 14288.6 534.154 0 -31.6885 -31.7969 4 36329.9 527.925 9001 5.08865e-05
36100 0.50393 0.485862 0.0180686 0 0.964145 14873.1 14337.2 535.916 0 -31.6885 -31.705 4 36429.9 528.651 9026 5.38291e-05
36200 0.509862 0.492088 0.0177736 0 0.96514 14924.2 14386.4 537.757 0 -31.6883 -31.6123 4 36529.9 529.376 9051 5.43684e-05
36300 0.50685 0.48414 0.0227099 0 0.955194 14974.4 14434.9 539.566 0 -31.6871 -31.3226 4 36629.9 530.1 9076 5.33429e-05
36400 0.518378 0.501413 0.0169656 0 0.967272 15026.4 14485 541.421 0 -31.6851 -31.1202 4 36729.9 530.823 9101 5.50943e-05
36500 0.487539 0.469101 0.0184377 0 0.962182 15075.1 14531.9 543.148 0 -31.6854 -31.764 4 36829.9 531.545 9126 5.14027e-05
36600 0.4635 0.446656 0.0168441 0 0.963659 15121.4 14576.6 544.821 0 -31.6866 -32.0927 4 36929.9 532.266 9151 4.88095e-05
36700 0.478871 0.46256 0.0163113 0 0.965938 15169.3 14622.8 546.5 0 -31.6865 -31.6487 4 37029.9 532.987 9176 5.04098e-05
36800 0.501099 0.483799 0.0172999 0 0.965476 15219.5 14671.2 548.319 0 -31.6869 -31.8257 4 37129.9 533.706 9201 5.25812e-05
36900 0.496454 0.481347 0.0151068 0 0.969571 15269.4 14719.3 550.034 0 -31.6883 -32.1102 4 37229.9 534.424 9226 5.21729e-05
37000 0.464375 0.448534 0.0158408 0 0.965888 15315.7 14764.2 551.552 0 -31.6898 -32.1655 4 37329.9 535.141 9251 4.8485e-05
37100 0.506656 0.487488 0.0191681 0 0.962167 15366.2 14812.9 553.277 0 -31.6883 -31.2328 4 37429.9 535.857 9276 5.25537e-05
37200 0.519181 0.502484 0.0166972 0 0.967839 15418.2 14863.2 554.978 0 -31.6879 -31.5661 4 37529.9 536.573 9301 5.40247e-05
37300 0.486645 0.472341 0.0143039 0 0.970607 15467 14910.4 556.529 0 -31.6886 -31.908 4 37629.9 537.287 9326 5.06477e-05
37400 0.472549 0.455345 0.0172038 0 0.963594 15513.9 14956 557.951 0 -31.6898 -32.091 4 37729.9 538.001 9351 4.86948e-05
37500 0.493009 0.478472 0.0145367 0 0.970514 15563.3 15003.8 559.525 0 -31.6912 -32.1355 4 37829.9 538.713 9376 5.10316e-05
37600 0.482869 0.468235 0.014634 0 0.969694 15611.7 15050.6 561.059 0 -31.6922 -32.0057 4 37929.9 539.425 9401 4.98069e-05
37700 0.456059 0.44319 0.0128689 0 0.971782 15657.3 15095 562.376 0 -31.6942 -32.4062 4 38029.9 540.135 9426 4.70178e-05
37800 0.4656 0.453814 0.0117856 0 0.974687 15704.1 15140.3 563.745 0 -31.6956 -32.1622 4 38129.9 540.845 9451 4.80176e-05
37900 0.463571 0.448837 0.0147338 0 0.968217 15750.2 15185.2 565.001 0 -31.6965 -31.9966 4 38229.9 541.554 9476 4.73657e-05
38000 0.490122 0.476228 0.0138949 0 0.97165 15799.4 15232.8 566.544 0 -31.6963 -31.6322 4 38329.9 542.262 9501 5.01239e-05
38100 0.453173 0.44072 0.0124524 0 0.972522 15844.8 15276.9 567.873 0 -31.6976 -32.1327 4 38429.9 542.968 9526 4.6265e-05
38200 0.453591 0.44225 0.0113413 0 0.974997 15890.3 15321.1 569.179 0 -31.6994 -32.3552 4 38529.9 543.674 9551 4.63041e-05
38300 0.49842 0.481885 0.0165343 0 0.966827 15939.9 15369.3 570.625 0 -31.7005 -32.035 4 38629.9 544.379 9576 5.03222e-05
38400 0.516237 0.498603 0.0176338 0 0.965842 15991.5 15419.2 572.341 0 -31.6998 -31.4857 4 38729.9 545.084 9601 5.19324e-05
38500 0.507742 0.490422 0.0173198 0 0.965889 16042.4 15468.2 574.134 0 -31.7012 -32.1322 4 38829.9 545.787 9626 5.09477e-05
38600 0.491217 0.476182 0.0150358 0 0.969391 16091.8 15515.8 575.937 0 -31.7033 -32.4093 4 38929.9 546.489 9651 4.93401e-05
38700 0.470143 0.454374 0.0157695 0 0.966458 16138.9 15561.3 577.583 0 -31.7048 -32.2026 4 39029.9 547.191 9676 4.69589e-05
38800 0.509783 0.491835 0.0179481 0 0.964793 16189.9 15610.5 579.426 0 -31.706 -32.069 4 39129.9 547.891 9701 5.06994e-05
38900 0.505496 0.48915 0.0163469 0 0.967662 16240.7 15659.4 581.33 0 -31.7078 -32.2872 4 39229.9 548.591 9726 5.0293e-05
39000 0.466633 0.452412 0.0142204 0 0.969526 16287.5 15704.6 582.89 0 -31.7101 -32.5341 4 39329.9 549.29 9751 4.63965e-05
39100 0.45504 0.440375 0.014665 0 0.967772 16333 15748.7 584.371 0 -31.7131 -32.7721 4 39429.9 549.987 9776 4.50465e-05
39200 0.437614 0.424557 0.0130566 0 0.970164 16376.8 15791.1 585.709 0 -31.7168 -33.1113 4 39529.9 550.684 9801 4.33177e-05
39300 0.441784 0.429944 0.0118407 0 0.973198 16421.1 15834.1 587.033 0 -31.7206 -33.1002 4 39629.9 551.381 9826 4.37557e-05
39400 0.440042 0.426891 0.0131506 0 0.970115 16465 15876.8 588.206 0 -31.7238 -32.9318 4 39729.9 552.076 9851 4.33348e-05
39500 0.466704 0.45246 0.0142432 0 0.969481 16511.6 15922 589.556 0 -31.7248 -32.092 4 39829.9 552.77 9876 4.58141e-05
39600 0.480106 0.465686 0.0144197 0 0.969966 16559.7 15968.6 591.082 0 -31.7263 -32.2252 4 39929.9 553.464 9901 4.70343e-05
39700 0.500701 0.482941 0.0177602 0 0.964529 16609.6 16016.9 592.676 0 -31.7282 -32.361 4 40029.9 554.156 9926 4.86542e-05
39800 0.474603 0.45843 0.0161732 0 0.965923 16657.1 16062.8 594.359 0 -31.7298 -32.3033 4 40129.9 554.848 9951 4.60687e-05
39900 0.472684 0.450474 0.0222096 0 0.953014 16703.8 16107.8 596.046 0 -31.7311 -32.1747 4 40229.9 555.539 9976 4.51558e-05
40000 0.486865 0.466644 0.0202207 0 0.958468 16752.4 16154.5 597.983 0 -31.7314 -31.8327 4 40329.9 556.229 10001 4.66598e-05
40100 0.500668 0.483457 0.0172103 0 0.965625 16802.7 16202.8 599.924 0 -31.7323 -32.0535 4 40429.9 556.918 10026 4.82204e-05
40200 0.452596 0.439131 0.0134648 0 0.97025 16848.3 16246.7 601.54 0 -31.7344 -32.4799 4 40529.9 557.606 10051 4.36903e-05
40300 0.467836 0.452317 0.0155197 0 0.966827 16895 16292 603.072 0 -31.7364 -32.4736 4 40629.9 558.294 10076 4.48905e-05
40400 0.493394 0.476552 0.0168419 0 0.965865 16944.4 16339.6 604.799 0 -31.7376 -32.1587 4 40729.9 558.98 10101 4.71787e-05
40500 0.499018 0.484646 0.0143717 0 0.9712 16994.5 16388.1 606.47 0 -31.7403 -32.6547 4 40829.9 559.666 10126 4.78616e-05
40600 0.482736 0.467003 0.0157326 0 0.967409 17042.8 16434.8 608.011 0 -31.742 -32.3279 4 40929.9 560.351 10151 4.60056e-05
40700 0.552065 0.530975 0.0210905 0 0.961797 17097.8 16487.9 609.907 0 -31.742 -31.737 4 41029.9 561.035 10176 5.21791e-05
40800 0.550815 0.530156 0.020659 0 0.962494 17152.9 16540.9 612.018 0 -31.7429 -32.0169 4 41129.9 561.719 10201 5.1971e-05
40900 0.518393 0.499573 0.0188197 0 0.963696 17204.9 16590.8 614.043 0 -31.7444 -32.2576 4 41229.9 562.401 10226 4.88533e-05
41000 0.507841 0.489401 0.0184393 0 0.963691 17255.7 16639.8 615.913 0 -31.7466 -32.4794 4 41329.9 563.083 10251 4.77418e-05
41100 0.548964 0.529976 0.0189876 0 0.965412 17310.7 16692.8 617.963 0 -31.7467 -31.7764 4 41429.9 563.763 10276 5.15742e-05
41200 0.524536 0.506058 0.0184775 0 0.964774 17363.3 16743.4 619.904 0 -31.7479 -32.14 4 41529.9 564.443 10301 4.91271e-05
41300 0.4622 0.450737 0.0114631 0 0.975199 17409.9 16788.5 621.465 0 -31.7513 -33.0341 4 41629.9 565.123 10326 4.36507e-05
41400 0.437438 0.426766 0.0106728 0 0.975602 17453.8 16831.1 622.689 0 -31.7548 -33.1467 4 41729.9 565.801 10351 4.12294e-05
41500 0.417737 0.406477 0.0112599 0 0.973045 17495.5 16871.8 623.751 0 -31.7586 -33.3473 4 41829.9 566.478 10376 3.91748e-05
41600 0.431906 0.421133 0.010773 0 0.975057 17538.8 16913.9 624.901 0 -31.7622 -33.2226 4 41929.9 567.155 10401 4.04897e-05
41700 0.420542 0.409372 0.0111698 0 0.97344 17580.9 16954.8 626.033 0 -31.765 -32.9266 4 42029.9 567.831 10426 3.92646e-05
41800 0.434384 0.423144 0.0112401 0 0.974124 17624.4 16997.2 627.221 0 -31.7684 -33.1233 4 42129.9 568.506 10451 4.04883e-05
41900 0.481107 0.465273 0.0158334 0 0.96709 17672.3 17043.7 628.611 0 -31.7686 -31.833 4 42229.9 569.18 10476 4.44133e-05
42000 0.477257 0.462901 0.0143559 0 0.96992 17720 17090 630.059 0 -31.7692 -31.9995 4 42329.9 569.854 10501 4.40816e-05
42100 0.440242 0.427236 0.0130054 0 0.970459 17764 17132.7 631.358 0 -31.7715 -32.6925 4 42429.9 570.527 10526 4.05887e-05
42200 0.453799 0.442403 0.0113956 0 0.974888 17809.6 17176.9 632.647 0 -31.7741 -32.7965 4 42529.9 571.199 10551 4.193e-05
42300 0.454306 0.440769 0.0135365 0 0.970204 17855 17221 633.967 0 -31.7762 -32.6225 4 42629.9 571.87 10576 4.16764e-05
42400 0.490294 0.473402 0.0168923 0 0.965547 17903.8 17268.3 635.497 0 -31.7773 -32.1532 4 42729.9 572.54 10601 4.46563e-05
42500 0.480026 0.46659 0.0134358 0 0.97201 17952.2 17315 637.172 0 -31.7789 -32.3764 4 42829.9 573.21 10626 4.39103e-05
42600 0.429249 0.417573 0.0116765 0 0.972798 17995.3 17356.8 638.496 0 -31.7818 -32.9931 4 42929.9 573.878 10651 3.9205e-05
42700 0.45401 0.439326 0.0146842 0 0.967657 18040.6 17400.7 639.923 0 -31.7832 -32.3571 4 43029.9 574.546 10676 4.11508e-05
42800 0.482351 0.467259 0.0150917 0 0.968712 18089 17447.4 641.544 0 -31.7851 -32.4818 4 43129.9 575.214 10701 4.3665e-05
42900 0.491506 0.473767 0.0177392 0 0.963909 18138.1 17494.8 643.255 0 -31.786 -32.109 4 43229.9 575.88 10726 4.41699e-05
43000 0.516166 0.498395 0.017771 0 0.965571 18189.8 17544.6 645.128 0 -31.7863 -31.8908 4 43329.9 576.546 10751 4.6358e-05
43100 0.478569 0.462013 0.016556 0 0.965405 18237.7 17590.8 646.878 0 -31.7882 -32.5132 4 43429.9 577.211 10776 4.28743e-05
43200 0.520593 0.501658 0.0189346 0 0.963629 18289.6 17641 648.578 0 -31.7877 -31.6223 4 43529.9 577.875 10801 4.64455e-05
43300 0.507343 0.491334 0.0160084 0 0.968447 18340.4 17690.1 650.309 0 -31.7875 -31.6968 4 43629.9 578.538 10826 4.53847e-05
43400 0.463177 0.447041 0.0161361 0 0.965162 18386.7 17734.8 651.837 0 -31.7889 -32.3483 4 43729.9 579.201 10851 4.11981e-05
43500 0.462387 0.450143 0.0122435 0 0.973521 18433 17779.9 653.134 0 -31.7907 -32.5284 4 43829.9 579.863 10876 4.13887e-05
43600 0.489544 0.475828 0.0137166 0 0.971981 18482 17827.4 654.556 0 -31.7922 -32.3498 4 43929.9 580.524 10901 4.36499e-05
43700 0.483629 0.470164 0.0134656 0 0.972157 18530.5 17874.5 656.031 0 -31.794 -32.464 4 44029.9 581.184 10926 4.30316e-05
43800 0.462965 0.448811 0.0141547 0 0.969426 18576.8 17919.3 657.472 0 -31.796 -32.6085 4 44129.9 581.844 10951 4.09835e-05
43900 0.466996 0.452678 0.014318 0 0.96934 18623.6 17964.6 658.968 0 -31.7977 -32.4484 4 44229.9 582.503 10976 4.12425e-05
44000 0.48229 0.465086 0.0172049 0 0.964327 18671.6 18011.1 660.496 0 -31.7983 -32.0566 4 44329.9 583.161 11001 4.22767e-05
44100 0.474744 0.461303 0.0134409 0 0.971688 18719.3 18057.2 662.005 0 -31.7998 -32.3642 4 44429.9 583.818 11026 4.18378e-05
44200 0.478096 0.464101 0.0139957 0 0.970726 18767.1 18103.7 663.437 0 -31.8018 -32.6078 4 44529.9 584.475 11051 4.19963e-05
44300 0.484927 0.469737 0.0151907 0 0.968674 18815.6 18150.6 664.924 0 -31.8035 -32.446 4 44629.9 585.131 11076 4.24103e-05
44400 0.427208 0.415218 0.0119899 0 0.971934 18858.4 18192.2 666.274 0 -31.8065 -33.1295 4 44729.9 585.786 11101 3.74036e-05
44500 0.411811 0.400163 0.0116473 0 0.971717 18899.7 18232.2 667.492 0 -31.8098 -33.3027 4 44829.9 586.44 11126 3.59665e-05
44600 0.424751 0.412501 0.0122498 0 0.97116 18942.1 18273.4 668.698 0 -31.8129 -33.2042 4 44929.9 587.094 11151 3.69923e-05
44700 0.417398 0.403368 0.0140296 0 0.966388 18983.7 18313.8 669.952 0 -31.8155 -33.0041 4 45029.9 587.747 11176 3.60923e-05
44800 0.427625 0.415397 0.0122279 0 0.971405 19026.6 18355.3 671.348 0 -31.817 -32.4783 4 45129.9 588.399 11201 3.70858e-05
44900 0.409512 0.395902 0.0136103 0 0.966765 19067.5 18394.9 672.636 0 -31.8193 -32.8763 4 45229.9 589.051 11226 3.52665e-05
45000 0.418432 0.406503 0.0119286 0 0.971492 19109.5 18435.5 673.947 0 -31.8219 -33.0335 4 45329.9 589.702 11251 3.61304e-05
45100 0.413512 0.402174 0.0113387 0 0.97258 19151 18475.8 675.218 0 -31.8247 -33.0894 4 45429.9 590.352 11276 3.56663e-05
45200 0.411977 0.400412 0.0115655 0 0.971927 19192.2 18515.8 676.375 0 -31.8273 -33.0667 4 45529.9 591.001 11301 3.54315e-05
45300 0.435455 0.42261 0.0128452 0 0.970502 19235.6 18558.1 677.548 0 -31.8285 -32.326 4 45629.9 591.65 11326 3.73133e-05
45400 0.459263 0.444621 0.014642 0 0.968118 19281.5 18602.5 678.977 0 -31.8293 -32.1891 4 45729.9 592.298 11351 3.91702e-05
45500 0.472697 0.457088 0.0156095 0 0.966978 19328.8 18648.2 680.593 0 -31.8293 -31.8062 4 45829.9 592.945 11376 4.018e-05
45600 0.455447 0.440936 0.0145113 0 0.968138 19374.5 18692.3 682.137 0 -31.8298 -32.0498 4 45929.9 593.592 11401 3.86752e-05
45700 0.454558 0.440434 0.0141242 0 0.968928 19419.9 18736.4 683.557 0 -31.8297 -31.7909 4 46029.9 594.237 11426 3.85466e-05
45800 0.457682 0.44407 0.0136119 0 0.970259 19465.8 18780.8 685.063 0 -31.8301 -32.012 4 46129.9 594.883 11451 3.878e-05
45900 0.427653 0.414577 0.0130765 0 0.969423 19508.6 18822.2 686.414 0 -31.8317 -32.55 4 46229.9 595.527 11476 3.61256e-05
46000 0.469915 0.454391 0.0155242 0 0.966964 19555.7 18867.7 687.996 0 -31.8319 -31.9059 4 46329.9 596.171 11501 3.95088e-05
46100 0.466294 0.452238 0.0140564 0 0.969855 19602.4 18912.9 689.532 0 -31.8322 -31.9483 4 46429.9 596.814 11526 3.92363e-05
46200 0.46933 0.453754 0.0155762 0 0.966812 19649.4 18958.3 691.13 0 -31.8324 -31.9297 4 46529.9 597.456 11551 3.92827e-05
46300 0.458204 0.441216 0.016988 0 0.962925 19695 19002.4 692.652 0 -31.832 -31.6706 4 46629.9 598.098 11576 3.81147e-05
46400 0.477116 0.462283 0.0148333 0 0.968911 19742.7 19048.6 694.102 0 -31.8316 -31.668 4 46729.9 598.739 11601 3.98485e-05
46500 0.497845 0.480732 0.0171128 0 0.965626 19792.3 19096.7 695.644 0 -31.832 -31.9719 4 46829.9 599.379 11626 4.13497e-05
46600 0.461294 0.44815 0.013144 0 0.971506 19838.7 19141.5 697.187 0 -31.834 -32.69 4 46929.9 600.019 11651 3.84645e-05
46700 0.453065 0.440369 0.0126961 0 0.971977 19884.2 19185.5 698.645 0 -31.8365 -32.9385 4 47029.9 600.658 11676 3.77158e-05
46800 0.494134 0.478569 0.0155651 0 0.9685 19933.6 19233.4 700.204 0 -31.8381 -32.4853 4 47129.9 601.296 11701 4.08998e-05
46900 0.454525 0.440579 0.0139466 0 0.969316 19979.2 19277.5 701.774 0 -31.8401 -32.6925 4 47229.9 601.933 11726 3.75728e-05
47000 0.452654 0.439186 0.0134684 0 0.970246 20024.6 19321.4 703.209 0 -31.8421 -32.7475 4 47329.9 602.57 11751 3.73743e-05
47100 0.450041 0.438086 0.011955 0 0.973436 20069.7 19365.2 704.546 0 -31.8441 -32.7262 4 47429.9 603.207 11776 3.72016e-05
47200 0.433314 0.421877 0.0114369 0 0.973606 20113.2 19407.4 705.799 0 -31.846 -32.73 4 47529.9 603.842 11801 3.57493e-05
47300 0.476125 0.46331 0.0128155 0 0.973084 20160.9 19453.7 707.187 0 -31.846 -31.8478 4 47629.9 604.477 11826 3.91772e-05
47400 0.439131 0.426646 0.0124847 0 0.97157 20204.9 19496.4 708.497 0 -31.8473 -32.4262 4 47729.9 605.111 11851 3.60009e-05
47500 0.463481 0.45173 0.0117506 0 0.974647 20251.4 19541.5 709.821 0 -31.8479 -32.1143 4 47829.9 605.745 11876 3.80373e-05
47600 0.446083 0.433032 0.0130505 0 0.970744 20295.9 19584.8 711.043 0 -31.8492 -32.4288 4 47929.9 606.378 11901 3.63862e-05
47700 0.483049 0.468681 0.014368 0 0.970256 20344.3 19631.7 712.559 0 -31.8508 -32.5218 4 48029.9 607.01 11926 3.92991e-05
47800 0.464091 0.446568 0.0175233 0 0.962242 20390.4 19676.4 714.033 0 -31.8524 -32.5658 4 48129.9 607.642 11951 3.73666e-05
47900 0.463202 0.450135 0.0130668 0 0.97179 20436.8 19721.4 715.469 0 -31.8539 -32.5091 4 48229.9 608.272 11976 3.75864e-05
48000 0.456985 0.443024 0.0139606 0 0.969451 20482.6 19765.7 716.902 0 -31.8558 -32.718 4 48329.9 608.903 12001 3.69156e-05
48100 0.436989 0.42416 0.0128287 0 0.970643 20526.3 19808.1 718.197 0 -31.8581 -32.9266 4 48429.9 609.532 12026 3.52702e-05
48200 0.447256 0.434718 0.012538 0 0.971967 20571.1 19851.6 719.497 0 -31.8597 -32.5766 4 48529.9 610.161 12051 3.60732e-05
48300 0.43097 0.419717 0.0112528 0 0.97389 20614.3 19893.5 720.738 0 -31.8616 -32.7643 4 48629.9 610.79 12076 3.47563e-05
48400 0.469338 0.453735 0.015603 0 0.966755 20661 19938.9 722.122 0 -31.8629 -32.4363 4 48729.9 611.417 12101 3.74957e-05
48500 0.484084 0.467345 0.0167394 0 0.965421 20709.4 19985.7 723.713 0 -31.8641 -32.388 4 48829.9 612.044 12126 3.85407e-05
48600 0.538381 0.519042 0.0193385 0 0.96408 20763.2 20037.6 725.663 0 -31.8626 -31.2905 4 48929.9 612.671 12151 4.2716e-05
48700 0.507865 0.490188 0.0176771 0 0.965193 20814.1 20086.6 727.576 0 -31.8627 -31.9194 4 49029.9 613.297 12176 4.02586e-05
48800 0.474053 0.459457 0.0145957 0 0.969211 20861.7 20132.5 729.201 0 -31.8635 -32.2092 4 49129.9 613.922 12201 3.76573e-05
48900 0.458377 0.444538 0.0138389 0 0.969809 20907.6 20177 730.629 0 -31.8647 -32.3842 4 49229.9 614.546 12226 3.63601e-05
49000 0.48004 0.46483 0.0152097 0 0.968316 20955.5 20223.5 732.081 0 -31.8648 -31.9332 4 49329.9 615.17 12251 3.79422e-05
49100 0.500042 0.486749 0.0132929 0 0.973416 21005.7 20272.1 733.551 0 -31.8653 -32.0532 4 49429.9 615.793 12276 3.96504e-05
49200 0.478626 0.464536 0.0140901 0 0.970561 21053.6 20318.6 735.007 0 -31.8668 -32.559 4 49529.9 616.416 12301 3.77641e-05
49300 0.522875 0.504751 0.0181239 0 0.965338 21105.7 20369.1 736.602 0 -31.8666 -31.7622 4 49629.9 617.038 12326 4.09501e-05
49400 0.490798 0.477226 0.0135719 0 0.972347 21155 20416.8 738.194 0 -31.8679 -32.4215 4 49729.9 617.659 12351 3.86386e-05
49500 0.493625 0.476474 0.0171508 0 0.965255 21204.1 20464.4 739.716 0 -31.8681 -31.942 4 49829.9 618.28 12376 3.84999e-05
49600 0.510087 0.491972 0.018115 0 0.964486 21255 20513.6 741.386 0 -31.8686 -32.0831 4 49929.9 618.9 12401 3.96719e-05
49700 0.474646 0.461846 0.0127996 0 0.973033 21302.7 20559.8 742.843 0 -31.8698 -32.4043 4 50029.9 619.519 12426 3.71677e-05
49800 0.479243 0.463205 0.0160373 0 0.966536 21350.4 20606.1 744.255 0 -31.8704 -32.1542 4 50129.9 620.138 12451 3.72023e-05
49900 0.493433 0.479723 0.0137098 0 0.972215 21399.9 20654.1 745.763 0 -31.8714 -32.2927 4 50229.9 620.756 12476 3.84517e-05
50000 0.45634 0.442732 0.0136077 0 0.970181 21445.5 20698.4 747.12 0 -31.8731 -32.6996 4 50329.9 621.374 12501 3.54157e-05
