100 0.0131797 0.0118787 0.00130098 0 0.901289 1.28137 1.18787 0.0934987 0 -28.972 -28.972 16 437.882 57.9587 7 0.00169696
200 0.0360301 0.0341841 0.00184598 0 0.948766 4.93202 4.60628 0.325739 0 -28.4164 -28.2215 16 533.882 63.9974 13 0.00262955
300 0.0594393 0.0563901 0.00304917 0 0.948701 10.9291 10.2453 0.683835 0 -29.9609 -31.2311 16 629.882 69.5136 19 0.0029679
400 0.0404967 0.0379746 0.00252207 0 0.937722 15.0326 14.0428 0.989869 0 -30.221 -30.9139 16 741.882 75.441 26 0.00146056
500 0.0544085 0.0516724 0.00273616 0 0.949711 20.5224 19.21 1.31245 0 -30.142 -29.9255 16 837.882 80.1736 32 0.00161476
600 0.0613492 0.057049 0.00430025 0 0.929905 26.5455 24.9149 1.63061 0 -29.6329 -27.8982 16 933.882 84.642 38 0.00150129
700 0.0836032 0.0795146 0.00408861 0 0.951095 34.9238 32.8663 2.05749 0 -29.6862 -29.8553 16 1029.88 88.8861 44 0.00180715
800 0.070118 0.0666057 0.00351231 0 0.949909 41.9961 39.5269 2.46918 0 -29.8098 -30.42 16 1141.88 93.5946 51 0.00130599
900 0.0767348 0.0731109 0.00362394 0 0.952773 49.6768 46.838 2.83877 0 -29.5507 -28.1341 16 1237.88 97.4495 57 0.00128265
1000 0.0695999 0.066792 0.0028079 0 0.959657 56.6693 53.5172 3.15213 0 -29.5654 -29.6694 16 1333.88 101.158 63 0.00106019
1100 0.0632425 0.059881 0.00336151 0 0.946847 62.9841 59.5053 3.47875 0 -29.5352 -29.2641 16 1429.88 104.735 69 0.00086784
1200 0.0648195 0.0619327 0.00288681 0 0.955464 69.5137 65.6986 3.81513 0 -29.5442 -29.6318 16 1541.88 108.759 76 0.000814903
1300 0.057454 0.0547961 0.00265797 0 0.953737 75.2592 71.1782 4.08105 0 -29.6025 -30.3076 16 1637.88 112.094 82 0.000668245
1400 0.0720675 0.0696661 0.00240145 0 0.966678 82.5326 78.1448 4.38776 0 -29.5254 -28.727 16 1733.88 115.332 88 0.00079166
1500 0.0553829 0.0535943 0.00178865 0 0.967704 88.1221 83.5042 4.61787 0 -29.5596 -30.0646 16 1829.88 118.482 94 0.000570152
1600 0.0656987 0.0634587 0.00223997 0 0.965905 94.7423 89.8501 4.89223 0 -29.5784 -29.8296 16 1941.88 122.054 101 0.000628304
1700 0.0597671 0.0565589 0.0032082 0 0.946322 100.654 95.506 5.14831 0 -29.5768 -29.551 16 2037.88 125.034 107 0.000528588
1800 0.0627828 0.0599408 0.00284198 0 0.954733 106.97 101.5 5.47001 0 -29.6069 -30.0857 16 2133.88 127.946 113 0.000530449
1900 0.057696 0.0555536 0.00214237 0 0.962868 112.805 107.055 5.74977 0 -29.6654 -30.7391 16 2229.88 130.792 119 0.000466837
2000 0.0737352 0.0706234 0.00311189 0 0.957796 120.189 114.118 6.07143 0 -29.7906 -31.7027 16 2341.88 134.036 126 0.000560503
2100 0.0920077 0.0853777 0.00663008 0 0.92794 129.188 122.656 6.53275 0 -29.8279 -30.3264 16 2437.88 136.756 132 0.0006468
2200 0.0746475 0.0696407 0.00500682 0 0.932927 136.65 129.62 7.03058 0 -29.86 -30.4151 16 2533.88 139.423 138 0.000504643
2300 0.0617399 0.0580678 0.00367205 0 0.940524 142.864 135.426 7.43807 0 -29.9016 -30.8178 16 2629.88 142.039 144 0.000403249
2400 0.0873693 0.0824655 0.00490373 0 0.943874 151.615 143.673 7.94238 0 -29.8519 -29.0398 16 2741.88 145.032 151 0.000546129
2500 0.0698838 0.066209 0.00367482 0 0.947415 158.702 150.294 8.40836 0 -29.8749 -30.3664 16 2837.88 147.549 157 0.000421713
2600 0.0949205 0.0884545 0.00646598 0 0.93188 168.07 159.139 8.93023 0 -29.76 -27.8137 16 2933.88 150.024 163 0.000542665
2700 0.0803729 0.0757447 0.00462812 0 0.942417 176.171 166.714 9.45745 0 -29.6977 -28.4056 16 3029.88 152.459 169 0.000448194
2800 0.0877784 0.0840153 0.00376304 0 0.95713 185.093 175.115 9.97782 0 -29.6677 -29.0753 16 3141.88 155.251 176 0.00047736
2900 0.0899716 0.0864417 0.00352982 0 0.960767 194.179 183.759 10.4194 0 -29.6605 -29.514 16 3237.88 157.605 182 0.000474955
3000 0.0692073 0.0667472 0.00246011 0 0.964453 201.143 190.434 10.7084 0 -29.6842 -30.3453 16 3333.88 159.925 188 0.000355038
3100 0.0803292 0.0774356 0.00289356 0 0.963979 209.209 198.178 11.0313 0 -29.6864 -29.7416 16 3429.88 162.211 194 0.000399153
3200 0.0780534 0.0752822 0.00277114 0 0.964497 217.042 205.706 11.3356 0 -29.7133 -30.4321 16 3541.88 164.838 201 0.000374539
3300 0.0720757 0.0689392 0.00313652 0 0.956483 224.181 212.6 11.5811 0 -29.7223 -29.9943 16 3637.88 167.057 207 0.00033304
3400 0.103491 0.100264 0.00322708 0 0.968818 234.578 222.626 11.9514 0 -29.6814 -28.7996 16 3733.88 169.247 213 0.000470724
3500 0.103454 0.0980109 0.00544285 0 0.947389 244.827 232.427 12.3997 0 -29.7016 -30.1629 16 3829.88 171.409 219 0.000447538
3600 0.117129 0.112469 0.00465945 0 0.960219 256.631 243.674 12.9571 0 -29.7583 -30.9347 16 3941.88 173.897 226 0.000497652
3700 0.0981957 0.0943146 0.00388107 0 0.960476 266.544 253.106 13.4385 0 -29.7903 -30.6189 16 4037.88 176.002 232 0.000406528
3800 0.1012 0.0966748 0.00452489 0 0.955287 276.702 262.773 13.929 0 -29.7808 -29.5322 16 4133.88 178.082 238 0.000406196
3900 0.133189 0.12666 0.00652915 0 0.950978 289.891 275.439 14.4522 0 -29.7137 -28.3056 16 4229.88 180.138 244 0.000519098
4000 0.11844 0.113242 0.00519798 0 0.956113 301.727 286.763 14.9635 0 -29.6887 -29.0764 16 4341.88 182.507 251 0.000451163
4100 0.110363 0.105269 0.00509384 0 0.953845 312.73 297.29 15.4395 0 -29.6653 -29.0239 16 4437.88 184.513 257 0.000409609
4200 0.0921349 0.0892936 0.0028413 0 0.969161 322.023 306.22 15.8034 0 -29.6731 -29.9348 16 4533.88 186.498 263 0.000339519
4300 0.0942887 0.091264 0.00302471 0 0.967921 331.473 315.346 16.127 0 -29.6633 -29.3306 16 4629.88 188.463 269 0.000339271
4400 0.113179 0.109252 0.00392765 0 0.965297 342.826 326.271 16.5542 0 -29.674 -29.987 16 4741.88 190.728 276 0.000395839
4500 0.110882 0.10528 0.00560155 0 0.949482 353.813 336.799 17.0135 0 -29.6803 -29.8767 16 4837.88 192.649 282 0.000373334
4600 0.100827 0.0961155 0.00471165 0 0.95327 363.846 346.411 17.4352 0 -29.6938 -30.1697 16 4933.88 194.551 288 0.000333734
4700 0.106159 0.102031 0.00412777 0 0.961117 374.494 356.614 17.8796 0 -29.7295 -30.9469 16 5029.88 196.435 294 0.000347043
4800 0.0951048 0.0921478 0.00295692 0 0.968909 384.09 365.829 18.2612 0 -29.7839 -31.9098 16 5141.88 198.61 301 0.000306139
4900 0.0854756 0.0826913 0.00278428 0 0.967426 392.644 374.098 18.5465 0 -29.8201 -31.4455 16 5237.88 200.455 307 0.000269353
5000 0.114034 0.107674 0.00636017 0 0.944226 403.825 384.865 18.9593 0 -29.8415 -30.5915 16 5333.88 202.284 313 0.000344006
5100 0.117373 0.113139 0.00423385 0 0.963928 415.655 396.179 19.4762 0 -29.861 -30.5271 16 5429.88 204.096 319 0.000354667
5200 0.0914597 0.0887157 0.00274401 0 0.969998 424.902 405.051 19.8515 0 -29.8981 -31.565 16 5541.88 206.191 326 0.000272134
5300 0.0905992 0.0868337 0.00376548 0 0.958438 433.956 413.734 20.2215 0 -29.9296 -31.4091 16 5637.88 207.969 332 0.000261547
5400 0.0883369 0.085891 0.0024459 0 0.972312 442.888 422.323 20.5652 0 -29.9648 -31.6761 16 5733.88 209.732 338 0.000254115
5500 0.0787713 0.0767553 0.00201594 0 0.974408 450.8 429.999 20.8014 0 -30.0048 -32.2438 16 5829.88 211.48 344 0.000223126
5600 0.0743804 0.0727543 0.0016261 0 0.978138 458.277 437.274 21.003 0 -30.0477 -32.634 16 5941.88 213.502 351 0.000207277
5700 0.0805702 0.078445 0.00212511 0 0.973624 466.382 445.119 21.2633 0 -30.0957 -32.8084 16 6037.88 215.22 357 0.000219734
5800 0.0888785 0.0862689 0.00260968 0 0.970638 475.304 453.746 21.5582 0 -30.1164 -31.1994 16 6133.88 216.924 363 0.000237655
5900 0.0789712 0.07645 0.00252125 0 0.968074 483.221 461.391 21.8306 0 -30.1419 -31.6741 16 6229.88 218.615 369 0.000207181
6000 0.0756672 0.0732551 0.00241203 0 0.968123 490.82 468.716 22.1044 0 -30.1685 -31.8561 16 6341.88 220.571 376 0.000194827
6100 0.0796554 0.0771884 0.00246697 0 0.969029 498.805 476.435 22.3702 0 -30.1922 -31.653 16 6437.88 222.235 382 0.000202064
6200 0.0801109 0.0779754 0.00213549 0 0.973343 506.852 484.232 22.6197 0 -30.22 -31.9394 16 6533.88 223.885 388 0.000200967
6300 0.0917798 0.0887256 0.00305421 0 0.966722 516.11 493.105 23.0048 0 -30.2588 -32.3826 16 6629.88 225.524 394 0.000225192
6400 0.0807855 0.0767186 0.00406692 0 0.949658 524.129 500.777 23.3521 0 -30.2818 -31.7668 16 6741.88 227.421 401 0.000191318
6500 0.0869864 0.0830607 0.00392571 0 0.95487 532.845 509.083 23.7616 0 -30.3085 -31.911 16 6837.88 229.034 407 0.00020408
6600 0.088862 0.0839916 0.00487044 0 0.945191 541.646 517.482 24.1638 0 -30.3206 -31.056 16 6933.88 230.637 413 0.000203369
6700 0.0876073 0.0838483 0.00375899 0 0.957093 550.506 525.867 24.6388 0 -30.342 -31.6474 16 7029.88 232.228 419 0.000200115
6800 0.0926902 0.0890427 0.00364757 0 0.960648 559.871 534.771 25.0997 0 -30.3562 -31.1923 16 7141.88 234.07 426 0.00020902
6900 0.0784101 0.0760762 0.00233384 0 0.970235 567.794 542.379 25.4151 0 -30.3749 -31.6984 16 7237.88 235.638 432 0.000176102
7000 0.0914807 0.0882623 0.00321844 0 0.964818 576.964 551.205 25.7592 0 -30.381 -30.7575 16 7333.88 237.196 438 0.000201512
7100 0.0825268 0.0801003 0.00242648 0 0.970598 585.291 559.215 26.0764 0 -30.4033 -31.9472 16 7429.88 238.743 444 0.000180406
7200 0.0813167 0.0793782 0.0019385 0 0.976161 593.496 567.153 26.3427 0 -30.4193 -31.5637 16 7541.88 240.536 451 0.000176005
7300 0.0848696 0.0815176 0.00335201 0 0.960504 601.895 575.305 26.5901 0 -30.4315 -31.2926 16 7637.88 242.062 457 0.000178375
7400 0.13178 0.126739 0.0050411 0 0.961746 615.03 587.979 27.0511 0 -30.4163 -29.7199 16 7733.88 243.578 463 0.000273735
7500 0.118998 0.11444 0.00455857 0 0.961692 626.973 599.422 27.5503 0 -30.4079 -29.9757 16 7829.88 245.086 469 0.000244008
7600 0.153578 0.14793 0.00564827 0 0.963222 642.418 614.215 28.2021 0 -30.3727 -28.9434 16 7941.88 246.832 476 0.000310777
7700 0.126704 0.12199 0.00471476 0 0.962789 655.208 626.414 28.7939 0 -30.3684 -30.1532 16 8037.88 248.32 482 0.00025309
7800 0.10426 0.101332 0.00292818 0 0.971915 665.7 636.548 29.1519 0 -30.3833 -31.3087 16 8133.88 249.798 488 0.000207647
7900 0.0916649 0.0889482 0.00271672 0 0.970362 674.87 645.442 29.4277 0 -30.3997 -31.5911 16 8229.88 251.268 494 0.000180057
8000 0.0958129 0.092797 0.0030159 0 0.968523 684.47 654.722 29.7478 0 -30.4143 -31.4412 16 8341.88 252.972 501 0.000185224
8100 0.0825551 0.0802843 0.00227084 0 0.972493 692.757 662.751 30.0065 0 -30.435 -32.1423 16 8437.88 254.423 507 0.000158352
8200 0.0895823 0.0868359 0.00274644 0 0.969342 701.691 671.434 30.257 0 -30.4404 -30.8663 16 8533.88 255.866 513 0.000169271
8300 0.0835395 0.0805136 0.00302591 0 0.963779 710.079 679.486 30.5939 0 -30.4532 -31.5201 16 8629.88 257.302 519 0.000155132
8400 0.0838818 0.0807542 0.00312754 0 0.962715 718.444 687.561 30.8826 0 -30.4711 -31.9885 16 8741.88 258.966 526 0.000153525
8500 0.0886155 0.0843862 0.00422934 0 0.952273 727.243 696 31.2437 0 -30.4857 -31.683 16 8837.88 260.384 532 0.000158621
8600 0.0947248 0.0918536 0.00287119 0 0.969689 736.833 705.185 31.648 0 -30.5106 -32.3954 16 8933.88 261.794 538 0.000170732
8700 0.0756114 0.0732798 0.00233162 0 0.969163 744.426 712.513 31.913 0 -30.5355 -32.9521 16 9029.88 263.197 544 0.000134706
8800 0.0923255 0.0888168 0.00350872 0 0.961996 753.569 721.395 32.1744 0 -30.5538 -32.0439 16 9141.88 264.824 551 0.000161192
8900 0.113476 0.109242 0.0042345 0 0.962684 764.847 732.319 32.5278 0 -30.5767 -32.1083 16 9237.88 266.211 557 0.000196126
9000 0.0953847 0.0927026 0.00268209 0 0.971881 774.426 741.589 32.8371 0 -30.6017 -32.5945 16 9333.88 267.591 563 0.000164658
9100 0.0911576 0.0877021 0.00345549 0 0.962093 783.494 750.359 33.135 0 -30.6206 -32.2364 16 9429.88 268.963 569 0.000154134
9200 0.100158 0.0973503 0.00280804 0 0.971964 793.614 760.094 33.5195 0 -30.6382 -32.0033 16 9541.88 270.556 576 0.000169011
9300 0.0850114 0.082099 0.00291248 0 0.96574 802.092 768.304 33.7874 0 -30.6567 -32.387 16 9637.88 271.914 582 0.000141063
9400 0.106441 0.10299 0.00345126 0 0.967576 812.722 778.603 34.1187 0 -30.6537 -30.4258 16 9733.88 273.264 588 0.000175152
9500 0.0981553 0.0955792 0.00257611 0 0.973755 822.63 788.161 34.4688 0 -30.6645 -31.5523 16 9829.88 274.609 594 0.000160908
9600 0.0951686 0.0925443 0.00262432 0 0.972425 832.187 797.415 34.7711 0 -30.6768 -31.738 16 9941.88 276.169 601 0.000153984
9700 0.0841619 0.0814079 0.00275404 0 0.967277 840.554 805.556 34.9975 0 -30.6923 -32.2312 16 10037.9 277.499 607 0.000134115
9800 0.0850351 0.0824922 0.00254286 0 0.970096 849.105 813.805 35.2992 0 -30.7108 -32.5311 16 10133.9 278.823 613 0.000134571
9900 0.0773097 0.0752484 0.00206122 0 0.973338 856.892 821.33 35.5617 0 -30.7265 -32.4346 16 10229.9 280.14 619 0.000121565
10000 0.113399 0.109463 0.00393647 0 0.965287 868.229 832.277 35.9519 0 -30.7339 -31.291 16 10341.9 281.67 626 0.000174861
10100 0.138597 0.132908 0.00568918 0 0.958952 882.065 845.567 36.498 0 -30.713 -29.4051 16 10437.9 282.974 632 0.000210298
10200 0.122564 0.117333 0.00523121 0 0.957319 894.312 857.301 37.0108 0 -30.6993 -29.7121 16 10533.9 284.272 638 0.000183908
10300 0.119388 0.11404 0.00534749 0 0.955209 906.257 868.705 37.5527 0 -30.6889 -29.9097 16 10629.9 285.565 644 0.000177081
10400 0.125296 0.119609 0.00568702 0 0.954611 918.841 880.666 38.1754 0 -30.6655 -28.9779 16 10741.9 287.065 651 0.000183731
10500 0.110499 0.105941 0.00455826 0 0.958749 929.977 891.26 38.717 0 -30.6602 -30.2284 16 10837.9 288.345 657 0.00016125
10600 0.103194 0.0994621 0.00373195 0 0.963836 940.392 901.206 39.1857 0 -30.6555 -30.2293 16 10933.9 289.619 663 0.000150018
10700 0.107437 0.102507 0.0049302 0 0.954111 951.116 911.457 39.659 0 -30.6453 -29.754 16 11029.9 290.888 669 0.000153224
10800 0.112088 0.107756 0.00433198 0 0.961352 962.427 922.232 40.1949 0 -30.6355 -29.8135 16 11141.9 292.361 676 0.000159403
10900 0.105019 0.100297 0.00472208 0 0.955036 972.948 932.262 40.6864 0 -30.6315 -30.2613 16 11237.9 293.618 682 0.000147063
11000 0.115012 0.109476 0.00553619 0 0.951864 984.356 943.21 41.1462 0 -30.6365 -31.0604 16 11333.9 294.869 688 0.000159122
11100 0.113727 0.108235 0.00549203 0 0.951709 995.671 954.033 41.6379 0 -30.6378 -30.756 16 11429.9 296.115 694 0.000155958
11200 0.126168 0.121022 0.00514545 0 0.959217 1008.32 966.135 42.186 0 -30.6401 -30.8229 16 11541.9 297.563 701 0.000172642
11300 0.109243 0.104973 0.00427018 0 0.960911 1019.29 976.633 42.653 0 -30.6476 -31.3342 16 11637.9 298.798 707 0.000148477
11400 0.095896 0.0925235 0.00337257 0 0.964831 1028.89 985.885 43.0087 0 -30.6573 -31.69 16 11733.9 300.027 713 0.000129766
11500 0.0994111 0.0957102 0.00370085 0 0.962772 1038.78 995.456 43.3217 0 -30.6669 -31.6676 16 11829.9 301.252 719 0.000133116
11600 0.108982 0.105431 0.00355127 0 0.967414 1049.77 1006 43.7667 0 -30.674 -31.34 16 11941.9 302.675 726 0.000145222
11700 0.104744 0.100773 0.00397086 0 0.96209 1060.23 1016.08 44.1524 0 -30.6862 -31.9094 16 12037.9 303.889 732 0.000137668
11800 0.111912 0.107776 0.00413601 0 0.963042 1071.43 1026.85 44.5768 0 -30.6948 -31.506 16 12133.9 305.098 738 0.000146038
11900 0.124035 0.118893 0.00514167 0 0.958547 1083.83 1038.74 45.0848 0 -30.691 -30.3638 16 12229.9 306.303 744 0.000159802
12000 0.11264 0.108322 0.00431734 0 0.961671 1095.14 1049.58 45.5673 0 -30.6894 -30.5403 16 12341.9 307.702 751 0.000144237
12100 0.103882 0.100177 0.00370538 0 0.964331 1105.59 1059.59 45.9982 0 -30.6953 -31.3078 16 12437.9 308.897 757 0.000132334
12200 0.0990301 0.0952848 0.00374521 0 0.962181 1115.48 1069.12 46.355 0 -30.7002 -31.2559 16 12533.9 310.087 763 0.000124882
12300 0.113151 0.108103 0.00504827 0 0.955385 1126.64 1079.93 46.7065 0 -30.7005 -30.7303 16 12629.9 311.272 769 0.000140576
12400 0.105057 0.102647 0.00241002 0 0.97706 1137.23 1090.2 47.037 0 -30.7089 -31.6029 16 12741.9 312.649 776 0.000132277
12500 0.0973895 0.0933272 0.00406227 0 0.958288 1146.87 1099.53 47.3393 0 -30.7121 -31.0871 16 12837.9 313.824 782 0.000119344
12600 0.0920682 0.0899645 0.00210378 0 0.97715 1156.17 1108.53 47.645 0 -30.7216 -31.8958 16 12933.9 314.996 788 0.000114168
12700 0.106509 0.102547 0.00396288 0 0.962793 1166.75 1118.78 47.9664 0 -30.7227 -30.8428 16 13029.9 316.162 794 0.000129152
12800 0.107206 0.103319 0.00388658 0 0.963747 1177.49 1129.11 48.3755 0 -30.7239 -30.8466 16 13141.9 317.518 801 0.000128988
12900 0.0965721 0.0936748 0.00289732 0 0.969998 1187.2 1138.48 48.7208 0 -30.7318 -31.6953 16 13237.9 318.676 807 0.000116078
13000 0.110809 0.106855 0.0039536 0 0.96432 1198.23 1149.17 49.0604 0 -30.7432 -31.966 16 13333.9 319.829 813 0.000131433
13100 0.112143 0.108466 0.00367735 0 0.967208 1209.48 1160.01 49.4719 0 -30.7573 -32.2587 16 13429.9 320.979 819 0.000132437
13200 0.11883 0.113415 0.00541566 0 0.954425 1221.24 1171.35 49.8901 0 -30.7652 -31.577 16 13541.9 322.314 826 0.000137306
13300 0.120234 0.115889 0.00434459 0 0.963866 1233.35 1182.94 50.4057 0 -30.7747 -31.7327 16 13637.9 323.455 832 0.00013929
13400 0.107385 0.103117 0.00426816 0 0.960254 1244.07 1193.25 50.8124 0 -30.7844 -31.902 16 13733.9 324.591 838 0.000123051
13500 0.114939 0.110993 0.00394607 0 0.965668 1255.62 1204.35 51.2624 0 -30.7945 -31.8842 16 13829.9 325.724 844 0.000131508
13600 0.122425 0.118681 0.00374435 0 0.969415 1267.96 1216.22 51.7384 0 -30.8013 -31.4981 16 13941.9 327.04 851 0.00013946
13700 0.125625 0.119735 0.00588962 0 0.953117 1280.43 1228.2 52.2357 0 -30.796 -30.2564 16 14037.9 328.164 857 0.000139714
13800 0.121145 0.11742 0.00372441 0 0.969257 1292.66 1239.94 52.7231 0 -30.7974 -30.9382 16 14133.9 329.284 863 0.000136061
13900 0.132776 0.127945 0.00483107 0 0.963615 1305.91 1252.73 53.1745 0 -30.7963 -30.6946 16 14229.9 330.401 869 0.000147233
14000 0.126693 0.122019 0.00467361 0 0.963111 1318.58 1264.93 53.6465 0 -30.7994 -31.1153 16 14341.9 331.698 876 0.000139291
14100 0.123927 0.119066 0.00486065 0 0.960778 1330.95 1276.84 54.1113 0 -30.8049 -31.3882 16 14437.9 332.807 882 0.000134996
14200 0.130403 0.125448 0.0049552 0 0.962001 1344.01 1289.38 54.6216 0 -30.8132 -31.667 16 14533.9 333.911 888 0.00014127
14300 0.122643 0.116946 0.00569639 0 0.953553 1356.23 1301.08 55.1521 0 -30.82 -31.5583 16 14629.9 335.012 894 0.000130812
14400 0.12304 0.118959 0.00408087 0 0.966833 1368.67 1312.98 55.6897 0 -30.8254 -31.4134 16 14741.9 336.292 901 0.00013203
14500 0.119118 0.112783 0.0063345 0 0.946821 1380.39 1324.25 56.1332 0 -30.827 -31.0164 16 14837.9 337.385 907 0.000124347
14600 0.126288 0.121358 0.00493006 0 0.960962 1393.09 1336.39 56.7048 0 -30.8382 -32.0595 16 14933.9 338.475 913 0.000132923
14700 0.113264 0.107618 0.00564514 0 0.950159 1404.36 1347.15 57.2054 0 -30.8449 -31.6686 16 15029.9 339.561 919 0.000117104
14800 0.115484 0.110675 0.004809 0 0.958358 1415.92 1358.22 57.7012 0 -30.8535 -31.9062 16 15141.9 340.824 926 0.000119519
14900 0.134567 0.128305 0.00626219 0 0.953464 1429.3 1371.05 58.2539 0 -30.8585 -31.3846 16 15237.9 341.903 932 0.000137666
15000 0.118838 0.114425 0.00441276 0 0.962867 1441.26 1382.49 58.771 0 -30.8675 -31.944 16 15333.9 342.978 938 0.000121988
15100 0.114395 0.10946 0.00493425 0 0.956866 1452.67 1393.44 59.2344 0 -30.8779 -32.1912 16 15429.9 344.05 944 0.000115954
15200 0.110585 0.106496 0.00408861 0 0.963027 1463.77 1404.09 59.6836 0 -30.889 -32.3427 16 15541.9 345.296 951 0.000111983
15300 0.109197 0.105232 0.00396498 0 0.96369 1474.77 1414.61 60.1583 0 -30.9046 -32.975 16 15637.9 346.361 957 0.00010996
15400 0.109637 0.105995 0.00364193 0 0.966782 1485.82 1425.21 60.6113 0 -30.9213 -33.1543 16 15733.9 347.423 963 0.000110068
15500 0.0978251 0.0954924 0.00233262 0 0.976155 1495.7 1434.76 60.9382 0 -30.9376 -33.3917 16 15829.9 348.481 969 9.85474e-05
15600 0.0965852 0.0942418 0.00234348 0 0.975737 1505.37 1444.18 61.1907 0 -30.9549 -33.6204 16 15941.9 349.711 976 9.65592e-05
15700 0.104893 0.102014 0.00287885 0 0.972554 1515.87 1454.38 61.4871 0 -30.9716 -33.364 16 16037.9 350.763 982 0.000103884
15800 0.117984 0.114156 0.00382802 0 0.967555 1527.67 1465.8 61.8667 0 -30.9858 -32.8203 16 16133.9 351.811 988 0.000115543
15900 0.104421 0.10162 0.00280117 0 0.973174 1538.14 1475.96 62.1796 0 -31.0015 -33.2795 16 16229.9 352.856 994 0.000102234
16000 0.102018 0.0991431 0.00287456 0 0.971823 1548.36 1485.88 62.4876 0 -31.0136 -32.8409 16 16341.9 354.072 1001 9.90441e-05
16100 0.0874715 0.0856345 0.00183701 0 0.978999 1557.15 1494.44 62.7049 0 -31.0282 -33.6105 16 16437.9 355.11 1007 8.50392e-05
16200 0.0861335 0.0848754 0.00125809 0 0.985394 1565.84 1502.93 62.9125 0 -31.0446 -33.9676 16 16533.9 356.146 1013 8.37862e-05
16300 0.0853176 0.0840299 0.00128772 0 0.984907 1574.38 1511.33 63.0479 0 -31.06 -33.8861 16 16629.9 357.178 1019 8.24631e-05
16400 0.0836687 0.0823252 0.00134357 0 0.983942 1582.75 1519.56 63.1859 0 -31.0749 -33.8852 16 16741.9 358.379 1026 8.02389e-05
16500 0.115858 0.11282 0.00303805 0 0.973778 1594.31 1530.85 63.4662 0 -31.0856 -32.5543 16 16837.9 359.405 1032 0.000109322
16600 0.0907318 0.0887668 0.00196501 0 0.978343 1603.44 1539.72 63.7177 0 -31.1 -33.6165 16 16933.9 360.428 1038 8.55171e-05
16700 0.0958338 0.0926628 0.00317098 0 0.966912 1612.97 1548.99 63.9818 0 -31.1055 -32.0286 16 17029.9 361.448 1044 8.87575e-05
16800 0.103044 0.099096 0.00394849 0 0.961682 1623.26 1558.9 64.3603 0 -31.1037 -30.8146 16 17141.9 362.635 1051 9.42873e-05
16900 0.102757 0.0978649 0.00489212 0 0.952391 1633.43 1568.68 64.7434 0 -31.1041 -31.1644 16 17237.9 363.649 1057 9.25874e-05
17000 0.0989039 0.095332 0.00357189 0 0.963885 1643.36 1578.22 65.1405 0 -31.1099 -32.0627 16 17333.9 364.66 1063 8.96821e-05
17100 0.102194 0.0973633 0.00483056 0 0.952731 1653.45 1587.95 65.4933 0 -31.1142 -31.8224 16 17429.9 365.668 1069 9.10789e-05
17200 0.108603 0.104295 0.00430824 0 0.96033 1664.31 1598.38 65.9283 0 -31.1193 -31.8957 16 17541.9 366.841 1076 9.69284e-05
17300 0.109876 0.104903 0.00497275 0 0.954742 1675.23 1608.87 66.3558 0 -31.1243 -31.878 16 17637.9 367.844 1082 9.69527e-05
17400 0.117285 0.112915 0.00437055 0 0.962736 1687.04 1620.17 66.8701 0 -31.1311 -32.0976 16 17733.9 368.843 1088 0.000103782
17500 0.0992052 0.0959792 0.00322605 0 0.967481 1697.05 1629.76 67.2868 0 -31.141 -32.8183 16 17829.9 369.84 1094 8.77323e-05
17600 0.0932393 0.0907199 0.00251941 0 0.972979 1706.44 1638.84 67.6032 0 -31.1512 -32.9842 16 17941.9 371 1101 8.23978e-05
17700 0.0920297 0.0888179 0.00321177 0 0.965101 1715.6 1647.72 67.8805 0 -31.1598 -32.776 16 18037.9 371.991 1107 8.0233e-05
17800 0.0908277 0.0891806 0.00164712 0 0.981865 1724.78 1656.64 68.1403 0 -31.1726 -33.5636 16 18133.9 372.98 1113 8.01263e-05
17900 0.100001 0.0970768 0.00292405 0 0.97076 1734.75 1666.34 68.4061 0 -31.1765 -31.8523 16 18229.9 373.966 1119 8.67532e-05
18000 0.089766 0.0871723 0.00259377 0 0.971105 1743.72 1675.06 68.664 0 -31.1833 -32.4853 16 18341.9 375.113 1126 7.74176e-05
18100 0.124289 0.121318 0.00297073 0 0.976098 1756.25 1687.19 69.0622 0 -31.1752 -30.0461 16 18437.9 376.093 1132 0.000107171
18200 0.0894309 0.0872926 0.0021383 0 0.97609 1765.23 1695.92 69.3113 0 -31.18 -32.1231 16 18533.9 377.071 1138 7.6707e-05
18300 0.0828227 0.0810075 0.00181519 0 0.978083 1773.53 1704.02 69.5051 0 -31.1876 -32.8049 16 18629.9 378.046 1144 7.08107e-05
18400 0.0998991 0.0972314 0.0026677 0 0.973296 1783.53 1713.74 69.7834 0 -31.1966 -32.7965 16 18741.9 379.181 1151 8.44756e-05
18500 0.0859294 0.0837351 0.00219431 0 0.974464 1792.14 1722.12 70.0194 0 -31.2066 -33.2717 16 18837.9 380.151 1157 7.23726e-05
18600 0.0836294 0.0820369 0.0015925 0 0.980958 1800.53 1730.32 70.2111 0 -31.2194 -33.9624 16 18933.9 381.118 1163 7.0539e-05
18700 0.111735 0.106625 0.00511026 0 0.954265 1811.5 1740.98 70.5133 0 -31.2215 -31.5653 16 19029.9 382.083 1169 9.12106e-05
18800 0.124716 0.119745 0.00497186 0 0.960135 1823.98 1752.96 71.0256 0 -31.2187 -30.8152 16 19141.9 383.206 1176 0.000101824
18900 0.135411 0.126372 0.00903953 0 0.933244 1837.21 1765.6 71.6122 0 -31.2129 -30.4022 16 19237.9 384.166 1182 0.000106914
19000 0.131974 0.12533 0.00664374 0 0.949659 1850.47 1778.13 72.345 0 -31.2137 -31.3359 16 19333.9 385.123 1188 0.000105497
19100 0.135567 0.12778 0.00778696 0 0.94256 1863.98 1790.91 73.0775 0 -31.2019 -29.5861 16 19429.9 386.078 1194 0.000107018
19200 0.133704 0.125894 0.00781038 0 0.941585 1877.42 1803.5 73.9262 0 -31.191 -29.6723 16 19541.9 387.189 1201 0.000104824
19300 0.115423 0.109509 0.00591405 0 0.948762 1889.09 1814.45 74.641 0 -31.1874 -30.6028 16 19637.9 388.139 1207 9.07282e-05
19400 0.114983 0.108501 0.00648282 0 0.943619 1900.5 1825.3 75.1981 0 -31.1812 -30.1547 16 19733.9 389.087 1213 8.94481e-05
19500 0.153955 0.144792 0.00916272 0 0.940484 1915.81 1839.78 76.0345 0 -31.164 -29.0307 16 19829.9 390.032 1219 0.00011878
19600 0.121028 0.115719 0.00530951 0 0.95613 1928.04 1851.35 76.6958 0 -31.1635 -31.0865 16 19941.9 391.132 1226 9.43874e-05
19700 0.144034 0.138436 0.00559824 0 0.961133 1942.55 1865.19 77.3561 0 -31.1584 -30.4869 16 20037.9 392.072 1232 0.000112367
19800 0.139533 0.134613 0.00491969 0 0.964742 1956.58 1878.65 77.9291 0 -31.1556 -30.7669 16 20133.9 393.01 1238 0.000108734
19900 0.145255 0.139828 0.00542781 0 0.962633 1971.13 1892.64 78.4901 0 -31.1574 -31.4023 16 20229.9 393.946 1244 0.000112402
20000 0.156016 0.151024 0.00499265 0 0.967999 1986.81 1907.74 79.068 0 -31.1629 -31.8466 16 20341.9 395.035 1251 0.000120722
