100 0.110219 0.10168 0.00853934 0 0.922524 10.7934 10.168 0.625382 0 -25.8883 -25.8883 2 427.882 57.293 51 0.00199373
200 0.194807 0.179314 0.0154922 0 0.920474 29.9636 28.0994 1.86419 0 -26.2933 -26.5214 2 527.882 63.6368 101 0.00177539
300 0.260197 0.23957 0.0206267 0 0.920727 55.6285 52.0564 3.57203 0 -26.4891 -26.7176 2 627.882 69.4031 151 0.00158656
400 0.335967 0.311867 0.0241002 0 0.928266 89.2375 83.2431 5.99442 0 -26.4875 -26.4848 2 727.882 74.7258 201 0.00155158
500 0.397944 0.370816 0.0271279 0 0.93183 129.129 120.325 8.80478 0 -26.815 -27.5475 2 827.882 79.6937 251 0.00147735
600 0.411583 0.385899 0.0256841 0 0.937597 170.441 158.915 11.5261 0 -27.1376 -28.1463 2 927.882 84.3697 301 0.00128206
700 0.386952 0.361578 0.0253739 0 0.934426 209.142 195.072 14.0698 0 -27.2436 -27.7101 2 1027.88 88.7997 351 0.00103014
800 0.403535 0.379034 0.0245003 0 0.939286 249.586 232.976 16.6105 0 -27.4359 -28.4302 2 1127.88 93.019 401 0.000945223
900 0.397129 0.372847 0.0242815 0 0.938857 289.323 270.261 19.0619 0 -27.6106 -28.7079 2 1227.88 97.0551 451 0.000826713
1000 0.466748 0.439602 0.027146 0 0.94184 335.968 314.221 21.7473 0 -27.7684 -28.7472 2 1327.88 100.93 501 0.000877448
1100 0.436914 0.410322 0.0265925 0 0.939136 379.527 355.253 24.2744 0 -27.8432 -28.4202 2 1427.88 104.661 551 0.000744686
1200 0.462479 0.436099 0.0263806 0 0.942958 425.76 398.863 26.897 0 -27.9127 -28.4837 2 1527.88 108.264 601 0.000725622
1300 0.543465 0.510981 0.0324844 0 0.940227 479.742 449.961 29.7809 0 -27.9732 -28.4502 2 1627.88 111.751 651 0.000784917
1400 0.500422 0.473626 0.0267953 0 0.946454 530.017 497.324 32.6931 0 -28.0598 -28.8864 2 1727.88 115.132 701 0.000675644
1500 0.481458 0.455348 0.0261105 0 0.945768 578.166 542.858 35.3078 0 -28.1212 -28.7972 2 1827.88 118.417 751 0.000606322
1600 0.486123 0.45918 0.0269428 0 0.944576 626.683 588.776 37.9066 0 -28.1916 -29.0304 2 1927.88 121.613 801 0.000573259
1700 0.501247 0.475095 0.0261521 0 0.947826 676.95 636.286 40.6637 0 -28.2561 -29.0604 2 2027.88 124.727 851 0.000558278
1800 0.57768 0.547859 0.0298212 0 0.948378 734.768 691.072 43.6965 0 -28.331 -29.2069 2 2127.88 127.766 901 0.000608057
1900 0.630935 0.597897 0.0330376 0 0.947637 798.002 750.861 47.1406 0 -28.4261 -29.5314 2 2227.88 130.733 951 0.000628704
2000 0.585687 0.555773 0.029914 0 0.948925 856.837 806.439 50.3982 0 -28.5064 -29.5953 2 2327.88 133.635 1001 0.000555218
2100 0.547916 0.521899 0.026017 0 0.952517 911.945 858.629 53.3163 0 -28.5855 -29.816 2 2427.88 136.475 1051 0.000496574
2200 0.553316 0.526189 0.027127 0 0.950974 967.304 911.248 56.0567 0 -28.6557 -29.8115 2 2527.88 139.257 1101 0.000477919
2300 0.549897 0.523453 0.0264437 0 0.951912 1022.19 963.593 58.5975 0 -28.7114 -29.6931 2 2627.88 141.985 1151 0.000454781
2400 0.603643 0.577854 0.0257891 0 0.957278 1082.83 1021.38 61.4549 0 -28.7621 -29.6172 2 2727.88 144.661 1201 0.000481144
2500 0.56584 0.537779 0.0280613 0 0.950408 1139.29 1075.16 64.1314 0 -28.8135 -29.7992 2 2827.88 147.289 1251 0.000429879
2600 0.592071 0.562434 0.029637 0 0.949944 1198.46 1131.4 67.0642 0 -28.8758 -30.0758 2 2927.88 149.871 1301 0.000432309
2700 0.573804 0.542947 0.0308569 0 0.946224 1255.8 1185.69 70.1078 0 -28.91 -29.6232 2 3027.88 152.409 1351 0.000401885
2800 0.624205 0.593336 0.0308696 0 0.950546 1318.36 1245.03 73.3341 0 -28.9276 -29.2827 2 3127.88 154.905 1401 0.000423509
2900 0.592415 0.564748 0.0276675 0 0.953297 1377.79 1301.5 76.2919 0 -28.9768 -30.0677 2 3227.88 157.362 1451 0.000389213
3000 0.605814 0.575695 0.0301191 0 0.950283 1438.27 1359.07 79.1945 0 -29.0132 -29.8424 2 3327.88 159.781 1501 0.000383541
3100 0.6399 0.610198 0.0297016 0 0.953584 1502.4 1420.09 82.3086 0 -29.037 -29.5705 2 3427.88 162.163 1551 0.000393422
3200 0.641249 0.610207 0.0310422 0 0.951591 1566.45 1481.11 85.3381 0 -29.064 -29.6985 2 3527.88 164.512 1601 0.000381141
3300 0.641507 0.611696 0.0298107 0 0.95353 1630.62 1542.28 88.3415 0 -29.0921 -29.7775 2 3627.88 166.827 1651 0.0003705
3400 0.672705 0.641098 0.0316067 0 0.953015 1697.93 1606.39 91.5403 0 -29.1187 -29.7622 2 3727.88 169.111 1701 0.000376895
3500 0.602165 0.573592 0.0285726 0 0.95255 1758.19 1663.75 94.441 0 -29.1508 -30.0557 2 3827.88 171.364 1751 0.00032758
3600 0.569138 0.544889 0.0242489 0 0.957394 1815.31 1718.24 97.0734 0 -29.1857 -30.2608 2 3927.88 173.588 1801 0.000302548
3700 0.568147 0.54662 0.0215267 0 0.962111 1872.28 1772.9 99.379 0 -29.2316 -30.6933 2 4027.88 175.784 1851 0.000295311
3800 0.579789 0.556813 0.0229758 0 0.960372 1930.49 1828.58 101.904 0 -29.2781 -30.7726 2 4127.88 177.952 1901 0.000292906
3900 0.653681 0.624204 0.0294779 0 0.954905 1995.76 1891 104.753 0 -29.3218 -30.6143 2 4227.88 180.095 1951 0.00031994
4000 0.619232 0.593523 0.0257095 0 0.958482 2058.03 1950.36 107.675 0 -29.3625 -30.6666 2 4327.88 182.212 2001 0.000296613
4100 0.599865 0.568576 0.0312896 0 0.947839 2117.57 2007.21 110.356 0 -29.3951 -30.5252 2 4427.88 184.305 2051 0.000277219
4200 0.644485 0.616367 0.028118 0 0.956371 2182.18 2068.85 113.327 0 -29.4241 -30.3733 2 4527.88 186.375 2101 0.000293369
4300 0.669463 0.643318 0.0261442 0 0.960948 2249.38 2133.18 116.199 0 -29.4679 -30.8904 2 4627.88 188.422 2151 0.000299079
4400 0.600215 0.576706 0.0235098 0 0.960831 2309.73 2190.85 118.879 0 -29.5066 -30.949 2 4727.88 190.447 2201 0.00026202
4500 0.579038 0.552013 0.0270253 0 0.953327 2367.4 2246.05 121.347 0 -29.5383 -30.8082 2 4827.88 192.45 2251 0.00024523
4600 0.659393 0.632181 0.0272116 0 0.958732 2433.33 2309.27 124.06 0 -29.5584 -30.2784 2 4927.88 194.433 2301 0.000274742
4700 0.689353 0.660766 0.028587 0 0.958531 2502.49 2375.35 127.144 0 -29.565 -29.7989 2 5027.88 196.396 2351 0.000281058
4800 0.71795 0.68262 0.0353304 0 0.95079 2573.99 2443.61 130.377 0 -29.5675 -29.6551 2 5127.88 198.339 2401 0.000284306
4900 0.692214 0.661247 0.0309674 0 0.955263 2643.25 2509.74 133.513 0 -29.5765 -29.9093 2 5227.88 200.264 2451 0.000269786
5000 0.682197 0.653875 0.0283221 0 0.958484 2711.55 2575.12 136.429 0 -29.5926 -30.2165 2 5327.88 202.17 2501 0.000261446
5100 0.708678 0.679417 0.0292606 0 0.958711 2782.53 2643.06 139.468 0 -29.609 -30.2341 2 5427.88 204.059 2551 0.000266334
5200 0.741742 0.708504 0.0332384 0 0.955189 2856.49 2713.92 142.573 0 -29.632 -30.4976 2 5527.88 205.93 2601 0.000272397
5300 0.733332 0.701196 0.032136 0 0.956178 2929.76 2784.03 145.729 0 -29.6566 -30.6152 2 5627.88 207.784 2651 0.000264502
5400 0.729995 0.698921 0.0310737 0 0.957433 3002.72 2853.93 148.789 0 -29.6764 -30.4719 2 5727.88 209.622 2701 0.000258764
5500 0.7906 0.756745 0.0338551 0 0.957178 3081.81 2929.6 152.207 0 -29.6817 -29.8847 2 5827.88 211.444 2751 0.00027508
5600 0.719187 0.691548 0.0276382 0 0.96157 3154.07 2998.76 155.31 0 -29.6984 -30.4095 2 5927.88 213.25 2801 0.000246893
5700 0.722426 0.694383 0.0280428 0 0.961183 3226.48 3068.19 158.287 0 -29.7164 -30.4994 2 6027.88 215.042 2851 0.000243558
5800 0.696362 0.668821 0.027541 0 0.96045 3296.2 3135.08 161.128 0 -29.7339 -30.5429 2 6127.88 216.818 2901 0.000230549
5900 0.729656 0.701351 0.0283048 0 0.961208 3369.2 3205.21 163.992 0 -29.7383 -29.9373 2 6227.88 218.58 2951 0.000237666
6000 0.742918 0.714443 0.0284748 0 0.961672 3443.64 3276.66 166.981 0 -29.7444 -30.0213 2 6327.88 220.328 3001 0.000238068
6100 0.741957 0.708855 0.0331017 0 0.955386 3517.76 3347.54 170.215 0 -29.7521 -30.1093 2 6427.88 222.062 3051 0.000232335
6200 0.707315 0.676734 0.0305812 0 0.956764 3588.63 3415.22 173.419 0 -29.7693 -30.6233 2 6527.88 223.783 3101 0.000218231
6300 0.69601 0.666614 0.0293961 0 0.957765 3658.31 3481.88 176.431 0 -29.782 -30.439 2 6627.88 225.49 3151 0.000211556
6400 0.734857 0.703826 0.0310304 0 0.957774 3731.83 3552.26 179.572 0 -29.792 -30.2897 2 6727.88 227.185 3201 0.000219877
6500 0.727951 0.698177 0.0297739 0 0.959099 3804.57 3622.08 182.491 0 -29.8008 -30.248 2 6827.88 228.867 3251 0.000214758
6600 0.77526 0.74317 0.0320905 0 0.958607 3882.07 3696.39 185.679 0 -29.814 -30.465 2 6927.88 230.537 3301 0.000225135
6700 0.724539 0.697334 0.027206 0 0.962451 3954.94 3766.13 188.817 0 -29.83 -30.6813 2 7027.88 232.195 3351 0.000208097
6800 0.792952 0.761169 0.0317834 0 0.959918 4034.26 3842.24 192.02 0 -29.8431 -30.498 2 7127.88 233.841 3401 0.000223807
6900 0.766704 0.737138 0.029566 0 0.961438 4111.24 3915.96 195.285 0 -29.8613 -30.8147 2 7227.88 235.475 3451 0.000213601
7000 0.700422 0.672731 0.0276909 0 0.960465 4181.42 3983.23 198.19 0 -29.8823 -31.1091 2 7327.88 237.099 3501 0.000192154
7100 0.698532 0.667489 0.0310427 0 0.95556 4250.85 4049.98 200.867 0 -29.9007 -31.0095 2 7427.88 238.711 3551 0.000187972
7200 0.764843 0.735388 0.0294546 0 0.961489 4327.46 4123.52 203.946 0 -29.9134 -30.6219 2 7527.88 240.313 3601 0.000204218
7300 0.73094 0.70418 0.0267598 0 0.96339 4400.84 4193.94 206.902 0 -29.9323 -31.0461 2 7627.88 241.903 3651 0.000192873
7400 0.730718 0.701904 0.0288145 0 0.960567 4473.79 4264.13 209.666 0 -29.9487 -30.9341 2 7727.88 243.484 3701 0.000189652
7500 0.767422 0.737802 0.0296194 0 0.961404 4550.49 4337.91 212.58 0 -29.9622 -30.7527 2 7827.88 245.054 3751 0.000196695
7600 0.736217 0.707564 0.0286529 0 0.961081 4624.14 4408.66 215.476 0 -29.9782 -30.9649 2 7927.88 246.615 3801 0.000186152
7700 0.701748 0.675364 0.0263845 0 0.962402 4694.38 4476.2 218.176 0 -30.0038 -31.6902 2 8027.88 248.165 3851 0.000175374
7800 0.715471 0.69096 0.0245114 0 0.965741 4766.1 4545.3 220.808 0 -30.0255 -31.4456 2 8127.88 249.706 3901 0.000177124
7900 0.714109 0.687305 0.0268045 0 0.962464 4837.55 4614.03 223.527 0 -30.0484 -31.5792 2 8227.88 251.237 3951 0.000173957
8000 0.753224 0.724445 0.0287783 0 0.961793 4912.96 4686.47 226.493 0 -30.0678 -31.3119 2 8327.88 252.759 4001 0.000181066
8100 0.757485 0.726565 0.03092 0 0.959181 4988.62 4759.13 229.497 0 -30.0921 -31.6701 2 8427.88 254.272 4051 0.000179354
8200 0.712226 0.684759 0.0274667 0 0.961435 5060.06 4827.6 232.454 0 -30.1166 -31.8214 2 8527.88 255.777 4101 0.000166974
8300 0.696646 0.671286 0.0253595 0 0.963598 5129.87 4894.73 235.143 0 -30.1383 -31.7127 2 8627.88 257.272 4151 0.000161717
8400 0.707826 0.681582 0.0262439 0 0.962923 5200.78 4962.89 237.89 0 -30.156 -31.4359 2 8727.88 258.758 4201 0.000162243
8500 0.703626 0.677968 0.0256577 0 0.963535 5271.33 5030.69 240.644 0 -30.1751 -31.5888 2 8827.88 260.237 4251 0.000159484
8600 0.67489 0.649305 0.025585 0 0.96209 5338.91 5095.62 243.29 0 -30.1939 -31.655 2 8927.88 261.706 4301 0.000150966
8700 0.707662 0.68002 0.0276422 0 0.960939 5409.7 5163.62 246.085 0 -30.2058 -31.1052 2 9027.88 263.168 4351 0.000156291
8800 0.735388 0.703365 0.0320227 0 0.956455 5483.03 5233.96 249.076 0 -30.2128 -30.7319 2 9127.88 264.621 4401 0.000159819
8900 0.729653 0.696198 0.0334548 0 0.95415 5555.74 5303.58 252.169 0 -30.2283 -31.3976 2 9227.88 266.067 4451 0.000156414
9000 0.773774 0.742808 0.0309659 0 0.959981 5633.27 5377.86 255.416 0 -30.2438 -31.3495 2 9327.88 267.505 4501 0.000165032
9100 0.770926 0.740788 0.0301385 0 0.960906 5710.59 5451.94 258.65 0 -30.2586 -31.336 2 9427.88 268.935 4551 0.000162775
9200 0.764014 0.731439 0.0325751 0 0.957363 5786.89 5525.08 261.814 0 -30.2752 -31.5192 2 9527.88 270.357 4601 0.000158974
9300 0.789326 0.757546 0.0317794 0 0.959739 5865.93 5600.83 265.094 0 -30.2933 -31.622 2 9627.88 271.772 4651 0.000162878
9400 0.782353 0.752316 0.0300372 0 0.961607 5944.36 5676.07 268.293 0 -30.3103 -31.5829 2 9727.88 273.18 4701 0.000160033
9500 0.732497 0.703787 0.0287101 0 0.960805 6017.73 5746.44 271.285 0 -30.3262 -31.6143 2 9827.88 274.581 4751 0.000148134
9600 0.75042 0.718324 0.032096 0 0.957229 6092.37 5818.28 274.096 0 -30.336 -31.1244 2 9927.88 275.974 4801 0.00014962
9700 0.78055 0.749055 0.0314947 0 0.959651 6170.43 5893.18 277.243 0 -30.3473 -31.2317 2 10027.9 277.361 4851 0.000154412
9800 0.85275 0.816245 0.0365047 0 0.957192 6255.55 5974.81 280.744 0 -30.3547 -30.8848 2 10127.9 278.74 4901 0.000166547
9900 0.857179 0.825603 0.0315759 0 0.963163 6341.71 6057.37 284.345 0 -30.365 -31.1146 2 10227.9 280.113 4951 0.000166755
10000 0.77411 0.744518 0.0295914 0 0.961774 6419.2 6131.82 287.379 0 -30.3781 -31.4486 2 10327.9 281.479 5001 0.000148874
10100 0.771756 0.741902 0.0298535 0 0.961317 6496.21 6206.01 290.199 0 -30.389 -31.2976 2 10427.9 282.838 5051 0.000146882
10200 0.807533 0.779293 0.0282397 0 0.96503 6577.07 6283.94 293.133 0 -30.3971 -31.0521 2 10527.9 284.191 5101 0.000152773
10300 0.752327 0.723608 0.0287197 0 0.961825 6652.3 6356.3 296.004 0 -30.4079 -31.3515 2 10627.9 285.538 5151 0.000140479
10400 0.754748 0.725201 0.0295466 0 0.960852 6727.63 6428.82 298.809 0 -30.4167 -31.1933 2 10727.9 286.878 5201 0.000139435
10500 0.809004 0.775318 0.0336851 0 0.958362 6808.46 6506.35 302.113 0 -30.4273 -31.3117 2 10827.9 288.212 5251 0.000147652
10600 0.80705 0.774018 0.033032 0 0.959071 6889.22 6583.75 305.468 0 -30.4377 -31.3125 2 10927.9 289.54 5301 0.000146014
10700 0.815101 0.783055 0.0320465 0 0.960684 6970.8 6662.06 308.746 0 -30.4399 -30.6224 2 11027.9 290.861 5351 0.000146338
10800 0.781073 0.750347 0.0307261 0 0.960662 7049.07 6737.09 311.972 0 -30.4466 -31.0437 2 11127.9 292.177 5401 0.000138927
10900 0.775479 0.744691 0.0307881 0 0.960298 7126.57 6811.56 315.012 0 -30.4568 -31.3836 2 11227.9 293.487 5451 0.000136615
11000 0.818996 0.785434 0.0335622 0 0.95902 7208.34 6890.11 318.23 0 -30.4667 -31.3312 2 11327.9 294.791 5501 0.00014278
11100 0.761265 0.736328 0.0249366 0 0.967243 7284.88 6963.74 321.145 0 -30.478 -31.5413 2 11427.9 296.089 5551 0.000132648
11200 0.756258 0.727979 0.028279 0 0.962607 7360.48 7036.54 323.947 0 -30.4889 -31.5447 2 11527.9 297.382 5601 0.000129973
11300 0.751593 0.724981 0.0266121 0 0.964592 7435.51 7109.03 326.473 0 -30.499 -31.4897 2 11627.9 298.669 5651 0.000128292
11400 0.75589 0.729518 0.0263726 0 0.965111 7511.16 7181.99 329.175 0 -30.5099 -31.578 2 11727.9 299.951 5701 0.000127963
11500 0.78962 0.7636 0.0260205 0 0.967047 7590.34 7258.35 331.99 0 -30.5223 -31.7031 2 11827.9 301.227 5751 0.000132777
11600 0.736982 0.711304 0.0256777 0 0.965158 7663.93 7329.48 334.452 0 -30.5339 -31.7276 2 11927.9 302.497 5801 0.000122617
11700 0.759268 0.733862 0.0254061 0 0.966539 7739.95 7402.86 337.088 0 -30.5467 -31.8345 2 12027.9 303.763 5851 0.000125425
11800 0.777716 0.745332 0.0323836 0 0.958361 7817.1 7477.4 339.706 0 -30.5557 -31.4612 2 12127.9 305.023 5901 0.000126306
11900 0.806012 0.775395 0.0306172 0 0.962014 7897.54 7554.94 342.603 0 -30.5676 -31.7244 2 12227.9 306.278 5951 0.000130297
12000 0.766408 0.739794 0.0266146 0 0.965274 7974.36 7628.91 345.442 0 -30.5804 -31.8987 2 12327.9 307.528 6001 0.000123278
12100 0.73194 0.705291 0.0266488 0 0.963592 8047.47 7699.44 348.03 0 -30.5918 -31.833 2 12427.9 308.773 6051 0.000116558
12200 0.763892 0.737918 0.0259739 0 0.965998 8124.03 7773.24 350.796 0 -30.5998 -31.4406 2 12527.9 310.012 6101 0.00012095
12300 0.738746 0.713502 0.0252441 0 0.965828 8197.97 7844.59 353.385 0 -30.6112 -31.8573 2 12627.9 311.247 6151 0.000115998
12400 0.746688 0.721427 0.025261 0 0.966169 8272.85 7916.73 356.126 0 -30.622 -31.808 2 12727.9 312.477 6201 0.00011634
12500 0.725136 0.700485 0.0246512 0 0.966005 8345.43 7986.78 358.65 0 -30.6332 -31.9139 2 12827.9 313.702 6251 0.00011206
12600 0.702908 0.682137 0.0207717 0 0.970449 8416.03 8054.99 361.038 0 -30.6471 -32.2891 2 12927.9 314.923 6301 0.000108258
12700 0.745494 0.721874 0.0236198 0 0.968317 8490.62 8127.18 363.446 0 -30.6569 -31.7579 2 13027.9 316.138 6351 0.000113663
12800 0.750473 0.722984 0.0274886 0 0.963372 8565.31 8199.48 365.829 0 -30.6659 -31.6901 2 13127.9 317.349 6401 0.000112949
12900 0.884061 0.848931 0.0351304 0 0.960262 8653.26 8284.37 368.89 0 -30.6704 -31.1107 2 13227.9 318.556 6451 0.000131597
13000 0.901195 0.86294 0.0382551 0 0.957551 8743.23 8370.66 372.566 0 -30.6724 -30.8603 2 13327.9 319.757 6501 0.00013274
13100 0.876245 0.840708 0.0355365 0 0.959445 8830.83 8454.73 376.091 0 -30.6773 -31.1741 2 13427.9 320.955 6551 0.000128333
13200 0.913463 0.876106 0.037357 0 0.959104 8922.08 8542.34 379.731 0 -30.6772 -30.6635 2 13527.9 322.148 6601 0.000132723
13300 0.859063 0.824967 0.0340955 0 0.960311 9007.97 8624.84 383.127 0 -30.6817 -31.1477 2 13627.9 323.336 6651 0.000124037
13400 0.851888 0.819286 0.0326018 0 0.96173 9093.29 8706.77 386.517 0 -30.6888 -31.4374 2 13727.9 324.52 6701 0.000122263
13500 0.898632 0.86152 0.0371119 0 0.958702 9182.89 8792.92 389.968 0 -30.6928 -31.0986 2 13827.9 325.7 6751 0.000127614
13600 0.891142 0.858748 0.0323944 0 0.963648 9272.35 8878.8 393.557 0 -30.6944 -30.8616 2 13927.9 326.876 6801 0.000126268
13700 0.838144 0.80785 0.0302945 0 0.963855 9356.37 8959.58 396.79 0 -30.6981 -31.1099 2 14027.9 328.047 6851 0.000117917
13800 0.823067 0.791795 0.0312726 0 0.962005 9438.56 9038.76 399.8 0 -30.7038 -31.3527 2 14127.9 329.214 6901 0.000114736
13900 0.874434 0.843717 0.0307164 0 0.964873 9526.15 9123.13 403.019 0 -30.709 -31.2604 2 14227.9 330.377 6951 0.000121381
14000 0.870935 0.836218 0.0347167 0 0.960139 9613 9206.76 406.249 0 -30.7138 -31.249 2 14327.9 331.536 7001 0.000119443
14100 0.913803 0.876908 0.0368947 0 0.959625 9704.26 9294.45 409.81 0 -30.7177 -31.1202 2 14427.9 332.691 7051 0.000124367
14200 0.916051 0.880994 0.0350576 0 0.96173 9796.04 9382.55 413.494 0 -30.722 -31.179 2 14527.9 333.842 7101 0.000124066
14300 0.825721 0.797105 0.0286161 0 0.965344 9878.97 9462.26 416.71 0 -30.7304 -31.7204 2 14627.9 334.989 7151 0.000111468
14400 0.887567 0.855373 0.0321942 0 0.963728 9967.87 9547.79 420.073 0 -30.7392 -31.727 2 14727.9 336.132 7201 0.000118785
14500 0.866795 0.832889 0.0339057 0 0.960884 10054.5 9631.08 423.369 0 -30.7453 -31.4404 2 14827.9 337.271 7251 0.000114865
14600 0.949131 0.9127 0.0364303 0 0.961617 10149.5 9722.35 427.112 0 -30.7473 -30.9647 2 14927.9 338.407 7301 0.00012501
14700 0.904198 0.869443 0.0347548 0 0.961563 10240 9809.3 430.656 0 -30.7523 -31.3107 2 15027.9 339.538 7351 0.000118275
14800 0.913704 0.882954 0.0307503 0 0.966345 10331.6 9897.59 434.032 0 -30.7545 -30.9985 2 15127.9 340.666 7401 0.000119302
14900 0.865332 0.834206 0.0311269 0 0.964029 10418.3 9981.01 437.277 0 -30.7618 -31.629 2 15227.9 341.79 7451 0.000111959
15000 0.838288 0.810618 0.0276696 0 0.966993 10502.4 10062.1 440.278 0 -30.7694 -31.7202 2 15327.9 342.911 7501 0.000108068
15100 0.788091 0.764269 0.0238222 0 0.969772 10581.4 10138.5 442.905 0 -30.7781 -31.9345 2 15427.9 344.028 7551 0.000101214
15200 0.8035 0.776123 0.0273774 0 0.965927 10661.6 10216.1 445.49 0 -30.7868 -31.9219 2 15527.9 345.141 7601 0.000102108
15300 0.790614 0.768393 0.0222205 0 0.971895 10740.9 10293 447.971 0 -30.7951 -31.9187 2 15627.9 346.25 7651 0.00010043
15400 0.851039 0.821841 0.0291986 0 0.965691 10825.8 10375.1 450.644 0 -30.7988 -31.2649 2 15727.9 347.356 7701 0.000106719
15500 0.874897 0.843986 0.0309107 0 0.964669 10913.1 10459.5 453.559 0 -30.8038 -31.4297 2 15827.9 348.459 7751 0.000108887
15600 0.917165 0.885428 0.0317373 0 0.965396 11005 10548.1 456.94 0 -30.8085 -31.3626 2 15927.9 349.558 7801 0.000113502
15700 0.837266 0.809333 0.0279329 0 0.966638 11089 10629 459.957 0 -30.8162 -31.8291 2 16027.9 350.653 7851 0.000103087
15800 0.847479 0.817623 0.0298557 0 0.964771 11173.6 10710.8 462.834 0 -30.8242 -31.8663 2 16127.9 351.746 7901 0.000103483
15900 0.848576 0.818667 0.029909 0 0.964754 11258.4 10792.6 465.785 0 -30.8304 -31.6476 2 16227.9 352.834 7951 0.000102964
16000 0.907494 0.875815 0.0316785 0 0.965092 11349.2 10880.2 468.976 0 -30.8346 -31.3538 2 16327.9 353.92 8001 0.000109463
16100 0.903267 0.869163 0.0341037 0 0.962244 11439.4 10967.1 472.279 0 -30.8372 -31.1712 2 16427.9 355.002 8051 0.000107957
16200 0.953966 0.920153 0.0338124 0 0.964556 11534.8 11059.2 475.603 0 -30.8402 -31.2001 2 16527.9 356.081 8101 0.000113585
16300 0.895062 0.864533 0.030529 0 0.965892 11624.3 11145.6 478.671 0 -30.846 -31.5833 2 16627.9 357.156 8151 0.000106065
16400 0.878555 0.849202 0.0293531 0 0.966589 11712.2 11230.5 481.683 0 -30.8509 -31.5094 2 16727.9 358.229 8201 0.000103549
16500 0.877588 0.847595 0.0299933 0 0.965823 11800 11315.3 484.735 0 -30.8559 -31.5211 2 16827.9 359.298 8251 0.000102726
16600 0.858664 0.829946 0.0287177 0 0.966555 11885.9 11398.3 487.582 0 -30.8629 -31.8235 2 16927.9 360.364 8301 9.99815e-05
16700 0.876146 0.845916 0.0302291 0 0.965498 11973.5 11482.9 490.65 0 -30.8684 -31.615 2 17027.9 361.427 8351 0.000101295
16800 0.810259 0.784752 0.0255076 0 0.968519 12054.7 11561.3 493.347 0 -30.8767 -32.0983 2 17127.9 362.487 8401 9.34117e-05
16900 0.825079 0.800957 0.024122 0 0.970764 12137.4 11641.4 495.927 0 -30.8864 -32.3001 2 17227.9 363.543 8451 9.47766e-05
17000 0.856347 0.828978 0.0273694 0 0.968039 12222.8 11724.3 498.471 0 -30.894 -31.9674 2 17327.9 364.597 8501 9.75153e-05
17100 0.849076 0.821516 0.0275596 0 0.967542 12307.7 11806.5 501.232 0 -30.9011 -31.9312 2 17427.9 365.647 8551 9.60726e-05
17200 0.818468 0.792565 0.0259026 0 0.968352 12389.6 11885.7 503.839 0 -30.9074 -31.8468 2 17527.9 366.695 8601 9.2148e-05
17300 0.887147 0.858412 0.0287358 0 0.967609 12478.3 11971.6 506.666 0 -30.9152 -32.0139 2 17627.9 367.739 8651 9.92269e-05
17400 0.924859 0.891055 0.0338039 0 0.96345 12570.6 12060.7 509.886 0 -30.9195 -31.5022 2 17727.9 368.781 8701 0.000102408
17500 0.925572 0.892063 0.0335088 0 0.963797 12663.2 12149.9 513.3 0 -30.924 -31.5306 2 17827.9 369.82 8751 0.000101938
17600 0.931199 0.895819 0.0353797 0 0.962006 12756.1 12239.5 516.629 0 -30.9274 -31.3971 2 17927.9 370.855 8801 0.000101786
17700 0.939471 0.905129 0.0343423 0 0.963445 12850.1 12330 520.109 0 -30.9305 -31.347 2 18027.9 371.888 8851 0.000102263
17800 0.920461 0.88354 0.0369202 0 0.959889 12941.9 12418.4 523.571 0 -30.9331 -31.2928 2 18127.9 372.918 8901 9.92631e-05
17900 0.886178 0.852717 0.0334611 0 0.962241 13030.6 12503.6 526.951 0 -30.9375 -31.5776 2 18227.9 373.945 8951 9.5265e-05
18000 0.932654 0.894833 0.0378207 0 0.959448 13123.7 12593.1 530.55 0 -30.9413 -31.4754 2 18327.9 374.97 9001 9.94149e-05
18100 0.87066 0.838787 0.0318733 0 0.963392 13210.9 12677 533.879 0 -30.9476 -31.9043 2 18427.9 375.991 9051 9.26734e-05
18200 0.844885 0.816854 0.0280305 0 0.966823 13295.5 12758.7 536.861 0 -30.9546 -32.0359 2 18527.9 377.01 9101 8.97544e-05
18300 0.925462 0.894646 0.030816 0 0.966702 13388.1 12848.1 539.931 0 -30.9597 -31.6981 2 18627.9 378.026 9151 9.77648e-05
18400 0.899088 0.871419 0.0276694 0 0.969225 13478.2 12935.3 542.945 0 -30.9668 -32.0261 2 18727.9 379.039 9201 9.47091e-05
18500 0.846212 0.822662 0.02355 0 0.97217 13563 13017.5 545.503 0 -30.975 -32.2744 2 18827.9 380.05 9251 8.89268e-05
18600 0.808468 0.784314 0.0241536 0 0.970124 13643.9 13096 547.892 0 -30.9832 -32.3551 2 18927.9 381.058 9301 8.43258e-05
18700 0.856237 0.829057 0.0271801 0 0.968256 13729.6 13178.9 550.724 0 -30.9885 -31.8303 2 19027.9 382.063 9351 8.86597e-05
18800 0.849181 0.820467 0.028714 0 0.966186 13814.4 13260.9 553.486 0 -30.9961 -32.2244 2 19127.9 383.066 9401 8.72745e-05
18900 0.808756 0.784852 0.0239039 0 0.970444 13895.6 13339.4 556.142 0 -31.0049 -32.5116 2 19227.9 384.066 9451 8.30444e-05
19000 0.765448 0.745027 0.0204207 0 0.973322 13972.5 13413.9 558.581 0 -31.0153 -32.8911 2 19327.9 385.063 9501 7.84156e-05
19100 0.800665 0.773442 0.0272229 0 0.966 14052.2 13491.3 560.913 0 -31.0221 -32.2085 2 19427.9 386.058 9551 8.09802e-05
19200 0.789563 0.76684 0.0227234 0 0.97122 14131.4 13567.9 563.49 0 -31.031 -32.6045 2 19527.9 387.051 9601 7.98708e-05
19300 0.786336 0.761717 0.0246192 0 0.968691 14209.9 13644.1 565.807 0 -31.0392 -32.5206 2 19627.9 388.04 9651 7.89262e-05
19400 0.846013 0.821498 0.0245152 0 0.971023 14294.6 13726.3 568.307 0 -31.0464 -32.2528 2 19727.9 389.027 9701 8.46818e-05
19500 0.864412 0.835278 0.0291334 0 0.966297 14380.8 13809.8 570.964 0 -31.0531 -32.1616 2 19827.9 390.012 9751 8.56608e-05
19600 0.839433 0.813382 0.0260507 0 0.968966 14464.9 13891.1 573.743 0 -31.0605 -32.3289 2 19927.9 390.994 9801 8.29897e-05
19700 0.861171 0.83056 0.0306108 0 0.964454 14550.9 13974.2 576.684 0 -31.0655 -31.9161 2 20027.9 391.974 9851 8.43122e-05
19800 0.883832 0.851644 0.0321883 0 0.963581 14639.1 14059.4 579.794 0 -31.0693 -31.6917 2 20127.9 392.952 9901 8.60159e-05
19900 0.860128 0.829346 0.030782 0 0.964212 14725.2 14142.3 582.894 0 -31.0733 -31.7582 2 20227.9 393.927 9951 8.3343e-05
20000 0.906289 0.874669 0.0316201 0 0.96511 14816 14229.8 586.226 0 -31.0777 -31.7868 2 20327.9 394.899 10001 8.74581e-05
