100 0.117297 0.107247 0.0100499 0 0.914321 11.3387 10.7247 0.614005 0 -28.5775 -28.5775 4 429.882 57.4268 26 0.00412487
200 0.141435 0.131418 0.0100167 0 0.929178 25.5576 23.8665 1.69109 0 -28.4917 -28.4233 4 529.882 63.7572 51 0.00257683
300 0.143446 0.132364 0.0110814 0 0.922749 39.8107 37.103 2.70777 0 -28.5144 -28.555 4 629.882 69.5136 76 0.00174164
400 0.174462 0.16135 0.0131119 0 0.924844 57.063 53.238 3.82507 0 -28.4847 -28.4163 4 729.882 74.8284 101 0.00159753
500 0.211507 0.198514 0.0129926 0 0.938571 78.374 73.0894 5.28461 0 -28.4752 -28.4497 4 829.882 79.7899 126 0.00157551
600 0.190169 0.177304 0.0128652 0 0.932349 97.4335 90.8198 6.61373 0 -28.4595 -28.3949 4 929.882 84.4605 151 0.0011742
700 0.216691 0.201896 0.0147953 0 0.931722 119.103 111.009 8.09354 0 -28.364 -27.9344 4 1029.88 88.8861 176 0.00114714
800 0.221303 0.206218 0.0150848 0 0.931836 141.282 131.631 9.65132 0 -28.3597 -28.337 4 1129.88 93.1015 201 0.00102596
900 0.2905 0.272756 0.0177442 0 0.938918 170.254 158.907 11.3477 0 -28.2499 -27.7143 4 1229.88 97.1341 226 0.00120688
1000 0.296045 0.278687 0.017358 0 0.941367 199.902 186.775 13.1268 0 -28.1694 -27.7069 4 1329.88 101.006 251 0.00111031
1100 0.264569 0.249585 0.0149846 0 0.943362 226.515 211.734 14.7812 0 -28.1243 -27.7861 4 1429.88 104.735 276 0.000904292
1200 0.287504 0.271856 0.0156485 0 0.945571 255.53 238.92 16.6105 0 -28.1057 -27.96 4 1529.88 108.335 301 0.000903176
1300 0.243332 0.227198 0.0161341 0 0.933695 279.707 261.639 18.0676 0 -28.1018 -28.0606 4 1629.88 111.82 326 0.000696927
1400 0.263936 0.24396 0.0199762 0 0.924314 305.669 286.035 19.6339 0 -28.0836 -27.8875 4 1729.88 115.199 351 0.000695042
1500 0.286446 0.271241 0.0152053 0 0.946917 334.514 313.159 21.3541 0 -28.1091 -28.3794 4 1829.88 118.482 376 0.000721385
1600 0.274193 0.257047 0.0171454 0 0.93747 361.781 338.864 22.9164 0 -28.1113 -28.1387 4 1929.88 121.676 401 0.000641016
1700 0.322871 0.303269 0.0196021 0 0.939288 394.007 369.191 24.8157 0 -28.1103 -28.099 4 2029.88 124.789 426 0.000711898
1800 0.315231 0.297563 0.0176674 0 0.943954 425.783 398.947 26.8356 0 -28.1801 -29.0453 4 2129.88 127.826 451 0.000659786
1900 0.255265 0.240586 0.0146793 0 0.942494 451.466 423.006 28.4598 0 -28.2473 -29.3606 4 2229.88 130.792 476 0.000505432
2000 0.226311 0.215532 0.0107795 0 0.952369 474.245 444.559 29.6859 0 -28.3215 -29.7935 4 2329.88 133.692 501 0.000430203
2100 0.266396 0.253544 0.0128514 0 0.951758 500.882 469.914 30.9685 0 -28.4062 -29.9132 4 2429.88 136.531 526 0.000482024
2200 0.270173 0.257716 0.0124574 0 0.953891 527.98 495.685 32.2948 0 -28.4981 -30.1977 4 2529.88 139.313 551 0.000467724
2300 0.287639 0.27359 0.0140487 0 0.951158 556.822 523.044 33.7777 0 -28.522 -28.9591 4 2629.88 142.039 576 0.000474983
2400 0.309621 0.295021 0.0146 0 0.952846 587.884 552.546 35.3377 0 -28.563 -29.2978 4 2729.88 144.714 601 0.000490884
2500 0.365652 0.346094 0.0195575 0 0.946513 624.402 587.156 37.246 0 -28.5695 -28.6746 4 2829.88 147.341 626 0.000552866
2600 0.315635 0.297746 0.017889 0 0.943324 656.07 616.93 39.1399 0 -28.5843 -28.8751 4 2929.88 149.922 651 0.000457367
2700 0.288457 0.274777 0.0136807 0 0.952573 685.106 644.408 40.6978 0 -28.636 -29.8043 4 3029.88 152.459 676 0.000406474
2800 0.340995 0.323123 0.0178715 0 0.94759 719.209 676.72 42.4891 0 -28.631 -28.532 4 3129.88 154.954 701 0.000460946
2900 0.341523 0.323457 0.0180659 0 0.947102 753.406 709.066 44.3399 0 -28.6367 -28.7547 4 3229.88 157.41 726 0.000445533
3000 0.323109 0.303828 0.0192817 0 0.940325 785.55 739.449 46.1016 0 -28.6547 -29.0778 4 3329.88 159.829 751 0.000404564
3100 0.318466 0.300835 0.0176311 0 0.944637 817.404 769.532 47.8722 0 -28.6763 -29.2097 4 3429.88 162.211 776 0.000387674
3200 0.275503 0.262051 0.0134522 0 0.951172 845.165 795.737 49.4276 0 -28.7101 -29.7035 4 3529.88 164.558 801 0.000327155
3300 0.272412 0.261135 0.0112769 0 0.958604 872.577 821.851 50.7261 0 -28.76 -30.3 4 3629.88 166.873 826 0.000316144
3400 0.28161 0.268034 0.0135767 0 0.951789 900.705 848.654 52.0508 0 -28.8077 -30.288 4 3729.88 169.156 851 0.000314963
3500 0.29878 0.284762 0.0140183 0 0.953082 930.576 877.13 53.4455 0 -28.8383 -29.7586 4 3829.88 171.409 876 0.000325071
3600 0.290711 0.278561 0.0121506 0 0.958204 959.692 904.986 54.7051 0 -28.8812 -30.2522 4 3929.88 173.632 901 0.000309169
3700 0.291991 0.279001 0.0129896 0 0.955513 988.847 932.887 55.9607 0 -28.9318 -30.5987 4 4029.88 175.827 926 0.000301297
3800 0.293018 0.281827 0.0111908 0 0.961808 1018.25 961.069 57.1817 0 -28.9715 -30.3079 4 4129.88 177.995 951 0.000296348
3900 0.318606 0.304464 0.0141415 0 0.955614 1050.02 991.516 58.5028 0 -29.0085 -30.1927 4 4229.88 180.138 976 0.000311951
4000 0.289412 0.278765 0.0106463 0 0.963214 1079.22 1019.39 59.825 0 -29.0528 -30.6479 4 4329.88 182.254 1001 0.000278487
4100 0.300395 0.288644 0.0117517 0 0.960879 1109.25 1048.26 60.9914 0 -29.0907 -30.4523 4 4429.88 184.347 1026 0.000281329
4200 0.292528 0.28174 0.0107876 0 0.963123 1138.58 1076.43 62.1491 0 -29.1344 -30.7856 4 4529.88 186.416 1051 0.000268069
4300 0.325158 0.310966 0.0141915 0 0.956355 1171.04 1107.53 63.5159 0 -29.1724 -30.5042 4 4629.88 188.463 1076 0.000289002
4400 0.363936 0.347724 0.0162124 0 0.955453 1207.41 1142.3 65.1133 0 -29.1967 -29.9809 4 4729.88 190.487 1101 0.000315825
4500 0.377422 0.359049 0.0183734 0 0.951319 1245.09 1178.2 66.8866 0 -29.2296 -30.284 4 4829.88 192.49 1126 0.000318871
4600 0.376655 0.358882 0.0177723 0 0.952815 1282.84 1214.09 68.75 0 -29.2391 -29.552 4 4929.88 194.473 1151 0.000311801
4700 0.35308 0.334915 0.0181655 0 0.948551 1317.98 1247.58 70.3944 0 -29.2568 -29.9025 4 5029.88 196.435 1176 0.000284792
4800 0.35962 0.340613 0.0190069 0 0.947147 1353.79 1281.65 72.1424 0 -29.2665 -29.625 4 5129.88 198.378 1201 0.000283608
4900 0.380889 0.364473 0.0164165 0 0.9569 1392 1318.09 73.904 0 -29.2838 -29.8953 4 5229.88 200.302 1226 0.000297286
5000 0.384532 0.367175 0.0173571 0 0.954862 1430.47 1354.81 75.6597 0 -29.2904 -29.5279 4 5329.88 202.208 1251 0.000293505
5100 0.364417 0.349 0.0154176 0 0.957692 1467.04 1389.71 77.3303 0 -29.3026 -29.7803 4 5429.88 204.096 1276 0.000273511
5200 0.329155 0.31821 0.0109445 0 0.96675 1500.25 1421.53 78.7141 0 -29.3258 -30.3523 4 5529.88 205.967 1301 0.000244589
5300 0.317087 0.3033 0.0137864 0 0.956522 1531.81 1451.86 79.9505 0 -29.3421 -30.1156 4 5629.88 207.821 1326 0.000228733
5400 0.306804 0.294176 0.012628 0 0.95884 1562.47 1481.28 81.1907 0 -29.369 -30.7139 4 5729.88 209.659 1351 0.000217747
5500 0.337676 0.325979 0.0116968 0 0.965361 1596.36 1513.88 82.4801 0 -29.4006 -30.8559 4 5829.88 211.48 1376 0.000236903
5600 0.333731 0.31925 0.0144813 0 0.956608 1629.5 1545.8 83.6976 0 -29.4227 -30.488 4 5929.88 213.286 1401 0.000227873
5700 0.346397 0.334951 0.0114454 0 0.966959 1664.33 1579.3 85.0346 0 -29.445 -30.4896 4 6029.88 215.077 1426 0.000234889
5800 0.309473 0.29933 0.0101434 0 0.967224 1695.4 1609.23 86.17 0 -29.4769 -31.188 4 6129.88 216.853 1451 0.000206292
5900 0.352853 0.33881 0.0140426 0 0.960203 1730.68 1643.11 87.5642 0 -29.5011 -30.6626 4 6229.88 218.615 1476 0.000229546
6000 0.336395 0.323394 0.0130013 0 0.961351 1764.3 1675.45 88.8526 0 -29.5313 -31.0858 4 6329.88 220.363 1501 0.000215452
6100 0.32397 0.312346 0.0116235 0 0.964122 1796.74 1706.68 90.0508 0 -29.5579 -31.0014 4 6429.88 222.096 1526 0.000204683
6200 0.331342 0.317308 0.0140339 0 0.957645 1829.78 1738.42 91.3649 0 -29.5774 -30.6411 4 6529.88 223.817 1551 0.000204583
6300 0.315671 0.303818 0.0118532 0 0.962451 1861.51 1768.8 92.713 0 -29.5999 -30.8975 4 6629.88 225.524 1576 0.000192778
6400 0.332044 0.31758 0.0144637 0 0.95644 1894.61 1800.56 94.0555 0 -29.6173 -30.5943 4 6729.88 227.219 1601 0.000198363
6500 0.335415 0.322643 0.0127719 0 0.961922 1928.26 1832.82 95.4359 0 -29.6352 -30.6464 4 6829.88 228.9 1626 0.000198428
6600 0.321814 0.307057 0.0147575 0 0.954143 1960.23 1863.53 96.7071 0 -29.654 -30.7838 4 6929.88 230.57 1651 0.000185982
6700 0.346676 0.331392 0.0152839 0 0.955913 1994.95 1896.66 98.2833 0 -29.6648 -30.2767 4 7029.88 232.228 1676 0.000197728
6800 0.342613 0.327806 0.0148066 0 0.956783 2029.25 1929.45 99.8002 0 -29.6825 -30.7109 4 7129.88 233.874 1701 0.000192714
6900 0.343303 0.328287 0.0150163 0 0.956259 2063.47 1962.27 101.201 0 -29.6984 -30.6441 4 7229.88 235.508 1726 0.000190201
7000 0.37072 0.354096 0.0166244 0 0.955156 2100.53 1997.68 102.847 0 -29.7136 -30.5572 4 7329.88 237.131 1751 0.000202225
7100 0.380475 0.363848 0.0166268 0 0.9563 2138.57 2034.07 104.498 0 -29.7306 -30.672 4 7429.88 238.743 1776 0.000204869
7200 0.406415 0.389501 0.0169137 0 0.958383 2179.26 2073.02 106.244 0 -29.741 -30.2841 4 7529.88 240.344 1801 0.000216269
7300 0.417408 0.397686 0.0197225 0 0.95275 2220.82 2112.79 108.03 0 -29.7486 -30.146 4 7629.88 241.935 1826 0.000217791
7400 0.424278 0.407405 0.0168729 0 0.960231 2263.43 2153.53 109.898 0 -29.7588 -30.2913 4 7729.88 243.515 1851 0.0002201
7500 0.389413 0.374868 0.0145454 0 0.962648 2302.6 2191.01 111.584 0 -29.7741 -30.6577 4 7829.88 245.086 1876 0.000199823
7600 0.374065 0.356693 0.017372 0 0.953559 2339.94 2226.68 113.257 0 -29.7893 -30.7308 4 7929.88 246.646 1901 0.000187634
7700 0.382662 0.367705 0.0149567 0 0.960914 2378.36 2263.45 114.909 0 -29.8042 -30.7082 4 8029.88 248.196 1926 0.000190917
7800 0.392769 0.377012 0.0157572 0 0.959882 2417.73 2301.16 116.576 0 -29.8215 -30.868 4 8129.88 249.737 1951 0.00019324
7900 0.403181 0.387412 0.0157685 0 0.96089 2458.15 2339.9 118.258 0 -29.8292 -30.2899 4 8229.88 251.268 1976 0.000196059
8000 0.395346 0.379954 0.0153913 0 0.961069 2497.72 2377.89 119.827 0 -29.844 -30.7623 4 8329.88 252.79 2001 0.000189882
8100 0.391798 0.375028 0.0167698 0 0.957198 2536.83 2415.39 121.434 0 -29.8588 -30.8068 4 8429.88 254.303 2026 0.000185108
8200 0.366711 0.352471 0.0142396 0 0.961169 2573.69 2450.64 123.045 0 -29.8783 -31.2186 4 8529.88 255.806 2051 0.000171853
8300 0.392372 0.375258 0.017114 0 0.956383 2612.8 2488.17 124.634 0 -29.8909 -30.7211 4 8629.88 257.302 2076 0.00018076
8400 0.413347 0.395882 0.0174648 0 0.957748 2654.1 2527.76 126.347 0 -29.9063 -30.8763 4 8729.88 258.788 2101 0.000188425
8500 0.401225 0.385763 0.0154616 0 0.961464 2694.28 2566.33 127.952 0 -29.9289 -31.4247 4 8829.88 260.266 2126 0.00018145
8600 0.379702 0.366007 0.0136949 0 0.963932 2732.38 2602.93 129.447 0 -29.9507 -31.4945 4 8929.88 261.736 2151 0.000170157
8700 0.389699 0.375303 0.014396 0 0.963059 2771.32 2640.46 130.854 0 -29.9736 -31.5773 4 9029.88 263.197 2176 0.000172474
8800 0.395523 0.380235 0.0152877 0 0.961348 2810.93 2678.49 132.445 0 -29.9941 -31.4298 4 9129.88 264.65 2201 0.000172756
8900 0.410526 0.393824 0.0167019 0 0.959316 2851.88 2717.87 134.014 0 -30.0157 -31.4997 4 9229.88 266.096 2226 0.00017692
9000 0.395188 0.381357 0.0138312 0 0.965001 2891.56 2756 135.552 0 -30.0403 -31.8091 4 9329.88 267.533 2251 0.000169417
9100 0.386393 0.373848 0.0125458 0 0.967531 2930.32 2793.39 136.929 0 -30.0609 -31.5955 4 9429.88 268.963 2276 0.000164256
9200 0.412873 0.39725 0.0156228 0 0.962161 2971.54 2833.11 138.422 0 -30.0737 -30.9806 4 9529.88 270.386 2301 0.000172642
9300 0.407518 0.393533 0.0139848 0 0.965683 3012.42 2872.47 139.953 0 -30.0846 -30.8781 4 9629.88 271.801 2326 0.000169189
9400 0.368132 0.355272 0.0128592 0 0.965069 3049.26 2908 141.269 0 -30.1026 -31.578 4 9729.88 273.208 2351 0.000151115
9500 0.365465 0.352163 0.0133028 0 0.9636 3085.78 2943.21 142.57 0 -30.1227 -31.7994 4 9829.88 274.609 2376 0.000148217
9600 0.341676 0.331549 0.0101269 0 0.970361 3120 2976.37 143.636 0 -30.1435 -32.0152 4 9929.88 276.002 2401 0.000138088
9700 0.358446 0.348337 0.0101094 0 0.971797 3155.94 3011.2 144.741 0 -30.1647 -32.0086 4 10029.9 277.388 2426 0.000143585
9800 0.369469 0.35682 0.0126495 0 0.965763 3192.76 3046.88 145.881 0 -30.1832 -31.7694 4 10129.9 278.768 2451 0.000145581
9900 0.378438 0.366335 0.0121024 0 0.96802 3230.71 3083.52 147.195 0 -30.1968 -31.3388 4 10229.9 280.14 2476 0.000147955
10000 0.349611 0.34002 0.00959101 0 0.972567 3265.86 3117.52 148.342 0 -30.2171 -32.085 4 10329.9 281.506 2501 0.000135953
10100 0.344379 0.333859 0.0105205 0 0.969451 3300.26 3150.9 149.353 0 -30.2363 -32.0564 4 10429.9 282.865 2526 0.000132169
10200 0.408298 0.393931 0.0143664 0 0.964814 3341.05 3190.3 150.749 0 -30.245 -30.9477 4 10529.9 284.218 2551 0.000154422
10300 0.375236 0.362759 0.0124776 0 0.966747 3378.72 3226.57 152.143 0 -30.2584 -31.453 4 10629.9 285.565 2576 0.000140822
10400 0.352892 0.341417 0.0114751 0 0.967483 3414.09 3260.71 153.372 0 -30.2721 -31.5803 4 10729.9 286.905 2601 0.000131264
10500 0.333187 0.32234 0.0108475 0 0.967443 3447.46 3292.95 154.514 0 -30.2869 -31.7946 4 10829.9 288.238 2626 0.000122749
10600 0.321386 0.310176 0.0112101 0 0.965119 3479.57 3323.97 155.602 0 -30.3023 -31.9605 4 10929.9 289.566 2651 0.000117003
10700 0.331716 0.320711 0.0110055 0 0.966822 3512.85 3356.04 156.818 0 -30.3201 -32.1794 4 11029.9 290.888 2676 0.000119847
10800 0.301753 0.291978 0.00977481 0 0.967607 3543.08 3385.23 157.849 0 -30.3392 -32.5553 4 11129.9 292.203 2701 0.0001081
10900 0.367386 0.350589 0.0167969 0 0.95428 3579.49 3420.29 159.196 0 -30.3416 -30.5783 4 11229.9 293.513 2726 0.000128609
11000 0.372236 0.357422 0.0148141 0 0.960202 3616.62 3456.04 160.581 0 -30.3458 -30.7539 4 11329.9 294.817 2751 0.000129924
11100 0.387817 0.369615 0.0182015 0 0.953067 3655.13 3493 162.134 0 -30.3483 -30.5831 4 11429.9 296.115 2776 0.000133147
11200 0.407307 0.390548 0.0167592 0 0.958854 3696.09 3532.05 164.042 0 -30.3444 -29.9918 4 11529.9 297.408 2801 0.000139432
11300 0.353331 0.339598 0.0137329 0 0.961133 3731.58 3566.01 165.571 0 -30.3489 -30.8193 4 11629.9 298.695 2826 0.000120169
11400 0.377181 0.360673 0.0165077 0 0.956234 3769.22 3602.08 167.142 0 -30.3511 -30.5687 4 11729.9 299.976 2851 0.000126507
11500 0.396897 0.383038 0.0138597 0 0.96508 3809.05 3640.38 168.666 0 -30.3608 -31.2817 4 11829.9 301.252 2876 0.000133184
11600 0.356369 0.343508 0.0128605 0 0.963913 3844.68 3674.73 169.943 0 -30.3706 -31.4139 4 11929.9 302.523 2901 0.00011841
11700 0.37609 0.363022 0.013068 0 0.965253 3882.3 3711.04 171.269 0 -30.3795 -31.2937 4 12029.9 303.788 2926 0.000124068
11800 0.378187 0.363476 0.0147108 0 0.961102 3920.05 3747.38 172.67 0 -30.3901 -31.48 4 12129.9 305.048 2951 0.00012317
11900 0.367979 0.355753 0.0122261 0 0.966775 3956.95 3782.96 173.993 0 -30.4012 -31.5772 4 12229.9 306.303 2976 0.000119541
12000 0.331563 0.32127 0.0102922 0 0.968959 3990.15 3815.09 175.065 0 -30.4138 -31.9118 4 12329.9 307.553 3001 0.000107054
12100 0.328856 0.320416 0.00844011 0 0.974335 4023.19 3847.13 176.065 0 -30.4292 -32.2918 4 12429.9 308.797 3026 0.000105888
12200 0.364251 0.352045 0.0122054 0 0.966492 4059.47 3882.33 177.135 0 -30.4433 -32.0128 4 12529.9 310.037 3051 0.000115387
12300 0.366436 0.353732 0.0127041 0 0.965331 4096.11 3917.71 178.4 0 -30.46 -32.302 4 12629.9 311.272 3076 0.000114998
12400 0.342618 0.331272 0.0113453 0 0.966887 4130.42 3950.83 179.584 0 -30.4779 -32.6197 4 12729.9 312.502 3101 0.000106828
12500 0.352455 0.338812 0.0136435 0 0.96129 4165.6 3984.71 180.89 0 -30.4912 -32.0565 4 12829.9 313.727 3126 0.000108385
12600 0.367006 0.353475 0.0135308 0 0.963132 4202.38 4020.06 182.323 0 -30.5034 -31.8772 4 12929.9 314.947 3151 0.000112179
12700 0.398363 0.383058 0.0153044 0 0.961582 4242.24 4058.37 183.874 0 -30.5111 -31.3249 4 13029.9 316.162 3176 0.00012061
12800 0.378331 0.365495 0.0128359 0 0.966072 4280.3 4094.92 185.384 0 -30.5236 -31.9196 4 13129.9 317.373 3201 0.000114182
12900 0.38861 0.37329 0.0153193 0 0.960579 4319.09 4132.25 186.843 0 -30.5275 -30.956 4 13229.9 318.58 3226 0.000115713
13000 0.437959 0.421872 0.0160875 0 0.963267 4362.98 4174.43 188.547 0 -30.5352 -31.2937 4 13329.9 319.781 3251 0.000129767
13100 0.388147 0.373984 0.0141627 0 0.963512 4401.95 4211.83 190.118 0 -30.5464 -31.8036 4 13429.9 320.979 3276 0.000114159
13200 0.378567 0.36561 0.0129576 0 0.965772 4439.91 4248.39 191.516 0 -30.5582 -31.9272 4 13529.9 322.171 3301 0.000110757
13300 0.376814 0.362174 0.0146407 0 0.961146 4477.54 4284.61 192.929 0 -30.5709 -32.0621 4 13629.9 323.36 3326 0.000108892
13400 0.431309 0.415133 0.0161752 0 0.962497 4520.77 4326.12 194.645 0 -30.5815 -31.6861 4 13729.9 324.544 3351 0.000123883
13500 0.437398 0.418528 0.0188703 0 0.956858 4564.42 4367.98 196.446 0 -30.5871 -31.1647 4 13829.9 325.724 3376 0.000123972
13600 0.42846 0.411014 0.0174453 0 0.959284 4607.4 4409.08 198.324 0 -30.5962 -31.5613 4 13929.9 326.899 3401 0.000120851
13700 0.391159 0.375061 0.0160983 0 0.958845 4646.47 4446.58 199.884 0 -30.6076 -31.9508 4 14029.9 328.07 3426 0.000109475
13800 0.389616 0.375354 0.014262 0 0.963395 4685.51 4484.12 201.39 0 -30.6182 -31.8858 4 14129.9 329.238 3451 0.000108767
13900 0.423731 0.406771 0.0169602 0 0.959974 4727.8 4524.8 203.005 0 -30.6251 -31.3889 4 14229.9 330.401 3476 0.000117023
14000 0.38251 0.369858 0.0126515 0 0.966925 4766.26 4561.78 204.48 0 -30.6375 -32.1546 4 14329.9 331.559 3501 0.000105644
14100 0.395023 0.38142 0.0136031 0 0.965564 4805.68 4599.92 205.756 0 -30.6487 -32.0104 4 14429.9 332.714 3526 0.000108174
14200 0.397169 0.384618 0.0125512 0 0.968398 4845.49 4638.39 207.106 0 -30.6583 -31.808 4 14529.9 333.865 3551 0.000108313
14300 0.398046 0.384856 0.0131902 0 0.966863 4885.34 4676.87 208.47 0 -30.6655 -31.5441 4 14629.9 335.012 3576 0.000107622
14400 0.413254 0.399495 0.0137586 0 0.966707 4926.68 4716.82 209.856 0 -30.67 -31.2002 4 14729.9 336.155 3601 0.00011094
14500 0.416576 0.402721 0.0138556 0 0.966739 4968.37 4757.09 211.282 0 -30.6718 -30.8841 4 14829.9 337.294 3626 0.000111065
14600 0.434093 0.416905 0.0171872 0 0.960407 5011.65 4798.78 212.862 0 -30.6778 -31.3732 4 14929.9 338.43 3651 0.000114189
14700 0.459908 0.442402 0.0175054 0 0.961937 5057.72 4843.02 214.693 0 -30.6772 -30.6122 4 15029.9 339.561 3676 0.000120349
14800 0.422719 0.406806 0.0159132 0 0.962355 5100.05 4883.7 216.349 0 -30.6781 -30.7859 4 15129.9 340.689 3701 0.000109918
14900 0.423741 0.407241 0.0164992 0 0.961063 5142.53 4924.43 218.104 0 -30.6804 -30.9501 4 15229.9 341.813 3726 0.000109297
15000 0.427101 0.411494 0.0156069 0 0.963458 5185.37 4965.58 219.796 0 -30.684 -31.1235 4 15329.9 342.933 3751 0.000109702
15100 0.410766 0.397637 0.0131289 0 0.968038 5226.68 5005.34 221.341 0 -30.6921 -31.6995 4 15429.9 344.05 3776 0.000105306
15200 0.39134 0.377125 0.0142148 0 0.963677 5265.73 5043.05 222.676 0 -30.7014 -31.946 4 15529.9 345.163 3801 9.92173e-05
15300 0.45158 0.437495 0.0140852 0 0.968809 5310.98 5086.8 224.182 0 -30.7075 -31.4269 4 15629.9 346.272 3826 0.000114348
15400 0.423005 0.408899 0.0141056 0 0.966654 5353.3 5127.69 225.603 0 -30.714 -31.5227 4 15729.9 347.378 3851 0.00010618
15500 0.42498 0.410457 0.0145228 0 0.965827 5395.91 5168.74 227.176 0 -30.7196 -31.4288 4 15829.9 348.481 3876 0.000105897
15600 0.429932 0.414281 0.0156508 0 0.963597 5438.98 5210.17 228.814 0 -30.7246 -31.3507 4 15929.9 349.58 3901 0.000106199
15700 0.442346 0.423956 0.0183906 0 0.958425 5483.13 5252.56 230.569 0 -30.7308 -31.4902 4 16029.9 350.675 3926 0.000107987
15800 0.457993 0.439618 0.0183747 0 0.95988 5529 5296.52 232.474 0 -30.7344 -31.1627 4 16129.9 351.767 3951 0.000111268
15900 0.420895 0.407123 0.0137716 0 0.96728 5571.41 5337.24 234.169 0 -30.7427 -31.8311 4 16229.9 352.856 3976 0.000102395
16000 0.388586 0.375208 0.0133778 0 0.965573 5610.18 5374.76 235.426 0 -30.7521 -32.0943 4 16329.9 353.942 4001 9.37786e-05
16100 0.386527 0.37395 0.0125769 0 0.967462 5648.85 5412.15 236.703 0 -30.7589 -31.7447 4 16429.9 355.024 4026 9.28837e-05
16200 0.402625 0.389847 0.0127778 0 0.968264 5689.2 5451.14 238.063 0 -30.7628 -31.3116 4 16529.9 356.102 4051 9.62348e-05
16300 0.436817 0.420302 0.0165155 0 0.962191 5732.79 5493.17 239.624 0 -30.7646 -30.9991 4 16629.9 357.178 4076 0.000103116
16400 0.411586 0.397658 0.0139286 0 0.966159 5774.08 5532.93 241.149 0 -30.7694 -31.4327 4 16729.9 358.25 4101 9.6966e-05
16500 0.43244 0.416702 0.015738 0 0.963607 5817.33 5574.6 242.727 0 -30.7717 -31.0887 4 16829.9 359.319 4126 0.000100994
16600 0.443782 0.426348 0.0174335 0 0.960716 5861.75 5617.24 244.511 0 -30.7731 -30.9518 4 16929.9 360.385 4151 0.00010271
16700 0.456919 0.438902 0.0180173 0 0.960568 5907.55 5661.13 246.417 0 -30.7751 -31.0272 4 17029.9 361.448 4176 0.000105101
16800 0.427448 0.410575 0.0168728 0 0.960527 5950.37 5702.19 248.18 0 -30.7789 -31.3049 4 17129.9 362.508 4201 9.77328e-05
16900 0.421805 0.405659 0.0161456 0 0.961722 5992.71 5742.75 249.96 0 -30.784 -31.5053 4 17229.9 363.564 4226 9.59912e-05
17000 0.375453 0.363275 0.0121781 0 0.967564 6030.44 5779.08 251.356 0 -30.791 -31.8965 4 17329.9 364.618 4251 8.54564e-05
17100 0.416038 0.399766 0.0162729 0 0.960886 6071.86 5819.06 252.806 0 -30.7925 -31.0204 4 17429.9 365.668 4276 9.34905e-05
17200 0.392685 0.378762 0.0139227 0 0.964545 6111.18 5856.93 254.249 0 -30.7969 -31.4674 4 17529.9 366.716 4301 8.80638e-05
17300 0.436609 0.419959 0.0166498 0 0.961866 6154.79 5898.93 255.863 0 -30.7995 -31.1608 4 17629.9 367.76 4326 9.7078e-05
17400 0.406009 0.391853 0.0141567 0 0.965132 6195.47 5938.11 257.354 0 -30.8035 -31.4181 4 17729.9 368.802 4351 9.00603e-05
17500 0.376332 0.364382 0.0119504 0 0.968245 6233.12 5974.55 258.571 0 -30.8101 -31.8982 4 17829.9 369.84 4376 8.32683e-05
17600 0.399899 0.387257 0.0126413 0 0.968389 6273.07 6013.28 259.793 0 -30.8162 -31.7596 4 17929.9 370.876 4401 8.7993e-05
17700 0.393238 0.381334 0.0119039 0 0.969729 6312.41 6051.41 261 0 -30.8239 -32.0584 4 18029.9 371.909 4426 8.61578e-05
17800 0.432156 0.418913 0.0132426 0 0.969357 6355.64 6093.3 262.341 0 -30.8286 -31.5076 4 18129.9 372.939 4451 9.41166e-05
17900 0.394575 0.383071 0.0115042 0 0.970844 6395.19 6131.61 263.577 0 -30.8355 -31.9472 4 18229.9 373.966 4476 8.55833e-05
18000 0.384128 0.371771 0.0123576 0 0.96783 6433.44 6168.79 264.655 0 -30.8403 -31.6491 4 18329.9 374.99 4501 8.25973e-05
18100 0.402115 0.390596 0.0115192 0 0.971354 6473.75 6207.85 265.902 0 -30.8455 -31.6644 4 18429.9 376.012 4526 8.63005e-05
18200 0.46873 0.451763 0.0169668 0 0.963803 6520.48 6253.02 267.459 0 -30.8422 -30.3908 4 18529.9 377.03 4551 9.92668e-05
18300 0.420935 0.406279 0.014656 0 0.965182 6562.69 6293.65 269.043 0 -30.8433 -31.0128 4 18629.9 378.046 4576 8.87848e-05
18400 0.43482 0.41786 0.0169596 0 0.960996 6606.08 6335.44 270.643 0 -30.8461 -31.2672 4 18729.9 379.06 4601 9.08194e-05
18500 0.437148 0.421671 0.0154774 0 0.964595 6649.91 6377.6 272.31 0 -30.8486 -31.2313 4 18829.9 380.07 4626 9.11523e-05
18600 0.430505 0.417016 0.0134887 0 0.968668 6693.13 6419.3 273.829 0 -30.8539 -31.6697 4 18929.9 381.078 4651 8.96616e-05
18700 0.430176 0.414457 0.0157194 0 0.963458 6736.06 6460.75 275.307 0 -30.8562 -31.2189 4 19029.9 382.083 4676 8.86349e-05
18800 0.451923 0.433794 0.0181289 0 0.959885 6781.12 6504.13 276.992 0 -30.8559 -30.8002 4 19129.9 383.086 4701 9.22771e-05
18900 0.424806 0.407793 0.0170127 0 0.959952 6823.57 6544.91 278.665 0 -30.8562 -30.9057 4 19229.9 384.086 4726 8.62872e-05
19000 0.410654 0.396082 0.014572 0 0.964515 6864.78 6584.52 280.258 0 -30.8597 -31.4422 4 19329.9 385.083 4751 8.33681e-05
19100 0.40408 0.391417 0.0126629 0 0.968662 6905.37 6623.66 281.709 0 -30.8655 -31.8494 4 19429.9 386.078 4776 8.1955e-05
19200 0.413254 0.39857 0.0146842 0 0.964467 6946.77 6663.52 283.255 0 -30.8709 -31.7695 4 19529.9 387.07 4801 8.30182e-05
19300 0.402658 0.387805 0.0148529 0 0.963113 6987.05 6702.3 284.754 0 -30.8768 -31.8877 4 19629.9 388.06 4826 8.03575e-05
19400 0.387113 0.375478 0.0116352 0 0.969944 7025.99 6739.84 286.142 0 -30.8848 -32.3263 4 19729.9 389.047 4851 7.74022e-05
19500 0.398737 0.385033 0.0137037 0 0.965632 7065.91 6778.35 287.561 0 -30.8912 -32.0136 4 19829.9 390.032 4876 7.8965e-05
19600 0.439224 0.422521 0.0167034 0 0.961971 7109.79 6820.6 289.194 0 -30.8931 -31.1954 4 19929.9 391.014 4901 8.62112e-05
19700 0.438712 0.419382 0.0193298 0 0.95594 7153.45 6862.54 290.91 0 -30.896 -31.3819 4 20029.9 391.994 4926 8.51364e-05
19800 0.442437 0.423432 0.0190051 0 0.957045 7197.55 6904.88 292.669 0 -30.8999 -31.525 4 20129.9 392.971 4951 8.55245e-05
19900 0.42479 0.410145 0.0146452 0 0.965524 7240.29 6945.9 294.395 0 -30.9067 -32.058 4 20229.9 393.946 4976 8.24246e-05
20000 0.405755 0.390881 0.0148749 0 0.96334 7280.92 6984.98 295.938 0 -30.9142 -32.2402 4 20329.9 394.919 5001 7.81605e-05
20100 0.394175 0.380901 0.0132739 0 0.966325 7320.48 7023.07 297.404 0 -30.9228 -32.5064 4 20429.9 395.889 5026 7.57862e-05
20200 0.440638 0.421782 0.0188561 0 0.957207 7364.25 7065.25 298.997 0 -30.9292 -32.0018 4 20529.9 396.856 5051 8.35046e-05
20300 0.459081 0.440684 0.0183976 0 0.959925 7410.23 7109.32 300.912 0 -30.934 -31.7082 4 20629.9 397.822 5076 8.68171e-05
20400 0.47048 0.451919 0.0185611 0 0.960549 7457.17 7154.51 302.658 0 -30.9354 -31.161 4 20729.9 398.785 5101 8.85941e-05
20500 0.468362 0.452462 0.0159001 0 0.966052 7504.23 7199.76 304.469 0 -30.9395 -31.5863 4 20829.9 399.745 5126 8.82681e-05
20600 0.477119 0.458522 0.0185971 0 0.961022 7551.88 7245.61 306.265 0 -30.9415 -31.2518 4 20929.9 400.704 5151 8.90161e-05
20700 0.439953 0.42423 0.0157228 0 0.964263 7596.05 7288.03 308.015 0 -30.9466 -31.8222 4 21029.9 401.66 5176 8.1961e-05
20800 0.431254 0.415323 0.0159317 0 0.963057 7639.15 7329.57 309.584 0 -30.9506 -31.6539 4 21129.9 402.614 5201 7.98544e-05
20900 0.449134 0.432314 0.0168196 0 0.962551 7683.93 7372.8 311.131 0 -30.9539 -31.5136 4 21229.9 403.565 5226 8.27237e-05
21000 0.44197 0.426882 0.0150883 0 0.965861 7728.24 7415.49 312.751 0 -30.9573 -31.5443 4 21329.9 404.515 5251 8.12954e-05
21100 0.416087 0.40094 0.0151467 0 0.963597 7769.85 7455.58 314.271 0 -30.9631 -32.0481 4 21429.9 405.462 5276 7.59932e-05
21200 0.461497 0.446174 0.0153227 0 0.966798 7816.08 7500.2 315.885 0 -30.969 -31.9504 4 21529.9 406.407 5301 8.41679e-05
21300 0.450481 0.433315 0.0171659 0 0.961894 7861.03 7543.53 317.503 0 -30.9741 -31.8599 4 21629.9 407.349 5326 8.13584e-05
21400 0.440945 0.426853 0.0140917 0 0.968042 7905.32 7586.21 319.107 0 -30.9811 -32.2264 4 21729.9 408.29 5351 7.97707e-05
21500 0.423386 0.408208 0.0151772 0 0.964153 7947.58 7627.03 320.547 0 -30.9878 -32.2513 4 21829.9 409.228 5376 7.59316e-05
21600 0.458641 0.442277 0.0163639 0 0.964321 7993.46 7671.26 322.197 0 -30.9943 -32.1235 4 21929.9 410.165 5401 8.1888e-05
21700 0.445993 0.431441 0.0145524 0 0.967371 8038.25 7714.41 323.845 0 -30.9996 -31.9295 4 22029.9 411.099 5426 7.95136e-05
21800 0.518195 0.498826 0.0193689 0 0.962622 8089.99 7764.29 325.703 0 -30.9976 -30.6943 4 22129.9 412.031 5451 9.1511e-05
21900 0.442295 0.427915 0.01438 0 0.967488 8134.41 7807.08 327.331 0 -31.0023 -31.8573 4 22229.9 412.961 5476 7.81437e-05
22000 0.452063 0.436229 0.0158346 0 0.964973 8179.68 7850.7 328.972 0 -31.0042 -31.3456 4 22329.9 413.888 5501 7.92999e-05
22100 0.451195 0.43529 0.0159056 0 0.964748 8224.8 7894.23 330.569 0 -31.0084 -31.7685 4 22429.9 414.814 5526 7.87712e-05
22200 0.404787 0.392738 0.0120482 0 0.970236 8265.38 7933.51 331.878 0 -31.0146 -32.274 4 22529.9 415.738 5551 7.07509e-05
22300 0.397371 0.386966 0.0104047 0 0.973816 8305.28 7972.2 333.08 0 -31.0205 -32.2448 4 22629.9 416.659 5576 6.93985e-05
22400 0.384823 0.37411 0.0107133 0 0.972161 8343.81 8009.61 334.194 0 -31.0275 -32.5415 4 22729.9 417.579 5601 6.67934e-05
22500 0.402361 0.390679 0.0116826 0 0.970965 8384 8048.68 335.314 0 -31.0325 -32.0668 4 22829.9 418.497 5626 6.94417e-05
22600 0.450233 0.434772 0.0154609 0 0.96566 8428.87 8092.16 336.713 0 -31.0323 -30.9892 4 22929.9 419.412 5651 7.69373e-05
22700 0.445965 0.428444 0.0175205 0 0.960713 8473.34 8135 338.335 0 -31.0316 -30.9018 4 23029.9 420.326 5676 7.54835e-05
22800 0.468225 0.450792 0.0174338 0 0.962766 8520.17 8180.08 340.092 0 -31.0297 -30.6884 4 23129.9 421.237 5701 7.90724e-05
22900 0.479091 0.458071 0.0210195 0 0.956126 8568.02 8225.89 342.131 0 -31.0308 -31.2263 4 23229.9 422.147 5726 7.99985e-05
23000 0.481745 0.463188 0.0185566 0 0.96148 8616.34 8272.21 344.128 0 -31.0294 -30.7869 4 23329.9 423.055 5751 8.05404e-05
23100 0.45402 0.436783 0.0172369 0 0.962035 8661.77 8315.89 345.879 0 -31.0295 -31.0355 4 23429.9 423.96 5776 7.56203e-05
23200 0.49609 0.476664 0.0194262 0 0.960841 8711.28 8363.55 347.73 0 -31.0271 -30.6064 4 23529.9 424.864 5801 8.21693e-05
23300 0.464408 0.448617 0.015791 0 0.965997 8757.99 8408.41 349.574 0 -31.0298 -31.5363 4 23629.9 425.766 5826 7.70025e-05
23400 0.440501 0.426348 0.014153 0 0.967871 8802.29 8451.05 351.239 0 -31.0324 -31.554 4 23729.9 426.666 5851 7.28676e-05
23500 0.455737 0.439898 0.0158392 0 0.965245 8847.87 8495.04 352.834 0 -31.0358 -31.6794 4 23829.9 427.564 5876 7.48635e-05
23600 0.462542 0.444383 0.0181589 0 0.960741 8894.11 8539.48 354.634 0 -31.0375 -31.3713 4 23929.9 428.46 5901 7.53064e-05
23700 0.450036 0.432259 0.0177778 0 0.960497 8939.13 8582.7 356.423 0 -31.0411 -31.7593 4 24029.9 429.354 5926 7.29427e-05
23800 0.456983 0.441736 0.0152471 0 0.966635 8985 8626.88 358.122 0 -31.0458 -31.9462 4 24129.9 430.247 5951 7.42289e-05
23900 0.429016 0.416215 0.0128014 0 0.970161 9028.16 8668.5 359.657 0 -31.0505 -32.035 4 24229.9 431.137 5976 6.96477e-05
24000 0.439822 0.425377 0.0144444 0 0.967159 9072.1 8711.04 361.068 0 -31.0551 -32.0105 4 24329.9 432.026 6001 7.08844e-05
24100 0.477252 0.460529 0.0167233 0 0.964959 9119.86 8757.09 362.773 0 -31.0584 -31.6805 4 24429.9 432.913 6026 7.64236e-05
24200 0.418847 0.406727 0.0121193 0 0.971065 9161.99 8797.76 364.232 0 -31.0642 -32.3102 4 24529.9 433.798 6051 6.72165e-05
24300 0.396131 0.384397 0.0117338 0 0.970379 9201.56 8836.2 365.356 0 -31.0709 -32.6246 4 24629.9 434.682 6076 6.32648e-05
24400 0.409253 0.399383 0.00986955 0 0.975884 9242.62 8876.14 366.484 0 -31.0773 -32.518 4 24729.9 435.563 6101 6.54619e-05
24500 0.405051 0.39388 0.0111713 0 0.97242 9283.16 8915.53 367.632 0 -31.0847 -32.773 4 24829.9 436.443 6126 6.42964e-05
24600 0.427733 0.416945 0.0107883 0 0.974778 9326.18 8957.22 368.955 0 -31.0906 -32.3595 4 24929.9 437.321 6151 6.77848e-05
24700 0.419801 0.406274 0.0135277 0 0.967776 9367.97 8997.85 370.122 0 -31.0958 -32.264 4 25029.9 438.197 6176 6.57827e-05
24800 0.430422 0.41697 0.0134527 0 0.968745 9411.11 9039.55 371.559 0 -31.1003 -32.0703 4 25129.9 439.072 6201 6.72423e-05
24900 0.382512 0.372582 0.00993044 0 0.974039 9449.54 9076.8 372.74 0 -31.1069 -32.7315 4 25229.9 439.944 6226 5.98429e-05
25000 0.3635 0.352347 0.0111526 0 0.969319 9485.76 9112.04 373.724 0 -31.1132 -32.749 4 25329.9 440.815 6251 5.63665e-05
25100 0.378266 0.368028 0.0102382 0 0.972934 9523.72 9148.84 374.881 0 -31.119 -32.5727 4 25429.9 441.685 6276 5.86406e-05
25200 0.412774 0.399754 0.0130197 0 0.968458 9565.01 9188.82 376.19 0 -31.1253 -32.5761 4 25529.9 442.552 6301 6.3443e-05
25300 0.408769 0.394208 0.0145606 0 0.964379 9605.76 9228.24 377.521 0 -31.1304 -32.326 4 25629.9 443.418 6326 6.23155e-05
25400 0.38751 0.375601 0.0119089 0 0.969268 9644.61 9265.8 378.815 0 -31.137 -32.7759 4 25729.9 444.282 6351 5.91404e-05
25500 0.384925 0.373393 0.0115317 0 0.970042 9683.12 9303.14 379.986 0 -31.1438 -32.8344 4 25829.9 445.145 6376 5.85623e-05
25600 0.393838 0.381487 0.012351 0 0.968639 9722.52 9341.29 381.235 0 -31.1491 -32.4567 4 25929.9 446.006 6401 5.9598e-05
25700 0.477041 0.459437 0.0176042 0 0.963097 9769.94 9387.23 382.705 0 -31.1522 -31.7976 4 26029.9 446.865 6426 7.14966e-05
25800 0.451184 0.435536 0.0156472 0 0.96532 9815.04 9430.78 384.261 0 -31.1576 -32.3125 4 26129.9 447.722 6451 6.75146e-05
25900 0.41863 0.406554 0.0120757 0 0.971154 9857.13 9471.44 385.69 0 -31.1642 -32.7125 4 26229.9 448.578 6476 6.27786e-05
26000 0.407107 0.395557 0.01155 0 0.971629 9897.97 9510.99 386.978 0 -31.1709 -32.7913 4 26329.9 449.433 6501 6.08456e-05
26100 0.395561 0.384174 0.0113865 0 0.971214 9937.55 9549.41 388.135 0 -31.1775 -32.8274 4 26429.9 450.285 6526 5.88683e-05
26200 0.428812 0.415599 0.0132129 0 0.969187 9980.43 9590.97 389.455 0 -31.182 -32.2167 4 26529.9 451.136 6551 6.34405e-05
26300 0.40489 0.392406 0.0124838 0 0.969167 10021 9630.21 390.766 0 -31.1871 -32.4546 4 26629.9 451.986 6576 5.96724e-05
26400 0.456544 0.443452 0.0130923 0 0.971323 10066.8 9674.56 392.21 0 -31.1881 -31.3913 4 26729.9 452.834 6601 6.71795e-05
26500 0.515065 0.497444 0.017621 0 0.965789 10118.2 9724.3 393.9 0 -31.1887 -31.316 4 26829.9 453.68 6626 7.50745e-05
26600 0.444926 0.429668 0.0152571 0 0.965709 10162.7 9767.27 395.444 0 -31.1915 -31.8161 4 26929.9 454.524 6651 6.46021e-05
26700 0.432775 0.416974 0.0158007 0 0.96349 10205.9 9808.97 396.942 0 -31.1946 -31.9374 4 27029.9 455.368 6676 6.24587e-05
26800 0.488698 0.472984 0.0157146 0 0.967844 10255 9856.26 398.705 0 -31.1962 -31.5242 4 27129.9 456.209 6701 7.0584e-05
26900 0.459544 0.442845 0.0166984 0 0.963663 10300.9 9900.55 400.355 0 -31.1975 -31.4841 4 27229.9 457.049 6726 6.58408e-05
27000 0.469562 0.451215 0.0183471 0 0.960927 10347.8 9945.67 402.167 0 -31.1984 -31.407 4 27329.9 457.888 6751 6.68368e-05
27100 0.469961 0.452033 0.0179275 0 0.961853 10395 9990.87 404.081 0 -31.1983 -31.1631 4 27429.9 458.725 6776 6.67109e-05
27200 0.462684 0.445273 0.0174111 0 0.962369 10441.3 10035.4 405.882 0 -31.1978 -31.0928 4 27529.9 459.56 6801 6.54717e-05
27300 0.482359 0.465846 0.016513 0 0.965766 10489.7 10082 407.675 0 -31.1967 -30.9583 4 27629.9 460.394 6826 6.82459e-05
27400 0.459785 0.444378 0.0154069 0 0.966491 10535.8 10126.4 409.346 0 -31.1965 -31.154 4 27729.9 461.226 6851 6.48632e-05
27500 0.455083 0.440042 0.015041 0 0.966949 10581.4 10170.4 411.01 0 -31.1971 -31.343 4 27829.9 462.057 6876 6.39967e-05
27600 0.422901 0.41036 0.0125411 0 0.970345 10623.9 10211.5 412.436 0 -31.2011 -32.1748 4 27929.9 462.887 6901 5.94639e-05
27700 0.428759 0.416283 0.0124764 0 0.970901 10666.8 10253.1 413.745 0 -31.2047 -32.1152 4 28029.9 463.715 6926 6.01043e-05
27800 0.452906 0.437728 0.0151784 0 0.966487 10711.9 10296.9 415.068 0 -31.2086 -32.133 4 28129.9 464.541 6951 6.29734e-05
27900 0.469317 0.454639 0.014678 0 0.968725 10758.9 10342.3 416.534 0 -31.2099 -31.5055 4 28229.9 465.366 6976 6.51719e-05
28000 0.444013 0.431139 0.012874 0 0.971005 10803.4 10385.4 417.952 0 -31.2138 -32.1508 4 28329.9 466.189 7001 6.15825e-05
28100 0.459212 0.444491 0.0147211 0 0.967943 10849.3 10429.9 419.396 0 -31.2168 -31.9244 4 28429.9 467.012 7026 6.32637e-05
28200 0.448465 0.433736 0.014729 0 0.967157 10894.1 10473.3 420.865 0 -31.2212 -32.2805 4 28529.9 467.832 7051 6.15142e-05
28300 0.445627 0.43264 0.012987 0 0.970857 10938.9 10516.5 422.323 0 -31.2267 -32.5774 4 28629.9 468.651 7076 6.11418e-05
28400 0.448939 0.435302 0.0136369 0 0.969624 10983.9 10560.1 423.816 0 -31.2316 -32.4208 4 28729.9 469.469 7101 6.13015e-05
28500 0.497396 0.48086 0.016536 0 0.966755 11033.6 10608.1 425.454 0 -31.2354 -32.0751 4 28829.9 470.285 7126 6.74796e-05
28600 0.447534 0.432301 0.0152333 0 0.965962 11078.3 10651.4 426.932 0 -31.2406 -32.5178 4 28929.9 471.1 7151 6.04532e-05
28700 0.450595 0.434935 0.0156595 0 0.965247 11123.4 10694.9 428.492 0 -31.2447 -32.2593 4 29029.9 471.914 7176 6.06097e-05
28800 0.443739 0.430621 0.0131179 0 0.970438 11168 10737.9 430.096 0 -31.2494 -32.4154 4 29129.9 472.726 7201 5.98002e-05
28900 0.440554 0.426645 0.0139087 0 0.968429 11212.1 10780.6 431.519 0 -31.2544 -32.5027 4 29229.9 473.537 7226 5.90431e-05
29000 0.444277 0.430313 0.013964 0 0.968569 11256.6 10823.6 432.949 0 -31.258 -32.1732 4 29329.9 474.346 7251 5.93453e-05
29100 0.428984 0.415946 0.0130373 0 0.969609 11299.6 10865.2 434.332 0 -31.2629 -32.5607 4 29429.9 475.154 7276 5.71669e-05
29200 0.445024 0.432167 0.0128563 0 0.971111 11344.2 10908.4 435.758 0 -31.2671 -32.3111 4 29529.9 475.961 7301 5.91929e-05
29300 0.424516 0.411517 0.0129987 0 0.96938 11386.7 10949.6 437.111 0 -31.2701 -32.0769 4 29629.9 476.766 7326 5.61721e-05
29400 0.405371 0.392639 0.0127318 0 0.968592 11427.1 10988.9 438.269 0 -31.2745 -32.5293 4 29729.9 477.57 7351 5.3413e-05
29500 0.44289 0.42816 0.0147303 0 0.966741 11471.3 11031.7 439.678 0 -31.2777 -32.1051 4 29829.9 478.372 7376 5.80477e-05
29600 0.49228 0.474502 0.0177786 0 0.963885 11520.6 11079.1 441.436 0 -31.2816 -32.1896 4 29929.9 479.173 7401 6.41132e-05
29700 0.533113 0.513803 0.0193103 0 0.963778 11574.1 11130.5 443.556 0 -31.2796 -30.8345 4 30029.9 479.973 7426 6.91897e-05
29800 0.470121 0.451547 0.0185736 0 0.960492 11621 11175.7 445.366 0 -31.2807 -31.5491 4 30129.9 480.772 7451 6.06022e-05
29900 0.447251 0.431792 0.0154594 0 0.965435 11665.9 11218.8 447.088 0 -31.2834 -31.9894 4 30229.9 481.569 7476 5.77571e-05
30000 0.439253 0.422963 0.0162902 0 0.962914 11709.7 11261.1 448.58 0 -31.286 -31.9812 4 30329.9 482.365 7501 5.63875e-05
30100 0.47172 0.457096 0.0146247 0 0.968997 11757.1 11306.8 450.212 0 -31.2911 -32.555 4 30429.9 483.159 7526 6.07355e-05
30200 0.47666 0.460361 0.0162988 0 0.965806 11804.8 11352.9 451.957 0 -31.2936 -31.8963 4 30529.9 483.952 7551 6.09669e-05
30300 0.444705 0.430209 0.0144955 0 0.967404 11849.4 11395.9 453.549 0 -31.2966 -32.0974 4 30629.9 484.744 7576 5.67858e-05
30400 0.453817 0.437107 0.0167096 0 0.96318 11894.7 11439.6 455.125 0 -31.2984 -31.7846 4 30729.9 485.535 7601 5.75066e-05
30500 0.449685 0.434774 0.0149108 0 0.966842 11939.8 11483.1 456.748 0 -31.3027 -32.4306 4 30829.9 486.324 7626 5.7012e-05
30600 0.473206 0.456442 0.016764 0 0.964573 11987.2 11528.7 458.427 0 -31.3063 -32.2014 4 30929.9 487.112 7651 5.96578e-05
30700 0.473163 0.457466 0.0156971 0 0.966825 12034.6 11574.5 460.163 0 -31.31 -32.2489 4 31029.9 487.899 7676 5.9597e-05
30800 0.441545 0.428388 0.0131576 0 0.970201 12079 11617.3 461.672 0 -31.3153 -32.7591 4 31129.9 488.685 7701 5.56275e-05
30900 0.465454 0.447992 0.0174625 0 0.962483 12125.3 11662.1 463.2 0 -31.3179 -32.0043 4 31229.9 489.469 7726 5.7985e-05
31000 0.459939 0.445904 0.0140344 0 0.969486 12171.5 11706.7 464.765 0 -31.3216 -32.2856 4 31329.9 490.252 7751 5.75286e-05
31100 0.477927 0.460796 0.0171314 0 0.964155 12219.1 11752.8 466.31 0 -31.3238 -31.8816 4 31429.9 491.034 7776 5.92587e-05
31200 0.454232 0.442201 0.0120316 0 0.973512 12264.8 11797 467.777 0 -31.3278 -32.4128 4 31529.9 491.814 7801 5.66851e-05
31300 0.43787 0.425609 0.0122612 0 0.971998 12308.6 11839.6 469.063 0 -31.3315 -32.3443 4 31629.9 492.594 7826 5.4384e-05
31400 0.430149 0.417819 0.0123307 0 0.971334 12351.6 11881.3 470.3 0 -31.3364 -32.737 4 31729.9 493.372 7851 5.32185e-05
31500 0.451446 0.438173 0.0132728 0 0.970599 12396.8 11925.2 471.663 0 -31.3404 -32.4545 4 31829.9 494.149 7876 5.56339e-05
31600 0.430963 0.418926 0.012037 0 0.97207 12440.1 11967.1 473.016 0 -31.3457 -32.8677 4 31929.9 494.924 7901 5.30219e-05
31700 0.493251 0.476336 0.0169152 0 0.965707 12489.5 12014.7 474.809 0 -31.3474 -31.7659 4 32029.9 495.699 7926 6.00979e-05
31800 0.443747 0.429322 0.0144257 0 0.967491 12534 12057.6 476.396 0 -31.3501 -32.1138 4 32129.9 496.472 7951 5.39959e-05
31900 0.463152 0.447722 0.0154297 0 0.966685 12580.5 12102.4 478.061 0 -31.353 -32.1183 4 32229.9 497.244 7976 5.61336e-05
32000 0.488522 0.470632 0.01789 0 0.963379 12629.2 12149.5 479.768 0 -31.3556 -32.0245 4 32329.9 498.015 8001 5.88216e-05
32100 0.503103 0.48586 0.0172438 0 0.965725 12679.7 12198 481.642 0 -31.3582 -32.008 4 32429.9 498.784 8026 6.05357e-05
32200 0.463906 0.448702 0.015204 0 0.967226 12726.2 12242.9 483.263 0 -31.3633 -32.7602 4 32529.9 499.553 8051 5.57324e-05
32300 0.456695 0.440732 0.0159635 0 0.965046 12771.8 12287 484.847 0 -31.3669 -32.3653 4 32629.9 500.32 8076 5.4573e-05
32400 0.477711 0.460305 0.0174061 0 0.963564 12819.6 12333 486.608 0 -31.3683 -31.7451 4 32729.9 501.086 8101 5.68207e-05
32500 0.475886 0.452366 0.0235202 0 0.950576 12866.6 12378.3 488.385 0 -31.3687 -31.4872 4 32829.9 501.851 8126 5.5669e-05
32600 0.505162 0.483213 0.0219494 0 0.95655 12917.1 12426.6 490.515 0 -31.3682 -31.2344 4 32929.9 502.615 8151 5.92827e-05
32700 0.50928 0.488343 0.0209374 0 0.958888 12968 12475.4 492.634 0 -31.3673 -31.1411 4 33029.9 503.377 8176 5.97288e-05
32800 0.504237 0.485325 0.0189113 0 0.962495 13018.6 12523.9 494.651 0 -31.3687 -31.7346 4 33129.9 504.139 8201 5.91788e-05
32900 0.468748 0.452684 0.016065 0 0.965728 13065.6 12569.2 496.407 0 -31.3714 -32.1202 4 33229.9 504.899 8226 5.50308e-05
33000 0.452627 0.436598 0.0160286 0 0.964588 13111 12612.9 498.081 0 -31.3741 -32.1527 4 33329.9 505.658 8251 5.29146e-05
33100 0.487967 0.46999 0.0179767 0 0.96316 13159.6 12659.9 499.762 0 -31.3747 -31.5398 4 33429.9 506.416 8276 5.67895e-05
33200 0.498468 0.480188 0.0182794 0 0.963329 13209.4 12707.9 501.556 0 -31.3757 -31.6242 4 33529.9 507.173 8301 5.7847e-05
33300 0.424776 0.41133 0.0134458 0 0.968346 13252.1 12749 503.039 0 -31.379 -32.4106 4 33629.9 507.929 8326 4.94031e-05
33400 0.416533 0.403837 0.0126952 0 0.969522 13293.8 12789.4 504.389 0 -31.3823 -32.4431 4 33729.9 508.683 8351 4.8358e-05
33500 0.481292 0.464484 0.0168077 0 0.965078 13341.8 12835.9 505.92 0 -31.3814 -31.1303 4 33829.9 509.437 8376 5.54542e-05
33600 0.452529 0.436247 0.0162822 0 0.964019 13386.9 12879.5 507.449 0 -31.3834 -31.9556 4 33929.9 510.189 8401 5.19279e-05
33700 0.45043 0.436541 0.0138887 0 0.969166 13432.1 12923.1 509.002 0 -31.3862 -32.2275 4 34029.9 510.94 8426 5.18088e-05
33800 0.421548 0.408262 0.0132863 0 0.968482 13474.3 12964 510.339 0 -31.3892 -32.3393 4 34129.9 511.691 8451 4.83093e-05
33900 0.420325 0.406692 0.0136325 0 0.967567 13516.2 13004.6 511.62 0 -31.3917 -32.2109 4 34229.9 512.44 8476 4.79817e-05
34000 0.449283 0.436283 0.0130003 0 0.971064 13561.3 13048.3 513.081 0 -31.3937 -31.9777 4 34329.9 513.188 8501 5.13214e-05
34100 0.436142 0.42316 0.0129822 0 0.970234 13604.9 13090.6 514.32 0 -31.396 -32.1194 4 34429.9 513.935 8526 4.96317e-05
34200 0.491818 0.476336 0.0154822 0 0.968521 13654.1 13138.2 515.935 0 -31.3977 -31.8559 4 34529.9 514.68 8551 5.57053e-05
34300 0.46228 0.448052 0.0142282 0 0.969222 13700.4 13183 517.405 0 -31.3997 -31.9939 4 34629.9 515.425 8576 5.22448e-05
34400 0.448764 0.434324 0.0144402 0 0.967822 13745.3 13226.4 518.812 0 -31.4019 -32.0829 4 34729.9 516.169 8601 5.04969e-05
34500 0.448198 0.435131 0.0130671 0 0.970845 13790.2 13270 520.218 0 -31.4047 -32.2438 4 34829.9 516.911 8626 5.04441e-05
34600 0.435619 0.42213 0.013489 0 0.969035 13833.7 13312.2 521.558 0 -31.4085 -32.6204 4 34929.9 517.653 8651 4.87955e-05
34700 0.424781 0.411679 0.0131023 0 0.969155 13876.3 13353.3 522.955 0 -31.4132 -32.945 4 35029.9 518.393 8676 4.74503e-05
34800 0.452787 0.438167 0.01462 0 0.967711 13921.6 13397.2 524.465 0 -31.4164 -32.4004 4 35129.9 519.133 8701 5.03583e-05
34900 0.450099 0.433364 0.0167349 0 0.962819 13966.5 13440.5 525.961 0 -31.4195 -32.3719 4 35229.9 519.871 8726 4.96636e-05
35000 0.435074 0.421313 0.0137614 0 0.96837 14010.1 13482.6 527.506 0 -31.4244 -33.0079 4 35329.9 520.608 8751 4.81445e-05
35100 0.44998 0.433851 0.0161287 0 0.964157 14055.1 13526 529.079 0 -31.4287 -32.7625 4 35429.9 521.345 8776 4.94361e-05
35200 0.482399 0.466438 0.0159613 0 0.966913 14103.4 13572.7 530.701 0 -31.4305 -31.9556 4 35529.9 522.08 8801 5.29983e-05
35300 0.440078 0.427074 0.0130035 0 0.970452 14147.5 13615.4 532.138 0 -31.4337 -32.4415 4 35629.9 522.814 8826 4.83882e-05
35400 0.416302 0.402958 0.0133441 0 0.967946 14189.1 13655.7 533.424 0 -31.4372 -32.6537 4 35729.9 523.547 8851 4.55268e-05
35500 0.471604 0.456152 0.0154523 0 0.967235 14236.2 13701.3 534.962 0 -31.4378 -31.6077 4 35829.9 524.279 8876 5.13916e-05
35600 0.459372 0.442181 0.0171911 0 0.962577 14282 13745.5 536.548 0 -31.4384 -31.6094 4 35929.9 525.01 8901 4.96777e-05
35700 0.453662 0.439778 0.0138834 0 0.969397 14327.6 13789.5 538.105 0 -31.441 -32.2556 4 36029.9 525.741 8926 4.92694e-05
35800 0.444111 0.429711 0.0144001 0 0.967575 14372.1 13832.4 539.634 0 -31.4448 -32.6719 4 36129.9 526.47 8951 4.8007e-05
35900 0.419164 0.406546 0.012618 0 0.969897 14414.2 13873.1 541.061 0 -31.4482 -32.621 4 36229.9 527.198 8976 4.52925e-05
36000 0.414788 0.402811 0.0119774 0 0.971124 14455.8 13913.4 542.391 0 -31.4512 -32.5055 4 36329.9 527.925 9001 4.47518e-05
36100 0.414272 0.402428 0.0118443 0 0.971409 14497.2 13953.6 543.614 0 -31.455 -32.7481 4 36429.9 528.651 9026 4.45854e-05
36200 0.411743 0.400757 0.0109866 0 0.973317 14538.5 13993.7 544.853 0 -31.4589 -32.8593 4 36529.9 529.376 9051 4.42776e-05
36300 0.447097 0.432353 0.0147438 0 0.967023 14583.3 14036.9 546.374 0 -31.462 -32.4476 4 36629.9 530.1 9076 4.76369e-05
36400 0.425364 0.411849 0.013515 0 0.968227 14625.9 14078.1 547.826 0 -31.4654 -32.6174 4 36729.9 530.823 9101 4.52532e-05
36500 0.425128 0.413081 0.0120475 0 0.971662 14668.7 14119.4 549.282 0 -31.4686 -32.5961 4 36829.9 531.545 9126 4.52642e-05
36600 0.401931 0.390315 0.0116153 0 0.971101 14708.9 14158.5 550.495 0 -31.4726 -32.9047 4 36929.9 532.266 9151 4.26528e-05
36700 0.397762 0.385511 0.0122508 0 0.969201 14748.7 14197 551.69 0 -31.4766 -32.9747 4 37029.9 532.987 9176 4.2013e-05
36800 0.428201 0.414734 0.0134666 0 0.968551 14791.6 14238.5 553.133 0 -31.478 -31.9646 4 37129.9 533.706 9201 4.50749e-05
36900 0.463982 0.448691 0.0152907 0 0.967045 14838 14283.3 554.703 0 -31.4788 -31.7198 4 37229.9 534.424 9226 4.86333e-05
37000 0.418244 0.406222 0.0120212 0 0.971258 14880.1 14324 556.154 0 -31.4813 -32.3479 4 37329.9 535.141 9251 4.39112e-05
37100 0.467544 0.4505 0.0170445 0 0.963545 14926.6 14369 557.614 0 -31.4808 -31.344 4 37429.9 535.857 9276 4.85662e-05
37200 0.490783 0.474777 0.0160059 0 0.967387 14975.9 14416.5 559.387 0 -31.4815 -31.6961 4 37529.9 536.573 9301 5.10458e-05
37300 0.442601 0.424734 0.0178664 0 0.959633 15020 14459 560.987 0 -31.4833 -32.0832 4 37629.9 537.287 9326 4.5543e-05
37400 0.530825 0.506077 0.0247488 0 0.953377 15072.6 14509.6 563.058 0 -31.4815 -30.969 4 37729.9 538.001 9351 5.412e-05
37500 0.491838 0.474257 0.017581 0 0.964255 15122.2 14557 565.173 0 -31.4804 -31.1581 4 37829.9 538.713 9376 5.0582e-05
37600 0.452369 0.43633 0.016039 0 0.964544 15167.5 14600.6 566.915 0 -31.4818 -31.9282 4 37929.9 539.425 9401 4.64131e-05
37700 0.431811 0.418199 0.0136123 0 0.968476 15210.9 14642.5 568.423 0 -31.484 -32.2748 4 38029.9 540.135 9426 4.43665e-05
37800 0.452592 0.434981 0.0176113 0 0.961088 15255.8 14686 569.804 0 -31.4848 -31.7405 4 38129.9 540.845 9451 4.60248e-05
37900 0.472733 0.456994 0.0157394 0 0.966706 15303.1 14731.7 571.413 0 -31.4847 -31.4524 4 38229.9 541.554 9476 4.82264e-05
38000 0.487671 0.472796 0.0148755 0 0.969497 15352 14778.9 573.022 0 -31.4862 -31.9549 4 38329.9 542.262 9501 4.97627e-05
38100 0.472558 0.456665 0.0158938 0 0.966366 15399.3 14824.6 574.67 0 -31.4872 -31.8227 4 38429.9 542.968 9526 4.79388e-05
38200 0.481718 0.461186 0.0205321 0 0.957377 15447 14870.7 576.282 0 -31.4887 -31.9507 4 38529.9 543.674 9551 4.82867e-05
38300 0.455522 0.440645 0.0148767 0 0.967341 15492.8 14914.8 578.01 0 -31.4916 -32.4758 4 38629.9 544.379 9576 4.60156e-05
38400 0.4782 0.46139 0.0168099 0 0.964848 15540.6 14960.9 579.683 0 -31.4937 -32.1819 4 38729.9 545.084 9601 4.80564e-05
38500 0.459579 0.446003 0.0135758 0 0.97046 15586.8 15005.5 581.262 0 -31.4972 -32.6679 4 38829.9 545.787 9626 4.63332e-05
38600 0.463699 0.450039 0.0136603 0 0.970541 15633.3 15050.5 582.813 0 -31.4987 -32.0167 4 38929.9 546.489 9651 4.66313e-05
38700 0.465405 0.451142 0.0142635 0 0.969352 15679.9 15095.6 584.31 0 -31.5012 -32.34 4 39029.9 547.191 9676 4.66248e-05
38800 0.456401 0.443335 0.0130653 0 0.971373 15725.7 15140 585.752 0 -31.5053 -32.8972 4 39129.9 547.891 9701 4.57e-05
38900 0.424179 0.413125 0.0110547 0 0.973939 15768.3 15181.3 587.016 0 -31.5091 -32.9314 4 39229.9 548.591 9726 4.24763e-05
39000 0.400901 0.391779 0.009122 0 0.977246 15808.6 15220.5 588.126 0 -31.5133 -33.1479 4 39329.9 549.29 9751 4.01783e-05
39100 0.376771 0.368257 0.00851416 0 0.977402 15846.3 15257.3 589.058 0 -31.5182 -33.5467 4 39429.9 549.987 9776 3.76695e-05
39200 0.385381 0.3755 0.00988131 0 0.97436 15884.8 15294.8 590.01 0 -31.5228 -33.4428 4 39529.9 550.684 9801 3.83124e-05
39300 0.416172 0.402483 0.0136892 0 0.967107 15926.2 15335.1 591.119 0 -31.5252 -32.4432 4 39629.9 551.381 9826 4.0961e-05
39400 0.428892 0.416965 0.0119276 0 0.97219 15969.2 15376.8 592.391 0 -31.5276 -32.3968 4 39729.9 552.076 9851 4.23271e-05
39500 0.425435 0.411778 0.013657 0 0.967899 16011.6 15418 593.629 0 -31.5293 -32.1837 4 39829.9 552.77 9876 4.16948e-05
39600 0.428646 0.415879 0.0127665 0 0.970217 16054.4 15459.5 594.88 0 -31.5303 -31.8994 4 39929.9 553.464 9901 4.20038e-05
39700 0.426535 0.413117 0.013418 0 0.968542 16097 15500.9 596.184 0 -31.5323 -32.2736 4 40029.9 554.156 9926 4.16197e-05
39800 0.402947 0.391042 0.0119045 0 0.970456 16137.4 15540 597.431 0 -31.5351 -32.6519 4 40129.9 554.848 9951 3.92968e-05
39900 0.413412 0.400861 0.0125505 0 0.969642 16178.8 15580 598.736 0 -31.5373 -32.4297 4 40229.9 555.539 9976 4.01825e-05
40000 0.410667 0.400294 0.0103736 0 0.97474 16220.1 15620.1 600.019 0 -31.5409 -32.9333 4 40329.9 556.229 10001 4.00254e-05
40100 0.422255 0.410593 0.0116621 0 0.972381 16262.4 15661.1 601.287 0 -31.5443 -32.8581 4 40429.9 556.918 10026 4.09528e-05
40200 0.424276 0.408201 0.0160744 0 0.962113 16304.6 15702 602.603 0 -31.5474 -32.7416 4 40529.9 557.606 10051 4.0613e-05
40300 0.425825 0.41396 0.0118651 0 0.972136 16347.5 15743.4 604.103 0 -31.5516 -33.1447 4 40629.9 558.294 10076 4.10837e-05
40400 0.39967 0.386496 0.0131744 0 0.967037 16387.3 15782 605.346 0 -31.5558 -33.2903 4 40729.9 558.98 10101 3.82631e-05
40500 0.417385 0.403679 0.0137064 0 0.967161 16429.1 15822.4 606.717 0 -31.559 -32.7804 4 40829.9 559.666 10126 3.98656e-05
40600 0.437383 0.423227 0.0141558 0 0.967635 16472.9 15864.7 608.203 0 -31.5605 -32.151 4 40929.9 560.351 10151 4.16932e-05
40700 0.416364 0.405095 0.0112688 0 0.972935 16514.8 15905.2 609.557 0 -31.564 -32.9194 4 41029.9 561.035 10176 3.98088e-05
40800 0.413758 0.399716 0.0140423 0 0.966062 16556.1 15945.2 610.877 0 -31.5667 -32.6492 4 41129.9 561.719 10201 3.9184e-05
40900 0.436054 0.422993 0.0130614 0 0.970046 16599.7 15987.5 612.249 0 -31.5686 -32.2807 4 41229.9 562.401 10226 4.13644e-05
41000 0.412138 0.400751 0.0113875 0 0.97237 16641.1 16027.6 613.543 0 -31.5717 -32.8441 4 41329.9 563.083 10251 3.90938e-05
41100 0.452105 0.437725 0.01438 0 0.968193 16686.4 16071.3 615.058 0 -31.5726 -31.8911 4 41429.9 563.763 10276 4.25969e-05
41200 0.435411 0.419839 0.0155719 0 0.964236 16729.9 16113.3 616.573 0 -31.5742 -32.1935 4 41529.9 564.443 10301 4.07571e-05
41300 0.44253 0.427271 0.0152596 0 0.965517 16774.1 16156 618.072 0 -31.5759 -32.2299 4 41629.9 565.123 10326 4.13781e-05
41400 0.455062 0.440595 0.0144675 0 0.968208 16819.7 16200.1 619.652 0 -31.5787 -32.5843 4 41729.9 565.801 10351 4.25654e-05
41500 0.434264 0.420489 0.0137752 0 0.968279 16863.2 16242.1 621.046 0 -31.5807 -32.378 4 41829.9 566.478 10376 4.05252e-05
41600 0.464022 0.449027 0.0149951 0 0.967685 16909.7 16287 622.631 0 -31.5819 -31.9939 4 41929.9 567.155 10401 4.31715e-05
41700 0.450019 0.432312 0.0177074 0 0.960652 16954.5 16330.3 624.201 0 -31.5833 -32.1271 4 42029.9 567.831 10426 4.14648e-05
41800 0.489437 0.474008 0.0154282 0 0.968478 17003.5 16377.7 625.802 0 -31.5842 -31.8761 4 42129.9 568.506 10451 4.53553e-05
41900 0.516575 0.497718 0.018857 0 0.963496 17055.1 16427.4 627.681 0 -31.5847 -31.7763 4 42229.9 569.18 10476 4.75103e-05
42000 0.462179 0.447608 0.0145707 0 0.968474 17101.7 16472.2 629.445 0 -31.5875 -32.6089 4 42329.9 569.854 10501 4.26253e-05
42100 0.437783 0.422488 0.0152947 0 0.965063 17145.3 16514.5 630.876 0 -31.5899 -32.5146 4 42429.9 570.527 10526 4.01376e-05
42200 0.435942 0.421883 0.0140594 0 0.967749 17189.1 16556.6 632.48 0 -31.5918 -32.336 4 42529.9 571.199 10551 3.99851e-05
42300 0.450856 0.436756 0.0140994 0 0.968727 17234.3 16600.3 633.971 0 -31.5941 -32.4836 4 42629.9 571.87 10576 4.12969e-05
42400 0.439975 0.425897 0.0140783 0 0.968002 17278.3 16642.9 635.365 0 -31.5963 -32.4377 4 42729.9 572.54 10601 4.01752e-05
42500 0.467306 0.45393 0.0133768 0 0.971375 17325 16688.3 636.737 0 -31.5963 -31.6184 4 42829.9 573.21 10626 4.27188e-05
42600 0.47327 0.459196 0.0140739 0 0.970262 17372.5 16734.2 638.288 0 -31.5965 -31.666 4 42929.9 573.878 10651 4.31129e-05
42700 0.449479 0.43429 0.0151892 0 0.966207 17417.4 16777.7 639.741 0 -31.5971 -31.8092 4 43029.9 574.546 10676 4.06791e-05
42800 0.45722 0.444711 0.0125092 0 0.972641 17463.4 16822.1 641.263 0 -31.5992 -32.393 4 43129.9 575.214 10701 4.15579e-05
42900 0.479233 0.461363 0.01787 0 0.962711 17511.2 16868.3 642.938 0 -31.6004 -32.0649 4 43229.9 575.88 10726 4.30135e-05
43000 0.463826 0.447135 0.0166911 0 0.964014 17557.7 16913 644.677 0 -31.6021 -32.2425 4 43329.9 576.546 10751 4.15901e-05
43100 0.420431 0.408029 0.0124024 0 0.970501 17599.9 16953.8 646.148 0 -31.605 -32.8029 4 43429.9 577.211 10776 3.78646e-05
43200 0.46009 0.443786 0.016304 0 0.964563 17645.8 16998.2 647.662 0 -31.6083 -32.852 4 43529.9 577.875 10801 4.10875e-05
43300 0.458106 0.443027 0.015079 0 0.967084 17691.7 17042.5 649.266 0 -31.6106 -32.5239 4 43629.9 578.538 10826 4.09225e-05
43400 0.492597 0.474327 0.0182707 0 0.962909 17740.9 17089.9 651.04 0 -31.612 -32.0958 4 43729.9 579.201 10851 4.37127e-05
43500 0.477306 0.46137 0.0159369 0 0.966611 17788.9 17136 652.832 0 -31.6146 -32.5641 4 43829.9 579.863 10876 4.24209e-05
43600 0.450539 0.435301 0.0152373 0 0.96618 17833.8 17179.6 654.288 0 -31.6166 -32.416 4 43929.9 580.524 10901 3.99322e-05
43700 0.447983 0.435732 0.0122504 0 0.972654 17878.9 17223.1 655.746 0 -31.6185 -32.3874 4 44029.9 581.184 10926 3.98803e-05
43800 0.448935 0.435231 0.0137033 0 0.969476 17923.8 17266.7 657.14 0 -31.6201 -32.2643 4 44129.9 581.844 10951 3.97435e-05
43900 0.503441 0.486621 0.0168206 0 0.966589 17974 17315.3 658.73 0 -31.6201 -31.5948 4 44229.9 582.503 10976 4.4335e-05
44000 0.501341 0.484653 0.016688 0 0.966713 18024.4 17363.8 660.606 0 -31.6201 -31.6211 4 44329.9 583.161 11001 4.40553e-05
44100 0.450685 0.436113 0.0145721 0 0.967667 18069.5 17407.4 662.12 0 -31.6209 -31.9403 4 44429.9 583.818 11026 3.95531e-05
44200 0.442183 0.427121 0.0150624 0 0.965936 18113.8 17450.1 663.671 0 -31.6225 -32.2755 4 44529.9 584.475 11051 3.865e-05
44300 0.428652 0.414419 0.0142335 0 0.966795 18156.5 17491.5 665 0 -31.6244 -32.4426 4 44629.9 585.131 11076 3.74159e-05
44400 0.437738 0.424984 0.0127546 0 0.970863 18200.4 17534 666.358 0 -31.6264 -32.46 4 44729.9 585.786 11101 3.82834e-05
44500 0.437365 0.42443 0.0129342 0 0.970427 18244.1 17576.5 667.661 0 -31.6288 -32.6192 4 44829.9 586.44 11126 3.81476e-05
44600 0.461402 0.444659 0.0167434 0 0.963712 18290 17621 669.051 0 -31.6303 -32.2193 4 44929.9 587.094 11151 3.98761e-05
44700 0.478456 0.465097 0.0133587 0 0.97208 18338 17667.5 670.502 0 -31.6327 -32.5457 4 45029.9 587.747 11176 4.16157e-05
44800 0.454231 0.440197 0.0140338 0 0.969104 18383.4 17711.5 671.893 0 -31.6345 -32.3631 4 45129.9 588.399 11201 3.92998e-05
44900 0.463822 0.44965 0.0141719 0 0.969445 18429.8 17756.4 673.362 0 -31.6373 -32.7664 4 45229.9 589.051 11226 4.00544e-05
45000 0.471082 0.452924 0.0181579 0 0.961455 18476.7 17801.7 674.945 0 -31.6385 -32.0819 4 45329.9 589.702 11251 4.02564e-05
45100 0.485412 0.469603 0.0158094 0 0.967431 18525.3 17848.7 676.58 0 -31.6404 -32.3937 4 45429.9 590.352 11276 4.16462e-05
45200 0.482981 0.466669 0.0163125 0 0.966225 18573.5 17895.4 678.155 0 -31.6419 -32.2 4 45529.9 591.001 11301 4.12945e-05
45300 0.503816 0.485015 0.0188014 0 0.962682 18623.7 17943.9 679.79 0 -31.6425 -31.8625 4 45629.9 591.65 11326 4.28231e-05
45400 0.472402 0.457483 0.0149195 0 0.968418 18671 17989.6 681.409 0 -31.6439 -32.2217 4 45729.9 592.298 11351 4.03033e-05
45500 0.471826 0.454209 0.0176175 0 0.962661 18718.1 18035 683.11 0 -31.6452 -32.122 4 45829.9 592.945 11376 3.99269e-05
45600 0.499015 0.482496 0.0165191 0 0.966897 18768.2 18083.3 684.96 0 -31.6468 -32.2616 4 45929.9 593.592 11401 4.23205e-05
45700 0.461718 0.447869 0.0138491 0 0.970005 18814.7 18128.1 686.59 0 -31.6498 -32.8751 4 46029.9 594.237 11426 3.91974e-05
45800 0.475801 0.461187 0.0146143 0 0.969285 18862.3 18174.2 688.082 0 -31.6513 -32.2523 4 46129.9 594.883 11451 4.02748e-05
45900 0.48674 0.470746 0.0159933 0 0.967142 18910.9 18221.3 689.635 0 -31.6528 -32.2335 4 46229.9 595.527 11476 4.10201e-05
46000 0.440781 0.429464 0.0113176 0 0.974324 18955.2 18264.2 690.94 0 -31.656 -32.9893 4 46329.9 596.171 11501 3.73414e-05
46100 0.460641 0.446511 0.01413 0 0.969325 19001 18308.9 692.175 0 -31.6581 -32.5414 4 46429.9 596.814 11526 3.87394e-05
46200 0.485689 0.470809 0.0148799 0 0.969363 19049.6 18355.9 693.661 0 -31.6607 -32.6603 4 46529.9 597.456 11551 4.07592e-05
46300 0.52096 0.502782 0.018178 0 0.965107 19101.7 18406.2 695.505 0 -31.6625 -32.3401 4 46629.9 598.098 11576 4.34332e-05
46400 0.55504 0.535839 0.019201 0 0.965406 19157.4 18459.8 697.566 0 -31.6622 -31.5398 4 46729.9 598.739 11601 4.61891e-05
46500 0.481411 0.465306 0.016105 0 0.966546 19205.6 18506.3 699.276 0 -31.6639 -32.3628 4 46829.9 599.379 11626 4.00229e-05
46600 0.5014 0.48566 0.0157399 0 0.968608 19255.8 18554.9 700.854 0 -31.6664 -32.6046 4 46929.9 600.019 11651 4.1684e-05
46700 0.492288 0.475578 0.0167095 0 0.966057 19305 18602.5 702.499 0 -31.6685 -32.505 4 47029.9 600.658 11676 4.07312e-05
46800 0.536409 0.51927 0.0171391 0 0.968048 19358.8 18654.4 704.404 0 -31.6689 -31.7989 4 47129.9 601.296 11701 4.43782e-05
46900 0.472563 0.45643 0.0161336 0 0.965859 19406.1 18700 706.02 0 -31.6705 -32.3556 4 47229.9 601.933 11726 3.89246e-05
47000 0.465748 0.448648 0.0171007 0 0.963283 19452.6 18744.9 707.67 0 -31.6718 -32.2027 4 47329.9 602.57 11751 3.81795e-05
47100 0.485989 0.469355 0.0166344 0 0.965772 19501.2 18791.8 709.331 0 -31.6722 -31.8145 4 47429.9 603.207 11776 3.98569e-05
47200 0.484178 0.468637 0.015541 0 0.967902 19549.7 18838.7 710.954 0 -31.6728 -31.9261 4 47529.9 603.842 11801 3.97116e-05
47300 0.506734 0.487973 0.0187609 0 0.962977 19600.3 18887.5 712.794 0 -31.6728 -31.6923 4 47629.9 604.477 11826 4.12627e-05
47400 0.510675 0.4912 0.0194749 0 0.961864 19651.5 18936.6 714.852 0 -31.6728 -31.657 4 47729.9 605.111 11851 4.1448e-05
47500 0.489909 0.472729 0.0171806 0 0.964931 19700.5 18983.9 716.601 0 -31.6734 -31.904 4 47829.9 605.745 11876 3.98054e-05
47600 0.478052 0.462536 0.0155156 0 0.967544 19748.4 19030.1 718.292 0 -31.6744 -32.0853 4 47929.9 606.378 11901 3.88653e-05
47700 0.510989 0.494162 0.0168275 0 0.967069 19799.5 19079.6 719.971 0 -31.6748 -31.847 4 48029.9 607.01 11926 4.14357e-05
47800 0.480884 0.466248 0.0146364 0 0.969564 19847.7 19126.2 721.542 0 -31.6763 -32.2698 4 48129.9 607.642 11951 3.90133e-05
47900 0.459129 0.445031 0.0140988 0 0.969292 19893.6 19170.7 722.945 0 -31.6781 -32.4537 4 48229.9 608.272 11976 3.71602e-05
48000 0.433067 0.421124 0.0119434 0 0.972421 19937.1 19212.8 724.261 0 -31.6808 -32.9332 4 48329.9 608.903 12001 3.50907e-05
48100 0.412212 0.401386 0.0108258 0 0.973737 19978.4 19252.9 725.429 0 -31.684 -33.2473 4 48429.9 609.532 12026 3.33765e-05
48200 0.418023 0.407237 0.0107858 0 0.974198 20020.1 19293.7 726.479 0 -31.6869 -33.0399 4 48529.9 610.161 12051 3.37928e-05
48300 0.457813 0.444458 0.0133556 0 0.970827 20065.8 19338.1 727.728 0 -31.6874 -31.9382 4 48629.9 610.79 12076 3.6805e-05
48400 0.433507 0.422624 0.0108831 0 0.974895 20109.4 19380.4 728.997 0 -31.689 -32.4083 4 48729.9 611.417 12101 3.49247e-05
48500 0.446193 0.430928 0.0152657 0 0.965787 20153.8 19423.5 730.35 0 -31.6895 -31.935 4 48829.9 612.044 12126 3.55375e-05
48600 0.463447 0.449034 0.0144132 0 0.9689 20200.2 19468.4 731.847 0 -31.6901 -31.9423 4 48929.9 612.671 12151 3.69545e-05
48700 0.432107 0.420439 0.0116685 0 0.972996 20243.6 19510.4 733.225 0 -31.692 -32.5642 4 49029.9 613.297 12176 3.45301e-05
48800 0.427362 0.415046 0.0123162 0 0.971181 20286.4 19551.9 734.519 0 -31.694 -32.6499 4 49129.9 613.922 12201 3.40174e-05
48900 0.447682 0.436008 0.0116732 0 0.973925 20331.3 19595.5 735.83 0 -31.6952 -32.2429 4 49229.9 614.546 12226 3.56624e-05
49000 0.466534 0.451593 0.0149407 0 0.967975 20377.9 19640.7 737.215 0 -31.6964 -32.185 4 49329.9 615.17 12251 3.68618e-05
49100 0.450835 0.438351 0.0124841 0 0.972309 20423 19684.5 738.48 0 -31.6988 -32.7984 4 49429.9 615.793 12276 3.57079e-05
49200 0.482248 0.466989 0.0152594 0 0.968358 20471.1 19731.2 739.868 0 -31.6997 -32.0958 4 49529.9 616.416 12301 3.79635e-05
49300 0.47445 0.460162 0.0142871 0 0.969887 20518.6 19777.2 741.425 0 -31.7012 -32.3542 4 49629.9 617.038 12326 3.73327e-05
49400 0.45628 0.443195 0.0130843 0 0.971324 20564.4 19821.5 742.81 0 -31.7026 -32.2956 4 49729.9 617.659 12351 3.58834e-05
49500 0.474005 0.457018 0.0169867 0 0.964163 20611.5 19867.2 744.264 0 -31.7032 -31.9913 4 49829.9 618.28 12376 3.69278e-05
49600 0.481148 0.466298 0.0148499 0 0.969137 20659.6 19913.9 745.763 0 -31.7038 -31.9488 4 49929.9 618.9 12401 3.76017e-05
49700 0.476027 0.459543 0.0164835 0 0.965373 20707.2 19959.8 747.343 0 -31.7051 -32.2553 4 50029.9 619.519 12426 3.69824e-05
49800 0.465132 0.450866 0.0142662 0 0.969329 20753.8 20004.9 748.913 0 -31.7069 -32.5343 4 50129.9 620.138 12451 3.62112e-05
49900 0.482254 0.465298 0.016955 0 0.964842 20802.1 20051.4 750.63 0 -31.7082 -32.2632 4 50229.9 620.756 12476 3.72955e-05
50000 0.488321 0.471326 0.0169951 0 0.965197 20850.9 20098.6 752.37 0 -31.7094 -32.2139 4 50329.9 621.374 12501 3.7703e-05
