100 0.00631469 0.00572043 0.000594259 0 0.905893 0.603168 0.572043 0.0311251 0 -26.3299 -26.3299 64 453.882 59.0081 2 0.00286021
200 0.0130691 0.0122814 0.000787759 0 0.939724 1.94062 1.80018 0.140439 0 -27.3022 -27.7408 64 581.882 66.8124 4 0.00307035
300 0.00671018 0.0063756 0.000334578 0 0.950139 2.63218 2.43774 0.194443 0 -27.6013 -28.4406 64 645.882 70.3909 5 0.00127512
400 0.00547826 0.00506719 0.000411075 0 0.924963 3.17338 2.94446 0.228916 0 -27.6736 -28.0249 64 773.882 77.0508 7 0.000723884
500 0.00588047 0.00567962 0.000200846 0 0.965845 3.78336 3.51242 0.270933 0 -28.1931 -30.8962 64 837.882 80.1736 8 0.000709953
600 0.00623771 0.00568128 0.000556425 0 0.910797 4.40446 4.08055 0.323909 0 -28.1974 -28.2234 64 965.882 86.08 10 0.000568128
700 0.0235393 0.0223791 0.00116019 0 0.950712 6.76448 6.31846 0.446016 0 -29.7518 -32.6526 64 1029.88 88.8861 11 0.00203446
800 0.0137198 0.0131076 0.000612175 0 0.95538 8.1734 7.62922 0.544181 0 -30.2449 -32.6124 64 1157.88 94.248 13 0.00100828
900 0.0117969 0.0110817 0.000715204 0 0.939374 9.35301 8.73739 0.615616 0 -30.5041 -32.2999 64 1285.88 99.3209 15 0.000738781
1000 0.00822393 0.00792364 0.000300294 0 0.963485 10.1871 9.52975 0.657297 0 -30.7433 -33.4258 64 1349.88 101.763 16 0.000495227
1100 0.00778311 0.00730232 0.000480792 0 0.938226 10.9659 10.26 0.7059 0 -30.7839 -31.3159 64 1477.88 106.478 18 0.000405684
1200 0.0303017 0.0286366 0.00166506 0 0.945051 13.9533 13.1236 0.82966 0 -29.6757 -25.6077 64 1541.88 108.759 19 0.00150719
1300 0.0381057 0.0362817 0.00182395 0 0.952134 17.8064 16.7518 1.05458 0 -28.7715 -25.4972 64 1669.88 113.183 21 0.0017277
1400 0.0224533 0.0206833 0.00177005 0 0.921167 20.0578 18.8201 1.23767 0 -28.4797 -26.1716 64 1733.88 115.332 22 0.000940149
1500 0.0212788 0.0200194 0.00125943 0 0.940813 22.2054 20.8221 1.38327 0 -28.3338 -26.9713 64 1861.88 119.513 24 0.00083414
1600 0.0166597 0.0155371 0.00112263 0 0.932614 23.8925 22.3758 1.51675 0 -28.2398 -27.0024 64 1989.88 123.553 26 0.000597579
1700 0.0394355 0.0375235 0.00191198 0 0.951516 27.8672 26.1281 1.73908 0 -28.5566 -30.4609 64 2053.88 125.524 27 0.00138976
1800 0.0217817 0.0206917 0.00109004 0 0.949956 30.0794 28.1973 1.8821 0 -28.634 -29.6095 64 2181.88 129.377 29 0.000713506
1900 0.016336 0.0155487 0.000787341 0 0.951803 31.7409 29.7522 1.98868 0 -28.7023 -29.939 64 2245.88 131.26 30 0.000518289
2000 0.0259077 0.024344 0.00156369 0 0.939644 34.3362 32.1866 2.14964 0 -28.5136 -26.206 64 2373.88 134.949 32 0.00076075
2100 0.0190235 0.0181202 0.000903286 0 0.952517 36.2666 33.9986 2.268 0 -28.5183 -28.6013 64 2437.88 136.756 33 0.000549096
2200 0.0316234 0.0300625 0.00156094 0 0.95064 39.4447 37.0048 2.43987 0 -28.4937 -28.2134 64 2565.88 140.3 35 0.000858929
2300 0.0205813 0.0192921 0.00128919 0 0.937361 41.5162 38.9341 2.58219 0 -28.5006 -28.632 64 2629.88 142.039 36 0.000535891
2400 0.0236495 0.0223123 0.00133723 0 0.943456 43.9027 41.1653 2.73739 0 -28.4823 -28.1641 64 2757.88 145.455 38 0.000587166
2500 0.0191173 0.017711 0.00140638 0 0.926434 45.8062 42.9364 2.86978 0 -28.4956 -28.8021 64 2885.88 148.792 40 0.000442774
2600 0.0153403 0.0149221 0.000418255 0 0.972735 47.3736 44.4286 2.94502 0 -28.5581 -30.3832 64 2949.88 150.433 41 0.000363953
2700 0.0146541 0.014054 0.000600145 0 0.959046 48.8141 45.834 2.98012 0 -28.5881 -29.5748 64 3077.88 153.662 43 0.000326836
2800 0.0158155 0.0153102 0.000505338 0 0.968048 50.3992 47.365 3.03424 0 -28.6049 -29.1223 64 3141.88 155.251 44 0.000347959
2900 0.0170064 0.0164399 0.000566509 0 0.966688 52.1092 49.009 3.10019 0 -28.6277 -29.3001 64 3269.88 158.382 46 0.000357388
3000 0.0144556 0.0140926 0.000363009 0 0.974888 53.5696 50.4182 3.15134 0 -28.6562 -29.6731 64 3333.88 159.925 47 0.000299843
3100 0.0314779 0.0303918 0.00108605 0 0.965498 56.7201 53.4574 3.26271 0 -28.56 -26.9243 64 3461.88 162.966 49 0.000620242
3200 0.0214508 0.0205526 0.000898244 0 0.958125 58.8721 55.5127 3.35944 0 -28.5526 -28.358 64 3589.88 165.951 51 0.000402992
3300 0.0183679 0.0178577 0.000510221 0 0.972222 60.7355 57.2985 3.43705 0 -28.5939 -29.8996 64 3653.88 167.424 52 0.000343416
3400 0.0154419 0.0147637 0.000678172 0 0.956082 62.2509 58.7748 3.47608 0 -28.615 -29.4595 64 3781.88 170.331 54 0.000273402
3500 0.0133333 0.0131733 0.000159994 0 0.988 63.6045 60.0922 3.51229 0 -28.6567 -30.5729 64 3845.88 171.766 55 0.000239515
3600 0.0133758 0.0130002 0.000375596 0 0.97192 64.9301 61.3922 3.53789 0 -28.6835 -29.9725 64 3973.88 174.601 57 0.000228074
3700 0.0141299 0.0137455 0.000384366 0 0.972798 66.3453 62.7667 3.57854 0 -28.7162 -30.2142 64 4037.88 176.002 58 0.000236992
3800 0.020837 0.020083 0.000754046 0 0.963812 68.4527 64.775 3.67772 0 -28.6892 -27.8385 64 4165.88 178.77 60 0.000334716
3900 0.0162051 0.0154718 0.000733347 0 0.954746 70.0844 66.3222 3.76221 0 -28.6964 -28.9977 64 4229.88 180.138 61 0.000253636
4000 0.0370276 0.035922 0.00110559 0 0.970142 73.8067 69.9144 3.89233 0 -28.6689 -28.1521 64 4357.88 182.843 63 0.00057019
4100 0.0291093 0.0251512 0.00395808 0 0.864027 76.4572 72.4295 4.02772 0 -28.6127 -27.0481 64 4485.88 185.509 65 0.000386942
4200 0.029188 0.0279032 0.00128478 0 0.955983 79.4341 75.2198 4.21427 0 -28.7048 -31.0701 64 4549.88 186.827 66 0.000422775
4300 0.0203922 0.0195168 0.000875378 0 0.957073 81.4948 77.1715 4.32329 0 -28.7573 -30.7799 64 4677.88 189.437 68 0.000287012
4400 0.0175675 0.0166589 0.000908521 0 0.948284 83.2489 78.8374 4.4115 0 -28.7995 -30.7633 64 4741.88 190.728 69 0.000241434
4500 0.0167284 0.015961 0.000767358 0 0.954128 84.9182 80.4335 4.48465 0 -28.8349 -30.5985 64 4869.88 193.285 71 0.000224803
4600 0.0148659 0.0145603 0.000305643 0 0.97944 86.4233 81.8896 4.53373 0 -28.8818 -31.5282 64 4933.88 194.551 72 0.000202226
4700 0.0171074 0.0165374 0.000570024 0 0.96668 88.1247 83.5433 4.58142 0 -28.9347 -31.6213 64 5061.88 197.059 74 0.000223478
4800 0.050145 0.0488387 0.00130636 0 0.973948 93.1871 88.4272 4.75996 0 -28.9179 -28.6262 64 5189.88 199.535 76 0.000642614
4900 0.0413229 0.0399738 0.00134911 0 0.967352 97.3669 92.4246 4.94232 0 -28.9625 -29.9563 64 5253.88 200.761 77 0.000519141
5000 0.0349606 0.0335598 0.00140074 0 0.959934 100.88 95.7805 5.09944 0 -28.9812 -29.4985 64 5381.88 203.192 79 0.000424808
5100 0.0253721 0.0245464 0.000825797 0 0.967453 103.427 98.2352 5.19157 0 -29.0184 -30.4911 64 5445.88 204.397 80 0.000306829
5200 0.0224556 0.0219536 0.000502046 0 0.977643 105.678 100.431 5.24714 0 -29.0607 -31.0054 64 5573.88 206.785 82 0.000267727
5300 0.0197105 0.0195396 0.000170931 0 0.991328 107.662 102.384 5.2775 0 -29.1108 -31.7805 64 5637.88 207.969 83 0.000235417
5400 0.018142 0.0178561 0.00028587 0 0.984243 109.474 104.17 5.30438 0 -29.1519 -31.5944 64 5765.88 210.316 85 0.000210072
5500 0.0169049 0.016783 0.000121911 0 0.992788 111.181 105.848 5.33279 0 -29.2026 -32.4493 64 5829.88 211.48 86 0.000195151
5600 0.016566 0.0163494 0.000216642 0 0.986923 112.838 107.483 5.35486 0 -29.2423 -31.9083 64 5957.88 213.789 88 0.000185789
5700 0.0156641 0.0151249 0.000539165 0 0.96558 114.369 108.996 5.37314 0 -29.2763 -31.7844 64 6085.88 216.074 90 0.000168055
5800 0.0173217 0.0168675 0.00045419 0 0.973779 116.116 110.683 5.43355 0 -29.299 -30.7873 64 6149.88 217.207 91 0.000185357
5900 0.0152486 0.0148074 0.000441204 0 0.971066 117.636 112.163 5.47226 0 -29.3276 -31.5061 64 6277.88 219.456 93 0.000159219
6000 0.0204957 0.0198772 0.000618544 0 0.969821 119.684 114.151 5.53315 0 -29.3398 -30.0429 64 6341.88 220.571 94 0.000211459
6100 0.0179376 0.017519 0.000418619 0 0.976662 121.498 115.903 5.59506 0 -29.3635 -30.9262 64 6469.88 222.786 96 0.000182489
6200 0.015103 0.0147444 0.000358567 0 0.976259 123.009 117.377 5.63138 0 -29.3887 -31.4134 64 6533.88 223.885 97 0.000152004
6300 0.0185419 0.0178331 0.000708817 0 0.961772 124.861 119.161 5.70067 0 -29.419 -31.4305 64 6661.88 226.068 99 0.000180132
6400 0.0155013 0.0149777 0.000523598 0 0.966222 126.429 120.658 5.77063 0 -29.4504 -31.957 64 6789.88 228.229 101 0.000148294
6500 0.0198368 0.0186774 0.00115947 0 0.94155 128.391 122.526 5.86462 0 -29.4493 -29.3748 64 6853.88 229.302 102 0.000183111
6600 0.0178847 0.0168019 0.0010828 0 0.939456 130.154 124.206 5.94802 0 -29.4567 -29.9978 64 6981.88 231.434 104 0.000161556
6700 0.0162294 0.0158641 0.000365333 0 0.977489 131.807 125.793 6.01373 0 -29.4921 -32.2797 64 7045.88 232.492 105 0.000151086
6800 0.0449024 0.0434718 0.00143059 0 0.96814 136.308 130.14 6.16809 0 -29.5567 -31.4477 64 7173.88 234.594 107 0.000406279
6900 0.0286504 0.0276487 0.0010017 0 0.965037 139.207 132.905 6.30263 0 -29.6065 -31.9483 64 7237.88 235.638 108 0.000256007
7000 0.0328443 0.0304833 0.00236094 0 0.928117 142.406 135.953 6.453 0 -29.6042 -29.5032 64 7365.88 237.713 110 0.000277121
7100 0.028965 0.0274963 0.00146873 0 0.949293 145.349 138.703 6.6461 0 -29.6132 -30.051 64 7429.88 238.743 111 0.000247714
7200 0.0214324 0.0203091 0.00112339 0 0.947585 147.516 140.734 6.7827 0 -29.6376 -31.2708 64 7557.88 240.791 113 0.000179726
7300 0.0207303 0.0194288 0.00130153 0 0.937216 149.557 142.677 6.88048 0 -29.6541 -30.8463 64 7685.88 242.821 115 0.000168946
7400 0.0229728 0.0220241 0.000948709 0 0.958703 151.873 144.879 6.9944 0 -29.6779 -31.2201 64 7749.88 243.83 116 0.000189863
7500 0.0400157 0.038342 0.00167377 0 0.958172 155.954 148.713 7.24065 0 -29.7217 -31.3506 64 7877.88 245.836 118 0.000324932
7600 0.0256798 0.0246323 0.00104751 0 0.959209 158.579 151.176 7.40275 0 -29.758 -31.9126 64 7941.88 246.832 119 0.000206994
7700 0.0213603 0.0204005 0.000959872 0 0.955063 160.726 153.216 7.50981 0 -29.7903 -32.1755 64 8069.88 248.813 121 0.000168599
7800 0.0197271 0.0190866 0.000640448 0 0.967535 162.73 155.125 7.60533 0 -29.8259 -32.6868 64 8133.88 249.798 122 0.000156448
7900 0.0199271 0.0195929 0.000334215 0 0.983228 164.747 157.084 7.66232 0 -29.8871 -34.8223 64 8261.88 251.756 124 0.000158008
8000 0.0157563 0.0157319 2.43815e-05 0 0.998453 166.352 158.658 7.69419 0 -29.9326 -34.598 64 8389.88 253.699 126 0.000124856
8100 0.0269694 0.0263863 0.000583194 0 0.978376 169.051 161.296 7.75522 0 -29.9465 -30.8061 64 8453.88 254.664 127 0.000207766
8200 0.0238162 0.0227006 0.00111553 0 0.953161 171.384 163.566 7.81806 0 -29.9674 -31.4783 64 8581.88 256.585 129 0.000175974
8300 0.0227692 0.0222324 0.00053681 0 0.976424 173.685 165.79 7.8959 0 -29.9987 -32.3307 64 8645.88 257.54 130 0.000171019
8400 0.033791 0.0326795 0.00111151 0 0.967106 177.071 169.057 8.01361 0 -29.9696 -28.4775 64 8773.88 259.439 132 0.000247572
8500 0.024684 0.0240618 0.000622179 0 0.974794 179.58 171.464 8.11619 0 -29.9766 -30.4702 64 8837.88 260.384 133 0.000180916
8600 0.0232164 0.0224074 0.000808993 0 0.965154 181.91 173.704 8.20542 0 -29.9957 -31.4704 64 8965.88 262.263 135 0.000165981
8700 0.0193163 0.0187813 0.000535067 0 0.9723 183.853 175.583 8.27042 0 -30.0161 -31.9271 64 9029.88 263.197 136 0.000138097
8800 0.018111 0.017725 0.00038608 0 0.978683 185.68 177.355 8.32453 0 -30.0421 -32.6555 64 9157.88 265.056 138 0.000128442
8900 0.0162346 0.0153836 0.000851013 0 0.94758 187.255 178.893 8.36182 0 -30.0599 -32.16 64 9285.88 266.902 140 0.000109883
9000 0.0169399 0.0163115 0.000628446 0 0.962902 188.958 180.525 8.43394 0 -30.0834 -32.6613 64 9349.88 267.82 141 0.000115684
9100 0.0154918 0.0149682 0.000523574 0 0.966203 190.514 182.021 8.49301 0 -30.1052 -32.7621 64 9477.88 269.647 143 0.000104673
9200 0.0141158 0.0138202 0.000295575 0 0.979061 191.932 183.403 8.52886 0 -30.1286 -33.275 64 9541.88 270.556 144 9.59739e-05
9300 0.0144742 0.0140892 0.000384995 0 0.973401 193.377 184.812 8.56436 0 -30.1531 -33.4079 64 9669.88 272.365 146 9.65017e-05
9400 0.0257847 0.023884 0.00190071 0 0.926285 195.885 187.201 8.68398 0 -30.1777 -32.0743 64 9733.88 273.264 147 0.000162476
9500 0.0220751 0.0208661 0.001209 0 0.945233 198.111 189.287 8.82327 0 -30.2132 -33.3314 64 9861.88 275.055 149 0.000140041
9600 0.0248015 0.0235978 0.00120372 0 0.951466 200.623 191.647 8.97562 0 -30.2149 -30.3511 64 9989.88 276.835 151 0.000156277
9700 0.0245175 0.0230743 0.00144315 0 0.941138 203.078 193.955 9.12304 0 -30.2306 -31.5113 64 10053.9 277.72 152 0.000151805
9800 0.0213559 0.0198493 0.00150657 0 0.929454 205.193 195.939 9.25333 0 -30.2491 -32.0257 64 10181.9 279.482 154 0.000128892
9900 0.0183644 0.0177219 0.000642553 0 0.965011 207.05 197.712 9.33854 0 -30.2767 -33.3257 64 10245.9 280.359 155 0.000114335
10000 0.0163242 0.015762 0.00056227 0 0.965556 208.687 199.288 9.39895 0 -30.3033 -33.6756 64 10373.9 282.105 157 0.000100395
10100 0.0185552 0.0179272 0.000627932 0 0.966159 210.547 201.081 9.46668 0 -30.3155 -31.6803 64 10437.9 282.974 158 0.000113464
10200 0.0197134 0.0190025 0.000710957 0 0.963935 212.534 202.981 9.55316 0 -30.3256 -31.393 64 10565.9 284.704 160 0.000118765
10300 0.0158703 0.0156185 0.000251875 0 0.984129 214.146 204.543 9.60317 0 -30.3483 -33.35 64 10629.9 285.565 161 9.7009e-05
10400 0.0155425 0.0153925 0.000150007 0 0.990349 215.717 206.082 9.63554 0 -30.3725 -33.6657 64 10757.9 287.279 163 9.44324e-05
10500 0.0227741 0.0219257 0.000848394 0 0.962747 217.978 208.274 9.70347 0 -30.3997 -32.9979 64 10885.9 288.983 165 0.000132883
10600 0.0183947 0.0178648 0.000529919 0 0.971192 219.833 210.061 9.7716 0 -30.4249 -33.3858 64 10949.9 289.831 166 0.000107619
10700 0.0161918 0.0155196 0.000672212 0 0.958484 221.437 211.613 9.82407 0 -30.4457 -33.2911 64 11077.9 291.52 168 9.23783e-05
10800 0.0157299 0.0153009 0.000429039 0 0.972725 223.018 213.143 9.87474 0 -30.4669 -33.4362 64 11141.9 292.361 169 9.05379e-05
10900 0.0134266 0.0131587 0.000267918 0 0.980046 224.368 214.459 9.90933 0 -30.4911 -34.4965 64 11269.9 294.035 171 7.69513e-05
11000 0.0129487 0.0127806 0.000168176 0 0.987012 225.673 215.737 9.93638 0 -30.516 -34.7912 64 11333.9 294.869 172 7.43056e-05
11100 0.013608 0.0133269 0.000281056 0 0.979346 227.036 217.07 9.96646 0 -30.5374 -34.075 64 11461.9 296.53 174 7.65914e-05
11200 0.0165236 0.0161208 0.00040281 0 0.975622 228.687 218.682 10.0057 0 -30.5516 -32.5036 64 11589.9 298.181 176 9.15957e-05
11300 0.0162455 0.0157016 0.000543914 0 0.966519 230.319 220.252 10.0669 0 -30.5664 -32.6434 64 11653.9 299.003 177 8.87094e-05
11400 0.0159039 0.0153014 0.000602591 0 0.962111 231.905 221.782 10.1232 0 -30.5862 -33.4619 64 11781.9 300.64 179 8.54824e-05
11500 0.0131759 0.0129642 0.000211749 0 0.983929 233.236 223.078 10.1573 0 -30.6085 -34.4919 64 11845.9 301.456 180 7.20232e-05
11600 0.0127456 0.0124309 0.000314647 0 0.975313 234.496 224.322 10.1749 0 -30.6271 -34.067 64 11973.9 303.08 182 6.83018e-05
11700 0.0125325 0.0123823 0.000150206 0 0.988015 235.756 225.56 10.1961 0 -30.6466 -34.2814 64 12037.9 303.889 183 6.7663e-05
11800 0.0130804 0.0129159 0.000164512 0 0.987423 237.068 226.851 10.2171 0 -30.6691 -34.7077 64 12165.9 305.5 185 6.98158e-05
11900 0.0159716 0.0153016 0.000670033 0 0.958049 238.665 228.381 10.2834 0 -30.6784 -32.0641 64 12229.9 306.303 186 8.22666e-05
12000 0.0214227 0.0202165 0.00120625 0 0.943693 240.775 230.403 10.3717 0 -30.6814 -31.0224 64 12357.9 307.902 188 0.000107535
12100 0.0228651 0.0215984 0.00126674 0 0.9446 243.042 232.563 10.4785 0 -30.6731 -29.7874 64 12485.9 309.492 190 0.000113676
12200 0.0187478 0.0181331 0.000614628 0 0.967216 244.946 234.376 10.5696 0 -30.6796 -31.5112 64 12549.9 310.284 191 9.49379e-05
12300 0.0201728 0.0191753 0.000997484 0 0.950553 246.944 236.294 10.6501 0 -30.6903 -32 64 12677.9 311.863 193 9.9354e-05
12400 0.0178305 0.017271 0.00055951 0 0.968621 248.739 238.021 10.7182 0 -30.7077 -33.108 64 12741.9 312.649 194 8.90259e-05
12500 0.0159126 0.0154627 0.000449879 0 0.971728 250.337 239.567 10.7697 0 -30.7283 -33.9331 64 12869.9 314.215 196 7.88914e-05
12600 0.0147527 0.0144741 0.000278598 0 0.981115 251.82 241.015 10.8057 0 -30.7461 -33.748 64 12933.9 314.996 197 7.34727e-05
12700 0.0156404 0.0151204 0.000520034 0 0.966751 253.372 242.527 10.8449 0 -30.7586 -32.7836 64 13061.9 316.55 199 7.59819e-05
12800 0.0133414 0.0132087 0.000132737 0 0.990051 254.72 243.848 10.8722 0 -30.7767 -34.188 64 13189.9 318.098 201 6.5715e-05
12900 0.0218523 0.0212998 0.000552446 0 0.974719 256.924 245.978 10.9463 0 -30.7929 -32.6617 64 13253.9 318.868 202 0.000105445
13000 0.015165 0.0148915 0.000273507 0 0.981965 258.448 247.467 10.981 0 -30.8106 -33.7899 64 13381.9 320.405 204 7.29975e-05
13100 0.0122144 0.0121099 0.000104547 0 0.991441 259.678 248.678 11.0005 0 -30.8301 -34.9396 64 13445.9 321.17 205 5.90727e-05
13200 0.0121712 0.0119364 0.000234744 0 0.980713 260.889 249.871 11.0182 0 -30.8468 -34.424 64 13573.9 322.695 207 5.7664e-05
13300 0.0372972 0.0361253 0.00117192 0 0.968579 264.608 253.484 11.1242 0 -30.8536 -31.331 64 13637.9 323.455 208 0.000173679
13400 0.0304044 0.029047 0.00135746 0 0.955353 267.639 256.389 11.25 0 -30.8659 -31.9342 64 13765.9 324.969 210 0.000138319
13500 0.0237094 0.0229628 0.000746552 0 0.968512 270.021 258.685 11.3364 0 -30.8845 -32.9782 64 13829.9 325.724 211 0.000108829
13600 0.0204282 0.0199834 0.00044475 0 0.978229 272.088 260.683 11.4048 0 -30.909 -34.116 64 13957.9 327.228 213 9.38189e-05
13700 0.0237502 0.0220901 0.00166007 0 0.930103 274.365 262.892 11.4731 0 -30.9058 -30.5124 64 14085.9 328.725 215 0.000102745
13800 0.0453501 0.0435465 0.0018036 0 0.960229 278.886 267.247 11.6388 0 -30.9024 -30.7 64 14149.9 329.47 216 0.000201604
13900 0.0395843 0.037473 0.00211128 0 0.946664 282.855 270.994 11.8612 0 -30.9136 -31.6993 64 14277.9 330.957 218 0.000171895
14000 0.0289703 0.0277857 0.00118464 0 0.959108 285.783 273.773 12.0106 0 -30.9295 -32.4622 64 14341.9 331.698 219 0.000126875
14100 0.0309444 0.0296562 0.00128822 0 0.95837 288.882 276.738 12.1441 0 -30.9516 -32.9946 64 14469.9 333.175 221 0.000134191
14200 0.0595696 0.0572526 0.002317 0 0.961104 294.836 282.464 12.3726 0 -30.8701 -26.9153 64 14533.9 333.911 222 0.000257895
14300 0.0473231 0.0451622 0.00216082 0 0.954339 299.597 286.98 12.6168 0 -30.8315 -28.4424 64 14661.9 335.378 224 0.000201617
14400 0.0369089 0.0354357 0.00147322 0 0.960085 303.305 290.523 12.7815 0 -30.8144 -29.4283 64 14789.9 336.839 226 0.000156795
14500 0.0434309 0.0416228 0.00180808 0 0.958369 307.639 294.686 12.9533 0 -30.7762 -28.1043 64 14853.9 337.567 227 0.00018336
14600 0.0424835 0.0399794 0.00250413 0 0.941056 311.816 298.684 13.1321 0 -30.7419 -28.2154 64 14981.9 339.018 229 0.000174582
14700 0.0376241 0.0362757 0.00134834 0 0.964163 315.607 302.311 13.2955 0 -30.731 -29.8348 64 15045.9 339.742 230 0.000157721
14800 0.0309059 0.02991 0.000995932 0 0.967775 318.706 305.302 13.4044 0 -30.731 -30.7283 64 15173.9 341.184 232 0.000128922
14900 0.0368286 0.0356352 0.00119347 0 0.967594 322.378 308.866 13.5128 0 -30.7123 -29.093 64 15237.9 341.903 233 0.000152941
15000 0.0315077 0.0306586 0.000849084 0 0.973052 325.542 311.932 13.6107 0 -30.7064 -30.1039 64 15365.9 343.336 235 0.000130462
15100 0.0267397 0.026268 0.000471709 0 0.982359 328.237 314.558 13.6782 0 -30.7101 -31.153 64 15429.9 344.05 236 0.000111305
15200 0.0251813 0.0247282 0.000453146 0 0.982005 330.759 317.031 13.7281 0 -30.7152 -31.388 64 15557.9 345.474 238 0.0001039
15300 0.0230156 0.0226729 0.000342708 0 0.98511 333.061 319.298 13.7628 0 -30.7244 -32.0416 64 15685.9 346.892 240 9.44702e-05
15400 0.040892 0.0392184 0.00167354 0 0.959074 337.089 323.22 13.8688 0 -30.6986 -28.5641 64 15749.9 347.599 241 0.000162732
15500 0.0493938 0.0471531 0.00224072 0 0.954636 342.032 327.936 14.0966 0 -30.6682 -28.5962 64 15877.9 349.009 243 0.000194046
15600 0.0374707 0.0361936 0.00127718 0 0.965915 345.823 331.555 14.2685 0 -30.662 -30.0977 64 15941.9 349.711 244 0.000148334
15700 0.0322415 0.0309281 0.00131341 0 0.959263 349.048 334.648 14.4001 0 -30.6586 -30.3017 64 16069.9 351.113 246 0.000125724
15800 0.0359782 0.0347887 0.00118949 0 0.966939 352.649 338.127 14.5229 0 -30.6529 -30.0948 64 16133.9 351.811 247 0.000140845
15900 0.0341852 0.0332379 0.000947293 0 0.972289 356.118 341.45 14.668 0 -30.6512 -30.4797 64 16261.9 353.204 249 0.000133485
16000 0.0278132 0.027458 0.00035513 0 0.987232 358.917 344.196 14.721 0 -30.6607 -31.8732 64 16389.9 354.591 251 0.000109395
16100 0.032778 0.0320556 0.000722471 0 0.977959 362.227 347.402 14.8248 0 -30.6711 -31.7936 64 16453.9 355.283 252 0.000127205
16200 0.0259093 0.0255438 0.000365434 0 0.985896 364.827 349.956 14.8707 0 -30.6849 -32.6183 64 16581.9 356.662 254 0.000100566
16300 0.0241084 0.0239806 0.00012779 0 0.994699 367.25 352.354 14.8963 0 -30.6987 -32.7635 64 16645.9 357.35 255 9.40416e-05
16400 0.0280924 0.0272699 0.00082247 0 0.970723 370.015 355.081 14.9341 0 -30.7039 -31.3928 64 16773.9 358.721 257 0.000106109
16500 0.0301352 0.0296463 0.000488863 0 0.983778 373.059 358.046 15.0136 0 -30.7148 -32.0476 64 16837.9 359.405 258 0.000114908
16600 0.0267332 0.0259896 0.0007436 0 0.972184 375.719 360.645 15.074 0 -30.7214 -31.643 64 16965.9 360.768 260 9.996e-05
16700 0.0316616 0.030767 0.000894522 0 0.971747 378.899 363.721 15.1777 0 -30.7197 -30.5219 64 17029.9 361.448 261 0.000117881
16800 0.0285853 0.0278053 0.000780045 0 0.972712 381.779 366.502 15.2769 0 -30.722 -31.0224 64 17157.9 362.804 263 0.000105724
16900 0.0361327 0.0322461 0.00388659 0 0.892436 385.08 369.727 15.3535 0 -30.6998 -28.1347 64 17285.9 364.155 265 0.000121683
17000 0.0521622 0.0507006 0.00146157 0 0.97198 390.378 374.797 15.5817 0 -30.6769 -29.0105 64 17349.9 364.828 266 0.000190604
17100 0.0467504 0.0448181 0.00193225 0 0.958669 395.046 379.278 15.7671 0 -30.6574 -29.0296 64 17477.9 366.171 268 0.000167232
17200 0.0442375 0.0428713 0.00136618 0 0.969117 399.496 383.566 15.9299 0 -30.646 -29.6272 64 17541.9 366.841 269 0.000159373
17300 0.0355854 0.0347608 0.00082466 0 0.976826 403.063 387.042 16.0208 0 -30.6481 -30.89 64 17669.9 368.177 271 0.000128269
17400 0.0305687 0.0301614 0.00040735 0 0.986674 406.142 390.058 16.0839 0 -30.6562 -31.7192 64 17733.9 368.843 272 0.000110887
17500 0.0440532 0.0431065 0.000946768 0 0.978509 410.569 394.368 16.2007 0 -30.6665 -31.6101 64 17861.9 370.172 274 0.000157323
17600 0.0324648 0.0320504 0.000414395 0 0.987236 413.841 397.574 16.2679 0 -30.6828 -32.7253 64 17989.9 371.496 276 0.000116125
17700 0.0296879 0.0290884 0.000599478 0 0.979807 416.807 400.482 16.3242 0 -30.6934 -32.168 64 18053.9 372.156 277 0.000105012
17800 0.0286684 0.0281491 0.000519314 0 0.981885 419.669 403.297 16.372 0 -30.7034 -32.1638 64 18181.9 373.473 279 0.000100893
17900 0.0303042 0.0299076 0.000396615 0 0.986912 422.707 406.288 16.4195 0 -30.7209 -33.1457 64 18245.9 374.13 280 0.000106813
18000 0.0269296 0.026614 0.000315544 0 0.988283 425.41 408.949 16.4602 0 -30.7399 -33.7118 64 18373.9 375.44 282 9.43759e-05
18100 0.0241792 0.0239547 0.000224495 0 0.990715 427.83 411.345 16.485 0 -30.7578 -33.8881 64 18437.9 376.093 283 8.46455e-05
18200 0.0340935 0.0326827 0.00141075 0 0.958621 431.178 414.613 16.5649 0 -30.7789 -33.477 64 18565.9 377.396 285 0.000114676
18300 0.031726 0.0312868 0.000439166 0 0.986158 434.387 417.742 16.6449 0 -30.8075 -34.6585 64 18629.9 378.046 286 0.000109394
18400 0.0259136 0.0258013 0.000112252 0 0.995668 437.012 420.322 16.6903 0 -30.8347 -35.332 64 18757.9 379.343 288 8.9588e-05
18500 0.0244497 0.0232415 0.00120819 0 0.950585 439.357 422.646 16.7113 0 -30.8503 -33.7638 64 18885.9 380.635 290 8.01432e-05
18600 0.0247958 0.0244313 0.000364534 0 0.985299 441.855 425.089 16.7658 0 -30.872 -34.6786 64 18949.9 381.279 291 8.39564e-05
18700 0.0298386 0.0282097 0.00162891 0 0.945409 444.738 427.91 16.8282 0 -30.8871 -33.2106 64 19077.9 382.565 293 9.62788e-05
18800 0.037258 0.0361011 0.00115692 0 0.968948 448.483 431.52 16.9628 0 -30.9114 -33.7863 64 19141.9 383.206 294 0.000122793
18900 0.0299861 0.0292559 0.00073014 0 0.975651 451.498 434.446 17.0519 0 -30.9329 -34.1389 64 19269.9 384.485 296 9.88376e-05
19000 0.0321092 0.0311557 0.000953529 0 0.970304 454.717 437.562 17.1552 0 -30.9501 -33.3673 64 19333.9 385.123 297 0.000104901
19100 0.0338726 0.0323543 0.0015183 0 0.955176 458.08 440.797 17.2832 0 -30.9667 -33.2025 64 19461.9 386.396 299 0.000108208
19200 0.0274141 0.0266411 0.00077296 0 0.971804 460.838 443.461 17.377 0 -30.9815 -33.4495 64 19589.9 387.664 301 8.85088e-05
19300 0.0264447 0.0256967 0.00074793 0 0.971717 463.499 446.031 17.4684 0 -31.0006 -34.3087 64 19653.9 388.297 302 8.50886e-05
19400 0.0265719 0.0257891 0.000782751 0 0.970542 466.157 448.61 17.5471 0 -31.011 -32.8253 64 19781.9 389.56 304 8.48327e-05
19500 0.0237317 0.0231782 0.00055347 0 0.976678 468.531 450.927 17.6034 0 -31.0268 -34.1149 64 19845.9 390.189 305 7.59941e-05
19600 0.0231515 0.0224819 0.000669617 0 0.971077 470.842 453.176 17.666 0 -31.0421 -34.1547 64 19973.9 391.445 307 7.32309e-05
19700 0.0233565 0.0230384 0.000318114 0 0.98638 473.2 455.479 17.7203 0 -31.0639 -35.4196 64 20037.9 392.072 308 7.48e-05
19800 0.0210356 0.0206492 0.000386422 0 0.98163 475.302 457.544 17.7577 0 -31.0821 -35.1669 64 20165.9 393.322 310 6.66104e-05
19900 0.0288956 0.0278766 0.00101903 0 0.964734 478.175 460.332 17.8433 0 -31.0949 -33.2135 64 20229.9 393.946 311 8.96354e-05
20000 0.0256471 0.0249997 0.000647331 0 0.97476 480.766 462.832 17.9336 0 -31.1072 -33.3806 64 20357.9 395.19 313 7.98714e-05
