100 0.00252941 0.00236711 0.0001623 0 0.935835 0.257367 0.236711 0.0206563 0 -27.2284 -27.2284 64 453.882 59.0081 2 0.00118355
200 0.00295826 0.00276545 0.000192809 0 0.934823 0.551423 0.513255 0.0381671 0 -27.7522 -28.2107 64 581.882 66.8124 4 0.000691362
300 0.0106323 0.0095884 0.00104387 0 0.90182 1.57805 1.4721 0.105953 0 -29.6787 -30.7135 64 645.882 70.3909 5 0.00191768
400 0.0109265 0.00962065 0.00130586 0 0.880487 2.63133 2.43416 0.197174 0 -29.1983 -28.4786 64 773.882 77.0508 7 0.00137438
500 0.0117725 0.0111016 0.000670964 0 0.943006 3.8416 3.54432 0.297285 0 -28.763 -27.8164 64 837.882 80.1736 8 0.00138769
600 0.00877779 0.00838922 0.000388573 0 0.955732 4.74815 4.38324 0.364914 0 -29.028 -30.1512 64 965.882 86.08 10 0.000838922
700 0.00613296 0.0059372 0.000195754 0 0.968082 5.37462 4.97696 0.397668 0 -29.2816 -31.2035 64 1029.88 88.8861 11 0.000539746
800 0.00572281 0.00547752 0.000245293 0 0.957138 5.94863 5.52471 0.423922 0 -29.2537 -28.9926 64 1157.88 94.248 13 0.000421348
900 0.00691214 0.00625819 0.000653953 0 0.905391 6.62117 6.15053 0.470646 0 -28.9548 -26.3112 64 1285.88 99.3209 15 0.000417212
1000 0.00533379 0.00509181 0.000241982 0 0.954632 7.17159 6.65971 0.511882 0 -28.8752 -27.9175 64 1349.88 101.763 16 0.000318238
1100 0.0180512 0.0167051 0.00134614 0 0.925427 8.91825 8.33022 0.588032 0 -28.8308 -28.6482 64 1477.88 106.478 18 0.00092806
1200 0.0152914 0.0144908 0.00080064 0 0.947641 10.4738 9.77929 0.694503 0 -28.9573 -29.6827 64 1541.88 108.759 19 0.000762672
1300 0.00927379 0.00880895 0.000464841 0 0.949876 11.4144 10.6602 0.754172 0 -29.0029 -29.5107 64 1669.88 113.183 21 0.000419474
1400 0.00944309 0.00908764 0.000355453 0 0.962358 12.3649 11.569 0.795932 0 -29.0227 -29.2604 64 1733.88 115.332 22 0.000413075
1500 0.00755616 0.00723477 0.000321387 0 0.957467 13.124 12.2924 0.831565 0 -29.0547 -29.5768 64 1861.88 119.513 24 0.000301449
1600 0.0236287 0.0220391 0.00158961 0 0.932726 15.4398 14.4963 0.943485 0 -28.4277 -24.8745 64 1989.88 123.553 26 0.000847659
1700 0.0248201 0.023532 0.00128816 0 0.9481 17.9375 16.8495 1.08798 0 -28.6698 -30.1664 64 2053.88 125.524 27 0.000871554
1800 0.0171513 0.0159719 0.00117941 0 0.931235 19.666 18.4467 1.21929 0 -28.7614 -29.7116 64 2181.88 129.377 29 0.000550755
1900 0.0146101 0.0136374 0.000972707 0 0.933422 21.1348 19.8105 1.32431 0 -28.8541 -30.0946 64 2245.88 131.26 30 0.000454581
2000 0.0256883 0.0233032 0.00238507 0 0.907153 23.6152 22.1408 1.47439 0 -28.7139 -27.5199 64 2373.88 134.949 32 0.000728226
2100 0.0301786 0.0290435 0.00113506 0 0.962389 26.703 25.0451 1.65783 0 -28.6845 -28.4598 64 2437.88 136.756 33 0.000880108
2200 0.0335394 0.0307094 0.00283006 0 0.91562 29.9537 28.1161 1.83757 0 -28.5832 -27.7512 64 2565.88 140.3 35 0.00087741
2300 0.0283425 0.0265621 0.0017804 0 0.937183 32.8021 30.7723 2.02982 0 -28.7027 -29.9589 64 2629.88 142.039 36 0.000737836
2400 0.0255746 0.0236731 0.00190155 0 0.925647 35.3507 33.1396 2.2111 0 -28.7034 -28.7124 64 2757.88 145.455 38 0.000622976
2500 0.0241891 0.0220276 0.00216151 0 0.910641 37.7415 35.3424 2.39913 0 -28.7368 -29.2304 64 2885.88 148.792 40 0.000550691
2600 0.0186102 0.0172791 0.00133106 0 0.928477 39.6329 37.0703 2.56266 0 -28.7988 -30.0371 64 2949.88 150.433 41 0.000421442
2700 0.0204226 0.0188201 0.00160254 0 0.921531 41.6749 38.9523 2.72261 0 -28.8087 -28.9996 64 3077.88 153.662 43 0.000437676
2800 0.016547 0.0157401 0.000806842 0 0.951239 43.37 40.5263 2.84375 0 -28.8804 -30.6443 64 3141.88 155.251 44 0.00035773
2900 0.0160742 0.0152525 0.000821759 0 0.948877 44.9789 42.0515 2.92739 0 -28.9443 -30.6655 64 3269.88 158.382 46 0.000331575
3000 0.0139224 0.01343 0.000492412 0 0.964632 46.3848 43.3945 2.99022 0 -29.0124 -31.191 64 3333.88 159.925 47 0.000285744
3100 0.0198747 0.0190584 0.000816272 0 0.958929 48.3734 45.3004 3.073 0 -29.0512 -29.9565 64 3461.88 162.966 49 0.000388948
3200 0.0162127 0.015611 0.000601649 0 0.96289 50.0069 46.8615 3.14538 0 -29.0849 -30.0845 64 3589.88 165.951 51 0.000306099
3300 0.0137507 0.0133983 0.000352411 0 0.974371 51.3935 48.2013 3.19221 0 -29.1487 -31.4477 64 3653.88 167.424 52 0.000257659
3400 0.0120995 0.0119482 0.000151365 0 0.98749 52.613 49.3961 3.21684 0 -29.2316 -32.7251 64 3781.88 170.331 54 0.000221262
3500 0.0103819 0.0103321 4.97982e-05 0 0.995203 53.6557 50.4293 3.22632 0 -29.3044 -32.9769 64 3845.88 171.766 55 0.000187857
3600 0.0112226 0.0111629 5.96563e-05 0 0.994684 54.7858 51.5456 3.24015 0 -29.3766 -32.8062 64 3973.88 174.601 57 0.000195841
3700 0.00963794 0.00947635 0.000161586 0 0.983234 55.7458 52.4933 3.25256 0 -29.4444 -33.3146 64 4037.88 176.002 58 0.000163385
3800 0.0228883 0.0219823 0.000906037 0 0.960415 58.0488 54.6915 3.35729 0 -29.4021 -28.3783 64 4165.88 178.77 60 0.000366371
3900 0.0158354 0.0149295 0.000905829 0 0.942797 59.6324 56.1845 3.44798 0 -29.4111 -29.7391 64 4229.88 180.138 61 0.000244746
4000 0.0194088 0.0181668 0.001242 0 0.936008 61.5691 58.0011 3.56795 0 -29.4208 -29.72 64 4357.88 182.843 63 0.000288362
4100 0.01547 0.0144121 0.00105788 0 0.931617 63.1039 59.4423 3.66155 0 -29.426 -29.6365 64 4485.88 185.509 65 0.000221725
4200 0.0140524 0.0134634 0.000588943 0 0.958089 64.5342 60.7887 3.74547 0 -29.4509 -30.5458 64 4549.88 186.827 66 0.000203992
4300 0.0144637 0.0137199 0.000743742 0 0.948579 65.959 62.1607 3.79828 0 -29.4779 -30.7015 64 4677.88 189.437 68 0.000201764
4400 0.0148286 0.014554 0.000274662 0 0.981478 67.4681 63.6161 3.852 0 -29.5513 -32.7592 64 4741.88 190.728 69 0.000210927
4500 0.0137117 0.0134748 0.00023688 0 0.982724 68.8546 64.9636 3.89105 0 -29.6175 -32.8395 64 4869.88 193.285 71 0.000189786
4600 0.0111682 0.0111024 6.57958e-05 0 0.994109 69.9774 66.0738 3.90364 0 -29.6745 -33.1702 64 4933.88 194.551 72 0.0001542
4700 0.0118199 0.0117907 2.91097e-05 0 0.997537 71.169 67.2529 3.9161 0 -29.7662 -35.1528 64 5061.88 197.059 74 0.000159334
4800 0.0102578 0.0101084 0.00014933 0 0.985442 72.1989 68.2637 3.93513 0 -29.8099 -32.8264 64 5189.88 199.535 76 0.000133006
4900 0.00978954 0.00962473 0.000164802 0 0.983165 73.1805 69.2262 3.95428 0 -29.857 -33.3208 64 5253.88 200.761 77 0.000124997
5000 0.011515 0.0109298 0.000585189 0 0.94918 74.3045 70.3192 3.98532 0 -29.8686 -30.6299 64 5381.88 203.192 79 0.000138352
5100 0.0123289 0.0119117 0.000417208 0 0.96616 75.5418 71.5103 4.03142 0 -29.896 -31.5365 64 5445.88 204.397 80 0.000148896
5200 0.0122634 0.0119382 0.000325179 0 0.973484 76.7878 72.7042 4.08362 0 -29.9266 -31.786 64 5573.88 206.785 82 0.000145588
5300 0.00998161 0.00983124 0.000150365 0 0.984936 77.7961 73.6873 4.10879 0 -29.9634 -32.765 64 5637.88 207.969 83 0.000118449
5400 0.0168532 0.0160235 0.000829645 0 0.950772 79.44 75.2896 4.1504 0 -29.9978 -31.627 64 5765.88 210.316 85 0.000188512
5500 0.0153172 0.0148115 0.000505762 0 0.966981 80.9879 76.7708 4.21709 0 -30.0488 -32.6662 64 5829.88 211.48 86 0.000172226
5600 0.0129113 0.0124401 0.000471221 0 0.963503 82.2827 78.0148 4.2679 0 -30.0949 -32.9724 64 5957.88 213.789 88 0.000141364
5700 0.0174178 0.0150604 0.00235739 0 0.864656 83.8437 79.5208 4.32285 0 -30.0641 -28.4455 64 6085.88 216.074 90 0.000167338
5800 0.0313691 0.0301496 0.00121952 0 0.961124 86.9919 82.5358 4.4561 0 -30.0502 -29.6795 64 6149.88 217.207 91 0.000331314
5900 0.0361363 0.0333448 0.00279157 0 0.922749 90.5682 85.8703 4.69798 0 -29.8794 -25.7244 64 6277.88 219.456 93 0.000358546
6000 0.0357676 0.0334102 0.00235743 0 0.93409 94.1624 89.2113 4.95116 0 -29.735 -26.095 64 6341.88 220.571 94 0.000355427
6100 0.0277038 0.0254105 0.0022933 0 0.917221 96.9347 91.7523 5.1824 0 -29.659 -27.0786 64 6469.88 222.786 96 0.000264693
6200 0.020911 0.0198787 0.00103229 0 0.950634 99.0647 93.7402 5.32453 0 -29.6432 -28.9241 64 6533.88 223.885 97 0.000204935
6300 0.019645 0.0185375 0.00110751 0 0.943624 101.03 95.5939 5.43566 0 -29.6254 -28.7309 64 6661.88 226.068 99 0.000187247
6400 0.0218365 0.0205389 0.00129756 0 0.940578 103.219 97.6478 5.57141 0 -29.5894 -27.9256 64 6789.88 228.229 101 0.000203355
6500 0.0281385 0.0274944 0.000644061 0 0.977111 106.092 100.397 5.69521 0 -29.5968 -29.8633 64 6853.88 229.302 102 0.000269553
6600 0.024418 0.0236303 0.000787679 0 0.967742 108.543 102.76 5.78286 0 -29.5863 -29.1324 64 6981.88 231.434 104 0.000227214
6700 0.0278695 0.0267056 0.00116382 0 0.95824 111.329 105.431 5.89834 0 -29.6255 -31.153 64 7045.88 232.492 105 0.000254339
6800 0.0233199 0.0225645 0.000755331 0 0.96761 113.676 107.687 5.98909 0 -29.6699 -31.7767 64 7173.88 234.594 107 0.000210883
6900 0.019002 0.0185914 0.000410568 0 0.978393 115.6 109.546 6.05339 0 -29.7162 -32.4513 64 7237.88 235.638 108 0.000172143
7000 0.021665 0.0209562 0.000708772 0 0.967285 117.757 111.642 6.11517 0 -29.7533 -31.7395 64 7365.88 237.713 110 0.000190511
7100 0.0194132 0.019197 0.000216216 0 0.988862 119.716 113.562 6.15414 0 -29.8053 -32.9328 64 7429.88 238.743 111 0.000172946
7200 0.0237188 0.0229453 0.000773541 0 0.967387 122.075 115.856 6.21881 0 -29.8471 -31.9659 64 7557.88 240.791 113 0.000203056
7300 0.041455 0.0396347 0.00182024 0 0.956091 126.23 119.82 6.41001 0 -29.8814 -30.8911 64 7685.88 242.821 115 0.00034465
7400 0.0276159 0.0265837 0.00103214 0 0.962625 129.037 122.478 6.55874 0 -29.9082 -31.1113 64 7749.88 243.83 116 0.00022917
7500 0.0215959 0.0208059 0.00078997 0 0.96342 131.209 124.559 6.65016 0 -29.9452 -32.146 64 7877.88 245.836 118 0.000176321
7600 0.0191731 0.0189171 0.000255993 0 0.986648 133.165 126.45 6.71426 0 -29.9962 -33.4131 64 7941.88 246.832 119 0.000158968
7700 0.0184289 0.0182059 0.000223018 0 0.987898 135.016 128.271 6.7454 0 -30.0418 -33.3277 64 8069.88 248.813 121 0.000150462
7800 0.015803 0.0155822 0.000220757 0 0.986031 136.601 129.829 6.77154 0 -30.0862 -33.862 64 8133.88 249.798 122 0.000127723
7900 0.0185764 0.0181933 0.000383088 0 0.979378 138.471 131.649 6.82256 0 -30.1078 -31.6922 64 8261.88 251.756 124 0.00014672
8000 0.0194784 0.0190148 0.000463621 0 0.976198 140.421 133.55 6.87109 0 -30.1447 -32.7633 64 8389.88 253.699 126 0.000150911
8100 0.0172228 0.0169434 0.000279336 0 0.983781 142.16 135.244 6.91584 0 -30.1847 -33.414 64 8453.88 254.664 127 0.000133413
8200 0.0225606 0.0205668 0.00199386 0 0.911622 144.29 137.301 6.98849 0 -30.1758 -29.5813 64 8581.88 256.585 129 0.000159432
8300 0.0243644 0.0233039 0.0010605 0 0.956473 146.79 139.632 7.1585 0 -30.1623 -29.38 64 8645.88 257.54 130 0.000179261
8400 0.0238974 0.0218849 0.00201253 0 0.915784 149.112 141.82 7.2919 0 -30.1457 -29.1014 64 8773.88 259.439 132 0.000165795
8500 0.0230702 0.0217201 0.0013501 0 0.941479 151.44 143.992 7.44827 0 -30.142 -29.9036 64 8837.88 260.384 133 0.000163309
8600 0.0289642 0.027337 0.00162721 0 0.94382 154.359 146.726 7.63283 0 -30.1032 -28.088 64 8965.88 262.263 135 0.000202496
8700 0.0213996 0.0198806 0.00151908 0 0.929014 156.499 148.714 7.78556 0 -30.0897 -29.1177 64 9029.88 263.197 136 0.000146181
8800 0.0185723 0.0174462 0.00112607 0 0.939368 158.378 150.458 7.91964 0 -30.0894 -30.0649 64 9157.88 265.056 138 0.000126422
8900 0.0172393 0.0159899 0.00124939 0 0.927526 160.095 152.057 8.03756 0 -30.0935 -30.4728 64 9285.88 266.902 140 0.000114214
9000 0.0154998 0.0142602 0.00123965 0 0.920022 161.645 153.483 8.16118 0 -30.0977 -30.532 64 9349.88 267.82 141 0.000101136
9100 0.0252714 0.0229095 0.00236189 0 0.906539 164.087 155.774 8.31256 0 -30.064 -27.8289 64 9477.88 269.647 143 0.000160206
9200 0.0372718 0.0344014 0.00287036 0 0.922988 167.815 159.214 8.60063 0 -30.0257 -28.3431 64 9541.88 270.556 144 0.000238899
9300 0.0288609 0.0263215 0.00253939 0 0.912013 170.728 161.847 8.88163 0 -29.9965 -28.314 64 9669.88 272.365 146 0.000180284
9400 0.0251471 0.0233125 0.00183458 0 0.927046 173.285 164.178 9.10729 0 -29.981 -28.9455 64 9733.88 273.264 147 0.000158589
9500 0.022283 0.0209837 0.0012993 0 0.941691 175.546 166.276 9.26954 0 -29.9795 -29.8607 64 9861.88 275.055 149 0.00014083
9600 0.0201536 0.0190706 0.00108307 0 0.946259 177.574 168.183 9.39071 0 -29.9887 -30.7913 64 9989.88 276.835 151 0.000126295
9700 0.0423694 0.0403652 0.00200417 0 0.952698 181.762 172.22 9.54216 0 -29.9956 -30.2861 64 10053.9 277.72 152 0.000265561
9800 0.0385333 0.0371689 0.00136439 0 0.964592 185.64 175.937 9.70284 0 -30.0196 -31.147 64 10181.9 279.482 154 0.000241357
9900 0.0295657 0.0283977 0.00116802 0 0.960494 188.6 178.776 9.82378 0 -30.0394 -31.2767 64 10245.9 280.359 155 0.000183211
10000 0.0240903 0.0230827 0.00100752 0 0.958177 191.007 181.085 9.92201 0 -30.059 -31.5946 64 10373.9 282.105 157 0.000147024
10100 0.0208879 0.0202459 0.000642021 0 0.969263 193.109 183.109 9.99933 0 -30.0814 -32.1217 64 10437.9 282.974 158 0.000128138
10200 0.0208806 0.020011 0.000869579 0 0.958355 195.197 185.11 10.0862 0 -30.0959 -31.4383 64 10565.9 284.704 160 0.000125069
10300 0.0175644 0.0169542 0.00061015 0 0.965262 196.959 186.806 10.1527 0 -30.1165 -32.3917 64 10629.9 285.565 161 0.000105306
10400 0.0230119 0.0213717 0.00164019 0 0.928724 199.2 188.943 10.2571 0 -30.1249 -30.866 64 10757.9 287.279 163 0.000131115
10500 0.0248309 0.0232086 0.0016223 0 0.934666 201.661 191.264 10.3971 0 -30.1288 -30.4418 64 10885.9 288.983 165 0.000140658
10600 0.0202564 0.019552 0.000704308 0 0.96523 203.719 193.219 10.5001 0 -30.1481 -32.0449 64 10949.9 289.831 166 0.000117783
10700 0.0407201 0.0387792 0.00194083 0 0.952337 207.772 197.097 10.6753 0 -30.1212 -28.766 64 11077.9 291.52 168 0.000230829
10800 0.0312575 0.0297951 0.00146234 0 0.953216 210.916 200.077 10.8395 0 -30.1127 -29.5527 64 11141.9 292.361 169 0.000176303
10900 0.02518 0.0241781 0.00100184 0 0.960213 213.448 202.494 10.9539 0 -30.1159 -30.3846 64 11269.9 294.035 171 0.000141393
11000 0.021934 0.0210661 0.000867907 0 0.960431 215.646 204.601 11.0451 0 -30.1247 -30.974 64 11333.9 294.869 172 0.000122477
11100 0.0289016 0.0272493 0.00165236 0 0.942828 218.493 207.326 11.1673 0 -30.1221 -29.9313 64 11461.9 296.53 174 0.000156605
11200 0.0266477 0.0255596 0.0010881 0 0.959167 221.182 209.882 11.3006 0 -30.1264 -30.4712 64 11589.9 298.181 176 0.000145225
11300 0.0212443 0.0204364 0.000807971 0 0.961968 223.322 211.925 11.3962 0 -30.1359 -31.1227 64 11653.9 299.003 177 0.00011546
11400 0.0380805 0.0352035 0.002877 0 0.92445 227.001 215.446 11.555 0 -30.0968 -27.7205 64 11781.9 300.64 179 0.000196668
11500 0.0350119 0.0334257 0.00158618 0 0.954696 230.566 218.788 11.7777 0 -30.0836 -29.2423 64 11845.9 301.456 180 0.000185699
11600 0.0359286 0.0338323 0.00209634 0 0.941653 234.129 222.172 11.9577 0 -30.0822 -29.9922 64 11973.9 303.08 182 0.000185892
11700 0.0319481 0.0309413 0.00100685 0 0.968485 237.374 225.266 12.108 0 -30.1005 -31.422 64 12037.9 303.889 183 0.000169078
11800 0.0287806 0.0278194 0.000961252 0 0.966601 240.267 228.048 12.2192 0 -30.1157 -31.3668 64 12165.9 305.5 185 0.000150375
11900 0.0254032 0.0245131 0.000890114 0 0.964961 242.823 230.499 12.3238 0 -30.1349 -31.9405 64 12229.9 306.303 186 0.000131791
12000 0.0256782 0.025014 0.000664217 0 0.974133 245.399 233 12.3988 0 -30.148 -31.3774 64 12357.9 307.902 188 0.000133053
12100 0.0264624 0.0255682 0.000894288 0 0.966205 248.028 235.557 12.471 0 -30.1521 -30.5394 64 12485.9 309.492 190 0.000134569
12200 0.0223576 0.0219093 0.000448309 0 0.979948 250.279 237.748 12.5313 0 -30.1687 -31.9905 64 12549.9 310.284 191 0.000114708
12300 0.0253928 0.0238855 0.00150725 0 0.940642 252.726 240.137 12.5892 0 -30.1713 -30.4355 64 12677.9 311.863 193 0.000123759
12400 0.027801 0.0270762 0.000724766 0 0.97393 255.537 242.844 12.6924 0 -30.1871 -31.6158 64 12741.9 312.649 194 0.000139568
12500 0.0231425 0.0225809 0.000561516 0 0.975737 257.858 245.102 12.756 0 -30.2038 -32.0393 64 12869.9 314.215 196 0.000115209
12600 0.023232 0.0225757 0.000656289 0 0.971751 260.175 247.36 12.8152 0 -30.217 -31.689 64 12933.9 314.996 197 0.000114597
12700 0.0305933 0.0295473 0.00104602 0 0.965809 263.256 250.315 12.9409 0 -30.2289 -31.2304 64 13061.9 316.55 199 0.000148479
12800 0.0219393 0.0213501 0.000589213 0 0.973144 265.465 252.45 13.0148 0 -30.2421 -31.8193 64 13189.9 318.098 201 0.00010622
12900 0.0229414 0.0223942 0.00054724 0 0.976146 267.768 254.689 13.0791 0 -30.2513 -31.3061 64 13253.9 318.868 202 0.000110862
13000 0.0214431 0.0208685 0.000574552 0 0.973206 269.912 256.776 13.1364 0 -30.2593 -31.2541 64 13381.9 320.405 204 0.000102297
13100 0.0183932 0.0180324 0.000360876 0 0.98038 271.763 258.579 13.1834 0 -30.2737 -32.3806 64 13445.9 321.17 205 8.79627e-05
13200 0.0189215 0.018483 0.000438557 0 0.976822 273.664 260.428 13.2367 0 -30.2906 -32.7107 64 13573.9 322.695 207 8.92898e-05
13300 0.0162384 0.0160986 0.000139788 0 0.991392 275.297 262.037 13.2591 0 -30.3096 -33.4913 64 13637.9 323.455 208 7.7397e-05
13400 0.0160467 0.0157631 0.000283583 0 0.982328 276.888 263.614 13.2739 0 -30.3287 -33.636 64 13765.9 324.969 210 7.50623e-05
13500 0.0157133 0.0155542 0.000159062 0 0.989877 278.467 265.169 13.2974 0 -30.3494 -33.9807 64 13829.9 325.724 211 7.37167e-05
13600 0.0177088 0.017325 0.000383708 0 0.978332 280.234 266.902 13.3326 0 -30.361 -32.1768 64 13957.9 327.228 213 8.13383e-05
13700 0.0176821 0.0172048 0.000477262 0 0.973009 281.999 268.622 13.377 0 -30.3731 -32.3056 64 14085.9 328.725 215 8.00224e-05
13800 0.0172651 0.0168002 0.000464879 0 0.973074 283.727 270.302 13.4249 0 -30.3861 -32.5069 64 14149.9 329.47 216 7.77789e-05
13900 0.0162436 0.0159344 0.000309272 0 0.98096 285.36 271.896 13.464 0 -30.3999 -32.7941 64 14277.9 330.957 218 7.30934e-05
14000 0.015133 0.0148328 0.000300227 0 0.980161 286.878 273.379 13.4987 0 -30.4129 -32.853 64 14341.9 331.698 219 6.77295e-05
14100 0.0169105 0.0161683 0.000742263 0 0.956106 288.539 274.996 13.5434 0 -30.4171 -31.1371 64 14469.9 333.175 221 7.31596e-05
14200 0.0156627 0.0155366 0.00012613 0 0.991947 290.122 276.549 13.5731 0 -30.4302 -32.829 64 14533.9 333.911 222 6.99846e-05
14300 0.0132488 0.0131964 5.23923e-05 0 0.996046 291.453 277.869 13.5845 0 -30.4477 -34.2611 64 14661.9 335.378 224 5.89125e-05
14400 0.0125113 0.0124304 8.08217e-05 0 0.99354 292.708 279.112 13.5963 0 -30.4631 -34.0493 64 14789.9 336.839 226 5.5002e-05
14500 0.0173746 0.0165264 0.000848148 0 0.951185 294.413 280.765 13.6479 0 -30.4644 -30.6737 64 14853.9 337.567 227 7.28037e-05
14600 0.0160411 0.0152935 0.000747553 0 0.953398 296.027 282.294 13.7331 0 -30.4707 -31.6293 64 14981.9 339.018 229 6.6784e-05
14700 0.0147767 0.0141265 0.00065023 0 0.955996 297.507 283.707 13.8004 0 -30.4796 -32.2531 64 15045.9 339.742 230 6.14195e-05
14800 0.0145928 0.0139991 0.000593689 0 0.959316 298.956 285.107 13.8497 0 -30.4912 -32.8768 64 15173.9 341.184 232 6.0341e-05
14900 0.0166327 0.0161403 0.000492417 0 0.970395 300.625 286.721 13.9042 0 -30.5083 -33.5731 64 15237.9 341.903 233 6.92715e-05
15000 0.0179001 0.0172311 0.000668935 0 0.962629 302.421 288.444 13.9778 0 -30.516 -31.8024 64 15365.9 343.336 235 7.33239e-05
15100 0.0231335 0.0220346 0.0010989 0 0.952497 304.719 290.647 14.0721 0 -30.517 -30.6541 64 15429.9 344.05 236 9.33668e-05
15200 0.0213276 0.0203117 0.00101596 0 0.952364 306.84 292.678 14.1618 0 -30.522 -31.2386 64 15557.9 345.474 238 8.53431e-05
15300 0.0184591 0.0176953 0.000763803 0 0.958622 308.686 294.448 14.2377 0 -30.532 -32.1936 64 15685.9 346.892 240 7.37303e-05
15400 0.0227281 0.0215446 0.00118354 0 0.947926 310.937 296.602 14.3342 0 -30.5219 -29.1299 64 15749.9 347.599 241 8.93966e-05
15500 0.0180924 0.0174086 0.000683818 0 0.962204 312.768 298.343 14.4252 0 -30.5223 -30.6003 64 15877.9 349.009 243 7.16402e-05
15600 0.0172233 0.0162858 0.00093749 0 0.945568 314.48 299.972 14.5085 0 -30.5222 -30.4965 64 15941.9 349.711 244 6.6745e-05
15700 0.0171128 0.0163117 0.000801149 0 0.953184 316.194 301.603 14.5906 0 -30.5226 -30.6009 64 16069.9 351.113 246 6.63076e-05
15800 0.0171749 0.016654 0.000520928 0 0.969669 317.94 303.268 14.6715 0 -30.5283 -31.5622 64 16133.9 351.811 247 6.74249e-05
15900 0.0147721 0.0143966 0.000375513 0 0.97458 319.426 304.708 14.7181 0 -30.5372 -32.4254 64 16261.9 353.204 249 5.78177e-05
16000 0.0133915 0.0131812 0.000210287 0 0.984297 320.774 306.026 14.7476 0 -30.5467 -32.8055 64 16389.9 354.591 251 5.25148e-05
16100 0.0132695 0.0130611 0.000208384 0 0.984296 322.104 307.332 14.7722 0 -30.5562 -32.8388 64 16453.9 355.283 252 5.18298e-05
16200 0.0179439 0.0169246 0.00101932 0 0.943194 323.846 309.025 14.8216 0 -30.5609 -31.4316 64 16581.9 356.662 254 6.66321e-05
16300 0.0217074 0.0211037 0.000603757 0 0.972187 326.031 311.135 14.8956 0 -30.5712 -32.0966 64 16645.9 357.35 255 8.27596e-05
16400 0.0183638 0.0180467 0.000317141 0 0.98273 327.891 312.94 14.9511 0 -30.5864 -33.2627 64 16773.9 358.721 257 7.02206e-05
16500 0.0142906 0.0140955 0.00019506 0 0.98635 329.319 314.349 14.9698 0 -30.6019 -34.1634 64 16837.9 359.405 258 5.46337e-05
16600 0.0142528 0.0140236 0.000229151 0 0.983922 330.748 315.752 14.9961 0 -30.6156 -33.7636 64 16965.9 360.768 260 5.39369e-05
16700 0.0120464 0.0119965 4.99051e-05 0 0.995857 331.962 316.951 15.011 0 -30.6307 -34.7492 64 17029.9 361.448 261 4.59634e-05
16800 0.0324038 0.030527 0.00187674 0 0.942083 335.201 320.004 15.1968 0 -30.5933 -26.762 64 17157.9 362.804 263 0.000116072
16900 0.0240205 0.0223911 0.00162942 0 0.932166 337.589 322.243 15.3456 0 -30.5802 -28.7391 64 17285.9 364.155 265 8.44947e-05
17000 0.0237376 0.0226928 0.00104479 0 0.955986 339.972 324.512 15.4592 0 -30.5733 -29.5964 64 17349.9 364.828 266 8.53111e-05
17100 0.0354854 0.0334951 0.00199022 0 0.943914 343.525 327.862 15.6632 0 -30.567 -29.9578 64 17477.9 366.171 268 0.000124982
17200 0.0407768 0.0382899 0.00248695 0 0.939011 347.585 331.691 15.894 0 -30.559 -29.8843 64 17541.9 366.841 269 0.000142341
17300 0.0319506 0.0305504 0.00140013 0 0.956178 350.831 334.746 16.085 0 -30.5614 -30.8229 64 17669.9 368.177 271 0.000112732
17400 0.0256727 0.0241436 0.00152917 0 0.940436 353.4 337.16 16.2398 0 -30.5631 -30.7873 64 17733.9 368.843 272 8.87631e-05
17500 0.0211742 0.0204988 0.000675394 0 0.968103 355.546 339.21 16.3355 0 -30.573 -32.2086 64 17861.9 370.172 274 7.48131e-05
17600 0.0178741 0.0174468 0.000427264 0 0.976096 357.352 340.955 16.3976 0 -30.5843 -32.7986 64 17989.9 371.496 276 6.32131e-05
17700 0.0210171 0.0201007 0.000916443 0 0.956395 359.457 342.965 16.4918 0 -30.5899 -31.5508 64 18053.9 372.156 277 7.25656e-05
17800 0.0190553 0.0178525 0.0012028 0 0.936879 361.319 344.75 16.5686 0 -30.5955 -31.678 64 18181.9 373.473 279 6.39875e-05
17900 0.0176777 0.017395 0.000282708 0 0.984008 363.123 346.49 16.6332 0 -30.61 -33.5063 64 18245.9 374.13 280 6.21249e-05
18000 0.019905 0.0189879 0.000917054 0 0.953928 365.072 348.388 16.684 0 -30.6157 -31.687 64 18373.9 375.44 282 6.7333e-05
18100 0.0220738 0.0216966 0.00037717 0 0.982913 367.323 350.558 16.7649 0 -30.6314 -33.1707 64 18437.9 376.093 283 7.66666e-05
18200 0.0445874 0.0420059 0.00258155 0 0.942101 371.629 354.759 16.8708 0 -30.5701 -25.3397 64 18565.9 377.396 285 0.000147389
18300 0.0457467 0.0441117 0.00163508 0 0.964258 376.251 359.17 17.0808 0 -30.5098 -25.6633 64 18629.9 378.046 286 0.000154237
18400 0.0348023 0.0330737 0.0017286 0 0.950331 379.74 362.477 17.2627 0 -30.4745 -26.6672 64 18757.9 379.343 288 0.000114839
18500 0.0273959 0.0263949 0.00100092 0 0.963465 382.527 365.117 17.4101 0 -30.4563 -27.9834 64 18885.9 380.635 290 9.1017e-05
18600 0.0309461 0.0293936 0.00155245 0 0.949834 385.593 368.056 17.5374 0 -30.4463 -29.1962 64 18949.9 381.279 291 0.000101009
18700 0.0276217 0.0263474 0.0012743 0 0.953866 388.374 370.691 17.6836 0 -30.4444 -30.1729 64 19077.9 382.565 293 8.99229e-05
18800 0.042927 0.040527 0.00240005 0 0.94409 392.606 374.744 17.8623 0 -30.4217 -28.3379 64 19141.9 383.206 294 0.000137847
18900 0.0395024 0.0373712 0.00213116 0 0.94605 396.574 378.481 18.0931 0 -30.4076 -29.0161 64 19269.9 384.485 296 0.000126254
19000 0.0307993 0.0289948 0.00180459 0 0.941408 399.668 381.38 18.2879 0 -30.3993 -29.3307 64 19333.9 385.123 297 9.76254e-05
19100 0.0299091 0.028636 0.00127315 0 0.957433 402.697 384.244 18.4536 0 -30.4024 -30.8144 64 19461.9 386.396 299 9.57724e-05
19200 0.0248151 0.0238052 0.00100998 0 0.9593 405.195 386.624 18.5708 0 -30.4059 -30.9682 64 19589.9 387.664 301 7.90869e-05
19300 0.023168 0.0224064 0.000761593 0 0.967127 407.524 388.865 18.6587 0 -30.4128 -31.6165 64 19653.9 388.297 302 7.41935e-05
19400 0.0311795 0.0302078 0.000971736 0 0.968834 410.678 391.886 18.7919 0 -30.4121 -30.3218 64 19781.9 389.56 304 9.93676e-05
19500 0.0334456 0.0315165 0.00192913 0 0.94232 413.966 395.037 18.9289 0 -30.3932 -28.0332 64 19845.9 390.189 305 0.000103333
19600 0.0284868 0.0267225 0.00176429 0 0.938066 416.791 397.71 19.0813 0 -30.3821 -28.7564 64 19973.9 391.445 307 8.70439e-05
19700 0.0271434 0.0256449 0.00149848 0 0.944794 419.505 400.274 19.2312 0 -30.3758 -29.4132 64 20037.9 392.072 308 8.32626e-05
19800 0.0234264 0.0224685 0.000957927 0 0.959109 421.881 402.521 19.3598 0 -30.3765 -30.5013 64 20165.9 393.322 310 7.24789e-05
19900 0.0201395 0.0194349 0.000704569 0 0.965016 423.91 404.464 19.446 0 -30.3813 -31.3667 64 20229.9 393.946 311 6.24918e-05
20000 0.0206887 0.0199895 0.000699155 0 0.966206 425.986 406.463 19.523 0 -30.3876 -31.6724 64 20357.9 395.19 313 6.38643e-05
