100 0.0451395 0.0417305 0.00340892 0 0.92448 4.45768 4.17305 0.284625 0 -28.2346 -28.2346 4 429.882 57.4268 26 0.00160502
200 0.0938788 0.0890833 0.0047955 0 0.948918 13.9382 13.0814 0.85683 0 -29.2013 -29.6558 4 529.882 63.7572 51 0.00174673
300 0.11279 0.104012 0.00877834 0 0.922171 25.1068 23.4825 1.62428 0 -28.6434 -27.9472 4 629.882 69.5136 76 0.00136857
400 0.156365 0.145825 0.0105403 0 0.932592 40.8319 38.0651 2.76679 0 -28.3049 -27.7644 4 729.882 74.8284 101 0.00144381
500 0.155491 0.143237 0.0122549 0 0.921186 56.2996 52.3887 3.91084 0 -28.1324 -27.6769 4 829.882 79.7899 126 0.0011368
600 0.185732 0.171015 0.0147173 0 0.920761 74.7843 69.4902 5.29403 0 -28.2037 -28.4212 4 929.882 84.4605 151 0.00113255
700 0.236293 0.220629 0.0156637 0 0.933711 98.4528 91.5531 6.89964 0 -28.2585 -28.4317 4 1029.88 88.8861 176 0.00125357
800 0.249745 0.234566 0.0151794 0 0.93922 123.566 115.01 8.55584 0 -28.1416 -27.6834 4 1129.88 93.1015 201 0.00116699
900 0.251523 0.235301 0.0162223 0 0.935504 148.717 138.54 10.1768 0 -28.1497 -28.1895 4 1229.88 97.1341 226 0.00104116
1000 0.278601 0.260877 0.0177243 0 0.936381 176.519 164.628 11.8912 0 -28.1301 -28.0248 4 1329.88 101.006 251 0.00103935
1100 0.316223 0.299231 0.0169919 0 0.946266 208.36 194.551 13.8092 0 -28.0294 -27.4711 4 1429.88 104.735 276 0.00108417
1200 0.295531 0.279855 0.0156763 0 0.946956 238.06 222.536 15.5234 0 -27.9852 -27.6754 4 1529.88 108.335 301 0.000929751
1300 0.326292 0.308873 0.0174187 0 0.946616 270.641 253.424 17.218 0 -28.0513 -28.5344 4 1629.88 111.82 326 0.000947464
1400 0.322836 0.307131 0.0157053 0 0.951352 303.125 284.137 18.9888 0 -28.1038 -28.541 4 1729.88 115.199 351 0.000875017
1500 0.261948 0.249083 0.0128654 0 0.950886 329.485 309.045 20.4405 0 -28.1648 -28.8659 4 1829.88 118.482 376 0.000662454
1600 0.264035 0.251509 0.0125263 0 0.952558 356.089 334.196 21.8934 0 -28.1837 -28.4184 4 1929.88 121.676 401 0.000627204
1700 0.251389 0.237064 0.0143254 0 0.943015 381.087 357.902 23.1848 0 -28.2152 -28.6635 4 2029.88 124.789 426 0.000556488
1800 0.25138 0.23939 0.0119902 0 0.952303 406.341 381.841 24.5001 0 -28.3054 -29.6663 4 2129.88 127.826 451 0.000530798
1900 0.257711 0.245284 0.0124268 0 0.95178 432.166 406.37 25.796 0 -28.367 -29.3361 4 2229.88 130.792 476 0.000515302
2000 0.274342 0.260811 0.0135308 0 0.950679 459.571 432.451 27.12 0 -28.4489 -29.7409 4 2329.88 133.692 501 0.000520581
2100 0.255451 0.242527 0.0129242 0 0.949406 485.025 456.703 28.3213 0 -28.538 -30.1469 4 2429.88 136.531 526 0.000461078
2200 0.244129 0.232973 0.0111568 0 0.9543 509.522 480.001 29.521 0 -28.6259 -30.3669 4 2529.88 139.313 551 0.000422818
2300 0.289999 0.276068 0.0139309 0 0.951962 538.446 507.607 30.8383 0 -28.734 -30.6374 4 2629.88 142.039 576 0.000479285
2400 0.274674 0.261414 0.0132601 0 0.951724 565.965 533.749 32.2164 0 -28.7968 -30.0268 4 2729.88 144.714 601 0.000434965
2500 0.278396 0.264774 0.0136222 0 0.951069 593.825 560.226 33.5984 0 -28.8514 -29.9607 4 2829.88 147.341 626 0.000422961
2600 0.273615 0.259729 0.0138859 0 0.94925 621.15 586.199 34.951 0 -28.8999 -29.9538 4 2929.88 149.922 651 0.000398969
2700 0.312464 0.296556 0.015908 0 0.949089 652.433 615.855 36.5785 0 -28.9608 -30.1693 4 3029.88 152.459 676 0.000438693
2800 0.283556 0.268774 0.0147814 0 0.947871 680.789 642.732 38.0571 0 -29.0051 -30.0233 4 3129.88 154.954 701 0.000383416
2900 0.293358 0.277544 0.0158146 0 0.946091 710.028 670.487 39.5413 0 -29.0607 -30.3556 4 3229.88 157.41 726 0.000382292
3000 0.275367 0.263493 0.0118742 0 0.956879 737.823 696.836 40.9868 0 -29.1392 -31.145 4 3329.88 159.829 751 0.000350856
3100 0.279553 0.267295 0.0122573 0 0.956154 765.804 723.565 42.2391 0 -29.1915 -30.5699 4 3429.88 162.211 776 0.000344453
3200 0.296063 0.283458 0.0126053 0 0.957424 795.511 751.911 43.5995 0 -29.247 -30.6781 4 3529.88 164.558 801 0.00035388
3300 0.304527 0.291429 0.0130971 0 0.956992 825.995 781.054 44.9409 0 -29.2792 -30.1187 4 3629.88 166.873 826 0.00035282
3400 0.289491 0.27836 0.0111304 0 0.961552 855.1 808.89 46.2102 0 -29.3147 -30.3232 4 3729.88 169.156 851 0.000327098
3500 0.309369 0.293494 0.0158752 0 0.948685 885.718 838.239 47.4788 0 -29.3269 -29.6679 4 3829.88 171.409 876 0.000335038
3600 0.300738 0.288797 0.0119418 0 0.960292 915.927 867.119 48.8081 0 -29.3558 -30.2043 4 3929.88 173.632 901 0.000320529
3700 0.356189 0.341316 0.0148729 0 0.958244 951.524 901.251 50.2729 0 -29.3753 -29.8748 4 4029.88 175.827 926 0.000368592
3800 0.35745 0.340219 0.0172318 0 0.951792 987.267 935.273 51.9942 0 -29.3826 -29.5773 4 4129.88 177.995 951 0.000357748
3900 0.399256 0.379419 0.0198367 0 0.950316 1027.08 973.214 53.8606 0 -29.3537 -28.6378 4 4229.88 180.138 976 0.000388749
4000 0.356616 0.340201 0.0164146 0 0.953971 1062.89 1007.23 55.6529 0 -29.3549 -29.3901 4 4329.88 182.254 1001 0.000339861
4100 0.325664 0.310614 0.0150502 0 0.953786 1095.48 1038.3 57.1809 0 -29.369 -29.8271 4 4429.88 184.347 1026 0.000302743
4200 0.342163 0.327534 0.0146289 0 0.957246 1129.73 1071.05 58.6769 0 -29.3774 -29.6478 4 4529.88 186.416 1051 0.00031164
4300 0.381825 0.363748 0.0180765 0 0.952658 1167.84 1107.42 60.4203 0 -29.401 -30.0986 4 4629.88 188.463 1076 0.000338056
4400 0.379892 0.363386 0.0165054 0 0.956552 1205.99 1143.76 62.2268 0 -29.4174 -29.9196 4 4729.88 190.487 1101 0.000330051
4500 0.36824 0.352961 0.0152785 0 0.958509 1242.88 1179.06 63.8256 0 -29.4293 -29.8202 4 4829.88 192.49 1126 0.000313464
4600 0.374702 0.360115 0.0145871 0 0.96107 1280.48 1215.07 65.414 0 -29.4625 -30.5605 4 4929.88 194.473 1151 0.000312872
4700 0.357653 0.343257 0.0143958 0 0.959749 1316.31 1249.4 66.9172 0 -29.4851 -30.2931 4 5029.88 196.435 1176 0.000291885
4800 0.366192 0.351312 0.0148798 0 0.959366 1352.9 1284.53 68.3715 0 -29.4895 -29.6475 4 5129.88 198.378 1201 0.000292516
4900 0.340443 0.328184 0.0122596 0 0.963989 1386.96 1317.35 69.617 0 -29.5081 -30.2451 4 5229.88 200.302 1226 0.000267686
5000 0.388743 0.373263 0.0154797 0 0.96018 1425.79 1354.67 71.1206 0 -29.5269 -30.1999 4 5329.88 202.208 1251 0.000298372
5100 0.396414 0.379623 0.0167912 0 0.957642 1465.41 1392.63 72.7713 0 -29.537 -29.8979 4 5429.88 204.096 1276 0.00029751
5200 0.375377 0.359654 0.015723 0 0.958114 1502.99 1428.6 74.3908 0 -29.5511 -30.1011 4 5529.88 205.967 1301 0.000276444
5300 0.369281 0.355037 0.014244 0 0.961428 1540.06 1464.1 75.9599 0 -29.5657 -30.1606 4 5629.88 207.821 1326 0.00026775
5400 0.364957 0.35113 0.0138262 0 0.962115 1576.69 1499.22 77.4716 0 -29.5877 -30.5125 4 5729.88 209.659 1351 0.000259904
5500 0.3548 0.340452 0.0143478 0 0.959561 1612.1 1533.26 78.8419 0 -29.6087 -30.5403 4 5829.88 211.48 1376 0.000247422
5600 0.333619 0.321968 0.0116503 0 0.965079 1645.64 1565.46 80.1766 0 -29.6344 -30.8696 4 5929.88 213.286 1401 0.000229813
5700 0.366268 0.353348 0.0129201 0 0.964725 1682.34 1600.79 81.543 0 -29.6627 -30.9323 4 6029.88 215.077 1426 0.00024779
5800 0.348413 0.335555 0.0128578 0 0.963096 1717.21 1634.35 82.8593 0 -29.6849 -30.7592 4 6129.88 216.853 1451 0.000231258
5900 0.347817 0.334356 0.0134615 0 0.961297 1752.04 1667.78 84.2517 0 -29.7155 -31.2209 4 6229.88 218.615 1476 0.000226528
6000 0.368769 0.352301 0.0164676 0 0.955344 1788.94 1703.01 85.9232 0 -29.7354 -30.6825 4 6329.88 220.363 1501 0.000234711
6100 0.373369 0.357274 0.0160948 0 0.956893 1826.33 1738.74 87.5854 0 -29.7565 -30.7634 4 6429.88 222.096 1526 0.000234125
6200 0.42116 0.402924 0.0182362 0 0.9567 1868.53 1779.03 89.493 0 -29.7578 -29.8167 4 6529.88 223.817 1551 0.000259783
6300 0.376732 0.360097 0.0166348 0 0.955844 1906.29 1815.04 91.2425 0 -29.7701 -30.3769 4 6629.88 225.524 1576 0.000228488
6400 0.376927 0.361015 0.0159126 0 0.957783 1944.16 1851.15 93.017 0 -29.7805 -30.3044 4 6729.88 227.219 1601 0.000225493
6500 0.355881 0.342838 0.0130424 0 0.963352 1979.94 1885.43 94.5064 0 -29.8 -30.8601 4 6829.88 228.9 1626 0.000210848
6600 0.340962 0.329516 0.0114458 0 0.966431 2014.29 1918.38 95.9079 0 -29.8151 -30.6846 4 6929.88 230.57 1651 0.000199586
6700 0.369 0.356097 0.0129031 0 0.965032 2051.29 1953.99 97.2948 0 -29.8259 -30.4145 4 7029.88 232.228 1676 0.000212469
6800 0.34794 0.337276 0.0106637 0 0.969352 2086.24 1987.72 98.5238 0 -29.8454 -30.9915 4 7129.88 233.874 1701 0.000198281
6900 0.374646 0.360279 0.0143674 0 0.961651 2123.68 2023.75 99.9331 0 -29.8575 -30.531 4 7229.88 235.508 1726 0.000208736
7000 0.365959 0.353039 0.0129197 0 0.964696 2160.39 2059.05 101.341 0 -29.8723 -30.7301 4 7329.88 237.131 1751 0.000201621
7100 0.327948 0.317915 0.0100333 0 0.969406 2193.36 2090.84 102.518 0 -29.8931 -31.2563 4 7429.88 238.743 1776 0.000179006
7200 0.322475 0.312088 0.0103869 0 0.96779 2225.61 2122.05 103.555 0 -29.918 -31.6072 4 7529.88 240.344 1801 0.000173286
7300 0.389015 0.376257 0.012758 0 0.967204 2264.54 2159.68 104.863 0 -29.9356 -30.9402 4 7629.88 241.935 1826 0.000206055
7400 0.360531 0.348121 0.0124099 0 0.965579 2300.65 2194.49 106.16 0 -29.9497 -30.8395 4 7729.88 243.515 1851 0.000188072
7500 0.3944 0.378816 0.0155836 0 0.960488 2339.93 2232.37 107.558 0 -29.9555 -30.2917 4 7829.88 245.086 1876 0.000201928
7600 0.415681 0.395993 0.019688 0 0.952637 2381.27 2271.97 109.301 0 -29.9619 -30.3269 4 7929.88 246.646 1901 0.000208308
7700 0.449617 0.430446 0.0191713 0 0.957361 2426.27 2315.01 111.257 0 -29.9697 -30.3804 4 8029.88 248.196 1926 0.000223492
7800 0.380567 0.366747 0.0138193 0 0.963687 2464.63 2351.69 112.941 0 -29.9807 -30.6794 4 8129.88 249.737 1951 0.000187979
7900 0.415541 0.401033 0.014508 0 0.965086 2506.33 2391.79 114.54 0 -29.9895 -30.5095 4 8229.88 251.268 1976 0.000202952
8000 0.405153 0.389057 0.0160962 0 0.960271 2546.8 2430.7 116.101 0 -29.9975 -30.4919 4 8329.88 252.79 2001 0.000194431
8100 0.415551 0.401323 0.0142284 0 0.96576 2588.48 2470.83 117.651 0 -30.0096 -30.7453 4 8429.88 254.303 2026 0.000198086
8200 0.41903 0.403181 0.015849 0 0.962177 2630.45 2511.15 119.303 0 -30.0214 -30.7532 4 8529.88 255.806 2051 0.000196578
8300 0.376323 0.363146 0.0131772 0 0.964984 2668.16 2547.46 120.694 0 -30.0379 -31.1849 4 8629.88 257.302 2076 0.000174926
8400 0.370876 0.359665 0.0112112 0 0.969771 2705.46 2583.43 122.028 0 -30.0564 -31.3788 4 8729.88 258.788 2101 0.000171187
8500 0.40891 0.392039 0.0168706 0 0.958743 2746.09 2622.63 123.455 0 -30.0714 -31.071 4 8829.88 260.266 2126 0.000184402
8600 0.419145 0.402534 0.0166115 0 0.960368 2788.06 2662.89 125.169 0 -30.0793 -30.5958 4 8929.88 261.736 2151 0.000187138
8700 0.436067 0.418928 0.0171388 0 0.960697 2831.74 2704.78 126.956 0 -30.0813 -30.2118 4 9029.88 263.197 2176 0.000192522
8800 0.395247 0.37971 0.0155363 0 0.960692 2871.38 2742.75 128.631 0 -30.0864 -30.4506 4 9129.88 264.65 2201 0.000172517
8900 0.384588 0.369101 0.015487 0 0.959731 2909.85 2779.66 130.185 0 -30.0886 -30.2552 4 9229.88 266.096 2226 0.000165814
9000 0.353435 0.341367 0.0120675 0 0.965857 2945.35 2813.8 131.552 0 -30.0993 -30.9761 4 9329.88 267.533 2251 0.000151651
9100 0.33776 0.325284 0.0124753 0 0.963065 2979.06 2846.33 132.737 0 -30.1104 -31.0772 4 9429.88 268.963 2276 0.000142919
9200 0.349512 0.33882 0.0106927 0 0.969407 3014.16 2880.21 133.955 0 -30.1254 -31.4 4 9529.88 270.386 2301 0.000147249
9300 0.356633 0.342651 0.0139821 0 0.960794 3049.59 2914.47 135.114 0 -30.134 -30.8632 4 9629.88 271.801 2326 0.000147314
9400 0.374501 0.36173 0.0127712 0 0.965898 3087.12 2950.65 136.479 0 -30.1445 -30.9984 4 9729.88 273.208 2351 0.000153862
9500 0.362633 0.349928 0.0127055 0 0.964963 3123.45 2985.64 137.813 0 -30.155 -31.0448 4 9829.88 274.609 2376 0.000147276
9600 0.359143 0.347345 0.0117981 0 0.967149 3159.34 3020.37 138.963 0 -30.1714 -31.5984 4 9929.88 276.002 2401 0.000144667
9700 0.430539 0.414001 0.0165387 0 0.961586 3202.22 3061.77 140.446 0 -30.1781 -30.6714 4 10029.9 277.388 2426 0.000170652
9800 0.465981 0.44686 0.0191209 0 0.958966 3248.78 3106.46 142.323 0 -30.1874 -30.8304 4 10129.9 278.768 2451 0.000182317
9900 0.436083 0.416166 0.0199164 0 0.954329 3292.27 3148.08 144.197 0 -30.1954 -30.792 4 10229.9 280.14 2476 0.00016808
10000 0.413309 0.397561 0.0157474 0 0.961899 3333.87 3187.83 146.034 0 -30.207 -31.1252 4 10329.9 281.506 2501 0.000158961
10100 0.37884 0.365996 0.0128441 0 0.966096 3371.92 3224.43 147.493 0 -30.2242 -31.7307 4 10429.9 282.865 2526 0.000144892
10200 0.394573 0.380345 0.014227 0 0.963943 3411.4 3262.47 148.939 0 -30.2347 -31.1344 4 10529.9 284.218 2551 0.000149097
10300 0.414713 0.397494 0.0172185 0 0.958481 3452.76 3302.22 150.544 0 -30.2491 -31.4341 4 10629.9 285.565 2576 0.000154307
10400 0.383556 0.368633 0.0149235 0 0.961092 3491.24 3339.08 152.158 0 -30.2646 -31.6588 4 10729.9 286.905 2601 0.000141727
10500 0.409412 0.392528 0.0168831 0 0.958763 3532.14 3378.33 153.813 0 -30.2768 -31.3118 4 10829.9 288.238 2626 0.000149478
10600 0.396021 0.382394 0.0136271 0 0.96559 3571.94 3416.57 155.371 0 -30.2868 -31.181 4 10929.9 289.566 2651 0.000144245
10700 0.410515 0.394297 0.0162186 0 0.960492 3612.99 3456 156.994 0 -30.2979 -31.2646 4 11029.9 290.888 2676 0.000147345
10800 0.423061 0.407076 0.0159855 0 0.962215 3655.45 3496.71 158.745 0 -30.3128 -31.5732 4 11129.9 292.203 2701 0.000150713
10900 0.384322 0.369071 0.0152511 0 0.960317 3693.87 3533.61 160.254 0 -30.3271 -31.6875 4 11229.9 293.513 2726 0.000135389
11000 0.390398 0.37742 0.0129783 0 0.966756 3733.01 3571.36 161.655 0 -30.3409 -31.6434 4 11329.9 294.817 2751 0.000137194
11100 0.395889 0.382469 0.0134197 0 0.966102 3772.64 3609.6 163.036 0 -30.3569 -31.8644 4 11429.9 296.115 2776 0.000137777
11200 0.387636 0.377034 0.0106017 0 0.97265 3811.6 3647.31 164.295 0 -30.3727 -31.9081 4 11529.9 297.408 2801 0.000134607
11300 0.40193 0.387154 0.0147761 0 0.963237 3851.59 3686.02 165.567 0 -30.3873 -31.776 4 11629.9 298.695 2826 0.000136997
11400 0.366116 0.355829 0.010287 0 0.971902 3888.46 3721.61 166.85 0 -30.4076 -32.5317 4 11729.9 299.976 2851 0.000124809
11500 0.389564 0.379436 0.0101288 0 0.974 3927.61 3759.55 168.065 0 -30.4278 -32.4278 4 11829.9 301.252 2876 0.000131932
11600 0.362277 0.35185 0.0104274 0 0.971217 3963.86 3794.73 169.124 0 -30.4438 -32.1771 4 11929.9 302.523 2901 0.000121286
11700 0.350212 0.339673 0.0105388 0 0.969907 3998.8 3828.7 170.101 0 -30.4601 -32.3154 4 12029.9 303.788 2926 0.000116088
11800 0.365099 0.354234 0.0108654 0 0.97024 4035.25 3864.12 171.127 0 -30.4743 -32.0275 4 12129.9 305.048 2951 0.000120039
11900 0.385343 0.373143 0.0121997 0 0.968341 4073.93 3901.44 172.493 0 -30.4899 -32.1187 4 12229.9 306.303 2976 0.000125384
12000 0.398394 0.386829 0.0115658 0 0.970969 4113.92 3940.12 173.801 0 -30.5052 -32.0623 4 12329.9 307.553 3001 0.0001289
12100 0.380936 0.369131 0.0118054 0 0.96901 4152.07 3977.03 175.034 0 -30.5229 -32.4332 4 12429.9 308.797 3026 0.000121986
12200 0.363467 0.352584 0.0108829 0 0.970058 4188.44 4012.29 176.151 0 -30.5403 -32.5324 4 12529.9 310.037 3051 0.000115563
12300 0.376441 0.365206 0.0112355 0 0.970153 4226.12 4048.81 177.309 0 -30.5536 -32.0247 4 12629.9 311.272 3076 0.000118728
12400 0.386978 0.374541 0.0124375 0 0.96786 4264.89 4086.27 178.621 0 -30.5708 -32.4538 4 12729.9 312.502 3101 0.000120781
12500 0.456636 0.437345 0.0192918 0 0.957752 4310.33 4130 180.332 0 -30.5714 -30.6231 4 12829.9 313.727 3126 0.000139906
12600 0.414004 0.399223 0.0147812 0 0.964297 4351.88 4169.92 181.96 0 -30.5818 -31.6595 4 12929.9 314.947 3151 0.000126697
12700 0.393432 0.3798 0.0136315 0 0.965352 4391.39 4207.9 183.483 0 -30.5932 -31.8524 4 13029.9 316.162 3176 0.000119584
12800 0.400238 0.386783 0.0134557 0 0.966381 4431.47 4246.58 184.888 0 -30.6015 -31.5128 4 13129.9 317.373 3201 0.000120832
12900 0.448671 0.43314 0.0155314 0 0.965383 4476.32 4289.9 186.42 0 -30.6005 -30.4984 4 13229.9 318.58 3226 0.000134265
13000 0.468115 0.453307 0.0148074 0 0.968368 4523.35 4335.23 188.125 0 -30.6024 -30.7833 4 13329.9 319.781 3251 0.000139436
13100 0.404421 0.392872 0.0115491 0 0.971443 4564.05 4374.51 189.535 0 -30.6086 -31.304 4 13429.9 320.979 3276 0.000119924
13200 0.383674 0.372778 0.0108956 0 0.971602 4602.48 4411.79 190.688 0 -30.6199 -31.9554 4 13529.9 322.171 3301 0.000112929
13300 0.35183 0.344032 0.00779755 0 0.977837 4637.86 4446.2 191.668 0 -30.6339 -32.4609 4 13629.9 323.36 3326 0.000103437
13400 0.351361 0.341694 0.00966697 0 0.972487 4672.9 4480.37 192.539 0 -30.6464 -32.2995 4 13729.9 324.544 3351 0.000101968
13500 0.380368 0.367314 0.0130544 0 0.96568 4710.88 4517.1 193.781 0 -30.6579 -32.0696 4 13829.9 325.724 3376 0.000108801
13600 0.387945 0.375685 0.0122597 0 0.968398 4749.74 4554.67 195.07 0 -30.6709 -32.2471 4 13929.9 326.899 3401 0.000110463
13700 0.402 0.388739 0.0132607 0 0.967013 4790.08 4593.54 196.545 0 -30.6835 -32.1654 4 14029.9 328.07 3426 0.000113467
13800 0.372125 0.359191 0.0129343 0 0.965242 4827.42 4629.46 197.958 0 -30.6963 -32.3454 4 14129.9 329.238 3451 0.000104083
13900 0.378778 0.36281 0.0159681 0 0.957843 4865 4665.74 199.258 0 -30.7088 -32.3133 4 14229.9 330.401 3476 0.000104376
14000 0.375646 0.365183 0.0104627 0 0.972147 4902.94 4702.26 200.679 0 -30.7246 -32.7492 4 14329.9 331.559 3501 0.000104308
14100 0.349331 0.339438 0.00989281 0 0.971681 4937.93 4736.2 201.725 0 -30.7398 -32.8695 4 14429.9 332.714 3526 9.62672e-05
14200 0.354932 0.344269 0.0106623 0 0.96996 4973.41 4770.63 202.785 0 -30.7535 -32.6638 4 14529.9 333.865 3551 9.695e-05
14300 0.346992 0.335906 0.0110862 0 0.96805 5008.12 4804.22 203.897 0 -30.7648 -32.3826 4 14629.9 335.012 3576 9.39334e-05
14400 0.346579 0.336547 0.010032 0 0.971054 5042.84 4837.87 204.97 0 -30.775 -32.2401 4 14729.9 336.155 3601 9.34594e-05
14500 0.380731 0.368266 0.0124648 0 0.967261 5080.98 4874.7 206.277 0 -30.7782 -31.2025 4 14829.9 337.294 3626 0.000101563
14600 0.423256 0.407896 0.0153606 0 0.963708 5123.31 4915.49 207.824 0 -30.7835 -31.4214 4 14929.9 338.43 3651 0.000111722
14700 0.401988 0.386676 0.015312 0 0.961909 5163.44 4954.16 209.286 0 -30.7906 -31.6899 4 15029.9 339.561 3676 0.000105189
14800 0.39431 0.379748 0.0145621 0 0.963069 5202.94 4992.13 210.804 0 -30.7976 -31.7188 4 15129.9 340.689 3701 0.000102607
14900 0.392123 0.376728 0.0153948 0 0.96074 5242.05 5029.8 212.248 0 -30.807 -32.0497 4 15229.9 341.813 3726 0.000101108
15000 0.441492 0.422896 0.0185958 0 0.95788 5286.14 5072.09 214.045 0 -30.8137 -31.6108 4 15329.9 342.933 3751 0.000112742
15100 0.423222 0.407706 0.0155158 0 0.963339 5328.64 5112.87 215.778 0 -30.8205 -31.6771 4 15429.9 344.05 3776 0.000107973
15200 0.414951 0.398922 0.0160287 0 0.961372 5370.13 5152.76 217.368 0 -30.8276 -31.7339 4 15529.9 345.163 3801 0.000104952
15300 0.435353 0.419441 0.0159116 0 0.963451 5413.67 5194.7 218.969 0 -30.8349 -31.7373 4 15629.9 346.272 3826 0.000109629
15400 0.413958 0.399072 0.0148863 0 0.964039 5455.16 5234.61 220.555 0 -30.8445 -32.1003 4 15729.9 347.378 3851 0.000103628
15500 0.433943 0.417425 0.0165182 0 0.961935 5498.56 5276.35 222.21 0 -30.8488 -31.3878 4 15829.9 348.481 3876 0.000107695
15600 0.439931 0.423299 0.0166327 0 0.962192 5542.57 5318.68 223.893 0 -30.8528 -31.3487 4 15929.9 349.58 3901 0.00010851
15700 0.447331 0.430419 0.0169122 0 0.962193 5587.36 5361.72 225.635 0 -30.8587 -31.5944 4 16029.9 350.675 3926 0.000109633
15800 0.416066 0.401519 0.0145474 0 0.965036 5629.1 5401.87 227.229 0 -30.868 -32.111 4 16129.9 351.767 3951 0.000101625
15900 0.410501 0.395742 0.0147582 0 0.964048 5670.14 5441.45 228.696 0 -30.8752 -31.8605 4 16229.9 352.856 3976 9.95328e-05
16000 0.41546 0.399395 0.0160647 0 0.961333 5711.51 5481.39 230.121 0 -30.8815 -31.7401 4 16329.9 353.942 4001 9.98238e-05
16100 0.410488 0.393541 0.0169463 0 0.958717 5752.4 5520.74 231.662 0 -30.8863 -31.5555 4 16429.9 355.024 4026 9.775e-05
16200 0.429381 0.412568 0.016813 0 0.960844 5795.39 5562 233.393 0 -30.8912 -31.5468 4 16529.9 356.102 4051 0.000101843
16300 0.423502 0.406149 0.0173523 0 0.959027 5837.73 5602.61 235.112 0 -30.8981 -31.8464 4 16629.9 357.178 4076 9.96441e-05
16400 0.422878 0.40461 0.0182679 0 0.956801 5879.91 5643.08 236.838 0 -30.9 -31.1591 4 16729.9 358.25 4101 9.86613e-05
16500 0.421073 0.405438 0.0156352 0 0.962868 5922.08 5683.62 238.457 0 -30.9024 -31.2466 4 16829.9 359.319 4126 9.82642e-05
16600 0.394136 0.379544 0.0145923 0 0.962977 5961.44 5721.57 239.87 0 -30.9076 -31.6813 4 16929.9 360.385 4151 9.14344e-05
16700 0.421476 0.406396 0.0150799 0 0.964221 6003.54 5762.21 241.331 0 -30.9115 -31.4615 4 17029.9 361.448 4176 9.7317e-05
16800 0.428078 0.413504 0.0145742 0 0.965954 6046.44 5803.56 242.877 0 -30.9184 -31.8834 4 17129.9 362.508 4201 9.84298e-05
16900 0.417377 0.403016 0.0143607 0 0.965593 6088.23 5843.87 244.366 0 -30.9252 -31.9191 4 17229.9 363.564 4226 9.53659e-05
17000 0.455236 0.436053 0.0191832 0 0.957861 6133.62 5887.47 246.147 0 -30.9298 -31.5425 4 17329.9 364.618 4251 0.000102577
17100 0.445925 0.426126 0.0197988 0 0.9556 6178.08 5930.08 247.999 0 -30.9352 -31.6809 4 17429.9 365.668 4276 9.96552e-05
17200 0.412272 0.396606 0.0156663 0 0.962 6219.47 5969.74 249.728 0 -30.9431 -32.1289 4 17529.9 366.716 4301 9.22124e-05
17300 0.43035 0.413873 0.0164762 0 0.961714 6262.58 6011.13 251.452 0 -30.949 -31.791 4 17629.9 367.76 4326 9.56711e-05
17400 0.460775 0.43842 0.0223551 0 0.951484 6308.23 6054.97 253.26 0 -30.9493 -30.9865 4 17729.9 368.802 4351 0.000100763
17500 0.512091 0.49202 0.0200713 0 0.960805 6359.7 6104.17 255.52 0 -30.9504 -31.0954 4 17829.9 369.84 4376 0.000112436
17600 0.473681 0.455 0.0186812 0 0.960562 6407.25 6149.67 257.572 0 -30.9561 -31.708 4 17929.9 370.876 4401 0.000103386
17700 0.467673 0.446823 0.0208494 0 0.955419 6453.97 6194.36 259.611 0 -30.9634 -31.9751 4 18029.9 371.909 4426 0.000100954
17800 0.463359 0.446631 0.0167283 0 0.963898 6500.46 6239.02 261.44 0 -30.9704 -31.9436 4 18129.9 372.939 4451 0.000100344
17900 0.440424 0.422174 0.0182503 0 0.958562 6544.41 6281.24 263.17 0 -30.9763 -31.8387 4 18229.9 373.966 4476 9.43195e-05
18000 0.434555 0.419331 0.0152241 0 0.964966 6588.05 6323.17 264.882 0 -30.9817 -31.7993 4 18329.9 374.99 4501 9.31639e-05
18100 0.393158 0.380503 0.0126554 0 0.967811 6627.55 6361.22 266.328 0 -30.9904 -32.4292 4 18429.9 376.012 4526 8.40705e-05
18200 0.411602 0.396075 0.015527 0 0.962277 6668.6 6400.83 267.768 0 -30.9963 -31.9609 4 18529.9 377.03 4551 8.70302e-05
18300 0.489567 0.469348 0.0202189 0 0.9587 6717.41 6447.76 269.645 0 -30.9987 -31.3194 4 18629.9 378.046 4576 0.000102567
18400 0.45617 0.440715 0.015455 0 0.96612 6763.31 6491.83 271.479 0 -31.0011 -31.3586 4 18729.9 379.06 4601 9.57867e-05
18500 0.476306 0.458462 0.0178444 0 0.962536 6811.01 6537.68 273.332 0 -31.0032 -31.3038 4 18829.9 380.07 4626 9.91055e-05
18600 0.443696 0.429132 0.0145642 0 0.967175 6855.57 6580.59 274.971 0 -31.0065 -31.5094 4 18929.9 381.078 4651 9.22666e-05
18700 0.42096 0.407774 0.0131858 0 0.968677 6897.77 6621.37 276.396 0 -31.0112 -31.7698 4 19029.9 382.083 4676 8.72057e-05
18800 0.424494 0.410103 0.0143917 0 0.966097 6940.11 6662.38 277.73 0 -31.0163 -31.8399 4 19129.9 383.086 4701 8.72373e-05
18900 0.475369 0.458605 0.0167641 0 0.964735 6987.57 6708.24 279.332 0 -31.0208 -31.6783 4 19229.9 384.086 4726 9.70387e-05
19000 0.419074 0.405149 0.0139248 0 0.966772 7029.6 6748.76 280.845 0 -31.0272 -32.0934 4 19329.9 385.083 4751 8.52765e-05
19100 0.42393 0.411517 0.0124126 0 0.97072 7072.19 6789.91 282.285 0 -31.0338 -32.1288 4 19429.9 386.078 4776 8.61636e-05
19200 0.445594 0.431139 0.0144549 0 0.96756 7116.81 6833.02 283.782 0 -31.0386 -31.8066 4 19529.9 387.07 4801 8.98019e-05
19300 0.406761 0.394677 0.0120839 0 0.970292 7157.61 6872.49 285.117 0 -31.0447 -32.0966 4 19629.9 388.06 4826 8.17814e-05
19400 0.419723 0.406278 0.0134451 0 0.967967 7199.48 6913.12 286.36 0 -31.0474 -31.5202 4 19729.9 389.047 4851 8.37514e-05
19500 0.452457 0.4375 0.0149571 0 0.966943 7244.74 6956.87 287.867 0 -31.0522 -31.8032 4 19829.9 390.032 4876 8.97252e-05
19600 0.416596 0.405499 0.0110973 0 0.973362 7286.66 6997.42 289.246 0 -31.0591 -32.2563 4 19929.9 391.014 4901 8.2738e-05
19700 0.425979 0.413073 0.0129063 0 0.969702 7329.27 7038.73 290.541 0 -31.0656 -32.1793 4 20029.9 391.994 4926 8.38556e-05
19800 0.440864 0.427185 0.0136795 0 0.968971 7373.48 7081.44 292.035 0 -31.0705 -31.8896 4 20129.9 392.971 4951 8.62826e-05
19900 0.412178 0.399957 0.0122216 0 0.970349 7414.77 7121.44 293.333 0 -31.079 -32.5871 4 20229.9 393.946 4976 8.03772e-05
20000 0.406512 0.391681 0.0148303 0 0.963518 7455.18 7160.61 294.571 0 -31.0874 -32.6323 4 20329.9 394.919 5001 7.83206e-05
20100 0.484332 0.467415 0.0169168 0 0.965072 7503.6 7207.35 296.246 0 -31.0937 -32.0671 4 20429.9 395.889 5026 9.29994e-05
20200 0.461505 0.443742 0.0177636 0 0.96151 7549.63 7251.72 297.908 0 -31.0996 -32.0544 4 20529.9 396.856 5051 8.78523e-05
20300 0.484627 0.468557 0.0160702 0 0.96684 7598.2 7298.58 299.621 0 -31.104 -31.7842 4 20629.9 397.822 5076 9.23082e-05
20400 0.482317 0.463285 0.0190324 0 0.96054 7646.32 7344.91 301.411 0 -31.1095 -31.9771 4 20729.9 398.785 5101 9.08224e-05
20500 0.452776 0.43683 0.0159463 0 0.964781 7691.69 7388.59 303.103 0 -31.1172 -32.4161 4 20829.9 399.745 5126 8.52185e-05
20600 0.436518 0.421946 0.0145722 0 0.966617 7735.44 7430.79 304.657 0 -31.1253 -32.5481 4 20929.9 400.704 5151 8.19154e-05
20700 0.430387 0.415441 0.014946 0 0.965273 7778.47 7472.33 306.14 0 -31.1329 -32.5058 4 21029.9 401.66 5176 8.0263e-05
20800 0.466239 0.449564 0.0166751 0 0.964235 7825.11 7517.29 307.829 0 -31.1401 -32.3447 4 21129.9 402.614 5201 8.6438e-05
20900 0.448297 0.433078 0.0152188 0 0.966052 7870.14 7560.59 309.549 0 -31.1465 -32.2614 4 21229.9 403.565 5226 8.287e-05
21000 0.414323 0.399175 0.0151482 0 0.963439 7911.49 7600.51 310.975 0 -31.1535 -32.4714 4 21329.9 404.515 5251 7.60188e-05
21100 0.427861 0.413573 0.0142887 0 0.966604 7954.34 7641.87 312.471 0 -31.161 -32.5566 4 21429.9 405.462 5276 7.83875e-05
21200 0.427009 0.413218 0.0137912 0 0.967703 7997.1 7683.19 313.913 0 -31.1678 -32.4361 4 21529.9 406.407 5301 7.79509e-05
21300 0.419799 0.40534 0.0144588 0 0.965558 8039.08 7723.72 315.356 0 -31.1747 -32.4731 4 21629.9 407.349 5326 7.61059e-05
21400 0.411293 0.398032 0.0132612 0 0.967757 8080.27 7763.53 316.741 0 -31.181 -32.4292 4 21729.9 408.29 5351 7.43845e-05
21500 0.439569 0.426357 0.0132119 0 0.969943 8124.37 7806.16 318.208 0 -31.189 -32.6509 4 21829.9 409.228 5376 7.93075e-05
21600 0.401869 0.391919 0.00995006 0 0.975241 8164.76 7845.35 319.403 0 -31.1981 -33.0307 4 21929.9 410.165 5401 7.25641e-05
21700 0.431402 0.419041 0.0123612 0 0.971347 8207.92 7887.26 320.657 0 -31.2025 -32.0245 4 22029.9 411.099 5426 7.72283e-05
21800 0.426382 0.412329 0.0140532 0 0.967041 8250.38 7928.49 321.887 0 -31.2054 -31.777 4 22129.9 412.031 5451 7.56427e-05
21900 0.430271 0.416353 0.0139183 0 0.967652 8293.37 7970.13 323.244 0 -31.2096 -32.0174 4 22229.9 412.961 5476 7.60323e-05
22000 0.458371 0.44425 0.014121 0 0.969193 8339.36 8014.55 324.812 0 -31.2144 -32.0649 4 22329.9 413.888 5501 8.0758e-05
22100 0.456074 0.442349 0.0137252 0 0.969906 8385.05 8058.79 326.266 0 -31.2204 -32.3292 4 22429.9 414.814 5526 8.00486e-05
22200 0.414666 0.403338 0.0113283 0 0.972681 8426.71 8099.12 327.585 0 -31.2285 -32.8574 4 22529.9 415.738 5551 7.26603e-05
22300 0.388437 0.37823 0.010207 0 0.973723 8465.59 8136.94 328.644 0 -31.2372 -33.1225 4 22629.9 416.659 5576 6.78318e-05
22400 0.386434 0.376276 0.0101583 0 0.973713 8504.19 8174.57 329.618 0 -31.2448 -32.9142 4 22729.9 417.579 5601 6.71801e-05
22500 0.403898 0.393079 0.0108189 0 0.973214 8544.64 8213.88 330.756 0 -31.2515 -32.6513 4 22829.9 418.497 5626 6.98684e-05
22600 0.393365 0.384541 0.0088244 0 0.977567 8584.09 8252.33 331.761 0 -31.2598 -33.0558 4 22929.9 419.412 5651 6.80483e-05
22700 0.409108 0.398311 0.0107961 0 0.973611 8625.01 8292.16 332.848 0 -31.2673 -32.835 4 23029.9 420.326 5676 7.01747e-05
22800 0.434042 0.419922 0.0141201 0 0.967468 8668.27 8334.16 334.112 0 -31.2716 -32.1423 4 23129.9 421.237 5701 7.36575e-05
22900 0.437804 0.424764 0.0130402 0 0.970215 8712.22 8376.63 335.586 0 -31.2785 -32.63 4 23229.9 422.147 5726 7.41816e-05
23000 0.440442 0.423656 0.0167854 0 0.96189 8755.98 8419 336.979 0 -31.2828 -32.1379 4 23329.9 423.055 5751 7.36665e-05
23100 0.493124 0.475575 0.0175495 0 0.964412 8805.32 8466.56 338.763 0 -31.2865 -31.9505 4 23429.9 423.96 5776 8.23363e-05
23200 0.494915 0.47574 0.0191748 0 0.961256 8854.71 8514.13 340.579 0 -31.2905 -32.0024 4 23529.9 424.864 5801 8.201e-05
23300 0.47938 0.463077 0.0163028 0 0.965992 8902.89 8560.44 342.449 0 -31.2965 -32.4005 4 23629.9 425.766 5826 7.94846e-05
23400 0.438043 0.423198 0.0148441 0 0.966113 8946.81 8602.76 344.051 0 -31.3042 -32.8635 4 23729.9 426.666 5851 7.23292e-05
23500 0.427262 0.413761 0.0135008 0 0.968402 8989.62 8644.13 345.488 0 -31.3141 -33.3707 4 23829.9 427.564 5876 7.04154e-05
23600 0.456778 0.44251 0.0142686 0 0.968763 9035.39 8688.38 347.005 0 -31.3209 -32.6667 4 23929.9 428.46 5901 7.4989e-05
23700 0.432198 0.417733 0.0144643 0 0.966533 9078.59 8730.16 348.434 0 -31.3283 -32.8798 4 24029.9 429.354 5926 7.04916e-05
23800 0.429362 0.415425 0.0139366 0 0.967541 9121.55 8771.7 349.851 0 -31.3335 -32.4278 4 24129.9 430.247 5951 6.98076e-05
23900 0.43176 0.416873 0.0148861 0 0.965522 9164.57 8813.39 351.179 0 -31.338 -32.3012 4 24229.9 431.137 5976 6.97579e-05
24000 0.452993 0.437129 0.015864 0 0.96498 9209.76 8857.1 352.655 0 -31.3432 -32.3965 4 24329.9 432.026 6001 7.28427e-05
24100 0.442948 0.429862 0.0130853 0 0.970459 9254.2 8900.09 354.114 0 -31.3488 -32.51 4 24429.9 432.913 6026 7.13346e-05
24200 0.450465 0.43371 0.0167555 0 0.962804 9299.07 8943.46 355.61 0 -31.3522 -32.0468 4 24529.9 433.798 6051 7.16758e-05
24300 0.44879 0.431583 0.0172072 0 0.961659 9343.87 8986.62 357.249 0 -31.3561 -32.1599 4 24629.9 434.682 6076 7.10308e-05
24400 0.517949 0.499463 0.0184861 0 0.964309 9395.6 9036.56 359.041 0 -31.3584 -31.7789 4 24729.9 435.563 6101 8.18657e-05
24500 0.493109 0.476824 0.0162851 0 0.966975 9445.12 9084.25 360.878 0 -31.3617 -31.9769 4 24829.9 436.443 6126 7.78362e-05
24600 0.468529 0.452662 0.0158678 0 0.966133 9492.1 9129.51 362.587 0 -31.3647 -31.975 4 24929.9 437.321 6151 7.35916e-05
24700 0.448832 0.434672 0.0141602 0 0.968451 9537.09 9172.98 364.108 0 -31.3691 -32.2918 4 25029.9 438.197 6176 7.03808e-05
24800 0.467358 0.44903 0.0183283 0 0.960783 9583.64 9217.88 365.761 0 -31.3733 -32.2353 4 25129.9 439.072 6201 7.24125e-05
24900 0.493307 0.475354 0.0179529 0 0.963607 9633.05 9265.42 367.634 0 -31.3755 -31.7995 4 25229.9 439.944 6226 7.63499e-05
25000 0.467838 0.449257 0.0185809 0 0.960284 9679.81 9310.34 369.468 0 -31.3772 -31.7268 4 25329.9 440.815 6251 7.18697e-05
25100 0.446692 0.429167 0.017525 0 0.960767 9724.49 9353.26 371.231 0 -31.38 -32.0042 4 25429.9 441.685 6276 6.83823e-05
25200 0.447469 0.430265 0.0172034 0 0.961554 9769.28 9396.29 372.992 0 -31.3818 -31.7747 4 25529.9 442.552 6301 6.82852e-05
25300 0.435289 0.418586 0.0167035 0 0.961627 9812.74 9438.14 374.598 0 -31.3844 -31.9544 4 25629.9 443.418 6326 6.61691e-05
25400 0.459027 0.442201 0.0168266 0 0.963343 9858.69 9482.36 376.33 0 -31.3867 -31.8808 4 25729.9 444.282 6351 6.96269e-05
25500 0.444396 0.429995 0.0144014 0 0.967593 9903.28 9525.36 377.917 0 -31.39 -32.1168 4 25829.9 445.145 6376 6.74396e-05
25600 0.420507 0.40723 0.0132771 0 0.968426 9945.37 9566.09 379.28 0 -31.3947 -32.5024 4 25929.9 446.006 6401 6.36197e-05
25700 0.416439 0.404462 0.0119765 0 0.971241 9987.09 9606.53 380.558 0 -31.3999 -32.6386 4 26029.9 446.865 6426 6.29416e-05
25800 0.406438 0.395308 0.01113 0 0.972616 10027.9 9646.06 381.796 0 -31.4061 -32.9373 4 26129.9 447.722 6451 6.12786e-05
25900 0.436083 0.422443 0.0136404 0 0.968721 10071.4 9688.31 383.056 0 -31.4101 -32.3254 4 26229.9 448.578 6476 6.5232e-05
26000 0.455629 0.437126 0.018503 0 0.95939 10116.5 9732.02 384.499 0 -31.4132 -32.0992 4 26329.9 449.433 6501 6.72397e-05
26100 0.501938 0.484732 0.0172068 0 0.965719 10166.8 9780.49 386.314 0 -31.4138 -31.5299 4 26429.9 450.285 6526 7.4277e-05
26200 0.470389 0.454557 0.0158319 0 0.966343 10214 9825.95 388.061 0 -31.4154 -31.7715 4 26529.9 451.136 6551 6.93875e-05
26300 0.51559 0.496073 0.0195165 0 0.962147 10265.4 9875.56 389.893 0 -31.415 -31.3334 4 26629.9 451.986 6576 7.54369e-05
26400 0.492482 0.475824 0.0166585 0 0.966174 10314.9 9923.14 391.788 0 -31.4173 -31.8984 4 26729.9 452.834 6601 7.20836e-05
26500 0.486222 0.469772 0.0164502 0 0.966167 10363.7 9970.12 393.619 0 -31.4218 -32.3768 4 26829.9 453.68 6626 7.08983e-05
26600 0.429517 0.416279 0.0132383 0 0.969179 10406.9 10011.7 395.15 0 -31.428 -32.9026 4 26929.9 454.524 6651 6.25889e-05
26700 0.460098 0.444178 0.0159203 0 0.965398 10453 10056.2 396.824 0 -31.432 -32.3498 4 27029.9 455.368 6676 6.65335e-05
26800 0.470444 0.451926 0.018518 0 0.960637 10499.9 10101.4 398.514 0 -31.4359 -32.3064 4 27129.9 456.209 6701 6.74415e-05
26900 0.440836 0.424107 0.016729 0 0.962052 10544 10143.8 400.263 0 -31.4401 -32.4203 4 27229.9 457.049 6726 6.30548e-05
27000 0.468175 0.452108 0.016067 0 0.965682 10590.9 10189 401.962 0 -31.4442 -32.3772 4 27329.9 457.888 6751 6.69691e-05
27100 0.467737 0.451955 0.0157822 0 0.966258 10637.8 10234.2 403.611 0 -31.4494 -32.6085 4 27429.9 458.725 6776 6.66993e-05
27200 0.457247 0.442634 0.0146131 0 0.968041 10683.6 10278.4 405.152 0 -31.4552 -32.8202 4 27529.9 459.56 6801 6.50836e-05
27300 0.469358 0.454737 0.0146215 0 0.968848 10730.6 10323.9 406.675 0 -31.4599 -32.5218 4 27629.9 460.394 6826 6.66183e-05
27400 0.501657 0.484696 0.0169603 0 0.966191 10780.7 10372.4 408.371 0 -31.4607 -31.6311 4 27729.9 461.226 6851 7.07482e-05
27500 0.500709 0.481645 0.0190643 0 0.961925 10830.8 10420.5 410.261 0 -31.4625 -31.8508 4 27829.9 462.057 6876 7.00472e-05
27600 0.486131 0.47004 0.0160916 0 0.966899 10879.7 10467.5 412.143 0 -31.4666 -32.3762 4 27929.9 462.887 6901 6.81118e-05
27700 0.456869 0.441812 0.0150569 0 0.967043 10925.4 10511.7 413.709 0 -31.4717 -32.6754 4 28029.9 463.715 6926 6.37904e-05
27800 0.436062 0.424 0.0120619 0 0.972339 10969.3 10554.1 415.155 0 -31.4779 -33.043 4 28129.9 464.541 6951 6.09985e-05
27900 0.423353 0.41082 0.012533 0 0.970396 11011.6 10595.2 416.391 0 -31.4839 -33.0163 4 28229.9 465.366 6976 5.88905e-05
28000 0.444245 0.427388 0.016857 0 0.962055 11055.9 10637.9 417.944 0 -31.4885 -32.6401 4 28329.9 466.189 7001 6.10467e-05
28100 0.464885 0.450478 0.0144065 0 0.96901 11102.7 10683 419.655 0 -31.4923 -32.382 4 28429.9 467.012 7026 6.41159e-05
28200 0.458683 0.443384 0.0152991 0 0.966646 11148.6 10727.3 421.237 0 -31.4965 -32.5135 4 28529.9 467.832 7051 6.28824e-05
28300 0.439047 0.423002 0.0160452 0 0.963454 11192.4 10769.6 422.805 0 -31.5011 -32.6677 4 28629.9 468.651 7076 5.97798e-05
28400 0.470368 0.454283 0.0160845 0 0.965804 11239.6 10815.1 424.503 0 -31.5057 -32.6118 4 28729.9 469.469 7101 6.39745e-05
28500 0.463051 0.446572 0.0164794 0 0.964411 11285.8 10859.7 426.092 0 -31.5113 -32.8734 4 28829.9 470.285 7126 6.26679e-05
28600 0.459607 0.445845 0.0137614 0 0.970058 11332 10904.3 427.703 0 -31.5169 -32.8759 4 28929.9 471.1 7151 6.23472e-05
28700 0.465704 0.451035 0.0146689 0 0.968502 11378.6 10949.4 429.21 0 -31.5216 -32.676 4 29029.9 471.914 7176 6.28532e-05
28800 0.462421 0.447787 0.0146334 0 0.968355 11424.9 10994.2 430.696 0 -31.5266 -32.7605 4 29129.9 472.726 7201 6.2184e-05
28900 0.434858 0.42083 0.0140278 0 0.967742 11468.4 11036.3 432.12 0 -31.5329 -33.17 4 29229.9 473.537 7226 5.82383e-05
29000 0.441413 0.426859 0.0145534 0 0.96703 11512.5 11079 433.527 0 -31.5378 -32.8258 4 29329.9 474.346 7251 5.8869e-05
29100 0.472891 0.457624 0.015267 0 0.967716 11559.9 11124.7 435.195 0 -31.5442 -33.0935 4 29429.9 475.154 7276 6.2895e-05
29200 0.416891 0.404481 0.0124097 0 0.970233 11601.7 11165.2 436.517 0 -31.551 -33.4393 4 29529.9 475.961 7301 5.54008e-05
29300 0.408083 0.39483 0.0132537 0 0.967522 11642.4 11204.6 437.734 0 -31.5579 -33.5107 4 29629.9 476.766 7326 5.38943e-05
29400 0.425355 0.411897 0.0134581 0 0.96836 11684.9 11245.8 439.014 0 -31.5624 -32.8134 4 29729.9 477.57 7351 5.60328e-05
29500 0.4836 0.469119 0.0144814 0 0.970055 11733.3 11292.8 440.512 0 -31.5652 -32.2414 4 29829.9 478.372 7376 6.36007e-05
29600 0.441448 0.429476 0.0119714 0 0.972882 11777.6 11335.7 441.902 0 -31.5689 -32.54 4 29929.9 479.173 7401 5.80295e-05
29700 0.438476 0.425771 0.0127051 0 0.971024 11821.6 11378.3 443.312 0 -31.574 -32.9347 4 30029.9 479.973 7426 5.73351e-05
29800 0.472198 0.456761 0.0154364 0 0.967309 11868.8 11424 444.891 0 -31.5761 -32.0971 4 30129.9 480.772 7451 6.1302e-05
29900 0.517342 0.49949 0.0178523 0 0.965492 11920.6 11473.9 446.719 0 -31.5789 -32.215 4 30229.9 481.569 7476 6.68124e-05
30000 0.465597 0.449293 0.0163043 0 0.964982 11967.3 11518.8 448.445 0 -31.5831 -32.6557 4 30329.9 482.365 7501 5.98978e-05
30100 0.463826 0.448046 0.0157796 0 0.96598 12013.8 11563.6 450.122 0 -31.5886 -33.01 4 30429.9 483.159 7526 5.95331e-05
30200 0.45039 0.434579 0.0158113 0 0.964894 12058.8 11607.1 451.673 0 -31.594 -33.0362 4 30529.9 483.952 7551 5.75524e-05
30300 0.470617 0.454416 0.0162006 0 0.965576 12105.9 11652.5 453.336 0 -31.5987 -32.8041 4 30629.9 484.744 7576 5.9981e-05
30400 0.44939 0.434408 0.0149819 0 0.966662 12150.9 11696 454.961 0 -31.6028 -32.6979 4 30729.9 485.535 7601 5.71514e-05
30500 0.466181 0.448232 0.0179491 0 0.961498 12197.4 11740.8 456.644 0 -31.6061 -32.4689 4 30829.9 486.324 7626 5.87768e-05
30600 0.436476 0.422886 0.0135901 0 0.968864 12241.2 11783.1 458.162 0 -31.611 -32.9758 4 30929.9 487.112 7651 5.52719e-05
30700 0.442477 0.428477 0.0140001 0 0.96836 12285.5 11825.9 459.566 0 -31.6146 -32.6249 4 31029.9 487.899 7676 5.58203e-05
30800 0.470414 0.453625 0.0167896 0 0.964309 12332.4 11871.3 461.085 0 -31.616 -31.9738 4 31129.9 488.685 7701 5.89046e-05
30900 0.454733 0.437534 0.0171997 0 0.962176 12377.6 11915.1 462.576 0 -31.6183 -32.2431 4 31229.9 489.469 7726 5.66313e-05
31000 0.490977 0.474567 0.0164103 0 0.966576 12426.7 11962.5 464.223 0 -31.6207 -32.2332 4 31329.9 490.252 7751 6.12266e-05
31100 0.449248 0.435856 0.0133911 0 0.970192 12471.7 12006.1 465.653 0 -31.6249 -32.7865 4 31429.9 491.034 7776 5.60515e-05
31200 0.461162 0.447865 0.0132962 0 0.971168 12517.9 12050.9 466.973 0 -31.6274 -32.3003 4 31529.9 491.814 7801 5.74113e-05
31300 0.449671 0.436432 0.0132393 0 0.970558 12562.9 12094.5 468.397 0 -31.6307 -32.5387 4 31629.9 492.594 7826 5.57669e-05
31400 0.441394 0.424694 0.0167006 0 0.962164 12606.7 12137 469.685 0 -31.6331 -32.3247 4 31729.9 493.372 7851 5.40942e-05
31500 0.551877 0.534854 0.0170228 0 0.969155 12662 12190.5 471.511 0 -31.6341 -31.8721 4 31829.9 494.149 7876 6.79094e-05
31600 0.491875 0.478257 0.0136179 0 0.972314 12711.5 12238.3 473.156 0 -31.6371 -32.3881 4 31929.9 494.924 7901 6.05312e-05
31700 0.466849 0.454049 0.0128007 0 0.972581 12758.3 12283.7 474.574 0 -31.6399 -32.3979 4 32029.9 495.699 7926 5.7286e-05
31800 0.468973 0.453152 0.0158211 0 0.966264 12805 12329 476.01 0 -31.6422 -32.2905 4 32129.9 496.472 7951 5.69931e-05
31900 0.484279 0.468948 0.0153315 0 0.968342 12853.5 12375.9 477.624 0 -31.6458 -32.5994 4 32229.9 497.244 7976 5.87949e-05
32000 0.466241 0.451881 0.0143606 0 0.969199 12900.2 12421.1 479.074 0 -31.6506 -32.9545 4 32329.9 498.015 8001 5.6478e-05
32100 0.447282 0.4334 0.013882 0 0.968964 12945 12464.4 480.539 0 -31.656 -33.2171 4 32429.9 498.784 8026 5.39996e-05
32200 0.434065 0.422652 0.011413 0 0.973707 12988.5 12506.7 481.822 0 -31.662 -33.4361 4 32529.9 499.553 8051 5.24968e-05
32300 0.407454 0.396874 0.0105805 0 0.974033 13029.3 12546.4 482.902 0 -31.6683 -33.6873 4 32629.9 500.32 8076 4.91424e-05
32400 0.412465 0.402963 0.00950243 0 0.976962 13070.6 12586.7 483.886 0 -31.6741 -33.4918 4 32729.9 501.086 8101 4.97424e-05
32500 0.419464 0.408213 0.0112507 0 0.973178 13112.5 12627.5 484.993 0 -31.6796 -33.4074 4 32829.9 501.851 8126 5.02354e-05
32600 0.405184 0.394063 0.0111206 0 0.972554 13153 12666.9 486.072 0 -31.6849 -33.4071 4 32929.9 502.615 8151 4.83454e-05
32700 0.421536 0.410364 0.0111717 0 0.973498 13195.3 12708 487.305 0 -31.6908 -33.5192 4 33029.9 503.377 8176 5.01913e-05
32800 0.441872 0.428244 0.0136285 0 0.969157 13239.4 12750.8 488.572 0 -31.693 -32.3609 4 33129.9 504.139 8201 5.22185e-05
32900 0.427985 0.415742 0.0122428 0 0.971394 13282.3 12792.4 489.985 0 -31.6959 -32.5675 4 33229.9 504.899 8226 5.054e-05
33000 0.392234 0.382454 0.0097794 0 0.975067 13321.7 12830.6 491.105 0 -31.6995 -32.9446 4 33329.9 505.658 8251 4.63525e-05
33100 0.39482 0.382963 0.0118573 0 0.969968 13361.1 12868.9 492.173 0 -31.7035 -33.032 4 33429.9 506.416 8276 4.62739e-05
33200 0.408269 0.395128 0.0131412 0 0.967812 13401.8 12908.4 493.429 0 -31.7062 -32.5972 4 33529.9 507.173 8301 4.76e-05
33300 0.433442 0.419858 0.0135847 0 0.968659 13445.2 12950.4 494.831 0 -31.7089 -32.5363 4 33629.9 507.929 8326 5.04273e-05
33400 0.486928 0.466631 0.0202971 0 0.958316 13493.4 12997.1 496.346 0 -31.7094 -31.87 4 33729.9 508.683 8351 5.58772e-05
33500 0.478773 0.463933 0.0148401 0 0.969004 13541.6 13043.5 498.099 0 -31.7108 -32.0906 4 33829.9 509.437 8376 5.53884e-05
33600 0.462614 0.447808 0.014806 0 0.967995 13588 13088.2 499.716 0 -31.7114 -31.8913 4 33929.9 510.189 8401 5.33041e-05
33700 0.418249 0.406357 0.011892 0 0.971567 13629.9 13128.9 500.992 0 -31.7143 -32.6598 4 34029.9 510.94 8426 4.82266e-05
33800 0.454417 0.439877 0.0145408 0 0.968001 13675.2 13172.9 502.33 0 -31.7162 -32.2686 4 34129.9 511.691 8451 5.20502e-05
33900 0.488351 0.472076 0.0162749 0 0.966674 13724 13220.1 503.971 0 -31.7177 -32.1373 4 34229.9 512.44 8476 5.56956e-05
34000 0.498438 0.482207 0.0162308 0 0.967437 13773.9 13268.3 505.641 0 -31.7196 -32.2408 4 34329.9 513.188 8501 5.67235e-05
34100 0.469684 0.452007 0.0176768 0 0.962364 13820.8 13313.5 507.338 0 -31.7217 -32.3483 4 34429.9 513.935 8526 5.30152e-05
34200 0.443562 0.428535 0.0150269 0 0.966122 13865.2 13356.3 508.818 0 -31.724 -32.4375 4 34529.9 514.68 8551 5.01152e-05
34300 0.464107 0.450086 0.0140219 0 0.969787 13911.8 13401.3 510.437 0 -31.7244 -31.8413 4 34629.9 515.425 8576 5.2482e-05
34400 0.465577 0.44983 0.0157473 0 0.966177 13958.4 13446.3 512.032 0 -31.7253 -32.0157 4 34729.9 516.169 8601 5.22997e-05
34500 0.431072 0.417545 0.0135273 0 0.968619 14001.6 13488.1 513.498 0 -31.7284 -32.71 4 34829.9 516.911 8626 4.84054e-05
34600 0.445415 0.430993 0.0144224 0 0.96762 14046.2 13531.2 514.971 0 -31.7309 -32.5083 4 34929.9 517.653 8651 4.982e-05
34700 0.436914 0.422319 0.0145946 0 0.966596 14089.9 13573.4 516.503 0 -31.7348 -32.9943 4 35029.9 518.393 8676 4.86767e-05
34800 0.425726 0.411871 0.0138547 0 0.967456 14132.5 13614.6 517.874 0 -31.7391 -33.1589 4 35129.9 519.133 8701 4.73361e-05
34900 0.442884 0.429184 0.0136994 0 0.969068 14176.9 13657.5 519.336 0 -31.7428 -32.9268 4 35229.9 519.871 8726 4.91845e-05
35000 0.414692 0.401756 0.0129364 0 0.968805 14218.3 13697.7 520.622 0 -31.7468 -33.1292 4 35329.9 520.608 8751 4.59097e-05
35100 0.403744 0.395207 0.00853725 0 0.978855 14259 13737.2 521.739 0 -31.7521 -33.5869 4 35429.9 521.345 8776 4.50327e-05
35200 0.394137 0.38576 0.00837701 0 0.978746 14298.5 13775.8 522.709 0 -31.7575 -33.7082 4 35529.9 522.08 8801 4.38314e-05
35300 0.428177 0.417467 0.0107096 0 0.974988 14341.3 13817.5 523.736 0 -31.7622 -33.3395 4 35629.9 522.814 8826 4.72997e-05
35400 0.420375 0.40904 0.0113346 0 0.973037 14383.3 13858.4 524.881 0 -31.7663 -33.1747 4 35729.9 523.547 8851 4.6214e-05
35500 0.432146 0.419712 0.0124339 0 0.971228 14426.5 13900.4 526.11 0 -31.7701 -33.0131 4 35829.9 524.279 8876 4.72861e-05
35600 0.472202 0.454041 0.0181613 0 0.961539 14473.5 13945.8 527.64 0 -31.7727 -32.5951 4 35929.9 525.01 8901 5.10101e-05
35700 0.483109 0.466302 0.016807 0 0.965211 14521.7 13992.5 529.232 0 -31.775 -32.4587 4 36029.9 525.741 8926 5.22409e-05
35800 0.506415 0.491309 0.0151064 0 0.97017 14572.6 14041.6 531.061 0 -31.7764 -32.1699 4 36129.9 526.47 8951 5.48887e-05
35900 0.446425 0.433984 0.0124414 0 0.972131 14617.5 14085 532.512 0 -31.7789 -32.5848 4 36229.9 527.198 8976 4.83493e-05
36000 0.470222 0.455439 0.0147824 0 0.968563 14664.4 14130.5 533.865 0 -31.7795 -31.967 4 36329.9 527.925 9001 5.05988e-05
36100 0.475657 0.46051 0.0151468 0 0.968156 14712 14176.6 535.43 0 -31.7819 -32.54 4 36429.9 528.651 9026 5.10204e-05
36200 0.462922 0.448771 0.0141509 0 0.969431 14758.3 14221.5 536.883 0 -31.7828 -32.0454 4 36529.9 529.376 9051 4.95825e-05
36300 0.466565 0.451236 0.0153289 0 0.967145 14805 14266.6 538.391 0 -31.7827 -31.7466 4 36629.9 530.1 9076 4.97175e-05
36400 0.480785 0.463247 0.017538 0 0.963522 14852.9 14312.9 539.978 0 -31.7821 -31.6088 4 36729.9 530.823 9101 5.09006e-05
36500 0.461085 0.446495 0.0145901 0 0.968357 14899.2 14357.6 541.635 0 -31.7834 -32.205 4 36829.9 531.545 9126 4.89256e-05
36600 0.434383 0.421611 0.0127711 0 0.970599 14942.7 14399.7 542.965 0 -31.7861 -32.7153 4 36929.9 532.266 9151 4.60727e-05
36700 0.487903 0.472441 0.0154617 0 0.96831 14991.4 14447 544.456 0 -31.7866 -31.9217 4 37029.9 532.987 9176 5.14866e-05
36800 0.498138 0.482693 0.015445 0 0.968995 15041.4 14495.2 546.127 0 -31.7849 -31.294 4 37129.9 533.706 9201 5.24609e-05
36900 0.445534 0.43054 0.0149941 0 0.966346 15085.9 14538.3 547.632 0 -31.7865 -32.3072 4 37229.9 534.424 9226 4.66659e-05
37000 0.448438 0.433681 0.0147576 0 0.967091 15130.7 14581.6 549.023 0 -31.7875 -32.144 4 37329.9 535.141 9251 4.68793e-05
37100 0.420032 0.409622 0.0104095 0 0.975217 15172.9 14622.6 550.27 0 -31.7906 -32.9054 4 37429.9 535.857 9276 4.41594e-05
37200 0.459794 0.445644 0.0141498 0 0.969226 15218.7 14667.2 551.476 0 -31.7917 -32.1299 4 37529.9 536.573 9301 4.79135e-05
37300 0.440777 0.427746 0.0130312 0 0.970436 15262.8 14709.9 552.882 0 -31.7931 -32.2759 4 37629.9 537.287 9326 4.58659e-05
37400 0.454742 0.44019 0.014552 0 0.967999 15308.3 14754 554.339 0 -31.7946 -32.309 4 37729.9 538.001 9351 4.70741e-05
37500 0.431301 0.419706 0.0115942 0 0.973118 15351.6 14795.9 555.646 0 -31.7978 -32.9326 4 37829.9 538.713 9376 4.47639e-05
37600 0.477917 0.460224 0.0176937 0 0.962977 15398.9 14842 556.982 0 -31.799 -32.1872 4 37929.9 539.425 9401 4.89548e-05
37700 0.509674 0.490734 0.0189399 0 0.962839 15449.9 14891 558.852 0 -31.8003 -32.1795 4 38029.9 540.135 9426 5.20618e-05
37800 0.478513 0.461006 0.0175067 0 0.963414 15497.9 14937.1 560.813 0 -31.8016 -32.2294 4 38129.9 540.845 9451 4.87785e-05
37900 0.447698 0.431785 0.0159128 0 0.964457 15542.8 14980.3 562.516 0 -31.8041 -32.6748 4 38229.9 541.554 9476 4.55662e-05
38000 0.443129 0.427532 0.0155965 0 0.964804 15587.2 15023.1 564.126 0 -31.8065 -32.626 4 38329.9 542.262 9501 4.49987e-05
38100 0.498591 0.480648 0.0179432 0 0.964012 15637.1 15071.1 565.941 0 -31.8077 -32.1969 4 38429.9 542.968 9526 5.04564e-05
38200 0.474257 0.458943 0.0153135 0 0.96771 15684.7 15117 567.643 0 -31.8092 -32.3016 4 38529.9 543.674 9551 4.80518e-05
38300 0.465548 0.449258 0.0162899 0 0.965009 15731.3 15162 569.317 0 -31.8102 -32.1504 4 38629.9 544.379 9576 4.6915e-05
38400 0.448905 0.435264 0.013641 0 0.969613 15776.4 15205.5 570.936 0 -31.8126 -32.6467 4 38729.9 545.084 9601 4.53353e-05
38500 0.429254 0.414951 0.0143033 0 0.966679 15819.3 15247 572.296 0 -31.8151 -32.7417 4 38829.9 545.787 9626 4.31073e-05
38600 0.450881 0.437283 0.0135976 0 0.969842 15864.4 15290.7 573.713 0 -31.8172 -32.5341 4 38929.9 546.489 9651 4.53096e-05
38700 0.471675 0.454842 0.0168332 0 0.964312 15911.6 15336.2 575.403 0 -31.8189 -32.3922 4 39029.9 547.191 9676 4.70072e-05
38800 0.47483 0.454363 0.0204673 0 0.956896 15958.8 15381.6 577.166 0 -31.8191 -31.8958 4 39129.9 547.891 9701 4.68367e-05
38900 0.477923 0.460079 0.0178441 0 0.962663 16006.7 15427.6 579.045 0 -31.8196 -31.9913 4 39229.9 548.591 9726 4.7304e-05
39000 0.438126 0.42258 0.0155465 0 0.964516 16050.6 15469.9 580.731 0 -31.8218 -32.6318 4 39329.9 549.29 9751 4.33371e-05
39100 0.42691 0.412315 0.0145948 0 0.965813 16093.4 15511.1 582.263 0 -31.8244 -32.7988 4 39429.9 549.987 9776 4.21762e-05
39200 0.412754 0.398629 0.0141252 0 0.965778 16134.7 15551 583.722 0 -31.8275 -33.0269 4 39529.9 550.684 9801 4.06722e-05
39300 0.437263 0.424205 0.0130578 0 0.970138 16178.6 15593.4 585.218 0 -31.8314 -33.2587 4 39629.9 551.381 9826 4.31717e-05
39400 0.408199 0.395427 0.0127719 0 0.968712 16219.5 15632.9 586.517 0 -31.8352 -33.3281 4 39729.9 552.076 9851 4.01408e-05
39500 0.391702 0.380253 0.0114488 0 0.970772 16258.7 15671 587.717 0 -31.8392 -33.5115 4 39829.9 552.77 9876 3.85028e-05
39600 0.415682 0.401138 0.0145441 0 0.965012 16300 15711.1 588.954 0 -31.8428 -33.2703 4 39929.9 553.464 9901 4.05149e-05
39700 0.440873 0.426468 0.0144042 0 0.967328 16344 15753.7 590.291 0 -31.8443 -32.3834 4 40029.9 554.156 9926 4.29648e-05
39800 0.438117 0.425108 0.0130091 0 0.970307 16388 15796.2 591.745 0 -31.8474 -32.9846 4 40129.9 554.848 9951 4.27202e-05
39900 0.440593 0.424669 0.0159249 0 0.963856 16432 15838.7 593.244 0 -31.8495 -32.6339 4 40229.9 555.539 9976 4.2569e-05
40000 0.459541 0.441737 0.0178041 0 0.961257 16477.9 15882.9 594.993 0 -31.8516 -32.629 4 40329.9 556.229 10001 4.41692e-05
40100 0.449377 0.433405 0.0159717 0 0.964458 16522.9 15926.2 596.637 0 -31.8541 -32.7708 4 40429.9 556.918 10026 4.32281e-05
40200 0.474006 0.457192 0.0168134 0 0.964529 16570.3 15971.9 598.371 0 -31.8555 -32.3368 4 40529.9 557.606 10051 4.54872e-05
40300 0.424929 0.409288 0.0156405 0 0.963193 16612.7 16012.9 599.833 0 -31.858 -32.8219 4 40629.9 558.294 10076 4.06201e-05
40400 0.432859 0.418649 0.01421 0 0.967172 16656.1 16054.7 601.339 0 -31.861 -33.0344 4 40729.9 558.98 10101 4.14462e-05
40500 0.430712 0.416072 0.0146393 0 0.966011 16699.1 16096.3 602.753 0 -31.864 -33.0196 4 40829.9 559.666 10126 4.10895e-05
40600 0.426941 0.413063 0.0138779 0 0.967494 16741.9 16137.7 604.237 0 -31.8669 -32.9696 4 40929.9 560.351 10151 4.06919e-05
40700 0.460818 0.444884 0.0159338 0 0.965423 16788.1 16182.1 605.97 0 -31.8689 -32.6232 4 41029.9 561.035 10176 4.37189e-05
40800 0.437461 0.423861 0.0135998 0 0.968912 16832 16224.5 607.509 0 -31.8726 -33.2576 4 41129.9 561.719 10201 4.15509e-05
40900 0.433579 0.420353 0.0132255 0 0.969497 16875.5 16266.6 608.912 0 -31.8763 -33.3355 4 41229.9 562.401 10226 4.11063e-05
41000 0.427368 0.41395 0.0134183 0 0.968603 16918.2 16308 610.244 0 -31.8797 -33.195 4 41329.9 563.083 10251 4.03814e-05
41100 0.42099 0.408796 0.0121942 0 0.971035 16960.4 16348.8 611.582 0 -31.8833 -33.36 4 41429.9 563.763 10276 3.97816e-05
41200 0.435228 0.422259 0.0129691 0 0.970202 17004 16391.1 612.972 0 -31.8876 -33.5537 4 41529.9 564.443 10301 4.09921e-05
41300 0.429483 0.41442 0.0150634 0 0.964927 17046.8 16432.5 614.301 0 -31.8906 -33.0684 4 41629.9 565.123 10326 4.01336e-05
41400 0.418697 0.406826 0.011871 0 0.971648 17088.8 16473.2 615.654 0 -31.8939 -33.2499 4 41729.9 565.801 10351 3.93031e-05
41500 0.44563 0.432017 0.0136133 0 0.969452 17133.5 16516.4 617.11 0 -31.8952 -32.368 4 41829.9 566.478 10376 4.16362e-05
41600 0.440503 0.427929 0.0125738 0 0.971456 17177.7 16559.2 618.481 0 -31.8983 -33.1209 4 41929.9 567.155 10401 4.1143e-05
41700 0.435567 0.422263 0.0133039 0 0.969456 17221.3 16601.4 619.905 0 -31.8995 -32.3811 4 42029.9 567.831 10426 4.0501e-05
41800 0.4282 0.415165 0.0130354 0 0.969558 17264.2 16642.9 621.299 0 -31.9025 -33.1008 4 42129.9 568.506 10451 3.97249e-05
41900 0.404118 0.392789 0.0113288 0 0.971967 17304.7 16682.2 622.502 0 -31.9053 -33.1043 4 42229.9 569.18 10476 3.74942e-05
42000 0.418753 0.405558 0.0131946 0 0.968491 17346.5 16722.8 623.755 0 -31.9071 -32.6436 4 42329.9 569.854 10501 3.86209e-05
42100 0.46491 0.449101 0.0158095 0 0.965994 17393 16767.7 625.304 0 -31.9078 -32.1571 4 42429.9 570.527 10526 4.26658e-05
42200 0.442482 0.4268 0.0156825 0 0.964558 17437.3 16810.3 626.907 0 -31.9093 -32.5085 4 42529.9 571.199 10551 4.04511e-05
42300 0.461861 0.444518 0.0173437 0 0.962448 17483.4 16854.8 628.569 0 -31.91 -32.1862 4 42629.9 571.87 10576 4.20308e-05
42400 0.457542 0.440287 0.0172542 0 0.962289 17529.1 16898.8 630.223 0 -31.9115 -32.4882 4 42729.9 572.54 10601 4.15326e-05
42500 0.465108 0.446927 0.0181803 0 0.960912 17575.5 16943.5 631.997 0 -31.9121 -32.1035 4 42829.9 573.21 10626 4.20598e-05
42600 0.448156 0.433093 0.0150624 0 0.96639 17620.5 16986.8 633.649 0 -31.9139 -32.6455 4 42929.9 573.878 10651 4.06622e-05
42700 0.437 0.421496 0.0155044 0 0.964521 17664 17029 635.041 0 -31.9162 -32.8411 4 43029.9 574.546 10676 3.94807e-05
42800 0.443099 0.428574 0.0145253 0 0.967219 17708.4 17071.8 636.536 0 -31.9183 -32.7523 4 43129.9 575.214 10701 4.00499e-05
42900 0.406099 0.394059 0.0120407 0 0.97035 17749.1 17111.2 637.826 0 -31.9214 -33.2507 4 43229.9 575.88 10726 3.67386e-05
43000 0.407652 0.394605 0.013047 0 0.967995 17789.8 17150.7 639.125 0 -31.9244 -33.2444 4 43329.9 576.546 10751 3.67041e-05
43100 0.388942 0.377871 0.011071 0 0.971536 17828.9 17188.5 640.401 0 -31.9276 -33.3839 4 43429.9 577.211 10776 3.5066e-05
43200 0.385208 0.373817 0.0113907 0 0.97043 17867.4 17225.9 641.507 0 -31.9312 -33.6222 4 43529.9 577.875 10801 3.46095e-05
43300 0.429937 0.41843 0.011507 0 0.973236 17910.5 17267.7 642.795 0 -31.9354 -33.6661 4 43629.9 578.538 10826 3.86504e-05
43400 0.436189 0.423305 0.0128839 0 0.970463 17954.2 17310 644.194 0 -31.9383 -33.1153 4 43729.9 579.201 10851 3.90107e-05
43500 0.397813 0.385551 0.0122629 0 0.969174 17994.1 17348.6 645.46 0 -31.9414 -33.329 4 43829.9 579.863 10876 3.54497e-05
43600 0.411425 0.4002 0.0112255 0 0.972716 18035.4 17388.6 646.758 0 -31.9442 -33.1699 4 43929.9 580.524 10901 3.67122e-05
43700 0.43511 0.420926 0.0141838 0 0.967402 18078.8 17430.7 648.058 0 -31.9463 -32.8319 4 44029.9 581.184 10926 3.85252e-05
43800 0.446104 0.433768 0.0123357 0 0.972348 18123.6 17474.1 649.476 0 -31.9481 -32.6589 4 44129.9 581.844 10951 3.96099e-05
43900 0.417619 0.405442 0.0121765 0 0.970843 18165.4 17514.6 650.801 0 -31.9508 -33.1287 4 44229.9 582.503 10976 3.6939e-05
44000 0.404653 0.392233 0.01242 0 0.969307 18206 17553.9 652.093 0 -31.9539 -33.333 4 44329.9 583.161 11001 3.56543e-05
44100 0.405224 0.392252 0.0129715 0 0.967989 18246.5 17593.1 653.414 0 -31.9573 -33.4864 4 44429.9 583.818 11026 3.55752e-05
44200 0.39061 0.379866 0.0107443 0 0.972493 18285.8 17631.1 654.688 0 -31.9608 -33.6193 4 44529.9 584.475 11051 3.43739e-05
44300 0.402623 0.389661 0.0129623 0 0.967805 18326 17670 655.935 0 -31.9639 -33.3412 4 44629.9 585.131 11076 3.51806e-05
44400 0.423879 0.410565 0.0133143 0 0.968589 18368.4 17711.1 657.263 0 -31.9658 -32.7992 4 44729.9 585.786 11101 3.69845e-05
44500 0.425136 0.41028 0.0148556 0 0.965057 18410.8 17752.1 658.672 0 -31.9676 -32.7404 4 44829.9 586.44 11126 3.68758e-05
44600 0.454829 0.437199 0.0176294 0 0.961239 18456.2 17795.8 660.316 0 -31.9673 -31.8625 4 44929.9 587.094 11151 3.92072e-05
44700 0.419567 0.406716 0.012851 0 0.969371 18498.4 17836.5 661.894 0 -31.9684 -32.4546 4 45029.9 587.747 11176 3.63919e-05
44800 0.40343 0.391945 0.0114852 0 0.971531 18539 17875.7 663.256 0 -31.9699 -32.65 4 45129.9 588.399 11201 3.49919e-05
44900 0.414927 0.402908 0.0120193 0 0.971033 18580.5 17916 664.499 0 -31.9706 -32.2784 4 45229.9 589.051 11226 3.58906e-05
45000 0.423838 0.40877 0.0150679 0 0.964449 18622.7 17956.9 665.802 0 -31.9706 -31.9783 4 45329.9 589.702 11251 3.63319e-05
45100 0.451324 0.435151 0.0161735 0 0.964164 18667.6 18000.4 667.225 0 -31.9693 -31.3963 4 45429.9 590.352 11276 3.85909e-05
45200 0.433791 0.420023 0.0137685 0 0.96826 18711.1 18042.4 668.681 0 -31.9695 -32.0868 4 45529.9 591.001 11301 3.71669e-05
45300 0.485565 0.470399 0.0151661 0 0.968766 18759.7 18089.4 670.302 0 -31.9699 -32.1204 4 45629.9 591.65 11326 4.15326e-05
45400 0.473533 0.457744 0.0157896 0 0.966656 18807.2 18135.2 671.948 0 -31.9713 -32.5154 4 45729.9 592.298 11351 4.03263e-05
45500 0.491858 0.475296 0.0165621 0 0.966327 18856.3 18182.7 673.599 0 -31.9725 -32.4231 4 45829.9 592.945 11376 4.17806e-05
45600 0.449786 0.434788 0.0149978 0 0.966656 18901.3 18226.2 675.102 0 -31.9745 -32.8052 4 45929.9 593.592 11401 3.81359e-05
45700 0.425559 0.412716 0.0128426 0 0.969822 18943.9 18267.5 676.432 0 -31.977 -33.1053 4 46029.9 594.237 11426 3.61208e-05
45800 0.478593 0.461957 0.016636 0 0.96524 18991.6 18313.7 677.956 0 -31.9781 -32.4133 4 46129.9 594.883 11451 4.03421e-05
45900 0.466397 0.452304 0.0140928 0 0.969784 19038.5 18358.9 679.552 0 -31.98 -32.748 4 46229.9 595.527 11476 3.9413e-05
46000 0.42367 0.411998 0.0116724 0 0.972449 19081 18400.1 680.877 0 -31.9824 -33.0576 4 46329.9 596.171 11501 3.58228e-05
46100 0.455638 0.441277 0.0143612 0 0.968481 19126.6 18444.2 682.372 0 -31.9837 -32.5347 4 46429.9 596.814 11526 3.82853e-05
46200 0.448887 0.433075 0.0158124 0 0.964774 19171.3 18487.5 683.752 0 -31.9849 -32.4824 4 46529.9 597.456 11551 3.74924e-05
46300 0.455783 0.4418 0.0139836 0 0.96932 19216.9 18531.7 685.145 0 -31.9865 -32.6597 4 46629.9 598.098 11576 3.81651e-05
46400 0.482922 0.468152 0.0147693 0 0.969417 19265.3 18578.5 686.764 0 -31.9874 -32.3575 4 46729.9 598.739 11601 4.03545e-05
46500 0.51397 0.494825 0.0191448 0 0.962751 19316.6 18628 688.567 0 -31.9883 -32.3379 4 46829.9 599.379 11626 4.2562e-05
46600 0.48115 0.46396 0.01719 0 0.964273 19364.8 18674.4 690.349 0 -31.99 -32.6752 4 46929.9 600.019 11651 3.98215e-05
46700 0.51074 0.496369 0.0143711 0 0.971862 19416.1 18724.1 692.041 0 -31.9917 -32.6054 4 47029.9 600.658 11676 4.25119e-05
46800 0.482924 0.46612 0.0168034 0 0.965205 19464.3 18770.7 693.608 0 -31.9932 -32.6017 4 47129.9 601.296 11701 3.98359e-05
46900 0.488948 0.473058 0.0158897 0 0.967502 19513.3 18818 695.292 0 -31.9946 -32.5464 4 47229.9 601.933 11726 4.03427e-05
47000 0.476055 0.461309 0.0147459 0 0.969025 19561 18864.1 696.898 0 -31.996 -32.5893 4 47329.9 602.57 11751 3.9257e-05
47100 0.448039 0.435848 0.0121908 0 0.972791 19605.9 18907.7 698.234 0 -31.9981 -32.8897 4 47429.9 603.207 11776 3.70116e-05
47200 0.427104 0.414242 0.0128618 0 0.969886 19648.6 18949.1 699.513 0 -32.0006 -33.1779 4 47529.9 603.842 11801 3.51023e-05
47300 0.456499 0.443256 0.0132423 0 0.970991 19694.4 18993.4 700.919 0 -32.0035 -33.2184 4 47629.9 604.477 11826 3.74815e-05
47400 0.417348 0.406124 0.0112241 0 0.973106 19736.2 19034.1 702.165 0 -32.0068 -33.5782 4 47729.9 605.111 11851 3.42691e-05
47500 0.431716 0.419597 0.0121191 0 0.971928 19779.4 19076 703.437 0 -32.01 -33.4846 4 47829.9 605.745 11876 3.53315e-05
47600 0.490069 0.473998 0.0160706 0 0.967207 19828.5 19123.4 705.051 0 -32.0108 -32.3378 4 47929.9 606.378 11901 3.98284e-05
47700 0.47582 0.458764 0.0170566 0 0.964153 19876 19169.3 706.685 0 -32.0117 -32.3611 4 48029.9 607.01 11926 3.84675e-05
47800 0.483661 0.467821 0.01584 0 0.96725 19924.5 19216.1 708.382 0 -32.0121 -32.1656 4 48129.9 607.642 11951 3.91449e-05
47900 0.4847 0.469436 0.0152639 0 0.968508 19973 19263 709.992 0 -32.013 -32.3937 4 48229.9 608.272 11976 3.91981e-05
48000 0.523401 0.505532 0.0178691 0 0.96586 20025.4 19313.6 711.824 0 -32.0119 -31.5957 4 48329.9 608.903 12001 4.21241e-05
48100 0.480621 0.466333 0.0142876 0 0.970273 20073.8 19360.2 713.567 0 -32.0128 -32.3915 4 48429.9 609.532 12026 3.87771e-05
48200 0.493839 0.480294 0.013546 0 0.97257 20123.3 19408.2 715.105 0 -32.0142 -32.5674 4 48529.9 610.161 12051 3.98551e-05
48300 0.461853 0.44522 0.016633 0 0.963986 20169.4 19452.8 716.637 0 -32.0153 -32.5301 4 48629.9 610.79 12076 3.68682e-05
48400 0.52756 0.509155 0.0184053 0 0.965112 20222 19503.7 718.356 0 -32.0141 -31.549 4 48729.9 611.417 12101 4.20754e-05
48500 0.506161 0.488221 0.0179404 0 0.964556 20272.6 19552.5 720.128 0 -32.0134 -31.7004 4 48829.9 612.044 12126 4.02623e-05
48600 0.537061 0.51818 0.0188807 0 0.964844 20326.3 19604.3 721.975 0 -32.0121 -31.5309 4 48929.9 612.671 12151 4.26451e-05
48700 0.532995 0.516979 0.0160153 0 0.969952 20379.9 19656 723.893 0 -32.0115 -31.7802 4 49029.9 613.297 12176 4.24589e-05
48800 0.509895 0.492232 0.0176632 0 0.965359 20430.8 19705.2 725.584 0 -32.0114 -31.9821 4 49129.9 613.922 12201 4.03436e-05
48900 0.482279 0.467415 0.0148631 0 0.969182 20479.2 19752 727.237 0 -32.0129 -32.663 4 49229.9 614.546 12226 3.82313e-05
49000 0.457264 0.442739 0.0145242 0 0.968237 20524.9 19796.2 728.69 0 -32.015 -32.9453 4 49329.9 615.17 12251 3.6139e-05
49100 0.431059 0.420079 0.0109799 0 0.974528 20568.2 19838.3 729.909 0 -32.0178 -33.3606 4 49429.9 615.793 12276 3.42196e-05
49200 0.465663 0.452142 0.0135206 0 0.970965 20614.8 19883.5 731.377 0 -32.0194 -32.7008 4 49529.9 616.416 12301 3.67565e-05
49300 0.428925 0.417518 0.0114075 0 0.973404 20657.9 19925.2 732.668 0 -32.0217 -33.1531 4 49629.9 617.038 12326 3.38729e-05
49400 0.437093 0.425013 0.0120798 0 0.972363 20701.7 19967.7 733.941 0 -32.0232 -32.7244 4 49729.9 617.659 12351 3.44112e-05
49500 0.45421 0.440958 0.0132512 0 0.970826 20747 20011.8 735.212 0 -32.0248 -32.734 4 49829.9 618.28 12376 3.56301e-05
49600 0.437636 0.425762 0.0118743 0 0.972867 20790.9 20054.4 736.52 0 -32.027 -33.0489 4 49929.9 618.9 12401 3.43329e-05
49700 0.453481 0.442611 0.0108707 0 0.976028 20836.5 20098.7 737.836 0 -32.0281 -32.5637 4 50029.9 619.519 12426 3.56197e-05
49800 0.451112 0.439453 0.0116592 0 0.974155 20881.6 20142.6 739.019 0 -32.0296 -32.7038 4 50129.9 620.138 12451 3.52946e-05
49900 0.445562 0.434143 0.0114187 0 0.974372 20926.3 20186 740.269 0 -32.0307 -32.573 4 50229.9 620.756 12476 3.47982e-05
50000 0.464461 0.452049 0.0124114 0 0.973278 20972.8 20231.2 741.603 0 -32.032 -32.5748 4 50329.9 621.374 12501 3.61611e-05
