100 0.0438465 0.0402256 0.00362084 0 0.91742 4.2805 4.02256 0.257936 0 -26.5049 -26.5049 4 429.882 57.4268 26 0.00154714
200 0.12669 0.11496 0.0117299 0 0.907413 16.526 15.5186 1.00736 0 -26.1194 -25.9847 4 529.882 63.7572 51 0.00225413
300 0.139273 0.129801 0.00947189 0 0.931991 30.5968 28.4987 2.09811 0 -26.6809 -27.3403 4 629.882 69.5136 76 0.00170791
400 0.160801 0.150255 0.0105465 0 0.934413 46.7475 43.5242 3.22331 0 -27.1819 -28.1312 4 729.882 74.8284 101 0.00148767
500 0.147805 0.137381 0.0104237 0 0.929477 61.4774 57.2623 4.21508 0 -27.4737 -28.3998 4 829.882 79.7899 126 0.00109033
600 0.176215 0.165053 0.0111617 0 0.936658 79.0859 73.7676 5.3182 0 -27.7513 -28.7202 4 929.882 84.4605 151 0.00109307
700 0.182387 0.170426 0.0119614 0 0.934417 97.3493 90.8102 6.53903 0 -27.8586 -28.3232 4 1029.88 88.8861 176 0.000968328
800 0.216513 0.202582 0.0139307 0 0.935659 119.06 111.068 7.99114 0 -27.8851 -28.0043 4 1129.88 93.1015 201 0.00100787
900 0.206849 0.192607 0.0142419 0 0.931148 139.642 130.329 9.31329 0 -27.85 -27.6469 4 1229.88 97.1341 226 0.000852245
1000 0.218994 0.204405 0.0145897 0 0.933379 161.483 150.77 10.7132 0 -27.851 -27.8576 4 1329.88 101.006 251 0.000814361
1100 0.240687 0.226509 0.0141772 0 0.941097 185.645 173.421 12.224 0 -27.9099 -28.3033 4 1429.88 104.735 276 0.000820686
1200 0.233953 0.221984 0.0119697 0 0.948837 209.299 195.619 13.6802 0 -27.9986 -28.6951 4 1529.88 108.335 301 0.000737487
1300 0.215525 0.203886 0.0116384 0 0.946 231.015 216.008 15.0072 0 -28.0717 -28.7763 4 1629.88 111.82 326 0.000625419
1400 0.211661 0.199192 0.0124686 0 0.941091 252.087 235.927 16.1599 0 -28.1445 -28.9419 4 1729.88 115.199 351 0.000567499
1500 0.209597 0.198022 0.0115753 0 0.944773 273 255.729 17.271 0 -28.2282 -29.2373 4 1829.88 118.482 376 0.000526654
1600 0.210532 0.200347 0.0101852 0 0.951622 294.199 275.764 18.4351 0 -28.3496 -29.9133 4 1929.88 121.676 401 0.000499617
1700 0.248082 0.233065 0.0150169 0 0.939468 318.783 299.07 19.7124 0 -28.3239 -28.0165 4 2029.88 124.789 426 0.000547101
1800 0.232779 0.219167 0.0136117 0 0.941525 342.062 320.987 21.0754 0 -28.3462 -28.6509 4 2129.88 127.826 451 0.000485959
1900 0.271148 0.256108 0.0150399 0 0.944532 369.101 346.598 22.5036 0 -28.4079 -29.1886 4 2229.88 130.792 476 0.000538043
2000 0.262602 0.250276 0.0123262 0 0.953061 395.579 371.625 23.9536 0 -28.4688 -29.3185 4 2329.88 133.692 501 0.000499553
2100 0.281591 0.266082 0.0155087 0 0.944925 423.645 398.234 25.411 0 -28.4639 -28.3937 4 2429.88 136.531 526 0.00050586
2200 0.28552 0.267462 0.0180582 0 0.936753 451.869 424.98 26.889 0 -28.4755 -28.6503 4 2529.88 139.313 551 0.000485411
2300 0.330371 0.313456 0.0169145 0 0.948801 485.12 456.325 28.795 0 -28.5196 -29.1193 4 2629.88 142.039 576 0.000544195
2400 0.310709 0.293436 0.017273 0 0.944408 516.245 485.669 30.5764 0 -28.5044 -28.2672 4 2729.88 144.714 601 0.000488247
2500 0.297021 0.280358 0.0166638 0 0.943897 545.937 513.705 32.2328 0 -28.4884 -28.2097 4 2829.88 147.341 626 0.000447856
2600 0.323868 0.305938 0.0179305 0 0.944637 578.405 544.298 34.1068 0 -28.4695 -28.1522 4 2929.88 149.922 651 0.000469951
2700 0.271769 0.257821 0.0139477 0 0.948678 605.736 570.081 35.6551 0 -28.5005 -29.1567 4 3029.88 152.459 676 0.000381392
2800 0.265167 0.251708 0.0134596 0 0.949241 632.275 595.251 37.0238 0 -28.5385 -29.4049 4 3129.88 154.954 701 0.000359069
2900 0.273935 0.262641 0.0112938 0 0.958772 659.897 621.515 38.3814 0 -28.5692 -29.2726 4 3229.88 157.41 726 0.000361764
3000 0.275492 0.262949 0.0125428 0 0.954471 687.425 647.81 39.6143 0 -28.6123 -29.6448 4 3329.88 159.829 751 0.000350132
3100 0.271713 0.260892 0.0108213 0 0.960174 714.647 673.9 40.7477 0 -28.6724 -30.1907 4 3429.88 162.211 776 0.000336201
3200 0.278022 0.267864 0.0101577 0 0.963464 742.591 700.686 41.9052 0 -28.7202 -29.9423 4 3529.88 164.558 801 0.000334412
3300 0.268635 0.257526 0.0111081 0 0.95865 769.402 726.439 42.9638 0 -28.7702 -30.1551 4 3629.88 166.873 826 0.000311775
3400 0.301898 0.288785 0.0131133 0 0.956564 799.441 755.317 44.124 0 -28.8177 -30.034 4 3729.88 169.156 851 0.000339347
3500 0.343726 0.329905 0.013821 0 0.959791 833.878 788.308 45.5701 0 -28.8853 -30.4553 4 3829.88 171.409 876 0.000376604
3600 0.298089 0.285539 0.0125497 0 0.9579 863.752 816.862 46.8908 0 -28.9216 -29.9337 4 3929.88 173.632 901 0.000316914
3700 0.290841 0.277286 0.0135547 0 0.953395 892.665 844.59 48.0745 0 -28.9535 -29.908 4 4029.88 175.827 926 0.000299445
3800 0.291855 0.276897 0.0149573 0 0.948751 921.712 872.28 49.4324 0 -28.9892 -30.0867 4 4129.88 177.995 951 0.000291164
3900 0.351492 0.335781 0.0157105 0 0.955303 956.939 905.858 51.0811 0 -29.0289 -30.0669 4 4229.88 180.138 976 0.000344038
4000 0.384345 0.365641 0.0187044 0 0.951334 995.227 942.422 52.8052 0 -29.0519 -29.6272 4 4329.88 182.254 1001 0.000365275
4100 0.401783 0.385302 0.0164816 0 0.958979 1035.77 980.952 54.8192 0 -29.0908 -30.0453 4 4429.88 184.347 1026 0.000375538
4200 0.360832 0.341889 0.0189436 0 0.9475 1071.67 1015.14 56.5333 0 -29.1172 -29.8774 4 4529.88 186.416 1051 0.000325299
4300 0.348982 0.334082 0.0149001 0 0.957304 1106.78 1048.55 58.2355 0 -29.1597 -30.457 4 4629.88 188.463 1076 0.000310485
4400 0.369019 0.353217 0.0158012 0 0.95718 1143.96 1083.87 60.0935 0 -29.1967 -30.2993 4 4729.88 190.487 1101 0.000320815
4500 0.36697 0.35279 0.0141794 0 0.961361 1180.92 1119.15 61.768 0 -29.2292 -30.2363 4 4829.88 192.49 1126 0.000313313
4600 0.320397 0.307894 0.0125034 0 0.960975 1213.1 1149.94 63.1592 0 -29.265 -30.5777 4 4929.88 194.473 1151 0.000267501
4700 0.32043 0.30996 0.0104695 0 0.967327 1245.3 1180.94 64.3684 0 -29.2896 -30.2146 4 5029.88 196.435 1176 0.000263572
4800 0.314837 0.301943 0.0128943 0 0.959045 1276.67 1211.13 65.542 0 -29.3204 -30.5437 4 5129.88 198.378 1201 0.00025141
4900 0.339236 0.326956 0.0122802 0 0.9638 1310.67 1243.83 66.8493 0 -29.3426 -30.1769 4 5229.88 200.302 1226 0.000266685
5000 0.326613 0.312831 0.0137821 0 0.957803 1343.24 1275.11 68.1269 0 -29.3626 -30.1663 4 5329.88 202.208 1251 0.000250065
5100 0.375139 0.358997 0.0161418 0 0.956971 1380.79 1311.01 69.7823 0 -29.3849 -30.1842 4 5429.88 204.096 1276 0.000281346
5200 0.32939 0.315211 0.0141785 0 0.956955 1413.79 1342.53 71.2643 0 -29.4123 -30.5577 4 5529.88 205.967 1301 0.000242284
5300 0.321386 0.308447 0.0129393 0 0.959739 1445.98 1373.37 72.6029 0 -29.4284 -30.1372 4 5629.88 207.821 1326 0.000232615
5400 0.315461 0.303332 0.0121284 0 0.961553 1477.76 1403.71 74.0485 0 -29.46 -30.8947 4 5729.88 209.659 1351 0.000224524
5500 0.359206 0.34451 0.0146955 0 0.959089 1513.73 1438.16 75.5679 0 -29.4804 -30.3187 4 5829.88 211.48 1376 0.000250371
5600 0.386006 0.368503 0.0175032 0 0.954656 1552.53 1475.01 77.5256 0 -29.486 -29.708 4 5929.88 213.286 1401 0.000263028
5700 0.351397 0.33425 0.0171478 0 0.951201 1587.66 1508.43 79.2278 0 -29.4957 -29.9236 4 6029.88 215.077 1426 0.000234397
5800 0.336769 0.321945 0.0148241 0 0.955981 1621.42 1540.63 80.7919 0 -29.5142 -30.3808 4 6129.88 216.853 1451 0.000221878
5900 0.337875 0.325054 0.0128214 0 0.962053 1655.38 1573.13 82.2491 0 -29.5268 -30.1303 4 6229.88 218.615 1476 0.000220226
6000 0.372337 0.355925 0.0164115 0 0.955923 1692.52 1608.73 83.7934 0 -29.5524 -30.6948 4 6329.88 220.363 1501 0.000237126
6100 0.402004 0.384233 0.0177708 0 0.955794 1732.77 1647.15 85.6247 0 -29.579 -30.6948 4 6429.88 222.096 1526 0.000251791
6200 0.375072 0.361059 0.0140127 0 0.96264 1770.64 1683.26 87.384 0 -29.604 -30.7482 4 6529.88 223.817 1551 0.000232791
6300 0.333183 0.32008 0.0131037 0 0.960671 1803.93 1715.26 88.6664 0 -29.6237 -30.6733 4 6629.88 225.524 1576 0.000203096
6400 0.347392 0.33514 0.0122517 0 0.964732 1838.72 1748.78 89.9393 0 -29.6427 -30.6271 4 6729.88 227.219 1601 0.000209332
6500 0.398295 0.384725 0.0135703 0 0.965929 1878.66 1787.25 91.411 0 -29.6601 -30.4637 4 6829.88 228.9 1626 0.000236608
6600 0.358933 0.345371 0.0135618 0 0.962216 1914.64 1821.79 92.8518 0 -29.6814 -30.7918 4 6929.88 230.57 1651 0.000209189
6700 0.349422 0.337167 0.012255 0 0.964928 1949.72 1855.5 94.2195 0 -29.7026 -30.8583 4 7029.88 232.228 1676 0.000201173
6800 0.3378 0.32486 0.0129402 0 0.961693 1983.5 1887.99 95.5123 0 -29.7157 -30.4749 4 7129.88 233.874 1701 0.000190982
6900 0.345245 0.33266 0.0125847 0 0.963548 2018.13 1921.26 96.8748 0 -29.7248 -30.2433 4 7229.88 235.508 1726 0.000192735
7000 0.329597 0.317344 0.0122531 0 0.962824 2051.05 1952.99 98.0599 0 -29.7338 -30.2843 4 7329.88 237.131 1751 0.000181236
7100 0.338806 0.326703 0.0121025 0 0.964279 2084.97 1985.66 99.3136 0 -29.7435 -30.3341 4 7429.88 238.743 1776 0.000183955
7200 0.341285 0.326834 0.0144513 0 0.957656 2118.89 2018.34 100.549 0 -29.7541 -30.4044 4 7529.88 240.344 1801 0.000181474
7300 0.39647 0.376832 0.0196382 0 0.950467 2158.08 2056.03 102.051 0 -29.7572 -29.9247 4 7629.88 241.935 1826 0.00020637
7400 0.426394 0.408409 0.0179854 0 0.95782 2200.84 2096.87 103.969 0 -29.7596 -29.8791 4 7729.88 243.515 1851 0.000220642
7500 0.398526 0.382135 0.0163912 0 0.95887 2240.8 2135.08 105.722 0 -29.7708 -30.3909 4 7829.88 245.086 1876 0.000203697
7600 0.41785 0.398724 0.0191251 0 0.95423 2282.52 2174.95 107.563 0 -29.7827 -30.4222 4 7929.88 246.646 1901 0.000209745
7700 0.40002 0.382998 0.0170213 0 0.957449 2322.52 2213.25 109.269 0 -29.8023 -30.9181 4 8029.88 248.196 1926 0.000198857
7800 0.396674 0.379346 0.0173284 0 0.956316 2362.19 2251.19 111.003 0 -29.8267 -31.2525 4 8129.88 249.737 1951 0.000194437
7900 0.3732 0.357351 0.0158494 0 0.957531 2399.62 2286.92 112.693 0 -29.8502 -31.339 4 8229.88 251.268 1976 0.000180846
8000 0.331665 0.320771 0.0108944 0 0.967152 2433.04 2319 114.035 0 -29.8771 -31.8075 4 8329.88 252.79 2001 0.000160305
8100 0.34846 0.336237 0.0122235 0 0.964922 2467.93 2352.62 115.309 0 -29.9016 -31.6094 4 8429.88 254.303 2026 0.000165961
8200 0.344276 0.332978 0.0112984 0 0.967182 2502.51 2385.92 116.588 0 -29.9251 -31.6037 4 8529.88 255.806 2051 0.000162349
8300 0.329727 0.317479 0.0122472 0 0.962856 2535.46 2417.67 117.788 0 -29.9469 -31.602 4 8629.88 257.302 2076 0.000152928
8400 0.330901 0.319791 0.0111105 0 0.966424 2568.6 2449.65 118.952 0 -29.9742 -32.0592 4 8729.88 258.788 2101 0.000152209
8500 0.323115 0.312562 0.0105524 0 0.967342 2601.06 2480.9 120.152 0 -29.9933 -31.5071 4 8829.88 260.266 2126 0.000147019
8600 0.31432 0.304618 0.00970148 0 0.969135 2632.61 2511.37 121.241 0 -30.0143 -31.7483 4 8929.88 261.736 2151 0.000141617
8700 0.344074 0.332672 0.0114024 0 0.966861 2667.15 2544.63 122.514 0 -30.0307 -31.2803 4 9029.88 263.197 2176 0.000152882
8800 0.33818 0.327174 0.0110063 0 0.967454 2701.06 2577.35 123.712 0 -30.0547 -31.9423 4 9129.88 264.65 2201 0.000148648
8900 0.339038 0.328998 0.0100402 0 0.970386 2735.15 2610.25 124.896 0 -30.0826 -32.2867 4 9229.88 266.096 2226 0.000147798
9000 0.345271 0.333386 0.0118853 0 0.965577 2769.65 2643.59 126.061 0 -30.1067 -32.022 4 9329.88 267.533 2251 0.000148106
9100 0.349285 0.337602 0.0116831 0 0.966551 2804.62 2677.35 127.272 0 -30.1346 -32.3414 4 9429.88 268.963 2276 0.000148331
9200 0.323229 0.31377 0.00945965 0 0.970734 2837.13 2708.73 128.402 0 -30.1619 -32.5154 4 9529.88 270.386 2301 0.000136362
9300 0.317578 0.307971 0.00960705 0 0.969749 2868.92 2739.52 129.4 0 -30.1882 -32.5341 4 9629.88 271.801 2326 0.000132404
9400 0.342595 0.329148 0.0134477 0 0.960747 2903.02 2772.44 130.577 0 -30.2097 -32.0252 4 9729.88 273.208 2351 0.000140003
9500 0.380236 0.362128 0.0181084 0 0.952376 2940.63 2808.65 131.983 0 -30.2144 -30.5762 4 9829.88 274.609 2376 0.000152411
9600 0.40426 0.388257 0.0160034 0 0.960413 2981.14 2847.48 133.661 0 -30.2201 -30.6301 4 9929.88 276.002 2401 0.000161706
9700 0.380272 0.365008 0.0152637 0 0.959861 3019.23 2883.98 135.257 0 -30.2269 -30.7641 4 10029.9 277.388 2426 0.000150457
9800 0.375795 0.359519 0.0162757 0 0.95669 3056.76 2919.93 136.829 0 -30.2339 -30.7928 4 10129.9 278.768 2451 0.000146683
9900 0.361438 0.347643 0.0137944 0 0.961835 3093.03 2954.69 138.331 0 -30.2418 -30.9072 4 10229.9 280.14 2476 0.000140405
10000 0.403876 0.390025 0.0138508 0 0.965705 3133.58 2993.7 139.885 0 -30.2498 -30.86 4 10329.9 281.506 2501 0.000155948
10100 0.395656 0.38061 0.0150461 0 0.961972 3173.18 3031.76 141.42 0 -30.2549 -30.6604 4 10429.9 282.865 2526 0.000150677
10200 0.412792 0.394984 0.017808 0 0.95686 3214.29 3071.26 143.038 0 -30.2585 -30.5403 4 10529.9 284.218 2551 0.000154835
10300 0.421057 0.403753 0.0173041 0 0.958903 3256.36 3111.63 144.728 0 -30.2638 -30.6624 4 10629.9 285.565 2576 0.000156736
10400 0.435503 0.416667 0.0188358 0 0.956749 3299.77 3153.3 146.47 0 -30.2607 -30.0293 4 10729.9 286.905 2601 0.000160195
10500 0.458402 0.442176 0.0162262 0 0.964603 3345.89 3197.52 148.373 0 -30.2603 -30.2364 4 10829.9 288.238 2626 0.000168384
10600 0.453738 0.436048 0.0176893 0 0.961014 3391.39 3241.12 150.265 0 -30.2635 -30.4992 4 10929.9 289.566 2651 0.000164485
10700 0.458082 0.439915 0.0181666 0 0.960342 3437.28 3285.11 152.173 0 -30.2684 -30.6308 4 11029.9 290.888 2676 0.000164393
10800 0.424824 0.40918 0.0156447 0 0.963174 3479.91 3326.03 153.877 0 -30.2764 -30.9175 4 11129.9 292.203 2701 0.000151492
10900 0.385707 0.372662 0.0130448 0 0.966179 3518.7 3363.3 155.406 0 -30.2869 -31.2284 4 11229.9 293.513 2726 0.000136707
11000 0.408354 0.393767 0.0145871 0 0.964278 3559.61 3402.67 156.941 0 -30.2972 -31.1814 4 11329.9 294.817 2751 0.000143136
11100 0.420469 0.405993 0.0144754 0 0.965573 3601.8 3443.27 158.523 0 -30.3051 -30.9755 4 11429.9 296.115 2776 0.000146251
11200 0.398189 0.384989 0.0131995 0 0.966851 3641.67 3481.77 159.896 0 -30.3175 -31.4387 4 11529.9 297.408 2801 0.000137447
11300 0.426614 0.411649 0.014965 0 0.964922 3684.2 3522.94 161.269 0 -30.3155 -30.1428 4 11629.9 298.695 2826 0.000145665
11400 0.396395 0.384693 0.0117015 0 0.97048 3723.99 3561.41 162.586 0 -30.3225 -30.9733 4 11729.9 299.976 2851 0.000134933
11500 0.388246 0.375693 0.0125537 0 0.967666 3762.75 3598.97 163.773 0 -30.3252 -30.5845 4 11829.9 301.252 2876 0.00013063
11600 0.40189 0.389308 0.0125824 0 0.968692 3803.05 3637.91 165.14 0 -30.3265 -30.4448 4 11929.9 302.523 2901 0.000134198
11700 0.404542 0.392504 0.0120379 0 0.970243 3843.64 3677.16 166.488 0 -30.3288 -30.5411 4 12029.9 303.788 2926 0.000134144
11800 0.408104 0.395982 0.0121222 0 0.970296 3884.55 3716.75 167.795 0 -30.3389 -31.2898 4 12129.9 305.048 2951 0.000134186
11900 0.43318 0.418001 0.0151789 0 0.964959 3927.77 3758.55 169.218 0 -30.3401 -30.4529 4 12229.9 306.303 2976 0.000140457
12000 0.444964 0.429567 0.0153976 0 0.965396 3972.56 3801.51 171.047 0 -30.3413 -30.445 4 12329.9 307.553 3001 0.000143141
12100 0.403829 0.388843 0.0149862 0 0.96289 4012.99 3840.4 172.599 0 -30.3473 -30.9334 4 12429.9 308.797 3026 0.000128501
12200 0.43052 0.414998 0.0155215 0 0.963947 4056.12 3881.89 174.223 0 -30.3496 -30.5653 4 12529.9 310.037 3051 0.00013602
12300 0.4154 0.400785 0.0146149 0 0.964817 4097.84 3921.97 175.866 0 -30.3536 -30.7436 4 12629.9 311.272 3076 0.000130294
12400 0.39333 0.378856 0.0144743 0 0.963201 4137.22 3959.86 177.364 0 -30.3609 -31.1156 4 12729.9 312.502 3101 0.000122172
12500 0.411669 0.394864 0.0168049 0 0.959179 4178.22 3999.35 178.876 0 -30.361 -30.372 4 12829.9 313.727 3126 0.000126316
12600 0.411074 0.395357 0.0157168 0 0.961767 4219.32 4038.88 180.435 0 -30.3665 -30.9271 4 12929.9 314.947 3151 0.00012547
12700 0.418105 0.401989 0.0161154 0 0.961456 4261.14 4079.08 182.056 0 -30.3725 -30.9784 4 13029.9 316.162 3176 0.000126571
12800 0.409334 0.393388 0.0159451 0 0.961046 4302.08 4118.42 183.663 0 -30.3802 -31.1844 4 13129.9 317.373 3201 0.000122895
12900 0.377028 0.364276 0.0127513 0 0.966179 4339.97 4154.85 185.119 0 -30.3885 -31.3255 4 13229.9 318.58 3226 0.000112919
13000 0.408054 0.393516 0.0145383 0 0.964372 4380.89 4194.2 186.688 0 -30.3947 -31.0487 4 13329.9 319.781 3251 0.000121045
13100 0.457665 0.43873 0.0189355 0 0.958626 4426.64 4238.07 188.571 0 -30.3974 -30.66 4 13429.9 320.979 3276 0.000133922
13200 0.413031 0.396182 0.0168494 0 0.959205 4467.96 4277.69 190.271 0 -30.4048 -31.1965 4 13529.9 322.171 3301 0.000120019
13300 0.410102 0.395214 0.0148877 0 0.963698 4509.18 4317.21 191.973 0 -30.4146 -31.4753 4 13629.9 323.36 3326 0.000118826
13400 0.363081 0.349515 0.0135656 0 0.962638 4545.48 4352.16 193.315 0 -30.4262 -31.8703 4 13729.9 324.544 3351 0.000104302
13500 0.452401 0.43277 0.0196313 0 0.956606 4590.44 4395.44 195.005 0 -30.4321 -31.0296 4 13829.9 325.724 3376 0.00012819
13600 0.435306 0.419547 0.0157594 0 0.963797 4634.18 4437.39 196.786 0 -30.4387 -31.1329 4 13929.9 326.899 3401 0.00012336
13700 0.423491 0.406911 0.0165807 0 0.960848 4676.59 4478.09 198.503 0 -30.446 -31.2458 4 14029.9 328.07 3426 0.000118771
13800 0.388916 0.37368 0.0152366 0 0.960823 4715.48 4515.45 200.028 0 -30.4559 -31.6389 4 14129.9 329.238 3451 0.000108282
13900 0.413509 0.398654 0.0148553 0 0.964075 4757 4555.32 201.684 0 -30.4677 -31.8062 4 14229.9 330.401 3476 0.000114688
14000 0.400585 0.386397 0.0141881 0 0.964582 4797.1 4593.96 203.144 0 -30.4802 -31.9656 4 14329.9 331.559 3501 0.000110368
14100 0.384071 0.370745 0.0133264 0 0.965302 4835.53 4631.03 204.494 0 -30.4924 -32.0134 4 14429.9 332.714 3526 0.000105146
14200 0.396229 0.379608 0.0166214 0 0.958051 4874.8 4668.99 205.805 0 -30.5048 -32.0338 4 14529.9 333.865 3551 0.000106902
14300 0.40461 0.391757 0.0128525 0 0.968235 4915.45 4708.17 207.28 0 -30.518 -32.1071 4 14629.9 335.012 3576 0.000109552
14400 0.414119 0.396602 0.0175171 0 0.9577 4956.46 4747.83 208.634 0 -30.5284 -31.7701 4 14729.9 336.155 3601 0.000110137
14500 0.424138 0.411182 0.0129562 0 0.969453 4999.11 4788.95 210.166 0 -30.5417 -32.084 4 14829.9 337.294 3626 0.000113398
14600 0.361081 0.351857 0.00922376 0 0.974455 5035.42 4824.13 211.286 0 -30.5565 -32.5994 4 14929.9 338.43 3651 9.63727e-05
14700 0.357268 0.347011 0.0102568 0 0.971291 5071.1 4858.83 212.265 0 -30.5699 -32.4606 4 15029.9 339.561 3676 9.43992e-05
14800 0.402202 0.389532 0.0126704 0 0.968498 5111.29 4897.79 213.503 0 -30.585 -32.4895 4 15129.9 340.689 3701 0.00010525
14900 0.427774 0.413339 0.0144349 0 0.966256 5154.1 4939.12 214.974 0 -30.5929 -31.5322 4 15229.9 341.813 3726 0.000110934
15000 0.440298 0.424653 0.0156454 0 0.964466 5198.1 4981.59 216.512 0 -30.603 -31.7896 4 15329.9 342.933 3751 0.000113211
15100 0.427248 0.412499 0.0147496 0 0.965478 5240.98 5022.84 218.14 0 -30.6172 -32.3351 4 15429.9 344.05 3776 0.000109242
15200 0.404045 0.388931 0.0151137 0 0.962594 5281.38 5061.73 219.652 0 -30.6297 -32.2579 4 15529.9 345.163 3801 0.000102323
15300 0.415061 0.400341 0.0147205 0 0.964534 5322.86 5101.76 221.094 0 -30.6386 -31.7695 4 15629.9 346.272 3826 0.000104637
15400 0.39782 0.384307 0.0135125 0 0.966034 5362.67 5140.19 222.471 0 -30.6479 -31.8957 4 15729.9 347.378 3851 9.97941e-05
15500 0.40244 0.388945 0.0134959 0 0.966465 5402.95 5179.09 223.856 0 -30.6585 -32.0628 4 15829.9 348.481 3876 0.000100347
15600 0.435636 0.422228 0.013407 0 0.969224 5446.69 5221.31 225.377 0 -30.6678 -31.819 4 15929.9 349.58 3901 0.000108236
15700 0.384795 0.37241 0.0123852 0 0.967813 5485.22 5258.55 226.667 0 -30.6792 -32.2904 4 16029.9 350.675 3926 9.48573e-05
15800 0.394587 0.380941 0.0136466 0 0.965416 5524.53 5296.65 227.888 0 -30.69 -32.2004 4 16129.9 351.767 3951 9.64163e-05
15900 0.382143 0.371255 0.0108887 0 0.971506 5562.83 5333.77 229.055 0 -30.703 -32.5763 4 16229.9 352.856 3976 9.33739e-05
16000 0.376302 0.365719 0.0105831 0 0.971876 5600.49 5370.34 230.143 0 -30.7156 -32.5749 4 16329.9 353.942 4001 9.14068e-05
16100 0.385784 0.375021 0.0107628 0 0.972101 5639.17 5407.85 231.319 0 -30.7274 -32.4414 4 16429.9 355.024 4026 9.31498e-05
16200 0.386232 0.375778 0.0104539 0 0.972934 5677.99 5445.42 232.561 0 -30.7382 -32.3043 4 16529.9 356.102 4051 9.27618e-05
16300 0.346312 0.337453 0.00885869 0 0.97442 5712.71 5479.17 233.543 0 -30.7521 -33.0231 4 16629.9 357.178 4076 8.27903e-05
16400 0.370383 0.359739 0.0106435 0 0.971263 5749.69 5515.14 234.55 0 -30.7651 -32.7786 4 16729.9 358.25 4101 8.77198e-05
16500 0.381878 0.370455 0.0114224 0 0.970089 5787.88 5552.19 235.692 0 -30.7755 -32.3326 4 16829.9 359.319 4126 8.97856e-05
16600 0.418238 0.404622 0.0136159 0 0.967445 5829.87 5592.65 237.218 0 -30.7798 -31.3768 4 16929.9 360.385 4151 9.74758e-05
16700 0.425678 0.407886 0.0177917 0 0.958204 5872.23 5633.44 238.786 0 -30.7824 -31.133 4 17029.9 361.448 4176 9.76739e-05
16800 0.394576 0.377461 0.0171152 0 0.956624 5911.6 5671.19 240.418 0 -30.7866 -31.4183 4 17129.9 362.508 4201 8.98503e-05
16900 0.416272 0.398706 0.0175655 0 0.957803 5953.18 5711.06 242.128 0 -30.7912 -31.4519 4 17229.9 363.564 4226 9.4346e-05
17000 0.406475 0.389759 0.0167161 0 0.958875 5993.98 5750.03 243.946 0 -30.7966 -31.5763 4 17329.9 364.618 4251 9.16864e-05
17100 0.405065 0.387065 0.0179999 0 0.955563 6034.55 5788.74 245.809 0 -30.8008 -31.4288 4 17429.9 365.668 4276 9.05205e-05
17200 0.400227 0.38483 0.0153975 0 0.961528 6074.73 5827.22 247.51 0 -30.8058 -31.5566 4 17529.9 366.716 4301 8.94744e-05
17300 0.400112 0.384754 0.0153575 0 0.961617 6114.78 5865.7 249.086 0 -30.8113 -31.6368 4 17629.9 367.76 4326 8.89399e-05
17400 0.392463 0.379425 0.0130379 0 0.966779 6154.16 5903.64 250.522 0 -30.8181 -31.8763 4 17729.9 368.802 4351 8.72041e-05
17500 0.414754 0.400694 0.0140604 0 0.966099 6195.66 5943.71 251.947 0 -30.8258 -31.9737 4 17829.9 369.84 4376 9.15662e-05
17600 0.42918 0.414245 0.0149351 0 0.965201 6238.64 5985.13 253.506 0 -30.834 -32.0168 4 17929.9 370.876 4401 9.41252e-05
17700 0.419643 0.406889 0.0127539 0 0.969608 6280.84 6025.82 255.013 0 -30.8445 -32.3969 4 18029.9 371.909 4426 9.19316e-05
17800 0.368689 0.35715 0.0115393 0 0.968702 6317.79 6061.54 256.253 0 -30.8548 -32.5975 4 18129.9 372.939 4451 8.02403e-05
17900 0.391811 0.379425 0.0123864 0 0.968387 6357.03 6099.48 257.546 0 -30.8618 -31.9988 4 18229.9 373.966 4476 8.47688e-05
18000 0.413665 0.399932 0.0137338 0 0.9668 6398.46 6139.47 258.983 0 -30.8703 -32.1628 4 18329.9 374.99 4501 8.8854e-05
18100 0.405191 0.390847 0.0143443 0 0.964599 6438.96 6178.56 260.397 0 -30.8782 -32.1332 4 18429.9 376.012 4526 8.63559e-05
18200 0.438778 0.423032 0.0157462 0 0.964114 6482.75 6220.86 261.884 0 -30.8858 -32.0059 4 18529.9 377.03 4551 9.29536e-05
18300 0.448367 0.430329 0.0180377 0 0.95977 6527.52 6263.89 263.626 0 -30.8923 -31.8296 4 18629.9 378.046 4576 9.40405e-05
18400 0.439574 0.4246 0.0149742 0 0.965935 6571.69 6306.35 265.335 0 -30.8999 -32.0246 4 18729.9 379.06 4601 9.22843e-05
18500 0.407654 0.39532 0.0123344 0 0.969743 6612.65 6345.89 266.767 0 -30.9094 -32.4253 4 18829.9 380.07 4626 8.54561e-05
18600 0.388931 0.376247 0.0126841 0 0.967387 6651.56 6383.51 268.047 0 -30.9185 -32.4704 4 18929.9 381.078 4651 8.0896e-05
18700 0.380941 0.368142 0.012799 0 0.966401 6689.62 6420.32 269.3 0 -30.9278 -32.5478 4 19029.9 382.083 4676 7.87301e-05
18800 0.410231 0.395418 0.0148135 0 0.96389 6730.63 6459.87 270.762 0 -30.936 -32.2738 4 19129.9 383.086 4701 8.41136e-05
18900 0.393308 0.378665 0.014643 0 0.96277 6769.92 6497.73 272.187 0 -30.9441 -32.334 4 19229.9 384.086 4726 8.01237e-05
19000 0.381613 0.369599 0.0120138 0 0.968518 6808.25 6534.69 273.56 0 -30.9531 -32.545 4 19329.9 385.083 4751 7.77939e-05
19100 0.402589 0.389493 0.0130965 0 0.967469 6848.52 6573.64 274.874 0 -30.961 -32.3016 4 19429.9 386.078 4776 8.1552e-05
19200 0.401924 0.387126 0.0147981 0 0.963182 6888.59 6612.35 276.237 0 -30.9659 -31.7965 4 19529.9 387.07 4801 8.06345e-05
19300 0.422991 0.41014 0.0128505 0 0.96962 6931.26 6653.37 277.894 0 -30.973 -32.1165 4 19629.9 388.06 4826 8.49855e-05
19400 0.419419 0.404887 0.0145318 0 0.965352 6973.22 6693.86 279.367 0 -30.9792 -32.0106 4 19729.9 389.047 4851 8.34646e-05
19500 0.418343 0.405145 0.0131978 0 0.968452 7015.25 6734.37 280.876 0 -30.9831 -31.6335 4 19829.9 390.032 4876 8.30896e-05
19600 0.400288 0.3847 0.0155887 0 0.961056 7055.12 6772.84 282.274 0 -30.9868 -31.6331 4 19929.9 391.014 4901 7.84941e-05
19700 0.386502 0.372468 0.0140335 0 0.963691 7093.73 6810.09 283.645 0 -30.9918 -31.9057 4 20029.9 391.994 4926 7.56127e-05
19800 0.371541 0.360872 0.0106697 0 0.971283 7131.05 6846.18 284.878 0 -30.9972 -32.0306 4 20129.9 392.971 4951 7.28886e-05
19900 0.362387 0.350594 0.0117936 0 0.967456 7167.22 6881.24 285.989 0 -31.0047 -32.4729 4 20229.9 393.946 4976 7.04569e-05
20000 0.383985 0.371222 0.012763 0 0.966762 7205.56 6918.36 287.206 0 -31.0111 -32.2124 4 20329.9 394.919 5001 7.42296e-05
20100 0.386045 0.373147 0.0128984 0 0.966588 7244.15 6955.67 288.48 0 -31.0183 -32.3521 4 20429.9 395.889 5026 7.42433e-05
20200 0.410461 0.395743 0.0147183 0 0.964142 7285.21 6995.25 289.968 0 -31.0264 -32.4711 4 20529.9 396.856 5051 7.83494e-05
20300 0.392099 0.379577 0.0125215 0 0.968065 7324.59 7033.2 291.388 0 -31.0367 -32.9325 4 20629.9 397.822 5076 7.47788e-05
20400 0.39402 0.378465 0.0155547 0 0.960523 7363.73 7071.05 292.679 0 -31.0425 -32.1341 4 20729.9 398.785 5101 7.41943e-05
20500 0.421015 0.406564 0.014451 0 0.965676 7405.9 7111.71 294.189 0 -31.0474 -31.8992 4 20829.9 399.745 5126 7.93141e-05
20600 0.431777 0.418478 0.0132997 0 0.969198 7449.21 7153.55 295.66 0 -31.0537 -32.1362 4 20929.9 400.704 5151 8.1242e-05
20700 0.407316 0.393737 0.0135786 0 0.966663 7490.06 7192.93 297.126 0 -31.0605 -32.2946 4 21029.9 401.66 5176 7.60698e-05
20800 0.392308 0.379428 0.0128807 0 0.967167 7529.41 7230.87 298.541 0 -31.0689 -32.6741 4 21129.9 402.614 5201 7.29528e-05
20900 0.397577 0.382429 0.0151482 0 0.961899 7569.02 7269.11 299.91 0 -31.074 -32.04 4 21229.9 403.565 5226 7.31781e-05
21000 0.42535 0.41183 0.01352 0 0.968214 7611.65 7310.3 301.352 0 -31.0797 -32.0912 4 21329.9 404.515 5251 7.84288e-05
21100 0.413346 0.40099 0.0123552 0 0.970109 7653.11 7350.4 302.718 0 -31.088 -32.6159 4 21429.9 405.462 5276 7.60027e-05
21200 0.385446 0.374377 0.0110687 0 0.971283 7691.78 7387.83 303.948 0 -31.0945 -32.3739 4 21529.9 406.407 5301 7.06239e-05
21300 0.396855 0.384691 0.0121631 0 0.969351 7731.52 7426.3 305.218 0 -31.1019 -32.5279 4 21629.9 407.349 5326 7.2229e-05
21400 0.391413 0.378837 0.0125761 0 0.96787 7770.61 7464.19 306.423 0 -31.1091 -32.5391 4 21729.9 408.29 5351 7.07974e-05
21500 0.362741 0.354055 0.0086866 0 0.976053 7807.05 7499.59 307.459 0 -31.1186 -33.1469 4 21829.9 409.228 5376 6.58584e-05
21600 0.379014 0.367278 0.0117362 0 0.969035 7844.88 7536.32 308.562 0 -31.1263 -32.7118 4 21929.9 410.165 5401 6.80018e-05
21700 0.382131 0.371278 0.0108532 0 0.971598 7883.15 7573.45 309.704 0 -31.1337 -32.6618 4 22029.9 411.099 5426 6.84257e-05
21800 0.436849 0.420405 0.0164435 0 0.962359 7926.7 7615.49 311.208 0 -31.1396 -32.1967 4 22129.9 412.031 5451 7.71244e-05
21900 0.388421 0.377135 0.0112852 0 0.970946 7965.74 7653.2 312.541 0 -31.1476 -32.78 4 22229.9 412.961 5476 6.88706e-05
22000 0.404283 0.390436 0.0138466 0 0.96575 8006.15 7692.25 313.905 0 -31.1535 -32.3029 4 22329.9 413.888 5501 7.09755e-05
22100 0.363417 0.351738 0.0116792 0 0.967863 8042.55 7727.42 315.128 0 -31.1594 -32.4724 4 22429.9 414.814 5526 6.36514e-05
22200 0.383222 0.370209 0.0130128 0 0.966044 8080.82 7764.44 316.381 0 -31.1636 -32.0323 4 22529.9 415.738 5551 6.66923e-05
22300 0.386433 0.373765 0.0126674 0 0.96722 8119.58 7801.82 317.76 0 -31.1689 -32.2718 4 22629.9 416.659 5576 6.70311e-05
22400 0.370749 0.357808 0.0129405 0 0.965096 8156.58 7837.6 318.986 0 -31.1741 -32.3201 4 22729.9 417.579 5601 6.38829e-05
22500 0.433445 0.419241 0.0142032 0 0.967232 8199.96 7879.52 320.441 0 -31.1763 -31.5874 4 22829.9 418.497 5626 7.45186e-05
22600 0.422241 0.407214 0.0150276 0 0.96441 8242.25 7920.24 322.009 0 -31.1818 -32.2514 4 22929.9 419.412 5651 7.20605e-05
22700 0.473831 0.457488 0.0163438 0 0.965507 8289.75 7965.99 323.763 0 -31.1828 -31.3579 4 23029.9 420.326 5676 8.06004e-05
22800 0.472849 0.450687 0.0221624 0 0.95313 8336.67 8011.06 325.605 0 -31.1813 -30.9114 4 23129.9 421.237 5701 7.9054e-05
22900 0.462349 0.446189 0.0161606 0 0.965047 8383.16 8055.68 327.48 0 -31.1831 -31.5087 4 23229.9 422.147 5726 7.79233e-05
23000 0.469692 0.449812 0.0198795 0 0.957675 8429.97 8100.66 329.308 0 -31.1863 -31.7566 4 23329.9 423.055 5751 7.82146e-05
23100 0.524649 0.504493 0.0201562 0 0.961582 8482.64 8151.11 331.526 0 -31.1883 -31.5163 4 23429.9 423.96 5776 8.7343e-05
23200 0.471223 0.454178 0.0170446 0 0.963829 8529.92 8196.53 333.394 0 -31.193 -32.0339 4 23529.9 424.864 5801 7.82931e-05
23300 0.42713 0.412804 0.0143264 0 0.966459 8572.73 8237.81 334.92 0 -31.1987 -32.3292 4 23629.9 425.766 5826 7.08554e-05
23400 0.392585 0.38087 0.0117148 0 0.97016 8612.14 8275.9 336.241 0 -31.2052 -32.6173 4 23729.9 426.666 5851 6.50949e-05
23500 0.407805 0.392637 0.0151684 0 0.962805 8652.74 8315.16 337.58 0 -31.2112 -32.4998 4 23829.9 427.564 5876 6.68204e-05
23600 0.406072 0.393704 0.0123678 0 0.969543 8693.61 8354.53 339.079 0 -31.2165 -32.338 4 23929.9 428.46 5901 6.67183e-05
23700 0.39387 0.380945 0.0129243 0 0.967186 8732.98 8392.62 340.354 0 -31.2223 -32.4948 4 24029.9 429.354 5926 6.42837e-05
23800 0.436013 0.423919 0.0120938 0 0.972263 8776.69 8435.02 341.675 0 -31.226 -31.9592 4 24129.9 430.247 5951 7.12349e-05
23900 0.396199 0.384543 0.0116554 0 0.970582 8816.34 8473.47 342.867 0 -31.2319 -32.5526 4 24229.9 431.137 5976 6.43479e-05
24000 0.411245 0.391521 0.0197239 0 0.952039 8856.66 8512.62 344.041 0 -31.232 -31.2549 4 24329.9 432.026 6001 6.52427e-05
24100 0.492065 0.476265 0.0157994 0 0.967892 8905.99 8560.25 345.738 0 -31.233 -31.406 4 24429.9 432.913 6026 7.90351e-05
24200 0.471387 0.45506 0.0163267 0 0.965364 8953.23 8605.75 347.479 0 -31.2319 -31.0197 4 24529.9 433.798 6051 7.52042e-05
24300 0.492485 0.474964 0.0175217 0 0.964422 9002.52 8653.25 349.269 0 -31.2322 -31.2988 4 24629.9 434.682 6076 7.81704e-05
24400 0.468908 0.453939 0.0149687 0 0.968077 9049.58 8698.64 350.935 0 -31.2349 -31.746 4 24729.9 435.563 6101 7.4404e-05
24500 0.423987 0.410868 0.0131184 0 0.969059 9092 8739.73 352.273 0 -31.2386 -32.0325 4 24829.9 436.443 6126 6.70696e-05
24600 0.451778 0.436921 0.0148574 0 0.967113 9137.2 8783.42 353.781 0 -31.241 -31.7179 4 24929.9 437.321 6151 7.10324e-05
24700 0.437335 0.421497 0.0158385 0 0.963784 9180.75 8825.57 355.179 0 -31.2425 -31.5666 4 25029.9 438.197 6176 6.82475e-05
24800 0.47403 0.458798 0.0152311 0 0.967869 9228.4 8871.45 356.947 0 -31.2447 -31.6558 4 25129.9 439.072 6201 7.39878e-05
24900 0.431856 0.418058 0.0137977 0 0.96805 9271.67 8913.26 358.416 0 -31.2486 -32.0828 4 25229.9 439.944 6226 6.71471e-05
25000 0.422139 0.40796 0.0141795 0 0.96641 9313.86 8954.06 359.805 0 -31.2525 -32.1121 4 25329.9 440.815 6251 6.52631e-05
25100 0.440107 0.426252 0.0138546 0 0.96852 9357.84 8996.68 361.157 0 -31.2551 -31.7976 4 25429.9 441.685 6276 6.79178e-05
25200 0.42309 0.409673 0.0134173 0 0.968287 9400.16 9037.65 362.511 0 -31.2588 -32.0762 4 25529.9 442.552 6301 6.50171e-05
25300 0.393281 0.382546 0.010735 0 0.972704 9439.64 9075.9 363.739 0 -31.2638 -32.4715 4 25629.9 443.418 6326 6.04721e-05
25400 0.422128 0.409689 0.0124382 0 0.970534 9481.86 9116.87 364.987 0 -31.2666 -31.8855 4 25729.9 444.282 6351 6.45079e-05
25500 0.458881 0.443114 0.0157665 0 0.965641 9527.66 9161.18 366.477 0 -31.2649 -30.9196 4 25829.9 445.145 6376 6.94972e-05
25600 0.469078 0.45067 0.0184076 0 0.960758 9574.37 9206.25 368.118 0 -31.2644 -31.163 4 25929.9 446.006 6401 7.04062e-05
25700 0.494681 0.477817 0.016864 0 0.965909 9623.85 9254.03 369.817 0 -31.2638 -31.1446 4 26029.9 446.865 6426 7.43569e-05
25800 0.444549 0.428992 0.0155571 0 0.965005 9668.34 9296.93 371.408 0 -31.2646 -31.4373 4 26129.9 447.722 6451 6.65001e-05
25900 0.440774 0.426546 0.0142281 0 0.96772 9712.41 9339.59 372.824 0 -31.2681 -32.0224 4 26229.9 448.578 6476 6.58656e-05
26000 0.436209 0.420082 0.0161265 0 0.96303 9755.85 9381.59 374.252 0 -31.2708 -31.8744 4 26329.9 449.433 6501 6.46181e-05
26100 0.45887 0.443607 0.0152632 0 0.966737 9801.86 9425.95 375.909 0 -31.2744 -32.0398 4 26429.9 450.285 6526 6.79753e-05
26200 0.407768 0.39642 0.0113482 0 0.97217 9842.83 9465.6 377.239 0 -31.2797 -32.564 4 26529.9 451.136 6551 6.05129e-05
26300 0.394513 0.383731 0.010782 0 0.97267 9882.37 9503.97 378.397 0 -31.2858 -32.798 4 26629.9 451.986 6576 5.83532e-05
26400 0.381166 0.373165 0.00800043 0 0.979011 9920.69 9541.29 379.4 0 -31.2933 -33.2374 4 26729.9 452.834 6601 5.65316e-05
26500 0.399134 0.387925 0.0112089 0 0.971917 9960.53 9580.08 380.45 0 -31.2994 -32.8011 4 26829.9 453.68 6626 5.85459e-05
26600 0.427068 0.411141 0.015927 0 0.962706 10002.8 9621.19 381.647 0 -31.3033 -32.2252 4 26929.9 454.524 6651 6.18164e-05
26700 0.418186 0.406868 0.0113176 0 0.972936 10044.8 9661.88 382.913 0 -31.3074 -32.2898 4 27029.9 455.368 6676 6.09449e-05
26800 0.429651 0.418117 0.0115334 0 0.973156 10087.9 9703.69 384.203 0 -31.3119 -32.3607 4 27129.9 456.209 6701 6.23963e-05
26900 0.417594 0.404199 0.0133951 0 0.967923 10129.6 9744.11 385.509 0 -31.3169 -32.5154 4 27229.9 457.049 6726 6.00949e-05
27000 0.423177 0.410438 0.0127394 0 0.969896 10172 9785.15 386.856 0 -31.3222 -32.5953 4 27329.9 457.888 6751 6.07966e-05
27100 0.406618 0.394558 0.0120601 0 0.970341 10212.7 9824.61 388.098 0 -31.3276 -32.6707 4 27429.9 458.725 6776 5.82287e-05
27200 0.419239 0.405731 0.0135078 0 0.96778 10254.6 9865.18 389.441 0 -31.3323 -32.4743 4 27529.9 459.56 6801 5.96575e-05
27300 0.447368 0.431373 0.0159944 0 0.964248 10299.2 9908.32 390.868 0 -31.3361 -32.2093 4 27629.9 460.394 6826 6.31956e-05
27400 0.429579 0.416261 0.0133186 0 0.968996 10342.3 9949.95 392.325 0 -31.3407 -32.4398 4 27729.9 461.226 6851 6.07591e-05
27500 0.425812 0.412648 0.0131642 0 0.969085 10385 9991.21 393.777 0 -31.3452 -32.4572 4 27829.9 462.057 6876 6.00128e-05
27600 0.397963 0.384727 0.0132362 0 0.96674 10424.8 10029.7 395.121 0 -31.3506 -32.7542 4 27929.9 462.887 6901 5.57494e-05
27700 0.43954 0.425623 0.0139174 0 0.968337 10468.9 10072.2 396.607 0 -31.3543 -32.2298 4 28029.9 463.715 6926 6.14529e-05
27800 0.443142 0.428426 0.0147154 0 0.966793 10513.2 10115.1 398.154 0 -31.3565 -31.8583 4 28129.9 464.541 6951 6.16352e-05
27900 0.447775 0.431396 0.0163791 0 0.963421 10558 10158.2 399.799 0 -31.3568 -31.4495 4 28229.9 465.366 6976 6.184e-05
28000 0.457069 0.44141 0.0156589 0 0.965741 10603.9 10202.4 401.482 0 -31.3588 -31.8194 4 28329.9 466.189 7001 6.30496e-05
28100 0.469601 0.453037 0.0165637 0 0.964728 10650.8 10247.7 403.167 0 -31.3624 -32.1586 4 28429.9 467.012 7026 6.44801e-05
28200 0.465444 0.448345 0.0170986 0 0.963264 10697.5 10292.5 404.973 0 -31.365 -31.9583 4 28529.9 467.832 7051 6.35861e-05
28300 0.466165 0.450972 0.0151936 0 0.967407 10744.2 10337.6 406.625 0 -31.3701 -32.5318 4 28629.9 468.651 7076 6.37326e-05
28400 0.465391 0.449567 0.0158237 0 0.965999 10790.8 10382.6 408.285 0 -31.3752 -32.5686 4 28729.9 469.469 7101 6.33104e-05
28500 0.45972 0.443448 0.0162727 0 0.964603 10836.7 10426.9 409.789 0 -31.3784 -32.1204 4 28829.9 470.285 7126 6.22295e-05
28600 0.475203 0.459011 0.0161923 0 0.965926 10884.3 10472.8 411.454 0 -31.3815 -32.0921 4 28929.9 471.1 7151 6.41883e-05
28700 0.477233 0.460374 0.0168589 0 0.964674 10931.9 10518.8 413.062 0 -31.3845 -32.0716 4 29029.9 471.914 7176 6.41547e-05
28800 0.465854 0.449781 0.0160731 0 0.965498 10978.5 10563.8 414.66 0 -31.3878 -32.163 4 29129.9 472.726 7201 6.24609e-05
28900 0.476989 0.460913 0.0160759 0 0.966297 11026.2 10609.9 416.29 0 -31.3915 -32.2392 4 29229.9 473.537 7226 6.37854e-05
29000 0.475996 0.460966 0.0150301 0 0.968424 11073.9 10656 417.873 0 -31.3958 -32.3871 4 29329.9 474.346 7251 6.35728e-05
29100 0.435725 0.42401 0.0117154 0 0.973113 11117.7 10698.4 419.267 0 -31.4013 -32.8015 4 29429.9 475.154 7276 5.82752e-05
29200 0.415008 0.402042 0.0129659 0 0.968757 11159.1 10738.6 420.516 0 -31.4065 -32.7943 4 29529.9 475.961 7301 5.50667e-05
29300 0.434531 0.422742 0.0117888 0 0.97287 11202.8 10780.9 421.869 0 -31.4114 -32.6687 4 29629.9 476.766 7326 5.77044e-05
29400 0.417006 0.40352 0.0134862 0 0.967659 11244.3 10821.2 423.1 0 -31.4154 -32.4843 4 29729.9 477.57 7351 5.48932e-05
29500 0.438632 0.425093 0.013539 0 0.969134 11288.3 10863.8 424.542 0 -31.4182 -32.1452 4 29829.9 478.372 7376 5.76319e-05
29600 0.436789 0.423633 0.0131563 0 0.96988 11332 10906.1 425.913 0 -31.4202 -31.9309 4 29929.9 479.173 7401 5.724e-05
29700 0.475577 0.460203 0.015374 0 0.967673 11379.6 10952.1 427.421 0 -31.4208 -31.5647 4 30029.9 479.973 7426 6.19718e-05
29800 0.456066 0.441623 0.0144427 0 0.968332 11425.4 10996.3 429.079 0 -31.4244 -32.3109 4 30129.9 480.772 7451 5.92703e-05
29900 0.467404 0.4508 0.016604 0 0.964476 11472.1 11041.4 430.77 0 -31.4262 -31.8612 4 30229.9 481.569 7476 6.02996e-05
30000 0.464792 0.446391 0.0184005 0 0.960411 11518.5 11086 432.456 0 -31.4264 -31.481 4 30329.9 482.365 7501 5.95109e-05
30100 0.469455 0.454514 0.0149409 0 0.968174 11565.6 11131.5 434.127 0 -31.4266 -31.4877 4 30429.9 483.159 7526 6.03925e-05
30200 0.490059 0.470607 0.0194529 0 0.960305 11614.4 11178.5 435.831 0 -31.4268 -31.4616 4 30529.9 483.952 7551 6.23237e-05
30300 0.488465 0.471596 0.0168695 0 0.965464 11663.4 11225.7 437.68 0 -31.4275 -31.5983 4 30629.9 484.744 7576 6.22486e-05
30400 0.462461 0.44763 0.0148304 0 0.967931 11709.8 11270.5 439.31 0 -31.4307 -32.2308 4 30729.9 485.535 7601 5.8891e-05
30500 0.481294 0.464481 0.0168134 0 0.965066 11758 11316.9 441.07 0 -31.4321 -31.7751 4 30829.9 486.324 7626 6.09075e-05
30600 0.45395 0.440333 0.0136176 0 0.970002 11803.6 11360.9 442.711 0 -31.4357 -32.3634 4 30929.9 487.112 7651 5.75523e-05
30700 0.413628 0.402342 0.0112864 0 0.972714 11845.2 11401.2 443.993 0 -31.4406 -32.8459 4 31029.9 487.899 7676 5.24155e-05
30800 0.439806 0.426057 0.0137485 0 0.96874 11889.1 11443.8 445.297 0 -31.4443 -32.4277 4 31129.9 488.685 7701 5.53249e-05
30900 0.433465 0.42134 0.0121248 0 0.972028 11932.5 11485.9 446.612 0 -31.446 -31.9206 4 31229.9 489.469 7726 5.45354e-05
31000 0.419923 0.40824 0.0116834 0 0.972177 11974.5 11526.7 447.777 0 -31.448 -32.0037 4 31329.9 490.252 7751 5.26693e-05
31100 0.411 0.399938 0.0110623 0 0.973085 12015.7 11566.7 448.952 0 -31.4512 -32.4047 4 31429.9 491.034 7776 5.14323e-05
31200 0.434791 0.423032 0.0117594 0 0.972954 12059.2 11609 450.205 0 -31.4552 -32.5402 4 31529.9 491.814 7801 5.42279e-05
31300 0.447248 0.435307 0.0119404 0 0.973302 12104 11652.6 451.422 0 -31.4587 -32.4113 4 31629.9 492.594 7826 5.56232e-05
31400 0.447116 0.431675 0.0154413 0 0.965465 12148.4 11695.7 452.631 0 -31.462 -32.367 4 31729.9 493.372 7851 5.49834e-05
31500 0.495332 0.478631 0.0167004 0 0.966284 12197.9 11743.6 454.321 0 -31.4654 -32.2838 4 31829.9 494.149 7876 6.07708e-05
31600 0.515385 0.494474 0.020911 0 0.959426 12249.5 11793 456.45 0 -31.4666 -31.751 4 31929.9 494.924 7901 6.25838e-05
31700 0.499332 0.480345 0.0189862 0 0.961977 12299.6 11841.1 458.57 0 -31.4682 -31.8754 4 32029.9 495.699 7926 6.06038e-05
31800 0.50084 0.48114 0.0197003 0 0.960666 12349.8 11889.2 460.64 0 -31.4693 -31.7232 4 32129.9 496.472 7951 6.05132e-05
31900 0.462125 0.445299 0.0168266 0 0.963589 12396.2 11933.7 462.509 0 -31.4722 -32.2401 4 32229.9 497.244 7976 5.58298e-05
32000 0.476813 0.459032 0.0177811 0 0.962708 12444 11979.6 464.378 0 -31.4759 -32.4472 4 32329.9 498.015 8001 5.73718e-05
32100 0.486288 0.469132 0.0171559 0 0.964721 12492.9 12026.5 466.353 0 -31.4796 -32.4247 4 32429.9 498.784 8026 5.84516e-05
32200 0.457707 0.44247 0.0152366 0 0.966711 12538.8 12070.8 468.016 0 -31.4845 -32.8124 4 32529.9 499.553 8051 5.49584e-05
32300 0.45298 0.439401 0.0135796 0 0.970022 12584.3 12114.7 469.624 0 -31.4897 -32.9223 4 32629.9 500.32 8076 5.44082e-05
32400 0.444515 0.43222 0.0122949 0 0.972341 12629 12157.9 471.029 0 -31.4939 -32.6915 4 32729.9 501.086 8101 5.33539e-05
32500 0.433291 0.420245 0.013046 0 0.969891 12672.2 12200 472.272 0 -31.4978 -32.6097 4 32829.9 501.851 8126 5.17161e-05
32600 0.434695 0.421485 0.0132102 0 0.96961 12715.6 12242.1 473.529 0 -31.5008 -32.379 4 32929.9 502.615 8151 5.17096e-05
32700 0.45232 0.439933 0.0123877 0 0.972613 12761 12286.1 474.921 0 -31.5041 -32.434 4 33029.9 503.377 8176 5.38078e-05
32800 0.443471 0.428915 0.0145556 0 0.967178 12805.3 12329 476.34 0 -31.5054 -31.8914 4 33129.9 504.139 8201 5.23003e-05
32900 0.431976 0.418735 0.0132411 0 0.969348 12848.8 12370.9 477.91 0 -31.5082 -32.3408 4 33229.9 504.899 8226 5.09038e-05
33000 0.424626 0.410373 0.0142531 0 0.966434 12891.2 12411.9 479.25 0 -31.5106 -32.23 4 33329.9 505.658 8251 4.97362e-05
33100 0.41844 0.404825 0.013615 0 0.967463 12933.1 12452.4 480.715 0 -31.5133 -32.3388 4 33429.9 506.416 8276 4.89155e-05
33200 0.391138 0.379564 0.0115741 0 0.970409 12972.3 12490.3 481.949 0 -31.5174 -32.8614 4 33529.9 507.173 8301 4.57251e-05
33300 0.481001 0.464843 0.0161582 0 0.966407 13020.4 12536.8 483.526 0 -31.52 -32.2195 4 33629.9 507.929 8326 5.58303e-05
33400 0.475379 0.459005 0.0163733 0 0.965557 13068 12582.7 485.247 0 -31.5226 -32.252 4 33729.9 508.683 8351 5.49641e-05
33500 0.441623 0.425855 0.0157685 0 0.964294 13112.3 12625.3 486.949 0 -31.5253 -32.2979 4 33829.9 509.437 8376 5.08422e-05
33600 0.417077 0.39978 0.0172971 0 0.958528 13153.8 12665.3 488.477 0 -31.5283 -32.4846 4 33929.9 510.189 8401 4.75872e-05
33700 0.454769 0.438728 0.0160407 0 0.964728 13199.3 12709.2 490.083 0 -31.5303 -32.1157 4 34029.9 510.94 8426 5.20684e-05
33800 0.460083 0.442551 0.0175315 0 0.961895 13245.1 12753.4 491.667 0 -31.532 -32.0327 4 34129.9 511.691 8451 5.23667e-05
33900 0.437335 0.423763 0.0135713 0 0.968968 13288.9 12795.8 493.141 0 -31.5366 -32.9237 4 34229.9 512.44 8476 4.99957e-05
34000 0.419062 0.405032 0.0140299 0 0.966521 13330.9 12836.3 494.549 0 -31.5405 -32.7799 4 34329.9 513.188 8501 4.76452e-05
34100 0.425589 0.409683 0.0159061 0 0.962626 13373.2 12877.3 495.934 0 -31.5438 -32.5814 4 34429.9 513.935 8526 4.80511e-05
34200 0.425932 0.412396 0.0135353 0 0.968222 13415.9 12918.5 497.353 0 -31.5468 -32.4593 4 34529.9 514.68 8551 4.82278e-05
34300 0.444131 0.429825 0.0143056 0 0.96779 13460.3 12961.5 498.841 0 -31.5486 -32.1049 4 34629.9 515.425 8576 5.01195e-05
34400 0.456762 0.442256 0.0145061 0 0.968241 13506.1 13005.7 500.341 0 -31.5506 -32.1335 4 34729.9 516.169 8601 5.14191e-05
34500 0.490959 0.47488 0.0160794 0 0.967249 13555.1 13053.2 501.862 0 -31.5496 -31.292 4 34829.9 516.911 8626 5.50521e-05
34600 0.463175 0.447946 0.0152291 0 0.96712 13601.5 13098 503.513 0 -31.552 -32.2422 4 34929.9 517.653 8651 5.17797e-05
34700 0.516475 0.49606 0.0204147 0 0.960473 13653.1 13147.6 505.451 0 -31.5528 -31.7599 4 35029.9 518.393 8676 5.71762e-05
34800 0.485487 0.469064 0.0164233 0 0.966172 13701.8 13194.5 507.293 0 -31.5547 -32.0854 4 35129.9 519.133 8701 5.39092e-05
34900 0.454416 0.439471 0.0149451 0 0.967112 13747.4 13238.5 508.951 0 -31.5578 -32.493 4 35229.9 519.871 8726 5.03634e-05
35000 0.435826 0.422379 0.013447 0 0.969146 13791.1 13280.7 510.45 0 -31.5611 -32.6081 4 35329.9 520.608 8751 4.82664e-05
35100 0.437404 0.424957 0.0124478 0 0.971542 13835.1 13323.2 511.863 0 -31.563 -32.1396 4 35429.9 521.345 8776 4.84226e-05
35200 0.39597 0.385823 0.0101466 0 0.974375 13874.8 13361.8 512.989 0 -31.5673 -33.0635 4 35529.9 522.08 8801 4.38386e-05
35300 0.413657 0.402542 0.0111151 0 0.97313 13916.1 13402 514.116 0 -31.5716 -33.0269 4 35629.9 522.814 8826 4.56086e-05
35400 0.40336 0.391824 0.0115354 0 0.971402 13956.4 13441.2 515.215 0 -31.576 -33.092 4 35729.9 523.547 8851 4.42689e-05
35500 0.400858 0.389993 0.0108653 0 0.972895 13996.5 13480.2 516.311 0 -31.5803 -33.0795 4 35829.9 524.279 8876 4.39379e-05
35600 0.387043 0.376972 0.0100707 0 0.97398 14035.3 13517.9 517.403 0 -31.5852 -33.3678 4 35929.9 525.01 8901 4.23516e-05
35700 0.424341 0.411637 0.0127037 0 0.970062 14077.7 13559.1 518.673 0 -31.587 -32.1784 4 36029.9 525.741 8926 4.61166e-05
35800 0.403794 0.392512 0.0112818 0 0.972061 14118.2 13598.3 519.907 0 -31.59 -32.6411 4 36129.9 526.47 8951 4.38512e-05
35900 0.385476 0.376942 0.00853365 0 0.977862 14157 13636 520.946 0 -31.5953 -33.497 4 36229.9 527.198 8976 4.19944e-05
36000 0.382161 0.372672 0.00948841 0 0.975172 14195.2 13673.3 521.923 0 -31.6002 -33.4304 4 36329.9 527.925 9001 4.14034e-05
36100 0.42263 0.410645 0.0119847 0 0.971643 14237.5 13714.4 523.154 0 -31.6023 -32.3071 4 36429.9 528.651 9026 4.54958e-05
36200 0.412775 0.402 0.0107747 0 0.973897 14278.9 13754.6 524.358 0 -31.6055 -32.6885 4 36529.9 529.376 9051 4.4415e-05
36300 0.394677 0.384464 0.0102125 0 0.974124 14318.5 13793 525.472 0 -31.6092 -32.9686 4 36629.9 530.1 9076 4.23605e-05
36400 0.426643 0.415106 0.0115369 0 0.972959 14361.2 13834.5 526.651 0 -31.6127 -32.7758 4 36729.9 530.823 9101 4.5611e-05
36500 0.443233 0.426666 0.0165671 0 0.962622 14405.1 13877.2 527.945 0 -31.6157 -32.5831 4 36829.9 531.545 9126 4.67528e-05
36600 0.460891 0.445018 0.0158732 0 0.96556 14451.3 13921.7 529.598 0 -31.6181 -32.3704 4 36929.9 532.266 9151 4.86305e-05
36700 0.432575 0.418679 0.0138967 0 0.967874 14494.6 13963.5 531.067 0 -31.6214 -32.7314 4 37029.9 532.987 9176 4.56276e-05
36800 0.45252 0.438813 0.0137073 0 0.969709 14540 14007.4 532.55 0 -31.625 -32.7673 4 37129.9 533.706 9201 4.76918e-05
36900 0.499002 0.482267 0.016735 0 0.966463 14589.7 14055.7 534.079 0 -31.626 -31.9163 4 37229.9 534.424 9226 5.22726e-05
37000 0.471209 0.457409 0.0138007 0 0.970712 14637.2 14101.4 535.781 0 -31.6278 -32.2014 4 37329.9 535.141 9251 4.94442e-05
37100 0.450677 0.436702 0.0139745 0 0.968992 14682.3 14145.1 537.214 0 -31.6311 -32.6776 4 37429.9 535.857 9276 4.70787e-05
37200 0.436186 0.424048 0.0121382 0 0.972172 14726 14187.5 538.541 0 -31.6352 -33.0418 4 37529.9 536.573 9301 4.55917e-05
37300 0.500236 0.48364 0.016596 0 0.966824 14775.9 14235.8 540.104 0 -31.6394 -32.8602 4 37629.9 537.287 9326 5.18593e-05
37400 0.454053 0.439218 0.0148353 0 0.967327 14821.4 14279.8 541.637 0 -31.6437 -33.0313 4 37729.9 538.001 9351 4.69701e-05
37500 0.45989 0.441851 0.0180393 0 0.960775 14867 14323.9 543.088 0 -31.6471 -32.7606 4 37829.9 538.713 9376 4.71257e-05
37600 0.505185 0.48948 0.0157052 0 0.968912 14917.7 14372.9 544.789 0 -31.6482 -31.982 4 37929.9 539.425 9401 5.20668e-05
37700 0.48938 0.472107 0.0172734 0 0.964704 14966.5 14420.1 546.358 0 -31.6498 -32.1414 4 38029.9 540.135 9426 5.00856e-05
37800 0.506439 0.489885 0.0165538 0 0.967313 15017.2 14469.1 548.143 0 -31.6526 -32.4735 4 38129.9 540.845 9451 5.18342e-05
37900 0.486476 0.4687 0.0177758 0 0.96346 15065.8 14516 549.842 0 -31.6546 -32.281 4 38229.9 541.554 9476 4.94618e-05
38000 0.473149 0.456749 0.0164005 0 0.965338 15113.2 14561.6 551.585 0 -31.6562 -32.1614 4 38329.9 542.262 9501 4.80737e-05
38100 0.449757 0.436536 0.0132212 0 0.970604 15158.4 14605.3 553.129 0 -31.6596 -32.8002 4 38429.9 542.968 9526 4.58257e-05
38200 0.467092 0.452984 0.0141077 0 0.969797 15205.2 14650.6 554.637 0 -31.6635 -32.9244 4 38529.9 543.674 9551 4.7428e-05
38300 0.482111 0.465845 0.0162663 0 0.96626 15253.4 14697.2 556.205 0 -31.6668 -32.687 4 38629.9 544.379 9576 4.86471e-05
38400 0.452672 0.440661 0.0120112 0 0.973466 15298.9 14741.2 557.647 0 -31.6705 -32.9394 4 38729.9 545.084 9601 4.58974e-05
38500 0.48871 0.473116 0.0155949 0 0.96809 15347.8 14788.5 559.226 0 -31.6712 -31.8636 4 38829.9 545.787 9626 4.91498e-05
38600 0.487483 0.470638 0.0168456 0 0.965444 15396.5 14835.6 560.894 0 -31.6722 -32.0056 4 38929.9 546.489 9651 4.87657e-05
38700 0.466776 0.451271 0.0155052 0 0.966782 15443.2 14880.7 562.502 0 -31.6737 -32.1553 4 39029.9 547.191 9676 4.66382e-05
38800 0.480643 0.464477 0.0161662 0 0.966365 15491.3 14927.2 564.091 0 -31.675 -32.1021 4 39129.9 547.891 9701 4.78793e-05
38900 0.466629 0.452901 0.0137281 0 0.97058 15538.1 14972.5 565.61 0 -31.6769 -32.2905 4 39229.9 548.591 9726 4.6566e-05
39000 0.466442 0.452688 0.0137542 0 0.970513 15584.7 15017.7 566.991 0 -31.6784 -32.1754 4 39329.9 549.29 9751 4.64248e-05
39100 0.435433 0.423584 0.0118495 0 0.972787 15628.3 15060.1 568.233 0 -31.6812 -32.687 4 39429.9 549.987 9776 4.33289e-05
39200 0.480877 0.463651 0.0172262 0 0.964178 15676.3 15106.5 569.818 0 -31.682 -31.9411 4 39529.9 550.684 9801 4.73065e-05
39300 0.480723 0.465435 0.0152886 0 0.968197 15724.6 15153 571.546 0 -31.6834 -32.1589 4 39629.9 551.381 9826 4.73677e-05
39400 0.460765 0.446564 0.014201 0 0.96918 15770.7 15197.7 573.004 0 -31.6856 -32.4133 4 39729.9 552.076 9851 4.53318e-05
39500 0.493809 0.477146 0.0166635 0 0.966255 15820.1 15245.4 574.684 0 -31.6876 -32.3343 4 39829.9 552.77 9876 4.83136e-05
39600 0.452773 0.438309 0.0144643 0 0.968054 15865.4 15289.2 576.217 0 -31.6901 -32.5723 4 39929.9 553.464 9901 4.42691e-05
39700 0.460473 0.446746 0.0137266 0 0.97019 15911.6 15333.9 577.717 0 -31.6926 -32.5515 4 40029.9 554.156 9926 4.50077e-05
39800 0.448808 0.433785 0.0150234 0 0.966526 15956.4 15377.3 579.095 0 -31.6951 -32.5829 4 40129.9 554.848 9951 4.35921e-05
39900 0.43557 0.423169 0.0124019 0 0.971527 16000 15419.6 580.412 0 -31.6977 -32.6432 4 40229.9 555.539 9976 4.24187e-05
40000 0.437789 0.425534 0.0122552 0 0.972007 16043.8 15462.1 581.629 0 -31.7 -32.5403 4 40329.9 556.229 10001 4.25491e-05
40100 0.415087 0.406198 0.0088898 0 0.978583 16085.5 15502.8 582.702 0 -31.7038 -33.1674 4 40429.9 556.918 10026 4.05144e-05
40200 0.408471 0.397195 0.0112766 0 0.972393 16126.2 15542.5 583.727 0 -31.7073 -33.0892 4 40529.9 557.606 10051 3.95179e-05
40300 0.415737 0.402731 0.0130054 0 0.968717 16167.6 15582.7 584.894 0 -31.7103 -32.8654 4 40629.9 558.294 10076 3.99694e-05
40400 0.394573 0.384921 0.00965167 0 0.975539 16207.2 15621.2 585.973 0 -31.7146 -33.5013 4 40729.9 558.98 10101 3.81072e-05
40500 0.418924 0.407399 0.011525 0 0.972489 16249 15662 587.048 0 -31.7191 -33.4569 4 40829.9 559.666 10126 4.0233e-05
40600 0.459025 0.447524 0.011501 0 0.974945 16295.1 15706.7 588.326 0 -31.7229 -33.0414 4 40929.9 560.351 10151 4.40867e-05
40700 0.42904 0.416988 0.0120527 0 0.971908 16337.9 15748.4 589.496 0 -31.7267 -33.1699 4 41029.9 561.035 10176 4.09775e-05
40800 0.410512 0.398215 0.0122967 0 0.970045 16378.9 15788.3 590.675 0 -31.7308 -33.3708 4 41129.9 561.719 10201 3.90369e-05
40900 0.413784 0.401984 0.0118007 0 0.971481 16420.4 15828.5 591.98 0 -31.7345 -33.1872 4 41229.9 562.401 10226 3.931e-05
41000 0.428629 0.416699 0.011931 0 0.972165 16463.5 15870.1 593.354 0 -31.7381 -33.147 4 41329.9 563.083 10251 4.06495e-05
41100 0.405713 0.394657 0.0110554 0 0.972751 16504.2 15909.6 594.575 0 -31.7428 -33.6279 4 41429.9 563.763 10276 3.84057e-05
41200 0.408139 0.396668 0.0114708 0 0.971895 16545 15949.3 595.756 0 -31.7469 -33.41 4 41529.9 564.443 10301 3.85078e-05
41300 0.416811 0.405033 0.011778 0 0.971743 16586.7 15989.8 596.96 0 -31.7514 -33.543 4 41629.9 565.123 10326 3.92246e-05
41400 0.424307 0.411254 0.0130537 0 0.969235 16629.1 16030.9 598.231 0 -31.7555 -33.3426 4 41729.9 565.801 10351 3.97308e-05
41500 0.436792 0.423237 0.0135549 0 0.968967 16672.9 16073.2 599.692 0 -31.7592 -33.1624 4 41829.9 566.478 10376 4.079e-05
41600 0.445451 0.428999 0.0164514 0 0.963068 16717.4 16116.1 601.288 0 -31.762 -32.8182 4 41929.9 567.155 10401 4.1246e-05
41700 0.484713 0.457298 0.0274155 0 0.94344 16765 16161.8 603.15 0 -31.7635 -32.2791 4 42029.9 567.831 10426 4.38613e-05
41800 0.48826 0.468387 0.0198732 0 0.959298 16814.1 16208.7 605.384 0 -31.7653 -32.3895 4 42129.9 568.506 10451 4.48174e-05
41900 0.452436 0.433225 0.0192109 0 0.957539 16859.4 16252 607.369 0 -31.7676 -32.6113 4 42229.9 569.18 10476 4.1354e-05
42000 0.447601 0.429669 0.0179319 0 0.959938 16904.3 16295 609.295 0 -31.7696 -32.5248 4 42329.9 569.854 10501 4.0917e-05
42100 0.444624 0.426842 0.0177821 0 0.960006 16948.8 16337.6 611.146 0 -31.7715 -32.5079 4 42429.9 570.527 10526 4.05512e-05
42200 0.431696 0.414761 0.0169347 0 0.960772 16992 16379.1 612.845 0 -31.7738 -32.6676 4 42529.9 571.199 10551 3.93102e-05
42300 0.454934 0.437396 0.0175378 0 0.96145 17037.4 16422.9 614.52 0 -31.7766 -32.8349 4 42629.9 571.87 10576 4.13574e-05
42400 0.446996 0.431973 0.0150231 0 0.966391 17082.2 16466.1 616.184 0 -31.7799 -33.0226 4 42729.9 572.54 10601 4.07484e-05
42500 0.419879 0.407622 0.0122571 0 0.970808 17124.5 16506.8 617.628 0 -31.7837 -33.3249 4 42829.9 573.21 10626 3.83608e-05
42600 0.417453 0.40502 0.0124336 0 0.970215 17166.3 16547.3 618.938 0 -31.7875 -33.3227 4 42929.9 573.878 10651 3.80264e-05
42700 0.44942 0.43434 0.0150792 0 0.966447 17211.2 16590.8 620.407 0 -31.79 -32.7675 4 43029.9 574.546 10676 4.06838e-05
42800 0.46148 0.44623 0.0152504 0 0.966953 17257.3 16635.4 621.934 0 -31.792 -32.5347 4 43129.9 575.214 10701 4.16998e-05
42900 0.449685 0.435668 0.0140176 0 0.968828 17302.5 16678.9 623.543 0 -31.7929 -32.1291 4 43229.9 575.88 10726 4.06179e-05
43000 0.464939 0.449483 0.0154564 0 0.966756 17349.1 16723.9 625.215 0 -31.7935 -32.0096 4 43329.9 576.546 10751 4.18085e-05
43100 0.430513 0.416296 0.0142172 0 0.966976 17392.3 16765.5 626.756 0 -31.7951 -32.4297 4 43429.9 577.211 10776 3.86318e-05
43200 0.419684 0.404869 0.0148148 0 0.9647 17434.3 16806 628.291 0 -31.7971 -32.6592 4 43529.9 577.875 10801 3.74844e-05
43300 0.404361 0.39284 0.0115208 0 0.971509 17474.9 16845.3 629.61 0 -31.8006 -33.3092 4 43629.9 578.538 10826 3.62867e-05
43400 0.414124 0.398947 0.0151767 0 0.963352 17516.1 16885.2 630.92 0 -31.803 -32.7874 4 43729.9 579.201 10851 3.67659e-05
43500 0.451569 0.435932 0.015637 0 0.965372 17561.3 16928.8 632.538 0 -31.8041 -32.2421 4 43829.9 579.863 10876 4.0082e-05
43600 0.443203 0.428443 0.0147598 0 0.966698 17605.8 16971.6 634.127 0 -31.805 -32.1561 4 43929.9 580.524 10901 3.93031e-05
43700 0.468387 0.447517 0.0208703 0 0.955442 17652.2 17016.4 635.866 0 -31.8047 -31.6803 4 44029.9 581.184 10926 4.09589e-05
43800 0.494621 0.476175 0.0184465 0 0.962706 17701.8 17064 637.803 0 -31.8043 -31.67 4 44129.9 581.844 10951 4.34823e-05
43900 0.462081 0.447088 0.0149929 0 0.967554 17748.3 17108.7 639.557 0 -31.8051 -32.1254 4 44229.9 582.503 10976 4.07332e-05
44000 0.466956 0.452523 0.0144329 0 0.969091 17795.1 17154 641.146 0 -31.8073 -32.633 4 44329.9 583.161 11001 4.11347e-05
44100 0.442614 0.42936 0.0132534 0 0.970056 17839.5 17196.9 642.573 0 -31.8097 -32.7686 4 44429.9 583.818 11026 3.89407e-05
44200 0.446541 0.433191 0.0133495 0 0.970105 17884.1 17240.2 643.885 0 -31.8124 -32.9095 4 44529.9 584.475 11051 3.91993e-05
44300 0.482284 0.467843 0.0144414 0 0.970056 17932.3 17287 645.325 0 -31.8139 -32.3516 4 44629.9 585.131 11076 4.22393e-05
44400 0.445019 0.432041 0.0129774 0 0.970839 17976.9 17330.2 646.714 0 -31.8165 -32.8621 4 44729.9 585.786 11101 3.89191e-05
44500 0.450416 0.436147 0.0142686 0 0.968321 18022 17373.8 648.17 0 -31.8184 -32.5837 4 44829.9 586.44 11126 3.92007e-05
44600 0.430289 0.418214 0.0120746 0 0.971938 18065.2 17415.6 649.565 0 -31.8211 -32.9514 4 44929.9 587.094 11151 3.75046e-05
44700 0.389067 0.378216 0.0108516 0 0.972109 18104.2 17453.5 650.731 0 -31.8248 -33.5481 4 45029.9 587.747 11176 3.38418e-05
44800 0.456376 0.443581 0.0127947 0 0.971964 18149.9 17497.8 652.104 0 -31.8261 -32.3354 4 45129.9 588.399 11201 3.96019e-05
44900 0.447094 0.432204 0.0148902 0 0.966696 18194.7 17541 653.624 0 -31.8283 -32.6939 4 45229.9 589.051 11226 3.85003e-05
45000 0.420141 0.406602 0.0135392 0 0.967775 18236.8 17581.7 655.072 0 -31.8309 -32.9609 4 45329.9 589.702 11251 3.61392e-05
45100 0.431818 0.415895 0.0159236 0 0.963124 18279.8 17623.3 656.478 0 -31.8324 -32.4875 4 45429.9 590.352 11276 3.68832e-05
45200 0.438298 0.426048 0.0122502 0 0.97205 18323.8 17665.9 657.952 0 -31.834 -32.4891 4 45529.9 591.001 11301 3.77e-05
45300 0.455308 0.438566 0.0167425 0 0.963228 18369.1 17709.8 659.399 0 -31.8338 -31.7347 4 45629.9 591.65 11326 3.8722e-05
45400 0.487918 0.473165 0.0147525 0 0.969764 18418.2 17757.1 661.093 0 -31.8353 -32.4305 4 45729.9 592.298 11351 4.16849e-05
45500 0.474411 0.457501 0.0169102 0 0.964355 18465.6 17802.8 662.828 0 -31.8362 -32.1619 4 45829.9 592.945 11376 4.02163e-05
45600 0.447982 0.433762 0.0142198 0 0.968258 18510.7 17846.2 664.465 0 -31.8377 -32.4709 4 45929.9 593.592 11401 3.80459e-05
45700 0.417204 0.40351 0.0136941 0 0.967176 18552.3 17886.5 665.793 0 -31.8397 -32.739 4 46029.9 594.237 11426 3.53151e-05
45800 0.42092 0.409261 0.011659 0 0.972301 18594.7 17927.5 667.184 0 -31.8414 -32.552 4 46129.9 594.883 11451 3.57402e-05
45900 0.449202 0.434671 0.0145312 0 0.967651 18639.5 17970.9 668.593 0 -31.8413 -31.7985 4 46229.9 595.527 11476 3.78765e-05
46000 0.467434 0.449794 0.0176403 0 0.962261 18686 18015.9 670.072 0 -31.8409 -31.6951 4 46329.9 596.171 11501 3.91091e-05
46100 0.49741 0.479692 0.0177183 0 0.964379 18735.7 18063.9 671.848 0 -31.8411 -31.9254 4 46429.9 596.814 11526 4.16182e-05
46200 0.452838 0.43899 0.0138482 0 0.969419 18781.1 18107.8 673.327 0 -31.8421 -32.2338 4 46529.9 597.456 11551 3.80045e-05
46300 0.435169 0.419932 0.0152371 0 0.964986 18824.7 18149.8 674.905 0 -31.8434 -32.4009 4 46629.9 598.098 11576 3.62761e-05
46400 0.464405 0.446822 0.0175823 0 0.96214 18871.1 18194.5 676.659 0 -31.844 -32.1081 4 46729.9 598.739 11601 3.85159e-05
46500 0.470492 0.454735 0.0157568 0 0.96651 18918.4 18239.9 678.501 0 -31.8436 -31.67 4 46829.9 599.379 11626 3.91136e-05
46600 0.453932 0.434813 0.0191185 0 0.957882 18963.8 18283.4 680.38 0 -31.8436 -31.8396 4 46929.9 600.019 11651 3.73198e-05
46700 0.442487 0.42229 0.0201975 0 0.954355 19007.9 18325.6 682.229 0 -31.8441 -32.0849 4 47029.9 600.658 11676 3.61673e-05
46800 0.496526 0.475936 0.0205904 0 0.958531 19057.6 18373.2 684.333 0 -31.8442 -31.8501 4 47129.9 601.296 11701 4.06748e-05
46900 0.457875 0.439248 0.0186271 0 0.959318 19103.4 18417.2 686.273 0 -31.8456 -32.4318 4 47229.9 601.933 11726 3.74593e-05
47000 0.439741 0.422708 0.017033 0 0.961266 19147.5 18459.4 688.038 0 -31.8471 -32.5083 4 47329.9 602.57 11751 3.59721e-05
47100 0.4231 0.4076 0.0154997 0 0.963366 19189.8 18500.2 689.603 0 -31.8494 -32.9022 4 47429.9 603.207 11776 3.46128e-05
47200 0.466825 0.449466 0.017359 0 0.962815 19236.4 18545.1 691.297 0 -31.8498 -31.9903 4 47529.9 603.842 11801 3.80871e-05
47300 0.444435 0.428372 0.0160633 0 0.963857 19281 18588 692.979 0 -31.8506 -32.2235 4 47629.9 604.477 11826 3.62229e-05
47400 0.448579 0.432938 0.0156412 0 0.965132 19325.8 18631.3 694.522 0 -31.8513 -32.1656 4 47729.9 605.111 11851 3.65318e-05
47500 0.454744 0.438667 0.0160775 0 0.964645 19371.2 18675.1 696.092 0 -31.8527 -32.4377 4 47829.9 605.745 11876 3.69372e-05
47600 0.434969 0.420116 0.0148529 0 0.965853 19414.7 18717.1 697.594 0 -31.854 -32.4414 4 47929.9 606.378 11901 3.53009e-05
47700 0.415285 0.402446 0.0128389 0 0.969084 19456.3 18757.4 698.954 0 -31.8559 -32.7035 4 48029.9 607.01 11926 3.37452e-05
47800 0.416566 0.404485 0.0120803 0 0.971 19498.2 18797.8 700.342 0 -31.8577 -32.7285 4 48129.9 607.642 11951 3.38453e-05
47900 0.425039 0.412213 0.0128259 0 0.969824 19540.7 18839.1 701.613 0 -31.8586 -32.2341 4 48229.9 608.272 11976 3.44199e-05
48000 0.412987 0.401704 0.0112824 0 0.972681 19582.1 18879.2 702.827 0 -31.8607 -32.8726 4 48329.9 608.903 12001 3.34726e-05
48100 0.460941 0.445712 0.0152293 0 0.96696 19628.2 18923.8 704.424 0 -31.8608 -31.9225 4 48429.9 609.532 12026 3.70624e-05
48200 0.431421 0.41822 0.013201 0 0.969401 19671.5 18965.6 705.848 0 -31.8626 -32.6805 4 48529.9 610.161 12051 3.47042e-05
48300 0.446682 0.432762 0.0139201 0 0.968837 19716.3 19008.9 707.349 0 -31.8638 -32.3552 4 48629.9 610.79 12076 3.58365e-05
48400 0.430242 0.414001 0.0162408 0 0.962252 19759 19050.3 708.724 0 -31.8648 -32.3346 4 48729.9 611.417 12101 3.42122e-05
48500 0.457066 0.442247 0.0148188 0 0.967579 19804.9 19094.5 710.369 0 -31.8651 -31.9826 4 48829.9 612.044 12126 3.6471e-05
48600 0.432271 0.418266 0.0140045 0 0.967603 19848.2 19136.4 711.855 0 -31.8656 -32.1151 4 48929.9 612.671 12151 3.44224e-05
48700 0.402358 0.390546 0.0118121 0 0.970643 19888.6 19175.4 713.221 0 -31.867 -32.5518 4 49029.9 613.297 12176 3.2075e-05
48800 0.387285 0.376228 0.0110573 0 0.971449 19927.4 19213 714.327 0 -31.8694 -33.092 4 49129.9 613.922 12201 3.08358e-05
48900 0.396841 0.38408 0.0127604 0 0.967845 19966.8 19251.4 715.381 0 -31.8712 -32.7838 4 49229.9 614.546 12226 3.1415e-05
49000 0.428203 0.412873 0.0153296 0 0.9642 20009.5 19292.7 716.758 0 -31.8732 -32.8168 4 49329.9 615.17 12251 3.37012e-05
49100 0.383977 0.371639 0.0123385 0 0.967867 20048 19329.9 718.109 0 -31.8763 -33.4898 4 49429.9 615.793 12276 3.02736e-05
49200 0.394036 0.381771 0.0122651 0 0.968873 20087.5 19368.1 719.419 0 -31.8791 -33.2918 4 49529.9 616.416 12301 3.10357e-05
49300 0.370916 0.360921 0.00999506 0 0.973053 20124.7 19404.2 720.525 0 -31.8825 -33.7494 4 49629.9 617.038 12326 2.92813e-05
49400 0.373259 0.362861 0.0103973 0 0.972144 20162.1 19440.4 721.605 0 -31.8853 -33.3912 4 49729.9 617.659 12351 2.93791e-05
49500 0.3712 0.361678 0.00952156 0 0.974349 20199.3 19476.6 722.658 0 -31.8888 -33.7431 4 49829.9 618.28 12376 2.92242e-05
49600 0.395178 0.38315 0.0120283 0 0.969562 20238.7 19514.9 723.779 0 -31.892 -33.5527 4 49929.9 618.9 12401 3.08967e-05
49700 0.421163 0.408337 0.0128258 0 0.969547 20280.8 19555.8 725.038 0 -31.8949 -33.2892 4 50029.9 619.519 12426 3.28615e-05
49800 0.432179 0.419946 0.0122328 0 0.971695 20324.3 19597.8 726.552 0 -31.8975 -33.0933 4 50129.9 620.138 12451 3.37279e-05
49900 0.429552 0.412491 0.0170614 0 0.960281 20366.9 19639 727.943 0 -31.8985 -32.3928 4 50229.9 620.756 12476 3.30627e-05
50000 0.476458 0.457197 0.0192613 0 0.959574 20414.4 19684.7 729.665 0 -31.8982 -31.7822 4 50329.9 621.374 12501 3.65728e-05
