100 0.0207885 0.0180452 0.00274333 0 0.868036 1.91417 1.80452 0.109653 0 -24.3787 -24.3787 16 437.882 57.9587 7 0.00257788
200 0.0296799 0.027333 0.00234688 0 0.920927 4.90619 4.53782 0.368374 0 -24.5475 -24.6555 16 533.882 63.9974 13 0.00210254
300 0.0468849 0.0431686 0.0037163 0 0.920736 9.59216 8.85468 0.737476 0 -26.8221 -29.2036 16 629.882 69.5136 19 0.00227203
400 0.0299231 0.0278489 0.00207428 0 0.93068 12.6682 11.6396 1.02864 0 -27.4994 -29.6113 16 741.882 75.441 26 0.00107111
500 0.0523365 0.0489017 0.00343481 0 0.934371 17.8835 16.5297 1.35381 0 -27.9253 -28.9598 16 837.882 80.1736 32 0.00152818
600 0.0465591 0.0430809 0.00347815 0 0.925296 22.5339 20.8378 1.69605 0 -27.8505 -27.5629 16 933.882 84.642 38 0.00113371
700 0.0505205 0.0465105 0.00400998 0 0.920627 27.5419 25.4889 2.05303 0 -28.1713 -29.6147 16 1029.88 88.8861 44 0.00105706
800 0.0452931 0.0423288 0.00296427 0 0.934554 32.124 29.7218 2.40223 0 -28.3522 -29.4397 16 1141.88 93.5946 51 0.000829977
900 0.0416415 0.039197 0.00244448 0 0.941297 36.2847 33.6415 2.64326 0 -28.3754 -28.5544 16 1237.88 97.4495 57 0.000687667
1000 0.0402002 0.0372001 0.00300009 0 0.925371 40.1989 37.3615 2.83747 0 -28.4018 -28.647 16 1333.88 101.158 63 0.000590479
1100 0.0684347 0.0643783 0.00405634 0 0.940727 46.9632 43.7993 3.16394 0 -28.3716 -28.1921 16 1429.88 104.735 69 0.000933019
1200 0.0634224 0.060689 0.00273339 0 0.956902 53.3936 49.8682 3.52541 0 -28.361 -28.2835 16 1541.88 108.759 76 0.000798539
1300 0.0517571 0.0492864 0.0024707 0 0.952264 58.6505 54.7968 3.85368 0 -28.4268 -29.0944 16 1637.88 112.094 82 0.000601054
1400 0.0442606 0.0417273 0.00253337 0 0.942762 63.0606 58.9696 4.09102 0 -28.5092 -29.6056 16 1733.88 115.332 88 0.000474174
1500 0.0387848 0.0377083 0.00107647 0 0.972245 67.0085 62.7404 4.26809 0 -28.6231 -30.4433 16 1829.88 118.482 94 0.000401152
1600 0.0441814 0.0420685 0.00211294 0 0.952176 71.378 66.9472 4.43075 0 -28.7389 -30.5139 16 1941.88 122.054 101 0.000416519
1700 0.0759395 0.0719609 0.00397857 0 0.947609 79.0018 74.1433 4.85849 0 -28.6902 -28.2346 16 2037.88 125.034 107 0.000672532
1800 0.0766013 0.0716466 0.00495472 0 0.935318 86.5737 81.308 5.26573 0 -28.5965 -27.6183 16 2133.88 127.946 113 0.000634041
1900 0.0687846 0.0657235 0.00306112 0 0.955497 93.5694 87.8804 5.68903 0 -28.5773 -28.3396 16 2229.88 130.792 119 0.000552298
2000 0.071833 0.0684345 0.00339855 0 0.952688 100.807 94.7238 6.08331 0 -28.5252 -27.8515 16 2341.88 134.036 126 0.000543131
2100 0.0752961 0.07077 0.00452613 0 0.939889 108.322 101.801 6.52105 0 -28.4696 -27.7242 16 2437.88 136.756 132 0.000536136
2200 0.0602437 0.0566727 0.00357099 0 0.940724 114.369 107.468 6.9012 0 -28.4887 -28.8307 16 2533.88 139.423 138 0.000410671
2300 0.0581924 0.054502 0.00369046 0 0.936582 120.155 112.918 7.23646 0 -28.5349 -29.4493 16 2629.88 142.039 144 0.000378486
2400 0.0934528 0.0879929 0.00545984 0 0.941576 129.464 121.718 7.74645 0 -28.3378 -25.7931 16 2741.88 145.032 151 0.000582735
2500 0.0632881 0.0597219 0.00356623 0 0.943651 135.821 127.69 8.1309 0 -28.2953 -27.4292 16 2837.88 147.549 157 0.000380394
2600 0.060341 0.0572592 0.00308181 0 0.948927 141.901 133.416 8.48568 0 -28.2795 -27.9282 16 2933.88 150.024 163 0.000351283
2700 0.0840326 0.0796572 0.00437545 0 0.947932 150.322 141.381 8.94075 0 -28.2616 -27.9601 16 3029.88 152.459 169 0.000471344
2800 0.0834477 0.0780332 0.00541453 0 0.935115 158.582 149.185 9.39689 0 -28.199 -27.0599 16 3141.88 155.251 176 0.00044337
2900 0.0994099 0.0936952 0.0057147 0 0.942514 168.541 158.554 9.98643 0 -28.2529 -29.1101 16 3237.88 157.605 182 0.000514809
3000 0.076617 0.0721572 0.00445975 0 0.941792 176.229 165.77 10.4593 0 -28.3007 -29.349 16 3333.88 159.925 188 0.000383815
3100 0.0649387 0.0617103 0.0032284 0 0.950285 182.781 171.941 10.84 0 -28.3597 -29.9462 16 3429.88 162.211 194 0.000318094
3200 0.0948034 0.0902382 0.00456514 0 0.951846 192.306 180.965 11.341 0 -28.3475 -28.1132 16 3541.88 164.838 201 0.000448946
3300 0.0921651 0.0865953 0.00556976 0 0.939568 201.475 189.624 11.8507 0 -28.3816 -29.0962 16 3637.88 167.057 207 0.000418335
3400 0.0905732 0.0855029 0.00507028 0 0.94402 210.538 198.175 12.3633 0 -28.4255 -29.4027 16 3733.88 169.247 213 0.000401422
3500 0.0794862 0.0756916 0.00379461 0 0.952261 218.585 205.744 12.8409 0 -28.4583 -29.3168 16 3829.88 171.409 219 0.000345624
3600 0.0786711 0.0747375 0.0039336 0 0.949999 226.453 213.218 13.2353 0 -28.4991 -29.6321 16 3941.88 173.897 226 0.000330697
3700 0.0886663 0.0841776 0.0044888 0 0.949374 235.362 221.635 13.7264 0 -28.5228 -29.1244 16 4037.88 176.002 232 0.000362834
3800 0.100619 0.0947894 0.00582928 0 0.942066 245.344 231.114 14.2302 0 -28.5083 -28.1673 16 4133.88 178.082 238 0.000398275
3900 0.0918648 0.0867904 0.00507439 0 0.944762 254.531 239.793 14.7379 0 -28.5071 -28.4736 16 4229.88 180.138 244 0.000355698
4000 0.0843896 0.0801654 0.00422419 0 0.949944 262.972 247.81 15.1626 0 -28.5368 -29.432 16 4341.88 182.507 251 0.000319384
4100 0.0950141 0.0885626 0.00645155 0 0.932099 272.295 256.666 15.6288 0 -28.5266 -28.2412 16 4437.88 184.513 257 0.000344601
4200 0.104977 0.0988357 0.00614158 0 0.941496 282.742 266.55 16.1924 0 -28.5257 -28.5024 16 4533.88 186.498 263 0.000375801
4300 0.0900136 0.0850152 0.0049984 0 0.944471 291.766 275.051 16.7144 0 -28.5422 -29.0573 16 4629.88 188.463 269 0.000316042
4400 0.0810075 0.0777355 0.00327205 0 0.959608 299.945 282.825 17.1206 0 -28.5803 -29.9392 16 4741.88 190.728 276 0.00028165
4500 0.0934582 0.0898088 0.00364936 0 0.960952 309.332 291.806 17.5265 0 -28.566 -28.1093 16 4837.88 192.649 282 0.000318471
4600 0.0793684 0.0757966 0.0035718 0 0.954997 317.291 299.385 17.9062 0 -28.5856 -29.3476 16 4933.88 194.551 288 0.000263183
4700 0.07106 0.0683937 0.00266637 0 0.962477 324.437 306.225 18.2121 0 -28.6072 -29.5649 16 5029.88 196.435 294 0.000232631
4800 0.0815248 0.078752 0.00277278 0 0.965989 332.647 314.1 18.5473 0 -28.6282 -29.4607 16 5141.88 198.61 301 0.000261635
4900 0.0864674 0.0821884 0.00427902 0 0.950513 341.164 322.319 18.8454 0 -28.6639 -30.0579 16 5237.88 200.455 307 0.000267715
5000 0.0768495 0.073734 0.00311558 0 0.959459 348.877 329.692 19.1845 0 -28.7038 -30.4665 16 5333.88 202.284 313 0.000235572
5100 0.0815542 0.0787172 0.00283696 0 0.965214 357.065 337.564 19.5016 0 -28.752 -30.8077 16 5429.88 204.096 319 0.000246762
5200 0.0691747 0.0673585 0.00181621 0 0.973745 364.034 344.3 19.7343 0 -28.8118 -31.8736 16 5541.88 206.191 326 0.000206621
5300 0.0940588 0.0906396 0.00341924 0 0.963648 373.35 353.364 19.986 0 -28.9008 -32.3799 16 5637.88 207.969 332 0.000273011
5400 0.0855855 0.0826686 0.00291691 0 0.965918 381.9 361.63 20.2696 0 -28.9716 -32.0619 16 5733.88 209.732 338 0.000244582
5500 0.0928675 0.0894088 0.00345868 0 0.962757 391.179 370.571 20.6079 0 -29.0239 -31.1787 16 5829.88 211.48 344 0.000259909
5600 0.11729 0.113373 0.00391698 0 0.966604 402.979 381.909 21.0702 0 -29.0416 -29.6268 16 5941.88 213.502 351 0.000323001
5700 0.102088 0.0959189 0.006169 0 0.939572 412.963 391.501 21.4626 0 -29.0634 -29.9453 16 6037.88 215.22 357 0.00026868
5800 0.0943684 0.0898086 0.0045598 0 0.951681 422.413 400.481 21.9315 0 -29.0821 -29.8994 16 6133.88 216.924 363 0.000247406
5900 0.0813084 0.0779652 0.00334322 0 0.958882 430.598 408.278 22.3201 0 -29.1113 -30.6171 16 6229.88 218.615 369 0.000211288
6000 0.089727 0.0857001 0.00402691 0 0.95512 439.593 416.848 22.7448 0 -29.1443 -30.7245 16 6341.88 220.571 376 0.000227926
6100 0.0936625 0.0903239 0.00333859 0 0.964355 449.049 425.88 23.1689 0 -29.1789 -30.7845 16 6437.88 222.235 382 0.00023645
6200 0.0796458 0.0761144 0.00353145 0 0.955661 456.988 433.492 23.4967 0 -29.2008 -30.4405 16 6533.88 223.885 388 0.000196171
6300 0.0824423 0.0785202 0.0039221 0 0.952426 465.174 441.344 23.8308 0 -29.2199 -30.2899 16 6629.88 225.524 394 0.00019929
6400 0.0931943 0.0901389 0.00305539 0 0.967215 474.571 450.358 24.213 0 -29.249 -30.6886 16 6741.88 227.421 401 0.000224785
6500 0.0850291 0.0815724 0.00345671 0 0.959347 483.053 458.515 24.5381 0 -29.2789 -30.9492 16 6837.88 229.034 407 0.000200424
6600 0.0849635 0.081329 0.00363441 0 0.957224 491.552 466.648 24.9046 0 -29.3067 -30.8863 16 6933.88 230.637 413 0.000196923
6700 0.0900034 0.086405 0.00359841 0 0.960019 500.545 475.288 25.2571 0 -29.3225 -30.1863 16 7029.88 232.228 419 0.000206217
6800 0.0811695 0.0785715 0.00259794 0 0.967994 508.707 483.145 25.5615 0 -29.3523 -31.1831 16 7141.88 234.07 426 0.00018444
6900 0.104578 0.100041 0.00453774 0 0.956609 519.107 493.149 25.9578 0 -29.3857 -31.0201 16 7237.88 235.638 432 0.000231576
7000 0.091431 0.0884848 0.00294612 0 0.967778 528.331 501.998 26.3335 0 -29.4327 -32.0771 16 7333.88 237.196 438 0.00020202
7100 0.0830119 0.0798082 0.00320375 0 0.961406 536.606 509.979 26.6276 0 -29.4629 -31.3908 16 7429.88 238.743 444 0.000179748
7200 0.0787971 0.0765076 0.00228946 0 0.970945 544.567 517.63 26.9374 0 -29.4874 -31.1402 16 7541.88 240.536 451 0.00016964
7300 0.0928645 0.0883854 0.00447914 0 0.951767 553.746 526.468 27.2783 0 -29.5053 -30.5671 16 7637.88 242.062 457 0.000193404
7400 0.0958438 0.0921191 0.00372463 0 0.961139 563.343 535.68 27.6629 0 -29.5276 -30.8141 16 7733.88 243.578 463 0.000198961
7500 0.0784085 0.0762153 0.00219325 0 0.972028 571.251 543.302 27.9491 0 -29.5609 -31.9302 16 7829.88 245.086 469 0.000162506
7600 0.0925842 0.0885371 0.00404708 0 0.956288 580.415 552.155 28.2599 0 -29.5792 -30.7225 16 7941.88 246.832 476 0.000186002
7700 0.102304 0.0975725 0.00473125 0 0.953753 590.628 561.912 28.7153 0 -29.5967 -30.5866 16 8037.88 248.32 482 0.000202433
7800 0.0834896 0.0803582 0.00313144 0 0.962493 599.019 569.948 29.0705 0 -29.6221 -31.4111 16 8133.88 249.798 488 0.000164668
7900 0.0988216 0.09525 0.00357162 0 0.963858 608.878 579.473 29.4047 0 -29.6267 -29.91 16 8229.88 251.268 494 0.000192814
8000 0.0839723 0.0814709 0.00250139 0 0.970212 617.316 587.62 29.6956 0 -29.6462 -31.0539 16 8341.88 252.972 501 0.000162617
8100 0.124246 0.119121 0.00512515 0 0.95875 629.661 599.533 30.1285 0 -29.654 -30.0397 16 8437.88 254.423 507 0.000234953
8200 0.112828 0.10828 0.00454744 0 0.959696 641 610.361 30.6391 0 -29.6733 -30.7481 16 8533.88 255.866 513 0.000211073
8300 0.0937993 0.0902288 0.00357054 0 0.961934 650.43 619.383 31.0462 0 -29.6976 -31.352 16 8629.88 257.302 519 0.000173851
8400 0.0902586 0.0873992 0.00285936 0 0.96832 659.49 628.123 31.3671 0 -29.7258 -31.7472 16 8741.88 258.966 526 0.000166158
8500 0.112929 0.107433 0.00549597 0 0.951333 670.652 638.867 31.7858 0 -29.751 -31.2407 16 8837.88 260.384 532 0.000201942
8600 0.0996922 0.0950211 0.00467109 0 0.953145 680.546 648.369 32.1768 0 -29.7787 -31.6538 16 8933.88 261.794 538 0.000176619
8700 0.111468 0.105121 0.0063462 0 0.943067 691.579 658.881 32.6976 0 -29.7938 -30.7239 16 9029.88 263.197 544 0.000193238
8800 0.0927891 0.0898998 0.00288924 0 0.968862 700.984 667.871 33.1129 0 -29.8241 -32.0583 16 9141.88 264.824 551 0.000163158
8900 0.0821754 0.0802057 0.00196975 0 0.97603 709.288 675.891 33.3961 0 -29.8549 -32.4496 16 9237.88 266.211 557 0.000143996
9000 0.0831021 0.0805205 0.00258165 0 0.968934 717.549 683.944 33.605 0 -29.877 -31.7733 16 9333.88 267.591 563 0.00014302
9100 0.106828 0.101799 0.00502918 0 0.952923 728.121 694.123 33.998 0 -29.877 -29.8765 16 9429.88 268.963 569 0.000178908
9200 0.118692 0.113801 0.00489071 0 0.958795 740.065 705.504 34.5616 0 -29.8991 -31.2511 16 9541.88 270.556 576 0.000197572
9300 0.115363 0.11013 0.00523305 0 0.954638 751.639 716.516 35.122 0 -29.9247 -31.5608 16 9637.88 271.914 582 0.000189226
9400 0.124765 0.120201 0.00456441 0 0.963416 764.225 728.537 35.6885 0 -29.941 -30.911 16 9733.88 273.264 588 0.000204423
9500 0.122978 0.118839 0.00413879 0 0.966345 776.606 740.42 36.1854 0 -29.9539 -30.7517 16 9829.88 274.609 594 0.000200065
9600 0.111034 0.10739 0.00364383 0 0.967183 787.735 751.159 36.5751 0 -29.9658 -30.7954 16 9941.88 276.169 601 0.000178686
9700 0.0998526 0.0965063 0.0033463 0 0.966488 797.717 760.81 36.9065 0 -29.9806 -31.1497 16 10037.9 277.499 607 0.000158989
9800 0.11895 0.113367 0.00558266 0 0.953067 809.468 772.147 37.3216 0 -29.972 -29.3887 16 10133.9 278.823 613 0.000184938
9900 0.116175 0.111965 0.00420952 0 0.963766 821.126 783.343 37.783 0 -29.9673 -29.6384 16 10229.9 280.14 619 0.000180881
10000 0.0995818 0.096194 0.00338777 0 0.96598 831.108 792.963 38.1452 0 -29.9768 -30.765 16 10341.9 281.67 626 0.000153665
10100 0.107368 0.103194 0.00417341 0 0.96113 841.79 803.282 38.5077 0 -29.9882 -30.8754 16 10437.9 282.974 632 0.000163282
10200 0.109208 0.106164 0.00304454 0 0.972122 852.764 813.899 38.8659 0 -29.9946 -30.4828 16 10533.9 284.272 638 0.000166401
10300 0.118588 0.114293 0.00429565 0 0.963777 864.594 825.328 39.2661 0 -30.0006 -30.4354 16 10629.9 285.565 644 0.000177473
10400 0.115111 0.111042 0.00406856 0 0.964655 876.113 836.432 39.681 0 -30.0016 -30.0735 16 10741.9 287.065 651 0.000170572
10500 0.113499 0.107906 0.00559359 0 0.950717 887.346 847.223 40.1233 0 -30.0002 -29.8883 16 10837.9 288.345 657 0.00016424
10600 0.134208 0.128014 0.00619428 0 0.953846 900.751 860.024 40.7272 0 -29.9977 -29.8321 16 10933.9 289.619 663 0.000193083
10700 0.119709 0.115438 0.0042717 0 0.964316 912.819 871.568 41.2514 0 -30.0082 -30.7962 16 11029.9 290.888 669 0.000172553
10800 0.111106 0.107262 0.00384325 0 0.965409 924.04 882.294 41.7462 0 -30.021 -31.057 16 11141.9 292.361 676 0.000158672
10900 0.107229 0.103179 0.00404936 0 0.962236 934.808 892.612 42.1959 0 -30.0324 -31.0162 16 11237.9 293.618 682 0.000151289
11000 0.107871 0.103433 0.00443794 0 0.958859 945.589 902.955 42.6338 0 -30.0461 -31.2336 16 11333.9 294.869 688 0.000150338
11100 0.0936339 0.0901106 0.00352335 0 0.962371 954.977 911.966 43.0108 0 -30.063 -31.7675 16 11429.9 296.115 694 0.000129842
11200 0.117414 0.112347 0.00506688 0 0.956846 966.702 923.201 43.5013 0 -30.0704 -30.6716 16 11541.9 297.563 701 0.000160267
11300 0.0979941 0.0946121 0.00338197 0 0.965488 976.587 932.662 43.9249 0 -30.088 -31.8121 16 11637.9 298.798 707 0.000133822
11400 0.112614 0.108398 0.00421618 0 0.962561 987.806 943.502 44.3038 0 -30.0967 -30.8536 16 11733.9 300.027 713 0.000152031
11500 0.107076 0.103634 0.00344129 0 0.967861 998.574 953.865 44.7082 0 -30.1105 -31.3731 16 11829.9 301.252 719 0.000144137
11600 0.111927 0.108564 0.00336307 0 0.969953 1009.84 964.722 45.1183 0 -30.1272 -31.6102 16 11941.9 302.675 726 0.000149537
11700 0.100147 0.0975478 0.00259954 0 0.974043 1019.91 974.477 45.4338 0 -30.1434 -31.7684 16 12037.9 303.889 732 0.000133262
11800 0.090697 0.0881937 0.00250331 0 0.972399 1028.98 983.296 45.68 0 -30.1636 -32.4303 16 12133.9 305.098 738 0.000119504
11900 0.0854331 0.0835092 0.0019239 0 0.977481 1037.56 991.647 45.9166 0 -30.1846 -32.6978 16 12229.9 306.303 744 0.000112244
12000 0.0792795 0.0777312 0.00154827 0 0.980471 1045.51 999.42 46.0902 0 -30.2039 -32.7328 16 12341.9 307.702 751 0.000103504
12100 0.0847827 0.0822098 0.00257294 0 0.969653 1053.97 1007.64 46.3267 0 -30.2186 -32.0334 16 12437.9 308.897 757 0.000108599
12200 0.0946784 0.0907856 0.00389281 0 0.958884 1063.33 1016.72 46.6155 0 -30.2337 -31.9335 16 12533.9 310.087 763 0.000118985
12300 0.0950983 0.0919291 0.00316916 0 0.966675 1072.87 1025.91 46.9533 0 -30.2475 -31.787 16 12629.9 311.272 769 0.000119544
12400 0.0915901 0.0888074 0.00278269 0 0.969618 1082.04 1034.79 47.2507 0 -30.2604 -31.7685 16 12741.9 312.649 776 0.000114443
12500 0.0843103 0.0815079 0.00280241 0 0.966761 1090.47 1042.94 47.524 0 -30.2771 -32.4139 16 12837.9 313.824 782 0.00010423
12600 0.106218 0.10305 0.00316879 0 0.970167 1101.04 1053.25 47.7939 0 -30.2987 -32.5305 16 12933.9 314.996 788 0.000130774
12700 0.13035 0.126029 0.00432052 0 0.966854 1114.09 1065.85 48.2356 0 -30.2906 -29.6105 16 13029.9 316.162 794 0.000158727
12800 0.112403 0.107762 0.0046419 0 0.958703 1125.34 1076.63 48.7141 0 -30.29 -30.2224 16 13141.9 317.518 801 0.000134534
12900 0.105519 0.100862 0.00465628 0 0.955872 1135.89 1086.71 49.1747 0 -30.2922 -30.5277 16 13237.9 318.676 807 0.000124984
13000 0.101039 0.096869 0.0041698 0 0.958731 1146.03 1096.4 49.6295 0 -30.2994 -31.1121 16 13333.9 319.829 813 0.00011915
13100 0.11135 0.106486 0.00486364 0 0.956321 1157.16 1107.05 50.1059 0 -30.3024 -30.6135 16 13429.9 320.979 819 0.000130019
13200 0.109332 0.104863 0.00446924 0 0.959122 1168.12 1117.54 50.5823 0 -30.312 -31.3172 16 13541.9 322.314 826 0.000126952
13300 0.12112 0.114899 0.00622101 0 0.948638 1180.12 1129.03 51.0898 0 -30.3112 -30.2412 16 13637.9 323.455 832 0.0001381
13400 0.126296 0.121755 0.00454056 0 0.964048 1192.76 1141.2 51.5581 0 -30.3063 -29.8486 16 13733.9 324.591 838 0.000145293
13500 0.132164 0.126412 0.0057517 0 0.95648 1205.84 1153.84 52.0013 0 -30.3024 -29.9398 16 13829.9 325.724 844 0.000149777
13600 0.143451 0.137925 0.00552648 0 0.961475 1220.18 1167.64 52.5489 0 -30.3023 -30.3 16 13941.9 327.04 851 0.000162074
13700 0.11809 0.11427 0.00381965 0 0.967655 1232.08 1179.06 53.0228 0 -30.3113 -31.2346 16 14037.9 328.164 857 0.000133337
13800 0.109863 0.106514 0.00334853 0 0.969521 1243.11 1189.71 53.3961 0 -30.3197 -31.2561 16 14133.9 329.284 863 0.000123424
13900 0.112311 0.109465 0.00284593 0 0.97466 1254.37 1200.66 53.7057 0 -30.3251 -30.9141 16 14229.9 330.401 869 0.000125967
14000 0.144275 0.140361 0.00391334 0 0.972876 1268.83 1214.7 54.1317 0 -30.3365 -31.3329 16 14341.9 331.698 876 0.00016023
14100 0.120145 0.116395 0.0037495 0 0.968792 1280.89 1226.34 54.5569 0 -30.3451 -31.2401 16 14437.9 332.807 882 0.000131967
14200 0.109177 0.106192 0.0029855 0 0.972655 1291.83 1236.95 54.8753 0 -30.3551 -31.5365 16 14533.9 333.911 888 0.000119585
14300 0.122886 0.118633 0.00425219 0 0.965397 1304.12 1248.82 55.3021 0 -30.3586 -30.723 16 14629.9 335.012 894 0.000132699
14400 0.119027 0.115444 0.003583 0 0.969898 1316.11 1260.36 55.7451 0 -30.361 -30.62 16 14741.9 336.292 901 0.000128129
14500 0.109142 0.105913 0.00322895 0 0.970415 1327.06 1270.95 56.1036 0 -30.3715 -31.6378 16 14837.9 337.385 907 0.000116773
14600 0.0971472 0.0944907 0.0026565 0 0.972655 1336.79 1280.4 56.3893 0 -30.3826 -31.8977 16 14933.9 338.475 913 0.000103495
14700 0.122295 0.117527 0.00476785 0 0.961013 1348.91 1292.16 56.7588 0 -30.3823 -30.3434 16 15029.9 339.561 919 0.000127886
14800 0.114656 0.111866 0.00278953 0 0.97567 1360.5 1303.34 57.1591 0 -30.3911 -31.4167 16 15141.9 340.824 926 0.000120806
14900 0.117722 0.113827 0.0038949 0 0.966914 1372.32 1314.72 57.5968 0 -30.3926 -30.5688 16 15237.9 341.903 932 0.000122132
15000 0.117505 0.113914 0.00359046 0 0.969444 1384.13 1326.12 58.0183 0 -30.3983 -31.0603 16 15333.9 342.978 938 0.000121444
15100 0.10604 0.103396 0.00264392 0 0.975067 1394.82 1336.46 58.3652 0 -30.41 -31.9208 16 15429.9 344.05 944 0.00010953
15200 0.113555 0.110634 0.00292031 0 0.974283 1406.22 1347.52 58.7011 0 -30.4221 -31.9001 16 15541.9 345.296 951 0.000116335
15300 0.115999 0.111746 0.00425365 0 0.96333 1417.68 1358.69 58.9825 0 -30.4265 -30.9766 16 15637.9 346.361 957 0.000116767
15400 0.117722 0.113656 0.00406607 0 0.96546 1429.4 1370.06 59.341 0 -30.4347 -31.4182 16 15733.9 347.423 963 0.000118023
15500 0.107479 0.103938 0.00354125 0 0.967052 1440.17 1380.45 59.7119 0 -30.4416 -31.361 16 15829.9 348.481 969 0.000107263
15600 0.0982018 0.0958055 0.00239629 0 0.975598 1450.06 1390.03 60.0211 0 -30.4525 -32.0335 16 15941.9 349.711 976 9.81614e-05
15700 0.107458 0.103846 0.00361167 0 0.96639 1460.79 1400.42 60.3677 0 -30.456 -30.9283 16 16037.9 350.763 982 0.00010575
15800 0.101746 0.0979943 0.00375138 0 0.96313 1470.93 1410.22 60.7146 0 -30.4627 -31.4335 16 16133.9 351.811 988 9.91845e-05
15900 0.0961437 0.0932474 0.00289632 0 0.969875 1480.57 1419.54 61.0314 0 -30.4699 -31.5661 16 16229.9 352.856 994 9.38102e-05
16000 0.0973292 0.094401 0.00292827 0 0.969914 1490.38 1428.98 61.3949 0 -30.4744 -31.1553 16 16341.9 354.072 1001 9.43067e-05
16100 0.105372 0.101749 0.00362362 0 0.965611 1500.93 1439.16 61.7706 0 -30.4836 -31.7874 16 16437.9 355.11 1007 0.000101041
16200 0.0921549 0.0893252 0.00282968 0 0.969294 1510.18 1448.09 62.0876 0 -30.4945 -32.2651 16 16533.9 356.146 1013 8.81789e-05
16300 0.103208 0.0992917 0.00391674 0 0.96205 1520.47 1458.02 62.4518 0 -30.5009 -31.4419 16 16629.9 357.178 1019 9.74403e-05
16400 0.0980445 0.0951431 0.0029014 0 0.970407 1530.34 1467.53 62.8081 0 -30.5104 -31.9646 16 16741.9 358.379 1026 9.27321e-05
16500 0.122307 0.117003 0.00530422 0 0.956632 1542.53 1479.23 63.2919 0 -30.5167 -31.315 16 16837.9 359.405 1032 0.000113375
16600 0.110861 0.106982 0.00387863 0 0.965014 1553.68 1489.93 63.7505 0 -30.5235 -31.4562 16 16933.9 360.428 1038 0.000103066
16700 0.113234 0.109737 0.0034972 0 0.969115 1565.1 1500.91 64.1961 0 -30.5377 -32.4731 16 17029.9 361.448 1044 0.000105112
16800 0.113961 0.110334 0.00362635 0 0.968179 1576.57 1511.94 64.6334 0 -30.5556 -32.9941 16 17141.9 362.635 1051 0.00010498
16900 0.117948 0.114146 0.00380137 0 0.967771 1588.41 1523.35 65.0548 0 -30.5678 -32.1986 16 17237.9 363.649 1057 0.000107991
17000 0.10048 0.0969591 0.00352138 0 0.964955 1598.44 1533.05 65.3948 0 -30.5796 -32.4453 16 17333.9 364.66 1063 9.12127e-05
17100 0.100932 0.0980684 0.00286383 0 0.971626 1608.62 1542.86 65.7675 0 -30.5925 -32.6209 16 17429.9 365.668 1069 9.17384e-05
17200 0.094711 0.0921071 0.00260381 0 0.972508 1618.08 1552.07 66.0138 0 -30.6038 -32.5164 16 17541.9 366.841 1076 8.56014e-05
17300 0.0944813 0.0924344 0.0020469 0 0.978335 1627.56 1561.31 66.2521 0 -30.6148 -32.5013 16 17637.9 367.844 1082 8.54292e-05
17400 0.108041 0.104137 0.00390415 0 0.963864 1638.26 1571.72 66.5331 0 -30.6143 -30.5332 16 17733.9 368.843 1088 9.57137e-05
17500 0.135796 0.130486 0.00531008 0 0.960897 1651.78 1584.77 67.0112 0 -30.6055 -29.5453 16 17829.9 369.84 1094 0.000119274
17600 0.129361 0.124645 0.00471571 0 0.963546 1664.77 1597.24 67.5292 0 -30.6 -29.8912 16 17941.9 371 1101 0.000113211
17700 0.116715 0.11189 0.00482553 0 0.958656 1676.42 1608.43 67.9889 0 -30.5993 -30.5025 16 18037.9 371.991 1107 0.000101075
17800 0.101729 0.0983654 0.00336383 0 0.966933 1686.6 1618.26 68.3367 0 -30.6036 -31.303 16 18133.9 372.98 1113 8.83786e-05
17900 0.0979545 0.0954083 0.00254622 0 0.974006 1696.43 1627.8 68.6254 0 -30.6113 -31.945 16 18229.9 373.966 1119 8.52621e-05
18000 0.0881702 0.0864387 0.00173157 0 0.980361 1705.29 1636.45 68.8454 0 -30.6211 -32.497 16 18341.9 375.113 1126 7.67661e-05
18100 0.109281 0.10598 0.00330147 0 0.969789 1716.2 1647.05 69.1558 0 -30.6281 -31.725 16 18437.9 376.093 1132 9.36215e-05
18200 0.101954 0.0989313 0.00302319 0 0.970348 1726.37 1656.94 69.431 0 -30.6373 -32.1769 16 18533.9 377.071 1138 8.69343e-05
18300 0.113727 0.11064 0.00308674 0 0.972858 1737.76 1668 69.7548 0 -30.6411 -31.2284 16 18629.9 378.046 1144 9.67135e-05
18400 0.12391 0.120117 0.00379287 0 0.96939 1750.21 1680.01 70.1935 0 -30.6398 -30.4564 16 18741.9 379.181 1151 0.000104359
18500 0.102787 0.0995584 0.00322856 0 0.96859 1760.51 1689.97 70.5384 0 -30.6455 -31.6066 16 18837.9 380.151 1157 8.60488e-05
18600 0.0978989 0.0948442 0.00305471 0 0.968797 1770.33 1699.45 70.8705 0 -30.6526 -31.9361 16 18933.9 381.118 1163 8.15513e-05
18700 0.0921274 0.0900412 0.00208629 0 0.977354 1779.6 1708.46 71.137 0 -30.6616 -32.3649 16 19029.9 382.083 1169 7.70241e-05
18800 0.113294 0.110114 0.00318044 0 0.971928 1790.9 1719.47 71.4319 0 -30.6698 -31.9628 16 19141.9 383.206 1176 9.36344e-05
18900 0.1047 0.101961 0.00273859 0 0.973843 1801.38 1729.67 71.7131 0 -30.6786 -32.1933 16 19237.9 384.166 1182 8.62614e-05
19000 0.102448 0.100226 0.00222231 0 0.978308 1811.72 1739.69 72.0304 0 -30.6843 -31.6636 16 19333.9 385.123 1188 8.43651e-05
19100 0.107029 0.104856 0.00217254 0 0.979701 1822.47 1750.17 72.2972 0 -30.6906 -31.7675 16 19429.9 386.078 1194 8.78192e-05
19200 0.0992607 0.0973132 0.00194744 0 0.980381 1832.45 1759.91 72.5391 0 -30.7001 -32.4309 16 19541.9 387.189 1201 8.10268e-05
19300 0.0883198 0.0868204 0.00149944 0 0.983023 1841.3 1768.59 72.7111 0 -30.7113 -33.0344 16 19637.9 388.139 1207 7.19307e-05
19400 0.0912343 0.0870534 0.00418083 0 0.954175 1850.18 1777.29 72.8895 0 -30.7191 -32.3205 16 19733.9 389.087 1213 7.17671e-05
19500 0.0951647 0.0926943 0.00247033 0 0.974042 1859.73 1786.56 73.1711 0 -30.7271 -32.286 16 19829.9 390.032 1219 7.60413e-05
19600 0.105956 0.103612 0.0023438 0 0.977879 1870.39 1796.92 73.4675 0 -30.7334 -31.8287 16 19941.9 391.132 1226 8.45122e-05
19700 0.096204 0.0926461 0.00355786 0 0.963018 1879.91 1806.19 73.72 0 -30.7418 -32.3904 16 20037.9 392.072 1232 7.51998e-05
19800 0.105365 0.101697 0.00366793 0 0.965188 1890.43 1816.36 74.0688 0 -30.7502 -32.2548 16 20133.9 393.01 1238 8.21465e-05
19900 0.102154 0.0977 0.00445395 0 0.9564 1900.55 1826.13 74.4264 0 -30.7548 -31.6217 16 20229.9 393.946 1244 7.8537e-05
20000 0.104427 0.10106 0.00336666 0 0.967761 1911.08 1836.23 74.8431 0 -30.761 -31.8818 16 20341.9 395.035 1251 8.07837e-05
