100 0.290412 0.265873 0.0245388 0 0.915503 28.3064 26.5873 1.71905 0 -27.2368 -27.2368 1 426.882 57.2261 101 0.00263241
200 0.431201 0.400199 0.0310016 0 0.928104 71.3284 66.6072 4.72115 0 -27.7757 -28.1303 1 526.882 63.5765 201 0.00199104
300 0.556207 0.509537 0.0466698 0 0.916093 126.077 117.561 8.51637 0 -27.9533 -28.1847 1 626.882 69.3478 301 0.00169281
400 0.691195 0.635996 0.0551998 0 0.920139 194.537 181.16 13.3765 0 -28.0704 -28.2861 1 726.882 74.6744 401 0.00158602
500 0.804059 0.749593 0.0544667 0 0.93226 275.056 256.12 18.9364 0 -28.278 -28.7794 1 826.882 79.6456 501 0.00149619
600 0.817796 0.758858 0.0589374 0 0.927931 356.681 332.006 24.6754 0 -28.2657 -28.2242 1 926.882 84.3242 601 0.00126266
700 0.870689 0.811499 0.0591899 0 0.932019 443.845 413.155 30.6894 0 -28.3029 -28.4554 1 1026.88 88.7565 701 0.00115763
800 0.854065 0.799755 0.0543104 0 0.93641 529.605 493.131 36.4745 0 -28.3806 -28.7826 1 1126.88 92.9778 801 0.000998446
900 0.958857 0.895724 0.0631327 0 0.934158 625.084 582.703 42.3806 0 -28.4651 -28.9337 1 1226.88 97.0156 901 0.000994145
1000 0.982458 0.920185 0.062273 0 0.936615 723.442 674.722 48.7206 0 -28.5297 -28.9402 1 1326.88 100.892 1001 0.000919266
1100 1.00726 0.942559 0.0647054 0 0.935761 824.058 768.978 55.0802 0 -28.5642 -28.8125 1 1426.88 104.625 1101 0.000856093
1200 1.07402 1.00766 0.0663678 0 0.938206 931.343 869.743 61.6001 0 -28.5489 -28.4311 1 1526.88 108.229 1201 0.000839013
1300 1.09023 1.02443 0.0657998 0 0.939646 1040.56 972.186 68.3732 0 -28.5933 -28.9717 1 1626.88 111.717 1301 0.000787415
1400 1.26123 1.19216 0.0690645 0 0.94524 1167.03 1091.4 75.6231 0 -28.6185 -28.8263 1 1726.88 115.099 1401 0.000850936
1500 1.16904 1.10206 0.0669742 0 0.94271 1284.05 1201.61 82.4403 0 -28.6537 -29.004 1 1826.88 118.385 1501 0.000734218
1600 1.1526 1.08441 0.0681905 0 0.940838 1399.1 1310.05 89.0491 0 -28.6803 -28.9775 1 1926.88 121.582 1601 0.000677333
1700 1.21789 1.15178 0.0661081 0 0.945719 1521.06 1425.23 95.8333 0 -28.7028 -28.9613 1 2026.88 124.696 1701 0.000677119
1800 1.19529 1.13088 0.0644053 0 0.946117 1640.76 1538.32 102.44 0 -28.7096 -28.7965 1 2126.88 127.736 1801 0.000627919
1900 1.19815 1.13727 0.0608745 0 0.949193 1760.94 1652.04 108.893 0 -28.7639 -29.5044 1 2226.88 130.704 1901 0.000598249
2000 1.14763 1.08729 0.06034 0 0.947422 1875.7 1760.77 114.925 0 -28.7933 -29.2442 1 2326.88 133.606 2001 0.000543373
2100 1.2948 1.22864 0.0661587 0 0.948904 2005.05 1883.64 121.419 0 -28.8444 -29.5861 1 2426.88 136.447 2101 0.000584787
2200 1.32937 1.26058 0.0687956 0 0.94825 2137.83 2009.69 128.139 0 -28.8673 -29.2121 1 2526.88 139.23 2201 0.00057273
2300 1.26447 1.19761 0.066862 0 0.947123 2264.31 2129.45 134.853 0 -28.8779 -29.0574 1 2626.88 141.958 2301 0.000520475
2400 1.23457 1.17533 0.0592412 0 0.952015 2387.97 2246.99 140.985 0 -28.9169 -29.6317 1 2726.88 144.635 2401 0.000489518
2500 1.1708 1.11387 0.0569271 0 0.951377 2504.91 2358.37 146.537 0 -28.9524 -29.6774 1 2826.88 147.263 2501 0.00044537
2600 1.21411 1.15746 0.0566515 0 0.953339 2626.39 2474.12 152.27 0 -28.9905 -29.7758 1 2926.88 149.845 2601 0.000445005
2700 1.2781 1.21797 0.0601364 0 0.952949 2754.07 2595.92 158.153 0 -29.0007 -29.2106 1 3026.88 152.383 2701 0.000450932
2800 1.26654 1.20453 0.0620106 0 0.951039 2880.62 2716.37 164.251 0 -29.0198 -29.4357 1 3126.88 154.88 2801 0.000430036
2900 1.34194 1.27586 0.0660778 0 0.950759 3014.37 2843.96 170.417 0 -29.0453 -29.5941 1 3226.88 157.337 2901 0.000439801
3000 1.35199 1.28644 0.0655503 0 0.951516 3149.43 2972.6 176.827 0 -29.0598 -29.3836 1 3326.88 159.757 3001 0.000428669
3100 1.36221 1.30114 0.0610762 0 0.955164 3285.81 3102.71 183.099 0 -29.0749 -29.4223 1 3426.88 162.14 3101 0.000419586
3200 1.39897 1.33657 0.0624014 0 0.955395 3425.95 3236.37 189.583 0 -29.0935 -29.5312 1 3526.88 164.488 3201 0.000417549
3300 1.33938 1.27691 0.0624678 0 0.953361 3559.78 3364.06 195.721 0 -29.118 -29.7448 1 3626.88 166.804 3301 0.000386825
3400 1.37641 1.3131 0.0633117 0 0.954002 3697.72 3495.37 202.349 0 -29.1279 -29.3819 1 3726.88 169.088 3401 0.000386093
3500 1.33661 1.27507 0.0615391 0 0.953959 3831.64 3622.88 208.764 0 -29.1497 -29.7521 1 3826.88 171.342 3501 0.000364203
3600 1.40517 1.34079 0.0643833 0 0.954181 3972.12 3756.96 215.161 0 -29.1673 -29.6469 1 3926.88 173.566 3601 0.000372338
3700 1.37074 1.3127 0.0580406 0 0.957658 4109.58 3888.23 221.354 0 -29.1985 -30.1018 1 4026.88 175.762 3701 0.000354689
3800 1.39059 1.32838 0.0622057 0 0.955267 4248.43 4021.07 227.362 0 -29.2281 -30.1033 1 4126.88 177.931 3801 0.000349482
3900 1.42384 1.3568 0.067043 0 0.952914 4390.42 4156.75 233.671 0 -29.2552 -30.0662 1 4226.88 180.074 3901 0.000347808
4000 1.41316 1.34767 0.0654874 0 0.953659 4531.37 4291.51 239.852 0 -29.2792 -30.0272 1 4326.88 182.191 4001 0.000336834
4100 1.45057 1.38142 0.0691521 0 0.952328 4675.84 4429.66 246.185 0 -29.3031 -30.0531 1 4426.88 184.285 4101 0.00033685
4200 1.44352 1.37981 0.0637026 0 0.95587 4820.17 4567.64 252.529 0 -29.3304 -30.2158 1 4526.88 186.354 4201 0.000328449
4300 1.3926 1.33613 0.05647 0 0.95945 4959.59 4701.25 258.335 0 -29.3587 -30.337 1 4626.88 188.401 4301 0.000310655
4400 1.54521 1.4809 0.0643081 0 0.958382 5113.77 4849.34 264.425 0 -29.3835 -30.1792 1 4726.88 190.427 4401 0.000336492
4500 1.60392 1.53485 0.0690645 0 0.95694 5273.91 5002.83 271.083 0 -29.4057 -30.1142 1 4826.88 192.43 4501 0.000341003
4600 1.58867 1.522 0.0666709 0 0.958034 5432.88 5155.03 277.857 0 -29.4276 -30.1565 1 4926.88 194.413 4601 0.000330798
4700 1.42379 1.36981 0.0539745 0 0.962091 5575.8 5292.01 283.791 0 -29.4593 -30.6622 1 5026.88 196.376 4701 0.000291387
4800 1.4611 1.40383 0.057266 0 0.960806 5721.98 5432.39 289.587 0 -29.4903 -30.6717 1 5126.88 198.32 4801 0.000292405
4900 1.39098 1.34013 0.0508517 0 0.963442 5861.45 5566.4 295.052 0 -29.5215 -30.8039 1 5226.88 200.245 4901 0.00027344
5000 1.43575 1.3824 0.0533456 0 0.962845 6005.2 5704.64 300.552 0 -29.5448 -30.4958 1 5326.88 202.151 5001 0.000276426
5100 1.42201 1.37001 0.0519965 0 0.963435 6147.5 5841.65 305.85 0 -29.5722 -30.7253 1 5426.88 204.04 5101 0.000268577
5200 1.39558 1.34508 0.0504993 0 0.963815 6287.06 5976.15 310.907 0 -29.5977 -30.7231 1 5526.88 205.911 5201 0.000258619
5300 1.34141 1.2932 0.0482064 0 0.964063 6421.27 6105.47 315.792 0 -29.6241 -30.8594 1 5626.88 207.766 5301 0.000243954
5400 1.37922 1.33238 0.0468428 0 0.966037 6559.48 6238.71 320.77 0 -29.6502 -30.8637 1 5726.88 209.604 5401 0.000246691
5500 1.40327 1.3533 0.049969 0 0.964391 6699.73 6374.04 325.685 0 -29.6707 -30.631 1 5826.88 211.426 5501 0.000246009
5600 1.3939 1.34326 0.0506388 0 0.963671 6839.15 6508.37 330.779 0 -29.689 -30.5683 1 5926.88 213.232 5601 0.000239825
5700 1.36503 1.31617 0.0488625 0 0.964204 6975.92 6639.98 335.934 0 -29.7079 -30.6538 1 6026.88 215.024 5701 0.000230866
5800 1.41665 1.36 0.056649 0 0.960012 7117.31 6775.98 341.332 0 -29.7232 -30.474 1 6126.88 216.8 5801 0.000234442
5900 1.38678 1.33482 0.0519602 0 0.962532 7256.22 6909.46 346.757 0 -29.7418 -30.6981 1 6226.88 218.562 5901 0.000226202
6000 1.44321 1.38654 0.0566737 0 0.960731 7400.51 7048.12 352.39 0 -29.7573 -30.5375 1 6326.88 220.31 6001 0.000231051
6100 1.38656 1.33565 0.0509083 0 0.963285 7539.49 7181.68 357.808 0 -29.7792 -30.9433 1 6426.88 222.045 6101 0.000218924
6200 1.36914 1.31735 0.0517869 0 0.962176 7676.55 7313.42 363.135 0 -29.8024 -31.0786 1 6526.88 223.765 6201 0.000212442
6300 1.42118 1.35681 0.0643768 0 0.954702 7818 7449.1 368.898 0 -29.8177 -30.6484 1 6626.88 225.473 6301 0.000215332
6400 1.45134 1.39523 0.0561101 0 0.961339 7963.63 7588.62 375.009 0 -29.8334 -30.674 1 6726.88 227.168 6401 0.000217971
6500 1.44721 1.38714 0.0600759 0 0.958489 8108.07 7727.34 380.728 0 -29.8524 -30.9043 1 6826.88 228.85 6501 0.000213373
6600 1.54696 1.48271 0.0642483 0 0.958468 8262.58 7875.61 386.971 0 -29.868 -30.6864 1 6926.88 230.52 6601 0.000224619
6700 1.52505 1.46543 0.0596215 0 0.960905 8415.59 8022.15 393.438 0 -29.8874 -30.9316 1 7026.88 232.178 6701 0.000218688
6800 1.4263 1.37421 0.0520927 0 0.963477 8558.56 8159.57 398.989 0 -29.9109 -31.2939 1 7126.88 233.824 6801 0.00020206
6900 1.4109 1.3613 0.0496067 0 0.96484 8700 8295.7 404.3 0 -29.9339 -31.3252 1 7226.88 235.459 6901 0.000197261
7000 1.38018 1.32886 0.0513229 0 0.962814 8837.94 8428.59 409.353 0 -29.9509 -31.0278 1 7326.88 237.083 7001 0.00018981
7100 1.43459 1.38186 0.0527321 0 0.963242 8981.32 8566.77 414.543 0 -29.9654 -30.8584 1 7426.88 238.695 7101 0.0001946
7200 1.63326 1.56668 0.0665878 0 0.95923 9144.22 8723.44 420.774 0 -29.9784 -30.6954 1 7526.88 240.297 7201 0.000217564
7300 1.54281 1.48517 0.0576338 0 0.962644 9299.1 8871.96 427.139 0 -29.9921 -30.8002 1 7626.88 241.888 7301 0.000203421
7400 1.61345 1.54828 0.0651643 0 0.959612 9460.25 9026.79 433.464 0 -30.0052 -30.759 1 7726.88 243.468 7401 0.000209199
7500 1.55658 1.49412 0.0624602 0 0.959873 9616.09 9176.2 439.894 0 -30.0175 -30.7626 1 7826.88 245.039 7501 0.000199189
7600 1.51634 1.45754 0.0588024 0 0.961221 9767.93 9321.95 445.973 0 -30.0317 -30.9365 1 7926.88 246.599 7601 0.000191756
7700 1.48692 1.43055 0.0563717 0 0.962088 9916.68 9465.01 451.674 0 -30.0463 -30.9991 1 8026.88 248.15 7701 0.000185762
7800 1.53852 1.47695 0.0615717 0 0.95998 10069.9 9612.7 457.245 0 -30.0598 -30.9393 1 8126.88 249.691 7801 0.000189328
7900 1.60434 1.54265 0.061688 0 0.961549 10230.4 9766.97 463.385 0 -30.0775 -31.1852 1 8226.88 251.222 7901 0.000195248
8000 1.53632 1.47545 0.0608753 0 0.960376 10383.8 9914.51 469.238 0 -30.0994 -31.5624 1 8326.88 252.744 8001 0.000184408
8100 1.52175 1.46561 0.0561385 0 0.963109 10535.9 10061.1 474.803 0 -30.1157 -31.2272 1 8426.88 254.257 8101 0.000180917
8200 1.52242 1.46398 0.058438 0 0.961615 10688 10207.5 480.497 0 -30.1336 -31.3749 1 8526.88 255.762 8201 0.000178512
8300 1.5581 1.49852 0.0595797 0 0.961761 10843.8 10357.3 486.491 0 -30.1503 -31.297 1 8626.88 257.257 8301 0.000180523
8400 1.50883 1.45366 0.0551656 0 0.963438 10994.9 10502.7 492.209 0 -30.1675 -31.3968 1 8726.88 258.744 8401 0.000173034
8500 1.53592 1.48182 0.0540968 0 0.964779 11148.8 10650.9 497.887 0 -30.184 -31.3613 1 8826.88 260.222 8501 0.000174311
8600 1.49974 1.44643 0.0533066 0 0.964456 11298.9 10795.5 503.358 0 -30.2018 -31.5271 1 8926.88 261.692 8601 0.00016817
8700 1.4761 1.42354 0.0525588 0 0.964394 11446.5 10937.9 508.626 0 -30.2169 -31.371 1 9026.88 263.153 8701 0.000163607
8800 1.53202 1.47642 0.0555979 0 0.963709 11599.8 11085.5 514.29 0 -30.2297 -31.1877 1 9126.88 264.607 8801 0.000167756
8900 1.55507 1.49319 0.0618857 0 0.960204 11754.8 11234.8 519.989 0 -30.2444 -31.3408 1 9226.88 266.053 8901 0.000167755
9000 1.63928 1.57875 0.06053 0 0.963075 11919 11392.7 526.317 0 -30.255 -31.0182 1 9326.88 267.49 9001 0.000175397
9100 1.54384 1.48452 0.0593173 0 0.961578 12073.6 11541.2 532.443 0 -30.2651 -31.0446 1 9426.88 268.921 9101 0.000163117
9200 1.57159 1.50392 0.0676607 0 0.956948 12229.8 11691.6 538.293 0 -30.2726 -30.8467 1 9526.88 270.343 9201 0.000163452
9300 1.66731 1.59994 0.0673738 0 0.959591 12396.5 11851.5 544.916 0 -30.2783 -30.6986 1 9626.88 271.758 9301 0.000172018
9400 1.76589 1.69093 0.0749566 0 0.957553 12572.8 12020.6 552.136 0 -30.2781 -30.2655 1 9726.88 273.166 9401 0.000179867
9500 1.70609 1.63518 0.0709061 0 0.958439 12743.7 12184.2 559.535 0 -30.2813 -30.5153 1 9826.88 274.567 9501 0.000172106
9600 1.71768 1.64233 0.0753514 0 0.956132 12915.3 12348.4 566.889 0 -30.2861 -30.6444 1 9926.88 275.96 9601 0.000171058
9700 1.69308 1.62605 0.0670387 0 0.960404 13084.9 12511 573.858 0 -30.2943 -30.921 1 10026.9 277.347 9701 0.000167616
9800 1.69563 1.63231 0.0633142 0 0.96266 13254.9 12674.2 580.649 0 -30.3056 -31.173 1 10126.9 278.726 9801 0.000166546
9900 1.56683 1.51125 0.0555841 0 0.964525 13411.9 12825.3 586.594 0 -30.3193 -31.4767 1 10226.9 280.099 9901 0.000152636
10000 1.61256 1.55551 0.0570437 0 0.964625 13573.1 12980.9 592.236 0 -30.3292 -31.1472 1 10326.9 281.465 10001 0.000155536
10100 1.75042 1.6874 0.0630252 0 0.963994 13748.4 13149.6 598.718 0 -30.3366 -30.9159 1 10426.9 282.825 10101 0.000167053
10200 1.63898 1.58023 0.058753 0 0.964153 13912.6 13307.7 604.954 0 -30.3449 -31.0386 1 10526.9 284.178 10201 0.000154909
10300 1.6923 1.62945 0.0628479 0 0.962863 14082.2 13470.6 611.546 0 -30.3551 -31.187 1 10626.9 285.524 10301 0.000158184
10400 1.66062 1.60208 0.0585412 0 0.964748 14248.6 13630.8 617.765 0 -30.3687 -31.5222 1 10726.9 286.865 10401 0.000154032
10500 1.55435 1.50072 0.053629 0 0.965498 14404.1 13780.9 623.232 0 -30.3829 -31.6801 1 10826.9 288.199 10501 0.000142913
10600 1.57565 1.52126 0.0543824 0 0.965486 14561.7 13933 628.663 0 -30.3968 -31.6761 1 10926.9 289.526 10601 0.000143502
10700 1.61909 1.56125 0.0578434 0 0.964274 14723.5 14089.1 634.363 0 -30.4045 -31.097 1 11026.9 290.848 10701 0.000145898
10800 1.61109 1.55526 0.0558298 0 0.965347 14884.9 14244.7 640.216 0 -30.4133 -31.2153 1 11126.9 292.164 10801 0.000143992
10900 1.56721 1.51216 0.0550431 0 0.964878 15041.6 14395.9 645.667 0 -30.4226 -31.3023 1 11226.9 293.474 10901 0.000138718
11000 1.58802 1.53367 0.0543413 0 0.96578 15200.5 14549.3 651.227 0 -30.4318 -31.3011 1 11326.9 294.778 11001 0.000139412
11100 1.56188 1.50638 0.0555011 0 0.964465 15356.7 14699.9 656.795 0 -30.442 -31.4395 1 11426.9 296.076 11101 0.000135698
11200 1.5853 1.53129 0.0540023 0 0.965935 15515.5 14853 662.485 0 -30.4529 -31.504 1 11526.9 297.369 11201 0.00013671
11300 1.56485 1.51061 0.0542491 0 0.965333 15671.9 15004.1 667.795 0 -30.4628 -31.4438 1 11626.9 298.656 11301 0.00013367
11400 1.63426 1.57496 0.0593054 0 0.963711 15835.1 15161.6 673.559 0 -30.4711 -31.2659 1 11726.9 299.938 11401 0.000138142
11500 1.61738 1.55932 0.0580647 0 0.9641 15996.8 15317.5 679.304 0 -30.4796 -31.3164 1 11826.9 301.214 11501 0.000135581
11600 1.62036 1.55714 0.0632274 0 0.96098 16158.2 15473.2 684.978 0 -30.4874 -31.2624 1 11926.9 302.485 11601 0.000134224
11700 1.75177 1.68928 0.0624922 0 0.964326 16333.7 15642.1 691.579 0 -30.4952 -31.2122 1 12026.9 303.75 11701 0.000144371
11800 1.67911 1.61664 0.0624741 0 0.962793 16501.7 15803.8 697.885 0 -30.5026 -31.2166 1 12126.9 305.01 11801 0.000136992
11900 1.70704 1.64232 0.0647208 0 0.962086 16672.5 15968 704.421 0 -30.5109 -31.3155 1 12226.9 306.265 11901 0.000137999
12000 1.77354 1.70362 0.0699153 0 0.960579 16849.5 16138.4 711.138 0 -30.5185 -31.2375 1 12326.9 307.515 12001 0.000141957
12100 1.69865 1.63552 0.0631306 0 0.962835 17020 16302 718.006 0 -30.5283 -31.5002 1 12426.9 308.76 12101 0.000135156
12200 1.63923 1.57566 0.0635748 0 0.961217 17183.6 16459.5 724.12 0 -30.5385 -31.596 1 12526.9 310 12201 0.000129142
12300 1.66155 1.60122 0.0603326 0 0.963689 17349.9 16619.6 730.273 0 -30.5478 -31.5021 1 12626.9 311.235 12301 0.00013017
12400 1.6639 1.60291 0.0609952 0 0.963342 17516.4 16779.9 736.423 0 -30.5582 -31.6448 1 12726.9 312.465 12401 0.000129256
12500 1.66689 1.60618 0.0607115 0 0.963578 17683 16940.6 742.48 0 -30.568 -31.6003 1 12826.9 313.69 12501 0.000128484
12600 1.6515 1.58889 0.062608 0 0.96209 17848 17099.4 748.542 0 -30.5767 -31.5083 1 12926.9 314.91 12601 0.000126092
12700 1.67015 1.6119 0.0582542 0 0.96512 18015.3 17260.6 754.674 0 -30.5858 -31.5549 1 13026.9 316.126 12701 0.000126911
12800 1.62578 1.56487 0.0609184 0 0.96253 18177.7 17417.1 760.563 0 -30.5958 -31.7097 1 13126.9 317.337 12801 0.000122246
12900 1.66623 1.60405 0.0621837 0 0.96268 18344.3 17577.5 766.801 0 -30.6035 -31.437 1 13226.9 318.544 12901 0.000124335
13000 1.66601 1.60457 0.0614445 0 0.963119 18511 17738 772.992 0 -30.6115 -31.4988 1 13326.9 319.745 13001 0.000123419
13100 1.63632 1.57594 0.0603778 0 0.963102 18674.6 17895.6 779.036 0 -30.6191 -31.4771 1 13426.9 320.943 13101 0.000120292
13200 1.63339 1.57354 0.0598507 0 0.963358 18837.9 18052.9 784.987 0 -30.6265 -31.4669 1 13526.9 322.136 13201 0.000119199
13300 1.62852 1.57186 0.0566567 0 0.96521 19001 18210.1 790.852 0 -30.6358 -31.713 1 13626.9 323.324 13301 0.000118176
13400 1.66809 1.60931 0.0587799 0 0.964762 19167.9 18371 796.863 0 -30.6447 -31.6591 1 13726.9 324.508 13401 0.000120088
13500 1.60593 1.55209 0.053839 0 0.966475 19329 18526.3 802.733 0 -30.6556 -31.9505 1 13826.9 325.688 13501 0.000114961
13600 1.6029 1.54824 0.0546616 0 0.965898 19489.3 18681.1 808.201 0 -30.6651 -31.8186 1 13926.9 326.864 13601 0.000113833
13700 1.56157 1.51205 0.0495183 0 0.968289 19645.9 18832.3 813.604 0 -30.675 -31.9017 1 14026.9 328.035 13701 0.000110361
13800 1.60078 1.54704 0.0537464 0 0.966425 19805.9 18987 818.9 0 -30.6852 -31.9406 1 14126.9 329.203 13801 0.000112096
13900 1.65161 1.59969 0.0519168 0 0.968566 19971.3 19147 824.345 0 -30.6945 -31.806 1 14226.9 330.366 13901 0.000115077
14000 1.6046 1.55421 0.0503993 0 0.968591 20131.8 19302.4 829.423 0 -30.7049 -32.0016 1 14326.9 331.525 14001 0.000111007
14100 1.56414 1.51347 0.0506658 0 0.967608 20288.5 19453.7 834.76 0 -30.7155 -32.0736 1 14426.9 332.68 14101 0.000107331
14200 1.62985 1.57311 0.0567392 0 0.965187 20451.3 19611 840.264 0 -30.7246 -31.8624 1 14526.9 333.831 14201 0.000110775
14300 1.75213 1.68796 0.0641748 0 0.963373 20626.4 19779.8 846.535 0 -30.7303 -31.3905 1 14626.9 334.978 14301 0.000118031
14400 1.71551 1.65266 0.0628455 0 0.963366 20797.9 19945.1 852.851 0 -30.7375 -31.6076 1 14726.9 336.121 14401 0.00011476
14500 1.73076 1.66946 0.0612995 0 0.964582 20971.2 20112 859.181 0 -30.7441 -31.5311 1 14826.9 337.26 14501 0.000115127
14600 1.78958 1.71931 0.0702675 0 0.960735 21149.8 20284 865.784 0 -30.7478 -31.1908 1 14926.9 338.396 14601 0.000117753
14700 1.77028 1.69566 0.0746191 0 0.957849 21326.1 20453.5 872.562 0 -30.7528 -31.3509 1 15026.9 339.527 14701 0.000115343
14800 1.69477 1.63291 0.0618602 0 0.963499 21495.9 20616.8 879.044 0 -30.761 -31.7819 1 15126.9 340.655 14801 0.000110324
14900 1.68143 1.61979 0.06164 0 0.963341 21664 20778.8 885.222 0 -30.7689 -31.7787 1 15226.9 341.779 14901 0.000108704
15000 1.69257 1.6282 0.064371 0 0.961969 21833.2 20941.6 891.55 0 -30.7754 -31.6135 1 15326.9 342.9 15001 0.000108539
15100 1.63339 1.57588 0.0575088 0 0.964792 21996.7 21099.2 897.484 0 -30.783 -31.7962 1 15426.9 344.016 15101 0.000104356
15200 1.60578 1.55091 0.0548684 0 0.965831 22157.4 21254.3 903.081 0 -30.7916 -31.9688 1 15526.9 345.13 15201 0.000102027
15300 1.64916 1.59194 0.0572195 0 0.965304 22322.4 21413.5 908.926 0 -30.7985 -31.7223 1 15626.9 346.239 15301 0.000104042
15400 1.58042 1.5238 0.056616 0 0.964177 22480.3 21565.9 914.395 0 -30.8063 -31.9114 1 15726.9 347.345 15401 9.89417e-05
15500 1.6234 1.56876 0.0546431 0 0.96634 22642.9 21722.8 920.089 0 -30.8153 -32.0617 1 15826.9 348.448 15501 0.000101204
15600 1.59931 1.54447 0.0548439 0 0.965708 22802.8 21877.2 925.564 0 -30.8237 -32.0111 1 15926.9 349.547 15601 9.89981e-05
15700 1.59589 1.5447 0.0511967 0 0.96792 22962.5 22031.7 930.87 0 -30.833 -32.159 1 16026.9 350.643 15701 9.83821e-05
15800 1.62158 1.56985 0.0517276 0 0.968101 23124.9 22188.7 936.22 0 -30.8407 -31.9276 1 16126.9 351.735 15801 9.93516e-05
15900 1.57742 1.52481 0.0526036 0 0.966652 23282.8 22341.1 941.652 0 -30.8492 -32.0967 1 16226.9 352.824 15901 9.58942e-05
16000 1.63877 1.58179 0.0569791 0 0.96523 23446.7 22499.3 947.37 0 -30.8549 -31.671 1 16326.9 353.909 16001 9.88555e-05
16100 1.64243 1.58852 0.0539084 0 0.967178 23611.3 22658.2 953.08 0 -30.8605 -31.6571 1 16426.9 354.991 16101 9.86595e-05
16200 1.59223 1.53945 0.0527817 0 0.966851 23770.6 22812.1 958.455 0 -30.8669 -31.8152 1 16526.9 356.07 16201 9.50221e-05
16300 1.57815 1.52806 0.0500952 0 0.968257 23928.7 22964.9 963.769 0 -30.8741 -31.9511 1 16626.9 357.146 16301 9.37401e-05
16400 1.64579 1.5824 0.0633905 0 0.961483 24092.5 23123.2 969.344 0 -30.8789 -31.5836 1 16726.9 358.218 16401 9.64821e-05
16500 1.6663 1.60214 0.0641584 0 0.961497 24258.9 23283.4 975.512 0 -30.8845 -31.6939 1 16826.9 359.287 16501 9.70938e-05
16600 1.6093 1.55751 0.0517944 0 0.967816 24420.6 23439.1 981.474 0 -30.8915 -31.9467 1 16926.9 360.353 16601 9.38202e-05
16700 1.62039 1.56398 0.0564131 0 0.965186 24582.8 23595.5 987.237 0 -30.8962 -31.5932 1 17026.9 361.416 16701 9.36458e-05
16800 1.64848 1.58745 0.0610267 0 0.96298 24747.3 23754.3 992.986 0 -30.9003 -31.5231 1 17126.9 362.476 16801 9.44855e-05
16900 1.68378 1.62222 0.0615525 0 0.963444 24915.7 23916.5 999.178 0 -30.9057 -31.7025 1 17226.9 363.533 16901 9.59839e-05
17000 1.66068 1.6038 0.0568792 0 0.965749 25082.1 24076.9 1005.18 0 -30.9122 -31.8749 1 17326.9 364.586 17001 9.43356e-05
17100 1.69879 1.63832 0.0604759 0 0.964401 25252.2 24240.7 1011.5 0 -30.919 -31.9184 1 17426.9 365.637 17101 9.58024e-05
17200 1.65963 1.59916 0.0604678 0 0.963565 25418.4 24400.6 1017.74 0 -30.9261 -32.0147 1 17526.9 366.684 17201 9.29691e-05
17300 1.60825 1.55062 0.057626 0 0.964168 25579.4 24555.7 1023.69 0 -30.934 -32.1822 1 17626.9 367.729 17301 8.96261e-05
17400 1.71324 1.64592 0.0673245 0 0.960703 25750.3 24720.3 1030.07 0 -30.9388 -31.6595 1 17726.9 368.771 17401 9.45874e-05
17500 1.69117 1.62383 0.0673481 0 0.960177 25918.8 24882.7 1036.12 0 -30.9433 -31.6231 1 17826.9 369.809 17501 9.27847e-05
17600 1.72994 1.66852 0.0614272 0 0.964492 26092.2 25049.5 1042.65 0 -30.9476 -31.5939 1 17926.9 370.845 17601 9.47966e-05
17700 1.66686 1.60262 0.0642392 0 0.961461 26258.6 25209.8 1048.84 0 -30.9524 -31.7001 1 18026.9 371.878 17701 9.05384e-05
17800 1.62997 1.5737 0.0562673 0 0.96548 26421.9 25367.1 1054.79 0 -30.9574 -31.7622 1 18126.9 372.908 17801 8.84054e-05
17900 1.65992 1.59887 0.0610502 0 0.963221 26587.6 25527 1060.58 0 -30.962 -31.6918 1 18226.9 373.935 17901 8.93175e-05
18000 1.68633 1.62379 0.0625391 0 0.962914 26756 25689.4 1066.6 0 -30.9669 -31.7406 1 18326.9 374.959 18001 9.02055e-05
18100 1.66843 1.60598 0.0624539 0 0.962567 26922.6 25850 1072.56 0 -30.9719 -31.7826 1 18426.9 375.981 18101 8.87231e-05
18200 1.73133 1.66294 0.0683971 0 0.960495 27095.3 26016.3 1078.96 0 -30.9752 -31.4916 1 18526.9 377 18201 9.13651e-05
18300 1.70366 1.64161 0.0620541 0 0.963576 27265.8 26180.5 1085.37 0 -30.9796 -31.6764 1 18626.9 378.016 18301 8.97004e-05
18400 1.6122 1.55786 0.0543433 0 0.966292 27427.3 26336.2 1091.07 0 -30.987 -32.2437 1 18726.9 379.029 18401 8.46615e-05
18500 1.61619 1.55376 0.0624291 0 0.961373 27588.4 26491.6 1096.73 0 -30.9926 -31.9301 1 18826.9 380.04 18501 8.39825e-05
18600 1.66653 1.60652 0.0600106 0 0.963991 27754.9 26652.3 1102.58 0 -30.9972 -31.7636 1 18926.9 381.048 18601 8.63672e-05
18700 1.71885 1.65844 0.0604086 0 0.964855 27926.7 26818.1 1108.62 0 -31.0008 -31.5799 1 19026.9 382.053 18701 8.86821e-05
18800 1.75385 1.69514 0.0587131 0 0.966523 28102.1 26987.6 1114.45 0 -31.0053 -31.7205 1 19126.9 383.056 18801 9.01621e-05
18900 1.83539 1.76976 0.0656265 0 0.964244 28285.4 27164.6 1120.76 0 -31.0084 -31.4888 1 19226.9 384.056 18901 9.36333e-05
19000 1.72751 1.6681 0.059407 0 0.965611 28458.4 27331.4 1127.01 0 -31.0136 -31.8671 1 19326.9 385.053 19001 8.77903e-05
19100 1.69673 1.64144 0.0552917 0 0.967413 28628.5 27495.6 1132.95 0 -31.0202 -32.1299 1 19426.9 386.048 19101 8.59349e-05
19200 1.64977 1.59962 0.0501466 0 0.969604 28793.9 27655.5 1138.35 0 -31.0267 -32.1396 1 19526.9 387.041 19201 8.33094e-05
19300 1.69216 1.637 0.0551588 0 0.967403 28963.2 27819.2 1143.98 0 -31.0328 -32.0781 1 19626.9 388.03 19301 8.48142e-05
19400 1.71302 1.65587 0.0571431 0 0.966642 29134.4 27984.8 1149.63 0 -31.0381 -31.9351 1 19726.9 389.018 19401 8.535e-05
19500 1.68164 1.62902 0.0526234 0 0.968707 29302.9 28147.7 1155.15 0 -31.0454 -32.3098 1 19826.9 390.002 19501 8.35351e-05
19600 1.65924 1.60686 0.0523786 0 0.968432 29469.1 28308.4 1160.67 0 -31.0522 -32.2373 1 19926.9 390.985 19601 8.19786e-05
19700 1.6778 1.62193 0.0558712 0 0.9667 29636.8 28470.6 1166.25 0 -31.0579 -32.0685 1 20026.9 391.964 19701 8.23271e-05
19800 1.6953 1.63627 0.0590336 0 0.965178 29806.3 28634.2 1172.12 0 -31.0624 -31.8406 1 20126.9 392.942 19801 8.26356e-05
19900 1.66289 1.60381 0.059076 0 0.964474 29972.4 28794.6 1177.82 0 -31.0664 -31.7904 1 20226.9 393.917 19901 8.05896e-05
20000 1.59192 1.53689 0.0550286 0 0.965432 30131.5 28948.3 1183.23 0 -31.0716 -32.0576 1 20325.9 394.88 20000 7.68444e-05
