100 0.00391178 0.00350343 0.000408345 0 0.895611 0.371984 0.350343 0.0216408 0 -29.9166 -29.9166 32 453.882 59.0081 4 0.000875858
200 0.00606911 0.0056042 0.000464905 0 0.923398 0.978835 0.910763 0.0680713 0 -28.435 -27.5269 32 549.882 64.9493 7 0.0008006
300 0.00486577 0.00452543 0.000340336 0 0.930055 1.47034 1.36331 0.107034 0 -28.4667 -28.5296 32 645.882 70.3909 10 0.000452543
400 0.0124462 0.0113834 0.00106279 0 0.91461 2.67453 2.50165 0.172884 0 -28.7108 -29.0089 32 741.882 75.441 13 0.000875646
500 0.0317373 0.0301938 0.00154352 0 0.951366 5.85565 5.52103 0.334621 0 -28.155 -27.6877 32 837.882 80.1736 16 0.00188711
600 0.0248908 0.0234506 0.00144024 0 0.942138 8.36977 7.86609 0.503688 0 -27.8675 -27.198 32 933.882 84.642 19 0.00123424
700 0.0253478 0.0230914 0.00225637 0 0.910984 10.8476 10.1752 0.672374 0 -28.0437 -28.6387 32 1029.88 88.8861 22 0.00104961
800 0.0376712 0.034692 0.00297923 0 0.920915 14.6575 13.6444 1.01305 0 -28.5168 -29.8638 32 1157.88 94.248 26 0.00133431
900 0.0288092 0.0274407 0.00136851 0 0.952497 17.6529 16.3885 1.26444 0 -29.0467 -31.6398 32 1253.88 98.0773 29 0.000946231
1000 0.0185291 0.0177839 0.000745199 0 0.959782 19.5451 18.1669 1.37818 0 -29.3204 -31.8734 32 1349.88 101.763 32 0.000555746
1100 0.0166809 0.0160019 0.000678993 0 0.959295 21.2079 19.7671 1.44085 0 -29.4928 -31.5194 32 1445.88 105.319 35 0.000457197
1200 0.0290151 0.0280402 0.000974833 0 0.966403 24.1383 22.5711 1.5672 0 -29.7982 -32.0083 32 1541.88 108.759 38 0.000737901
1300 0.0365946 0.034488 0.0021066 0 0.942434 27.7692 26.0199 1.74931 0 -29.7416 -29.3658 32 1637.88 112.094 41 0.000841171
1400 0.0303943 0.0286003 0.00179395 0 0.940977 30.7793 28.8799 1.8994 0 -29.7933 -30.27 32 1733.88 115.332 44 0.000650007
1500 0.027294 0.0261421 0.00115187 0 0.957798 33.5218 31.4941 2.02768 0 -29.9247 -31.3993 32 1829.88 118.482 47 0.000556215
1600 0.0259949 0.0248209 0.00117402 0 0.954836 36.1229 33.9762 2.14665 0 -29.9524 -30.3098 32 1957.88 122.556 51 0.000486684
1700 0.0418151 0.0392253 0.0025898 0 0.938065 40.2701 37.8988 2.37133 0 -29.8671 -29.1242 32 2053.88 125.524 54 0.000726394
1800 0.0336034 0.0309604 0.00264296 0 0.921348 43.5531 40.9948 2.55828 0 -29.8793 -30.0284 32 2149.88 128.424 57 0.000543165
1900 0.0392151 0.0376917 0.00152343 0 0.961152 47.5521 44.764 2.78812 0 -30.0684 -32.1278 32 2245.88 131.26 60 0.000628195
2000 0.0325702 0.0311778 0.00139233 0 0.957251 50.836 47.8818 2.95426 0 -30.1345 -31.0918 32 2341.88 134.036 63 0.000494886
2100 0.0279105 0.0267816 0.00112891 0 0.959552 53.6463 50.5599 3.08637 0 -30.2077 -31.531 32 2437.88 136.756 66 0.000405782
2200 0.0248294 0.0237067 0.00112265 0 0.954785 56.1279 52.9306 3.19735 0 -30.274 -31.7081 32 2533.88 139.423 69 0.000343576
2300 0.0240109 0.0229902 0.00102065 0 0.957492 58.547 55.2296 3.31735 0 -30.3303 -31.6358 32 2629.88 142.039 72 0.000319309
2400 0.0315283 0.0296149 0.00191337 0 0.939313 61.6397 58.1911 3.44856 0 -30.2663 -29.0564 32 2757.88 145.455 76 0.00038967
2500 0.0473968 0.0437984 0.00359839 0 0.924079 66.2789 62.5709 3.70791 0 -30.0637 -27.3716 32 2853.88 147.965 79 0.000554411
2600 0.0451228 0.0415366 0.00358628 0 0.920522 70.6941 66.7246 3.9695 0 -29.932 -27.9547 32 2949.88 150.433 82 0.000506543
2700 0.0402094 0.0380255 0.00218395 0 0.945686 74.7743 70.5272 4.24719 0 -29.9451 -30.1714 32 3045.88 152.861 85 0.000447359
2800 0.0306154 0.0291866 0.00142881 0 0.95333 77.8961 73.4458 4.45027 0 -29.9764 -30.7279 32 3141.88 155.251 88 0.000331666
2900 0.0324887 0.0305306 0.00195818 0 0.939728 81.1087 76.4989 4.60981 0 -29.9303 -28.8114 32 3237.88 157.605 91 0.000335501
3000 0.0316853 0.0302353 0.00144999 0 0.954238 84.3001 79.5224 4.77768 0 -29.8954 -29.0084 32 3333.88 159.925 94 0.000321652
3100 0.026589 0.0257604 0.000828591 0 0.968837 87.0028 82.0984 4.90436 0 -29.933 -31.107 32 3429.88 162.211 97 0.000265571
3200 0.0246327 0.0238495 0.000783242 0 0.968203 89.4949 84.4834 5.01148 0 -29.9763 -31.4871 32 3557.88 165.21 101 0.000236133
3300 0.0362115 0.0346599 0.0015516 0 0.957152 93.0894 87.9494 5.14004 0 -29.9134 -28.3484 32 3653.88 167.424 104 0.000333268
3400 0.0286396 0.0275727 0.00106688 0 0.962748 95.9583 90.7067 5.25162 0 -29.9015 -29.5144 32 3749.88 169.609 107 0.000257689
3500 0.0297317 0.0284836 0.00124815 0 0.958019 98.9333 93.555 5.37833 0 -29.9005 -29.8682 32 3845.88 171.766 110 0.000258942
3600 0.0257383 0.0246688 0.00106949 0 0.958447 101.517 96.0219 5.49502 0 -29.9136 -30.4147 32 3941.88 173.897 113 0.000218308
3700 0.022401 0.0218837 0.000517316 0 0.976907 103.778 98.2103 5.5681 0 -29.941 -31.1694 32 4037.88 176.002 116 0.000188653
3800 0.0322066 0.0302128 0.00199379 0 0.938094 107.061 101.232 5.82965 0 -29.9972 -31.7753 32 4133.88 178.082 119 0.000253889
3900 0.0244088 0.0233358 0.00107303 0 0.956039 109.544 103.565 5.97899 0 -30.0338 -31.611 32 4229.88 180.138 122 0.000191277
4000 0.0434707 0.0407509 0.00271985 0 0.937433 113.814 107.64 6.1735 0 -29.9286 -27.2292 32 4357.88 182.843 126 0.00032342
4100 0.0614924 0.0590166 0.0024758 0 0.959738 120.022 113.542 6.48047 0 -29.855 -28.5067 32 4453.88 184.846 129 0.000457493
4200 0.0418679 0.039756 0.0021119 0 0.949558 124.226 117.517 6.70829 0 -29.823 -28.9074 32 4549.88 186.827 132 0.000301182
4300 0.0321986 0.030685 0.00151363 0 0.952991 127.462 120.586 6.87571 0 -29.8227 -29.8115 32 4645.88 188.788 135 0.000227296
4400 0.0333258 0.0311831 0.00214273 0 0.935704 130.738 123.704 7.03363 0 -29.8016 -28.9822 32 4741.88 190.728 138 0.000225964
4500 0.0373968 0.0360307 0.00136615 0 0.963469 134.516 127.307 7.20868 0 -29.802 -29.8158 32 4837.88 192.649 141 0.000255537
4600 0.0383945 0.0365999 0.00179463 0 0.953258 138.327 130.967 7.35951 0 -29.8258 -30.6662 32 4933.88 194.551 144 0.000254166
4700 0.0441785 0.0418155 0.00236304 0 0.946512 142.685 135.149 7.53631 0 -29.8226 -29.7205 32 5029.88 196.435 147 0.000284459
4800 0.0427684 0.0411407 0.00162772 0 0.961941 146.999 139.263 7.73655 0 -29.8382 -30.3527 32 5157.88 198.919 151 0.000272455
4900 0.0452248 0.043029 0.00219575 0 0.951448 151.54 143.566 7.97427 0 -29.7919 -28.296 32 5253.88 200.761 154 0.000279409
5000 0.0342728 0.0327329 0.00153983 0 0.955071 154.996 146.839 8.15671 0 -29.7905 -29.7282 32 5349.88 202.587 157 0.00020849
5100 0.0328577 0.0316472 0.0012105 0 0.963159 158.297 150.004 8.2928 0 -29.8099 -30.7211 32 5445.88 204.397 160 0.000197795
5200 0.031813 0.0308522 0.000960752 0 0.9698 161.497 153.089 8.40816 0 -29.8322 -30.9359 32 5541.88 206.191 163 0.000189278
5300 0.0507723 0.0485163 0.00225601 0 0.955566 166.532 157.941 8.59167 0 -29.7514 -27.1591 32 5637.88 207.969 166 0.000292267
5400 0.0408434 0.0393865 0.00145694 0 0.964329 170.646 161.879 8.76639 0 -29.728 -28.7811 32 5733.88 209.732 169 0.000233056
5500 0.0550944 0.0522394 0.00285506 0 0.948179 176.075 167.103 8.97181 0 -29.6193 -26.2008 32 5829.88 211.48 172 0.000303717
5600 0.0593078 0.0566883 0.00261955 0 0.955831 182.049 172.772 9.2767 0 -29.5303 -26.9069 32 5957.88 213.789 176 0.000322092
5700 0.0577503 0.0545759 0.00317441 0 0.945032 187.793 178.23 9.56353 0 -29.4617 -27.2875 32 6053.88 215.505 179 0.000304893
5800 0.0545917 0.0524497 0.00214203 0 0.960763 193.297 183.475 9.8228 0 -29.4279 -28.277 32 6149.88 217.207 182 0.000288185
5900 0.0557989 0.0530512 0.00274768 0 0.950757 198.892 188.78 10.1121 0 -29.3959 -28.2886 32 6245.88 218.896 185 0.000286763
6000 0.0474809 0.0450181 0.00246279 0 0.948131 203.632 193.282 10.3508 0 -29.3643 -28.0399 32 6341.88 220.571 188 0.000239458
6100 0.0455364 0.0440872 0.00144918 0 0.968175 208.217 197.69 10.5263 0 -29.3733 -29.7735 32 6437.88 222.235 191 0.000230823
6200 0.0477998 0.0459006 0.0018992 0 0.960268 213.005 202.28 10.7245 0 -29.378 -29.5815 32 6533.88 223.885 194 0.000236601
6300 0.0478863 0.0464193 0.00146704 0 0.969364 217.846 206.922 10.9235 0 -29.3867 -29.7673 32 6629.88 225.524 197 0.000235631
6400 0.0415831 0.0403291 0.00125404 0 0.969843 222.034 210.955 11.0792 0 -29.4024 -30.2211 32 6757.88 227.691 201 0.000200642
6500 0.0359623 0.034957 0.00100525 0 0.972047 225.622 214.451 11.1709 0 -29.4267 -30.9301 32 6853.88 229.302 204 0.000171358
6600 0.0335712 0.032525 0.00104616 0 0.968837 228.948 217.703 11.2448 0 -29.4497 -31.0074 32 6949.88 230.903 207 0.000157126
6700 0.0345173 0.033643 0.000874345 0 0.974669 232.421 221.068 11.353 0 -29.4628 -30.3267 32 7045.88 232.492 210 0.000160205
6800 0.0347461 0.0338395 0.000906574 0 0.973909 235.894 224.452 11.4419 0 -29.4776 -30.4717 32 7141.88 234.07 213 0.000158871
6900 0.0401534 0.0386816 0.00147183 0 0.963345 239.87 228.32 11.5505 0 -29.5063 -31.2073 32 7237.88 235.638 216 0.000179081
7000 0.0423182 0.0405567 0.00176148 0 0.958375 244.111 232.376 11.7353 0 -29.5492 -31.978 32 7333.88 237.196 219 0.00018519
7100 0.0341662 0.0331306 0.00103562 0 0.969689 247.568 235.689 11.879 0 -29.5878 -32.3146 32 7429.88 238.743 222 0.000149237
7200 0.038177 0.0352868 0.00289027 0 0.924293 251.313 239.217 12.0954 0 -29.576 -28.794 32 7557.88 240.791 226 0.000156136
7300 0.0606812 0.0569561 0.00372513 0 0.938612 257.372 244.913 12.4593 0 -29.5205 -27.218 32 7653.88 242.315 229 0.000248717
7400 0.0518468 0.0476653 0.00418152 0 0.919349 262.477 249.679 12.7972 0 -29.4708 -26.9651 32 7749.88 243.83 232 0.000205454
7500 0.0456924 0.0430769 0.00261553 0 0.942758 267.072 253.987 13.0848 0 -29.4637 -29.0568 32 7845.88 245.336 235 0.000183306
7600 0.037377 0.0357145 0.00166244 0 0.955522 270.868 257.559 13.309 0 -29.4719 -30.0477 32 7941.88 246.832 238 0.000150061
7700 0.0356784 0.0343049 0.00137345 0 0.961505 274.452 260.989 13.4628 0 -29.4787 -29.9937 32 8037.88 248.32 241 0.000142344
7800 0.0340465 0.0330827 0.00096371 0 0.971694 277.884 264.297 13.5868 0 -29.4951 -30.8091 32 8133.88 249.798 244 0.000135585
7900 0.0427604 0.0419336 0.000826731 0 0.980666 282.224 268.491 13.7335 0 -29.5061 -30.2088 32 8229.88 251.268 247 0.000169772
8000 0.0446256 0.0432374 0.0013882 0 0.968892 286.697 272.814 13.8823 0 -29.5014 -29.2058 32 8357.88 253.214 251 0.000172261
8100 0.0431206 0.0411287 0.00199191 0 0.953806 290.988 276.927 14.0611 0 -29.4909 -28.7917 32 8453.88 254.664 254 0.000161924
8200 0.0516469 0.0492693 0.0023776 0 0.953964 296.145 281.854 14.2906 0 -29.4927 -29.5948 32 8549.88 256.106 257 0.000191709
8300 0.0437803 0.0413417 0.00243863 0 0.944298 300.496 285.988 14.5073 0 -29.4913 -29.3906 32 8645.88 257.54 260 0.000159006
8400 0.0445739 0.0426796 0.00189424 0 0.957503 304.971 290.256 14.7151 0 -29.4956 -29.7884 32 8741.88 258.966 263 0.00016228
8500 0.04235 0.0407284 0.00162163 0 0.961709 309.231 294.329 14.9017 0 -29.5072 -30.3369 32 8837.88 260.384 266 0.000153114
8600 0.0433634 0.0417748 0.00158851 0 0.963367 313.57 298.507 15.0636 0 -29.52 -30.4355 32 8933.88 261.794 269 0.000155297
8700 0.0514368 0.0498104 0.00162639 0 0.968381 318.77 303.488 15.2819 0 -29.5502 -31.3688 32 9029.88 263.197 272 0.000183126
8800 0.0382885 0.0370735 0.00121491 0 0.96827 322.614 307.195 15.4193 0 -29.5733 -31.4841 32 9157.88 265.056 276 0.000134324
8900 0.0370083 0.0359058 0.0011025 0 0.970209 326.306 310.786 15.5208 0 -29.5904 -31.0905 32 9253.88 266.442 279 0.000128695
9000 0.0377979 0.0367245 0.00107341 0 0.971601 330.091 314.458 15.6328 0 -29.6164 -31.8588 32 9349.88 267.82 282 0.000130229
9100 0.0415889 0.040447 0.00114189 0 0.972543 334.271 318.503 15.7686 0 -29.6427 -31.7156 32 9445.88 269.191 285 0.000141919
9200 0.0409597 0.039422 0.00153778 0 0.962456 338.336 322.445 15.8909 0 -29.6522 -30.4338 32 9541.88 270.556 288 0.000136882
9300 0.0405693 0.0394566 0.00111279 0 0.972571 342.405 326.391 16.014 0 -29.6689 -31.0573 32 9637.88 271.914 291 0.00013559
9400 0.0354161 0.0347875 0.000628552 0 0.982252 345.974 329.869 16.1044 0 -29.6931 -32.0156 32 9733.88 273.264 294 0.000118325
9500 0.032027 0.031589 0.00043803 0 0.986323 349.197 333.028 16.1684 0 -29.7205 -32.6599 32 9829.88 274.609 297 0.00010636
9600 0.0393575 0.038227 0.00113045 0 0.971277 353.107 336.851 16.2558 0 -29.7308 -30.6522 32 9957.88 276.391 301 0.000127
9700 0.0406979 0.039246 0.00145191 0 0.964325 357.175 340.776 16.3994 0 -29.7413 -30.6577 32 10053.9 277.72 304 0.000129099
9800 0.0346064 0.0334701 0.0011363 0 0.967165 360.635 344.123 16.5121 0 -29.7555 -31.2136 32 10149.9 279.043 307 0.000109023
9900 0.0359149 0.0349701 0.000944732 0 0.973695 364.267 347.62 16.6473 0 -29.7736 -31.5691 32 10245.9 280.359 310 0.000112807
10000 0.0368842 0.0353347 0.00154948 0 0.957991 367.941 351.153 16.7884 0 -29.79 -31.4154 32 10341.9 281.67 313 0.00011289
10100 0.0325347 0.0315921 0.000942564 0 0.971029 371.225 354.312 16.913 0 -29.8126 -32.3558 32 10437.9 282.974 316 9.99751e-05
10200 0.0313308 0.0303944 0.000936389 0 0.970113 374.365 357.352 17.0137 0 -29.8376 -32.7835 32 10533.9 284.272 319 9.52803e-05
10300 0.02905 0.0287007 0.000349359 0 0.987974 377.329 360.222 17.1073 0 -29.8692 -33.8615 32 10629.9 285.565 322 8.91326e-05
10400 0.0264179 0.0260314 0.000386479 0 0.985371 379.974 362.825 17.1494 0 -29.8943 -33.4794 32 10757.9 287.279 326 7.98509e-05
10500 0.0396611 0.0377989 0.00186222 0 0.953047 383.84 366.605 17.2349 0 -29.9154 -31.9932 32 10853.9 288.558 329 0.00011489
10600 0.0369827 0.0363046 0.000678115 0 0.981664 387.589 370.235 17.3537 0 -29.94 -32.4503 32 10949.9 289.831 332 0.000109351
10700 0.0478614 0.0469771 0.000884306 0 0.981524 392.416 374.933 17.4834 0 -29.9714 -32.495 32 11045.9 291.099 335 0.00014023
10800 0.0376222 0.0368034 0.000818826 0 0.978236 396.194 378.613 17.5804 0 -29.9877 -31.6849 32 11141.9 292.361 338 0.000108886
10900 0.0388451 0.0374859 0.00135925 0 0.965008 400.047 382.362 17.6849 0 -29.9986 -31.1169 32 11237.9 293.618 341 0.000109929
11000 0.0365105 0.035595 0.000915439 0 0.974927 403.74 385.921 17.8182 0 -30.0128 -31.553 32 11333.9 294.869 344 0.000103474
11100 0.03165 0.0307608 0.000889265 0 0.971903 406.913 388.997 17.9152 0 -30.0273 -31.8742 32 11429.9 296.115 347 8.86477e-05
11200 0.0299845 0.0295268 0.000457761 0 0.984733 409.956 391.95 18.0054 0 -30.0484 -32.8613 32 11557.9 297.769 351 8.41219e-05
11300 0.0298229 0.0281891 0.00163381 0 0.945216 412.846 394.769 18.0769 0 -30.0553 -31.0423 32 11653.9 299.003 354 7.96301e-05
11400 0.0427366 0.0393027 0.00343392 0 0.919649 416.908 398.699 18.2085 0 -30.0462 -29.1184 32 11749.9 300.232 357 0.000110092
11500 0.0591795 0.0568842 0.00229527 0 0.961215 422.858 404.388 18.4702 0 -30.0506 -30.3559 32 11845.9 301.456 360 0.000158012
11600 0.0447687 0.0426386 0.00213001 0 0.952422 427.337 408.652 18.6856 0 -30.0501 -30.0055 32 11941.9 302.675 363 0.000117462
11700 0.0380579 0.0368372 0.00122071 0 0.967925 431.202 412.335 18.8663 0 -30.054 -30.4846 32 12037.9 303.889 366 0.000100648
11800 0.0385315 0.0367469 0.00178456 0 0.953686 435.051 416.01 19.0405 0 -30.055 -30.1662 32 12133.9 305.098 369 9.95852e-05
11900 0.0550784 0.0525647 0.00251379 0 0.95436 440.57 421.266 19.3037 0 -30.0478 -29.4859 32 12229.9 306.303 372 0.000141303
12000 0.0420275 0.0406576 0.00136993 0 0.967404 444.83 425.332 19.4978 0 -30.0562 -30.919 32 12357.9 307.902 376 0.000108132
12100 0.0792032 0.076356 0.00284725 0 0.964051 452.728 432.968 19.7597 0 -30.078 -31.3039 32 12453.9 309.095 379 0.000201467
12200 0.060111 0.0580686 0.00204235 0 0.966024 458.763 438.775 19.9884 0 -30.1054 -32.161 32 12549.9 310.284 382 0.000152012
12300 0.0490343 0.0473565 0.00167777 0 0.965784 463.676 443.51 20.1651 0 -30.1303 -32.4601 32 12645.9 311.469 385 0.000123004
12400 0.0668511 0.0643192 0.00253186 0 0.962127 470.371 449.942 20.4288 0 -30.1252 -29.7718 32 12741.9 312.649 388 0.000165771
12500 0.0758146 0.0716358 0.00417887 0 0.94488 477.796 457.106 20.6905 0 -30.1079 -29.0111 32 12837.9 313.824 391 0.000183212
12600 0.0759148 0.0728616 0.00305318 0 0.959781 485.425 464.392 21.0333 0 -30.1047 -29.9071 32 12933.9 314.996 394 0.000184928
12700 0.0594705 0.0572105 0.00225995 0 0.961999 491.419 470.113 21.3063 0 -30.1143 -30.8921 32 13029.9 316.162 397 0.000144107
12800 0.0537053 0.052074 0.00163128 0 0.969625 496.823 475.32 21.5023 0 -30.127 -31.2785 32 13157.9 317.712 401 0.00012986
12900 0.0472819 0.0462082 0.00107366 0 0.977292 501.583 479.941 21.6416 0 -30.1459 -32.1233 32 13253.9 318.868 404 0.000114377
13000 0.0440182 0.0433865 0.000631684 0 0.985649 506.003 484.28 21.7234 0 -30.1686 -32.7352 32 13349.9 320.021 407 0.000106601
13100 0.0441741 0.0435516 0.000622575 0 0.985906 510.436 488.635 21.8013 0 -30.1898 -32.615 32 13445.9 321.17 410 0.000106223
13200 0.0485188 0.0474359 0.00108291 0 0.977681 515.284 493.379 21.905 0 -30.2059 -31.9023 32 13541.9 322.314 413 0.000114857
13300 0.0491647 0.0480707 0.00109399 0 0.977749 520.225 498.186 22.0392 0 -30.2269 -32.4187 32 13637.9 323.455 416 0.000115555
13400 0.0408272 0.0399151 0.000912008 0 0.977662 524.314 502.177 22.1363 0 -30.2499 -33.1702 32 13733.9 324.591 419 9.52629e-05
13500 0.0377615 0.0374273 0.000334172 0 0.99115 528.122 505.92 22.2022 0 -30.2721 -33.3331 32 13829.9 325.724 422 8.86903e-05
13600 0.0411375 0.0401306 0.00100691 0 0.975523 532.201 509.933 22.2676 0 -30.2844 -31.874 32 13957.9 327.228 426 9.42032e-05
13700 0.0581848 0.0544896 0.00369516 0 0.936493 537.849 515.382 22.4667 0 -30.2869 -30.5248 32 14053.9 328.351 429 0.000127015
13800 0.0521804 0.0502496 0.00193083 0 0.962997 543.092 520.407 22.6848 0 -30.2933 -30.9426 32 14149.9 329.47 432 0.000116319
13900 0.0443826 0.0432366 0.00114603 0 0.974178 547.57 524.731 22.8397 0 -30.3094 -32.2721 32 14245.9 330.586 435 9.93944e-05
14000 0.0395862 0.0386136 0.000972636 0 0.97543 551.548 528.592 22.9557 0 -30.3262 -32.6353 32 14341.9 331.698 438 8.81589e-05
14100 0.0348436 0.0341529 0.000690728 0 0.980176 555.042 532.007 23.0347 0 -30.3447 -33.2707 32 14437.9 332.807 441 7.74442e-05
14200 0.0355385 0.0347846 0.000753934 0 0.978785 558.605 535.486 23.1194 0 -30.3642 -33.387 32 14533.9 333.911 444 7.83437e-05
14300 0.0438549 0.0428601 0.000994833 0 0.977315 563.028 539.772 23.2563 0 -30.3847 -32.9843 32 14629.9 335.012 447 9.58839e-05
14400 0.0552029 0.052794 0.00240896 0 0.956362 568.504 545.051 23.4524 0 -30.3892 -30.8466 32 14757.9 336.474 451 0.00011706
14500 0.052768 0.0514318 0.00133615 0 0.974679 573.895 550.194 23.7006 0 -30.3939 -30.8952 32 14853.9 337.567 454 0.000113286
14600 0.0401027 0.0392766 0.000826076 0 0.979401 577.916 554.122 23.7944 0 -30.4053 -32.0337 32 14949.9 338.656 457 8.59444e-05
14700 0.0390591 0.0374196 0.00163955 0 0.958024 581.729 557.864 23.8649 0 -30.4148 -31.8446 32 15045.9 339.742 460 8.1347e-05
14800 0.0454226 0.0436455 0.00177705 0 0.960877 586.201 562.229 23.9729 0 -30.4199 -31.0917 32 15141.9 340.824 463 9.42668e-05
14900 0.0473931 0.0455213 0.00187183 0 0.960504 590.909 566.781 24.1286 0 -30.4246 -31.0028 32 15237.9 341.903 466 9.76852e-05
15000 0.0898844 0.0857443 0.0041401 0 0.95394 599.796 575.355 24.4406 0 -30.3938 -28.3459 32 15333.9 342.978 469 0.000182824
15100 0.0694366 0.0667952 0.00264144 0 0.961959 606.799 582.035 24.7647 0 -30.3825 -29.4172 32 15429.9 344.05 472 0.000141515
15200 0.0588263 0.0564667 0.0023596 0 0.959889 612.714 587.681 25.0327 0 -30.3802 -30.1383 32 15557.9 345.474 476 0.000118628
15300 0.0620809 0.0599014 0.00217954 0 0.964892 618.972 593.671 25.3005 0 -30.3759 -29.9576 32 15653.9 346.538 479 0.000125055
15400 0.0561293 0.0538999 0.0022294 0 0.960281 624.593 599.061 25.5316 0 -30.3788 -30.7019 32 15749.9 347.599 482 0.000111825
15500 0.0577729 0.0543791 0.0033938 0 0.941256 630.305 604.499 25.8058 0 -30.3776 -30.2418 32 15845.9 348.657 485 0.000112122
15600 0.0519147 0.0484835 0.00343117 0 0.933908 635.45 609.348 26.102 0 -30.3778 -30.4037 32 15941.9 349.711 488 9.93515e-05
15700 0.0477305 0.04558 0.00215047 0 0.954946 640.28 613.906 26.3744 0 -30.3853 -31.367 32 16037.9 350.763 491 9.2831e-05
15800 0.0588324 0.0555262 0.00330623 0 0.943803 646.139 619.458 26.6808 0 -30.3895 -30.8484 32 16133.9 351.811 494 0.000112401
15900 0.0572691 0.0553786 0.00189048 0 0.96699 651.979 624.996 26.9829 0 -30.408 -32.4567 32 16229.9 352.856 497 0.000111426
16000 0.047522 0.0461153 0.00140667 0 0.9704 656.756 629.608 27.148 0 -30.4231 -32.4815 32 16357.9 354.245 501 9.20465e-05
16100 0.0901594 0.0833009 0.00685842 0 0.92393 665.359 637.938 27.4215 0 -30.4319 -31.1042 32 16453.9 355.283 504 0.00016528
16200 0.0834253 0.0804395 0.00298578 0 0.96421 673.817 645.982 27.8351 0 -30.4536 -32.1651 32 16549.9 356.318 507 0.000158658
16300 0.0624888 0.0602641 0.00222471 0 0.964398 680.115 652.008 28.107 0 -30.473 -32.5482 32 16645.9 357.35 510 0.000118165
16400 0.0633438 0.0610057 0.00233802 0 0.96309 686.479 658.109 28.37 0 -30.4872 -32.0083 32 16741.9 358.379 513 0.00011892
16500 0.0623906 0.0593537 0.0030369 0 0.951324 692.684 664.044 28.6397 0 -30.4969 -31.5631 32 16837.9 359.405 516 0.000115027
16600 0.0536514 0.0521836 0.00146778 0 0.972642 698.097 669.262 28.8345 0 -30.5116 -32.3922 32 16933.9 360.428 519 0.000100546
16700 0.0479878 0.0469512 0.00103662 0 0.978398 702.898 673.958 28.9401 0 -30.5305 -33.2802 32 17029.9 361.448 522 8.99449e-05
16800 0.0493134 0.048133 0.00118039 0 0.976063 707.831 678.771 29.06 0 -30.55 -33.3296 32 17157.9 362.804 526 9.15076e-05
16900 0.0583638 0.0560351 0.00232864 0 0.960101 713.635 684.374 29.2604 0 -30.5552 -31.1916 32 17253.9 363.817 529 0.000105927
17000 0.0555871 0.0533413 0.00224583 0 0.959598 719.146 689.708 29.4377 0 -30.5613 -31.348 32 17349.9 364.828 532 0.000100266
17100 0.0642546 0.0619506 0.00230401 0 0.964142 725.591 695.904 29.6872 0 -30.5688 -31.4061 32 17445.9 365.836 535 0.000115795
17200 0.0909808 0.0883562 0.00262456 0 0.971153 734.699 704.739 29.9598 0 -30.5902 -32.2915 32 17541.9 366.841 538 0.000164231
17300 0.0656122 0.0636037 0.00200859 0 0.969387 741.293 711.1 30.193 0 -30.6086 -32.6684 32 17637.9 367.844 541 0.000117567
17400 0.0675403 0.0649224 0.0026179 0 0.961239 748.035 717.592 30.443 0 -30.6227 -32.1642 32 17733.9 368.843 544 0.000119343
17500 0.0593405 0.0576171 0.00172338 0 0.970958 754.041 723.353 30.6878 0 -30.6453 -33.4617 32 17829.9 369.84 547 0.000105333
17600 0.0659282 0.0633776 0.00255061 0 0.961312 760.643 729.691 30.9517 0 -30.649 -31.0773 32 17957.9 371.166 551 0.000115023
17700 0.0672263 0.0642245 0.00300182 0 0.955347 767.324 736.114 31.2106 0 -30.6559 -31.4392 32 18053.9 372.156 554 0.000115929
17800 0.0638079 0.0607692 0.00303868 0 0.952378 773.677 742.191 31.4865 0 -30.6637 -31.6067 32 18149.9 373.144 557 0.000109101
17900 0.0610973 0.0586394 0.00245785 0 0.959772 779.805 748.055 31.7507 0 -30.6755 -32.1611 32 18245.9 374.13 560 0.000104713
18000 0.0536557 0.051359 0.00229676 0 0.957195 785.166 753.19 31.976 0 -30.687 -32.3674 32 18341.9 375.113 563 9.12238e-05
18100 0.0540146 0.0520352 0.0019794 0 0.963354 790.596 758.394 32.2023 0 -30.7033 -33.0587 32 18437.9 376.093 566 9.19351e-05
18200 0.05994 0.0561926 0.00374736 0 0.937482 796.5 764.013 32.4863 0 -30.7077 -31.2963 32 18533.9 377.071 569 9.87568e-05
18300 0.0525819 0.051171 0.00141092 0 0.973167 801.834 769.13 32.7033 0 -30.72 -32.5565 32 18629.9 378.046 572 8.94598e-05
18400 0.0616793 0.0583041 0.00337516 0 0.945279 807.885 774.961 32.9239 0 -30.72 -30.7231 32 18757.9 379.343 576 0.000101222
18500 0.0567448 0.0541685 0.00257634 0 0.954598 813.572 780.378 33.1947 0 -30.7279 -31.8494 32 18853.9 380.312 579 9.35553e-05
18600 0.0627457 0.0577888 0.00495683 0 0.921001 819.631 786.156 33.4745 0 -30.7277 -30.7031 32 18949.9 381.279 582 9.92935e-05
18700 0.0694736 0.0670375 0.00243615 0 0.964934 826.627 792.86 33.7665 0 -30.7439 -32.6377 32 19045.9 382.244 585 0.000114594
18800 0.0536176 0.0518409 0.00177663 0 0.966865 832.02 798.044 33.9761 0 -30.7607 -33.3405 32 19141.9 383.206 588 8.81648e-05
18900 0.0757587 0.072455 0.00330369 0 0.956392 839.589 805.29 34.2996 0 -30.7593 -30.6006 32 19237.9 384.166 591 0.000122597
19000 0.0608166 0.0583075 0.00250907 0 0.958744 845.713 811.121 34.5921 0 -30.7681 -31.9782 32 19333.9 385.123 594 9.81608e-05
19100 0.0522655 0.0503573 0.00190817 0 0.963491 850.978 816.156 34.8217 0 -30.782 -33.0152 32 19429.9 386.078 597 8.43506e-05
19200 0.0495568 0.0479097 0.00164706 0 0.966764 855.954 820.947 35.0064 0 -30.7952 -33.0485 32 19557.9 387.348 601 7.97167e-05
19300 0.0590358 0.0552134 0.00382235 0 0.935254 861.724 826.469 35.2555 0 -30.7998 -31.4871 32 19653.9 388.297 604 9.1413e-05
19400 0.0862989 0.0824232 0.00387571 0 0.95509 870.404 834.711 35.6928 0 -30.778 -28.6139 32 19749.9 389.244 607 0.000135788
19500 0.0689297 0.0652571 0.00367264 0 0.946719 877.314 841.237 36.0773 0 -30.7766 -30.5985 32 19845.9 390.189 610 0.000106979
19600 0.0680184 0.0650281 0.00299023 0 0.956038 884.167 847.739 36.4275 0 -30.785 -31.8578 32 19941.9 391.132 613 0.000106082
19700 0.0644492 0.0609827 0.0034665 0 0.946213 890.572 853.838 36.734 0 -30.7931 -31.905 32 20037.9 392.072 616 9.89979e-05
19800 0.0599875 0.0573128 0.0026747 0 0.955412 896.592 859.569 37.0225 0 -30.8045 -32.4921 32 20133.9 393.01 619 9.25894e-05
19900 0.054515 0.0529079 0.00160706 0 0.970521 902.101 864.86 37.2413 0 -30.8214 -33.5691 32 20229.9 393.946 622 8.50609e-05
20000 0.0518423 0.0504534 0.00138898 0 0.973208 907.314 869.905 37.4089 0 -30.8365 -33.4528 32 20357.9 395.19 626 8.05964e-05
