100 0.000609069 0.000560459 4.86102e-05 0 0.920189 0.0634388 0.0560459 0.00739287 0 -25.6987 -25.6987 128 453.882 59.0081 1 0.000560459
200 0.00558178 0.00535865 0.000223131 0 0.960025 0.631508 0.591911 0.0395966 0 -32.1679 -32.8903 128 581.882 66.8124 2 0.00267933
300 0.00713797 0.00656617 0.000571798 0 0.919893 1.32572 1.24853 0.0771903 0 -31.1866 -30.294 128 709.882 73.796 3 0.00218872
400 0.00559155 0.00494615 0.000645398 0 0.884576 1.86741 1.74314 0.124268 0 -30.582 -29.1021 128 837.882 80.1736 4 0.00123654
500 0.0033452 0.00307489 0.00027031 0 0.919195 2.20479 2.05063 0.15416 0 -30.6252 -30.8645 128 837.882 80.1736 4 0.000768722
600 0.0143096 0.0135855 0.000724042 0 0.949402 3.64609 3.40919 0.236899 0 -30.0382 -29.1401 128 965.882 86.08 5 0.00271711
700 0.00783524 0.00711364 0.000721604 0 0.907903 4.43223 4.12055 0.311682 0 -29.7805 -28.5856 128 1093.88 91.6063 6 0.00118561
800 0.00690615 0.00638714 0.00051901 0 0.924848 5.13372 4.75926 0.374454 0 -29.9003 -30.6574 128 1221.88 96.8177 7 0.000912449
900 0.00572002 0.00522445 0.00049557 0 0.913362 5.68583 5.28171 0.40412 0 -29.9872 -30.7952 128 1349.88 101.763 8 0.000653056
1000 0.00538459 0.0051841 0.00020049 0 0.962766 6.22949 5.80012 0.429366 0 -30.0943 -31.2142 128 1349.88 101.763 8 0.000648013
1100 0.00466942 0.00455596 0.000113459 0 0.975702 6.70214 6.25572 0.446423 0 -30.103 -30.218 128 1477.88 106.478 9 0.000506218
1200 0.00383307 0.00376591 6.71613e-05 0 0.982478 7.08756 6.63231 0.45525 0 -30.1746 -31.4187 128 1605.88 110.993 10 0.000376591
1300 0.011822 0.010957 0.000865011 0 0.92683 8.21807 7.72801 0.490065 0 -29.7976 -27.4344 128 1733.88 115.332 11 0.000996091
1400 0.014935 0.0143945 0.000540506 0 0.963809 9.73758 9.16745 0.570125 0 -29.6866 -29.0861 128 1733.88 115.332 11 0.00130859
1500 0.024875 0.0237868 0.00108815 0 0.956255 12.2577 11.5461 0.71152 0 -29.3128 -27.8683 128 1861.88 119.513 12 0.00198224
1600 0.0158043 0.014899 0.000905267 0 0.94272 13.8477 13.036 0.811642 0 -29.1689 -28.0596 128 1989.88 123.553 13 0.00114608
1700 0.0118747 0.0113785 0.000496227 0 0.958211 15.0572 14.1739 0.883318 0 -29.1813 -29.3234 128 2117.88 127.465 14 0.000812749
1800 0.0100365 0.00947894 0.00055759 0 0.944444 16.0537 15.1218 0.931952 0 -29.2108 -29.6569 128 2245.88 131.26 15 0.00063193
1900 0.00821132 0.00807406 0.000137266 0 0.983283 16.8794 15.9292 0.950192 0 -29.3149 -31.3386 128 2245.88 131.26 15 0.00053827
2000 0.00972104 0.00960181 0.000119226 0 0.987735 17.8668 16.8894 0.977404 0 -29.5093 -32.8322 128 2373.88 134.949 16 0.000600113
2100 0.0113859 0.0110727 0.000313178 0 0.972494 19.002 17.9966 1.00535 0 -29.4336 -28.2429 128 2501.88 138.539 17 0.000651337
2200 0.010334 0.009827 0.00050705 0 0.950934 20.0229 18.9793 1.04351 0 -29.3698 -28.1822 128 2629.88 142.039 18 0.000545944
2300 0.00834678 0.00814032 0.000206462 0 0.975264 20.8622 19.7934 1.06884 0 -29.3928 -29.9417 128 2629.88 142.039 18 0.00045224
2400 0.00753566 0.00738082 0.000154838 0 0.979453 21.6201 20.5315 1.08864 0 -29.4491 -30.9977 128 2757.88 145.455 19 0.000388464
2500 0.00828646 0.00813823 0.000148235 0 0.982111 22.4602 21.3453 1.11496 0 -29.5809 -32.9732 128 2885.88 148.792 20 0.000406911
2600 0.00670618 0.0066159 9.02817e-05 0 0.986538 23.1331 22.0069 1.12626 0 -29.6545 -32.1101 128 3013.88 152.056 21 0.000315043
2700 0.00648227 0.0062948 0.000187474 0 0.971079 23.7712 22.6363 1.13488 0 -29.7038 -31.4905 128 3141.88 155.251 22 0.000286127
2800 0.00580029 0.00575912 4.11721e-05 0 0.992902 24.3574 23.2123 1.14515 0 -29.7692 -32.423 128 3141.88 155.251 22 0.000261778
2900 0.0111794 0.0111794 0 0 1 25.5094 24.3302 1.17924 0 -29.7428 -29.1857 128 3269.88 158.382 23 0.00048606
3000 0.00676622 0.00676622 0 0 1 26.1884 25.0068 1.18159 0 -29.7858 -31.4013 128 3397.88 161.452 24 0.000281926
3100 0.00566684 0.00558048 8.63621e-05 0 0.98476 26.7512 25.5649 1.18636 0 -29.833 -32.0249 128 3525.88 164.465 25 0.000223219
3200 0.00476454 0.00476454 0 0 1 27.2298 26.0413 1.18848 0 -29.8912 -33.149 128 3653.88 167.424 26 0.000183252
3300 0.0275966 0.026361 0.00123562 0 0.955226 30.0125 28.6774 1.33509 0 -29.7992 -28.8988 128 3653.88 167.424 26 0.00101388
3400 0.0277421 0.0262667 0.00147545 0 0.946816 32.7898 31.3041 1.48569 0 -29.9408 -31.4711 128 3781.88 170.331 27 0.00097284
3500 0.0191151 0.0175826 0.00153245 0 0.91983 34.6913 33.0623 1.62892 0 -29.9652 -30.3859 128 3909.88 173.19 28 0.00062795
3600 0.014367 0.0134516 0.00091536 0 0.936287 36.1277 34.4075 1.72023 0 -30.0133 -31.1753 128 4037.88 176.002 29 0.000463849
3700 0.0111345 0.0107208 0.000413719 0 0.962844 37.2515 35.4796 1.77195 0 -30.0883 -32.4973 128 4037.88 176.002 29 0.000369684
3800 0.0148012 0.0141968 0.00060431 0 0.959171 38.7368 36.8993 1.83748 0 -30.1596 -31.9483 128 4165.88 178.77 30 0.000473228
3900 0.0113196 0.0107953 0.000524313 0 0.953681 39.868 37.9788 1.88922 0 -30.2107 -31.9597 128 4293.88 181.495 31 0.000348235
4000 0.0104085 0.00996214 0.000446392 0 0.957113 40.9123 38.975 1.93732 0 -30.243 -31.4778 128 4421.88 184.18 32 0.000311317
4100 0.0147537 0.0123869 0.00236672 0 0.839584 42.1849 40.2137 1.97119 0 -30.158 -27.425 128 4549.88 186.827 33 0.000375362
4200 0.0247322 0.0239804 0.000751777 0 0.969603 44.6854 42.6118 2.0737 0 -30.1502 -30.019 128 4549.88 186.827 33 0.000726679
4300 0.0275445 0.0265238 0.00102074 0 0.962942 47.4569 45.2641 2.19279 0 -29.9476 -26.6799 128 4677.88 189.437 34 0.000780111
4400 0.0206035 0.0197918 0.000811644 0 0.960606 49.5311 47.2433 2.28774 0 -29.8896 -28.5639 128 4805.88 192.011 35 0.00056548
4500 0.0160172 0.015529 0.000488176 0 0.969522 51.1542 48.7962 2.35795 0 -29.8844 -29.7264 128 4933.88 194.551 36 0.000431361
4600 0.0129457 0.0126974 0.000248313 0 0.980819 52.4606 50.0659 2.39466 0 -29.9036 -30.6524 128 4933.88 194.551 36 0.000352705
4700 0.0121713 0.011993 0.000178287 0 0.985352 53.6905 51.2652 2.42522 0 -29.9281 -30.9763 128 5061.88 197.059 37 0.000324135
4800 0.0158204 0.0155658 0.000254605 0 0.983907 55.2925 52.8218 2.47068 0 -29.9154 -29.4885 128 5189.88 199.535 38 0.000409626
4900 0.0152661 0.0144101 0.000855996 0 0.943928 56.784 54.2628 2.52114 0 -29.9104 -29.7258 128 5317.88 201.98 39 0.000369489
5000 0.0138374 0.0129809 0.000856554 0 0.938099 58.1377 55.5609 2.57681 0 -29.914 -30.0628 128 5445.88 204.397 40 0.000324522
5100 0.0128205 0.012441 0.000379539 0 0.970396 59.4321 56.805 2.6271 0 -29.9381 -31.0222 128 5445.88 204.397 40 0.000311025
5200 0.015638 0.0151814 0.000456598 0 0.970802 61.019 58.3232 2.69583 0 -30.0066 -32.5723 128 5573.88 206.785 41 0.000370279
5300 0.0117546 0.0114096 0.00034504 0 0.970646 62.2015 59.4641 2.73735 0 -30.0595 -32.788 128 5701.88 209.146 42 0.000271656
5400 0.0100613 0.00991119 0.0001501 0 0.985081 63.2162 60.4552 2.76095 0 -30.112 -33.3329 128 5829.88 211.48 43 0.000230493
5500 0.00880409 0.00880409 0 0 1 64.1007 61.3356 2.76509 0 -30.1674 -34.1263 128 5829.88 211.48 43 0.000204746
5600 0.0159854 0.0155607 0.000424754 0 0.973429 65.7343 62.8917 2.84257 0 -30.2537 -33.6377 128 5957.88 213.789 44 0.000353652
5700 0.0107951 0.0103142 0.000480916 0 0.95545 66.8167 63.9231 2.89354 0 -30.3037 -33.3454 128 6085.88 216.074 45 0.000229203
5800 0.00955703 0.00924641 0.000310613 0 0.967499 67.7808 64.8478 2.93298 0 -30.3493 -33.505 128 6213.88 218.334 46 0.000201009
5900 0.00963718 0.00901248 0.000624706 0 0.935177 68.7158 65.749 2.96679 0 -30.3793 -32.5572 128 6341.88 220.571 47 0.000191755
6000 0.00859548 0.00842654 0.000168938 0 0.980346 69.6008 66.5917 3.00913 0 -30.4271 -34.1366 128 6341.88 220.571 47 0.000179288
6100 0.00778135 0.00766665 0.000114697 0 0.98526 70.3862 67.3583 3.02782 0 -30.4757 -34.782 128 6469.88 222.786 48 0.000159722
6200 0.00868308 0.00819724 0.000485837 0 0.944048 71.242 68.1781 3.06399 0 -30.5028 -32.7345 128 6597.88 224.979 49 0.000167291
6300 0.00802456 0.00772182 0.000302739 0 0.962273 72.0463 68.9502 3.09601 0 -30.5411 -33.9304 128 6725.88 227.151 50 0.000154436
6400 0.00702123 0.00697714 4.40888e-05 0 0.993721 72.7537 69.648 3.10577 0 -30.5879 -35.3541 128 6853.88 229.302 51 0.000136807
6500 0.00660289 0.0065831 1.97924e-05 0 0.997002 73.421 70.3063 3.11471 0 -30.627 -34.8929 128 6853.88 229.302 51 0.00012908
6600 0.00784075 0.00784075 0 0 1 74.2267 71.0903 3.13639 0 -30.6621 -33.8587 128 6981.88 231.434 52 0.000150784
6700 0.00864563 0.00837168 0.000273952 0 0.968313 75.0854 71.9275 3.15794 0 -30.6802 -32.2468 128 7109.88 233.545 53 0.000157956
6800 0.00794158 0.00741952 0.000522062 0 0.934262 75.8446 72.6695 3.17516 0 -30.6936 -32.0187 128 7237.88 235.638 54 0.000137398
6900 0.0073264 0.00698817 0.000338233 0 0.953834 76.5821 73.3683 3.21384 0 -30.7154 -32.9591 128 7237.88 235.638 54 0.000129411
7000 0.0106345 0.0101352 0.000499256 0 0.953053 77.6615 74.3818 3.27966 0 -30.7273 -31.5679 128 7365.88 237.713 55 0.000184277
7100 0.00693638 0.00684143 9.49442e-05 0 0.986312 78.3727 75.0659 3.30672 0 -30.7579 -34.1013 128 7493.88 239.769 56 0.000122168
7200 0.0119664 0.0113137 0.000652732 0 0.945453 79.5309 76.1973 3.33363 0 -30.7798 -32.262 128 7621.88 241.808 57 0.000198486
7300 0.00966785 0.00928346 0.000384384 0 0.960241 80.4942 77.1257 3.36858 0 -30.8082 -33.1513 128 7749.88 243.83 58 0.00016006
7400 0.00730409 0.00711443 0.000189665 0 0.974033 81.2299 77.8371 3.39281 0 -30.8399 -34.3055 128 7749.88 243.83 58 0.000122663
7500 0.00780651 0.00762504 0.000181463 0 0.976755 82.0193 78.5996 3.41967 0 -30.8678 -33.7417 128 7877.88 245.836 59 0.000129238
7600 0.00797026 0.00769192 0.00027834 0 0.965078 82.8149 79.3688 3.44614 0 -30.8934 -33.5291 128 8005.88 247.825 60 0.000128199
7700 0.0123877 0.0114275 0.000960283 0 0.922481 84.002 80.5115 3.49047 0 -30.9233 -33.0155 128 8133.88 249.798 61 0.000187335
7800 0.0115127 0.0112028 0.0003099 0 0.973082 85.1747 81.6318 3.54291 0 -30.9863 -35.4986 128 8133.88 249.798 61 0.000183652
7900 0.00821733 0.00801992 0.000197412 0 0.975976 86.0043 82.4338 3.57053 0 -31.023 -34.7866 128 8261.88 251.756 62 0.000129353
8000 0.00746164 0.00732486 0.000136779 0 0.981669 86.7591 83.1663 3.5928 0 -31.052 -34.3544 128 8389.88 253.699 63 0.000116268
8100 0.0314923 0.0303855 0.00110679 0 0.964855 89.8614 86.2049 3.65654 0 -30.9362 -27.6979 128 8517.88 255.626 64 0.000474774
8200 0.0291131 0.028381 0.000732086 0 0.974854 92.7995 89.043 3.7566 0 -30.8596 -28.5179 128 8645.88 257.54 65 0.00043663
8300 0.0197225 0.019097 0.00062547 0 0.968286 94.776 90.9527 3.82336 0 -30.8247 -29.1861 128 8645.88 257.54 65 0.0002938
8400 0.0157847 0.0152169 0.000567825 0 0.964027 96.3565 92.4743 3.88215 0 -30.8045 -29.5939 128 8773.88 259.439 66 0.000230559
8500 0.0273629 0.0263339 0.00102897 0 0.962395 99.0722 95.1077 3.96447 0 -30.7747 -29.7178 128 8901.88 261.325 67 0.000393043
8600 0.024579 0.0234131 0.00116587 0 0.952566 101.519 97.449 4.07033 0 -30.7364 -29.1829 128 9029.88 263.197 68 0.00034431
8700 0.0197517 0.0187634 0.000988334 0 0.949962 103.5 99.3254 4.17412 0 -30.7089 -29.3005 128 9029.88 263.197 68 0.000275932
8800 0.024147 0.0234102 0.00073683 0 0.969486 105.985 101.666 4.31827 0 -30.7092 -30.7221 128 9157.88 265.056 69 0.000339278
8900 0.0197987 0.0190197 0.000779018 0 0.960653 107.982 103.568 4.41331 0 -30.7155 -31.048 128 9285.88 266.902 70 0.00027171
9000 0.0193654 0.0185838 0.000781586 0 0.95964 109.915 105.427 4.48849 0 -30.7271 -31.3782 128 9413.88 268.735 71 0.000261744
9100 0.0176224 0.0168949 0.000727424 0 0.958722 111.67 107.116 4.55353 0 -30.7418 -31.6595 128 9541.88 270.556 72 0.000234652
9200 0.0153164 0.0149725 0.000343908 0 0.977546 113.208 108.613 4.59478 0 -30.7659 -32.5147 128 9541.88 270.556 72 0.000207951
9300 0.0127995 0.0127175 8.20508e-05 0 0.99359 114.501 109.885 4.61543 0 -30.7941 -33.2631 128 9669.88 272.365 73 0.000174212
9400 0.0137446 0.0135525 0.000192062 0 0.986026 115.887 111.24 4.64699 0 -30.8066 -31.8406 128 9797.88 274.161 74 0.000183142
9500 0.0124914 0.01232 0.00017144 0 0.986275 117.135 112.472 4.66263 0 -30.8215 -32.2071 128 9925.88 275.946 75 0.000164267
9600 0.0112769 0.0112277 4.92454e-05 0 0.995633 118.263 113.595 4.66806 0 -30.8417 -32.9381 128 10053.9 277.72 76 0.000147732
9700 0.0106989 0.0106673 3.1588e-05 0 0.997048 119.335 114.662 4.67329 0 -30.8712 -34.1314 128 10053.9 277.72 76 0.000140359
9800 0.0276416 0.026227 0.00141462 0 0.948823 122.139 117.285 4.85415 0 -30.9165 -32.8416 128 10181.9 279.482 77 0.000340611
9900 0.0154182 0.0146327 0.00078548 0 0.949055 123.736 118.748 4.9884 0 -30.9417 -32.8689 128 10309.9 281.233 78 0.000187599
10000 0.0207485 0.0175651 0.00318335 0 0.846574 125.616 120.504 5.11118 0 -30.9194 -29.4508 128 10437.9 282.974 79 0.000222343
10100 0.0167354 0.0160509 0.000684486 0 0.9591 127.362 122.11 5.25198 0 -30.9498 -33.1405 128 10437.9 282.974 79 0.000203176
10200 0.0130202 0.0125507 0.000469528 0 0.963938 128.676 123.365 5.31096 0 -30.9764 -33.555 128 10565.9 284.704 80 0.000156883
10300 0.0117934 0.011603 0.000190369 0 0.983858 129.882 124.525 5.35757 0 -31.0053 -34.082 128 10693.9 286.423 81 0.000143247
10400 0.013044 0.012425 0.000618939 0 0.95255 131.159 125.767 5.39168 0 -31.0058 -31.0552 128 10821.9 288.132 82 0.000151525
10500 0.0137944 0.0127358 0.00105856 0 0.923261 132.462 127.041 5.42113 0 -30.9971 -30.1215 128 10949.9 289.831 83 0.000153444
10600 0.0155214 0.0151828 0.0003386 0 0.978185 134.036 128.559 5.47691 0 -30.9991 -31.1685 128 10949.9 289.831 83 0.000182925
10700 0.0155353 0.0153337 0.00020161 0 0.987022 135.627 130.093 5.53403 0 -31.0235 -33.0784 128 11077.9 291.52 84 0.000182544
10800 0.0131245 0.0129033 0.000221169 0 0.983148 136.943 131.383 5.55979 0 -31.0314 -31.8502 128 11205.9 293.199 85 0.000151803
10900 0.0131079 0.0127803 0.000327603 0 0.975007 138.246 132.661 5.58516 0 -31.0461 -32.5863 128 11333.9 294.869 86 0.000148608
11000 0.0113174 0.0111578 0.000159507 0 0.985906 139.384 133.777 5.60729 0 -31.0679 -33.7205 128 11333.9 294.869 86 0.000129742
11100 0.0101048 0.00999938 0.000105403 0 0.989569 140.404 134.777 5.62712 0 -31.0902 -34.1404 128 11461.9 296.53 87 0.000114935
11200 0.0101336 0.00996438 0.00016918 0 0.983305 141.42 135.773 5.64654 0 -31.1087 -33.6608 128 11589.9 298.181 88 0.000113232
11300 0.0105429 0.0101368 0.000406047 0 0.961486 142.461 136.787 5.67409 0 -31.1138 -31.8144 128 11717.9 299.823 89 0.000113897
11400 0.00955458 0.00922976 0.000324828 0 0.966003 143.416 137.71 5.70621 0 -31.1224 -32.4056 128 11845.9 301.456 90 0.000102553
11500 0.0083801 0.00822835 0.000151748 0 0.981892 144.263 138.533 5.73069 0 -31.1377 -33.7215 128 11845.9 301.456 90 9.14261e-05
11600 0.00742703 0.00728864 0.00013839 0 0.981367 145.007 139.262 5.74518 0 -31.1533 -34.1877 128 11973.9 303.08 91 8.00949e-05
11700 0.0202732 0.0194907 0.000782517 0 0.961401 147.028 141.211 5.81746 0 -31.1711 -32.4436 128 12101.9 304.696 92 0.000211855
11800 0.015626 0.0150302 0.000595807 0 0.961871 148.597 142.714 5.88372 0 -31.1905 -33.0137 128 12229.9 306.303 93 0.000161615
11900 0.0113419 0.0113134 2.8478e-05 0 0.997489 149.754 143.845 5.90892 0 -31.2179 -34.7317 128 12229.9 306.303 93 0.000121649
12000 0.0100077 0.0100077 0 0 1 150.76 144.846 5.91413 0 -31.2474 -35.6327 128 12357.9 307.902 94 0.000106465
12100 0.00887534 0.00884986 2.54805e-05 0 0.997129 151.65 145.731 5.9197 0 -31.2731 -35.6398 128 12485.9 309.492 95 9.31565e-05
12200 0.0129116 0.0125679 0.000343686 0 0.973382 152.93 146.988 5.94256 0 -31.2686 -30.7305 128 12613.9 311.075 96 0.000130916
12300 0.0106251 0.0103896 0.000235478 0 0.977838 153.995 148.026 5.96829 0 -31.2775 -32.5581 128 12741.9 312.649 97 0.000107109
12400 0.00874805 0.00874805 0 0 1 154.88 148.901 5.97914 0 -31.2992 -35.0656 128 12741.9 312.649 97 9.01861e-05
12500 0.0147014 0.0144732 0.000228146 0 0.984481 156.37 150.349 6.0215 0 -31.2989 -31.2723 128 12869.9 314.215 98 0.000147686
12600 0.021903 0.0211043 0.000798716 0 0.963534 158.571 152.459 6.11185 0 -31.2344 -26.6484 128 12997.9 315.774 99 0.000213175
12700 0.0161402 0.0155327 0.000607484 0 0.962362 160.197 154.012 6.18422 0 -31.2038 -28.22 128 13125.9 317.325 100 0.000155327
12800 0.0121219 0.0119406 0.00018123 0 0.985049 161.428 155.206 6.22155 0 -31.1974 -30.3668 128 13253.9 318.868 101 0.000118224
12900 0.0264701 0.025478 0.000992113 0 0.962519 164.082 157.754 6.32762 0 -31.1455 -27.9874 128 13253.9 318.868 101 0.000252257
13000 0.0179314 0.0171986 0.000732764 0 0.959135 165.875 159.474 6.40139 0 -31.1221 -28.9785 128 13381.9 320.405 102 0.000168614
13100 0.0312638 0.0298703 0.00139346 0 0.955429 169 162.461 6.53848 0 -31.0183 -25.5076 128 13509.9 321.933 103 0.000290003
13200 0.0266769 0.0252419 0.00143497 0 0.946209 171.662 164.985 6.67628 0 -30.9441 -26.2341 128 13637.9 323.455 104 0.000242711
13300 0.0200387 0.0191634 0.000875285 0 0.95632 173.695 166.902 6.79341 0 -30.9044 -27.5588 128 13637.9 323.455 104 0.000184263
13400 0.018582 0.0177147 0.000867309 0 0.953325 175.575 168.673 6.90182 0 -30.8748 -28.1383 128 13765.9 324.969 105 0.000168712
13500 0.0170353 0.0162446 0.00079072 0 0.953583 177.286 170.298 6.98815 0 -30.8581 -29.1428 128 13893.9 326.476 106 0.00015325
13600 0.0148287 0.0143444 0.00048427 0 0.967342 178.77 171.732 7.03789 0 -30.8475 -29.5768 128 14021.9 327.977 107 0.00013406
13700 0.0159221 0.0143175 0.00160465 0 0.899219 180.25 173.164 7.0858 0 -30.8281 -28.4901 128 14149.9 329.47 108 0.000132569
13800 0.0179286 0.0177442 0.000184338 0 0.989718 182.102 174.938 7.16431 0 -30.8477 -32.7497 128 14149.9 329.47 108 0.000164299
13900 0.0129662 0.012805 0.000161161 0 0.987571 183.399 176.219 7.18061 0 -30.8577 -32.2682 128 14277.9 330.957 109 0.000117477
14000 0.0123724 0.0121275 0.000244807 0 0.980213 184.635 177.431 7.20363 0 -30.8667 -32.2045 128 14405.9 332.437 110 0.00011025
14100 0.0119912 0.0118483 0.000142906 0 0.988082 185.844 178.616 7.22754 0 -30.8806 -33.0048 128 14533.9 333.911 111 0.000106741
14200 0.0103022 0.0103022 0 0 1 186.88 179.646 7.23359 0 -30.8947 -33.4134 128 14533.9 333.911 111 9.28125e-05
14300 0.0100476 0.0100007 4.69038e-05 0 0.995332 187.888 180.647 7.24123 0 -30.9052 -32.8609 128 14661.9 335.378 112 8.92917e-05
14400 0.0144931 0.0140933 0.000399781 0 0.972416 189.331 182.056 7.27472 0 -30.892 -29.1724 128 14789.9 336.839 113 0.00012472
14500 0.0228278 0.0209918 0.00183599 0 0.919572 191.516 184.155 7.3607 0 -30.8559 -27.7217 128 14917.9 338.293 114 0.000184138
14600 0.0187716 0.0177689 0.00100273 0 0.946583 193.401 185.932 7.46885 0 -30.8406 -29.2946 128 15045.9 339.742 115 0.000154512
14700 0.0134931 0.0128944 0.000598614 0 0.955635 194.777 187.221 7.55614 0 -30.8379 -30.4598 128 15045.9 339.742 115 0.000112126
14800 0.0122485 0.0116605 0.000588056 0 0.95199 196.011 188.387 7.62331 0 -30.8359 -30.512 128 15173.9 341.184 116 0.000100521
14900 0.0106751 0.0101386 0.000536522 0 0.949741 197.083 189.401 7.6822 0 -30.8375 -31.1395 128 15301.9 342.62 117 8.66549e-05
15000 0.00999794 0.00955772 0.000440216 0 0.955969 198.079 190.357 7.72163 0 -30.8417 -31.6562 128 15429.9 344.05 118 8.09977e-05
15100 0.00910404 0.00878715 0.000316897 0 0.965192 198.991 191.236 7.75552 0 -30.8487 -32.3687 128 15429.9 344.05 118 7.44674e-05
15200 0.00852218 0.00837792 0.00014426 0 0.983072 199.859 192.074 7.78555 0 -30.8576 -32.8949 128 15557.9 345.474 119 7.04027e-05
15300 0.017439 0.0167372 0.000701749 0 0.95976 201.61 193.747 7.86231 0 -30.8224 -26.8131 128 15685.9 346.892 120 0.000139477
15400 0.0154161 0.0144353 0.00098079 0 0.936379 203.136 195.191 7.94554 0 -30.8038 -28.34 128 15813.9 348.305 121 0.0001193
15500 0.0123377 0.0116004 0.000737312 0 0.940239 204.381 196.351 8.02992 0 -30.7947 -29.3134 128 15941.9 349.711 122 9.50854e-05
15600 0.0102457 0.009857 0.000388721 0 0.96206 205.411 197.337 8.07438 0 -30.7931 -30.471 128 15941.9 349.711 122 8.07951e-05
15700 0.0129277 0.0124444 0.000483395 0 0.962608 206.713 198.581 8.13197 0 -30.7897 -30.2619 128 16069.9 351.113 123 0.000101174
15800 0.0111499 0.0106514 0.000498571 0 0.955285 207.835 199.646 8.18848 0 -30.7874 -30.3622 128 16197.9 352.508 124 8.58981e-05
15900 0.0108764 0.0104089 0.000467522 0 0.957015 208.921 200.687 8.23355 0 -30.7882 -30.9402 128 16325.9 353.898 125 8.3271e-05
16000 0.00950725 0.00920684 0.000300408 0 0.968402 209.875 201.608 8.26745 0 -30.7921 -31.6491 128 16453.9 355.283 126 7.30701e-05
16100 0.011444 0.0111147 0.000329296 0 0.971226 211.042 202.719 8.32298 0 -30.7849 -29.4758 128 16453.9 355.283 126 8.82121e-05
16200 0.00886562 0.00860208 0.000263535 0 0.970275 211.933 203.579 8.35363 0 -30.7861 -31.0921 128 16581.9 356.662 127 6.77329e-05
16300 0.0280241 0.0268671 0.00115698 0 0.958715 214.73 206.266 8.4639 0 -30.8015 -31.9648 128 16709.9 358.036 128 0.000209899
16400 0.021805 0.0201741 0.0016309 0 0.925205 216.873 208.283 8.58902 0 -30.7957 -30.2147 128 16837.9 359.405 129 0.000156388
16500 0.0163397 0.0155497 0.000789932 0 0.951656 218.525 209.838 8.68692 0 -30.7943 -30.6139 128 16837.9 359.405 129 0.000120541
16600 0.016357 0.0157303 0.000626632 0 0.96169 220.186 211.411 8.77439 0 -30.8012 -31.7041 128 16965.9 360.768 130 0.000121003
16700 0.0158962 0.0152199 0.000676344 0 0.957452 221.788 212.933 8.85456 0 -30.8067 -31.5577 128 17093.9 362.127 131 0.000116182
16800 0.0192405 0.0181029 0.0011376 0 0.940875 223.665 214.744 8.92166 0 -30.809 -31.0832 128 17221.9 363.48 132 0.000137143
16900 0.0159268 0.0149926 0.00093419 0 0.941345 225.248 216.243 9.00507 0 -30.813 -31.376 128 17349.9 364.828 133 0.000112726
17000 0.0129391 0.0123524 0.000586654 0 0.95466 226.549 217.478 9.0708 0 -30.8175 -31.6025 128 17349.9 364.828 133 9.28754e-05
17100 0.0110274 0.0106367 0.000390667 0 0.964573 227.667 218.542 9.12498 0 -30.8273 -32.8052 128 17477.9 366.171 134 7.93783e-05
17200 0.0101622 0.00976142 0.000400825 0 0.960557 228.687 219.518 9.1687 0 -30.8367 -32.9478 128 17605.9 367.51 135 7.23068e-05
17300 0.0136526 0.0128796 0.000773036 0 0.943378 230.002 220.806 9.19575 0 -30.8364 -30.7863 128 17733.9 368.843 136 9.47029e-05
17400 0.0133876 0.0129406 0.000446989 0 0.966612 231.344 222.1 9.24417 0 -30.8405 -31.5363 128 17733.9 368.843 136 9.51516e-05
17500 0.0104002 0.0101113 0.000288884 0 0.972223 232.39 223.111 9.27829 0 -30.8514 -33.2712 128 17861.9 370.172 137 7.38051e-05
17600 0.0163731 0.0156979 0.000675262 0 0.958758 234.026 224.681 9.34458 0 -30.8507 -30.7543 128 17989.9 371.496 138 0.000113753
17700 0.0119865 0.0115141 0.000472315 0 0.960596 235.242 225.832 9.40937 0 -30.8548 -31.6329 128 18117.9 372.815 139 8.28356e-05
17800 0.0101954 0.00959108 0.000604319 0 0.940726 236.249 226.792 9.45708 0 -30.8582 -31.6585 128 18245.9 374.13 140 6.85077e-05
17900 0.00906623 0.00873862 0.000327614 0 0.963864 237.159 227.665 9.49312 0 -30.8645 -32.5085 128 18245.9 374.13 140 6.24187e-05
18000 0.0133796 0.0130208 0.000358868 0 0.973178 238.51 228.967 9.54303 0 -30.8542 -29.0357 128 18373.9 375.44 141 9.23458e-05
18100 0.0130824 0.0126683 0.000414054 0 0.96835 239.828 230.234 9.59395 0 -30.8445 -29.1002 128 18501.9 376.745 142 8.92137e-05
18200 0.0107548 0.0103313 0.000423532 0 0.960619 240.906 231.267 9.63848 0 -30.8409 -30.0391 128 18629.9 378.046 143 7.22469e-05
18300 0.00897113 0.00875664 0.000214491 0 0.976091 241.815 232.143 9.67215 0 -30.8429 -31.3761 128 18629.9 378.046 143 6.12353e-05
18400 0.011117 0.0110072 0.000109811 0 0.990122 242.947 233.244 9.70349 0 -30.8527 -32.9451 128 18757.9 379.343 144 7.64391e-05
18500 0.00858303 0.00854773 3.53003e-05 0 0.995887 243.813 234.099 9.71449 0 -30.8623 -33.5424 128 18885.9 380.635 145 5.89499e-05
18600 0.0138883 0.0134301 0.000458132 0 0.967013 245.19 235.442 9.74802 0 -30.8466 -28.0623 128 19013.9 381.923 146 9.19872e-05
18700 0.0126257 0.0122567 0.000369015 0 0.970773 246.45 236.667 9.78242 0 -30.8397 -29.4983 128 19141.9 383.206 147 8.33788e-05
18800 0.0108912 0.0107436 0.000147614 0 0.986446 247.546 237.742 9.80393 0 -30.8433 -31.6591 128 19141.9 383.206 147 7.30857e-05
18900 0.00880528 0.0087675 3.77809e-05 0 0.995709 248.432 238.618 9.81325 0 -30.8502 -32.7876 128 19269.9 384.485 148 5.92398e-05
19000 0.0105362 0.0100783 0.000457904 0 0.95654 249.477 239.626 9.85059 0 -30.8457 -29.7691 128 19397.9 385.76 149 6.76398e-05
19100 0.00898373 0.0085636 0.000420123 0 0.953235 250.378 240.483 9.89564 0 -30.8458 -30.8813 128 19525.9 387.031 150 5.70907e-05
19200 0.00746412 0.00721441 0.00024971 0 0.966545 251.126 241.204 9.9215 0 -30.85 -32.2297 128 19653.9 388.297 151 4.77776e-05
19300 0.007597 0.00734729 0.00024971 0 0.96713 251.892 241.939 9.95314 0 -30.8551 -32.5351 128 19653.9 388.297 151 4.86576e-05
19400 0.0234141 0.0223037 0.00111043 0 0.952574 254.244 244.169 10.0745 0 -30.7957 -24.4371 128 19781.9 389.56 152 0.000146735
19500 0.0191475 0.0177699 0.00137762 0 0.928053 256.153 245.946 10.2068 0 -30.767 -26.948 128 19909.9 390.818 153 0.000116143
19600 0.024317 0.0216547 0.00266231 0 0.890517 258.46 248.112 10.3485 0 -30.7155 -24.9951 128 20037.9 392.072 154 0.000140615
19700 0.0242372 0.0237162 0.000520973 0 0.978505 260.988 250.483 10.5048 0 -30.6847 -27.5365 128 20037.9 392.072 154 0.000154001
19800 0.0172867 0.0169812 0.000305482 0 0.982328 262.744 252.181 10.5629 0 -30.677 -29.5353 128 20165.9 393.322 155 0.000109556
19900 0.0177618 0.0169974 0.000764382 0 0.956965 264.514 253.881 10.6332 0 -30.6654 -28.9344 128 20293.9 394.569 156 0.000108958
20000 0.0152026 0.0145089 0.000693721 0 0.954368 266.032 255.332 10.7002 0 -30.661 -29.9035 128 20421.9 395.811 157 9.24132e-05
