100 0.0990009 0.0898109 0.00919006 0 0.907172 9.48563 8.98109 0.504541 0 -27.0094 -27.0094 4 429.882 57.4268 26 0.00345426
200 0.131212 0.121293 0.00991906 0 0.924404 22.5047 21.1104 1.39432 0 -27.2247 -27.3816 4 529.882 63.7572 51 0.00237829
300 0.123342 0.114902 0.00844017 0 0.931571 34.9234 32.6006 2.32288 0 -27.3956 -27.7053 4 629.882 69.5136 76 0.00151187
400 0.13571 0.125767 0.00994338 0 0.926731 48.5034 45.1772 3.32614 0 -27.5822 -28.0622 4 729.882 74.8284 101 0.00124522
500 0.192697 0.177952 0.0147456 0 0.923478 67.4939 62.9724 4.52152 0 -27.3946 -26.9152 4 829.882 79.7899 126 0.00141232
600 0.21175 0.197788 0.0139619 0 0.934064 88.6531 82.7512 5.90184 0 -27.7083 -28.709 4 929.882 84.4605 151 0.00130986
700 0.212332 0.198132 0.0141998 0 0.933125 109.901 102.564 7.33628 0 -27.8939 -28.6686 4 1029.88 88.8861 176 0.00112575
800 0.229883 0.2177 0.0121831 0 0.947003 133.156 124.335 8.82107 0 -27.9501 -28.2153 4 1129.88 93.1015 201 0.00108309
900 0.213924 0.201482 0.0124426 0 0.941837 154.698 144.483 10.2149 0 -27.9578 -28.0059 4 1229.88 97.1341 226 0.000891512
1000 0.201218 0.189236 0.0119821 0 0.940452 174.858 163.406 11.4513 0 -27.9712 -28.0735 4 1329.88 101.006 251 0.000753928
1100 0.213194 0.201694 0.0114998 0 0.94606 196.266 183.576 12.6903 0 -28.045 -28.6483 4 1429.88 104.735 276 0.000730777
1200 0.211201 0.19921 0.0119913 0 0.943223 217.248 203.497 13.7516 0 -28.1392 -29.0206 4 1529.88 108.335 301 0.000661826
1300 0.208307 0.198606 0.00970041 0 0.953432 238.28 223.357 14.9229 0 -28.2661 -29.5759 4 1629.88 111.82 326 0.000609221
1400 0.211419 0.199313 0.0121056 0 0.942741 259.312 243.289 16.0237 0 -28.3471 -29.2658 4 1729.88 115.199 351 0.000567844
1500 0.259973 0.24821 0.0117637 0 0.95475 285.433 268.11 17.3237 0 -28.3668 -28.5621 4 1829.88 118.482 376 0.000660132
1600 0.221426 0.210874 0.0105517 0 0.952346 307.676 289.197 18.4792 0 -28.4498 -29.5148 4 1929.88 121.676 401 0.00052587
1700 0.255225 0.241332 0.013893 0 0.945566 333.019 313.33 19.6884 0 -28.4928 -29.0145 4 2029.88 124.789 426 0.000566508
1800 0.23673 0.224677 0.0120524 0 0.949088 356.672 335.798 20.8736 0 -28.5507 -29.3661 4 2129.88 127.826 451 0.000498176
1900 0.287389 0.27403 0.0133583 0 0.953518 385.492 363.201 22.2911 0 -28.5488 -28.5252 4 2229.88 130.792 476 0.000575694
2000 0.259618 0.248816 0.0108023 0 0.958391 411.645 388.083 23.5623 0 -28.6228 -29.713 4 2329.88 133.692 501 0.000496639
2100 0.244031 0.23303 0.0110009 0 0.95492 436.01 411.386 24.6244 0 -28.6774 -29.6002 4 2429.88 136.531 526 0.000443023
2200 0.264221 0.251668 0.0125532 0 0.95249 462.415 436.552 25.8628 0 -28.7106 -29.2596 4 2529.88 139.313 551 0.000456747
2300 0.294345 0.28075 0.0135951 0 0.953812 491.823 464.627 27.1957 0 -28.7723 -29.742 4 2629.88 142.039 576 0.000487413
2400 0.34551 0.327114 0.0183959 0 0.946757 526.241 497.339 28.9019 0 -28.8509 -29.9738 4 2729.88 144.714 601 0.000544283
2500 0.307659 0.293858 0.0138005 0 0.955144 557.194 526.725 30.4699 0 -28.9204 -30.102 4 2829.88 147.341 626 0.000469422
2600 0.276559 0.263167 0.0133918 0 0.951577 584.84 553.041 31.7987 0 -28.9743 -30.0605 4 2929.88 149.922 651 0.00040425
2700 0.359329 0.34335 0.0159796 0 0.955529 620.869 587.376 33.4926 0 -28.9821 -29.1097 4 3029.88 152.459 676 0.000507914
2800 0.301328 0.28706 0.0142677 0 0.952651 651.008 616.082 34.9256 0 -29.0199 -29.7982 4 3129.88 154.954 701 0.000409501
2900 0.309359 0.293209 0.0161496 0 0.947797 681.847 645.403 36.4442 0 -29.0507 -29.7017 4 3229.88 157.41 726 0.000403869
3000 0.298326 0.283498 0.0148282 0 0.950295 711.685 673.753 37.9316 0 -29.0961 -30.1316 4 3329.88 159.829 751 0.000377494
3100 0.289404 0.275433 0.0139716 0 0.951723 740.627 701.296 39.3309 0 -29.1338 -30.0606 4 3429.88 162.211 776 0.000354939
3200 0.330765 0.315918 0.0148477 0 0.955111 773.826 732.888 40.9376 0 -29.1615 -29.7796 4 3529.88 164.558 801 0.000394404
3300 0.343457 0.327406 0.0160506 0 0.953268 808.208 765.629 42.5789 0 -29.1878 -29.7809 4 3629.88 166.873 826 0.000396375
3400 0.316691 0.303054 0.0136378 0 0.956937 839.978 795.934 44.0438 0 -29.216 -29.9339 4 3729.88 169.156 851 0.000356115
3500 0.320172 0.307477 0.0126944 0 0.960351 872.164 826.682 45.4825 0 -29.23 -29.5937 4 3829.88 171.409 876 0.000351002
3600 0.297489 0.283498 0.0139906 0 0.952971 901.84 855.032 46.8085 0 -29.2582 -30.088 4 3929.88 173.632 901 0.000314648
3700 0.309523 0.297362 0.0121613 0 0.960709 932.871 884.768 48.1037 0 -29.2923 -30.2828 4 4029.88 175.827 926 0.000321125
3800 0.38717 0.37103 0.0161402 0 0.958312 971.547 921.871 49.6764 0 -29.3254 -30.1234 4 4129.88 177.995 951 0.000390147
3900 0.361944 0.34601 0.0159334 0 0.955978 1007.67 956.472 51.1944 0 -29.3537 -30.1147 4 4229.88 180.138 976 0.000354519
4000 0.364741 0.348907 0.0158341 0 0.956588 1044.25 991.362 52.8841 0 -29.3696 -29.8098 4 4329.88 182.254 1001 0.000348558
4100 0.412214 0.395144 0.0170707 0 0.958588 1085.61 1030.88 54.7353 0 -29.3937 -30.0011 4 4429.88 184.347 1026 0.00038513
4200 0.33949 0.325794 0.0136961 0 0.959657 1119.72 1063.46 56.2649 0 -29.4291 -30.5553 4 4529.88 186.416 1051 0.000309985
4300 0.359687 0.345724 0.0139631 0 0.96118 1155.78 1098.03 57.7563 0 -29.4642 -30.5533 4 4629.88 188.463 1076 0.000321305
4400 0.327568 0.315316 0.0122519 0 0.962597 1188.63 1129.56 59.0734 0 -29.5106 -31.1442 4 4729.88 190.487 1101 0.000286391
4500 0.291762 0.283827 0.00793509 0 0.972803 1218 1157.94 60.0588 0 -29.5582 -31.4833 4 4829.88 192.49 1126 0.000252066
4600 0.360738 0.347232 0.0135059 0 0.96256 1254 1192.67 61.3334 0 -29.5962 -30.8816 4 4929.88 194.473 1151 0.000301679
4700 0.335899 0.321409 0.01449 0 0.956862 1287.43 1224.81 62.6257 0 -29.6265 -30.7668 4 5029.88 196.435 1176 0.000273307
4800 0.334364 0.323389 0.0109756 0 0.967175 1321.14 1257.15 63.9898 0 -29.6606 -30.9627 4 5129.88 198.378 1201 0.000269266
4900 0.338969 0.321822 0.0171472 0 0.949414 1354.57 1289.33 65.2463 0 -29.6698 -30.0311 4 5229.88 200.302 1226 0.000262498
5000 0.443365 0.424832 0.0185325 0 0.9582 1398.99 1331.81 67.1793 0 -29.6635 -29.4731 4 5329.88 202.208 1251 0.000339594
5100 0.395532 0.379502 0.0160308 0 0.95947 1438.71 1369.76 68.9472 0 -29.6721 -29.9736 4 5429.88 204.096 1276 0.000297415
5200 0.371428 0.356019 0.0154088 0 0.958515 1476 1405.36 70.6393 0 -29.6805 -30.0057 4 5529.88 205.967 1301 0.00027365
5300 0.333238 0.322092 0.0111461 0 0.966552 1509.58 1437.57 72.0116 0 -29.7067 -30.8557 4 5629.88 207.821 1326 0.000242905
5400 0.310681 0.298854 0.0118268 0 0.961933 1540.64 1467.46 73.18 0 -29.7292 -30.8232 4 5729.88 209.659 1351 0.00022121
5500 0.347945 0.335577 0.0123686 0 0.964453 1575.5 1501.02 74.4873 0 -29.7526 -30.789 4 5829.88 211.48 1376 0.000243878
5600 0.330046 0.319306 0.0107401 0 0.967459 1608.68 1532.95 75.7383 0 -29.7804 -31.0984 4 5929.88 213.286 1401 0.000227913
5700 0.337853 0.325152 0.012701 0 0.962407 1642.46 1565.46 77.0029 0 -29.801 -30.7807 4 6029.88 215.077 1426 0.000228017
5800 0.318473 0.307169 0.0113045 0 0.964504 1674.39 1596.18 78.2116 0 -29.8257 -31.1002 4 6129.88 216.853 1451 0.000211695
5900 0.424621 0.406886 0.017735 0 0.958233 1716.67 1636.87 79.8052 0 -29.8328 -30.112 4 6229.88 218.615 1476 0.000275668
6000 0.382551 0.367397 0.0151539 0 0.960387 1755.03 1673.61 81.4205 0 -29.8493 -30.5904 4 6329.88 220.363 1501 0.000244768
6100 0.35607 0.341534 0.0145367 0 0.959175 1790.6 1707.76 82.8404 0 -29.8646 -30.6172 4 6429.88 222.096 1526 0.00022381
6200 0.380267 0.363497 0.0167704 0 0.955898 1828.59 1744.11 84.4763 0 -29.872 -30.219 4 6529.88 223.817 1551 0.000234363
6300 0.334358 0.321359 0.0129989 0 0.961123 1862.05 1776.25 85.8001 0 -29.8873 -30.7241 4 6629.88 225.524 1576 0.000203908
6400 0.321124 0.31077 0.0103546 0 0.967755 1894.41 1807.32 87.0825 0 -29.9013 -30.7079 4 6729.88 227.219 1601 0.00019411
6500 0.332433 0.319465 0.0129687 0 0.960989 1927.61 1839.27 88.339 0 -29.9149 -30.6921 4 6829.88 228.9 1626 0.000196473
6600 0.335646 0.324299 0.011347 0 0.966194 1961.42 1871.7 89.7254 0 -29.9325 -30.9354 4 6929.88 230.57 1651 0.000196426
6700 0.320313 0.310259 0.0100537 0 0.968613 1993.67 1902.72 90.9487 0 -29.955 -31.3253 4 7029.88 232.228 1676 0.000185119
6800 0.389902 0.375374 0.0145281 0 0.962739 2032.62 1940.26 92.3579 0 -29.9691 -30.6904 4 7129.88 233.874 1701 0.000220678
6900 0.382471 0.367409 0.0150628 0 0.960617 2070.91 1977 93.9025 0 -29.9769 -30.3922 4 7229.88 235.508 1726 0.000212867
7000 0.379972 0.362636 0.0173364 0 0.954374 2108.72 2013.27 95.4564 0 -29.9806 -30.1793 4 7329.88 237.131 1751 0.000207102
7100 0.379405 0.364674 0.0147302 0 0.961176 2146.86 2049.73 97.1236 0 -29.995 -30.7939 4 7429.88 238.743 1776 0.000205335
7200 0.365067 0.350244 0.0148233 0 0.959396 2183.49 2084.76 98.73 0 -30.0062 -30.6622 4 7529.88 240.344 1801 0.000194472
7300 0.333283 0.319864 0.0134194 0 0.959736 2216.84 2116.74 100.095 0 -30.0227 -31.1048 4 7629.88 241.935 1826 0.000175172
7400 0.339482 0.325987 0.0134948 0 0.960249 2250.83 2149.34 101.487 0 -30.037 -30.9699 4 7729.88 243.515 1851 0.000176114
7500 0.354755 0.34089 0.0138654 0 0.960916 2286.31 2183.43 102.875 0 -30.056 -31.2566 4 7829.88 245.086 1876 0.000181711
7600 0.415544 0.397824 0.0177204 0 0.957356 2327.77 2223.21 104.557 0 -30.0724 -30.9779 4 7929.88 246.646 1901 0.000209271
7700 0.399683 0.380897 0.0187854 0 0.952999 2367.7 2261.3 106.392 0 -30.0859 -30.8758 4 8029.88 248.196 1926 0.000197766
7800 0.383702 0.366531 0.0171713 0 0.955248 2406.08 2297.96 108.126 0 -30.1029 -31.1508 4 8129.88 249.737 1951 0.000187868
7900 0.392787 0.3769 0.0158867 0 0.959554 2445.46 2335.65 109.812 0 -30.1171 -30.9804 4 8229.88 251.268 1976 0.000190739
8000 0.373585 0.35836 0.0152251 0 0.959246 2482.88 2371.48 111.395 0 -30.1337 -31.2231 4 8329.88 252.79 2001 0.00017909
8100 0.389956 0.375393 0.0145639 0 0.962653 2522.05 2409.02 113.03 0 -30.1442 -30.8068 4 8429.88 254.303 2026 0.000185288
8200 0.382832 0.367837 0.0149949 0 0.960832 2560.38 2445.81 114.575 0 -30.1564 -30.9581 4 8529.88 255.806 2051 0.000179345
8300 0.35384 0.34252 0.0113201 0 0.968008 2595.98 2480.06 115.919 0 -30.1742 -31.4544 4 8629.88 257.302 2076 0.000164991
8400 0.370718 0.355615 0.0151028 0 0.959261 2632.87 2515.62 117.249 0 -30.1761 -30.3099 4 8729.88 258.788 2101 0.00016926
8500 0.402559 0.384381 0.0181776 0 0.954845 2673.03 2554.06 118.967 0 -30.183 -30.6371 4 8829.88 260.266 2126 0.0001808
8600 0.403499 0.387831 0.0156679 0 0.96117 2713.52 2592.84 120.676 0 -30.1944 -30.9486 4 8929.88 261.736 2151 0.000180303
8700 0.414679 0.397911 0.0167679 0 0.959564 2754.91 2632.63 122.281 0 -30.1995 -30.5299 4 9029.88 263.197 2176 0.000182864
8800 0.429677 0.413743 0.015934 0 0.962916 2798.07 2674.01 124.063 0 -30.2131 -31.0875 4 9129.88 264.65 2201 0.000187979
8900 0.419168 0.404383 0.0147851 0 0.964727 2840.17 2714.45 125.726 0 -30.2277 -31.1978 4 9229.88 266.096 2226 0.000181664
9000 0.410308 0.394401 0.015907 0 0.961231 2881.24 2753.89 127.359 0 -30.2433 -31.3177 4 9329.88 267.533 2251 0.000175211
9100 0.422766 0.406793 0.0159736 0 0.962216 2923.58 2794.56 129.019 0 -30.2595 -31.3661 4 9429.88 268.963 2276 0.000178731
9200 0.384553 0.368239 0.016314 0 0.957577 2961.96 2831.39 130.57 0 -30.2712 -31.1585 4 9529.88 270.386 2301 0.000160034
9300 0.411619 0.396973 0.0146461 0 0.964418 3003.27 2871.09 132.18 0 -30.2874 -31.4518 4 9629.88 271.801 2326 0.000170668
9400 0.409961 0.392341 0.0176193 0 0.957022 3044.11 2910.32 133.787 0 -30.2985 -31.1101 4 9729.88 273.208 2351 0.000166883
9500 0.421789 0.406988 0.0148004 0 0.96491 3086.59 2951.02 135.573 0 -30.3104 -31.1636 4 9829.88 274.609 2376 0.000171291
9600 0.382172 0.367118 0.0150537 0 0.96061 3124.79 2987.73 137.055 0 -30.3228 -31.3286 4 9929.88 276.002 2401 0.000152902
9700 0.363416 0.350564 0.0128513 0 0.964637 3161.3 3022.79 138.508 0 -30.3397 -31.7871 4 10029.9 277.388 2426 0.000144503
9800 0.395521 0.381942 0.0135794 0 0.965667 3200.95 3060.98 139.972 0 -30.3564 -31.6886 4 10129.9 278.768 2451 0.000155831
9900 0.356709 0.344121 0.0125877 0 0.964712 3236.66 3095.39 141.264 0 -30.3712 -31.6954 4 10229.9 280.14 2476 0.000138983
10000 0.356507 0.344257 0.0122496 0 0.96564 3272.3 3129.82 142.48 0 -30.3903 -32.1209 4 10329.9 281.506 2501 0.000137648
10100 0.400339 0.38546 0.014879 0 0.962834 3312.28 3168.37 143.918 0 -30.4063 -31.719 4 10429.9 282.865 2526 0.000152597
10200 0.420781 0.404791 0.0159899 0 0.962 3354.46 3208.84 145.616 0 -30.4234 -31.7693 4 10529.9 284.218 2551 0.000158679
10300 0.374527 0.361844 0.0126835 0 0.966135 3392.13 3245.03 147.1 0 -30.4421 -32.1066 4 10629.9 285.565 2576 0.000140467
10400 0.417872 0.401706 0.0161661 0 0.961313 3433.93 3285.2 148.729 0 -30.4541 -31.4276 4 10729.9 286.905 2601 0.000154443
10500 0.397639 0.382674 0.0149652 0 0.962365 3473.85 3323.47 150.384 0 -30.4684 -31.697 4 10829.9 288.238 2626 0.000145725
10600 0.383564 0.368783 0.0147808 0 0.961464 3512.29 3360.34 151.947 0 -30.4867 -32.1383 4 10929.9 289.566 2651 0.000139111
10700 0.366326 0.351801 0.0145258 0 0.960348 3548.92 3395.52 153.397 0 -30.5027 -32.041 4 11029.9 290.888 2676 0.000131465
10800 0.349345 0.336602 0.0127428 0 0.963524 3583.93 3429.19 154.741 0 -30.5191 -32.1826 4 11129.9 292.203 2701 0.000124621
10900 0.353472 0.340121 0.0133509 0 0.962229 3619.24 3463.2 156.045 0 -30.5345 -32.0944 4 11229.9 293.513 2726 0.000124769
11000 0.362487 0.351252 0.0112351 0 0.969006 3655.6 3498.32 157.28 0 -30.5527 -32.3601 4 11329.9 294.817 2751 0.000127681
11100 0.347175 0.337806 0.00936861 0 0.973015 3690.49 3532.1 158.389 0 -30.5711 -32.5066 4 11429.9 296.115 2776 0.000121688
11200 0.351038 0.339416 0.0116223 0 0.966892 3725.5 3566.04 159.46 0 -30.5846 -32.0062 4 11529.9 297.408 2801 0.000121177
11300 0.352155 0.342241 0.00991324 0 0.97185 3760.86 3600.27 160.588 0 -30.5971 -31.9109 4 11629.9 298.695 2826 0.000121105
11400 0.377807 0.363114 0.0146931 0 0.96111 3798.42 3636.58 161.84 0 -30.6074 -31.6393 4 11729.9 299.976 2851 0.000127364
11500 0.397255 0.382838 0.0144166 0 0.96371 3838.15 3674.86 163.29 0 -30.6145 -31.29 4 11829.9 301.252 2876 0.000133115
11600 0.398061 0.38338 0.0146809 0 0.963119 3878.01 3713.2 164.804 0 -30.6222 -31.3653 4 11929.9 302.523 2901 0.000132155
11700 0.357689 0.34516 0.012529 0 0.964972 3913.91 3747.72 166.195 0 -30.6335 -31.8519 4 12029.9 303.788 2926 0.000117963
11800 0.366353 0.353489 0.0128639 0 0.964887 3950.69 3783.07 167.62 0 -30.6427 -31.6294 4 12129.9 305.048 2951 0.000119786
11900 0.386958 0.370749 0.0162092 0 0.958111 3989.3 3820.14 169.162 0 -30.6489 -31.2788 4 12229.9 306.303 2976 0.00012458
12000 0.358561 0.345858 0.0127038 0 0.96457 4025.21 3854.73 170.486 0 -30.6572 -31.579 4 12329.9 307.553 3001 0.000115247
12100 0.378083 0.363295 0.0147879 0 0.960887 4062.95 3891.06 171.891 0 -30.6626 -31.2369 4 12429.9 308.797 3026 0.000120058
12200 0.393724 0.380807 0.0129175 0 0.967191 4102.59 3929.14 173.451 0 -30.6702 -31.4521 4 12529.9 310.037 3051 0.000124814
12300 0.353875 0.342869 0.011006 0 0.968899 4138.11 3963.42 174.686 0 -30.6805 -31.8657 4 12629.9 311.272 3076 0.000111466
12400 0.36358 0.35104 0.0125399 0 0.96551 4174.39 3998.53 175.864 0 -30.6878 -31.5247 4 12729.9 312.502 3101 0.000113202
12500 0.407668 0.395373 0.0122952 0 0.96984 4215.34 4038.07 177.274 0 -30.6925 -31.173 4 12829.9 313.727 3126 0.000126479
12600 0.432679 0.416031 0.0166476 0 0.961524 4258.53 4079.67 178.858 0 -30.6908 -30.5257 4 12929.9 314.947 3151 0.000132031
12700 0.460133 0.442387 0.0177459 0 0.961433 4304.62 4123.91 180.71 0 -30.6897 -30.5876 4 13029.9 316.162 3176 0.000139291
12800 0.394051 0.379883 0.0141673 0 0.964047 4344.22 4161.9 182.322 0 -30.6959 -31.3638 4 13129.9 317.373 3201 0.000118676
12900 0.385231 0.372982 0.012249 0 0.968204 4382.89 4199.19 183.694 0 -30.7029 -31.4919 4 13229.9 318.58 3226 0.000115617
13000 0.405835 0.391939 0.0138957 0 0.96576 4423.39 4238.39 185.006 0 -30.7127 -31.772 4 13329.9 319.781 3251 0.000120559
13100 0.412027 0.398053 0.0139738 0 0.966085 4464.54 4278.19 186.343 0 -30.7191 -31.406 4 13429.9 320.979 3276 0.000121506
13200 0.411638 0.397573 0.0140653 0 0.965831 4505.72 4317.95 187.769 0 -30.7294 -31.8478 4 13529.9 322.171 3301 0.00012044
13300 0.38066 0.366183 0.014477 0 0.961969 4543.66 4354.57 189.092 0 -30.7409 -32.1128 4 13629.9 323.36 3326 0.000110097
13400 0.405323 0.389844 0.015479 0 0.961811 4584.14 4393.55 190.588 0 -30.7493 -31.688 4 13729.9 324.544 3351 0.000116337
13500 0.409085 0.394723 0.0143624 0 0.964892 4625.15 4433.03 192.123 0 -30.7559 -31.4891 4 13829.9 325.724 3376 0.00011692
13600 0.386333 0.373627 0.012706 0 0.967111 4663.85 4470.39 193.463 0 -30.7626 -31.5655 4 13929.9 326.899 3401 0.000109858
13700 0.39479 0.382456 0.0123337 0 0.968759 4703.42 4508.63 194.786 0 -30.7698 -31.6175 4 14029.9 328.07 3426 0.000111633
13800 0.41506 0.401202 0.0138579 0 0.966612 4745.01 4548.75 196.253 0 -30.7795 -31.8796 4 14129.9 329.238 3451 0.000116257
13900 0.393775 0.379689 0.0140859 0 0.964229 4784.38 4586.72 197.653 0 -30.7899 -32.0471 4 14229.9 330.401 3476 0.000109232
14000 0.389003 0.375577 0.013426 0 0.965486 4823.36 4624.28 199.075 0 -30.7983 -31.83 4 14329.9 331.559 3501 0.000107277
14100 0.360219 0.347647 0.0125722 0 0.965099 4859.31 4659.05 200.266 0 -30.8076 -32.0552 4 14429.9 332.714 3526 9.85953e-05
14200 0.425617 0.410543 0.0150739 0 0.964584 4901.78 4700.1 201.68 0 -30.8168 -31.8616 4 14529.9 333.865 3551 0.000115613
14300 0.413385 0.396635 0.0167502 0 0.95948 4942.96 4739.76 203.199 0 -30.8236 -31.6406 4 14629.9 335.012 3576 0.000110916
14400 0.446902 0.43125 0.0156523 0 0.964976 4987.92 4782.89 205.027 0 -30.8305 -31.5891 4 14729.9 336.155 3601 0.000119758
14500 0.433999 0.418289 0.0157096 0 0.963803 5031.42 4824.72 206.7 0 -30.833 -31.1192 4 14829.9 337.294 3626 0.000115358
14600 0.409674 0.394359 0.0153146 0 0.962618 5072.5 4864.15 208.348 0 -30.8381 -31.4645 4 14929.9 338.43 3651 0.000108014
14700 0.41456 0.400807 0.0137527 0 0.966826 5114.18 4904.23 209.95 0 -30.8454 -31.7284 4 15029.9 339.561 3676 0.000109034
14800 0.380851 0.368125 0.0127257 0 0.966586 5152.36 4941.05 211.309 0 -30.8551 -32.1576 4 15129.9 340.689 3701 9.94664e-05
14900 0.38435 0.370716 0.0136342 0 0.964527 5190.72 4978.12 212.598 0 -30.8667 -32.4232 4 15229.9 341.813 3726 9.94944e-05
15000 0.405117 0.388736 0.0163804 0 0.959566 5230.98 5016.99 213.989 0 -30.8751 -31.9568 4 15329.9 342.933 3751 0.000103635
15100 0.387838 0.374607 0.0132314 0 0.965884 5269.92 5054.45 215.468 0 -30.8833 -31.9844 4 15429.9 344.05 3776 9.92073e-05
15200 0.42107 0.402235 0.0188351 0 0.955269 5311.71 5094.68 217.034 0 -30.8836 -30.9181 4 15529.9 345.163 3801 0.000105824
15300 0.478625 0.458443 0.0201819 0 0.957833 5359.64 5140.52 219.118 0 -30.8811 -30.6021 4 15629.9 346.272 3826 0.000119823
15400 0.47781 0.457932 0.0198774 0 0.958399 5407.49 5186.31 221.173 0 -30.88 -30.7628 4 15729.9 347.378 3851 0.000118913
15500 0.464885 0.445643 0.0192411 0 0.958611 5453.97 5230.88 223.088 0 -30.8793 -30.7985 4 15829.9 348.481 3876 0.000114975
15600 0.427344 0.412371 0.0149729 0 0.964963 5496.88 5272.11 224.765 0 -30.886 -31.74 4 15929.9 349.58 3901 0.000105709
15700 0.412166 0.398861 0.0133043 0 0.967721 5538.26 5312 226.258 0 -30.8914 -31.6106 4 16029.9 350.675 3926 0.000101595
15800 0.39624 0.382983 0.0132576 0 0.966542 5577.87 5350.3 227.569 0 -30.8994 -32.0109 4 16129.9 351.767 3951 9.69331e-05
15900 0.422795 0.407605 0.0151902 0 0.964072 5619.98 5391.06 228.922 0 -30.9068 -31.8898 4 16229.9 352.856 3976 0.000102516
16000 0.410472 0.39819 0.0122813 0 0.97008 5661.14 5430.88 230.261 0 -30.917 -32.3086 4 16329.9 353.942 4001 9.95227e-05
16100 0.400308 0.387923 0.0123843 0 0.969063 5701.23 5469.67 231.562 0 -30.9232 -31.803 4 16429.9 355.024 4026 9.63545e-05
16200 0.431192 0.416282 0.01491 0 0.965421 5744.37 5511.3 233.068 0 -30.924 -31.0229 4 16529.9 356.102 4051 0.00010276
16300 0.450715 0.436296 0.0144192 0 0.968008 5789.59 5554.93 234.661 0 -30.9264 -31.2291 4 16629.9 357.178 4076 0.00010704
16400 0.402061 0.390853 0.0112082 0 0.972123 5830.03 5594.01 236.015 0 -30.9305 -31.5238 4 16729.9 358.25 4101 9.53067e-05
16500 0.424921 0.410558 0.0143625 0 0.9662 5872.56 5635.07 237.485 0 -30.9331 -31.2823 4 16829.9 359.319 4126 9.95052e-05
16600 0.386794 0.373665 0.0131296 0 0.966055 5911.3 5672.44 238.865 0 -30.9383 -31.7401 4 16929.9 360.385 4151 9.0018e-05
16700 0.448521 0.432949 0.0155725 0 0.96528 5956.11 5715.73 240.378 0 -30.9388 -30.9953 4 17029.9 361.448 4176 0.000103675
16800 0.409021 0.395753 0.0132683 0 0.967561 5997.22 5755.31 241.918 0 -30.9418 -31.3785 4 17129.9 362.508 4201 9.42045e-05
16900 0.402514 0.389062 0.013452 0 0.96658 6037.52 5794.21 243.303 0 -30.9459 -31.554 4 17229.9 363.564 4226 9.20639e-05
17000 0.416245 0.401969 0.0142761 0 0.965703 6079.14 5834.41 244.732 0 -30.9504 -31.5999 4 17329.9 364.618 4251 9.45587e-05
17100 0.389486 0.376605 0.0128807 0 0.966929 6118.19 5872.07 246.119 0 -30.9557 -31.7923 4 17429.9 365.668 4276 8.80741e-05
17200 0.395669 0.38139 0.0142792 0 0.963911 6157.6 5910.21 247.388 0 -30.96 -31.6253 4 17529.9 366.716 4301 8.86746e-05
17300 0.420044 0.403547 0.0164978 0 0.960724 6199.51 5950.56 248.941 0 -30.9633 -31.4474 4 17629.9 367.76 4326 9.3284e-05
17400 0.423884 0.404061 0.0198224 0 0.953236 6241.58 5990.97 250.613 0 -30.9638 -31.0327 4 17729.9 368.802 4351 9.28663e-05
17500 0.435894 0.421447 0.0144473 0 0.966856 6285.38 6033.11 252.264 0 -30.9693 -31.7537 4 17829.9 369.84 4376 9.63087e-05
17600 0.407723 0.392518 0.0152045 0 0.962709 6326.07 6072.37 253.7 0 -30.9744 -31.7627 4 17929.9 370.876 4401 8.91884e-05
17700 0.465242 0.447252 0.0179902 0 0.961332 6372.56 6117.09 255.464 0 -30.9725 -30.7209 4 18029.9 371.909 4426 0.000101051
17800 0.424536 0.407732 0.0168034 0 0.960419 6415.04 6157.87 257.179 0 -30.9755 -31.426 4 18129.9 372.939 4451 9.16047e-05
17900 0.431832 0.416784 0.0150476 0 0.965154 6458.35 6199.54 258.803 0 -30.9816 -31.879 4 18229.9 373.966 4476 9.31153e-05
18000 0.436704 0.419672 0.017032 0 0.960999 6501.83 6241.51 260.318 0 -30.9867 -31.7424 4 18329.9 374.99 4501 9.32398e-05
18100 0.434759 0.418882 0.0158769 0 0.963481 6545.3 6283.4 261.901 0 -30.9925 -31.8561 4 18429.9 376.012 4526 9.25501e-05
18200 0.433449 0.416968 0.0164811 0 0.961977 6588.53 6325.1 263.438 0 -31.0009 -32.2861 4 18529.9 377.03 4551 9.16211e-05
18300 0.438959 0.42423 0.0147291 0 0.966446 6632.57 6367.52 265.049 0 -31.0103 -32.4089 4 18629.9 378.046 4576 9.27077e-05
18400 0.407408 0.393588 0.0138199 0 0.966078 6673.35 6406.88 266.469 0 -31.0188 -32.4041 4 18729.9 379.06 4601 8.55441e-05
18500 0.425305 0.41003 0.015275 0 0.964085 6715.83 6447.88 267.946 0 -31.0257 -32.1081 4 18829.9 380.07 4626 8.8636e-05
18600 0.4527 0.436731 0.0159691 0 0.964725 6761.15 6491.55 269.593 0 -31.032 -31.9648 4 18929.9 381.078 4651 9.39004e-05
18700 0.465131 0.450028 0.0151037 0 0.967528 6807.76 6536.56 271.203 0 -31.0369 -31.7484 4 19029.9 382.083 4676 9.6242e-05
18800 0.41858 0.406265 0.0123144 0 0.97058 6849.79 6577.18 272.607 0 -31.0458 -32.491 4 19129.9 383.086 4701 8.64211e-05
18900 0.411516 0.400999 0.0105171 0 0.974443 6891.16 6617.28 273.879 0 -31.0569 -32.8973 4 19229.9 384.086 4726 8.48495e-05
19000 0.428297 0.416158 0.0121387 0 0.971658 6934.07 6658.9 275.176 0 -31.0648 -32.3293 4 19329.9 385.083 4751 8.75938e-05
19100 0.444803 0.42937 0.0154335 0 0.965303 6978.5 6701.84 276.663 0 -31.0676 -31.5092 4 19429.9 386.078 4776 8.99015e-05
19200 0.449161 0.434422 0.0147389 0 0.967186 7023.53 6745.28 278.248 0 -31.0709 -31.568 4 19529.9 387.07 4801 9.04857e-05
19300 0.433799 0.417293 0.0165058 0 0.961951 7066.67 6787.01 279.664 0 -31.0739 -31.5699 4 19629.9 388.06 4826 8.64677e-05
19400 0.417629 0.404697 0.0129321 0 0.969035 7108.58 6827.48 281.101 0 -31.0778 -31.7292 4 19729.9 389.047 4851 8.34255e-05
19500 0.405972 0.393865 0.0121067 0 0.970178 7149.28 6866.86 282.417 0 -31.0828 -31.9578 4 19829.9 390.032 4876 8.07762e-05
19600 0.440858 0.425457 0.0154011 0 0.965066 7193.21 6909.41 283.799 0 -31.0833 -31.1619 4 19929.9 391.014 4901 8.68103e-05
19700 0.437957 0.424114 0.0138431 0 0.968392 7237.08 6951.82 285.256 0 -31.0861 -31.555 4 20029.9 391.994 4926 8.60971e-05
19800 0.430252 0.415953 0.0142989 0 0.966766 7280.1 6993.42 286.687 0 -31.0887 -31.527 4 20129.9 392.971 4951 8.4014e-05
19900 0.425343 0.411022 0.0143203 0 0.966332 7322.7 7034.52 288.185 0 -31.0928 -31.7883 4 20229.9 393.946 4976 8.2601e-05
20000 0.445228 0.429627 0.0156008 0 0.96496 7367.2 7077.48 289.719 0 -31.0938 -31.2613 4 20329.9 394.919 5001 8.59082e-05
20100 0.446338 0.430617 0.0157209 0 0.964778 7411.79 7120.54 291.248 0 -31.0957 -31.4044 4 20429.9 395.889 5026 8.56779e-05
20200 0.443404 0.428985 0.0144189 0 0.967481 7456.23 7163.44 292.791 0 -31.1014 -32.063 4 20529.9 396.856 5051 8.49306e-05
20300 0.425213 0.411491 0.0137218 0 0.967729 7498.82 7204.59 294.234 0 -31.1074 -32.1586 4 20629.9 397.822 5076 8.10659e-05
20400 0.418524 0.405877 0.0126477 0 0.96978 7540.79 7245.18 295.61 0 -31.1123 -31.9845 4 20729.9 398.785 5101 7.95681e-05
20500 0.396142 0.38504 0.0111013 0 0.971976 7580.53 7283.68 296.853 0 -31.1202 -32.6102 4 20829.9 399.745 5126 7.51152e-05
20600 0.403568 0.391053 0.0125148 0 0.96899 7620.88 7322.79 298.089 0 -31.1252 -32.0663 4 20929.9 400.704 5151 7.59179e-05
20700 0.39632 0.385444 0.010876 0 0.972558 7660.64 7361.33 299.308 0 -31.1292 -31.8962 4 21029.9 401.66 5176 7.44676e-05
20800 0.394883 0.384276 0.010607 0 0.973139 7700.13 7399.76 300.368 0 -31.1331 -31.888 4 21129.9 402.614 5201 7.3885e-05
20900 0.393358 0.381375 0.0119833 0 0.969536 7739.34 7437.9 301.449 0 -31.136 -31.7059 4 21229.9 403.565 5226 7.29764e-05
21000 0.391991 0.380148 0.0118429 0 0.969788 7778.49 7475.91 302.576 0 -31.1387 -31.674 4 21329.9 404.515 5251 7.23954e-05
21100 0.415392 0.401294 0.0140974 0 0.966062 7820.01 7516.04 303.966 0 -31.1436 -32.0695 4 21429.9 405.462 5276 7.60603e-05
21200 0.43085 0.415861 0.0149896 0 0.965209 7863 7557.63 305.376 0 -31.1459 -31.5546 4 21529.9 406.407 5301 7.84494e-05
21300 0.472123 0.453319 0.018804 0 0.960171 7909.99 7602.96 307.029 0 -31.1461 -31.1808 4 21629.9 407.349 5326 8.51143e-05
21400 0.43573 0.419682 0.0160479 0 0.96317 7953.67 7644.93 308.74 0 -31.1488 -31.6317 4 21729.9 408.29 5351 7.84306e-05
21500 0.441176 0.424797 0.0163796 0 0.962873 7997.82 7687.41 310.417 0 -31.1472 -30.8734 4 21829.9 409.228 5376 7.90172e-05
21600 0.400676 0.387645 0.0130309 0 0.967478 8038.08 7726.17 311.907 0 -31.1492 -31.5301 4 21929.9 410.165 5401 7.17728e-05
21700 0.418816 0.403454 0.0153616 0 0.963321 8079.84 7766.52 313.323 0 -31.151 -31.5061 4 22029.9 411.099 5426 7.43557e-05
21800 0.458354 0.441271 0.0170835 0 0.962729 8125.73 7810.64 315.09 0 -31.1514 -31.2181 4 22129.9 412.031 5451 8.09522e-05
21900 0.425036 0.409712 0.0153243 0 0.963946 8168.35 7851.61 316.739 0 -31.1534 -31.5472 4 22229.9 412.961 5476 7.48195e-05
22000 0.430602 0.416245 0.014357 0 0.966658 8211.5 7893.24 318.265 0 -31.1559 -31.6165 4 22329.9 413.888 5501 7.56672e-05
22100 0.422625 0.407926 0.0146994 0 0.965219 8253.78 7934.03 319.747 0 -31.16 -31.96 4 22429.9 414.814 5526 7.38193e-05
22200 0.43786 0.423324 0.0145358 0 0.966803 8297.65 7976.36 321.289 0 -31.1648 -32.0676 4 22529.9 415.738 5551 7.62609e-05
22300 0.420632 0.40788 0.0127519 0 0.969684 8339.97 8017.15 322.818 0 -31.1716 -32.5081 4 22629.9 416.659 5576 7.31492e-05
22400 0.375702 0.363731 0.011971 0 0.968137 8377.56 8053.52 324.034 0 -31.1785 -32.6984 4 22729.9 417.579 5601 6.49403e-05
22500 0.41382 0.399419 0.0144015 0 0.965199 8418.84 8093.47 325.376 0 -31.1845 -32.4059 4 22829.9 418.497 5626 7.09952e-05
22600 0.418864 0.405249 0.0136153 0 0.967495 8460.74 8133.99 326.751 0 -31.1882 -31.9307 4 22929.9 419.412 5651 7.17128e-05
22700 0.430012 0.414111 0.0159007 0 0.963023 8503.55 8175.4 328.143 0 -31.1899 -31.5384 4 23029.9 420.326 5676 7.29582e-05
22800 0.418924 0.404994 0.0139302 0 0.966748 8545.45 8215.9 329.552 0 -31.1934 -31.8976 4 23129.9 421.237 5701 7.10391e-05
22900 0.449733 0.433119 0.0166136 0 0.963059 8590.23 8259.21 331.017 0 -31.1955 -31.5856 4 23229.9 422.147 5726 7.56408e-05
23000 0.486782 0.468793 0.0179891 0 0.963045 8638.88 8306.09 332.784 0 -31.1935 -30.8563 4 23329.9 423.055 5751 8.1515e-05
23100 0.452401 0.435474 0.0169264 0 0.962585 8684.2 8349.64 334.554 0 -31.1939 -31.2701 4 23429.9 423.96 5776 7.53938e-05
23200 0.463883 0.448586 0.0152967 0 0.967025 8730.85 8394.5 336.355 0 -31.1967 -31.703 4 23529.9 424.864 5801 7.73292e-05
23300 0.461313 0.446419 0.0148939 0 0.967714 8777.11 8439.14 337.973 0 -31.199 -31.645 4 23629.9 425.766 5826 7.66252e-05
23400 0.411172 0.398102 0.0130697 0 0.968213 8818.28 8478.95 339.329 0 -31.2039 -32.2375 4 23729.9 426.666 5851 6.804e-05
23500 0.401292 0.388372 0.0129197 0 0.967805 8858.42 8517.79 340.632 0 -31.2098 -32.5089 4 23829.9 427.564 5876 6.60946e-05
23600 0.4349 0.420165 0.0147358 0 0.966117 8901.89 8559.81 342.083 0 -31.2138 -32.0353 4 23929.9 428.46 5901 7.12023e-05
23700 0.444875 0.430358 0.0145164 0 0.96737 8946.54 8602.84 343.696 0 -31.2182 -32.0869 4 24029.9 429.354 5926 7.26221e-05
23800 0.43389 0.420295 0.0135954 0 0.968666 8990.06 8644.87 345.194 0 -31.2237 -32.3692 4 24129.9 430.247 5951 7.0626e-05
23900 0.503752 0.483154 0.0205976 0 0.959112 9040.09 8693.19 346.9 0 -31.2266 -31.7319 4 24229.9 431.137 5976 8.08491e-05
24000 0.465865 0.449057 0.0168084 0 0.96392 9086.7 8738.09 348.61 0 -31.2316 -32.2158 4 24329.9 432.026 6001 7.48303e-05
24100 0.48484 0.468994 0.0158464 0 0.967316 9135.33 8784.99 350.343 0 -31.2379 -32.4087 4 24429.9 432.913 6026 7.78284e-05
24200 0.447541 0.434544 0.0129973 0 0.970959 9180.32 8828.45 351.87 0 -31.2455 -32.7818 4 24529.9 433.798 6051 7.18136e-05
24300 0.435904 0.423645 0.0122584 0 0.971878 9224.05 8870.81 353.239 0 -31.2517 -32.5597 4 24629.9 434.682 6076 6.97244e-05
24400 0.44289 0.429409 0.0134811 0 0.969561 9268.35 8913.75 354.601 0 -31.2576 -32.4952 4 24729.9 435.563 6101 7.03834e-05
24500 0.511704 0.494927 0.0167769 0 0.967214 9319.6 8963.24 356.36 0 -31.2638 -32.3713 4 24829.9 436.443 6126 8.07912e-05
24600 0.465715 0.450154 0.0155606 0 0.966588 9366.36 9008.26 358.105 0 -31.2693 -32.3785 4 24929.9 437.321 6151 7.31839e-05
24700 0.419318 0.406955 0.0123627 0 0.970517 9408.48 9048.95 359.524 0 -31.276 -32.7589 4 25029.9 438.197 6176 6.5893e-05
24800 0.421584 0.406135 0.0154493 0 0.963354 9450.38 9089.57 360.807 0 -31.2814 -32.4961 4 25129.9 439.072 6201 6.54951e-05
24900 0.47457 0.457733 0.0168374 0 0.964521 9497.55 9135.34 362.213 0 -31.2864 -32.2892 4 25229.9 439.944 6226 7.35196e-05
25000 0.467254 0.451498 0.0157559 0 0.96628 9544.29 9180.49 363.798 0 -31.2912 -32.2727 4 25329.9 440.815 6251 7.22281e-05
25100 0.463694 0.449555 0.0141385 0 0.969509 9590.81 9225.45 365.367 0 -31.2923 -31.5082 4 25429.9 441.685 6276 7.16309e-05
25200 0.455122 0.440015 0.015107 0 0.966807 9636.3 9269.45 366.848 0 -31.2948 -31.8313 4 25529.9 442.552 6301 6.98325e-05
25300 0.476538 0.458476 0.0180613 0 0.962099 9683.74 9315.3 368.442 0 -31.2967 -31.6667 4 25629.9 443.418 6326 7.24749e-05
25400 0.452838 0.438459 0.0143791 0 0.968247 9729.16 9359.14 370.022 0 -31.2998 -31.9754 4 25729.9 444.282 6351 6.90378e-05
25500 0.477074 0.457749 0.0193251 0 0.959492 9776.76 9404.92 371.841 0 -31.2994 -31.2152 4 25829.9 445.145 6376 7.17924e-05
25600 0.450219 0.435501 0.0147173 0 0.967311 9821.99 9448.47 373.521 0 -31.3007 -31.5696 4 25929.9 446.006 6401 6.80365e-05
25700 0.454216 0.437414 0.0168016 0 0.96301 9867.35 9492.21 375.142 0 -31.3021 -31.619 4 26029.9 446.865 6426 6.80694e-05
25800 0.452005 0.436018 0.0159875 0 0.96463 9912.54 9535.81 376.727 0 -31.3037 -31.6562 4 26129.9 447.722 6451 6.75892e-05
25900 0.416324 0.404324 0.0120003 0 0.971176 9954.36 9576.24 378.116 0 -31.3075 -32.1916 4 26229.9 448.578 6476 6.24342e-05
26000 0.41011 0.397193 0.0129167 0 0.968504 9995.39 9615.96 379.427 0 -31.3108 -32.118 4 26329.9 449.433 6501 6.10972e-05
26100 0.425258 0.409679 0.0155794 0 0.963365 10037.7 9656.93 380.738 0 -31.3142 -32.1226 4 26429.9 450.285 6526 6.27764e-05
26200 0.458795 0.444353 0.0144417 0 0.968523 10083.6 9701.36 382.284 0 -31.3182 -32.194 4 26529.9 451.136 6551 6.78298e-05
26300 0.433402 0.418966 0.014436 0 0.966691 10127 9743.26 383.728 0 -31.3224 -32.3045 4 26629.9 451.986 6576 6.37114e-05
26400 0.426941 0.412788 0.0141534 0 0.966849 10169.6 9784.54 385.025 0 -31.3252 -31.9814 4 26729.9 452.834 6601 6.25342e-05
26500 0.467271 0.452784 0.0144876 0 0.968995 10216.3 9829.82 386.528 0 -31.3272 -31.7677 4 26829.9 453.68 6626 6.83344e-05
26600 0.472613 0.452815 0.0197975 0 0.958111 10263.1 9875.1 388.049 0 -31.3291 -31.7467 4 26929.9 454.524 6651 6.80823e-05
26700 0.493763 0.478007 0.015756 0 0.96809 10312.7 9922.9 389.815 0 -31.3325 -32.0221 4 27029.9 455.368 6676 7.16009e-05
26800 0.431197 0.418288 0.0129081 0 0.970064 10356 9964.73 391.291 0 -31.3375 -32.5435 4 27129.9 456.209 6701 6.24218e-05
26900 0.443718 0.429287 0.0144312 0 0.967477 10400.4 10007.7 392.706 0 -31.3414 -32.2423 4 27229.9 457.049 6726 6.3825e-05
27000 0.463627 0.448234 0.0153925 0 0.9668 10446.8 10052.5 394.302 0 -31.3445 -32.0352 4 27329.9 457.888 6751 6.63952e-05
27100 0.468619 0.450065 0.0185539 0 0.960407 10493.5 10097.5 396.012 0 -31.3474 -31.989 4 27429.9 458.725 6776 6.64205e-05
27200 0.459422 0.441626 0.0177959 0 0.961265 10539.6 10141.7 397.938 0 -31.3491 -31.746 4 27529.9 459.56 6801 6.49354e-05
27300 0.464892 0.448166 0.016726 0 0.964022 10586.3 10186.5 399.818 0 -31.3484 -31.1881 4 27629.9 460.394 6826 6.56557e-05
27400 0.46272 0.445568 0.0171519 0 0.962932 10632.6 10231 401.622 0 -31.3496 -31.6231 4 27729.9 461.226 6851 6.50369e-05
27500 0.512771 0.4893 0.0234702 0 0.954229 10683.6 10280 403.638 0 -31.3475 -30.9233 4 27829.9 462.057 6876 7.11606e-05
27600 0.48699 0.468411 0.0185795 0 0.961848 10732.5 10326.8 405.746 0 -31.3491 -31.6819 4 27929.9 462.887 6901 6.78758e-05
27700 0.447522 0.431352 0.01617 0 0.963868 10777.4 10369.9 407.472 0 -31.3527 -32.2273 4 28029.9 463.715 6926 6.22801e-05
27800 0.427245 0.41387 0.0133752 0 0.968694 10820.2 10411.3 408.921 0 -31.3578 -32.6226 4 28129.9 464.541 6951 5.9541e-05
27900 0.403987 0.392482 0.0115055 0 0.97152 10860.8 10450.6 410.195 0 -31.3632 -32.808 4 28229.9 465.366 6976 5.62617e-05
28000 0.411636 0.399974 0.0116615 0 0.97167 10901.9 10490.6 411.362 0 -31.3684 -32.7575 4 28329.9 466.189 7001 5.71311e-05
28100 0.407274 0.396157 0.0111164 0 0.972705 10942.7 10530.2 412.523 0 -31.374 -32.8509 4 28429.9 467.012 7026 5.63845e-05
28200 0.389154 0.379171 0.00998229 0 0.974349 10981.7 10568.1 413.615 0 -31.3803 -33.1508 4 28529.9 467.832 7051 5.37755e-05
28300 0.399074 0.388062 0.0110121 0 0.972406 11021.6 10606.9 414.742 0 -31.3873 -33.3242 4 28629.9 468.651 7076 5.4842e-05
28400 0.41383 0.400567 0.0132638 0 0.967949 11062.9 10647 415.976 0 -31.394 -33.1697 4 28729.9 469.469 7101 5.64099e-05
28500 0.407598 0.396237 0.0113605 0 0.972128 11103.8 10686.6 417.221 0 -31.4002 -33.0938 4 28829.9 470.285 7126 5.56044e-05
28600 0.410549 0.398033 0.0125156 0 0.969515 11144.8 10726.4 418.436 0 -31.4055 -32.8346 4 28929.9 471.1 7151 5.56612e-05
28700 0.414549 0.399478 0.015071 0 0.963645 11186 10766.3 419.687 0 -31.4105 -32.7524 4 29029.9 471.914 7176 5.56687e-05
28800 0.459109 0.444119 0.0149898 0 0.96735 11232.1 10810.7 421.351 0 -31.4143 -32.3568 4 29129.9 472.726 7201 6.16746e-05
28900 0.426391 0.414227 0.0121639 0 0.971472 11274.9 10852.2 422.728 0 -31.4196 -32.809 4 29229.9 473.537 7226 5.73245e-05
29000 0.401919 0.391852 0.0100661 0 0.974955 11315.3 10891.4 423.929 0 -31.4264 -33.3037 4 29329.9 474.346 7251 5.40412e-05
29100 0.404605 0.393758 0.0108464 0 0.973193 11355.8 10930.7 425.028 0 -31.4322 -33.0584 4 29429.9 475.154 7276 5.41174e-05
29200 0.436296 0.422763 0.0135335 0 0.968981 11399.3 10973 426.321 0 -31.4373 -32.7639 4 29529.9 475.961 7301 5.79048e-05
29300 0.433109 0.41923 0.0138785 0 0.967956 11442.7 11014.9 427.777 0 -31.4421 -32.7137 4 29629.9 476.766 7326 5.7225e-05
29400 0.411018 0.398469 0.0125487 0 0.969469 11483.9 11054.8 429.084 0 -31.4479 -33.0463 4 29729.9 477.57 7351 5.42061e-05
29500 0.396602 0.385426 0.0111755 0 0.971822 11523.6 11093.3 430.249 0 -31.455 -33.5143 4 29829.9 478.372 7376 5.22541e-05
29600 0.368171 0.360393 0.00777813 0 0.978874 11560.6 11129.4 431.248 0 -31.4624 -33.7829 4 29929.9 479.173 7401 4.86951e-05
29700 0.41084 0.398718 0.0121215 0 0.970496 11601.5 11169.2 432.278 0 -31.4663 -32.5721 4 30029.9 479.973 7426 5.36922e-05
29800 0.412309 0.402201 0.0101088 0 0.975483 11643 11209.4 433.538 0 -31.4718 -33.0012 4 30129.9 480.772 7451 5.39794e-05
29900 0.397599 0.385951 0.0116474 0 0.970706 11682.6 11248 434.597 0 -31.4774 -33.1158 4 30229.9 481.569 7476 5.16254e-05
30000 0.438559 0.425353 0.0132056 0 0.969889 11726.4 11290.6 435.824 0 -31.4802 -32.2209 4 30329.9 482.365 7501 5.67062e-05
30100 0.443755 0.430162 0.0135931 0 0.969368 11770.8 11333.6 437.2 0 -31.4825 -32.095 4 30429.9 483.159 7526 5.71568e-05
30200 0.397941 0.385243 0.0126985 0 0.96809 11810.6 11372.1 438.439 0 -31.4864 -32.6337 4 30529.9 483.952 7551 5.10187e-05
30300 0.393635 0.381735 0.0119001 0 0.969769 11850 11410.3 439.665 0 -31.4902 -32.6393 4 30629.9 484.744 7576 5.03874e-05
30400 0.401027 0.388513 0.0125142 0 0.968795 11890.1 11449.1 440.905 0 -31.4927 -32.224 4 30729.9 485.535 7601 5.11134e-05
30500 0.407232 0.395028 0.0122037 0 0.970033 11930.9 11488.6 442.272 0 -31.4958 -32.4189 4 30829.9 486.324 7626 5.18002e-05
30600 0.441745 0.427743 0.0140023 0 0.968302 11975.2 11531.4 443.729 0 -31.4995 -32.49 4 30929.9 487.112 7651 5.59068e-05
30700 0.436855 0.422107 0.0147484 0 0.96624 12018.8 11573.6 445.214 0 -31.5035 -32.6021 4 31029.9 487.899 7676 5.49904e-05
30800 0.411417 0.399989 0.0114275 0 0.972224 12060.2 11613.6 446.538 0 -31.5082 -32.8555 4 31129.9 488.685 7701 5.19399e-05
30900 0.430815 0.417869 0.0129461 0 0.96995 12103.3 11655.4 447.844 0 -31.5124 -32.7057 4 31229.9 489.469 7726 5.40861e-05
31000 0.449633 0.435004 0.014629 0 0.967465 12148.2 11698.9 449.295 0 -31.5157 -32.3874 4 31329.9 490.252 7751 5.61223e-05
31100 0.428686 0.414309 0.0143768 0 0.966463 12191 11740.4 450.607 0 -31.5186 -32.3531 4 31429.9 491.034 7776 5.32805e-05
31200 0.485974 0.469557 0.0164171 0 0.966218 12239.6 11787.3 452.254 0 -31.5207 -32.061 4 31529.9 491.814 7801 6.01919e-05
31300 0.439122 0.425843 0.0132795 0 0.969759 12283.7 11829.9 453.796 0 -31.5247 -32.6193 4 31629.9 492.594 7826 5.44139e-05
31400 0.428277 0.416445 0.0118316 0 0.972374 12326.8 11871.5 455.241 0 -31.5298 -32.9947 4 31729.9 493.372 7851 5.30436e-05
31500 0.386265 0.37682 0.00944486 0 0.975548 12365.6 11909.2 456.412 0 -31.5357 -33.4067 4 31829.9 494.149 7876 4.78441e-05
31600 0.428071 0.41353 0.0145407 0 0.966032 12408.2 11950.6 457.643 0 -31.5381 -32.2131 4 31929.9 494.924 7901 5.2339e-05
31700 0.458325 0.444288 0.0140368 0 0.969374 12454.1 11995 459.116 0 -31.5401 -32.0879 4 32029.9 495.699 7926 5.60545e-05
31800 0.439815 0.426958 0.0128573 0 0.970767 12498.2 12037.7 460.527 0 -31.5421 -32.1103 4 32129.9 496.472 7951 5.36987e-05
31900 0.435579 0.419808 0.0157705 0 0.963794 12541.7 12079.7 461.988 0 -31.5445 -32.2248 4 32229.9 497.244 7976 5.2634e-05
32000 0.430727 0.416833 0.0138939 0 0.967743 12584.9 12121.4 463.525 0 -31.5488 -32.8101 4 32329.9 498.015 8001 5.20977e-05
32100 0.425294 0.410123 0.0151706 0 0.964329 12627.4 12162.4 465.073 0 -31.5522 -32.5671 4 32429.9 498.784 8026 5.10993e-05
32200 0.426959 0.4113 0.0156594 0 0.963323 12670.2 12203.5 466.683 0 -31.5558 -32.6099 4 32529.9 499.553 8051 5.10868e-05
32300 0.420777 0.407414 0.0133631 0 0.968242 12712.4 12244.2 468.188 0 -31.5603 -32.907 4 32629.9 500.32 8076 5.04474e-05
32400 0.46428 0.449422 0.0148581 0 0.967998 12759.1 12289.2 469.948 0 -31.5622 -32.0837 4 32729.9 501.086 8101 5.54773e-05
32500 0.428948 0.41721 0.0117379 0 0.972636 12802.3 12330.9 471.443 0 -31.5654 -32.5011 4 32829.9 501.851 8126 5.13427e-05
32600 0.443024 0.429505 0.013519 0 0.969485 12846.7 12373.9 472.87 0 -31.5689 -32.5788 4 32929.9 502.615 8151 5.26935e-05
32700 0.429438 0.415863 0.0135755 0 0.968388 12889.7 12415.4 474.276 0 -31.5711 -32.2368 4 33029.9 503.377 8176 5.08638e-05
32800 0.448016 0.432158 0.0158587 0 0.964602 12934.5 12458.7 475.825 0 -31.5734 -32.221 4 33129.9 504.139 8201 5.26957e-05
32900 0.434179 0.420091 0.0140885 0 0.967551 12978 12500.7 477.352 0 -31.5757 -32.2778 4 33229.9 504.899 8226 5.10686e-05
33000 0.398122 0.386183 0.0119389 0 0.970012 13017.9 12539.3 478.644 0 -31.5792 -32.7066 4 33329.9 505.658 8251 4.68043e-05
33100 0.392925 0.381442 0.0114833 0 0.970775 13057.4 12577.4 479.928 0 -31.5824 -32.6367 4 33429.9 506.416 8276 4.60902e-05
33200 0.37599 0.365722 0.0102681 0 0.972691 13095 12614 481.037 0 -31.5868 -33.1217 4 33529.9 507.173 8301 4.40576e-05
33300 0.387328 0.37566 0.0116684 0 0.969875 13133.7 12651.6 482.143 0 -31.5907 -32.8943 4 33629.9 507.929 8326 4.51189e-05
33400 0.400615 0.388935 0.0116806 0 0.970843 13173.8 12690.5 483.299 0 -31.5942 -32.7678 4 33729.9 508.683 8351 4.65734e-05
33500 0.435989 0.422983 0.0130057 0 0.97017 13217.4 12732.8 484.686 0 -31.5976 -32.599 4 33829.9 509.437 8376 5.04994e-05
33600 0.40767 0.39464 0.01303 0 0.968038 13258.2 12772.2 485.948 0 -31.6016 -32.9249 4 33929.9 510.189 8401 4.69754e-05
33700 0.43662 0.419916 0.0167035 0 0.961744 13301.5 12814.2 487.29 0 -31.6022 -31.7615 4 34029.9 510.94 8426 4.98358e-05
33800 0.493691 0.477274 0.0164174 0 0.966746 13350.9 12861.9 488.975 0 -31.6022 -31.6012 4 34129.9 511.691 8451 5.64754e-05
33900 0.487714 0.472095 0.0156193 0 0.967974 13399.8 12909.2 490.692 0 -31.6042 -32.1717 4 34229.9 512.44 8476 5.56978e-05
34000 0.444397 0.428326 0.0160712 0 0.963836 13444.2 12952 492.192 0 -31.6059 -32.1076 4 34329.9 513.188 8501 5.03853e-05
34100 0.455162 0.441575 0.0135869 0 0.970149 13489.8 12996.1 493.688 0 -31.6075 -32.0835 4 34429.9 513.935 8526 5.17916e-05
34200 0.402532 0.39219 0.0103424 0 0.974307 13530.2 13035.4 494.826 0 -31.6114 -32.9248 4 34529.9 514.68 8551 4.58648e-05
34300 0.415922 0.404682 0.0112401 0 0.972975 13571.8 13075.8 495.956 0 -31.6146 -32.6485 4 34629.9 515.425 8576 4.71877e-05
34400 0.427043 0.414285 0.0127578 0 0.970125 13614.4 13117.3 497.138 0 -31.6184 -32.8285 4 34729.9 516.169 8601 4.81671e-05
34500 0.427782 0.417068 0.0107136 0 0.974956 13657.3 13159 498.314 0 -31.6231 -33.1178 4 34829.9 516.911 8626 4.83501e-05
34600 0.416788 0.407695 0.00909382 0 0.978181 13699.1 13199.7 499.407 0 -31.6279 -33.183 4 34929.9 517.653 8651 4.71269e-05
34700 0.445877 0.431818 0.0140586 0 0.96847 13743.6 13242.9 500.666 0 -31.6293 -32.0562 4 35029.9 518.393 8676 4.97716e-05
34800 0.475447 0.460242 0.0152045 0 0.968021 13791.2 13288.9 502.259 0 -31.63 -31.8273 4 35129.9 519.133 8701 5.28953e-05
34900 0.422878 0.409347 0.0135311 0 0.968002 13833.6 13329.9 503.71 0 -31.6328 -32.5432 4 35229.9 519.871 8726 4.69111e-05
35000 0.448668 0.431753 0.0169149 0 0.9623 13878.3 13373 505.223 0 -31.6346 -32.1951 4 35329.9 520.608 8751 4.93376e-05
35100 0.450439 0.434973 0.0154667 0 0.965663 13923.5 13416.5 506.95 0 -31.6357 -31.9817 4 35429.9 521.345 8776 4.95639e-05
35200 0.480863 0.460971 0.0198918 0 0.958633 13971.4 13462.6 508.794 0 -31.6371 -32.0447 4 35529.9 522.08 8801 5.23771e-05
35300 0.457218 0.439215 0.0180022 0 0.960627 14017.3 13506.6 510.706 0 -31.6388 -32.1706 4 35629.9 522.814 8826 4.97638e-05
35400 0.464484 0.447881 0.0166033 0 0.964254 14063.8 13551.4 512.483 0 -31.6401 -32.0217 4 35729.9 523.547 8851 5.06023e-05
35500 0.462609 0.448423 0.014186 0 0.969335 14110.3 13596.2 514.125 0 -31.6424 -32.3239 4 35829.9 524.279 8876 5.05209e-05
35600 0.421131 0.409202 0.0119289 0 0.971674 14152.6 13637.1 515.51 0 -31.6459 -32.8311 4 35929.9 525.01 8901 4.59726e-05
35700 0.443458 0.429332 0.0141262 0 0.968145 14196.9 13680 516.877 0 -31.6471 -32.0358 4 36029.9 525.741 8926 4.8099e-05
35800 0.443576 0.427725 0.0158506 0 0.964266 14241.1 13722.8 518.295 0 -31.6491 -32.2777 4 36129.9 526.47 8951 4.77852e-05
35900 0.439167 0.425639 0.0135274 0 0.969198 14285.1 13765.4 519.741 0 -31.6506 -32.1462 4 36229.9 527.198 8976 4.74197e-05
36000 0.397434 0.386341 0.0110929 0 0.972089 14324.9 13804 520.875 0 -31.6542 -32.9503 4 36329.9 527.925 9001 4.2922e-05
36100 0.450485 0.436047 0.0144373 0 0.967952 14369.9 13847.6 522.263 0 -31.6568 -32.4645 4 36429.9 528.651 9026 4.83101e-05
36200 0.447222 0.431446 0.0157762 0 0.964724 14414.6 13890.8 523.879 0 -31.6593 -32.4627 4 36529.9 529.376 9051 4.76683e-05
36300 0.432194 0.41751 0.0146843 0 0.966024 14457.9 13932.5 525.41 0 -31.6627 -32.8069 4 36629.9 530.1 9076 4.60016e-05
36400 0.433204 0.418662 0.0145419 0 0.966432 14501.3 13974.4 526.916 0 -31.6668 -33.0385 4 36729.9 530.823 9101 4.60018e-05
36500 0.41492 0.402464 0.0124559 0 0.96998 14542.8 14014.6 528.214 0 -31.6707 -33.0296 4 36829.9 531.545 9126 4.41008e-05
36600 0.464363 0.44727 0.0170924 0 0.963192 14589 14059.4 529.681 0 -31.6731 -32.4348 4 36929.9 532.266 9151 4.88767e-05
36700 0.446546 0.43237 0.0141756 0 0.968255 14634 14102.6 531.396 0 -31.6766 -32.792 4 37029.9 532.987 9176 4.71197e-05
36800 0.455024 0.43888 0.0161437 0 0.964521 14679.4 14146.5 532.92 0 -31.6791 -32.4835 4 37129.9 533.706 9201 4.76991e-05
36900 0.480326 0.464012 0.0163132 0 0.966037 14727.6 14192.9 534.702 0 -31.6794 -31.7737 4 37229.9 534.424 9226 5.0294e-05
37000 0.437181 0.423427 0.0137544 0 0.968538 14771.5 14235.2 536.269 0 -31.6824 -32.698 4 37329.9 535.141 9251 4.57709e-05
37100 0.408509 0.395527 0.0129814 0 0.968223 14812.4 14274.8 537.616 0 -31.6856 -32.8331 4 37429.9 535.857 9276 4.26399e-05
37200 0.419007 0.406971 0.012036 0 0.971275 14854.5 14315.5 539.031 0 -31.6893 -32.9847 4 37529.9 536.573 9301 4.37557e-05
37300 0.429526 0.413869 0.0156569 0 0.963548 14897.4 14356.9 540.504 0 -31.6926 -32.8393 4 37629.9 537.287 9326 4.4378e-05
37400 0.419967 0.405525 0.0144424 0 0.965611 14939.4 14397.4 542.025 0 -31.6959 -32.8882 4 37729.9 538.001 9351 4.3367e-05
37500 0.434258 0.417848 0.0164103 0 0.962211 14982.7 14439.2 543.539 0 -31.6986 -32.6219 4 37829.9 538.713 9376 4.45657e-05
37600 0.466461 0.450039 0.0164213 0 0.964796 15029.5 14484.2 545.314 0 -31.6997 -32.0397 4 37929.9 539.425 9401 4.78714e-05
37700 0.424905 0.411909 0.0129958 0 0.969415 15072.2 14525.4 546.847 0 -31.7025 -32.6968 4 38029.9 540.135 9426 4.36992e-05
37800 0.446208 0.429953 0.0162555 0 0.96357 15116.8 14568.4 548.41 0 -31.705 -32.5323 4 38129.9 540.845 9451 4.54928e-05
37900 0.427456 0.412517 0.0149386 0 0.965052 15159.5 14609.6 549.891 0 -31.7077 -32.6648 4 38229.9 541.554 9476 4.35329e-05
38000 0.455436 0.442216 0.0132205 0 0.970972 15205.2 14653.9 551.335 0 -31.7104 -32.6168 4 38329.9 542.262 9501 4.65441e-05
38100 0.389061 0.380634 0.00842711 0 0.97834 15244.4 14691.9 552.451 0 -31.7151 -33.5541 4 38429.9 542.968 9526 3.99574e-05
38200 0.406941 0.394665 0.0122757 0 0.969834 15284.9 14731.4 553.474 0 -31.7177 -32.6831 4 38529.9 543.674 9551 4.13219e-05
38300 0.414238 0.403178 0.0110606 0 0.973299 15326.4 14771.7 554.703 0 -31.7201 -32.5953 4 38629.9 544.379 9576 4.21029e-05
38400 0.401001 0.389102 0.0118985 0 0.970328 15366.5 14810.6 555.889 0 -31.7227 -32.7333 4 38729.9 545.084 9601 4.05272e-05
38500 0.392365 0.383321 0.0090439 0 0.97695 15405.9 14849 556.973 0 -31.7265 -33.2183 4 38829.9 545.787 9626 3.98214e-05
38600 0.414993 0.401281 0.0137121 0 0.966958 15447.3 14889.1 558.245 0 -31.7288 -32.575 4 38929.9 546.489 9651 4.15792e-05
38700 0.463667 0.444599 0.0190674 0 0.958877 15493.3 14933.5 559.771 0 -31.7282 -31.5366 4 39029.9 547.191 9676 4.59487e-05
38800 0.445353 0.430913 0.0144393 0 0.967578 15538.1 14976.6 561.42 0 -31.7291 -32.0251 4 39129.9 547.891 9701 4.44195e-05
38900 0.42144 0.407603 0.0138365 0 0.967168 15580.3 15017.4 562.899 0 -31.7314 -32.5616 4 39229.9 548.591 9726 4.19086e-05
39000 0.42154 0.407622 0.0139176 0 0.966984 15622.5 15058.2 564.337 0 -31.7332 -32.4228 4 39329.9 549.29 9751 4.18031e-05
39100 0.401794 0.389174 0.0126199 0 0.968591 15662.7 15097.1 565.614 0 -31.7361 -32.8413 4 39429.9 549.987 9776 3.98092e-05
39200 0.440923 0.426314 0.0146091 0 0.966867 15706.8 15139.7 567.059 0 -31.7374 -32.204 4 39529.9 550.684 9801 4.3497e-05
39300 0.436955 0.421108 0.0158467 0 0.963734 15750.4 15181.8 568.572 0 -31.7388 -32.2419 4 39629.9 551.381 9826 4.28565e-05
39400 0.42113 0.409215 0.0119145 0 0.971708 15792.8 15222.7 570.018 0 -31.7414 -32.7225 4 39729.9 552.076 9851 4.15405e-05
39500 0.43415 0.41899 0.01516 0 0.965081 15836 15264.6 571.397 0 -31.7436 -32.5485 4 39829.9 552.77 9876 4.24251e-05
39600 0.483452 0.466797 0.0166551 0 0.96555 15884.5 15311.3 573.158 0 -31.7432 -31.6181 4 39929.9 553.464 9901 4.71465e-05
39700 0.440466 0.425431 0.0150348 0 0.965866 15928.6 15353.9 574.776 0 -31.7445 -32.2064 4 40029.9 554.156 9926 4.28603e-05
39800 0.451827 0.437623 0.0142042 0 0.968563 15974 15397.6 576.35 0 -31.7459 -32.2335 4 40129.9 554.848 9951 4.39778e-05
39900 0.450202 0.434819 0.0153829 0 0.965831 16019 15441.1 577.869 0 -31.746 -31.7948 4 40229.9 555.539 9976 4.35866e-05
40000 0.482564 0.464558 0.0180052 0 0.962689 16067.3 15487.6 579.738 0 -31.746 -31.7438 4 40329.9 556.229 10001 4.64512e-05
40100 0.44297 0.427606 0.0153641 0 0.965316 16111.7 15530.3 581.421 0 -31.7467 -31.9912 4 40429.9 556.918 10026 4.26497e-05
40200 0.431307 0.41764 0.0136669 0 0.968313 16155 15572.1 582.896 0 -31.7484 -32.392 4 40529.9 557.606 10051 4.15521e-05
40300 0.434425 0.421695 0.0127299 0 0.970697 16198.7 15614.3 584.395 0 -31.7499 -32.2962 4 40629.9 558.294 10076 4.18515e-05
40400 0.428156 0.415336 0.0128204 0 0.970057 16241.6 15655.8 585.777 0 -31.7514 -32.3163 4 40729.9 558.98 10101 4.11183e-05
40500 0.420109 0.407295 0.0128136 0 0.969499 16283.6 15696.5 587.077 0 -31.7536 -32.5908 4 40829.9 559.666 10126 4.02227e-05
40600 0.406661 0.393761 0.0128995 0 0.96828 16324.2 15735.9 588.335 0 -31.7551 -32.3546 4 40929.9 560.351 10151 3.87904e-05
40700 0.440911 0.42532 0.0155907 0 0.96464 16368.3 15778.4 589.886 0 -31.7558 -32.0344 4 41029.9 561.035 10176 4.17964e-05
40800 0.431767 0.418233 0.0135338 0 0.968655 16411.6 15820.3 591.375 0 -31.7565 -32.0188 4 41129.9 561.719 10201 4.09992e-05
40900 0.455808 0.442188 0.0136201 0 0.970119 16457.4 15864.5 592.893 0 -31.7581 -32.3188 4 41229.9 562.401 10226 4.32415e-05
41000 0.413201 0.402459 0.0107417 0 0.974004 16498.9 15904.7 594.178 0 -31.7603 -32.6541 4 41329.9 563.083 10251 3.92605e-05
41100 0.423864 0.411961 0.0119035 0 0.971917 16541.3 15945.9 595.388 0 -31.7615 -32.1947 4 41429.9 563.763 10276 4.00896e-05
41200 0.399967 0.390625 0.00934113 0 0.976645 16581.5 15985 596.478 0 -31.7634 -32.5832 4 41529.9 564.443 10301 3.79211e-05
41300 0.407457 0.395229 0.0122283 0 0.969989 16622.2 16024.5 597.656 0 -31.7652 -32.4941 4 41629.9 565.123 10326 3.82751e-05
41400 0.400465 0.389576 0.0108888 0 0.97281 16662.3 16063.5 598.868 0 -31.7679 -32.8583 4 41729.9 565.801 10351 3.76365e-05
41500 0.420794 0.410501 0.0102924 0 0.97554 16704.5 16104.5 600.044 0 -31.7695 -32.4075 4 41829.9 566.478 10376 3.95626e-05
41600 0.424698 0.41226 0.0124379 0 0.970714 16747 16145.7 601.254 0 -31.7706 -32.2206 4 41929.9 567.155 10401 3.96366e-05
41700 0.403582 0.393542 0.0100403 0 0.975122 16787.6 16185.1 602.475 0 -31.7729 -32.7144 4 42029.9 567.831 10426 3.77462e-05
41800 0.431772 0.415993 0.0157788 0 0.963456 16830.6 16226.7 603.867 0 -31.7739 -32.1695 4 42129.9 568.506 10451 3.98041e-05
41900 0.456785 0.440979 0.0158055 0 0.965398 16876.4 16270.8 605.652 0 -31.7741 -31.8228 4 42229.9 569.18 10476 4.20942e-05
42000 0.416696 0.401209 0.0154862 0 0.962836 16918 16310.9 607.129 0 -31.7756 -32.4147 4 42329.9 569.854 10501 3.82068e-05
42100 0.43136 0.41845 0.0129106 0 0.97007 16961.4 16352.7 608.694 0 -31.7774 -32.4647 4 42429.9 570.527 10526 3.97539e-05
42200 0.406842 0.392287 0.0145548 0 0.964225 17002.1 16392 610.104 0 -31.7792 -32.5254 4 42529.9 571.199 10551 3.71801e-05
42300 0.431758 0.417289 0.0144685 0 0.966489 17045.4 16433.7 611.646 0 -31.7806 -32.3296 4 42629.9 571.87 10576 3.94563e-05
42400 0.445354 0.430426 0.014928 0 0.966481 17089.9 16476.7 613.157 0 -31.781 -31.9487 4 42729.9 572.54 10601 4.06024e-05
42500 0.434325 0.422335 0.0119898 0 0.972394 17133.7 16519 614.679 0 -31.7822 -32.2421 4 42829.9 573.21 10626 3.97455e-05
42600 0.461841 0.447077 0.0147645 0 0.968031 17179.9 16563.7 616.248 0 -31.7835 -32.2619 4 42929.9 573.878 10651 4.19751e-05
42700 0.485351 0.467543 0.0178086 0 0.963308 17228.5 16610.4 618.053 0 -31.7838 -31.8847 4 43029.9 574.546 10676 4.37938e-05
42800 0.466555 0.449931 0.0166237 0 0.964369 17275.4 16655.4 619.979 0 -31.7841 -31.9179 4 43129.9 575.214 10701 4.20457e-05
42900 0.454789 0.438642 0.0161472 0 0.964495 17321.1 16699.3 621.799 0 -31.7856 -32.3412 4 43229.9 575.88 10726 4.08952e-05
43000 0.42315 0.408542 0.0146078 0 0.965479 17363.5 16740.2 623.326 0 -31.7875 -32.5528 4 43329.9 576.546 10751 3.80004e-05
43100 0.442548 0.421561 0.0209871 0 0.952577 17407.3 16782.3 624.946 0 -31.788 -32.0006 4 43429.9 577.211 10776 3.91203e-05
43200 0.462056 0.443543 0.0185134 0 0.959933 17453.6 16826.7 626.909 0 -31.7883 -31.9117 4 43529.9 577.875 10801 4.1065e-05
43300 0.460675 0.442892 0.0177834 0 0.961397 17499.8 16871 628.825 0 -31.7899 -32.3789 4 43629.9 578.538 10826 4.091e-05
43400 0.443543 0.424867 0.0186769 0 0.957892 17544.1 16913.4 630.653 0 -31.7919 -32.5616 4 43729.9 579.201 10851 3.91546e-05
43500 0.446024 0.429629 0.0163951 0 0.963242 17588.8 16956.4 632.439 0 -31.7931 -32.2784 4 43829.9 579.863 10876 3.95025e-05
43600 0.410054 0.396508 0.0135468 0 0.966963 17630 16996.1 633.928 0 -31.7952 -32.6786 4 43929.9 580.524 10901 3.63735e-05
43700 0.432408 0.418784 0.0136244 0 0.968492 17673.5 17037.9 635.534 0 -31.7972 -32.624 4 44029.9 581.184 10926 3.83291e-05
43800 0.432262 0.41955 0.0127124 0 0.970591 17716.9 17079.9 637.036 0 -31.7998 -32.8445 4 44129.9 581.844 10951 3.83116e-05
43900 0.437928 0.424635 0.0132934 0 0.969645 17760.8 17122.4 638.421 0 -31.8021 -32.753 4 44229.9 582.503 10976 3.86876e-05
44000 0.433076 0.420208 0.0128677 0 0.970288 17804.2 17164.4 639.814 0 -31.8054 -33.1282 4 44329.9 583.161 11001 3.81973e-05
44100 0.429339 0.414736 0.0146029 0 0.965988 17847.1 17205.8 641.207 0 -31.8081 -32.936 4 44429.9 583.818 11026 3.76144e-05
44200 0.468871 0.451171 0.0176994 0 0.962251 17893.8 17251 642.875 0 -31.8082 -31.8593 4 44529.9 584.475 11051 4.08263e-05
44300 0.444527 0.429022 0.0155047 0 0.965121 17938.4 17293.9 644.518 0 -31.8095 -32.3501 4 44629.9 585.131 11076 3.87344e-05
44400 0.454173 0.439921 0.0142523 0 0.968619 17983.9 17337.9 646.049 0 -31.8119 -32.7389 4 44729.9 585.786 11101 3.9629e-05
44500 0.48885 0.472414 0.0164365 0 0.966377 18032.8 17385.1 647.721 0 -31.8114 -31.6398 4 44829.9 586.44 11126 4.24604e-05
44600 0.444179 0.430743 0.013436 0 0.969751 18077.4 17428.2 649.275 0 -31.8136 -32.671 4 44929.9 587.094 11151 3.86282e-05
44700 0.445013 0.429941 0.0150722 0 0.966131 18122 17471.2 650.783 0 -31.8158 -32.7179 4 45029.9 587.747 11176 3.847e-05
44800 0.501135 0.485159 0.015976 0 0.96812 18172.2 17519.7 652.507 0 -31.8165 -32.062 4 45129.9 588.399 11201 4.33139e-05
44900 0.456292 0.441562 0.0147301 0 0.967718 18218 17563.8 654.178 0 -31.8177 -32.3165 4 45229.9 589.051 11226 3.93338e-05
45000 0.408848 0.395814 0.0130342 0 0.96812 18258.9 17603.4 655.479 0 -31.8203 -32.9585 4 45329.9 589.702 11251 3.51803e-05
45100 0.447975 0.433121 0.0148538 0 0.966842 18303.6 17646.7 656.903 0 -31.8218 -32.4459 4 45429.9 590.352 11276 3.84109e-05
45200 0.445828 0.432147 0.0136815 0 0.969312 18348.2 17689.9 658.299 0 -31.8239 -32.6772 4 45529.9 591.001 11301 3.82397e-05
45300 0.459633 0.448376 0.0112572 0 0.975508 18394.5 17734.8 659.73 0 -31.8281 -33.4973 4 45629.9 591.65 11326 3.95882e-05
45400 0.41943 0.408006 0.011424 0 0.972763 18436.6 17775.6 660.971 0 -31.832 -33.5449 4 45729.9 592.298 11351 3.59445e-05
45500 0.423252 0.410084 0.0131683 0 0.968888 18478.8 17816.6 662.174 0 -31.8354 -33.3037 4 45829.9 592.945 11376 3.60482e-05
45600 0.418298 0.406925 0.0113731 0 0.972811 18520.7 17857.3 663.433 0 -31.8393 -33.5842 4 45929.9 593.592 11401 3.56921e-05
45700 0.423556 0.41269 0.0108661 0 0.974346 18563.1 17898.6 664.592 0 -31.8423 -33.1185 4 46029.9 594.237 11426 3.61185e-05
45800 0.424614 0.412445 0.0121681 0 0.971343 18605.6 17939.8 665.802 0 -31.8462 -33.5522 4 46129.9 594.883 11451 3.60183e-05
45900 0.405063 0.392602 0.0124604 0 0.969238 18646.1 17979.1 667.031 0 -31.8506 -33.9152 4 46229.9 595.527 11476 3.42107e-05
46000 0.439845 0.427579 0.0122661 0 0.972113 18690.2 18021.8 668.367 0 -31.8545 -33.47 4 46329.9 596.171 11501 3.71775e-05
46100 0.421686 0.410815 0.0108714 0 0.974219 18732.5 18062.9 669.599 0 -31.8579 -33.3808 4 46429.9 596.814 11526 3.56424e-05
46200 0.449781 0.435643 0.0141375 0 0.968568 18777.5 18106.5 671.065 0 -31.8596 -32.5653 4 46529.9 597.456 11551 3.77147e-05
46300 0.446441 0.431753 0.0146871 0 0.967102 18822.3 18149.6 672.675 0 -31.8617 -32.7326 4 46629.9 598.098 11576 3.72973e-05
46400 0.443736 0.42838 0.0153559 0 0.965394 18866.8 18192.5 674.302 0 -31.8641 -32.866 4 46729.9 598.739 11601 3.69261e-05
46500 0.429578 0.415574 0.0140032 0 0.967402 18909.7 18234 675.702 0 -31.8662 -32.804 4 46829.9 599.379 11626 3.57453e-05
46600 0.439214 0.426041 0.0131728 0 0.970008 18953.7 18276.6 677.09 0 -31.8694 -33.2501 4 46929.9 600.019 11651 3.65669e-05
46700 0.472799 0.457866 0.0149337 0 0.968414 19001 18322.4 678.62 0 -31.8707 -32.3869 4 47029.9 600.658 11676 3.92142e-05
46800 0.500118 0.48405 0.0160672 0 0.967873 19051.1 18370.8 680.318 0 -31.8726 -32.6112 4 47129.9 601.296 11701 4.13683e-05
46900 0.507907 0.486871 0.0210362 0 0.958583 19101.6 18419.5 682.067 0 -31.8738 -32.3099 4 47229.9 601.933 11726 4.15206e-05
47000 0.479119 0.462758 0.0163619 0 0.96585 19149.6 18465.8 683.851 0 -31.876 -32.7466 4 47329.9 602.57 11751 3.93803e-05
47100 0.466697 0.450346 0.0163518 0 0.964963 19196.3 18510.8 685.487 0 -31.8779 -32.6514 4 47429.9 603.207 11776 3.82427e-05
47200 0.449485 0.436011 0.0134736 0 0.970024 19241.5 18554.4 687.026 0 -31.8805 -32.994 4 47529.9 603.842 11801 3.6947e-05
47300 0.433679 0.418225 0.0154539 0 0.964366 19284.6 18596.3 688.317 0 -31.8832 -33.0894 4 47629.9 604.477 11826 3.53649e-05
47400 0.50772 0.490545 0.0171756 0 0.966171 19335.3 18645.3 689.954 0 -31.8829 -31.7608 4 47729.9 605.111 11851 4.13927e-05
47500 0.482411 0.464786 0.0176247 0 0.963465 19383.5 18691.8 691.69 0 -31.8833 -32.0747 4 47829.9 605.745 11876 3.91366e-05
47600 0.504673 0.485363 0.0193104 0 0.961737 19434 18740.3 693.641 0 -31.883 -31.7514 4 47929.9 606.378 11901 4.07834e-05
47700 0.500662 0.482749 0.017913 0 0.964221 19484.2 18788.6 695.559 0 -31.8838 -32.179 4 48029.9 607.01 11926 4.04787e-05
47800 0.475697 0.458944 0.0167525 0 0.964783 19531.8 18834.5 697.298 0 -31.8848 -32.3125 4 48129.9 607.642 11951 3.84022e-05
47900 0.485743 0.467539 0.0182043 0 0.962523 19580.4 18881.2 699.139 0 -31.8848 -31.8808 4 48229.9 608.272 11976 3.90397e-05
48000 0.465931 0.448611 0.0173195 0 0.962828 19627 18926.1 700.87 0 -31.8853 -32.0872 4 48329.9 608.903 12001 3.73811e-05
48100 0.445167 0.43028 0.0148876 0 0.966557 19671.7 18969.1 702.538 0 -31.8871 -32.6694 4 48429.9 609.532 12026 3.57791e-05
48200 0.475365 0.45854 0.0168245 0 0.964607 19719.1 19015 704.16 0 -31.8887 -32.5787 4 48529.9 610.161 12051 3.805e-05
48300 0.487819 0.468774 0.0190454 0 0.960958 19767.9 19061.9 705.986 0 -31.8901 -32.461 4 48629.9 610.79 12076 3.88187e-05
48400 0.474411 0.457286 0.0171256 0 0.963901 19815.3 19107.6 707.751 0 -31.8917 -32.5562 4 48729.9 611.417 12101 3.77891e-05
48500 0.463103 0.445537 0.017566 0 0.962069 19861.7 19152.1 709.517 0 -31.8931 -32.4743 4 48829.9 612.044 12126 3.67423e-05
48600 0.455976 0.441428 0.0145485 0 0.968094 19907.5 19196.3 711.196 0 -31.8949 -32.6871 4 48929.9 612.671 12151 3.63285e-05
48700 0.491187 0.47384 0.0173474 0 0.964683 19956.5 19243.7 712.841 0 -31.8956 -32.1645 4 49029.9 613.297 12176 3.89159e-05
48800 0.468992 0.456068 0.0129234 0 0.972444 20003.7 19289.3 714.406 0 -31.898 -32.9367 4 49129.9 613.922 12201 3.73796e-05
48900 0.466471 0.452935 0.013536 0 0.970982 20050.4 19334.6 715.86 0 -31.9007 -33.0313 4 49229.9 614.546 12226 3.70469e-05
49000 0.449351 0.437399 0.0119516 0 0.973402 20095.6 19378.3 717.262 0 -31.9033 -33.0581 4 49329.9 615.17 12251 3.57031e-05
49100 0.45674 0.44406 0.0126794 0 0.972239 20141.4 19422.7 718.632 0 -31.9049 -32.6054 4 49429.9 615.793 12276 3.6173e-05
49200 0.498628 0.483692 0.0149363 0 0.970045 20191.3 19471.1 720.164 0 -31.9072 -32.8262 4 49529.9 616.416 12301 3.93214e-05
49300 0.438789 0.426973 0.0118157 0 0.973072 20235.2 19513.8 721.461 0 -31.9109 -33.6269 4 49629.9 617.038 12326 3.464e-05
49400 0.493022 0.478134 0.0148884 0 0.969802 20284.5 19561.6 722.896 0 -31.9143 -33.2965 4 49729.9 617.659 12351 3.87122e-05
49500 0.458796 0.44632 0.0124759 0 0.972807 20330.4 19606.2 724.166 0 -31.9182 -33.6604 4 49829.9 618.28 12376 3.60634e-05
49600 0.446048 0.434136 0.011912 0 0.973294 20375.1 19649.6 725.475 0 -31.9218 -33.5414 4 49929.9 618.9 12401 3.50081e-05
49700 0.441374 0.430716 0.010658 0 0.975853 20419.5 19692.7 726.737 0 -31.9244 -33.1246 4 50029.9 619.519 12426 3.46625e-05
49800 0.415175 0.404012 0.0111632 0 0.973112 20460.9 19733.1 727.77 0 -31.9273 -33.3821 4 50129.9 620.138 12451 3.24482e-05
49900 0.421053 0.409826 0.0112271 0 0.973336 20503.1 19774.1 728.96 0 -31.93 -33.2422 4 50229.9 620.756 12476 3.28492e-05
50000 0.424313 0.410344 0.013969 0 0.967079 20545.3 19815.1 730.167 0 -31.9321 -32.9442 4 50329.9 621.374 12501 3.28249e-05
