100 0.165873 0.150167 0.015706 0 0.905313 15.8418 15.0167 0.825047 0 -25.5582 -25.5582 2 427.882 57.293 51 0.00294446
200 0.292128 0.269159 0.0229695 0 0.921372 44.6848 41.9326 2.75224 0 -26.0377 -26.301 2 527.882 63.6368 101 0.00266494
300 0.358702 0.330591 0.0281104 0 0.921633 80.2161 74.9917 5.2243 0 -26.2555 -26.5294 2 627.882 69.4031 151 0.00218935
400 0.355087 0.329811 0.0252768 0 0.928815 115.683 107.973 7.71018 0 -26.7374 -27.8274 2 727.882 74.7258 201 0.00164085
500 0.361927 0.335595 0.0263327 0 0.927243 151.847 141.532 10.3148 0 -26.9528 -27.642 2 827.882 79.6937 251 0.00133703
600 0.39936 0.372115 0.0272447 0 0.931779 191.821 178.744 13.0777 0 -27.1166 -27.7388 2 927.882 84.3697 301 0.00123626
700 0.446358 0.418054 0.0283041 0 0.936589 236.593 220.549 16.0437 0 -27.3289 -28.2381 2 1027.88 88.7997 351 0.00119104
800 0.414025 0.390108 0.023917 0 0.942233 278.275 259.56 18.7146 0 -27.5441 -28.7656 2 1127.88 93.019 401 0.000972837
900 0.44875 0.424009 0.0247409 0 0.944867 323.333 301.961 21.3719 0 -27.7141 -28.7643 2 1227.88 97.0551 451 0.000940154
1000 0.485937 0.459619 0.0263172 0 0.945842 372.081 347.923 24.158 0 -27.8556 -28.794 2 1327.88 100.93 501 0.000917404
1100 0.478543 0.451286 0.0272565 0 0.943043 419.973 393.051 26.922 0 -27.9679 -28.8405 2 1427.88 104.661 551 0.000819031
1200 0.484291 0.456803 0.0274883 0 0.94324 468.371 438.732 29.6396 0 -28.0886 -29.1358 2 1527.88 108.264 601 0.000760072
1300 0.446541 0.422232 0.024309 0 0.945562 513.162 480.955 32.2073 0 -28.1775 -29.1074 2 1627.88 111.751 651 0.00064859
1400 0.477994 0.451881 0.0261128 0 0.94537 561 526.143 34.8573 0 -28.2786 -29.3634 2 1727.88 115.132 701 0.000644624
1500 0.555285 0.524448 0.0308368 0 0.944467 616.387 578.588 37.7992 0 -28.3869 -29.483 2 1827.88 118.417 751 0.000698333
1600 0.58911 0.555706 0.0334039 0 0.943298 675.223 634.158 41.0641 0 -28.4582 -29.205 2 1927.88 121.613 801 0.000693765
1700 0.634744 0.599843 0.0349015 0 0.945015 738.753 694.143 44.6101 0 -28.5367 -29.3711 2 2027.88 124.727 851 0.000704868
1800 0.575366 0.545961 0.029405 0 0.948893 796.625 748.739 47.8861 0 -28.6264 -29.772 2 2127.88 127.766 901 0.00060595
1900 0.534879 0.507301 0.0275777 0 0.948441 850.32 799.469 50.8516 0 -28.7102 -29.9538 2 2227.88 130.733 951 0.00053344
2000 0.536642 0.509167 0.0274752 0 0.948802 904.129 850.386 53.7437 0 -28.7581 -29.5139 2 2327.88 133.635 1001 0.000508659
2100 0.558224 0.529615 0.0286093 0 0.948749 959.906 903.347 56.5585 0 -28.798 -29.445 2 2427.88 136.475 1051 0.000503915
2200 0.618271 0.586489 0.0317825 0 0.948595 1021.81 961.996 59.8189 0 -28.7991 -28.8173 2 2527.88 139.257 1101 0.000532687
2300 0.585238 0.557386 0.0278511 0 0.952411 1080.56 1017.73 62.8267 0 -28.8199 -29.1803 2 2627.88 141.985 1151 0.000484263
2400 0.568884 0.542516 0.0263675 0 0.953651 1137.65 1071.99 65.6609 0 -28.8646 -29.7111 2 2727.88 144.661 1201 0.000451721
2500 0.584889 0.555657 0.0292324 0 0.950021 1196.07 1127.55 68.5147 0 -28.9192 -29.9821 2 2827.88 147.289 1251 0.00044417
2600 0.654436 0.616037 0.0383982 0 0.941326 1261.07 1189.16 71.9128 0 -28.9439 -29.3983 2 2927.88 149.871 1301 0.000473511
2700 0.632061 0.5995 0.0325611 0 0.948484 1324.43 1249.11 75.3293 0 -28.9767 -29.6295 2 3027.88 152.409 1351 0.000443745
2800 0.610008 0.579751 0.0302568 0 0.950399 1385.56 1307.08 78.4777 0 -29.01 -29.7323 2 3127.88 154.905 1401 0.000413813
2900 0.603941 0.577864 0.0260778 0 0.956821 1446.27 1364.87 81.3987 0 -29.0547 -30.0747 2 3227.88 157.362 1451 0.000398252
3000 0.592863 0.566369 0.0264942 0 0.955311 1505.56 1421.5 84.0556 0 -29.0993 -30.1872 2 3327.88 159.781 1501 0.000377328
3100 0.549831 0.527595 0.022236 0 0.959558 1560.69 1474.26 86.4224 0 -29.1584 -30.7726 2 3427.88 162.163 1551 0.000340164
3200 0.639673 0.614835 0.0248378 0 0.961171 1624.76 1535.75 89.0123 0 -29.2085 -30.4286 2 3527.88 164.512 1601 0.000384032
3300 0.5943 0.573201 0.0210992 0 0.964497 1684.58 1593.07 91.5155 0 -29.2625 -30.7307 2 3627.88 166.827 1651 0.000347184
3400 0.601835 0.576742 0.0250928 0 0.958306 1744.72 1650.74 93.977 0 -29.3084 -30.5915 2 3727.88 169.111 1701 0.00033906
3500 0.606827 0.579922 0.0269057 0 0.955662 1805.43 1708.73 96.6994 0 -29.3454 -30.4103 2 3827.88 171.364 1751 0.000331195
3600 0.624106 0.594865 0.0292411 0 0.953147 1867.7 1768.22 99.4825 0 -29.3801 -30.3855 2 3927.88 173.588 1801 0.000330297
3700 0.591181 0.562111 0.0290698 0 0.950828 1926.57 1824.43 102.136 0 -29.4077 -30.2834 2 4027.88 175.784 1851 0.00030368
3800 0.643202 0.611789 0.0314135 0 0.951161 1990.71 1885.61 105.105 0 -29.4229 -29.8789 2 4127.88 177.952 1901 0.000321825
3900 0.638417 0.609563 0.0288541 0 0.954804 2054.56 1946.57 107.99 0 -29.4488 -30.2579 2 4227.88 180.095 1951 0.000312436
4000 0.664762 0.63754 0.0272217 0 0.95905 2121.29 2010.32 110.972 0 -29.4632 -29.907 2 4327.88 182.212 2001 0.000318611
4100 0.639146 0.611673 0.0274727 0 0.957017 2185.29 2071.49 113.799 0 -29.48 -30.0349 2 4427.88 184.305 2051 0.000298232
4200 0.635004 0.606636 0.028367 0 0.955328 2248.79 2132.15 116.643 0 -29.5019 -30.2551 2 4527.88 186.375 2101 0.000288737
4300 0.681069 0.650006 0.0310632 0 0.954391 2316.83 2197.15 119.676 0 -29.5205 -30.1376 2 4627.88 188.422 2151 0.000302188
4400 0.662455 0.637382 0.0250731 0 0.962151 2383.46 2260.89 122.57 0 -29.5447 -30.3851 2 4727.88 190.447 2201 0.000289588
4500 0.720527 0.691052 0.0294745 0 0.959093 2455.59 2330 125.596 0 -29.559 -30.0329 2 4827.88 192.45 2251 0.000306998
4600 0.668976 0.643183 0.0257935 0 0.961443 2522.78 2394.31 128.467 0 -29.5708 -30.0011 2 4927.88 194.433 2301 0.000279523
4700 0.68232 0.654279 0.0280419 0 0.958902 2591.03 2459.74 131.29 0 -29.5918 -30.3685 2 5027.88 196.396 2351 0.000278298
4800 0.672708 0.642782 0.0299255 0 0.955515 2658.13 2524.02 134.109 0 -29.6088 -30.2661 2 5127.88 198.339 2401 0.000267714
4900 0.667471 0.640412 0.0270593 0 0.95946 2725.05 2588.06 136.994 0 -29.6341 -30.6365 2 5227.88 200.264 2451 0.000261286
5000 0.681076 0.65215 0.0289257 0 0.957529 2793.22 2653.28 139.948 0 -29.6548 -30.4808 2 5327.88 202.17 2501 0.000260756
5100 0.691923 0.66227 0.0296534 0 0.957144 2862.48 2719.5 142.982 0 -29.6685 -30.221 2 5427.88 204.059 2551 0.000259612
5200 0.671771 0.646237 0.025534 0 0.96199 2930.1 2784.13 145.972 0 -29.7004 -31.051 2 5527.88 205.93 2601 0.000248457
5300 0.607179 0.583689 0.0234907 0 0.961312 2991.03 2842.5 148.539 0 -29.7284 -31.0752 2 5627.88 207.784 2651 0.000220177
5400 0.645806 0.618416 0.0273893 0 0.957589 3055.49 2904.34 151.158 0 -29.7446 -30.4991 2 5727.88 209.622 2701 0.000228958
5500 0.643744 0.618559 0.0251847 0 0.960878 3119.94 2966.19 153.743 0 -29.7649 -30.7272 2 5827.88 211.444 2751 0.000224849
5600 0.640479 0.611031 0.0294488 0 0.954021 3183.66 3027.3 156.361 0 -29.7863 -30.833 2 5927.88 213.25 2801 0.000218147
5700 0.694748 0.666271 0.0284771 0 0.959011 3253.34 3093.92 159.416 0 -29.8179 -31.2611 2 6027.88 215.042 2851 0.000233697
5800 0.637262 0.610987 0.026275 0 0.958769 3317.23 3155.02 162.204 0 -29.8428 -31.1128 2 6127.88 216.818 2901 0.000210613
5900 0.727833 0.696246 0.0315875 0 0.956601 3389.99 3224.65 165.34 0 -29.8566 -30.4825 2 6227.88 218.58 2951 0.000235936
6000 0.662517 0.637011 0.0255058 0 0.961502 3456.59 3288.35 168.239 0 -29.8732 -30.7216 2 6327.88 220.328 3001 0.000212266
6100 0.638766 0.611134 0.0276323 0 0.956741 3520.44 3349.46 170.977 0 -29.8932 -30.977 2 6427.88 222.062 3051 0.000200306
6200 0.684307 0.65175 0.0325572 0 0.952423 3588.51 3414.64 173.876 0 -29.9032 -30.4162 2 6527.88 223.783 3101 0.000210174
6300 0.72915 0.695178 0.0339721 0 0.953409 3661.59 3484.15 177.44 0 -29.9079 -30.1418 2 6627.88 225.49 3151 0.000220621
6400 0.724684 0.690273 0.0344111 0 0.952516 3734.06 3553.18 180.879 0 -29.9129 -30.1665 2 6727.88 227.185 3201 0.000215643
6500 0.732393 0.698429 0.0339636 0 0.953627 3807.15 3623.02 184.123 0 -29.9184 -30.1953 2 6827.88 228.867 3251 0.000214835
6600 0.715638 0.682895 0.0327424 0 0.954247 3878.45 3691.31 187.14 0 -29.9253 -30.2973 2 6927.88 230.537 3301 0.000206875
6700 0.734384 0.703911 0.0304722 0 0.958506 3952.18 3761.7 190.477 0 -29.9369 -30.5468 2 7027.88 232.195 3351 0.00021006
6800 0.778501 0.745949 0.0325527 0 0.958185 4030.2 3836.3 193.899 0 -29.9442 -30.3146 2 7127.88 233.841 3401 0.000219332
6900 0.786201 0.750856 0.0353451 0 0.955043 4108.68 3911.38 197.293 0 -29.9598 -30.7599 2 7227.88 235.475 3451 0.000217576
7000 0.749258 0.716222 0.0330363 0 0.955908 4183.63 3983.01 200.627 0 -29.9731 -30.699 2 7327.88 237.099 3501 0.000204576
7100 0.708741 0.680617 0.0281244 0 0.960318 4254.68 4051.07 203.609 0 -29.9856 -30.7262 2 7427.88 238.711 3551 0.000191669
7200 0.716735 0.689856 0.0268792 0 0.962498 4326.58 4120.05 206.523 0 -29.9963 -30.6293 2 7527.88 240.313 3601 0.000191573
7300 0.741326 0.71265 0.0286765 0 0.961317 4400.86 4191.32 209.537 0 -30.0015 -30.3056 2 7627.88 241.903 3651 0.000195193
7400 0.736253 0.707727 0.0285258 0 0.961255 4474.57 4262.09 212.479 0 -30.0151 -30.826 2 7727.88 243.484 3701 0.000191226
7500 0.759662 0.728405 0.0312567 0 0.958854 4550.65 4334.93 215.714 0 -30.0228 -30.4737 2 7827.88 245.054 3751 0.00019419
7600 0.770569 0.736623 0.0339455 0 0.955948 4627.42 4408.59 218.825 0 -30.029 -30.3996 2 7927.88 246.615 3801 0.000193797
7700 0.809148 0.776006 0.0331422 0 0.959041 4708.38 4486.2 222.185 0 -30.0351 -30.3788 2 8027.88 248.165 3851 0.000201508
7800 0.780085 0.748508 0.0315771 0 0.959521 4786.55 4561.05 225.508 0 -30.0424 -30.4851 2 8127.88 249.706 3901 0.000191876
7900 0.807712 0.775403 0.0323096 0 0.959999 4867.56 4638.59 228.977 0 -30.049 -30.441 2 8227.88 251.237 3951 0.000196255
8000 0.775333 0.745929 0.0294045 0 0.962075 4945.44 4713.18 232.261 0 -30.0594 -30.7059 2 8327.88 252.759 4001 0.000186436
8100 0.797281 0.767292 0.0299898 0 0.962385 5025.39 4789.91 235.481 0 -30.0678 -30.5857 2 8427.88 254.272 4051 0.000189408
8200 0.839511 0.807519 0.0319926 0 0.961891 5109.33 4870.66 238.67 0 -30.0777 -30.673 2 8527.88 255.777 4101 0.000196908
8300 0.856591 0.823412 0.033179 0 0.961266 5195.01 4953 242.011 0 -30.0893 -30.7795 2 8627.88 257.272 4151 0.000198365
8400 0.766653 0.737773 0.0288804 0 0.962329 5271.97 5026.78 245.195 0 -30.1034 -31.0575 2 8727.88 258.758 4201 0.000175618
8500 0.801869 0.77112 0.0307488 0 0.961654 5352.31 5103.89 248.417 0 -30.1176 -31.0499 2 8827.88 260.237 4251 0.000181397
8600 0.805812 0.77491 0.0309016 0 0.961652 5433.08 5181.38 251.693 0 -30.1353 -31.3046 2 8927.88 261.706 4301 0.00018017
8700 0.765814 0.736197 0.0296178 0 0.961325 5509.74 5255 254.733 0 -30.1519 -31.3291 2 9027.88 263.168 4351 0.000169202
8800 0.757031 0.728753 0.0282782 0 0.962646 5585.38 5327.88 257.506 0 -30.167 -31.2717 2 9127.88 264.621 4401 0.000165588
8900 0.777691 0.75144 0.0262509 0 0.966245 5663.39 5403.02 260.371 0 -30.1836 -31.367 2 9227.88 266.067 4451 0.000168825
9000 0.770168 0.74178 0.0283877 0 0.963141 5740.4 5477.2 263.2 0 -30.1986 -31.3002 2 9327.88 267.505 4501 0.000164803
9100 0.780707 0.751687 0.0290202 0 0.962828 5818.63 5552.37 266.259 0 -30.2108 -31.11 2 9427.88 268.935 4551 0.00016517
9200 0.758315 0.727953 0.0303616 0 0.959962 5894.37 5625.16 269.206 0 -30.2211 -31.008 2 9527.88 270.357 4601 0.000158216
9300 0.734434 0.705532 0.0289021 0 0.960647 5967.75 5695.72 272.033 0 -30.2365 -31.4798 2 9627.88 271.772 4651 0.000151695
9400 0.728464 0.704905 0.0235596 0 0.967659 6040.88 5766.21 274.676 0 -30.2506 -31.4022 2 9727.88 273.18 4701 0.000149948
9500 0.717979 0.693139 0.0248407 0 0.965402 6112.63 5835.52 277.113 0 -30.2677 -31.7055 2 9827.88 274.581 4751 0.000145893
9600 0.764947 0.735172 0.0297754 0 0.961075 6188.96 5909.04 279.926 0 -30.2839 -31.5824 2 9927.88 275.974 4801 0.000153129
9700 0.827507 0.793722 0.0337842 0 0.959174 6271.24 5988.41 282.833 0 -30.2955 -31.1623 2 10027.9 277.361 4851 0.00016362
9800 0.851669 0.819424 0.0322447 0 0.962139 6356.48 6070.35 286.132 0 -30.3084 -31.2622 2 10127.9 278.74 4901 0.000167195
9900 0.784402 0.752393 0.0320083 0 0.959194 6434.75 6145.59 289.162 0 -30.3229 -31.4974 2 10227.9 280.113 4951 0.000151968
10000 0.843659 0.809329 0.0343299 0 0.959308 6518.98 6226.52 292.458 0 -30.3353 -31.287 2 10327.9 281.479 5001 0.000161833
10100 0.889412 0.85114 0.0382715 0 0.95697 6607.58 6311.64 295.937 0 -30.3374 -30.4884 2 10427.9 282.838 5051 0.000168509
10200 0.864389 0.830633 0.0337557 0 0.960949 6694.19 6394.7 299.493 0 -30.3428 -30.754 2 10527.9 284.191 5101 0.000162837
10300 0.832831 0.797944 0.0348866 0 0.958111 6777.43 6474.5 302.933 0 -30.3498 -30.9148 2 10627.9 285.538 5151 0.000154911
10400 0.863547 0.827108 0.036439 0 0.957803 6863.58 6557.21 306.37 0 -30.3588 -31.0681 2 10727.9 286.878 5201 0.000159029
10500 0.870062 0.833593 0.0364689 0 0.958085 6950.5 6640.57 309.937 0 -30.3699 -31.2429 2 10827.9 288.212 5251 0.000158749
10600 0.933944 0.896036 0.037908 0 0.959411 7043.8 6730.17 313.629 0 -30.3726 -30.5731 2 10927.9 289.54 5301 0.000169031
10700 0.866359 0.832662 0.0336977 0 0.961104 7130.75 6813.44 317.313 0 -30.3847 -31.368 2 11027.9 290.861 5351 0.000155609
10800 0.800122 0.771655 0.0284663 0 0.964422 7210.94 6890.6 320.334 0 -30.3998 -31.743 2 11127.9 292.177 5401 0.000142873
10900 0.79921 0.769425 0.0297854 0 0.962731 7290.88 6967.54 323.337 0 -30.4135 -31.6493 2 11227.9 293.487 5451 0.000141153
11000 0.774875 0.747864 0.0270116 0 0.965141 7368.68 7042.33 326.35 0 -30.43 -31.9742 2 11327.9 294.791 5501 0.00013595
11100 0.762513 0.73025 0.0322628 0 0.957689 7444.51 7115.36 329.152 0 -30.4432 -31.7243 2 11427.9 296.089 5551 0.000131553
11200 0.772104 0.745794 0.0263094 0 0.965925 7521.97 7189.94 332.032 0 -30.4588 -31.9642 2 11527.9 297.382 5601 0.000133154
11300 0.732546 0.704854 0.0276925 0 0.962197 7595.07 7260.42 334.647 0 -30.4729 -31.9231 2 11627.9 298.669 5651 0.000124731
11400 0.766887 0.738022 0.0288647 0 0.962361 7671.54 7334.22 337.322 0 -30.4867 -31.8555 2 11727.9 299.951 5701 0.000129455
11500 0.797792 0.772575 0.0252167 0 0.968392 7751.67 7411.48 340.187 0 -30.5001 -31.7802 2 11827.9 301.227 5751 0.000134338
11600 0.801231 0.774403 0.0268275 0 0.966517 7831.93 7488.92 343.011 0 -30.5129 -31.748 2 11927.9 302.497 5801 0.000133495
11700 0.812347 0.78194 0.030406 0 0.96257 7913.15 7567.11 346.037 0 -30.5259 -31.7784 2 12027.9 303.763 5851 0.000133642
11800 0.78044 0.753406 0.0270345 0 0.96536 7991.5 7642.46 349.045 0 -30.5397 -31.9365 2 12127.9 305.023 5901 0.000127674
11900 0.771477 0.742431 0.0290454 0 0.962351 8068.5 7716.7 351.806 0 -30.5521 -31.8357 2 12227.9 306.278 5951 0.000124757
12000 0.773369 0.744994 0.0283748 0 0.96331 8145.94 7791.2 354.739 0 -30.5642 -31.8257 2 12327.9 307.528 6001 0.000124145
12100 0.747382 0.718752 0.0286294 0 0.961694 8220.58 7863.07 357.508 0 -30.5754 -31.8057 2 12427.9 308.773 6051 0.000118782
12200 0.747127 0.721833 0.025295 0 0.966144 8295.57 7935.26 360.316 0 -30.5866 -31.8092 2 12527.9 310.012 6101 0.000118314
12300 0.722726 0.697754 0.0249715 0 0.965448 8367.9 8005.03 362.868 0 -30.5982 -31.9337 2 12627.9 311.247 6151 0.000113438
12400 0.770415 0.743928 0.026487 0 0.96562 8444.97 8079.42 365.544 0 -30.6086 -31.7332 2 12727.9 312.477 6201 0.000119969
12500 0.753902 0.727897 0.0260048 0 0.965506 8520.39 8152.21 368.175 0 -30.6198 -31.8781 2 12827.9 313.702 6251 0.000116445
12600 0.723601 0.701194 0.0224077 0 0.969033 8592.93 8222.33 370.594 0 -30.6326 -32.136 2 12927.9 314.923 6301 0.000111283
12700 0.73798 0.712336 0.0256435 0 0.965252 8666.53 8293.57 372.964 0 -30.6422 -31.7554 2 13027.9 316.138 6351 0.000112161
12800 0.731677 0.706136 0.0255411 0 0.965092 8739.65 8364.18 375.474 0 -30.6516 -31.7699 2 13127.9 317.349 6401 0.000110317
12900 0.805847 0.775416 0.0304312 0 0.962237 8820.06 8441.72 378.339 0 -30.656 -31.1339 2 13227.9 318.556 6451 0.000120201
13000 0.817966 0.786829 0.0311369 0 0.961934 8901.88 8520.41 381.475 0 -30.664 -31.5221 2 13327.9 319.757 6501 0.000121032
13100 0.746434 0.717491 0.0289424 0 0.961226 8976.48 8592.15 384.323 0 -30.6744 -31.9251 2 13427.9 320.955 6551 0.000109524
13200 0.789527 0.762654 0.0268727 0 0.965963 9055.76 8668.42 387.341 0 -30.6843 -31.7997 2 13527.9 322.148 6601 0.000115536
13300 0.765406 0.742681 0.0227246 0 0.97031 9132.89 8742.69 390.204 0 -30.6965 -32.1245 2 13627.9 323.336 6651 0.000111665
13400 0.744615 0.718963 0.0256515 0 0.965551 9207.13 8814.58 392.542 0 -30.7077 -32.0927 2 13727.9 324.52 6701 0.000107292
13500 0.776368 0.750735 0.0256327 0 0.966984 9284.86 8889.66 395.206 0 -30.7179 -31.921 2 13827.9 325.7 6751 0.000111204
13600 0.802145 0.770161 0.0319841 0 0.960127 9364.71 8966.67 398.034 0 -30.7253 -31.5925 2 13927.9 326.876 6801 0.000113242
13700 0.781104 0.754222 0.0268817 0 0.965585 9443.01 9042.1 400.913 0 -30.7352 -31.9188 2 14027.9 328.047 6851 0.000110089
13800 0.860265 0.826645 0.0336204 0 0.960919 9528.98 9124.76 404.223 0 -30.7393 -31.1847 2 14127.9 329.214 6901 0.000119786
13900 0.865424 0.827364 0.0380591 0 0.956023 9615.17 9207.5 407.673 0 -30.7421 -31.0593 2 14227.9 330.377 6951 0.000119028
14000 0.854322 0.821379 0.0329427 0 0.96144 9700.87 9289.63 411.237 0 -30.7488 -31.4934 2 14327.9 331.536 7001 0.000117323
14100 0.84066 0.809388 0.0312711 0 0.962802 9785.09 9370.57 414.513 0 -30.7578 -31.7959 2 14427.9 332.691 7051 0.000114791
14200 0.81702 0.784383 0.0326369 0 0.960054 9866.64 9449.01 417.63 0 -30.7677 -31.9547 2 14527.9 333.842 7101 0.000110461
14300 0.816039 0.789323 0.0267158 0 0.967262 9948.57 9527.94 420.628 0 -30.7799 -32.2486 2 14627.9 334.989 7151 0.000110379
14400 0.783248 0.756866 0.026382 0 0.966317 10026.8 9603.63 423.215 0 -30.7899 -32.0688 2 14727.9 336.132 7201 0.000105106
14500 0.813931 0.786209 0.0277216 0 0.965941 10108.2 9682.25 425.995 0 -30.8004 -32.0928 2 14827.9 337.271 7251 0.000108428
14600 0.812865 0.781384 0.0314805 0 0.961272 10189.3 9760.39 428.893 0 -30.8074 -31.6703 2 14927.9 338.407 7301 0.000107024
14700 0.845528 0.81611 0.0294183 0 0.965207 10274.2 9842 432.218 0 -30.8176 -32.0492 2 15027.9 339.538 7351 0.00011102
14800 0.885672 0.853887 0.0317845 0 0.964113 10362.9 9927.39 435.529 0 -30.8267 -31.8741 2 15127.9 340.666 7401 0.000115375
14900 0.831803 0.798519 0.0332842 0 0.959986 10446 10007.2 438.716 0 -30.8344 -31.8 2 15227.9 341.79 7451 0.000107169
15000 0.812316 0.785049 0.0272668 0 0.966433 10527.6 10085.7 441.809 0 -30.8412 -31.708 2 15327.9 342.911 7501 0.000104659
15100 0.780971 0.755397 0.025574 0 0.967254 10605.8 10161.3 444.534 0 -30.85 -32.0375 2 15427.9 344.028 7551 0.000100039
15200 0.828933 0.802335 0.0265978 0 0.967913 10688.8 10241.5 447.272 0 -30.8619 -32.3772 2 15527.9 345.141 7601 0.000105556
15300 0.827931 0.795383 0.0325482 0 0.960687 10771.2 10321.1 450.11 0 -30.8716 -32.1313 2 15627.9 346.25 7651 0.000103958
15400 0.866245 0.837009 0.0292359 0 0.96625 10858 10404.8 453.267 0 -30.8792 -31.825 2 15727.9 347.356 7701 0.000108688
15500 0.871495 0.84149 0.030005 0 0.965571 10945.3 10488.9 456.357 0 -30.8836 -31.4262 2 15827.9 348.459 7751 0.000108565
15600 0.846019 0.816659 0.0293594 0 0.965297 11029.9 10570.6 459.296 0 -30.8899 -31.7116 2 15927.9 349.558 7801 0.000104686
15700 0.837461 0.807805 0.0296553 0 0.964589 11113.6 10651.4 462.212 0 -30.8974 -31.8824 2 16027.9 350.653 7851 0.000102892
15800 0.811082 0.783516 0.0275656 0 0.966014 11194.8 10729.7 465.106 0 -30.904 -31.8128 2 16127.9 351.746 7901 9.91667e-05
15900 0.805836 0.779472 0.0263639 0 0.967284 11275.6 10807.7 467.966 0 -30.9103 -31.7844 2 16227.9 352.834 7951 9.80345e-05
16000 0.776721 0.747865 0.0288563 0 0.962849 11353.1 10882.4 470.656 0 -30.9162 -31.7699 2 16327.9 353.92 8001 9.34714e-05
16100 0.835159 0.804495 0.0306642 0 0.963283 11436.5 10962.9 473.58 0 -30.9233 -31.8906 2 16427.9 355.002 8051 9.99248e-05
16200 0.842507 0.815961 0.0265455 0 0.968492 11521.1 11044.5 476.587 0 -30.9305 -31.9099 2 16527.9 356.081 8101 0.000100724
16300 0.7891 0.759182 0.0299186 0 0.962085 11599.7 11120.4 479.27 0 -30.9375 -31.9572 2 16627.9 357.156 8151 9.31397e-05
16400 0.805368 0.775571 0.0297963 0 0.963003 11680 11198 482.067 0 -30.9425 -31.6579 2 16727.9 358.229 8201 9.45703e-05
16500 0.797738 0.773188 0.0245498 0 0.969226 11760.2 11275.3 484.873 0 -30.9492 -31.9381 2 16827.9 359.298 8251 9.37084e-05
16600 0.779834 0.752774 0.02706 0 0.9653 11838 11350.6 487.465 0 -30.9565 -32.0557 2 16927.9 360.364 8301 9.06847e-05
16700 0.788066 0.759794 0.0282724 0 0.964124 11916.8 11426.5 490.253 0 -30.9633 -31.9797 2 17027.9 361.427 8351 9.09824e-05
16800 0.828224 0.800465 0.027759 0 0.966484 11999.7 11506.6 493.115 0 -30.9681 -31.6612 2 17127.9 362.487 8401 9.52821e-05
16900 0.805206 0.779708 0.0254974 0 0.968334 12080.5 11584.6 495.952 0 -30.9736 -31.7917 2 17227.9 363.543 8451 9.22622e-05
17000 0.773521 0.74847 0.0250504 0 0.967615 12157.9 11659.4 498.512 0 -30.9808 -32.099 2 17327.9 364.597 8501 8.8045e-05
17100 0.773204 0.744007 0.0291966 0 0.96224 12235 11733.8 501.171 0 -30.987 -31.9747 2 17427.9 365.647 8551 8.70082e-05
17200 0.814948 0.784353 0.0305944 0 0.962458 12316.4 11812.2 504.158 0 -30.9918 -31.7119 2 17527.9 366.695 8601 9.11933e-05
17300 0.806727 0.779866 0.0268618 0 0.966703 12397.4 11890.2 507.17 0 -30.9989 -32.0804 2 17627.9 367.739 8651 9.01475e-05
17400 0.774044 0.748508 0.0255363 0 0.967009 12474.9 11965.1 509.861 0 -31.0041 -31.8328 2 17727.9 368.781 8701 8.60255e-05
17500 0.825477 0.793473 0.0320042 0 0.961229 12557.1 12044.4 512.698 0 -31.0089 -31.7289 2 17827.9 369.82 8751 9.06722e-05
17600 0.829501 0.802367 0.0271337 0 0.967289 12640.5 12124.7 515.825 0 -31.0156 -32.0337 2 17927.9 370.855 8801 9.11677e-05
17700 0.841299 0.810809 0.0304903 0 0.963758 12724.6 12205.7 518.824 0 -31.0201 -31.6915 2 18027.9 371.888 8851 9.16065e-05
17800 0.853453 0.817054 0.0363997 0 0.95735 12809.5 12287.4 522.04 0 -31.0241 -31.6182 2 18127.9 372.918 8901 9.17935e-05
17900 0.842884 0.811824 0.0310599 0 0.96315 12894 12368.6 525.345 0 -31.027 -31.4769 2 18227.9 373.945 8951 9.06964e-05
18000 0.841279 0.806544 0.034735 0 0.958712 12977.9 12449.3 528.64 0 -31.0301 -31.497 2 18327.9 374.97 9001 8.9606e-05
18100 0.839951 0.810828 0.0291234 0 0.965327 13062.4 12530.4 531.989 0 -31.0335 -31.5676 2 18427.9 375.991 9051 8.95843e-05
18200 0.849262 0.818379 0.0308823 0 0.963636 13147.3 12612.2 535.082 0 -31.0366 -31.5079 2 18527.9 377.01 9101 8.99219e-05
18300 0.869269 0.837417 0.0318515 0 0.963358 13234.1 12695.9 538.152 0 -31.0389 -31.3924 2 18627.9 378.026 9151 9.1511e-05
18400 0.876187 0.845279 0.0309074 0 0.964725 13321.9 12780.5 541.41 0 -31.0415 -31.4234 2 18727.9 379.039 9201 9.18682e-05
18500 0.843162 0.812767 0.0303952 0 0.963951 13406.2 12861.7 544.454 0 -31.0448 -31.5743 2 18827.9 380.05 9251 8.78572e-05
18600 0.875254 0.844036 0.0312174 0 0.964333 13493.7 12946.2 547.56 0 -31.0464 -31.2801 2 18927.9 381.058 9301 9.07469e-05
18700 0.873403 0.838659 0.0347445 0 0.960219 13580.8 13030 550.827 0 -31.0484 -31.3603 2 19027.9 382.063 9351 8.96866e-05
18800 0.877089 0.842578 0.0345107 0 0.960653 13668.6 13114.3 554.313 0 -31.0494 -31.2049 2 19127.9 383.066 9401 8.96264e-05
18900 0.863396 0.8309 0.0324951 0 0.962364 13754.9 13197.4 557.537 0 -31.0521 -31.4912 2 19227.9 384.066 9451 8.79167e-05
19000 0.909191 0.878053 0.0311381 0 0.965752 13846 13285.2 560.811 0 -31.0555 -31.5647 2 19327.9 385.063 9501 9.24169e-05
19100 0.882523 0.84941 0.0331128 0 0.962479 13934.1 13370.1 564.007 0 -31.0594 -31.6649 2 19427.9 386.058 9551 8.89342e-05
19200 0.852346 0.817759 0.034587 0 0.959421 14019 13451.9 567.111 0 -31.0628 -31.6217 2 19527.9 387.051 9601 8.51743e-05
19300 0.853484 0.82238 0.0311044 0 0.963556 14104.3 13534.1 570.188 0 -31.0678 -31.9001 2 19627.9 388.04 9651 8.52119e-05
19400 0.871313 0.836819 0.0344939 0 0.960412 14191.2 13617.8 573.408 0 -31.0713 -31.6354 2 19727.9 389.027 9701 8.62611e-05
19500 0.848338 0.820106 0.0282316 0 0.966721 14276.5 13699.8 576.696 0 -31.0771 -32.0328 2 19827.9 390.012 9751 8.41049e-05
19600 0.877932 0.845049 0.0328832 0 0.962545 14364.2 13784.3 579.845 0 -31.0813 -31.7675 2 19927.9 390.994 9801 8.62206e-05
19700 0.916493 0.882209 0.0342841 0 0.962592 14455.9 13872.5 583.364 0 -31.0843 -31.5602 2 20027.9 391.974 9851 8.95553e-05
19800 0.880118 0.847606 0.0325121 0 0.963059 14544 13957.3 586.694 0 -31.088 -31.6939 2 20127.9 392.952 9901 8.56082e-05
19900 0.864137 0.834207 0.0299292 0 0.965365 14630.6 14040.7 589.87 0 -31.0937 -32.0535 2 20227.9 393.927 9951 8.38315e-05
20000 0.880057 0.844303 0.0357541 0 0.959373 14718.2 14125.2 593.062 0 -31.0994 -32.0504 2 20327.9 394.899 10001 8.44218e-05
