100 0.0113372 0.0108332 0.00050403 0 0.955542 1.16133 1.08332 0.0780078 0 -25.7633 -25.7633 128 453.882 59.0081 1 0.0108332
200 0.00920003 0.00862124 0.000578788 0 0.937088 2.0958 1.94544 0.150353 0 -25.7906 -25.8244 128 581.882 66.8124 2 0.00431062
300 0.00563952 0.00540441 0.000235112 0 0.95831 2.68249 2.48589 0.196605 0 -26.111 -27.2558 128 709.882 73.796 3 0.00180147
400 0.00440878 0.00398184 0.00042694 0 0.903161 3.10399 2.88407 0.219921 0 -26.146 -26.3689 128 837.882 80.1736 4 0.00099546
500 0.00319796 0.00319796 0 0 1 3.43306 3.20387 0.229192 0 -26.418 -28.9838 128 837.882 80.1736 4 0.00079949
600 0.00427869 0.00427869 0 0 1 3.86818 3.63173 0.236445 0 -26.7926 -29.7474 128 965.882 86.08 5 0.000855738
700 0.00679695 0.00679695 0 0 1 4.57733 4.31143 0.265896 0 -27.7264 -32.8202 128 1093.88 91.6063 6 0.00113283
800 0.00563871 0.00549748 0.000141231 0 0.974953 5.13488 4.86118 0.273703 0 -28.2461 -32.5125 128 1221.88 96.8177 7 0.000785354
900 0.00652202 0.0057061 0.000815918 0 0.874898 5.71875 5.43179 0.286964 0 -28.407 -29.8223 128 1349.88 101.763 8 0.000713263
1000 0.0104119 0.010093 0.00031883 0 0.969378 6.78031 6.44109 0.339221 0 -29.1694 -33.2762 128 1349.88 101.763 8 0.00126163
1100 0.00611483 0.00594096 0.000173868 0 0.971566 7.40337 7.03519 0.368186 0 -29.5804 -34.0535 128 1477.88 106.478 9 0.000660106
1200 0.0116953 0.0112419 0.000453463 0 0.961227 8.56303 8.15937 0.403655 0 -29.3887 -28.1651 128 1605.88 110.993 10 0.00112419
1300 0.00891423 0.0086816 0.000232624 0 0.973904 9.46422 9.02753 0.436685 0 -29.3881 -29.382 128 1733.88 115.332 11 0.000789237
1400 0.00619752 0.00606077 0.000136748 0 0.977935 10.0913 9.63361 0.457678 0 -29.4581 -30.5148 128 1733.88 115.332 11 0.000550979
1500 0.00557865 0.00538357 0.000195085 0 0.96503 10.65 10.172 0.478078 0 -29.5451 -31.1159 128 1861.88 119.513 12 0.000448631
1600 0.00911196 0.00875596 0.000356001 0 0.96093 11.5654 11.0476 0.517857 0 -29.3508 -27.0903 128 1989.88 123.553 13 0.000673536
1700 0.00671557 0.0064946 0.000220969 0 0.967096 12.2451 11.697 0.548038 0 -29.336 -29.0841 128 2117.88 127.465 14 0.0004639
1800 0.00722675 0.0063671 0.000859649 0 0.881046 12.9008 12.3337 0.567072 0 -29.2484 -27.6127 128 2245.88 131.26 15 0.000424474
1900 0.00633585 0.00633585 0 0 1 13.5631 12.9673 0.595779 0 -29.3573 -31.4792 128 2245.88 131.26 15 0.00042239
2000 0.00658345 0.00645541 0.000128042 0 0.980551 14.2297 13.6129 0.616837 0 -29.4719 -31.8027 128 2373.88 134.949 16 0.000403463
2100 0.017351 0.0164836 0.000867366 0 0.950011 15.9491 15.2612 0.687833 0 -29.1085 -26.101 128 2501.88 138.539 17 0.000969624
2200 0.0189 0.0172735 0.00162651 0 0.913941 17.7885 16.9886 0.799954 0 -28.6168 -24.3537 128 2629.88 142.039 18 0.000959638
2300 0.0144961 0.0135607 0.000935396 0 0.935473 19.2694 18.3446 0.924769 0 -28.3475 -25.112 128 2629.88 142.039 18 0.000753371
2400 0.0149175 0.0140686 0.000848925 0 0.943092 20.7672 19.7515 1.01566 0 -28.2097 -26.4374 128 2757.88 145.455 19 0.000740451
2500 0.0129067 0.0122634 0.000643263 0 0.950161 22.0751 20.9778 1.0973 0 -28.1761 -27.6428 128 2885.88 148.792 20 0.000613172
2600 0.0315817 0.0299147 0.00166708 0 0.947214 25.1706 23.9693 1.20128 0 -28.5522 -31.234 128 3013.88 152.056 21 0.00142451
2700 0.0266792 0.0257106 0.000968607 0 0.963694 27.8507 26.5404 1.31029 0 -28.9256 -32.4332 128 3141.88 155.251 22 0.00116866
2800 0.0183967 0.0175498 0.000846932 0 0.953963 29.697 28.2953 1.40165 0 -29.1254 -32.1385 128 3141.88 155.251 22 0.000797718
2900 0.0150856 0.0144913 0.000594236 0 0.960609 31.2273 29.7445 1.48283 0 -29.2863 -32.4094 128 3269.88 158.382 23 0.000630059
3000 0.013331 0.0127881 0.000542944 0 0.959272 32.5745 31.0233 1.55125 0 -29.4406 -33.0175 128 3397.88 161.452 24 0.000532836
3100 0.0122062 0.0115204 0.000685855 0 0.943811 33.7869 32.1753 1.61156 0 -29.5221 -31.7099 128 3525.88 164.465 25 0.000460816
3200 0.0104957 0.0101825 0.000313223 0 0.970157 34.8483 33.1936 1.65477 0 -29.6189 -32.7017 128 3653.88 167.424 26 0.000391634
3300 0.0104319 0.0101493 0.000282598 0 0.97291 35.9022 34.2085 1.69368 0 -29.7527 -34.1751 128 3653.88 167.424 26 0.000390359
3400 0.00880624 0.00833022 0.00047602 0 0.945945 36.796 35.0415 1.75447 0 -29.8313 -32.9921 128 3781.88 170.331 27 0.000308527
3500 0.00793845 0.00770948 0.00022897 0 0.971157 37.6052 35.8125 1.79271 0 -29.9134 -33.6453 128 3909.88 173.19 28 0.000275339
3600 0.00728655 0.00709449 0.000192055 0 0.973643 38.3327 36.5219 1.81076 0 -29.986 -33.7383 128 4037.88 176.002 29 0.000244638
3700 0.00667596 0.00653756 0.000138392 0 0.97927 39.0022 37.1757 1.82652 0 -30.0549 -33.9985 128 4037.88 176.002 29 0.000225433
3800 0.0202539 0.0191564 0.0010975 0 0.945813 41.0166 39.0913 1.92528 0 -30.1077 -31.1306 128 4165.88 178.77 30 0.000638548
3900 0.0174342 0.0163033 0.00113086 0 0.935136 42.75 40.7217 2.0283 0 -30.1541 -31.2517 128 4293.88 181.495 31 0.000525914
4000 0.0127032 0.0118204 0.000882772 0 0.930508 44.0311 41.9037 2.12745 0 -30.204 -31.8679 128 4421.88 184.18 32 0.000369387
4100 0.00980365 0.00913054 0.000673111 0 0.931341 45.0227 42.8168 2.20599 0 -30.254 -32.4736 128 4549.88 186.827 33 0.000276683
4200 0.008061 0.00755583 0.000505162 0 0.937333 45.8309 43.5723 2.25854 0 -30.3049 -33.1429 128 4549.88 186.827 33 0.000228965
4300 0.00892858 0.00867596 0.000252619 0 0.971707 46.7402 44.4399 2.30027 0 -30.4017 -35.2826 128 4677.88 189.437 34 0.000255175
4400 0.00703154 0.00683292 0.000198618 0 0.971753 47.4416 45.1232 2.31836 0 -30.4624 -34.5077 128 4805.88 192.011 35 0.000195226
4500 0.00695877 0.00685143 0.000107342 0 0.984575 48.1426 45.8084 2.33419 0 -30.5331 -35.3161 128 4933.88 194.551 36 0.000190317
4600 0.00548257 0.00544653 3.60357e-05 0 0.993427 48.6974 46.353 2.34435 0 -30.5948 -35.9506 128 4933.88 194.551 36 0.000151293
4700 0.00545875 0.00538801 7.0737e-05 0 0.987042 49.2471 46.8918 2.35525 0 -30.6424 -34.86 128 5061.88 197.059 37 0.000145622
4800 0.00725447 0.00712471 0.000129757 0 0.982114 49.9726 47.6043 2.36827 0 -30.652 -31.3036 128 5189.88 199.535 38 0.000187492
4900 0.0216619 0.0200947 0.0015672 0 0.927652 52.0647 49.6138 2.45089 0 -30.4572 -25.8041 128 5317.88 201.98 39 0.000515249
5000 0.0228087 0.0209675 0.00184125 0 0.919274 54.2907 51.7105 2.58023 0 -30.2884 -26.3389 128 5445.88 204.397 40 0.000524186
5100 0.0202371 0.0193622 0.000874881 0 0.956768 56.3425 53.6467 2.69573 0 -30.2284 -28.6411 128 5445.88 204.397 40 0.000484055
5200 0.0173404 0.0168313 0.000509163 0 0.970637 58.1121 55.3299 2.78222 0 -30.1851 -28.8077 128 5573.88 206.785 41 0.000410519
5300 0.0184215 0.0176908 0.000730713 0 0.960334 59.9535 57.0989 2.85459 0 -30.1047 -27.5684 128 5701.88 209.146 42 0.00042121
5400 0.0157798 0.0151848 0.000595087 0 0.962288 61.518 58.6174 2.90059 0 -30.079 -29.0904 128 5829.88 211.48 43 0.000353134
5500 0.0132354 0.0128515 0.000383942 0 0.970991 62.8592 59.9026 2.9566 0 -30.0876 -30.4861 128 5829.88 211.48 43 0.000298872
5600 0.022879 0.0219739 0.000905081 0 0.960441 65.172 62.1 3.07204 0 -30.0622 -29.3697 128 5957.88 213.789 44 0.000499407
5700 0.0151267 0.0143402 0.000786532 0 0.948004 66.6942 63.534 3.16018 0 -30.0776 -30.7384 128 6085.88 216.074 45 0.000318671
5800 0.0165509 0.016013 0.00053785 0 0.967503 68.3673 65.1353 3.23197 0 -30.1101 -31.4072 128 6213.88 218.334 46 0.00034811
5900 0.0135762 0.0132062 0.000369926 0 0.972752 69.7364 66.4559 3.28045 0 -30.1459 -31.9337 128 6341.88 220.571 47 0.000280984
6000 0.0106767 0.0104758 0.000200954 0 0.981178 70.8158 67.5035 3.31237 0 -30.1856 -32.7473 128 6341.88 220.571 47 0.000222889
6100 0.00974691 0.00962351 0.000123398 0 0.98734 71.7987 68.4658 3.33287 0 -30.2314 -33.5309 128 6469.88 222.786 48 0.00020049
6200 0.00873791 0.00856584 0.000172071 0 0.980308 72.6729 69.3224 3.35046 0 -30.2715 -33.5681 128 6597.88 224.979 49 0.000174813
6300 0.0075749 0.0075749 0 0 1 73.442 70.0799 3.36206 0 -30.3133 -34.2653 128 6725.88 227.151 50 0.000151498
6400 0.00673872 0.00673872 0 0 1 74.1158 70.7538 3.36206 0 -30.3532 -34.701 128 6853.88 229.302 51 0.000132132
6500 0.00962648 0.00962648 0 0 1 75.1039 71.7164 3.38744 0 -30.3688 -31.5364 128 6853.88 229.302 51 0.000188754
6600 0.00716794 0.00712961 3.83271e-05 0 0.994653 75.8202 72.4294 3.3908 0 -30.402 -33.8785 128 6981.88 231.434 52 0.000137108
6700 0.00966221 0.00929974 0.000362472 0 0.962486 76.7719 73.3594 3.41253 0 -30.3998 -30.2291 128 7109.88 233.545 53 0.000175467
6800 0.0102581 0.00974375 0.000514313 0 0.949863 77.7771 74.3337 3.4434 0 -30.4018 -30.5541 128 7237.88 235.638 54 0.00018044
6900 0.0100098 0.0098005 0.000209332 0 0.979087 78.7869 75.3138 3.47311 0 -30.4257 -32.2654 128 7237.88 235.638 54 0.000181491
7000 0.00953924 0.0093384 0.000200839 0 0.978946 79.7571 76.2476 3.50943 0 -30.4601 -33.2529 128 7365.88 237.713 55 0.000169789
7100 0.0255115 0.0244429 0.00106856 0 0.958114 82.2718 78.6919 3.57989 0 -30.5311 -32.784 128 7493.88 239.769 56 0.00043648
7200 0.0198816 0.018725 0.00115659 0 0.941826 84.2651 80.5644 3.70067 0 -30.5711 -32.2208 128 7621.88 241.808 57 0.000328509
7300 0.0155225 0.0146142 0.000908335 0 0.941483 85.8025 82.0258 3.77663 0 -30.6103 -32.7602 128 7749.88 243.83 58 0.000251968
7400 0.0134389 0.0127063 0.000732523 0 0.945492 87.151 83.2965 3.85453 0 -30.6517 -33.2877 128 7749.88 243.83 58 0.000219075
7500 0.0122175 0.0115281 0.000689333 0 0.943578 88.3797 84.4493 3.93038 0 -30.6836 -32.9403 128 7877.88 245.836 59 0.000195392
7600 0.010826 0.010344 0.000482029 0 0.955475 89.4722 85.4837 3.98856 0 -30.7194 -33.6194 128 8005.88 247.825 60 0.000172399
7700 0.0107039 0.00999018 0.000713682 0 0.933325 90.522 86.4827 4.03926 0 -30.7407 -32.5571 128 8133.88 249.798 61 0.000163773
7800 0.0103088 0.00976984 0.000538973 0 0.947717 91.5613 87.4597 4.10164 0 -30.7633 -32.7344 128 8133.88 249.798 61 0.000160161
7900 0.00930335 0.00893622 0.000367129 0 0.960538 92.4986 88.3533 4.14535 0 -30.7914 -33.532 128 8261.88 251.756 62 0.000144133
8000 0.00958213 0.00921676 0.000365367 0 0.96187 93.4621 89.275 4.1871 0 -30.8196 -33.5285 128 8389.88 253.699 63 0.000146298
8100 0.00891268 0.00868326 0.000229417 0 0.974259 94.3621 90.1433 4.21876 0 -30.8534 -34.3648 128 8517.88 255.626 64 0.000135676
8200 0.008085 0.00785361 0.00023139 0 0.97138 95.1627 90.9287 4.23402 0 -30.8868 -34.8229 128 8645.88 257.54 65 0.000120825
8300 0.00745071 0.00731013 0.000140581 0 0.981132 95.9095 91.6597 4.24985 0 -30.922 -35.4089 128 8645.88 257.54 65 0.000112464
8400 0.0214089 0.020464 0.000944903 0 0.955864 98.0481 93.7061 4.34201 0 -30.929 -31.2401 128 8773.88 259.439 66 0.00031006
8500 0.0134637 0.0127653 0.000698384 0 0.948128 99.3947 94.9826 4.4121 0 -30.9465 -32.2242 128 8901.88 261.325 67 0.000190527
8600 0.017544 0.0164378 0.00110613 0 0.936951 101.116 96.6264 4.48935 0 -30.9623 -31.8735 128 9029.88 263.197 68 0.000241733
8700 0.0154237 0.0148063 0.000617412 0 0.95997 102.697 98.107 4.59022 0 -30.9965 -33.1823 128 9029.88 263.197 68 0.00021774
8800 0.0237895 0.0229151 0.000874453 0 0.963242 105.138 100.399 4.73932 0 -30.9476 -28.8897 128 9157.88 265.056 69 0.000332103
8900 0.0195349 0.0189752 0.00055973 0 0.971347 107.115 102.296 4.81847 0 -30.9493 -31.043 128 9285.88 266.902 70 0.000271074
9000 0.0142239 0.0137312 0.000492671 0 0.965363 108.537 103.669 4.86831 0 -30.9601 -31.7706 128 9413.88 268.735 71 0.000193398
9100 0.0160614 0.0147506 0.00131089 0 0.918383 110.076 105.144 4.93132 0 -30.9474 -30.0505 128 9541.88 270.556 72 0.000204869
9200 0.0179423 0.01718 0.000762232 0 0.957517 111.897 106.862 5.03471 0 -30.9479 -30.9753 128 9541.88 270.556 72 0.000238611
9300 0.0147872 0.0143562 0.000431069 0 0.970849 113.416 108.298 5.11809 0 -30.973 -32.8246 128 9669.88 272.365 73 0.00019666
9400 0.0130603 0.0125213 0.000539003 0 0.95873 114.726 109.55 5.17623 0 -30.9876 -32.2562 128 9797.88 274.161 74 0.000169207
9500 0.0116946 0.0112678 0.000426836 0 0.963501 115.897 110.677 5.22031 0 -31.0118 -33.376 128 9925.88 275.946 75 0.000150237
9600 0.0097813 0.0095945 0.000186803 0 0.980902 116.878 111.636 5.24169 0 -31.0439 -34.8399 128 10053.9 277.72 76 0.000126243
9700 0.00865465 0.00861561 3.90452e-05 0 0.995489 117.761 112.498 5.26278 0 -31.0785 -35.6603 128 10053.9 277.72 76 0.000113363
9800 0.00800653 0.00793323 7.33028e-05 0 0.990845 118.562 113.291 5.27116 0 -31.1079 -35.4298 128 10181.9 279.482 77 0.000103029
9900 0.00806313 0.00789852 0.000164605 0 0.979585 119.362 114.081 5.28116 0 -31.1339 -34.9813 128 10309.9 281.233 78 0.000101263
10000 0.00753714 0.00728267 0.000254475 0 0.966237 120.104 114.809 5.2946 0 -31.1576 -34.9713 128 10437.9 282.974 79 9.21857e-05
10100 0.00681344 0.00673583 7.76095e-05 0 0.988609 120.791 115.483 5.3082 0 -31.1853 -36.0264 128 10437.9 282.974 79 8.52637e-05
10200 0.00795271 0.0077861 0.00016661 0 0.97905 121.591 116.261 5.3294 0 -31.2074 -34.5482 128 10565.9 284.704 80 9.73263e-05
10300 0.0161584 0.015229 0.000929404 0 0.942482 123.183 117.784 5.39822 0 -31.208 -31.2566 128 10693.9 286.423 81 0.000188012
10400 0.0116344 0.0112722 0.000362276 0 0.968862 124.366 118.912 5.4549 0 -31.23 -33.5207 128 10821.9 288.132 82 0.000137466
10500 0.00915306 0.00873301 0.000420042 0 0.954109 125.275 119.785 5.49044 0 -31.2474 -33.6239 128 10949.9 289.831 83 0.000105217
10600 0.00817447 0.00798278 0.000191686 0 0.976551 126.096 120.583 5.51305 0 -31.2709 -34.8562 128 10949.9 289.831 83 9.61781e-05
10700 0.0205071 0.0198849 0.000622204 0 0.969659 128.163 122.572 5.59114 0 -31.26 -30.5958 128 11077.9 291.52 84 0.000236725
10800 0.0235177 0.0222267 0.00129104 0 0.945104 130.48 124.794 5.68617 0 -31.2546 -30.9561 128 11205.9 293.199 85 0.000261491
10900 0.0203257 0.019295 0.00103062 0 0.949295 132.512 126.724 5.78838 0 -31.2632 -31.8131 128 11333.9 294.869 86 0.000224361
11000 0.0174212 0.0164621 0.000959076 0 0.944948 134.258 128.37 5.88822 0 -31.2766 -32.2917 128 11333.9 294.869 86 0.00019142
11100 0.0143387 0.0137215 0.000617181 0 0.956957 135.706 129.742 5.96386 0 -31.2976 -33.2459 128 11461.9 296.53 87 0.000157718
11200 0.0210434 0.0200495 0.000993957 0 0.952766 137.83 131.747 6.08284 0 -31.2865 -30.5792 128 11589.9 298.181 88 0.000227835
11300 0.0148722 0.0142049 0.000667309 0 0.95513 139.335 133.168 6.1675 0 -31.296 -32.1701 128 11717.9 299.823 89 0.000159605
11400 0.0128473 0.0123251 0.000522176 0 0.959355 140.611 134.4 6.21125 0 -31.3077 -32.5809 128 11845.9 301.456 90 0.000136946
11500 0.0119862 0.0118433 0.000142937 0 0.988075 141.83 135.584 6.24538 0 -31.3238 -33.185 128 11845.9 301.456 90 0.000131592
11600 0.0107348 0.0104101 0.000324707 0 0.969752 142.911 136.625 6.28538 0 -31.3411 -33.6085 128 11973.9 303.08 91 0.000114397
11700 0.00984458 0.00960197 0.000242614 0 0.975356 143.905 137.586 6.31939 0 -31.3612 -34.2426 128 12101.9 304.696 92 0.000104369
11800 0.0131993 0.0126769 0.000522373 0 0.960424 145.212 138.853 6.35844 0 -31.3842 -33.9171 128 12229.9 306.303 93 0.000136311
11900 0.0136763 0.0131539 0.000522373 0 0.961804 146.579 140.169 6.41068 0 -31.4143 -34.6126 128 12229.9 306.303 93 0.00014144
12000 0.0241838 0.0233458 0.000838005 0 0.965348 149.023 142.503 6.51988 0 -31.3888 -29.8598 128 12357.9 307.902 94 0.000248359
12100 0.0263015 0.0248775 0.00142404 0 0.945857 151.645 144.991 6.65382 0 -31.3193 -27.3674 128 12485.9 309.492 95 0.000261869
12200 0.0179754 0.0170365 0.000938905 0 0.947767 153.46 146.695 6.76488 0 -31.2988 -29.5889 128 12613.9 311.075 96 0.000177464
12300 0.0167517 0.0154875 0.0012642 0 0.924533 155.1 148.243 6.85665 0 -31.2834 -29.8393 128 12741.9 312.649 97 0.000159665
12400 0.0158906 0.0150949 0.000795723 0 0.949925 156.698 149.753 6.94491 0 -31.2803 -30.9783 128 12741.9 312.649 97 0.000155618
12500 0.0216313 0.02048 0.00115137 0 0.946773 158.884 151.801 7.08319 0 -31.2572 -29.6071 128 12869.9 314.215 98 0.000208979
12600 0.0144458 0.0139281 0.000517649 0 0.964166 160.355 153.194 7.16118 0 -31.2595 -31.5091 128 12997.9 315.774 99 0.000140688
12700 0.013288 0.0124957 0.000792284 0 0.940376 161.662 154.443 7.21825 0 -31.2643 -31.844 128 13125.9 317.325 100 0.000124957
12800 0.0116269 0.011162 0.00046491 0 0.960014 162.835 155.559 7.27523 0 -31.2772 -33.0602 128 13253.9 318.868 101 0.000110515
12900 0.0131144 0.0126924 0.000422014 0 0.967821 164.168 156.829 7.33884 0 -31.2985 -33.9037 128 13253.9 318.868 101 0.000125667
13000 0.0301317 0.0290193 0.00111234 0 0.963084 167.172 159.731 7.44156 0 -31.2044 -26.0634 128 13381.9 320.405 102 0.000284503
13100 0.0227409 0.0218878 0.000853072 0 0.962487 169.453 161.919 7.53321 0 -31.1706 -28.6912 128 13509.9 321.933 103 0.000212503
13200 0.0185575 0.0179172 0.000640307 0 0.965496 171.305 163.711 7.59423 0 -31.1543 -29.6652 128 13637.9 323.455 104 0.000172281
13300 0.0154834 0.015249 0.000234414 0 0.98486 172.864 165.236 7.62808 0 -31.1512 -30.8077 128 13637.9 323.455 104 0.000146625
13400 0.0204043 0.0202313 0.000172957 0 0.991524 174.939 167.259 7.67974 0 -31.1534 -31.3324 128 13765.9 324.969 105 0.000192679
13500 0.0155659 0.0153866 0.000179327 0 0.98848 176.499 168.798 7.70124 0 -31.154 -31.2286 128 13893.9 326.476 106 0.000145156
13600 0.0193601 0.01865 0.000710117 0 0.963321 178.407 170.663 7.74387 0 -31.1219 -28.1495 128 14021.9 327.977 107 0.000174299
13700 0.0195965 0.018341 0.00125546 0 0.935934 180.31 172.497 7.81292 0 -31.0868 -27.7939 128 14149.9 329.47 108 0.000169824
13800 0.0183423 0.0179166 0.000425666 0 0.976793 182.164 174.289 7.87555 0 -31.0815 -30.5677 128 14149.9 329.47 108 0.000165895
13900 0.0149236 0.0146639 0.000259697 0 0.982598 183.673 175.755 7.91812 0 -31.0802 -30.9245 128 14277.9 330.957 109 0.000134531
14000 0.012615 0.0123441 0.000270844 0 0.97853 184.934 176.989 7.94446 0 -31.0841 -31.6541 128 14405.9 332.437 110 0.000112219
14100 0.0112803 0.0111336 0.000146734 0 0.986992 186.065 178.103 7.96235 0 -31.092 -32.3821 128 14533.9 333.911 111 0.000100302
14200 0.0102797 0.0101602 0.000119537 0 0.988372 187.094 179.119 7.97515 0 -31.1016 -32.8409 128 14533.9 333.911 111 9.15334e-05
14300 0.0098551 0.00984342 1.16815e-05 0 0.998815 188.088 180.103 7.98513 0 -31.115 -33.6349 128 14661.9 335.378 112 8.78877e-05
14400 0.00896274 0.00895106 1.16815e-05 0 0.998697 188.985 180.998 7.98633 0 -31.1278 -33.8064 128 14789.9 336.839 113 7.92129e-05
14500 0.0100341 0.00984894 0.000185154 0 0.981547 189.978 181.983 7.99456 0 -31.1414 -33.7376 128 14917.9 338.293 114 8.63942e-05
14600 0.0106654 0.0100555 0.000609944 0 0.942811 191.001 182.989 8.01197 0 -31.1457 -31.9393 128 15045.9 339.742 115 8.74389e-05
14700 0.011019 0.0107708 0.000248245 0 0.977471 192.117 184.066 8.0511 0 -31.1504 -31.9473 128 15045.9 339.742 115 9.36587e-05
14800 0.013044 0.0127346 0.000309399 0 0.97628 193.429 185.339 8.0901 0 -31.1406 -29.7075 128 15173.9 341.184 116 0.000109781
14900 0.0162744 0.0155085 0.00076588 0 0.95294 195.035 186.89 8.14515 0 -31.1328 -30.1945 128 15301.9 342.62 117 0.000132552
15000 0.0133924 0.0129757 0.00041664 0 0.96889 196.379 188.188 8.19166 0 -31.1337 -31.261 128 15429.9 344.05 118 0.000109964
15100 0.0112183 0.0110274 0.000190891 0 0.982984 197.513 189.29 8.22256 0 -31.1397 -32.1949 128 15429.9 344.05 118 9.34527e-05
15200 0.0101767 0.0101062 7.05901e-05 0 0.993064 198.537 190.301 8.23615 0 -31.1506 -33.2504 128 15557.9 345.474 119 8.49257e-05
15300 0.00966005 0.00962745 3.26024e-05 0 0.996625 199.509 191.264 8.24548 0 -31.1642 -33.9308 128 15685.9 346.892 120 8.02287e-05
15400 0.0180111 0.0172427 0.000768378 0 0.957339 201.287 192.988 8.29925 0 -31.1642 -31.166 128 15813.9 348.305 121 0.000142501
15500 0.0163605 0.0155175 0.000842917 0 0.948478 202.916 194.54 8.37648 0 -31.1663 -31.4293 128 15941.9 349.711 122 0.000127193
15600 0.0127397 0.0122755 0.000464183 0 0.963564 204.21 195.767 8.44244 0 -31.1731 -32.2333 128 15941.9 349.711 122 0.000100619
15700 0.0312466 0.0294312 0.00181541 0 0.941901 207.345 198.71 8.63453 0 -31.1921 -32.4308 128 16069.9 351.113 123 0.000239278
15800 0.0187795 0.0174576 0.00132188 0 0.92961 209.26 200.456 8.80392 0 -31.1959 -31.6023 128 16197.9 352.508 124 0.000140787
15900 0.0154412 0.0144751 0.000966032 0 0.937438 210.829 201.904 8.92561 0 -31.1991 -31.6268 128 16325.9 353.898 125 0.000115801
16000 0.0134792 0.012579 0.000900144 0 0.93322 212.181 203.162 9.0192 0 -31.203 -31.8156 128 16453.9 355.283 126 9.98334e-05
16100 0.0117148 0.0111452 0.000569541 0 0.951383 213.358 204.276 9.08238 0 -31.2143 -33.2477 128 16453.9 355.283 126 8.84541e-05
16200 0.0111489 0.0107465 0.000402422 0 0.963905 214.486 205.351 9.13499 0 -31.2271 -33.6561 128 16581.9 356.662 127 8.4618e-05
16300 0.0116299 0.0113096 0.000320383 0 0.972452 215.652 206.482 9.16995 0 -31.2433 -34.2254 128 16709.9 358.036 128 8.83559e-05
16400 0.0104961 0.0102541 0.000241962 0 0.976947 216.705 207.507 9.19802 0 -31.2608 -34.8493 128 16837.9 359.405 129 7.94891e-05
16500 0.00907407 0.00888993 0.000184137 0 0.979707 217.615 208.396 9.21903 0 -31.277 -35.123 128 16837.9 359.405 129 6.89142e-05
16600 0.00883086 0.00867478 0.000156086 0 0.982325 218.501 209.264 9.23753 0 -31.2936 -35.3731 128 16965.9 360.768 130 6.67291e-05
16700 0.00876224 0.00857411 0.000188126 0 0.97853 219.378 210.121 9.25682 0 -31.3063 -34.4665 128 17093.9 362.127 131 6.54513e-05
16800 0.0195847 0.0182241 0.00136058 0 0.930529 221.283 211.943 9.33991 0 -31.3127 -32.047 128 17221.9 363.48 132 0.000138062
16900 0.0180025 0.016074 0.00192846 0 0.892878 223.029 213.551 9.47824 0 -31.3131 -31.3707 128 17349.9 364.828 133 0.000120857
17000 0.0136945 0.0128013 0.000893232 0 0.934775 224.416 214.831 9.58525 0 -31.3206 -32.5258 128 17349.9 364.828 133 9.62503e-05
17100 0.0112943 0.010402 0.000892363 0 0.92099 225.547 215.871 9.67635 0 -31.3289 -32.971 128 17477.9 366.171 134 7.76267e-05
17200 0.00941129 0.00893873 0.000472567 0 0.949787 226.51 216.765 9.74495 0 -31.3418 -34.3704 128 17605.9 367.51 135 6.62128e-05
17300 0.00877837 0.00825495 0.000523413 0 0.940375 227.384 217.591 9.79368 0 -31.3527 -34.1827 128 17733.9 368.843 136 6.06982e-05
17400 0.00815105 0.00769938 0.000451676 0 0.944587 228.202 218.36 9.84174 0 -31.3643 -34.5909 128 17733.9 368.843 136 5.66131e-05
17500 0.0103251 0.00991753 0.000407605 0 0.960523 229.269 219.352 9.91635 0 -31.378 -34.2953 128 17861.9 370.172 137 7.23907e-05
17600 0.00871114 0.00831472 0.00039642 0 0.954493 230.142 220.184 9.95856 0 -31.3873 -33.8206 128 17989.9 371.496 138 6.02516e-05
17700 0.0115386 0.0107351 0.00080352 0 0.930363 231.271 221.257 10.0138 0 -31.3981 -33.6176 128 18117.9 372.815 139 7.7231e-05
17800 0.00959946 0.00907436 0.000525101 0 0.945299 232.236 222.165 10.0716 0 -31.4108 -34.4452 128 18245.9 374.13 140 6.48169e-05
17900 0.00786822 0.00746638 0.000401833 0 0.94893 233.026 222.911 10.1145 0 -31.4234 -35.115 128 18245.9 374.13 140 5.33313e-05
18000 0.00871249 0.00846871 0.000243783 0 0.972019 233.913 223.758 10.1546 0 -31.4367 -34.94 128 18373.9 375.44 141 6.00618e-05
18100 0.0077412 0.00757342 0.000167778 0 0.978327 234.691 224.515 10.1754 0 -31.4493 -35.2544 128 18501.9 376.745 142 5.3334e-05
18200 0.00737577 0.00718493 0.000190839 0 0.974126 235.425 225.234 10.1907 0 -31.4619 -35.4698 128 18629.9 378.046 143 5.02442e-05
18300 0.0067603 0.00668749 7.28133e-05 0 0.989229 236.106 225.903 10.2033 0 -31.4759 -36.3153 128 18629.9 378.046 143 4.67657e-05
18400 0.00838106 0.00826685 0.000114214 0 0.986372 236.961 226.729 10.2319 0 -31.4817 -33.0878 128 18757.9 379.343 144 5.74087e-05
18500 0.0200254 0.0191398 0.000885622 0 0.955775 238.975 228.643 10.3313 0 -31.4927 -32.7898 128 18885.9 380.635 145 0.000131998
18600 0.0147317 0.0140624 0.000669229 0 0.954572 240.46 230.05 10.4103 0 -31.5045 -33.4054 128 19013.9 381.923 146 9.6318e-05
18700 0.0120803 0.0116121 0.000468147 0 0.961247 241.669 231.211 10.4578 0 -31.5181 -34.2084 128 19141.9 383.206 147 7.89941e-05
18800 0.0102334 0.0100655 0.000167956 0 0.983587 242.711 232.217 10.4934 0 -31.5355 -35.5914 128 19141.9 383.206 147 6.84727e-05
18900 0.0103285 0.010019 0.000309445 0 0.97004 243.751 233.219 10.532 0 -31.5538 -35.8064 128 19269.9 384.485 148 6.76963e-05
19000 0.0104982 0.0100597 0.000438531 0 0.958228 244.795 234.225 10.5699 0 -31.5607 -33.185 128 19397.9 385.76 149 6.75147e-05
19100 0.00895033 0.0086529 0.000297431 0 0.966769 245.691 235.091 10.6002 0 -31.5725 -34.7889 128 19525.9 387.031 150 5.7686e-05
19200 0.00769892 0.00758804 0.000110881 0 0.985598 246.467 235.849 10.6172 0 -31.5877 -36.39 128 19653.9 388.297 151 5.02519e-05
19300 0.00746989 0.00737372 9.61649e-05 0 0.987126 247.22 236.587 10.633 0 -31.6012 -36.0359 128 19653.9 388.297 151 4.88326e-05
19400 0.00710172 0.00705871 4.30164e-05 0 0.993943 247.938 237.293 10.6452 0 -31.614 -35.9986 128 19781.9 389.56 152 4.64389e-05
19500 0.00666445 0.00662518 3.92615e-05 0 0.994109 248.605 237.955 10.6496 0 -31.6267 -36.3817 128 19909.9 390.818 153 4.33019e-05
19600 0.00686819 0.00674385 0.000124346 0 0.981895 249.285 238.63 10.6552 0 -31.6396 -36.329 128 20037.9 392.072 154 4.37912e-05
19700 0.00644223 0.00641705 2.51868e-05 0 0.99609 249.931 239.271 10.66 0 -31.6549 -37.5786 128 20037.9 392.072 154 4.16691e-05
19800 0.00742655 0.00733902 8.75324e-05 0 0.988214 250.678 240.005 10.6725 0 -31.6704 -36.8616 128 20165.9 393.322 155 4.73485e-05
19900 0.00676617 0.00664376 0.00012241 0 0.981909 251.357 240.669 10.6872 0 -31.6839 -36.6576 128 20293.9 394.569 156 4.25882e-05
20000 0.00995624 0.00953318 0.000423055 0 0.957509 252.337 241.623 10.7142 0 -31.6819 -31.1637 128 20421.9 395.811 157 6.07209e-05
