100 0.32933 0.301404 0.027926 0 0.915204 31.944 30.1404 1.80365 0 -26.4779 -26.4779 1 426.882 57.2261 101 0.0029842
200 0.495466 0.456922 0.0385441 0 0.922206 81.0198 75.8326 5.18714 0 -27.1555 -27.5966 1 526.882 63.5765 201 0.00227325
300 0.614429 0.575024 0.0394052 0 0.935867 142.689 133.335 9.35366 0 -27.4147 -27.7552 1 626.882 69.3478 301 0.00191038
400 0.653939 0.602021 0.0519189 0 0.920606 207.312 193.537 13.7752 0 -27.4457 -27.5142 1 726.882 74.6744 401 0.0015013
500 0.773189 0.717313 0.0558764 0 0.927733 284.156 265.268 18.8875 0 -27.4848 -27.5901 1 826.882 79.6456 501 0.00143176
600 0.821887 0.767659 0.0542287 0 0.934019 366.443 342.034 24.4087 0 -27.5843 -27.9279 1 926.882 84.3242 601 0.0012773
700 0.881067 0.821081 0.0599866 0 0.931916 454.391 424.142 30.2491 0 -27.7225 -28.2985 1 1026.88 88.7565 701 0.0011713
800 0.886697 0.832728 0.0539694 0 0.939134 543.42 507.415 36.0048 0 -27.8773 -28.667 1 1126.88 92.9778 801 0.00103961
900 0.968075 0.90831 0.0597646 0 0.938264 640.014 598.246 41.7684 0 -27.9927 -28.6424 1 1226.88 97.0156 901 0.00100811
1000 0.98725 0.926745 0.0605048 0 0.938714 738.797 690.921 47.8766 0 -28.121 -28.9523 1 1326.88 100.892 1001 0.000925819
1100 1.07541 1.01131 0.0640931 0 0.940401 846.342 792.052 54.2904 0 -28.1801 -28.5862 1 1426.88 104.625 1101 0.000918541
1200 1.03084 0.969372 0.061468 0 0.940371 949.684 888.989 60.6952 0 -28.2263 -28.6046 1 1526.88 108.229 1201 0.000807138
1300 0.998854 0.943225 0.055629 0 0.944307 1050 983.312 66.6895 0 -28.2861 -28.8521 1 1626.88 111.717 1301 0.000725
1400 1.02795 0.96657 0.0613755 0 0.940293 1152.37 1079.97 72.3988 0 -28.3385 -28.8763 1 1726.88 115.099 1401 0.000689914
1500 1.1452 1.07821 0.0669833 0 0.941509 1266.7 1187.79 78.9074 0 -28.3523 -28.4911 1 1826.88 118.385 1501 0.00071833
1600 1.05369 0.996801 0.056886 0 0.946012 1372.6 1287.47 85.1303 0 -28.3974 -28.9373 1 1926.88 121.582 1601 0.000622612
1700 1.06699 1.00757 0.0594185 0 0.944312 1479.44 1388.23 91.2102 0 -28.4364 -28.9368 1 2026.88 124.696 1701 0.000592341
1800 1.06417 1.00338 0.0607977 0 0.942869 1585.79 1488.56 97.2273 0 -28.4722 -28.9701 1 2126.88 127.736 1801 0.000557121
1900 1.15737 1.10025 0.0571228 0 0.950644 1701.97 1598.59 103.385 0 -28.5352 -29.3954 1 2226.88 130.704 1901 0.000578774
2000 1.12623 1.07071 0.0555186 0 0.950704 1815.03 1705.66 109.364 0 -28.5699 -29.0918 1 2326.88 133.606 2001 0.000535088
2100 1.10517 1.04551 0.0596567 0 0.94602 1925.21 1810.21 115.003 0 -28.6148 -29.3547 1 2426.88 136.447 2101 0.000497626
2200 1.13151 1.0737 0.057806 0 0.948912 2038.39 1917.58 120.807 0 -28.6485 -29.2219 1 2526.88 139.23 2201 0.000487825
2300 1.12547 1.06868 0.0567988 0 0.949533 2150.87 2024.45 126.423 0 -28.6896 -29.4349 1 2626.88 141.958 2301 0.000464439
2400 1.1927 1.13354 0.0591544 0 0.950403 2270.09 2137.8 132.284 0 -28.7359 -29.5701 1 2726.88 144.635 2401 0.000472114
2500 1.19654 1.1398 0.0567422 0 0.952578 2389.85 2251.78 138.07 0 -28.7852 -29.7211 1 2826.88 147.263 2501 0.000455739
2600 1.29784 1.23286 0.0649836 0 0.949929 2519.24 2375.07 144.173 0 -28.8323 -29.7013 1 2926.88 149.845 2601 0.000473994
2700 1.34045 1.28036 0.060086 0 0.955175 2653.85 2503.11 150.746 0 -28.8601 -29.3799 1 3026.88 152.383 2701 0.000474033
2800 1.25299 1.19005 0.0629395 0 0.949769 2779.16 2622.11 157.051 0 -28.8915 -29.5573 1 3126.88 154.88 2801 0.000424866
2900 1.28214 1.21788 0.064266 0 0.949876 2907.37 2743.9 163.47 0 -28.9309 -29.7846 1 3226.88 157.337 2901 0.000419812
3000 1.25888 1.19334 0.0655382 0 0.947939 3033.15 2863.23 169.912 0 -28.9558 -29.5327 1 3326.88 159.757 3001 0.000397649
3100 1.29013 1.23107 0.0590622 0 0.95422 3162.7 2986.34 176.361 0 -28.9818 -29.5903 1 3426.88 162.14 3101 0.000396991
3200 1.27396 1.21623 0.0577279 0 0.954686 3290.47 3107.96 182.503 0 -29.0245 -30.0803 1 3526.88 164.488 3201 0.000379954
3300 1.32563 1.26441 0.061217 0 0.95382 3423.12 3234.4 188.715 0 -29.0425 -29.4905 1 3626.88 166.804 3301 0.000383038
3400 1.34749 1.28342 0.0640679 0 0.952454 3557.83 3362.75 195.08 0 -29.0654 -29.6468 1 3726.88 169.088 3401 0.000377365
3500 1.41194 1.34693 0.065012 0 0.953956 3699.17 3497.44 201.728 0 -29.081 -29.4743 1 3826.88 171.342 3501 0.000384727
3600 1.38244 1.31803 0.0644154 0 0.953405 3837.55 3629.24 208.309 0 -29.085 -29.1915 1 3926.88 173.566 3601 0.000366017
3700 1.34476 1.28489 0.0598707 0 0.955479 3972.43 3757.73 214.697 0 -29.1025 -29.5985 1 4026.88 175.762 3701 0.000347174
3800 1.3184 1.25364 0.0647619 0 0.950878 4104.03 3883.1 220.936 0 -29.1232 -29.7481 1 4126.88 177.931 3801 0.000329818
3900 1.28144 1.22324 0.0581959 0 0.954586 4232.37 4005.42 226.949 0 -29.154 -30.1391 1 4226.88 180.074 3901 0.000313572
4000 1.27977 1.22035 0.0594137 0 0.953575 4360.16 4127.45 232.708 0 -29.1863 -30.2569 1 4326.88 182.191 4001 0.000305012
4100 1.28461 1.22524 0.0593634 0 0.953789 4488.44 4249.98 238.465 0 -29.2177 -30.2841 1 4426.88 184.285 4101 0.000298767
4200 1.28697 1.23101 0.0559578 0 0.95652 4617.31 4373.08 244.229 0 -29.2481 -30.3062 1 4526.88 186.354 4201 0.000293028
4300 1.37752 1.31336 0.0641566 0 0.953426 4754.69 4504.42 250.274 0 -29.2695 -29.9912 1 4626.88 188.401 4301 0.000305362
4400 1.39823 1.33046 0.0677725 0 0.95153 4894.22 4637.46 256.761 0 -29.2915 -30.0388 1 4726.88 190.427 4401 0.000302308
4500 1.38138 1.31353 0.0678507 0 0.950882 5031.9 4768.82 263.087 0 -29.3101 -29.9747 1 4826.88 192.43 4501 0.000291831
4600 1.39277 1.33102 0.0617452 0 0.955667 5171.5 4901.92 269.586 0 -29.3283 -29.9835 1 4926.88 194.413 4601 0.000289289
4700 1.40082 1.33672 0.0640929 0 0.954246 5311.48 5035.59 275.891 0 -29.3483 -30.0849 1 5026.88 196.376 4701 0.000284349
4800 1.46195 1.39779 0.0641588 0 0.956114 5457.66 5175.37 282.287 0 -29.3634 -29.9134 1 5126.88 198.32 4801 0.000291145
4900 1.43693 1.3764 0.060535 0 0.957872 5601.7 5313.01 288.689 0 -29.3885 -30.3408 1 5226.88 200.245 4901 0.00028084
5000 1.49275 1.42522 0.0675276 0 0.954763 5750.7 5455.53 295.171 0 -29.4076 -30.1257 1 5326.88 202.151 5001 0.000284988
5100 1.46013 1.39445 0.0656769 0 0.95502 5896.58 5594.98 301.607 0 -29.4293 -30.2826 1 5426.88 204.04 5101 0.000273368
5200 1.4075 1.34955 0.0579528 0 0.958826 6037.79 5729.93 307.856 0 -29.4576 -30.6417 1 5526.88 205.911 5201 0.000259478
5300 1.32037 1.26787 0.0525065 0 0.960234 6170.15 5856.72 313.433 0 -29.4885 -30.897 1 5626.88 207.766 5301 0.000239175
5400 1.42278 1.36383 0.0589538 0 0.958564 6312.17 5993.1 319.065 0 -29.5145 -30.6427 1 5726.88 209.604 5401 0.000252514
5500 1.34928 1.29573 0.0535505 0 0.960312 6447.33 6122.67 324.659 0 -29.5439 -30.9186 1 5826.88 211.426 5501 0.000235545
5600 1.42337 1.36481 0.0585587 0 0.958859 6589.48 6259.15 330.32 0 -29.5688 -30.6977 1 5926.88 213.232 5601 0.000243673
5700 1.48673 1.41974 0.066991 0 0.954941 6737.76 6401.13 336.634 0 -29.5929 -30.6622 1 6026.88 215.024 5701 0.000249033
5800 1.53143 1.46077 0.0706573 0 0.953862 6890.7 6547.21 343.492 0 -29.6092 -30.3292 1 6126.88 216.8 5801 0.000251814
5900 1.52529 1.46161 0.0636825 0 0.958249 7043.73 6693.37 350.359 0 -29.6261 -30.3869 1 6226.88 218.562 5901 0.000247688
6000 1.43871 1.38058 0.0581242 0 0.9596 7188.15 6831.42 356.725 0 -29.6478 -30.7075 1 6326.88 220.31 6001 0.000230059
6100 1.46193 1.39643 0.0654988 0 0.955197 7333.82 6971.07 362.752 0 -29.6639 -30.4548 1 6426.88 222.045 6101 0.000228886
6200 1.57932 1.51296 0.0663514 0 0.957987 7491.71 7122.36 369.343 0 -29.6767 -30.2725 1 6526.88 223.765 6201 0.000243987
6300 1.45383 1.3976 0.0562291 0 0.961323 7637.6 7262.12 375.471 0 -29.7015 -30.9757 1 6626.88 225.473 6301 0.000221806
6400 1.41518 1.3615 0.0536747 0 0.962072 7779.53 7398.27 381.26 0 -29.7256 -31.0201 1 6726.88 227.168 6401 0.000212701
6500 1.45661 1.39685 0.0597601 0 0.958973 7924.75 7537.96 386.791 0 -29.7474 -30.9196 1 6826.88 228.85 6501 0.000214867
6600 1.5856 1.52061 0.0649831 0 0.959017 8083.3 7690.02 393.282 0 -29.7643 -30.6071 1 6926.88 230.52 6601 0.000230361
6700 1.51988 1.46407 0.0558121 0 0.963279 8235.99 7836.43 399.565 0 -29.7843 -30.8439 1 7026.88 232.178 6701 0.000218485
6800 1.55353 1.48879 0.0647448 0 0.958324 8390.88 7985.31 405.57 0 -29.8028 -30.7859 1 7126.88 233.824 6801 0.000218907
6900 1.49107 1.43135 0.0597223 0 0.959947 8540.17 8128.44 411.726 0 -29.8248 -31.0614 1 7226.88 235.459 6901 0.000207412
7000 1.45683 1.40045 0.0563797 0 0.9613 8685.86 8268.49 417.371 0 -29.8444 -30.9941 1 7326.88 237.083 7001 0.000200036
7100 1.54379 1.4842 0.0595939 0 0.961398 8840.34 8416.91 423.437 0 -29.8607 -30.7749 1 7426.88 238.695 7101 0.000209012
7200 1.45171 1.39565 0.0560647 0 0.96138 8985.53 8556.47 429.059 0 -29.8793 -31.0146 1 7526.88 240.297 7201 0.000193813
7300 1.5457 1.4849 0.0607986 0 0.960666 9139.69 8704.96 434.729 0 -29.8943 -30.7663 1 7626.88 241.888 7301 0.000203383
7400 1.51822 1.46509 0.0531344 0 0.965002 9291.79 8851.47 440.325 0 -29.9088 -30.7832 1 7726.88 243.468 7401 0.000197958
7500 1.45024 1.39819 0.0520496 0 0.96411 9436.99 8991.29 445.705 0 -29.9251 -30.9649 1 7826.88 245.039 7501 0.0001864
7600 1.40358 1.35176 0.0518274 0 0.963075 9577.4 9126.46 450.939 0 -29.9439 -31.2059 1 7926.88 246.599 7601 0.000177839
7700 1.47773 1.42646 0.0512722 0 0.965303 9725.57 9269.11 456.456 0 -29.9569 -30.7986 1 8026.88 248.15 7701 0.00018523
7800 1.52437 1.47193 0.0524401 0 0.965599 9878.09 9416.3 461.783 0 -29.9711 -30.8773 1 8126.88 249.691 7801 0.000188685
7900 1.49072 1.43522 0.0554934 0 0.962774 10027 9559.82 467.166 0 -29.9869 -31.0326 1 8226.88 251.222 7901 0.000181651
8000 1.44002 1.38936 0.0506676 0 0.964815 10171.3 9698.76 472.534 0 -30.0055 -31.2982 1 8326.88 252.744 8001 0.000173648
8100 1.43532 1.38465 0.0506761 0 0.964694 10314.9 9837.23 477.655 0 -30.0242 -31.3542 1 8426.88 254.257 8101 0.000170923
8200 1.41949 1.36946 0.0500336 0 0.964752 10456.9 9974.17 482.759 0 -30.0417 -31.3092 1 8526.88 255.762 8201 0.000166986
8300 1.41757 1.36206 0.055503 0 0.960846 10598.1 10110.4 487.769 0 -30.0608 -31.4753 1 8626.88 257.257 8301 0.000164084
8400 1.38575 1.3411 0.0446419 0 0.967785 10737.2 10244.5 492.721 0 -30.0818 -31.6828 1 8726.88 258.744 8401 0.000159636
8500 1.5049 1.45154 0.0533558 0 0.964545 10887.4 10389.6 497.798 0 -30.0977 -31.2335 1 8826.88 260.222 8501 0.00017075
8600 1.45092 1.40196 0.0489647 0 0.966253 11032.8 10529.8 502.92 0 -30.1169 -31.5551 1 8926.88 261.692 8601 0.000163
8700 1.48479 1.43052 0.0542709 0 0.963449 11180.9 10672.9 508.025 0 -30.1322 -31.2748 1 9026.88 263.153 8701 0.000164408
8800 1.52718 1.47008 0.0570985 0 0.962612 11333.5 10819.9 513.609 0 -30.1493 -31.4025 1 9126.88 264.607 8801 0.000167036
8900 1.49485 1.44192 0.0529338 0 0.964589 11483.2 10964.1 519.149 0 -30.1658 -31.4113 1 9226.88 266.053 8901 0.000161995
9000 1.46756 1.40913 0.0584291 0 0.960186 11629.4 11105 524.38 0 -30.1796 -31.2664 1 9326.88 267.49 9001 0.000156553
9100 1.50475 1.45611 0.0486326 0 0.967681 11780.6 11250.6 529.994 0 -30.1952 -31.3904 1 9426.88 268.921 9101 0.000159995
9200 1.42173 1.37062 0.0511073 0 0.964053 11922.8 11387.7 535.125 0 -30.2103 -31.4607 1 9526.88 270.343 9201 0.000148965
9300 1.5118 1.45823 0.0535767 0 0.964561 12074.1 11533.5 540.606 0 -30.225 -31.3833 1 9626.88 271.758 9301 0.000156782
9400 1.50742 1.44777 0.0596482 0 0.96043 12224.6 11678.3 546.286 0 -30.2355 -31.0839 1 9726.88 273.166 9401 0.000154002
9500 1.48339 1.42706 0.0563273 0 0.962028 12373 11821 552.004 0 -30.2496 -31.4059 1 9826.88 274.567 9501 0.000150201
9600 1.47577 1.42218 0.0535841 0 0.963691 12520.7 11963.2 557.533 0 -30.2638 -31.4558 1 9926.88 275.96 9601 0.000148129
9700 1.51897 1.46071 0.05826 0 0.961645 12672.6 12109.3 563.33 0 -30.2775 -31.4088 1 10026.9 277.347 9701 0.000150573
9800 1.51591 1.45321 0.0626995 0 0.958639 12824 12254.6 569.443 0 -30.2883 -31.1881 1 10126.9 278.726 9801 0.000148272
9900 1.57972 1.51398 0.0657362 0 0.958387 12981.9 12406 575.863 0 -30.2942 -30.7769 1 10226.9 280.099 9901 0.000152912
10000 1.56271 1.50033 0.0623839 0 0.96008 13138.3 12556 582.258 0 -30.3011 -30.8688 1 10326.9 281.465 10001 0.000150018
10100 1.52649 1.46708 0.0594042 0 0.961084 13291.3 12702.7 588.541 0 -30.3121 -31.2626 1 10426.9 282.825 10101 0.000145242
10200 1.57495 1.51064 0.0643125 0 0.959165 13448.6 12853.8 594.762 0 -30.3217 -31.1305 1 10526.9 284.178 10201 0.000148087
10300 1.55723 1.49671 0.0605222 0 0.961135 13604.6 13003.5 601.101 0 -30.3335 -31.3535 1 10626.9 285.524 10301 0.000145298
10400 1.61192 1.54635 0.0655672 0 0.959324 13765.4 13158.1 607.317 0 -30.338 -30.72 1 10726.9 286.865 10401 0.000148673
10500 1.56808 1.50882 0.0592645 0 0.962206 13922.3 13309 613.331 0 -30.3459 -31.036 1 10826.9 288.199 10501 0.000143683
10600 1.65339 1.58889 0.0645059 0 0.960986 14087.4 13467.9 619.556 0 -30.3553 -31.1485 1 10926.9 289.526 10601 0.000149881
10700 1.75638 1.6847 0.0716806 0 0.959188 14262.9 13636.3 626.545 0 -30.3599 -30.725 1 11026.9 290.848 10701 0.000157434
10800 1.68681 1.62219 0.0646252 0 0.961688 14432 13798.6 633.476 0 -30.37 -31.2258 1 11126.9 292.164 10801 0.000150189
10900 1.60416 1.54625 0.0579129 0 0.963898 14592.8 13953.2 639.644 0 -30.3807 -31.3421 1 11226.9 293.474 10901 0.000141845
11000 1.66335 1.60052 0.0628297 0 0.962227 14759.2 14113.2 645.994 0 -30.3897 -31.1808 1 11326.9 294.778 11001 0.000145488
11100 1.62127 1.56479 0.0564768 0 0.965165 14921.6 14269.7 651.913 0 -30.4032 -31.6288 1 11426.9 296.076 11101 0.00014096
11200 1.65481 1.59585 0.058959 0 0.964371 15087.2 14429.3 657.855 0 -30.415 -31.4747 1 11526.9 297.369 11201 0.000142474
11300 1.69055 1.63195 0.0586017 0 0.965336 15256.4 14592.5 663.909 0 -30.4244 -31.2636 1 11626.9 298.656 11301 0.000144407
11400 1.70559 1.64521 0.0603784 0 0.9646 15427 14757 669.946 0 -30.4307 -30.9937 1 11726.9 299.938 11401 0.000144304
11500 1.61199 1.55958 0.0524178 0 0.967483 15588.6 14913 675.663 0 -30.4401 -31.3371 1 11826.9 301.214 11501 0.000135604
11600 1.71228 1.65629 0.055985 0 0.967304 15759.8 15078.6 681.22 0 -30.4502 -31.3658 1 11926.9 302.485 11601 0.000142771
11700 1.64773 1.59265 0.0550844 0 0.96657 15924.7 15237.9 686.812 0 -30.4604 -31.443 1 12026.9 303.75 11701 0.000136112
11800 1.70005 1.63845 0.061602 0 0.963765 16094.5 15401.7 692.772 0 -30.4681 -31.1861 1 12126.9 305.01 11801 0.00013884
11900 1.6426 1.58648 0.0561236 0 0.965833 16259.3 15560.4 698.959 0 -30.4798 -31.6199 1 12226.9 306.265 11901 0.000133306
12000 1.55453 1.50242 0.05211 0 0.966479 16415.1 15710.6 704.448 0 -30.4924 -31.817 1 12326.9 307.515 12001 0.000125191
12100 1.51436 1.46342 0.0509403 0 0.966362 16566.5 15856.9 709.528 0 -30.5046 -31.8186 1 12426.9 308.76 12101 0.000120934
12200 1.60404 1.54861 0.0554299 0 0.965444 16726.6 16011.8 714.812 0 -30.5135 -31.4397 1 12526.9 310 12201 0.000126925
12300 1.64418 1.5945 0.0496724 0 0.969789 16891.7 16171.3 720.474 0 -30.5248 -31.6648 1 12626.9 311.235 12301 0.000129624
12400 1.64696 1.59443 0.0525325 0 0.968103 17056.6 16330.7 725.904 0 -30.5362 -31.7088 1 12726.9 312.465 12401 0.000128573
12500 1.56552 1.5136 0.0519238 0 0.966833 17213 16482.1 730.984 0 -30.5491 -31.955 1 12826.9 313.69 12501 0.000121078
12600 1.53977 1.49064 0.0491254 0 0.968096 17367 16631.1 735.855 0 -30.5628 -32.0921 1 12926.9 314.91 12601 0.000118296
12700 1.54755 1.4999 0.0476531 0 0.969207 17521.9 16781.1 740.796 0 -30.5763 -32.0859 1 13026.9 316.126 12701 0.000118093
12800 1.6072 1.55157 0.0556286 0 0.965388 17682.2 16936.3 745.977 0 -30.5843 -31.4642 1 13126.9 317.337 12801 0.000121207
12900 1.66211 1.59854 0.0635696 0 0.961754 17848 17096.1 751.917 0 -30.5916 -31.3652 1 13226.9 318.544 12901 0.000123908
13000 1.63145 1.57171 0.0597481 0 0.963377 18011.3 17253.3 757.977 0 -30.5976 -31.2564 1 13326.9 319.745 13001 0.000120891
13100 1.60681 1.55044 0.0563689 0 0.964919 18172.1 17408.3 763.751 0 -30.6058 -31.5248 1 13426.9 320.943 13101 0.000118345
13200 1.63718 1.57894 0.0582339 0 0.96443 18335.8 17566.2 769.584 0 -30.6149 -31.6239 1 13526.9 322.136 13201 0.000119608
13300 1.6641 1.60706 0.0570471 0 0.965719 18502.3 17726.9 775.384 0 -30.6219 -31.3991 1 13626.9 323.324 13301 0.000120822
13400 1.61392 1.55754 0.0563759 0 0.965069 18663.7 17882.7 780.999 0 -30.6298 -31.5247 1 13726.9 324.508 13401 0.000116226
13500 1.61143 1.5527 0.058729 0 0.963555 18824.6 18038 786.683 0 -30.6363 -31.3972 1 13826.9 325.688 13501 0.000115006
13600 1.60161 1.54504 0.0565729 0 0.964677 18985.2 18192.5 792.751 0 -30.6436 -31.494 1 13926.9 326.864 13601 0.000113597
13700 1.58634 1.53322 0.0531188 0 0.966515 19144.2 18345.8 798.449 0 -30.6526 -31.727 1 14026.9 328.035 13701 0.000111905
13800 1.50444 1.45524 0.0491992 0 0.967297 19294.9 18491.3 803.636 0 -30.6643 -32.1501 1 14126.9 329.203 13801 0.000105444
13900 1.54129 1.47963 0.0616644 0 0.959992 19448.1 18639.3 808.784 0 -30.6749 -32.016 1 14226.9 330.366 13901 0.00010644
14000 1.64791 1.58658 0.0613232 0 0.962787 19612.7 18797.9 814.752 0 -30.6852 -31.903 1 14326.9 331.525 14001 0.000113319
14100 1.69772 1.63885 0.058864 0 0.965328 19782.7 18961.8 820.901 0 -30.6924 -31.5199 1 14426.9 332.68 14101 0.000116223
14200 1.65803 1.5957 0.0623268 0 0.962409 19948.3 19121.4 826.874 0 -30.7 -31.6111 1 14526.9 333.831 14201 0.000112365
14300 1.75467 1.685 0.0696725 0 0.960293 20123.3 19289.9 833.451 0 -30.7037 -31.1236 1 14626.9 334.978 14301 0.000117824
14400 1.75629 1.69034 0.0659415 0 0.962454 20299.3 19458.9 840.329 0 -30.7081 -31.2123 1 14726.9 336.121 14401 0.000117377
14500 1.66533 1.60036 0.0649663 0 0.960989 20465.8 19619 846.861 0 -30.7153 -31.5941 1 14826.9 337.26 14501 0.000110362
14600 1.61814 1.5602 0.0579319 0 0.964198 20628 19775 853.068 0 -30.7239 -31.8055 1 14926.9 338.396 14601 0.000106856
14700 1.59311 1.53545 0.0576604 0 0.963806 20787.3 19928.5 858.743 0 -30.7325 -31.8514 1 15026.9 339.527 14701 0.000104445
14800 1.68104 1.62071 0.0603272 0 0.964113 20955.2 20090.6 864.62 0 -30.7407 -31.7467 1 15126.9 340.655 14801 0.0001095
14900 1.69638 1.63171 0.0646711 0 0.961877 21124.5 20253.8 870.77 0 -30.7489 -31.7702 1 15226.9 341.779 14901 0.000109503
15000 1.67985 1.6183 0.0615424 0 0.963364 21292.8 20415.6 877.192 0 -30.7553 -31.5549 1 15326.9 342.9 15001 0.00010788
15100 1.73612 1.67296 0.0631607 0 0.96362 21466.4 20582.9 883.555 0 -30.7608 -31.4328 1 15426.9 344.016 15101 0.000110785
15200 1.67574 1.61465 0.0610839 0 0.963548 21634.1 20744.4 889.781 0 -30.7689 -31.8056 1 15526.9 345.13 15201 0.00010622
15300 1.64317 1.58596 0.0572115 0 0.965182 21798.7 20903 895.751 0 -30.7782 -32.0008 1 15626.9 346.239 15301 0.000103651
15400 1.67513 1.61619 0.0589441 0 0.964812 21966.5 21064.6 901.886 0 -30.7876 -32.0203 1 15726.9 347.345 15401 0.000104941
15500 1.68731 1.63015 0.0571543 0 0.966127 22135.6 21227.6 908.013 0 -30.7949 -31.7431 1 15826.9 348.448 15501 0.000105164
15600 1.7253 1.66452 0.0607845 0 0.964769 22308.4 21394 914.322 0 -30.8009 -31.5606 1 15926.9 349.547 15601 0.000106693
15700 1.64252 1.58533 0.0571922 0 0.96518 22472.8 21552.6 920.267 0 -30.809 -31.9108 1 16026.9 350.643 15701 0.00010097
15800 1.64217 1.58227 0.0599028 0 0.963522 22637.1 21710.8 926.281 0 -30.8175 -31.987 1 16126.9 351.735 15801 0.000100137
15900 1.62367 1.56681 0.0568598 0 0.964981 22799.7 21867.5 932.192 0 -30.8252 -31.8956 1 16226.9 352.824 15901 9.85352e-05
16000 1.73025 1.67141 0.0588416 0 0.965992 22972.8 22034.6 938.164 0 -30.8311 -31.6049 1 16326.9 353.909 16001 0.000104457
16100 1.71231 1.64432 0.0679877 0 0.960295 23143.6 22199.1 944.571 0 -30.8365 -31.5648 1 16426.9 354.991 16101 0.000102126
16200 1.68034 1.62148 0.058857 0 0.964973 23312.1 22361.2 950.914 0 -30.8435 -31.7982 1 16526.9 356.07 16201 0.000100085
16300 1.6991 1.63614 0.0629609 0 0.962944 23482 22524.8 957.216 0 -30.8496 -31.6875 1 16626.9 357.146 16301 0.00010037
16400 1.63817 1.58178 0.0563908 0 0.965577 23646.3 22683 963.265 0 -30.8572 -31.9508 1 16726.9 358.218 16401 9.64441e-05
16500 1.64186 1.58373 0.05813 0 0.964595 23810.5 22841.4 969.177 0 -30.8636 -31.7783 1 16826.9 359.287 16501 9.59779e-05
16600 1.60836 1.55354 0.0548166 0 0.965918 23971.5 22996.7 974.762 0 -30.8698 -31.7904 1 16926.9 360.353 16601 9.35811e-05
16700 1.59622 1.54168 0.0545462 0 0.965828 24131.1 23150.9 980.252 0 -30.8764 -31.8681 1 17026.9 361.416 16701 9.23104e-05
16800 1.60281 1.54698 0.0558292 0 0.965168 24291.2 23305.6 985.573 0 -30.8846 -32.1201 1 17126.9 362.476 16801 9.20766e-05
16900 1.73616 1.68037 0.0557912 0 0.967865 24465.2 23473.6 991.538 0 -30.8924 -31.9821 1 17226.9 363.533 16901 9.94242e-05
17000 1.69476 1.63683 0.0579284 0 0.965819 24634.8 23637.3 997.459 0 -30.899 -31.8461 1 17326.9 364.586 17001 9.62783e-05
17100 1.63448 1.58158 0.052906 0 0.967631 24798.6 23795.5 1003.11 0 -30.9075 -32.1858 1 17426.9 365.637 17101 9.24846e-05
17200 1.57937 1.52718 0.0521976 0 0.96695 24956.7 23948.2 1008.47 0 -30.9155 -32.1775 1 17526.9 366.684 17201 8.87841e-05
17300 1.61283 1.56045 0.0523817 0 0.967522 25118.4 24104.2 1014.12 0 -30.9222 -31.9545 1 17626.9 367.729 17301 9.01943e-05
17400 1.66624 1.60891 0.0573337 0 0.965591 25285 24265.1 1019.92 0 -30.9263 -31.5411 1 17726.9 368.771 17401 9.24606e-05
17500 1.68763 1.62101 0.0666231 0 0.960523 25453 24427.2 1025.79 0 -30.9302 -31.5157 1 17826.9 369.809 17501 9.26238e-05
17600 1.70958 1.65025 0.0593238 0 0.965299 25624.2 24592.2 1031.94 0 -30.9354 -31.7143 1 17926.9 370.845 17601 9.37591e-05
17700 1.71822 1.65581 0.0624152 0 0.963675 25796.1 24757.8 1038.24 0 -30.9386 -31.4089 1 18026.9 371.878 17701 9.35432e-05
17800 1.72652 1.66319 0.0633279 0 0.963321 25968.8 24924.1 1044.61 0 -30.9415 -31.3826 1 18126.9 372.908 17801 9.34325e-05
17900 1.70466 1.64541 0.0592498 0 0.965242 26139.7 25088.7 1050.99 0 -30.9454 -31.5375 1 18226.9 373.935 17901 9.19172e-05
18000 1.66029 1.5996 0.0606882 0 0.963447 26305.6 25248.6 1056.92 0 -30.9508 -31.7963 1 18326.9 374.959 18001 8.88618e-05
18100 1.61578 1.55864 0.0571363 0 0.964639 26467.4 25404.5 1062.86 0 -30.9564 -31.8621 1 18426.9 375.981 18101 8.61082e-05
18200 1.60377 1.54837 0.0554002 0 0.965456 26627.7 25559.3 1068.32 0 -30.9624 -31.9647 1 18526.9 377 18201 8.50703e-05
18300 1.72302 1.66495 0.0580659 0 0.9663 26800 25725.8 1074.2 0 -30.9701 -32.1597 1 18626.9 378.016 18301 9.09761e-05
18400 1.76777 1.7043 0.0634626 0 0.9641 26976.8 25896.3 1080.51 0 -30.9754 -31.7753 1 18726.9 379.029 18401 9.26202e-05
18500 1.74493 1.67635 0.0685781 0 0.960699 27150.7 26063.9 1086.84 0 -30.9797 -31.6459 1 18826.9 380.04 18501 9.06088e-05
18600 1.74822 1.68738 0.0608412 0 0.965198 27325.8 26232.6 1093.15 0 -30.9846 -31.7447 1 18926.9 381.048 18601 9.07146e-05
18700 1.65002 1.59196 0.0580685 0 0.964807 27490.6 26391.8 1098.74 0 -30.9907 -32.0047 1 19026.9 382.053 18701 8.51268e-05
18800 1.65953 1.60669 0.0528492 0 0.968154 27656.9 26552.5 1104.37 0 -30.9981 -32.2156 1 19126.9 383.056 18801 8.54575e-05
18900 1.62752 1.57553 0.0519979 0 0.968051 27819.9 26710.1 1109.83 0 -31.0052 -32.2185 1 19226.9 384.056 18901 8.33567e-05
19000 1.72432 1.65723 0.0670994 0 0.961087 27991.4 26875.8 1115.6 0 -31.0115 -32.0207 1 19326.9 385.053 19001 8.72178e-05
19100 1.70738 1.64966 0.0577211 0 0.966193 28162.4 27040.8 1121.63 0 -31.0168 -31.8973 1 19426.9 386.048 19101 8.63652e-05
19200 1.69331 1.63362 0.0596981 0 0.964745 28331.5 27204.1 1127.4 0 -31.0224 -31.9549 1 19526.9 387.041 19201 8.50797e-05
19300 1.6871 1.62727 0.0598317 0 0.964536 28500.4 27366.8 1133.53 0 -31.0283 -32.0108 1 19626.9 388.03 19301 8.43099e-05
19400 1.69804 1.63687 0.0611737 0 0.963974 28670.2 27530.5 1139.71 0 -31.0329 -31.8009 1 19726.9 389.018 19401 8.43703e-05
19500 1.68739 1.62956 0.0578243 0 0.965731 28839.1 27693.5 1145.58 0 -31.0381 -31.9223 1 19826.9 390.002 19501 8.35631e-05
19600 1.76169 1.70223 0.059465 0 0.966245 29015.4 27863.7 1151.71 0 -31.0419 -31.6604 1 19926.9 390.985 19601 8.68438e-05
19700 1.74118 1.67213 0.0690417 0 0.960348 29188.8 28030.9 1157.86 0 -31.045 -31.579 1 20026.9 391.964 19701 8.48756e-05
19800 1.80005 1.73061 0.0694378 0 0.961425 29368.3 28204 1164.29 0 -31.0475 -31.4436 1 20126.9 392.942 19801 8.74002e-05
19900 1.82816 1.75915 0.0690112 0 0.962251 29551 28379.9 1171.06 0 -31.0501 -31.4641 1 20226.9 393.917 19901 8.83952e-05
20000 1.80317 1.73481 0.0683632 0 0.962087 29731.1 28553.4 1177.71 0 -31.0543 -31.7482 1 20325.9 394.88 20000 8.67403e-05
