100 0.0186908 0.017001 0.00168985 0 0.909589 1.84133 1.7001 0.141237 0 -27.1177 -27.1177 8 429.882 57.4268 13 0.00130777
200 0.0574931 0.0525462 0.00494692 0 0.913956 7.49209 6.95471 0.53738 0 -27.0746 -27.0606 8 533.882 63.9974 26 0.00202101
300 0.0670304 0.0614394 0.00559094 0 0.916591 14.0999 13.0987 1.00125 0 -26.5328 -25.9185 8 629.882 69.5136 38 0.00161683
400 0.0699445 0.0638707 0.00607381 0 0.913163 21.0808 19.4857 1.59507 0 -26.4809 -26.3762 8 733.882 75.0331 51 0.00125237
500 0.0666924 0.061615 0.0050773 0 0.92387 27.8439 25.6472 2.1967 0 -26.7106 -27.4264 8 829.882 79.7899 63 0.000978017
600 0.069751 0.0652686 0.00448238 0 0.935737 34.895 32.1741 2.72088 0 -26.8991 -27.6437 8 933.882 84.642 76 0.000858798
700 0.0646313 0.0610213 0.00361005 0 0.944144 41.4157 38.2762 3.13943 0 -27.1714 -28.6281 8 1029.88 88.8861 88 0.000693424
800 0.0755511 0.0708324 0.0047187 0 0.937543 48.9165 45.3595 3.55705 0 -27.4284 -28.8479 8 1133.88 93.2661 101 0.000701311
900 0.107051 0.101263 0.00578798 0 0.945932 59.6302 55.4857 4.14447 0 -27.681 -28.8342 8 1229.88 97.1341 113 0.000896129
1000 0.104446 0.100022 0.00442452 0 0.957638 70.1922 65.4879 4.70425 0 -28.0725 -30.2829 8 1333.88 101.158 126 0.000793825
1100 0.0946388 0.0890691 0.00556975 0 0.941147 79.6142 74.3948 5.21933 0 -28.2264 -29.3729 8 1429.88 104.735 138 0.000645428
1200 0.110584 0.105095 0.00548942 0 0.95036 90.7554 84.9043 5.85111 0 -28.4997 -30.4525 8 1533.88 108.477 151 0.000695992
1300 0.0898643 0.0853581 0.00450622 0 0.949855 99.8324 93.4401 6.39233 0 -28.6865 -30.5539 8 1629.88 111.82 163 0.000523669
1400 0.0914348 0.0852619 0.0061729 0 0.932489 108.821 101.966 6.85479 0 -28.808 -30.1573 8 1733.88 115.332 176 0.000484442
1500 0.0911655 0.0862683 0.00489724 0 0.946282 117.977 110.593 7.38397 0 -28.896 -29.9423 8 1829.88 118.482 188 0.000458874
1600 0.107815 0.0999303 0.00788445 0 0.92687 128.504 120.586 7.91746 0 -28.8203 -27.9721 8 1933.88 121.802 201 0.000497166
1700 0.123897 0.116735 0.00716205 0 0.942194 140.852 132.26 8.59222 0 -28.7018 -27.4689 8 2029.88 124.789 213 0.000548053
1800 0.111682 0.106367 0.00531404 0 0.952418 152.099 142.896 9.20293 0 -28.7335 -29.1301 8 2133.88 127.946 226 0.000470653
1900 0.121539 0.115117 0.00642207 0 0.947161 164.173 154.408 9.76516 0 -28.7013 -28.2962 8 2229.88 130.792 238 0.000483686
2000 0.111326 0.106732 0.0045949 0 0.958726 175.383 165.081 10.3016 0 -28.7013 -28.7013 8 2333.88 133.807 251 0.000425225
2100 0.098305 0.0945381 0.00376691 0 0.961681 185.292 174.535 10.7567 0 -28.7431 -29.4819 8 2429.88 136.531 263 0.00035946
2200 0.0935377 0.0899854 0.00355231 0 0.962023 194.701 183.534 11.1675 0 -28.805 -30.024 8 2533.88 139.423 276 0.000326034
2300 0.106667 0.102069 0.0045981 0 0.956893 205.407 193.741 11.6666 0 -28.8741 -30.1313 8 2629.88 142.039 288 0.000354406
2400 0.1226 0.118142 0.00445805 0 0.963637 217.77 205.555 12.2149 0 -28.8946 -29.2358 8 2733.88 144.82 301 0.000392497
2500 0.127463 0.119099 0.00836384 0 0.934382 230.192 217.465 12.727 0 -28.878 -28.5869 8 2829.88 147.341 313 0.000380508
2600 0.167086 0.157002 0.0100842 0 0.939647 246.859 233.165 13.6941 0 -28.8948 -29.1258 8 2933.88 150.024 326 0.000481602
2700 0.141014 0.132928 0.00808532 0 0.942663 260.972 246.458 14.5148 0 -28.9038 -29.0613 8 3029.88 152.459 338 0.000393279
2800 0.150516 0.143332 0.00718459 0 0.952267 276.124 260.791 15.333 0 -28.8776 -28.426 8 3133.88 155.053 351 0.000408352
2900 0.125642 0.118679 0.00696302 0 0.94458 288.695 272.659 16.0363 0 -28.902 -29.4389 8 3229.88 157.41 363 0.000326939
3000 0.122675 0.11711 0.00556533 0 0.954634 301.072 284.37 16.7021 0 -28.9435 -29.9111 8 3333.88 159.925 376 0.000311462
3100 0.124454 0.116691 0.00776243 0 0.937628 313.41 296.039 17.3708 0 -28.9752 -29.7491 8 3429.88 162.211 388 0.000300751
3200 0.1059 0.101207 0.0046932 0 0.955683 324.107 306.16 17.9478 0 -29.0074 -29.9517 8 3533.88 164.652 401 0.000252387
3300 0.116171 0.110502 0.00566855 0 0.951205 335.753 317.21 18.5437 0 -29.027 -29.5726 8 3629.88 166.873 413 0.00026756
3400 0.120421 0.115286 0.005135 0 0.957358 347.868 328.738 19.1297 0 -29.0417 -29.4496 8 3733.88 169.247 426 0.000270625
3500 0.11317 0.108553 0.00461724 0 0.959201 359.189 339.594 19.5957 0 -29.0594 -29.6012 8 3829.88 171.409 438 0.000247838
3600 0.14258 0.135787 0.0067931 0 0.952356 373.438 353.172 20.2659 0 -29.0578 -29.0177 8 3933.88 173.72 451 0.00030108
3700 0.134008 0.126391 0.00761704 0 0.94316 386.8 365.811 20.9888 0 -29.0776 -29.631 8 4029.88 175.827 463 0.000272982
3800 0.13858 0.132051 0.00652886 0 0.952887 400.723 379.017 21.7061 0 -29.1154 -30.1646 8 4133.88 178.082 476 0.000277417
3900 0.127217 0.120988 0.00622913 0 0.951036 413.434 391.115 22.3191 0 -29.1433 -30.024 8 4229.88 180.138 488 0.000247927
4000 0.143045 0.136425 0.00662089 0 0.953715 427.738 404.758 22.9802 0 -29.163 -29.7336 8 4333.88 182.339 501 0.000272305
4100 0.150882 0.144159 0.00672245 0 0.955446 442.796 419.174 23.6225 0 -29.1903 -29.9655 8 4429.88 184.347 513 0.000281013
4200 0.165585 0.159206 0.0063792 0 0.961475 459.463 435.094 24.3684 0 -29.2051 -29.5986 8 4533.88 186.498 526 0.000302673
4300 0.174496 0.167041 0.00745501 0 0.957277 476.944 451.798 25.1456 0 -29.2205 -29.6254 8 4629.88 188.463 538 0.000310485
4400 0.165919 0.157857 0.00806255 0 0.951407 493.503 467.584 25.9185 0 -29.2506 -30.1175 8 4733.88 190.567 551 0.000286492
4500 0.181847 0.174364 0.00748324 0 0.958849 511.79 485.021 26.7692 0 -29.2527 -29.3086 8 4829.88 192.49 563 0.000309705
4600 0.154315 0.148217 0.00609751 0 0.960487 527.35 499.842 27.5081 0 -29.2801 -30.1817 8 4933.88 194.551 576 0.000257322
4700 0.160182 0.149818 0.0103638 0 0.9353 542.947 514.824 28.1234 0 -29.2708 -28.9547 8 5029.88 196.435 588 0.000254793
4800 0.196828 0.188736 0.00809237 0 0.958886 562.687 533.698 28.9898 0 -29.3001 -30.1077 8 5133.88 198.455 601 0.000314036
4900 0.155482 0.149608 0.00587436 0 0.962218 578.365 548.658 29.7071 0 -29.3387 -30.7219 8 5229.88 200.302 613 0.000244058
5000 0.159821 0.153623 0.00619779 0 0.96122 594.406 564.021 30.3851 0 -29.378 -30.7966 8 5333.88 202.284 626 0.000245405
5100 0.14619 0.140106 0.00608409 0 0.958382 608.984 578.031 30.9529 0 -29.422 -31.2169 8 5429.88 204.096 638 0.000219602
5200 0.155567 0.148616 0.00695098 0 0.955318 624.512 592.893 31.6186 0 -29.4568 -30.8219 8 5533.88 206.042 651 0.000228288
5300 0.16382 0.156302 0.00751821 0 0.954107 640.829 608.523 32.3055 0 -29.4763 -30.2226 8 5629.88 207.821 663 0.000235749
5400 0.198762 0.190247 0.00851503 0 0.95716 660.745 627.548 33.1972 0 -29.4835 -29.7154 8 5733.88 209.732 676 0.000281431
5500 0.164032 0.156709 0.0073232 0 0.955355 677.167 643.219 33.9484 0 -29.5059 -30.4051 8 5829.88 211.48 688 0.000227774
5600 0.140707 0.13631 0.00439703 0 0.96875 691.337 656.85 34.4874 0 -29.5444 -31.384 8 5933.88 213.358 701 0.00019445
5700 0.141544 0.136572 0.00497194 0 0.964873 705.468 670.507 34.9609 0 -29.5828 -31.4636 8 6029.88 215.077 713 0.000191545
5800 0.139496 0.134166 0.00533023 0 0.961789 719.333 683.923 35.4095 0 -29.6131 -31.1521 8 6133.88 216.924 726 0.000184802
5900 0.14519 0.138869 0.00632181 0 0.956458 733.741 697.81 35.9309 0 -29.6417 -31.069 8 6229.88 218.615 738 0.000188169
6000 0.160857 0.152963 0.00789382 0 0.950926 749.684 713.107 36.5776 0 -29.6302 -29.1018 8 6333.88 220.432 751 0.000203679
6100 0.147753 0.141373 0.0063801 0 0.956819 764.508 727.244 37.2641 0 -29.6365 -29.9571 8 6429.88 222.096 763 0.000185286
6200 0.164488 0.156665 0.00782301 0 0.95244 780.958 742.91 38.0478 0 -29.6525 -30.3973 8 6533.88 223.885 776 0.000201888
6300 0.15295 0.144903 0.00804624 0 0.947393 796.169 757.401 38.7684 0 -29.6609 -30.0874 8 6629.88 225.524 788 0.000183887
6400 0.155706 0.148894 0.00681188 0 0.956252 811.795 772.29 39.505 0 -29.6612 -29.6771 8 6733.88 227.286 801 0.000185885
6500 0.186777 0.179438 0.00733886 0 0.960708 830.466 790.234 40.2317 0 -29.6338 -28.4445 8 6829.88 228.9 813 0.000220711
6600 0.219068 0.208167 0.0109018 0 0.950236 852.261 811.051 41.2106 0 -29.6123 -28.793 8 6933.88 230.637 826 0.000252018
6700 0.208003 0.198709 0.00929445 0 0.955316 873.204 830.921 42.2825 0 -29.6067 -29.3766 8 7029.88 232.228 838 0.000237123
6800 0.192295 0.18417 0.00812542 0 0.957745 892.575 849.338 43.2366 0 -29.5962 -29.1253 8 7133.88 233.939 851 0.000216415
6900 0.176799 0.169212 0.0075871 0 0.957086 910.3 866.26 44.04 0 -29.6004 -29.8123 8 7229.88 235.508 863 0.000196074
7000 0.191071 0.181978 0.00909335 0 0.952408 929.391 884.457 44.9338 0 -29.6123 -30.1768 8 7333.88 237.196 876 0.000207737
7100 0.184971 0.17574 0.00923048 0 0.950098 947.848 902.031 45.8165 0 -29.6275 -30.3957 8 7429.88 238.743 888 0.000197905
7200 0.165737 0.158783 0.00695382 0 0.958043 964.502 917.91 46.5924 0 -29.6485 -30.8431 8 7533.88 240.408 901 0.00017623
7300 0.188387 0.179814 0.00857262 0 0.954495 983.417 935.891 47.5259 0 -29.6631 -30.4047 8 7629.88 241.935 913 0.000196949
7400 0.164313 0.156673 0.00764029 0 0.953502 999.869 951.558 48.3108 0 -29.6792 -30.6453 8 7733.88 243.578 926 0.000169193
7500 0.168447 0.160084 0.00836345 0 0.95035 1016.66 967.567 49.0973 0 -29.688 -30.2106 8 7829.88 245.086 938 0.000170665
7600 0.174066 0.166505 0.00756113 0 0.956562 1034.13 984.217 49.9125 0 -29.7031 -30.5806 8 7933.88 246.708 951 0.000175084
7700 0.174944 0.168151 0.00679316 0 0.96117 1051.66 1001.03 50.6274 0 -29.7292 -31.2682 8 8029.88 248.196 963 0.000174611
7800 0.15631 0.151221 0.00508903 0 0.967443 1067.38 1016.15 51.2242 0 -29.7576 -31.6615 8 8133.88 249.798 976 0.00015494
7900 0.163978 0.157252 0.00672625 0 0.958981 1083.69 1031.88 51.8136 0 -29.7733 -30.8022 8 8229.88 251.268 988 0.000159162
8000 0.171438 0.165715 0.00572229 0 0.966622 1100.89 1048.45 52.4414 0 -29.7945 -31.1287 8 8333.88 252.85 1001 0.00016555
8100 0.14931 0.145183 0.00412708 0 0.972359 1115.9 1062.97 52.9295 0 -29.821 -31.7634 8 8429.88 254.303 1013 0.00014332
8200 0.138907 0.13591 0.00299625 0 0.97843 1129.83 1076.56 53.2706 0 -29.855 -32.5778 8 8533.88 255.866 1026 0.000132466
8300 0.145329 0.140346 0.00498275 0 0.965714 1144.22 1090.6 53.6213 0 -29.8872 -32.4152 8 8629.88 257.302 1038 0.000135208
8400 0.233902 0.225669 0.00823248 0 0.964804 1167.55 1113.16 54.3859 0 -29.9055 -30.8029 8 8733.88 258.847 1051 0.000214719
8500 0.211696 0.201929 0.00976692 0 0.953863 1188.64 1133.35 55.2805 0 -29.925 -31.004 8 8829.88 260.266 1063 0.000189962
8600 0.18588 0.178577 0.0073028 0 0.960712 1207.33 1151.21 56.1148 0 -29.95 -31.5411 8 8933.88 261.794 1076 0.000165964
8700 0.187591 0.177766 0.00982467 0 0.947627 1225.89 1168.99 56.901 0 -29.9617 -30.7255 8 9029.88 263.197 1088 0.000163388
8800 0.222668 0.213117 0.00955145 0 0.957105 1248.15 1190.3 57.8471 0 -29.9632 -30.0458 8 9133.88 264.708 1101 0.000193567
8900 0.206706 0.197034 0.00967164 0 0.953211 1268.86 1210 58.851 0 -29.9658 -30.1213 8 9229.88 266.096 1113 0.00017703
9000 0.199997 0.190112 0.00988521 0 0.950573 1288.73 1229.02 59.7123 0 -29.9684 -30.1373 8 9333.88 267.591 1126 0.000168838
9100 0.22377 0.21415 0.00961928 0 0.957013 1311.19 1250.43 60.7593 0 -29.956 -29.2431 8 9429.88 268.963 1138 0.000188181
9200 0.232363 0.223203 0.00916026 0 0.960578 1334.66 1272.75 61.9141 0 -29.9451 -29.3352 8 9533.88 270.443 1151 0.000193921
9300 0.187628 0.180182 0.00744601 0 0.960315 1353.5 1290.77 62.7326 0 -29.9543 -30.6078 8 9629.88 271.801 1163 0.000154929
9400 0.217308 0.208075 0.00923292 0 0.957512 1375.18 1311.58 63.6071 0 -29.9598 -30.3046 8 9733.88 273.264 1176 0.000176934
9500 0.214824 0.204682 0.0101429 0 0.952785 1396.57 1332.04 64.5271 0 -29.9591 -29.9139 8 9829.88 274.609 1188 0.000172291
9600 0.21151 0.202144 0.00936625 0 0.955717 1417.73 1352.26 65.4663 0 -29.9675 -30.5196 8 9933.88 276.058 1201 0.000168313
9700 0.202724 0.193651 0.00907226 0 0.955248 1438.02 1371.62 66.4001 0 -29.9814 -30.9528 8 10029.9 277.388 1213 0.000159647
9800 0.178324 0.172966 0.0053586 0 0.96995 1456.05 1388.92 67.1339 0 -30.0075 -32.0884 8 10133.9 278.823 1226 0.000141081
9900 0.174545 0.168672 0.00587303 0 0.966352 1473.56 1405.79 67.7766 0 -30.0254 -31.5107 8 10229.9 280.14 1238 0.000136246
10000 0.169256 0.163206 0.00605064 0 0.964252 1490.49 1422.11 68.3856 0 -30.0397 -31.2903 8 10333.9 281.561 1251 0.00013046
10100 0.17197 0.166212 0.00575774 0 0.966519 1507.68 1438.73 68.9496 0 -30.0531 -31.211 8 10429.9 282.865 1263 0.000131601
10200 0.180897 0.174512 0.00638468 0 0.964705 1525.71 1456.18 69.53 0 -30.0624 -30.8403 8 10533.9 284.272 1276 0.000136765
10300 0.189727 0.183228 0.0064996 0 0.965742 1544.79 1474.5 70.2865 0 -30.0773 -31.2688 8 10629.9 285.565 1288 0.000142257
10400 0.164596 0.159402 0.0051937 0 0.968446 1561.37 1490.44 70.9236 0 -30.098 -32.0254 8 10733.9 286.958 1301 0.000122523
10500 0.150158 0.146149 0.00400845 0 0.973305 1576.44 1505.06 71.3764 0 -30.1179 -32.1799 8 10829.9 288.238 1313 0.00011131
10600 0.157552 0.153356 0.0041957 0 0.973369 1592.21 1520.39 71.8199 0 -30.1414 -32.496 8 10933.9 289.619 1326 0.000115653
10700 0.151525 0.147147 0.00437774 0 0.971109 1607.33 1535.11 72.2202 0 -30.1625 -32.3818 8 11029.9 290.888 1338 0.000109976
10800 0.157581 0.153179 0.00440211 0 0.972064 1623.12 1550.43 72.6898 0 -30.1875 -32.727 8 11133.9 292.256 1351 0.000113382
10900 0.194246 0.187659 0.00658695 0 0.96609 1642.58 1569.19 73.3917 0 -30.1958 -30.8925 8 11229.9 293.513 1363 0.000137681
11000 0.197198 0.189511 0.00768621 0 0.961023 1662.21 1588.14 74.0693 0 -30.2108 -31.4654 8 11333.9 294.869 1376 0.000137726
11100 0.19828 0.191551 0.00672891 0 0.966064 1682.05 1607.3 74.7476 0 -30.2307 -31.8978 8 11429.9 296.115 1388 0.000138005
11200 0.18224 0.176416 0.00582383 0 0.968043 1700.28 1624.94 75.3438 0 -30.2476 -31.8104 8 11533.9 297.459 1401 0.000125921
11300 0.188062 0.1815 0.00656196 0 0.965108 1719.03 1643.09 75.9383 0 -30.2684 -32.1562 8 11629.9 298.695 1413 0.00012845
11400 0.184926 0.17907 0.00585607 0 0.968333 1737.54 1661 76.5373 0 -30.2833 -31.6618 8 11733.9 300.027 1426 0.000125575
11500 0.176359 0.171117 0.00524205 0 0.970276 1755.22 1678.11 77.1147 0 -30.2975 -31.698 8 11829.9 301.252 1438 0.000118997
11600 0.152639 0.148779 0.00385998 0 0.974712 1770.55 1692.99 77.5604 0 -30.3167 -32.5096 8 11933.9 302.574 1451 0.000102536
11700 0.171186 0.16313 0.00805616 0 0.952939 1787.33 1709.3 78.0279 0 -30.3197 -30.6363 8 12029.9 303.788 1463 0.000111504
11800 0.201794 0.19303 0.00876389 0 0.95657 1807.36 1728.6 78.7562 0 -30.3142 -29.8241 8 12133.9 305.098 1476 0.000130779
11900 0.176219 0.169814 0.00640547 0 0.963651 1825.07 1745.58 79.49 0 -30.3241 -31.3376 8 12229.9 306.303 1488 0.000114122
12000 0.155802 0.150155 0.00564722 0 0.963754 1840.76 1760.6 80.1618 0 -30.3334 -31.4137 8 12333.9 307.603 1501 0.000100037
12100 0.157854 0.151859 0.00599513 0 0.962021 1856.57 1775.79 80.7807 0 -30.3413 -31.2598 8 12429.9 308.797 1513 0.00010037
12200 0.161755 0.153397 0.008358 0 0.948329 1872.57 1791.13 81.4393 0 -30.3489 -31.2353 8 12533.9 310.087 1526 0.000100522
12300 0.196175 0.188436 0.00773857 0 0.960553 1892.25 1809.97 82.2787 0 -30.3586 -31.2749 8 12629.9 311.272 1538 0.00012252
12400 0.174224 0.166728 0.00749611 0 0.956974 1909.66 1826.64 83.014 0 -30.3615 -30.6783 8 12733.9 312.551 1551 0.000107497
12500 0.175967 0.168839 0.00712726 0 0.959497 1927.31 1843.53 83.7842 0 -30.3711 -31.4142 8 12829.9 313.727 1563 0.000108023
12600 0.239725 0.22804 0.0116849 0 0.951257 1951.1 1866.33 84.7718 0 -30.368 -30.1183 8 12933.9 314.996 1576 0.000144696
12700 0.232139 0.223143 0.00899611 0 0.961247 1974.42 1888.64 85.7733 0 -30.3748 -30.9436 8 13029.9 316.162 1588 0.000140518
12800 0.213766 0.203865 0.00990164 0 0.95368 1995.77 1909.03 86.7415 0 -30.3792 -30.7828 8 13133.9 317.422 1601 0.000127336
12900 0.21391 0.202313 0.0115967 0 0.945787 2017.01 1929.26 87.7506 0 -30.3769 -30.1616 8 13229.9 318.58 1613 0.000125427
13000 0.189919 0.182772 0.00714713 0 0.962367 2036.16 1947.54 88.6249 0 -30.3822 -30.9424 8 13333.9 319.829 1626 0.000112406
13100 0.19053 0.183129 0.00740156 0 0.961153 2055.27 1965.85 89.4157 0 -30.39 -31.221 8 13429.9 320.979 1638 0.0001118
13200 0.18806 0.183073 0.00498662 0 0.973484 2074.26 1984.16 90.1015 0 -30.4098 -32.5464 8 13533.9 322.219 1651 0.000110886
13300 0.199114 0.191931 0.007183 0 0.963925 2094.04 2003.35 90.6918 0 -30.4112 -30.5583 8 13629.9 323.36 1663 0.000115413
13400 0.190794 0.185027 0.00576724 0 0.969772 2113.22 2021.86 91.367 0 -30.4225 -31.659 8 13733.9 324.591 1676 0.000110398
13500 0.160968 0.156119 0.0048492 0 0.969875 2129.35 2037.47 91.8861 0 -30.4357 -32.159 8 13829.9 325.724 1688 9.24873e-05
13600 0.17963 0.172162 0.00746819 0 0.958425 2147.11 2054.68 92.4249 0 -30.4434 -31.3761 8 13933.9 326.946 1701 0.000101212
13700 0.212724 0.204658 0.00806523 0 0.962086 2168.32 2075.15 93.1712 0 -30.4514 -31.2551 8 14029.9 328.07 1713 0.000119474
13800 0.18195 0.176367 0.00558352 0 0.969313 2186.59 2092.79 93.8076 0 -30.4614 -31.6464 8 14133.9 329.284 1726 0.000102182
13900 0.192591 0.186642 0.00594873 0 0.969112 2205.95 2111.45 94.5004 0 -30.4635 -30.7015 8 14229.9 330.401 1738 0.000107389
14000 0.166654 0.161216 0.00543806 0 0.967369 2222.61 2127.57 95.0426 0 -30.4725 -31.6719 8 14333.9 331.606 1751 9.20711e-05
14100 0.176089 0.170953 0.00513646 0 0.97083 2240.26 2144.67 95.5949 0 -30.4833 -31.839 8 14429.9 332.714 1763 9.6967e-05
14200 0.182041 0.175294 0.0067475 0 0.962934 2258.36 2162.2 96.1671 0 -30.4932 -31.7141 8 14533.9 333.911 1776 9.87013e-05
14300 0.191655 0.184831 0.00682469 0 0.964391 2277.57 2180.68 96.8878 0 -30.5017 -31.5015 8 14629.9 335.012 1788 0.000103373
14400 0.173884 0.167487 0.00639672 0 0.963213 2295 2197.43 97.5731 0 -30.5114 -31.7784 8 14733.9 336.201 1801 9.29969e-05
14500 0.161404 0.155425 0.00597889 0 0.962957 2311.13 2212.97 98.1576 0 -30.5217 -31.9967 8 14829.9 337.294 1813 8.57283e-05
14600 0.164494 0.160023 0.00447116 0 0.972819 2327.7 2228.97 98.7291 0 -30.5321 -31.9746 8 14933.9 338.475 1826 8.76356e-05
14700 0.155168 0.150113 0.0050553 0 0.967421 2343.2 2243.98 99.2156 0 -30.5459 -32.6156 8 15029.9 339.561 1838 8.1672e-05
14800 0.160111 0.156225 0.00388613 0 0.975729 2359.3 2259.61 99.6891 0 -30.5603 -32.6692 8 15133.9 340.734 1851 8.44003e-05
14900 0.166672 0.161359 0.00531312 0 0.968122 2376 2275.74 100.254 0 -30.5736 -32.4511 8 15229.9 341.813 1863 8.66124e-05
15000 0.167108 0.161301 0.00580632 0 0.965254 2392.7 2291.87 100.829 0 -30.588 -32.6328 8 15333.9 342.978 1876 8.59816e-05
15100 0.189426 0.183042 0.00638424 0 0.966297 2411.68 2310.18 101.499 0 -30.6002 -32.1409 8 15429.9 344.05 1888 9.695e-05
15200 0.168159 0.162634 0.00552531 0 0.967142 2428.58 2326.44 102.137 0 -30.6131 -32.4551 8 15533.9 345.207 1901 8.55519e-05
15300 0.191962 0.185181 0.00678039 0 0.964678 2447.85 2344.96 102.889 0 -30.6141 -30.741 8 15629.9 346.272 1913 9.68015e-05
15400 0.184774 0.17825 0.0065232 0 0.964696 2466.34 2362.78 103.561 0 -30.6199 -31.3879 8 15733.9 347.423 1926 9.25495e-05
15500 0.199423 0.189777 0.00964601 0 0.95163 2486.16 2381.76 104.398 0 -30.6269 -31.4929 8 15829.9 348.481 1938 9.79243e-05
15600 0.193941 0.186305 0.00763636 0 0.960625 2505.62 2400.39 105.225 0 -30.6317 -31.2433 8 15933.9 349.624 1951 9.54918e-05
15700 0.210478 0.200557 0.00992117 0 0.952864 2526.51 2420.45 106.059 0 -30.6306 -30.4944 8 16029.9 350.675 1963 0.000102169
15800 0.21205 0.204559 0.00749158 0 0.964671 2547.82 2440.9 106.917 0 -30.6274 -30.2572 8 16133.9 351.811 1976 0.000103522
15900 0.18422 0.179032 0.00518782 0 0.971839 2566.38 2458.81 107.572 0 -30.6324 -31.3202 8 16229.9 352.856 1988 9.00564e-05
16000 0.168212 0.162954 0.00525851 0 0.968739 2583.18 2475.1 108.077 0 -30.6382 -31.5199 8 16333.9 353.985 2001 8.14361e-05
16100 0.179128 0.173665 0.00546283 0 0.969503 2601.14 2492.47 108.67 0 -30.6406 -30.9839 8 16429.9 355.024 2013 8.62716e-05
16200 0.22221 0.21326 0.00894971 0 0.959724 2623.22 2513.79 109.426 0 -30.6359 -30.0837 8 16533.9 356.146 2026 0.000105262
16300 0.197274 0.190088 0.0071863 0 0.963572 2643 2532.8 110.192 0 -30.6403 -31.222 8 16629.9 357.178 2038 9.32719e-05
16400 0.192143 0.184739 0.00740376 0 0.961467 2662.17 2551.28 110.889 0 -30.6439 -31.1394 8 16733.9 358.293 2051 9.00726e-05
16500 0.195193 0.189034 0.00615975 0 0.968443 2681.82 2570.18 111.642 0 -30.6472 -31.099 8 16829.9 359.319 2063 9.16304e-05
16600 0.16536 0.161377 0.00398257 0 0.975916 2698.47 2586.32 112.155 0 -30.6553 -31.9498 8 16933.9 360.428 2076 7.77347e-05
16700 0.174776 0.170406 0.00437077 0 0.974992 2715.95 2603.36 112.59 0 -30.6647 -32.1197 8 17029.9 361.448 2088 8.16119e-05
16800 0.17793 0.172928 0.00500163 0 0.97189 2733.74 2620.65 113.089 0 -30.6726 -31.8763 8 17133.9 362.55 2101 8.23074e-05
16900 0.216177 0.209604 0.00657256 0 0.969596 2755.44 2641.61 113.826 0 -30.6713 -30.5125 8 17229.9 363.564 2113 9.91976e-05
17000 0.204567 0.197552 0.00701476 0 0.965709 2775.99 2661.37 114.618 0 -30.6742 -31.0635 8 17333.9 364.66 2126 9.29221e-05
17100 0.206323 0.199264 0.00705902 0 0.965787 2796.76 2681.29 115.465 0 -30.6833 -31.9028 8 17429.9 365.668 2138 9.3201e-05
17200 0.184081 0.178826 0.00525513 0 0.971452 2815.29 2699.18 116.116 0 -30.6895 -31.6137 8 17533.9 366.758 2151 8.31363e-05
17300 0.175961 0.169731 0.00623012 0 0.964594 2832.86 2716.15 116.708 0 -30.695 -31.5841 8 17629.9 367.76 2163 7.84703e-05
17400 0.203818 0.19777 0.0060482 0 0.970325 2853.32 2735.93 117.394 0 -30.7024 -31.7251 8 17733.9 368.843 2176 9.08868e-05
17500 0.22144 0.212716 0.00872438 0 0.960602 2875.43 2757.2 118.228 0 -30.7029 -30.7642 8 17829.9 369.84 2188 9.72193e-05
17600 0.213627 0.205316 0.00831166 0 0.961093 2896.81 2777.73 119.078 0 -30.7022 -30.61 8 17933.9 370.917 2201 9.32829e-05
17700 0.220215 0.211666 0.00854898 0 0.961179 2918.89 2798.9 119.992 0 -30.7076 -31.4171 8 18029.9 371.909 2213 9.56467e-05
17800 0.199972 0.193455 0.00651669 0 0.967412 2939.03 2818.24 120.786 0 -30.7125 -31.4193 8 18133.9 372.98 2226 8.69072e-05
17900 0.224204 0.217109 0.00709523 0 0.968354 2961.57 2839.95 121.621 0 -30.7148 -31.0242 8 18229.9 373.966 2238 9.70101e-05
18000 0.18638 0.181024 0.00535586 0 0.971264 2980.31 2858.06 122.251 0 -30.7236 -32.105 8 18333.9 375.031 2251 8.04194e-05
18100 0.173399 0.168823 0.00457595 0 0.97361 2997.75 2874.94 122.813 0 -30.7313 -32.0561 8 18429.9 376.012 2263 7.46016e-05
18200 0.1751 0.169539 0.00556153 0 0.968238 3015.24 2891.89 123.349 0 -30.7357 -31.4832 8 18533.9 377.071 2276 7.44897e-05
18300 0.158058 0.153985 0.00407338 0 0.974229 3031.13 2907.29 123.836 0 -30.7455 -32.6009 8 18629.9 378.046 2288 6.73011e-05
18400 0.155199 0.151895 0.00330389 0 0.978712 3046.71 2922.48 124.231 0 -30.7563 -32.8629 8 18733.9 379.1 2301 6.60125e-05
18500 0.169213 0.164916 0.00429695 0 0.974606 3063.65 2938.97 124.683 0 -30.7685 -32.9698 8 18829.9 380.07 2313 7.12998e-05
18600 0.174506 0.169789 0.00471677 0 0.972971 3081.15 2955.95 125.199 0 -30.7792 -32.6473 8 18933.9 381.118 2326 7.29962e-05
18700 0.180998 0.175839 0.00515839 0 0.9715 3099.31 2973.53 125.778 0 -30.7891 -32.467 8 19029.9 382.083 2338 7.52093e-05
18800 0.225282 0.214799 0.0104822 0 0.953471 3121.44 2995.01 126.428 0 -30.7858 -30.3188 8 19133.9 383.126 2351 9.13651e-05
18900 0.22697 0.218643 0.00832768 0 0.963309 3144.19 3016.88 127.31 0 -30.7856 -30.7663 8 19229.9 384.086 2363 9.25276e-05
19000 0.19439 0.188083 0.00630684 0 0.967556 3163.72 3035.69 128.034 0 -30.7904 -31.5545 8 19333.9 385.123 2376 7.91596e-05
19100 0.211075 0.203363 0.00771222 0 0.963462 3184.81 3056.02 128.791 0 -30.7949 -31.4718 8 19429.9 386.078 2388 8.51604e-05
19200 0.195419 0.1897 0.00571906 0 0.970734 3204.49 3074.99 129.501 0 -30.8002 -31.6605 8 19533.9 387.11 2401 7.90088e-05
19300 0.187287 0.18249 0.00479683 0 0.974388 3223.28 3093.24 130.035 0 -30.8084 -32.2152 8 19629.9 388.06 2413 7.56278e-05
19400 0.172901 0.168697 0.0042039 0 0.975686 3240.55 3110.11 130.435 0 -30.8172 -32.4593 8 19733.9 389.087 2426 6.9537e-05
19500 0.199129 0.193408 0.0057212 0 0.971269 3260.44 3129.45 130.991 0 -30.8238 -31.8932 8 19829.9 390.032 2438 7.93306e-05
19600 0.177953 0.172943 0.00500972 0 0.971848 3278.24 3146.75 131.497 0 -30.8323 -32.3867 8 19933.9 391.053 2451 7.05602e-05
19700 0.178971 0.173834 0.00513691 0 0.971298 3296.18 3164.13 132.054 0 -30.8389 -32.0438 8 20029.9 391.994 2463 7.05781e-05
19800 0.179506 0.17401 0.00549637 0 0.969381 3314.17 3181.53 132.64 0 -30.8434 -31.6726 8 20133.9 393.01 2476 7.02787e-05
19900 0.184174 0.177646 0.00652874 0 0.964551 3332.55 3199.3 133.257 0 -30.8495 -31.9446 8 20229.9 393.946 2488 7.1401e-05
20000 0.196763 0.190557 0.00620534 0 0.968463 3352.29 3218.35 133.943 0 -30.8605 -32.7246 8 20333.9 394.957 2501 7.61924e-05
