100 0.122657 0.112107 0.0105501 0 0.913988 11.9902 11.2107 0.779495 0 -28.7171 -28.7171 2 427.882 57.293 51 0.00219818
200 0.249916 0.228368 0.0215483 0 0.913778 36.49 34.0475 2.44248 0 -27.9615 -27.5917 2 527.882 63.6368 101 0.00226107
300 0.327767 0.303671 0.0240963 0 0.926483 69.1706 64.4146 4.75602 0 -27.7764 -27.5698 2 627.882 69.4031 151 0.00201106
400 0.34366 0.319912 0.0237472 0 0.930899 103.769 96.4058 7.36296 0 -27.6926 -27.5251 2 727.882 74.7258 201 0.0015916
500 0.355285 0.329115 0.0261698 0 0.926341 139.356 129.317 10.0384 0 -27.7294 -27.8364 2 827.882 79.6937 251 0.00131121
600 0.387483 0.360457 0.0270266 0 0.930251 178.202 165.363 12.8387 0 -27.7478 -27.8139 2 927.882 84.3697 301 0.00119753
700 0.382395 0.359184 0.0232112 0 0.939301 216.71 201.281 15.4281 0 -27.7529 -27.7763 2 1027.88 88.7997 351 0.00102332
800 0.438755 0.41261 0.026145 0 0.940411 260.614 242.542 18.0717 0 -27.7449 -27.7056 2 1127.88 93.019 401 0.00102895
900 0.429687 0.404163 0.0255238 0 0.940599 303.558 282.959 20.5997 0 -27.7414 -27.7203 2 1227.88 97.0551 451 0.000896149
1000 0.472848 0.444354 0.0284945 0 0.939739 350.804 327.394 23.4102 0 -27.7437 -27.7586 2 1327.88 100.93 501 0.000886934
1100 0.429498 0.406608 0.0228902 0 0.946705 394.048 368.055 25.9928 0 -27.8153 -28.3954 2 1427.88 104.661 551 0.000737945
1200 0.431595 0.406492 0.0251034 0 0.941836 437.17 408.704 28.4662 0 -27.8359 -28.025 2 1527.88 108.264 601 0.000676359
1300 0.45215 0.42861 0.0235403 0 0.947937 482.67 451.565 31.1053 0 -27.8585 -28.0754 2 1627.88 111.751 651 0.000658387
1400 0.488705 0.463588 0.0251173 0 0.948604 531.665 497.924 33.7411 0 -27.8548 -27.8182 2 1727.88 115.132 701 0.000661323
1500 0.504823 0.48151 0.023313 0 0.95382 582.497 546.075 36.4222 0 -27.8908 -28.2672 2 1827.88 118.417 751 0.000641159
1600 0.491297 0.468136 0.0231616 0 0.952856 631.81 592.888 38.9213 0 -27.9341 -28.4456 2 1927.88 121.613 801 0.000584439
1700 0.518111 0.491434 0.0266763 0 0.948512 683.469 642.032 41.4375 0 -27.9985 -28.7864 2 2027.88 124.727 851 0.000577479
1800 0.560467 0.529833 0.0306348 0 0.945341 739.319 695.015 44.3044 0 -28.0473 -28.6438 2 2127.88 127.766 901 0.00058805
1900 0.5781 0.551144 0.0269556 0 0.953372 797.405 750.129 47.2754 0 -28.0986 -28.7522 2 2227.88 130.733 951 0.000579542
2000 0.555338 0.532122 0.0232157 0 0.958195 853.357 803.342 50.0149 0 -28.1858 -29.4282 2 2327.88 133.635 1001 0.000531591
2100 0.594274 0.567155 0.0271195 0 0.954365 912.796 860.057 52.7386 0 -28.2651 -29.4036 2 2427.88 136.475 1051 0.000539633
2200 0.586265 0.558764 0.0275017 0 0.95309 971.423 915.933 55.4894 0 -28.311 -29.026 2 2527.88 139.257 1101 0.000507506
2300 0.618309 0.589737 0.0285724 0 0.953789 1033.45 974.907 58.5442 0 -28.3707 -29.3059 2 2627.88 141.985 1151 0.000512369
2400 0.54505 0.52171 0.0233406 0 0.957177 1088.21 1027.08 61.1352 0 -28.4474 -29.8942 2 2727.88 144.661 1201 0.000434396
2500 0.515865 0.492793 0.023072 0 0.955275 1139.86 1076.36 63.5031 0 -28.5186 -30.0192 2 2827.88 147.289 1251 0.000393919
2600 0.533012 0.510267 0.022745 0 0.957327 1193.28 1127.38 65.8942 0 -28.5652 -29.559 2 2927.88 149.871 1301 0.000392211
2700 0.530599 0.511211 0.0193878 0 0.96346 1246.72 1178.51 68.2182 0 -28.6296 -30.0685 2 3027.88 152.409 1351 0.000378395
2800 0.550577 0.526788 0.0237896 0 0.956792 1301.7 1231.18 70.5211 0 -28.6627 -29.4127 2 3127.88 154.905 1401 0.000376008
2900 0.54031 0.516874 0.0234355 0 0.956626 1355.65 1282.87 72.7749 0 -28.7061 -29.7523 2 3227.88 157.362 1451 0.000356219
3000 0.547778 0.524375 0.0234028 0 0.957277 1410.48 1335.31 75.1757 0 -28.7444 -29.6915 2 3327.88 159.781 1501 0.000349351
3100 0.623583 0.595969 0.0276146 0 0.955716 1472.78 1394.91 77.8751 0 -28.7477 -28.8223 2 3427.88 162.163 1551 0.000384248
3200 0.585172 0.559516 0.0256556 0 0.956157 1531.44 1450.86 80.5817 0 -28.7708 -29.3526 2 3527.88 164.512 1601 0.000349479
3300 0.598186 0.569818 0.0283679 0 0.952577 1591.05 1507.84 83.2134 0 -28.7961 -29.4455 2 3627.88 166.827 1651 0.000345135
3400 0.580423 0.556696 0.0237275 0 0.95912 1649.41 1563.51 85.8986 0 -28.8462 -30.2126 2 3727.88 169.111 1701 0.000327276
3500 0.605084 0.575872 0.029212 0 0.951722 1709.75 1621.1 88.6589 0 -28.8674 -29.4452 2 3827.88 171.364 1751 0.000328882
3600 0.618129 0.586081 0.0320484 0 0.948153 1771.42 1679.7 91.7114 0 -28.8964 -29.7 2 3927.88 173.588 1801 0.00032542
3700 0.645029 0.614292 0.0307364 0 0.952349 1836.09 1741.13 94.96 0 -28.9417 -30.1829 2 4027.88 175.784 1851 0.00033187
3800 0.636482 0.604855 0.0316267 0 0.95031 1899.78 1801.62 98.162 0 -28.9801 -30.0879 2 4127.88 177.952 1901 0.000318178
3900 0.599373 0.572799 0.0265748 0 0.955662 1959.96 1858.9 101.059 0 -29.0225 -30.3595 2 4227.88 180.095 1951 0.000293592
4000 0.613458 0.585398 0.0280599 0 0.95426 2021.31 1917.44 103.87 0 -29.0644 -30.4038 2 4327.88 182.212 2001 0.000292553
4100 0.62468 0.598472 0.0262078 0 0.958046 2084.1 1977.29 106.81 0 -29.1143 -30.7213 2 4427.88 184.305 2051 0.000291795
4200 0.577553 0.552381 0.0251722 0 0.956416 2141.95 2032.52 109.424 0 -29.1561 -30.6626 2 4527.88 186.375 2101 0.000262913
4300 0.6442 0.618703 0.0254966 0 0.960421 2206.62 2094.39 112.231 0 -29.1854 -30.1551 2 4627.88 188.422 2151 0.000287635
4400 0.617518 0.587922 0.0295959 0 0.952073 2267.94 2153.19 114.758 0 -29.2124 -30.1844 2 4727.88 190.447 2201 0.000267116
4500 0.669484 0.638177 0.0313064 0 0.953238 2334.71 2217 117.711 0 -29.2373 -30.0822 2 4827.88 192.45 2251 0.000283508
4600 0.663095 0.635895 0.0272004 0 0.95898 2401.21 2280.59 120.619 0 -29.2631 -30.1707 2 4927.88 194.433 2301 0.000276356
4700 0.653851 0.626844 0.0270072 0 0.958695 2466.76 2343.28 123.487 0 -29.2813 -29.9466 2 5027.88 196.396 2351 0.000266628
4800 0.644784 0.617333 0.0274513 0 0.957426 2531.26 2405.01 126.252 0 -29.298 -29.9358 2 5127.88 198.339 2401 0.000257115
4900 0.655467 0.630526 0.0249404 0 0.96195 2596.96 2468.06 128.899 0 -29.3214 -30.2228 2 5227.88 200.264 2451 0.000257253
5000 0.655831 0.629255 0.0265758 0 0.959478 2662.65 2530.99 131.658 0 -29.3453 -30.2926 2 5327.88 202.17 2501 0.000251601
5100 0.651381 0.62557 0.0258108 0 0.960375 2727.93 2593.55 134.383 0 -29.3724 -30.4772 2 5427.88 204.059 2551 0.000245226
5200 0.667235 0.638106 0.0291285 0 0.956344 2794.48 2657.36 137.126 0 -29.379 -29.6508 2 5527.88 205.93 2601 0.000245331
5300 0.700843 0.674475 0.0263679 0 0.962377 2864.84 2724.8 140.037 0 -29.3957 -30.0563 2 5627.88 207.784 2651 0.000254423
5400 0.703948 0.676047 0.0279015 0 0.960364 2935.31 2792.41 142.902 0 -29.4078 -29.9011 2 5727.88 209.622 2701 0.000250295
5500 0.637708 0.612384 0.0253236 0 0.96029 2999.2 2853.65 145.555 0 -29.43 -30.4476 2 5827.88 211.444 2751 0.000222604
5600 0.723148 0.688004 0.0351434 0 0.951402 3071.02 2922.45 148.575 0 -29.4391 -29.8227 2 5927.88 213.25 2801 0.000245628
5700 0.689884 0.663303 0.0265813 0 0.96147 3140.43 2988.78 151.654 0 -29.4562 -30.2098 2 6027.88 215.042 2851 0.000232656
5800 0.658676 0.633103 0.0255734 0 0.961175 3206.35 3052.09 154.264 0 -29.4692 -30.0884 2 6127.88 216.818 2901 0.000218236
5900 0.664559 0.639549 0.0250096 0 0.962367 3272.92 3116.04 156.874 0 -29.4907 -30.5288 2 6227.88 218.58 2951 0.000216723
6000 0.718071 0.683038 0.0350325 0 0.951213 3344.09 3184.35 159.746 0 -29.5084 -30.3205 2 6327.88 220.328 3001 0.000227604
6100 0.740788 0.70714 0.033648 0 0.954578 3417.99 3255.06 162.93 0 -29.5198 -30.0376 2 6427.88 222.062 3051 0.000231773
6200 0.714186 0.685219 0.0289674 0 0.95944 3489.73 3323.58 166.149 0 -29.5409 -30.5458 2 6527.88 223.783 3101 0.000220967
6300 0.685391 0.660215 0.0251764 0 0.963267 3558.54 3389.6 168.934 0 -29.5574 -30.3916 2 6627.88 225.49 3151 0.000209525
6400 0.766881 0.732586 0.0342949 0 0.95528 3634.85 3462.86 171.991 0 -29.5636 -29.8528 2 6727.88 227.185 3201 0.000228862
6500 0.886418 0.842018 0.0444001 0 0.949911 3723.05 3547.06 175.989 0 -29.5609 -29.4515 2 6827.88 228.867 3251 0.000259003
6600 0.818416 0.781408 0.0370079 0 0.954781 3805.05 3625.21 179.849 0 -29.5695 -29.9612 2 6927.88 230.537 3301 0.000236719
6700 0.762037 0.729445 0.0325922 0 0.95723 3881.54 3698.15 183.386 0 -29.5823 -30.2179 2 7027.88 232.195 3351 0.00021768
6800 0.782687 0.746152 0.036535 0 0.953321 3959.54 3772.77 186.77 0 -29.5929 -30.1189 2 7127.88 233.841 3401 0.000219392
6900 0.81818 0.78225 0.03593 0 0.956085 4041.42 3850.99 190.429 0 -29.6042 -30.1533 2 7227.88 235.475 3451 0.000226673
7000 0.788164 0.753701 0.034463 0 0.956274 4120.31 3926.36 193.948 0 -29.6188 -30.3642 2 7327.88 237.099 3501 0.000215282
7100 0.820855 0.786096 0.0347591 0 0.957655 4202.48 4004.97 197.511 0 -29.6251 -29.9402 2 7427.88 238.711 3551 0.000221373
7200 0.817244 0.783801 0.0334421 0 0.959079 4284.31 4083.35 200.96 0 -29.6397 -30.3921 2 7527.88 240.313 3601 0.000217662
7300 0.781514 0.752756 0.0287589 0 0.963201 4362.66 4158.63 204.036 0 -29.6562 -30.5553 2 7627.88 241.903 3651 0.000206178
7400 0.756402 0.726197 0.0302049 0 0.960068 4438.15 4231.25 206.909 0 -29.6745 -30.7333 2 7727.88 243.484 3701 0.000196216
7500 0.843113 0.812334 0.0307788 0 0.963494 4522.57 4312.48 210.091 0 -29.6894 -30.4744 2 7827.88 245.054 3751 0.000216565
7600 0.756128 0.73103 0.025099 0 0.966806 4598.57 4385.58 212.987 0 -29.7134 -31.1421 2 7927.88 246.615 3801 0.000192326
7700 0.786894 0.7553 0.0315945 0 0.959849 4677.05 4461.11 215.935 0 -29.7326 -30.8553 2 8027.88 248.165 3851 0.000196131
7800 0.816759 0.783371 0.0333881 0 0.959121 4758.72 4539.45 219.271 0 -29.745 -30.4552 2 8127.88 249.706 3901 0.000200813
7900 0.794557 0.76408 0.030477 0 0.961643 4838.28 4615.86 222.424 0 -29.7662 -31.036 2 8227.88 251.237 3951 0.000193389
8000 0.799096 0.770092 0.0290036 0 0.963704 4918.33 4692.87 225.467 0 -29.7839 -30.8536 2 8327.88 252.759 4001 0.000192475
8100 0.782116 0.752075 0.0300405 0 0.961591 4996.57 4768.07 228.491 0 -29.8049 -31.121 2 8427.88 254.272 4051 0.000185652
8200 0.745386 0.713293 0.032093 0 0.956944 5070.64 4839.4 231.241 0 -29.8241 -31.1208 2 8527.88 255.777 4101 0.000173931
8300 0.798972 0.767463 0.0315089 0 0.960563 5150.52 4916.15 234.366 0 -29.8391 -30.7928 2 8627.88 257.272 4151 0.000184886
8400 0.7935 0.763637 0.0298624 0 0.962366 5230.13 4992.51 237.617 0 -29.8587 -31.1261 2 8727.88 258.758 4201 0.000181775
8500 0.739679 0.712359 0.0273197 0 0.963065 5304.4 5063.75 240.646 0 -29.8803 -31.3999 2 8827.88 260.237 4251 0.000167575
8600 0.853601 0.815085 0.0385161 0 0.954878 5389.29 5145.26 244.029 0 -29.8896 -30.4734 2 8927.88 261.706 4301 0.000189511
8700 0.799434 0.76673 0.0327036 0 0.959092 5469.45 5221.93 247.522 0 -29.9063 -31.0254 2 9027.88 263.168 4351 0.000176219
8800 0.843087 0.81106 0.032028 0 0.962011 5554.11 5303.04 251.072 0 -29.9256 -31.1775 2 9127.88 264.621 4401 0.00018429
8900 0.78952 0.759513 0.0300065 0 0.961994 5633.35 5378.99 254.361 0 -29.9456 -31.3431 2 9227.88 266.067 4451 0.000170639
9000 0.802005 0.770933 0.0310718 0 0.961257 5713.65 5456.08 257.569 0 -29.9652 -31.3439 2 9327.88 267.505 4501 0.00017128
9100 0.740683 0.713689 0.0269935 0 0.963556 5787.86 5527.45 260.414 0 -29.9854 -31.5371 2 9427.88 268.935 4551 0.00015682
9200 0.774661 0.745642 0.0290187 0 0.96254 5865.33 5602.01 263.315 0 -30.002 -31.2469 2 9527.88 270.357 4601 0.000162061
9300 0.867992 0.832034 0.0359578 0 0.958574 5952.03 5685.22 266.808 0 -30.0129 -30.746 2 9627.88 271.772 4651 0.000178894
9400 0.87756 0.837857 0.0397032 0 0.954757 6039.54 5769 270.534 0 -30.0239 -30.7715 2 9727.88 273.18 4701 0.000178229
9500 0.867841 0.829973 0.037868 0 0.956365 6126.31 5852 274.305 0 -30.0414 -31.2617 2 9827.88 274.581 4751 0.000174694
9600 0.851214 0.815882 0.035332 0 0.958492 6211.56 5933.59 277.973 0 -30.0571 -31.1827 2 9927.88 275.974 4801 0.00016994
9700 0.808084 0.777987 0.0300973 0 0.962755 6292.72 6011.39 281.336 0 -30.0784 -31.7106 2 10027.9 277.361 4851 0.000160377
9800 0.857618 0.818827 0.0387915 0 0.954768 6378.01 6093.27 284.735 0 -30.0926 -31.1433 2 10127.9 278.74 4901 0.000167073
9900 0.852547 0.818699 0.0338476 0 0.960298 6463.49 6175.14 288.345 0 -30.1036 -30.9221 2 10227.9 280.113 4951 0.00016536
10000 0.829468 0.794264 0.0352042 0 0.957558 6546.42 6254.57 291.856 0 -30.1157 -31.0582 2 10327.9 281.479 5001 0.000158821
10100 0.825429 0.796805 0.0286237 0 0.965323 6629.4 6334.25 295.153 0 -30.1341 -31.5862 2 10427.9 282.838 5051 0.000157752
10200 0.817887 0.784755 0.0331328 0 0.95949 6711.12 6412.72 298.399 0 -30.1477 -31.2521 2 10527.9 284.191 5101 0.000153843
10300 0.789142 0.75866 0.0304818 0 0.961373 6790.15 6488.59 301.566 0 -30.1658 -31.7015 2 10627.9 285.538 5151 0.000147284
10400 0.816333 0.782852 0.0334808 0 0.958986 6871.65 6566.87 304.773 0 -30.1781 -31.199 2 10727.9 286.878 5201 0.00015052
10500 0.818679 0.78777 0.0309095 0 0.962245 6953.71 6645.65 308.059 0 -30.1924 -31.3956 2 10827.9 288.212 5251 0.000150023
10600 0.849916 0.81541 0.0345059 0 0.959401 7038.57 6727.19 311.375 0 -30.2049 -31.2238 2 10927.9 289.54 5301 0.000153822
10700 0.830376 0.795971 0.034405 0 0.958567 7121.45 6806.79 314.658 0 -30.2188 -31.4049 2 11027.9 290.861 5351 0.000148752
10800 0.816321 0.785909 0.0304125 0 0.962744 7203.15 6885.38 317.774 0 -30.2347 -31.6207 2 11127.9 292.177 5401 0.000145512
10900 0.793241 0.76497 0.0282711 0 0.96436 7282.54 6961.88 320.66 0 -30.2505 -31.6842 2 11227.9 293.487 5451 0.000140336
11000 0.840351 0.814518 0.0258328 0 0.969259 7367.02 7043.33 323.687 0 -30.2685 -31.8191 2 11327.9 294.791 5501 0.000148067
11100 0.80933 0.776873 0.0324563 0 0.959897 7447.6 7121.02 326.585 0 -30.2812 -31.4421 2 11427.9 296.089 5551 0.000139952
11200 0.853732 0.823145 0.0305866 0 0.964173 7533.14 7203.33 329.806 0 -30.2927 -31.2919 2 11527.9 297.382 5601 0.000146964
11300 0.800561 0.772196 0.0283646 0 0.964569 7613.42 7280.55 332.866 0 -30.3015 -31.1301 2 11627.9 298.669 5651 0.000136648
11400 0.771746 0.742664 0.0290815 0 0.962317 7690.36 7354.82 335.548 0 -30.3108 -31.2324 2 11727.9 299.951 5701 0.000130269
11500 0.882371 0.844589 0.0377815 0 0.957182 7778.18 7439.28 338.905 0 -30.3103 -30.2618 2 11827.9 301.227 5751 0.00014686
11600 0.864679 0.828875 0.0358044 0 0.958592 7864.32 7522.16 342.157 0 -30.3148 -30.7258 2 11927.9 302.497 5801 0.000142885
11700 0.910223 0.873706 0.0365175 0 0.959881 7955.29 7609.53 345.757 0 -30.3196 -30.7321 2 12027.9 303.763 5851 0.000149326
11800 0.865736 0.832795 0.0329412 0 0.96195 8042.02 7692.81 349.206 0 -30.325 -30.8188 2 12127.9 305.023 5901 0.000141128
11900 0.848474 0.82042 0.0280544 0 0.966936 8127.18 7774.85 352.321 0 -30.3363 -31.4075 2 12227.9 306.278 5951 0.000137863
12000 0.833214 0.8023 0.0309147 0 0.962897 8210.38 7855.08 355.294 0 -30.3475 -31.4369 2 12327.9 307.528 6001 0.000133694
12100 0.864949 0.834931 0.0300173 0 0.965296 8297.03 7938.58 358.451 0 -30.3558 -31.1431 2 12427.9 308.773 6051 0.000137982
12200 0.825819 0.797742 0.0280773 0 0.966001 8379.79 8018.35 361.436 0 -30.3647 -31.2552 2 12527.9 310.012 6101 0.000130756
12300 0.826947 0.796045 0.0309028 0 0.96263 8462.37 8097.96 364.418 0 -30.3728 -31.1995 2 12627.9 311.247 6151 0.000129417
12400 0.877454 0.847288 0.030166 0 0.965621 8550.3 8182.69 367.614 0 -30.3812 -31.1883 2 12727.9 312.477 6201 0.000136637
12500 0.910084 0.878872 0.0312114 0 0.965705 8641.47 8270.57 370.897 0 -30.3907 -31.2774 2 12827.9 313.702 6251 0.000140597
12600 0.834383 0.806165 0.0282175 0 0.966182 8725.11 8351.19 373.923 0 -30.4021 -31.5804 2 12927.9 314.923 6301 0.000127942
12700 0.857717 0.827717 0.0300003 0 0.965023 8811.05 8433.96 377.09 0 -30.4117 -31.3935 2 13027.9 316.138 6351 0.000130329
12800 0.875425 0.843837 0.0315881 0 0.963917 8898.75 8518.34 380.406 0 -30.4217 -31.4201 2 13127.9 317.349 6401 0.000131829
12900 0.833747 0.804418 0.0293291 0 0.964823 8982.29 8598.79 383.502 0 -30.4354 -31.8956 2 13227.9 318.556 6451 0.000124697
13000 0.798758 0.770993 0.0277653 0 0.965239 9062.22 8675.89 386.335 0 -30.4484 -31.9102 2 13327.9 319.757 6501 0.000118596
13100 0.833431 0.8026 0.0308309 0 0.963007 9145.48 8756.15 389.332 0 -30.4614 -31.8786 2 13427.9 320.955 6551 0.000122516
13200 0.799114 0.772427 0.0266864 0 0.966605 9225.58 8833.39 392.193 0 -30.4746 -31.984 2 13527.9 322.148 6601 0.000117017
13300 0.767153 0.741936 0.0252161 0 0.96713 9302.4 8907.58 394.816 0 -30.4891 -32.2242 2 13627.9 323.336 6651 0.000111553
13400 0.795847 0.767279 0.0285679 0 0.964104 9381.8 8984.31 397.486 0 -30.5001 -31.79 2 13727.9 324.52 6701 0.000114502
13500 0.792779 0.764058 0.0287209 0 0.963772 9461.12 9060.72 400.405 0 -30.5115 -31.8559 2 13827.9 325.7 6751 0.000113177
13600 0.788286 0.756844 0.0314418 0 0.960114 9539.83 9136.4 403.434 0 -30.521 -31.666 2 13927.9 326.876 6801 0.000111284
13700 0.780704 0.753074 0.027629 0 0.96461 9618.05 9211.71 406.341 0 -30.532 -31.878 2 14027.9 328.047 6851 0.000109922
13800 0.776268 0.747511 0.0287573 0 0.962954 9695.48 9286.46 409.021 0 -30.5434 -31.9549 2 14127.9 329.214 6901 0.000108319
13900 0.787274 0.761191 0.026083 0 0.966869 9774.31 9362.58 411.734 0 -30.5559 -32.0917 2 14227.9 330.377 6951 0.000109508
14000 0.798999 0.771452 0.0275466 0 0.965524 9854.08 9439.72 414.361 0 -30.5659 -31.7983 2 14327.9 331.536 7001 0.000110192
14100 0.789597 0.763546 0.0260516 0 0.967007 9933.17 9516.08 417.09 0 -30.5747 -31.673 2 14427.9 332.691 7051 0.000108289
14200 0.796698 0.769557 0.0271405 0 0.965934 10012.7 9593.03 419.682 0 -30.5829 -31.6025 2 14527.9 333.842 7101 0.000108373
14300 0.818783 0.790741 0.028042 0 0.965752 10094.5 9672.11 422.361 0 -30.5927 -31.7925 2 14627.9 334.989 7151 0.000110578
14400 0.894129 0.860346 0.0337833 0 0.962217 10183.7 9758.14 425.542 0 -30.5978 -31.173 2 14727.9 336.132 7201 0.000119476
14500 0.929512 0.894806 0.0347055 0 0.962663 10276.6 9847.62 428.945 0 -30.6059 -31.4999 2 14827.9 337.271 7251 0.000123405
14600 0.87292 0.840335 0.0325844 0 0.962672 10363.9 9931.66 432.282 0 -30.6129 -31.4293 2 14927.9 338.407 7301 0.000115099
14700 0.833038 0.800688 0.0323496 0 0.961167 10447.2 10011.7 435.516 0 -30.6204 -31.5573 2 15027.9 339.538 7351 0.000108922
14800 0.84362 0.81476 0.0288596 0 0.965791 10531.8 10093.2 438.626 0 -30.6278 -31.5459 2 15127.9 340.666 7401 0.000110088
14900 0.811879 0.785701 0.026178 0 0.967756 10613.3 10171.8 441.488 0 -30.6342 -31.4563 2 15227.9 341.79 7451 0.000105449
15000 0.810025 0.782402 0.0276234 0 0.965898 10694.3 10250 444.266 0 -30.643 -31.801 2 15327.9 342.911 7501 0.000104306
15100 0.828255 0.79656 0.0316946 0 0.961733 10776.9 10329.7 447.224 0 -30.6517 -31.7787 2 15427.9 344.028 7551 0.000105491
15200 0.856685 0.827754 0.0289311 0 0.966229 10862.5 10412.4 450.078 0 -30.6613 -31.8698 2 15527.9 345.141 7601 0.000108901
15300 0.825862 0.79612 0.0297419 0 0.963987 10945 10492.1 452.929 0 -30.6686 -31.6257 2 15627.9 346.25 7651 0.000104054
15400 0.883359 0.853443 0.0299154 0 0.966134 11033.3 10577.4 455.941 0 -30.6773 -31.7511 2 15727.9 347.356 7701 0.000110822
15500 0.842752 0.813865 0.0288874 0 0.965723 11117.8 10658.8 459.041 0 -30.6861 -31.8399 2 15827.9 348.459 7751 0.000105001
15600 0.863813 0.832539 0.031274 0 0.963795 11204.3 10742 462.28 0 -30.6947 -31.7983 2 15927.9 349.558 7801 0.000106722
15700 0.904186 0.867916 0.0362695 0 0.959887 11294.6 10828.8 465.731 0 -30.6996 -31.3036 2 16027.9 350.653 7851 0.000110549
15800 0.914574 0.880905 0.0336691 0 0.963186 11386.3 10916.9 469.358 0 -30.7048 -31.3508 2 16127.9 351.746 7901 0.000111493
15900 0.893587 0.857914 0.0356723 0 0.96008 11475.6 11002.7 472.897 0 -30.7101 -31.3852 2 16227.9 352.834 7951 0.0001079
16000 0.825124 0.7952 0.0299244 0 0.963733 11558.3 11082.2 476.106 0 -30.7194 -32.0044 2 16327.9 353.92 8001 9.93875e-05
16100 0.822483 0.788892 0.0335912 0 0.959159 11640.3 11161.1 479.215 0 -30.7281 -31.9603 2 16427.9 355.002 8051 9.79868e-05
16200 0.822131 0.791425 0.0307055 0 0.962651 11722.4 11240.3 482.161 0 -30.7389 -32.2654 2 16527.9 356.081 8101 9.76947e-05
16300 0.865391 0.83345 0.0319404 0 0.963091 11809 11323.6 485.354 0 -30.7476 -31.9308 2 16627.9 357.156 8151 0.000102251
16400 0.861857 0.832068 0.0297895 0 0.965436 11895.4 11406.8 488.624 0 -30.7549 -31.743 2 16727.9 358.229 8201 0.000101459
16500 0.899258 0.866022 0.0332362 0 0.96304 11985.1 11493.4 491.705 0 -30.7621 -31.7251 2 16827.9 359.298 8251 0.00010496
16600 0.948766 0.918429 0.0303367 0 0.968025 12080.3 11585.3 495.002 0 -30.7653 -31.1616 2 16927.9 360.364 8301 0.000110641
16700 0.983088 0.945761 0.0373272 0 0.962031 12178.4 11679.8 498.578 0 -30.7683 -31.1412 2 17027.9 361.427 8351 0.000113251
16800 0.998877 0.956707 0.0421704 0 0.957782 12278 11775.5 502.486 0 -30.7694 -30.9022 2 17127.9 362.487 8401 0.00011388
16900 0.893243 0.863411 0.0298317 0 0.966603 12367.9 11861.8 506.02 0 -30.7758 -31.6538 2 17227.9 363.543 8451 0.000102167
17000 0.881429 0.850198 0.0312313 0 0.964567 12456 11946.9 509.096 0 -30.7815 -31.5821 2 17327.9 364.597 8501 0.000100011
17100 0.883427 0.85378 0.0296467 0 0.966441 12544.3 12032.2 512.028 0 -30.7851 -31.2984 2 17427.9 365.647 8551 9.98457e-05
17200 0.880258 0.851959 0.028299 0 0.967852 12632.4 12117.4 514.933 0 -30.7911 -31.6395 2 17527.9 366.695 8601 9.90535e-05
17300 0.927044 0.897184 0.0298597 0 0.96779 12725.1 12207.2 517.982 0 -30.7935 -31.1137 2 17627.9 367.739 8651 0.000103709
17400 0.855679 0.828785 0.0268946 0 0.968569 12811 12290 520.926 0 -30.798 -31.4697 2 17727.9 368.781 8701 9.52517e-05
17500 0.828004 0.79973 0.0282744 0 0.965852 12893.8 12370 523.749 0 -30.8029 -31.566 2 17827.9 369.82 8751 9.13873e-05
17600 0.7901 0.766347 0.0237531 0 0.969937 12973 12446.6 526.333 0 -30.8092 -31.8392 2 17927.9 370.855 8801 8.7075e-05
17700 0.777137 0.752714 0.0244234 0 0.968573 13050.7 12521.9 528.791 0 -30.816 -31.9409 2 18027.9 371.888 8851 8.50428e-05
17800 0.809867 0.783005 0.0268616 0 0.966832 13131.6 12600.2 531.402 0 -30.8231 -31.9758 2 18127.9 372.918 8901 8.79683e-05
17900 0.807193 0.781076 0.0261164 0 0.967645 13212.3 12678.3 534.023 0 -30.8291 -31.8072 2 18227.9 373.945 8951 8.72613e-05
18000 0.834879 0.807428 0.0274512 0 0.967119 13295.7 12759.1 536.629 0 -30.8359 -31.9127 2 18327.9 374.97 9001 8.97042e-05
18100 0.881317 0.852474 0.0288426 0 0.967273 13383.7 12844.3 539.394 0 -30.84 -31.4508 2 18427.9 375.991 9051 9.41857e-05
18200 0.962499 0.931659 0.0308404 0 0.967958 13480.1 12937.5 542.626 0 -30.8425 -31.1913 2 18527.9 377.01 9101 0.000102369
18300 0.867153 0.838992 0.0281618 0 0.967524 13567 13021.4 545.573 0 -30.8484 -31.7641 2 18627.9 378.026 9151 9.1683e-05
18400 0.874939 0.845484 0.029455 0 0.966335 13654.4 13105.9 548.492 0 -30.8525 -31.4962 2 18727.9 379.039 9201 9.18904e-05
18500 0.856062 0.827005 0.0290568 0 0.966058 13740.1 13188.6 551.479 0 -30.8573 -31.6159 2 18827.9 380.05 9251 8.93963e-05
18600 0.879219 0.852462 0.0267576 0 0.969567 13828.4 13273.9 554.57 0 -30.862 -31.5918 2 18927.9 381.058 9301 9.16527e-05
18700 0.803175 0.777682 0.0254926 0 0.96826 13908.9 13351.6 557.242 0 -30.8695 -32.1524 2 19027.9 382.063 9351 8.31657e-05
18800 0.808976 0.782929 0.0260473 0 0.967802 13989.9 13429.9 559.957 0 -30.8771 -32.1881 2 19127.9 383.066 9401 8.32815e-05
18900 0.846626 0.820294 0.0263319 0 0.968898 14074.8 13512 562.811 0 -30.883 -31.8613 2 19227.9 384.066 9451 8.67944e-05
19000 0.811106 0.787213 0.0238929 0 0.970543 14156.2 13590.7 565.532 0 -30.8902 -32.1333 2 19327.9 385.063 9501 8.28558e-05
19100 0.819711 0.790571 0.0291398 0 0.964451 14238 13669.7 568.26 0 -30.8968 -32.0322 2 19427.9 386.058 9551 8.27737e-05
19200 0.876074 0.844826 0.0312485 0 0.964331 14325.7 13754.2 571.44 0 -30.9003 -31.4758 2 19527.9 387.051 9601 8.79935e-05
19300 0.799775 0.774071 0.0257045 0 0.96786 14405.9 13831.6 574.287 0 -30.9063 -31.9773 2 19627.9 388.04 9651 8.02063e-05
19400 0.782376 0.75881 0.0235661 0 0.969879 14484.1 13907.5 576.605 0 -30.9141 -32.3527 2 19727.9 389.027 9701 7.82198e-05
19500 0.827882 0.802347 0.0255348 0 0.969157 14566.9 13987.8 579.107 0 -30.9201 -31.9592 2 19827.9 390.012 9751 8.22836e-05
19600 0.836895 0.810308 0.0265865 0 0.968232 14650.5 14068.8 581.736 0 -30.9244 -31.6717 2 19927.9 390.994 9801 8.26761e-05
19700 0.856411 0.827193 0.0292182 0 0.965883 14736.1 14151.5 584.549 0 -30.9274 -31.4477 2 20027.9 391.974 9851 8.39705e-05
19800 0.800829 0.7756 0.025229 0 0.968496 14816.3 14229.1 587.198 0 -30.9322 -31.8099 2 20127.9 392.952 9901 7.83355e-05
19900 0.844934 0.81748 0.0274547 0 0.967507 14901 14310.8 590.188 0 -30.9346 -31.36 2 20227.9 393.927 9951 8.21505e-05
20000 0.877775 0.845966 0.0318086 0 0.963762 14988.7 14395.4 593.326 0 -30.9361 -31.1911 2 20327.9 394.899 10001 8.45882e-05
