100 0.330587 0.302385 0.0282024 0 0.91469 31.9732 30.2385 1.73468 0 -25.5167 -25.5167 1 426.882 57.2261 101 0.00299391
200 0.487777 0.452244 0.0355332 0 0.927153 80.592 75.4629 5.12917 0 -26.3955 -26.9734 1 526.882 63.5765 201 0.00224997
300 0.513752 0.473744 0.0400077 0 0.922126 131.729 122.837 8.89159 0 -26.8852 -27.6571 1 626.882 69.3478 301 0.0015739
400 0.659447 0.611737 0.0477105 0 0.927651 197.405 184.011 13.394 0 -27.3 -28.1319 1 726.882 74.6744 401 0.00152553
500 0.710532 0.657622 0.05291 0 0.925535 268.268 249.773 18.4949 0 -27.3612 -27.5318 1 826.882 79.6456 501 0.00131262
600 0.788164 0.732415 0.0557491 0 0.929267 346.918 323.015 23.9035 0 -27.3798 -27.4433 1 926.882 84.3242 601 0.00121866
700 0.81672 0.762806 0.0539134 0 0.933988 428.583 399.295 29.2878 0 -27.4677 -27.8408 1 1026.88 88.7565 701 0.00108817
800 0.980332 0.916385 0.0639469 0 0.93477 526.164 490.934 35.2306 0 -27.5666 -28.0014 1 1126.88 92.9778 801 0.00114405
900 0.972731 0.91854 0.0541909 0 0.94429 624.12 582.788 41.3323 0 -27.6046 -27.8087 1 1226.88 97.0156 901 0.00101947
1000 0.961416 0.905432 0.0559845 0 0.941769 720.583 673.331 47.2521 0 -27.7036 -28.344 1 1326.88 100.892 1001 0.000904527
1100 1.03249 0.970587 0.061908 0 0.94004 823.558 770.39 53.1688 0 -27.7337 -27.9444 1 1426.88 104.625 1101 0.00088155
1200 1.04428 0.988499 0.0557782 0 0.946587 928.365 869.24 59.1259 0 -27.7625 -27.9884 1 1526.88 108.229 1201 0.000823064
1300 1.02409 0.966712 0.0573812 0 0.943969 1030.75 965.911 64.8438 0 -27.8268 -28.4101 1 1626.88 111.717 1301 0.000743053
1400 1.00163 0.946851 0.0547802 0 0.945309 1131.04 1060.6 70.4451 0 -27.8941 -28.5857 1 1726.88 115.099 1401 0.000675839
1500 1.02787 0.975215 0.0526551 0 0.948773 1234.13 1158.12 76.0112 0 -27.9647 -28.7393 1 1826.88 118.385 1501 0.00064971
1600 1.01921 0.968515 0.0506917 0 0.950264 1336.41 1254.97 81.444 0 -28.0542 -29.1346 1 1926.88 121.582 1601 0.000604944
1700 1.05502 0.998405 0.0566167 0 0.946336 1441.73 1354.81 86.9159 0 -28.119 -28.9411 1 2026.88 124.696 1701 0.000586952
1800 1.15795 1.09822 0.0597226 0 0.948424 1557.5 1464.63 92.8727 0 -28.1721 -28.8332 1 2126.88 127.736 1801 0.000609786
1900 1.14515 1.08705 0.0580997 0 0.949264 1671.99 1573.34 98.6577 0 -28.2552 -29.3849 1 2226.88 130.704 1901 0.000571829
2000 1.17423 1.10982 0.0644056 0 0.945151 1789.03 1684.32 104.713 0 -28.3033 -28.9909 1 2326.88 133.606 2001 0.000554634
2100 1.22037 1.15703 0.06334 0 0.948098 1911.39 1800.02 111.367 0 -28.3594 -29.1792 1 2426.88 136.447 2101 0.000550703
2200 1.26458 1.19579 0.0687864 0 0.945605 2037.85 1919.6 118.252 0 -28.3949 -28.9328 1 2526.88 139.23 2201 0.000543294
2300 1.16796 1.10496 0.0630003 0 0.946059 2154.67 2030.1 124.579 0 -28.4171 -28.8042 1 2626.88 141.958 2301 0.000480207
2400 1.26341 1.19747 0.0659428 0 0.947806 2281.07 2149.84 131.222 0 -28.465 -29.2812 1 2726.88 144.635 2401 0.000498738
2500 1.22978 1.16852 0.0612582 0 0.950188 2404.17 2266.7 137.47 0 -28.5183 -29.5066 1 2826.88 147.263 2501 0.000467222
2600 1.21727 1.15554 0.0617356 0 0.949284 2525.76 2382.25 143.509 0 -28.5661 -29.51 1 2926.88 149.845 2601 0.000444267
2700 1.27599 1.21214 0.0638496 0 0.949961 2653.1 2503.46 149.632 0 -28.6092 -29.4642 1 3026.88 152.383 2701 0.000448776
2800 1.29732 1.23421 0.0631107 0 0.951353 2782.75 2626.88 155.87 0 -28.6578 -29.6522 1 3126.88 154.88 2801 0.000440633
2900 1.20189 1.14968 0.0522141 0 0.956557 2903.65 2741.85 161.802 0 -28.7125 -29.9718 1 3226.88 157.337 2901 0.000396305
3000 1.32978 1.26612 0.0636611 0 0.952127 3036.27 2868.46 167.802 0 -28.7615 -29.8336 1 3326.88 159.757 3001 0.000421899
3100 1.35967 1.30218 0.0574899 0 0.957718 3172.78 2998.68 174.093 0 -28.7987 -29.6259 1 3426.88 162.14 3101 0.000419922
3200 1.27879 1.225 0.0537885 0 0.957938 3301.03 3121.18 179.844 0 -28.8327 -29.6754 1 3526.88 164.488 3201 0.000382693
3300 1.29857 1.24192 0.0566489 0 0.956376 3430.65 3245.38 185.275 0 -28.87 -29.8188 1 3626.88 166.804 3301 0.000376227
3400 1.32308 1.2673 0.0557787 0 0.957842 3563.06 3372.11 190.95 0 -28.9132 -30.0339 1 3726.88 169.088 3401 0.000372626
3500 1.32514 1.26915 0.0559822 0 0.957754 3695.44 3499.02 196.416 0 -28.9627 -30.2946 1 3826.88 171.342 3501 0.000362512
3600 1.30434 1.25005 0.0542906 0 0.958377 3826.09 3624.03 202.067 0 -29.0078 -30.282 1 3926.88 173.566 3601 0.000347138
3700 1.32945 1.27205 0.0573974 0 0.956826 3959.07 3751.23 207.84 0 -29.0604 -30.5737 1 4026.88 175.762 3701 0.000343705
3800 1.24378 1.19137 0.05241 0 0.957862 4083.59 3870.37 213.227 0 -29.1017 -30.417 1 4126.88 177.931 3801 0.000313436
3900 1.28881 1.2322 0.0566183 0 0.956069 4212.12 3993.59 218.531 0 -29.1381 -30.2927 1 4226.88 180.074 3901 0.000315867
4000 1.26579 1.21902 0.0467713 0 0.96305 4339.27 4115.49 223.785 0 -29.1811 -30.6079 1 4326.88 182.191 4001 0.000304678
4100 1.35522 1.29796 0.0572587 0 0.957749 4474.33 4245.28 229.046 0 -29.2038 -29.9318 1 4426.88 184.285 4101 0.000316498
4200 1.38715 1.33257 0.0545893 0 0.960647 4613.52 4378.54 234.975 0 -29.2312 -30.111 1 4526.88 186.354 4201 0.000317202
4300 1.40168 1.34365 0.0580386 0 0.958594 4753.62 4512.91 240.711 0 -29.2625 -30.2958 1 4626.88 188.401 4301 0.000312403
4400 1.34162 1.28722 0.0543993 0 0.959452 4887.97 4641.63 246.344 0 -29.2964 -30.4954 1 4726.88 190.427 4401 0.000292483
4500 1.30658 1.25665 0.0499248 0 0.96179 5018.95 4767.29 251.656 0 -29.3314 -30.6375 1 4826.88 192.43 4501 0.000279195
4600 1.38216 1.32682 0.055341 0 0.959961 5157.01 4899.97 257.032 0 -29.356 -30.2499 1 4926.88 194.413 4601 0.000288376
4700 1.32539 1.27382 0.0515646 0 0.961095 5289.65 5027.36 262.289 0 -29.383 -30.4329 1 5026.88 196.376 4701 0.000270968
4800 1.35826 1.30328 0.0549798 0 0.959522 5425.44 5157.68 267.752 0 -29.4151 -30.6653 1 5126.88 198.32 4801 0.00027146
4900 1.33096 1.27676 0.0541986 0 0.959278 5558.53 5285.36 273.169 0 -29.4426 -30.5635 1 5226.88 200.245 4901 0.00026051
5000 1.35556 1.29825 0.0573166 0 0.957717 5693.97 5415.18 278.783 0 -29.4686 -30.5348 1 5326.88 202.151 5001 0.000259598
5100 1.40397 1.3458 0.0581739 0 0.958565 5834.43 5549.76 284.661 0 -29.4975 -30.6698 1 5426.88 204.04 5101 0.00026383
5200 1.37996 1.32095 0.0590049 0 0.957241 5972.32 5681.86 290.464 0 -29.5241 -30.6497 1 5526.88 205.911 5201 0.00025398
5300 1.38476 1.32941 0.0553503 0 0.960029 6111.09 5814.8 296.294 0 -29.5536 -30.8228 1 5626.88 207.766 5301 0.000250784
5400 1.3566 1.30074 0.055862 0 0.958822 6246.81 5944.87 301.94 0 -29.5814 -30.8333 1 5726.88 209.604 5401 0.000240833
5500 1.39607 1.33549 0.0605826 0 0.956605 6386.19 6078.42 307.763 0 -29.6035 -30.5932 1 5826.88 211.426 5501 0.000242772
5600 1.43694 1.37275 0.0641979 0 0.955323 6529.54 6215.7 313.843 0 -29.6224 -30.463 1 5926.88 213.232 5601 0.00024509
5700 1.48265 1.4183 0.0643544 0 0.956595 6677.68 6357.53 320.15 0 -29.6411 -30.4673 1 6026.88 215.024 5701 0.000248781
5800 1.45382 1.39276 0.0610571 0 0.958002 6822.96 6496.8 326.152 0 -29.6621 -30.6259 1 6126.88 216.8 5801 0.00024009
5900 1.40464 1.34996 0.0546722 0 0.961077 6963.5 6631.8 331.701 0 -29.6865 -30.8719 1 6226.88 218.562 5901 0.000228769
6000 1.45449 1.39621 0.0582754 0 0.959934 7108.68 6771.42 337.256 0 -29.7027 -30.4813 1 6326.88 220.31 6001 0.000232664
6100 1.43046 1.37259 0.0578656 0 0.959547 7251.72 6908.68 343.04 0 -29.7181 -30.4824 1 6426.88 222.045 6101 0.000224978
6200 1.40102 1.34297 0.058054 0 0.958563 7391.58 7042.98 348.6 0 -29.7381 -30.7769 1 6526.88 223.765 6201 0.000216573
6300 1.42836 1.37694 0.0514128 0 0.964006 7534.89 7180.67 354.219 0 -29.76 -30.8896 1 6626.88 225.473 6301 0.000218528
6400 1.47871 1.42554 0.0531702 0 0.964043 7682.99 7323.23 359.763 0 -29.7829 -30.9475 1 6726.88 227.168 6401 0.000222707
6500 1.4616 1.40368 0.0579188 0 0.960373 7829.14 7463.59 365.548 0 -29.7999 -30.692 1 6826.88 228.85 6501 0.000215918
6600 1.44734 1.38543 0.0619075 0 0.957227 7973.62 7602.14 371.479 0 -29.8138 -30.5693 1 6926.88 230.52 6601 0.000209882
6700 1.50501 1.44588 0.0591233 0 0.960716 8124.19 7746.73 377.464 0 -29.8339 -30.8963 1 7026.88 232.178 6701 0.000215771
6800 1.48389 1.42321 0.0606786 0 0.959108 8272.35 7889.05 383.307 0 -29.8515 -30.8141 1 7126.88 233.824 6801 0.000209265
6900 1.49868 1.44086 0.057829 0 0.961413 8422.56 8033.13 389.428 0 -29.8659 -30.6633 1 7226.88 235.459 6901 0.000208789
7000 1.54524 1.48692 0.0583177 0 0.96226 8577.45 8181.83 395.626 0 -29.883 -30.8096 1 7326.88 237.083 7001 0.000212387
7100 1.48102 1.42717 0.0538458 0 0.963643 8726.11 8324.54 401.569 0 -29.9011 -30.9493 1 7426.88 238.695 7101 0.000200982
7200 1.50432 1.44156 0.0627622 0 0.958279 8876.29 8468.7 407.588 0 -29.9159 -30.7731 1 7526.88 240.297 7201 0.000200189
7300 1.46421 1.41115 0.0530574 0 0.963764 9023.09 8609.81 413.272 0 -29.9347 -31.069 1 7626.88 241.888 7301 0.000193282
7400 1.46461 1.40885 0.0557577 0 0.96193 9169.58 8750.7 418.88 0 -29.9536 -31.1197 1 7726.88 243.468 7401 0.00019036
7500 1.43432 1.38274 0.0515806 0 0.964038 9313.38 8888.97 424.409 0 -29.9763 -31.4273 1 7826.88 245.039 7501 0.000184341
7600 1.39703 1.3457 0.051331 0 0.963257 9453.21 9023.54 429.668 0 -29.9954 -31.2677 1 7926.88 246.599 7601 0.000177043
7700 1.38362 1.33737 0.0462532 0 0.966571 9591.93 9157.28 434.652 0 -30.0164 -31.4446 1 8026.88 248.15 7701 0.000173662
7800 1.49757 1.44179 0.055789 0 0.962747 9741.62 9301.46 440.164 0 -30.0296 -30.8777 1 8126.88 249.691 7801 0.000184821
7900 1.40739 1.35895 0.0484342 0 0.965586 9882.79 9437.35 445.434 0 -30.0455 -31.1391 1 8226.88 251.222 7901 0.000171998
8000 1.44228 1.38851 0.0537717 0 0.962718 10026.8 9576.2 450.583 0 -30.0608 -31.1116 1 8326.88 252.744 8001 0.000173542
8100 1.38707 1.33748 0.0495871 0 0.964251 10165.6 9709.95 455.65 0 -30.0799 -31.4618 1 8426.88 254.257 8101 0.000165101
8200 1.45385 1.39922 0.0546312 0 0.962423 10311 9849.88 461.122 0 -30.0939 -31.07 1 8526.88 255.762 8201 0.000170616
8300 1.42963 1.37209 0.0575432 0 0.95975 10453.7 9987.08 466.568 0 -30.107 -31.0519 1 8626.88 257.257 8301 0.000165292
8400 1.49922 1.44369 0.0555321 0 0.962959 10604 10131.5 472.566 0 -30.12 -31.0242 1 8726.88 258.744 8401 0.000171848
8500 1.45359 1.39475 0.0588347 0 0.959524 10749.2 10270.9 478.225 0 -30.1291 -30.7957 1 8826.88 260.222 8501 0.000164069
8600 1.50988 1.44928 0.0606 0 0.959864 10900.2 10415.9 484.342 0 -30.1402 -30.9283 1 8926.88 261.692 8601 0.000168502
8700 1.44601 1.38721 0.0588075 0 0.959331 11044.8 10554.6 490.252 0 -30.1472 -30.678 1 9026.88 263.153 8701 0.000159431
8800 1.4465 1.38991 0.0565892 0 0.960879 11189.7 10693.6 496.118 0 -30.1548 -30.736 1 9126.88 264.607 8801 0.000157926
8900 1.4667 1.41014 0.0565608 0 0.961437 11336.4 10834.6 501.84 0 -30.1667 -31.0711 1 9226.88 266.053 8901 0.000158425
9000 1.48651 1.4298 0.0567157 0 0.961846 11485.3 10977.6 507.745 0 -30.1789 -31.109 1 9326.88 267.49 9001 0.000158849
9100 1.52433 1.46164 0.0626909 0 0.958873 11637.2 11123.7 513.447 0 -30.1907 -31.0859 1 9426.88 268.921 9101 0.000160603
9200 1.5345 1.47707 0.0574241 0 0.962578 11790.9 11271.4 519.43 0 -30.2044 -31.2382 1 9526.88 270.343 9201 0.000160534
9300 1.54907 1.49545 0.0536159 0 0.965388 11946.3 11421 525.299 0 -30.2163 -31.1188 1 9626.88 271.758 9301 0.000160784
9400 1.52303 1.46528 0.0577528 0 0.96208 12098.6 11567.5 531.103 0 -30.2297 -31.2818 1 9726.88 273.166 9401 0.000155864
9500 1.53787 1.47828 0.0595886 0 0.961252 12252.5 11715.3 537.169 0 -30.2421 -31.2158 1 9826.88 274.567 9501 0.000155592
9600 1.55836 1.49749 0.0608733 0 0.960938 12408.3 11865.1 543.244 0 -30.2536 -31.1593 1 9926.88 275.96 9601 0.000155972
9700 1.58282 1.5198 0.0630258 0 0.960181 12566.5 12017.1 549.409 0 -30.264 -31.0754 1 10026.9 277.347 9701 0.000156664
9800 1.52343 1.46531 0.0581166 0 0.961851 12719.1 12163.6 555.515 0 -30.2754 -31.2215 1 10126.9 278.726 9801 0.000149506
9900 1.512 1.45881 0.0531841 0 0.964825 12871 12309.5 561.527 0 -30.289 -31.4219 1 10226.9 280.099 9901 0.00014734
10000 1.46755 1.41054 0.0570109 0 0.961152 13017.5 12450.5 566.945 0 -30.2988 -31.1645 1 10326.9 281.465 10001 0.000141039
10100 1.51968 1.46905 0.0506286 0 0.966685 13169.9 12597.4 572.514 0 -30.3093 -31.2056 1 10426.9 282.825 10101 0.000145436
10200 1.5149 1.46126 0.0536457 0 0.964588 13321.4 12743.6 577.814 0 -30.3201 -31.2536 1 10526.9 284.178 10201 0.000143247
10300 1.59357 1.53553 0.0580418 0 0.963577 13480.8 12897.1 583.681 0 -30.3339 -31.4919 1 10626.9 285.524 10301 0.000149066
10400 1.5496 1.491 0.0586005 0 0.962183 13635.7 13046.2 589.506 0 -30.3461 -31.4064 1 10726.9 286.865 10401 0.000143351
10500 1.59117 1.52814 0.0630335 0 0.960385 13794.7 13199 595.625 0 -30.3576 -31.3485 1 10826.9 288.199 10501 0.000145523
10600 1.62002 1.56138 0.0586378 0 0.963804 13957.1 13355.2 601.938 0 -30.3678 -31.2272 1 10926.9 289.526 10601 0.000147287
10700 1.56377 1.50512 0.0586488 0 0.962495 14113.6 13505.7 607.883 0 -30.3788 -31.3662 1 11026.9 290.848 10701 0.000140652
10800 1.56348 1.5038 0.0596777 0 0.96183 14269.9 13656.1 613.841 0 -30.3885 -31.2638 1 11126.9 292.164 10801 0.000139228
10900 1.61639 1.55041 0.0659845 0 0.959178 14431.1 13811.1 619.969 0 -30.3956 -31.0215 1 11226.9 293.474 10901 0.000142226
11000 1.65024 1.58837 0.061864 0 0.962512 14596.1 13969.9 626.186 0 -30.4028 -31.0365 1 11326.9 294.778 11001 0.000144385
11100 1.60668 1.54487 0.061812 0 0.961528 14756.6 14124.4 632.195 0 -30.4107 -31.1287 1 11426.9 296.076 11101 0.000139165
11200 1.72863 1.6584 0.0702252 0 0.959375 14929.5 14290.3 639.225 0 -30.4201 -31.2161 1 11526.9 297.369 11201 0.000148058
11300 1.66407 1.59711 0.0669646 0 0.959759 15095.8 14450 645.869 0 -30.4285 -31.1892 1 11626.9 298.656 11301 0.000141324
11400 1.65148 1.58957 0.0619086 0 0.962513 15261.3 14608.9 652.395 0 -30.4381 -31.3124 1 11726.9 299.938 11401 0.000139423
11500 1.64148 1.58016 0.0613128 0 0.962648 15425.6 14766.9 658.695 0 -30.4489 -31.4481 1 11826.9 301.214 11501 0.000137394
11600 1.65703 1.59387 0.063165 0 0.961881 15591.2 14926.3 664.863 0 -30.4591 -31.4098 1 11926.9 302.485 11601 0.000137391
11700 1.71914 1.65607 0.0630714 0 0.963312 15763.2 15091.9 671.286 0 -30.4673 -31.2091 1 12026.9 303.75 11701 0.000141532
11800 1.65549 1.5925 0.0629845 0 0.961954 15928.7 15251.2 677.554 0 -30.4759 -31.2954 1 12126.9 305.01 11801 0.000134946
11900 1.7202 1.65929 0.06091 0 0.964591 16101 15417.1 683.837 0 -30.4868 -31.4961 1 12226.9 306.265 11901 0.000139425
12000 1.63231 1.57265 0.0596518 0 0.963456 16264 15574.4 689.622 0 -30.4975 -31.5556 1 12326.9 307.515 12001 0.000131044
12100 1.56017 1.51015 0.0500203 0 0.967939 16420.5 15725.4 695.104 0 -30.5104 -31.8534 1 12426.9 308.76 12101 0.000124796
12200 1.50194 1.45507 0.0468632 0 0.968798 16571 15870.9 700.061 0 -30.5243 -32.0364 1 12526.9 310 12201 0.000119259
12300 1.57908 1.52783 0.0512449 0 0.967548 16729 16023.7 705.334 0 -30.5347 -31.6234 1 12626.9 311.235 12301 0.000124204
12400 1.60279 1.55044 0.0523488 0 0.967339 16889.6 16178.7 710.848 0 -30.5468 -31.8147 1 12726.9 312.465 12401 0.000125026
12500 1.50294 1.4538 0.0491435 0 0.967302 17040 16324.1 715.882 0 -30.5614 -32.1998 1 12826.9 313.69 12501 0.000116295
12600 1.50625 1.45566 0.050593 0 0.966411 17190.6 16469.7 720.882 0 -30.5729 -31.866 1 12926.9 314.91 12601 0.000115519
12700 1.51955 1.47453 0.0450243 0 0.97037 17342.9 16617.1 725.751 0 -30.5841 -31.8516 1 13026.9 316.126 12701 0.000116095
12800 1.54822 1.49778 0.0504372 0 0.967422 17497.6 16766.9 730.657 0 -30.5916 -31.4378 1 13126.9 317.337 12801 0.000117005
12900 1.59197 1.53569 0.0562794 0 0.964648 17656.6 16920.5 736.106 0 -30.5983 -31.3282 1 13226.9 318.544 12901 0.000119037
13000 1.54712 1.49482 0.0522965 0 0.966197 17811.5 17070 741.565 0 -30.6064 -31.533 1 13326.9 319.745 13001 0.000114977
13100 1.59832 1.53564 0.0626854 0 0.96078 17970.8 17223.5 747.265 0 -30.6129 -31.3378 1 13426.9 320.943 13101 0.000117215
13200 1.64791 1.58831 0.0595959 0 0.963835 18135.9 17382.4 753.53 0 -30.6205 -31.4491 1 13526.9 322.136 13201 0.000120317
13300 1.65827 1.59589 0.0623764 0 0.962385 18301.7 17541.9 759.751 0 -30.6271 -31.3539 1 13626.9 323.324 13301 0.000119983
13400 1.57161 1.51587 0.0557367 0 0.964535 18459.2 17693.5 765.705 0 -30.6359 -31.6564 1 13726.9 324.508 13401 0.000113117
13500 1.55858 1.50102 0.0575663 0 0.963065 18615 17843.6 771.326 0 -30.6456 -31.7905 1 13826.9 325.688 13501 0.000111178
13600 1.64284 1.57927 0.0635735 0 0.961303 18778.8 18001.6 777.252 0 -30.653 -31.496 1 13926.9 326.864 13601 0.000116114
13700 1.5624 1.50684 0.0555623 0 0.964438 18935.4 18152.2 783.111 0 -30.6616 -31.692 1 14026.9 328.035 13701 0.00010998
13800 1.57365 1.51298 0.0606692 0 0.961447 19092.6 18303.5 789.032 0 -30.6688 -31.5362 1 14126.9 329.203 13801 0.000109628
13900 1.61537 1.55214 0.0632303 0 0.960857 19254 18458.8 795.202 0 -30.676 -31.5316 1 14226.9 330.366 13901 0.000111657
14000 1.67206 1.6058 0.0662653 0 0.960369 19420.7 18619.3 801.38 0 -30.6825 -31.4308 1 14326.9 331.525 14001 0.000114692
14100 1.71083 1.6483 0.0625305 0 0.96345 19592.1 18784.2 807.953 0 -30.6889 -31.418 1 14426.9 332.68 14101 0.000116893
14200 1.59624 1.53967 0.0565625 0 0.964565 19752 18938.1 813.82 0 -30.6968 -31.659 1 14526.9 333.831 14201 0.00010842
14300 1.57793 1.52364 0.054295 0 0.965591 19910.1 19090.5 819.576 0 -30.7053 -31.773 1 14626.9 334.978 14301 0.000106541
14400 1.57953 1.52451 0.0550273 0 0.965162 20068.2 19242.9 825.207 0 -30.7151 -31.9482 1 14726.9 336.121 14401 0.000105861
14500 1.61028 1.55689 0.053392 0 0.966843 20229.3 19398.6 830.648 0 -30.7215 -31.5158 1 14826.9 337.26 14501 0.000107364
14600 1.56733 1.51391 0.0534215 0 0.965916 20386 19550 836.02 0 -30.7277 -31.5277 1 14926.9 338.396 14601 0.000103685
14700 1.55704 1.49963 0.0574081 0 0.96313 20541.4 19700 841.419 0 -30.735 -31.6958 1 15026.9 339.527 14701 0.000102009
14800 1.53429 1.48182 0.0524632 0 0.965806 20694.9 19848.2 846.719 0 -30.7442 -31.9724 1 15126.9 340.655 14801 0.000100117
14900 1.53976 1.48943 0.0503375 0 0.967308 20849.1 19997.1 852.003 0 -30.7522 -31.8235 1 15226.9 341.779 14901 9.99548e-05
15000 1.67938 1.61878 0.0606005 0 0.963915 21017.1 20159 858.075 0 -30.7575 -31.4203 1 15326.9 342.9 15001 0.000107911
15100 1.61638 1.55707 0.059315 0 0.963304 21178.7 20314.7 864.02 0 -30.7643 -31.6501 1 15426.9 344.016 15101 0.00010311
15200 1.63925 1.57682 0.0624372 0 0.961911 21342.4 20472.4 870.035 0 -30.7702 -31.53 1 15526.9 345.13 15201 0.000103731
15300 1.76413 1.69614 0.0679907 0 0.961459 21518.6 20642 876.583 0 -30.7746 -31.3053 1 15626.9 346.239 15301 0.000110852
15400 1.70205 1.64259 0.0594638 0 0.965063 21689.2 20806.3 882.979 0 -30.7802 -31.4847 1 15726.9 347.345 15401 0.000106655
15500 1.66515 1.60464 0.0605168 0 0.963657 21855.9 20966.7 889.182 0 -30.7868 -31.6461 1 15826.9 348.448 15501 0.000103518
15600 1.67015 1.61387 0.0562778 0 0.966304 22023.4 21128.1 895.284 0 -30.7934 -31.6512 1 15926.9 349.547 15601 0.000103446
15700 1.66713 1.61008 0.0570478 0 0.965781 22190.2 21289.1 901.066 0 -30.8013 -31.8525 1 16026.9 350.643 15701 0.000102546
15800 1.70266 1.64508 0.0575766 0 0.966184 22360.6 21453.6 906.95 0 -30.8096 -31.8825 1 16126.9 351.735 15801 0.000104112
15900 1.67108 1.61769 0.0533908 0 0.96805 22528.1 21615.4 912.724 0 -30.8194 -32.138 1 16226.9 352.824 15901 0.000101735
16000 1.62816 1.57426 0.0538961 0 0.966897 22691.2 21772.8 918.391 0 -30.828 -32.0054 1 16326.9 353.909 16001 9.83851e-05
16100 1.55406 1.50385 0.0502036 0 0.967695 22846.7 21923.2 923.483 0 -30.8367 -32.1115 1 16426.9 354.991 16101 9.34013e-05
16200 1.58862 1.5318 0.0568256 0 0.96423 23005 22076.4 928.666 0 -30.8436 -31.8391 1 16526.9 356.07 16201 9.45494e-05
16300 1.57637 1.52393 0.0524416 0 0.966733 23162.8 22228.8 933.995 0 -30.8519 -32.0674 1 16626.9 357.146 16301 9.34867e-05
16400 1.54316 1.49206 0.0510981 0 0.966887 23317 22378 939.058 0 -30.8597 -32.0243 1 16726.9 358.218 16401 9.09737e-05
16500 1.61434 1.55972 0.0546146 0 0.966169 23478.2 22534 944.241 0 -30.8671 -31.9398 1 16826.9 359.287 16501 9.4523e-05
16600 1.70963 1.65503 0.0546004 0 0.968063 23649.5 22699.5 950.06 0 -30.8731 -31.692 1 16926.9 360.353 16601 9.96944e-05
16700 1.67236 1.61438 0.0579724 0 0.965335 23816.7 22860.9 955.811 0 -30.8792 -31.7424 1 17026.9 361.416 16701 9.66639e-05
16800 1.76672 1.70104 0.0656783 0 0.962825 23993.2 23031 962.228 0 -30.8839 -31.5153 1 17126.9 362.476 16801 0.000101246
16900 1.65316 1.59194 0.0612151 0 0.962971 24158.5 23190.2 968.285 0 -30.8891 -31.6433 1 17226.9 363.533 16901 9.41921e-05
17000 1.61134 1.555 0.0563335 0 0.965039 24319.6 23345.7 973.933 0 -30.8963 -31.9809 1 17326.9 364.586 17001 9.14655e-05
17100 1.72182 1.66283 0.0589966 0 0.965736 24492 23512 980.012 0 -30.9012 -31.5977 1 17426.9 365.637 17101 9.72356e-05
17200 1.7437 1.6858 0.0579014 0 0.966794 24666.8 23680.6 986.237 0 -30.9085 -31.9338 1 17526.9 366.684 17201 9.80057e-05
17300 1.61049 1.55592 0.0545705 0 0.966115 24827.9 23836.1 991.738 0 -30.9166 -32.1567 1 17626.9 367.729 17301 8.99321e-05
17400 1.64626 1.58219 0.0640633 0 0.961085 24991.7 23994.4 997.31 0 -30.9224 -31.7987 1 17726.9 368.771 17401 9.09254e-05
17500 1.71572 1.65416 0.0615603 0 0.96412 25163 24159.8 1003.2 0 -30.9279 -31.7237 1 17826.9 369.809 17501 9.45182e-05
17600 1.72847 1.66799 0.0604803 0 0.965009 25336 24326.6 1009.44 0 -30.933 -31.676 1 17926.9 370.845 17601 9.47668e-05
17700 1.64888 1.59435 0.0545258 0 0.966932 25501.3 24486 1015.27 0 -30.9392 -31.8993 1 18026.9 371.878 17701 9.00714e-05
17800 1.71753 1.65937 0.0581676 0 0.966133 25673.1 24652 1021.17 0 -30.9443 -31.6882 1 18126.9 372.908 17801 9.32175e-05
17900 1.70588 1.64748 0.0583991 0 0.965766 25843.7 24816.7 1027.03 0 -30.9498 -31.7869 1 18226.9 373.935 17901 9.20327e-05
18000 1.70451 1.64611 0.0583996 0 0.965738 26014.2 24981.3 1032.92 0 -30.9562 -31.9279 1 18326.9 374.959 18001 9.14453e-05
18100 1.69419 1.63545 0.0587379 0 0.96533 26183.8 25144.9 1038.94 0 -30.9622 -31.8703 1 18426.9 375.981 18101 9.03515e-05
18200 1.68902 1.63167 0.0573481 0 0.966046 26353 25308 1044.98 0 -30.9683 -31.9126 1 18526.9 377 18201 8.96472e-05
18300 1.62508 1.56955 0.0555337 0 0.965827 26515.5 25465 1050.57 0 -30.9746 -31.9995 1 18626.9 378.016 18301 8.5763e-05
18400 1.66394 1.60745 0.0564954 0 0.966047 26682.2 25625.7 1056.53 0 -30.9806 -31.9458 1 18726.9 379.029 18401 8.73566e-05
18500 1.72609 1.66239 0.0637084 0 0.963091 26854.6 25792 1062.64 0 -30.9859 -31.7993 1 18826.9 380.04 18501 8.98538e-05
18600 1.63587 1.57896 0.0569197 0 0.965205 27018.3 25949.9 1068.45 0 -30.9929 -32.146 1 18926.9 381.048 18601 8.48855e-05
18700 1.72605 1.66498 0.0610646 0 0.964622 27191.1 26116.4 1074.71 0 -30.9985 -31.8662 1 19026.9 382.053 18701 8.90317e-05
18800 1.67278 1.61177 0.0610137 0 0.963526 27358.1 26277.5 1080.61 0 -31.0046 -32.0095 1 19126.9 383.056 18801 8.57276e-05
18900 1.64689 1.59094 0.0559554 0 0.966024 27522.9 26436.6 1086.29 0 -31.0111 -32.086 1 19226.9 384.056 18901 8.41721e-05
19000 1.66921 1.60627 0.0629427 0 0.962292 27689.3 26597.3 1092.07 0 -31.0157 -31.7792 1 19326.9 385.053 19001 8.4536e-05
19100 1.6313 1.57568 0.055622 0 0.965903 27852.9 26754.8 1098.05 0 -31.0219 -32.0594 1 19426.9 386.048 19101 8.2492e-05
19200 1.58112 1.5287 0.052411 0 0.966852 28011.2 26907.7 1103.49 0 -31.0292 -32.3175 1 19526.9 387.041 19201 7.96159e-05
19300 1.5763 1.52001 0.0562897 0 0.96429 28168.4 27059.7 1108.68 0 -31.0362 -32.281 1 19626.9 388.03 19301 7.87528e-05
19400 1.64529 1.58741 0.0578778 0 0.964822 28332.9 27218.4 1114.46 0 -31.0407 -31.8144 1 19726.9 389.018 19401 8.18212e-05
19500 1.66197 1.60677 0.0552023 0 0.966785 28499.3 27379.1 1120.19 0 -31.0468 -32.0818 1 19826.9 390.002 19501 8.23943e-05
19600 1.61681 1.56491 0.0519015 0 0.967899 28661.2 27535.6 1125.58 0 -31.0524 -32.037 1 19926.9 390.985 19601 7.98384e-05
19700 1.71956 1.66129 0.05827 0 0.966113 28832.9 27701.7 1131.19 0 -31.0573 -31.887 1 20026.9 391.964 19701 8.43254e-05
19800 1.73291 1.67124 0.0616785 0 0.964408 29006.2 27868.9 1137.31 0 -31.0606 -31.6107 1 20126.9 392.942 19801 8.44016e-05
19900 1.78357 1.71701 0.066557 0 0.962683 29184.6 28040.6 1144.07 0 -31.0632 -31.4771 1 20226.9 393.917 19901 8.62776e-05
20000 1.77034 1.70133 0.0690073 0 0.96102 29361.5 28210.7 1150.78 0 -31.0654 -31.4241 1 20325.9 394.88 20000 8.50665e-05
