100 0.159342 0.14592 0.0134222 0 0.915765 15.4532 14.592 0.861233 0 -26.314 -26.314 2 427.882 57.293 51 0.00286117
200 0.271372 0.251376 0.0199958 0 0.926316 42.4096 39.7295 2.6801 0 -26.6036 -26.7697 2 527.882 63.6368 101 0.00248887
300 0.358199 0.332374 0.0258244 0 0.927905 78.1057 72.967 5.13872 0 -26.6182 -26.6356 2 627.882 69.4031 151 0.00220115
400 0.397922 0.366201 0.0317211 0 0.920283 117.601 109.587 8.01436 0 -26.7228 -26.9297 2 727.882 74.7258 201 0.00182189
500 0.433787 0.402879 0.0309086 0 0.928747 161.2 149.875 11.3248 0 -26.9701 -27.6371 2 827.882 79.6937 251 0.0016051
600 0.484892 0.451083 0.0338098 0 0.930274 209.583 194.983 14.5997 0 -27.097 -27.5199 2 927.882 84.3697 301 0.00149861
700 0.48109 0.449464 0.0316255 0 0.934263 257.966 239.93 18.0362 0 -27.3145 -28.2566 2 1027.88 88.7997 351 0.00128053
800 0.489892 0.460041 0.0298514 0 0.939065 307.078 285.934 21.1441 0 -27.5204 -28.6021 2 1127.88 93.019 401 0.00114723
900 0.487452 0.457429 0.0300233 0 0.938408 355.818 331.677 24.1418 0 -27.7003 -28.8334 2 1227.88 97.0551 451 0.00101425
1000 0.533444 0.505266 0.0281776 0 0.947178 409.402 382.203 27.199 0 -27.7949 -28.4231 2 1327.88 100.93 501 0.00100852
1100 0.449066 0.425883 0.0231835 0 0.948374 454.628 424.791 29.837 0 -27.9035 -28.8872 2 1427.88 104.661 551 0.000772927
1200 0.415192 0.391946 0.0232463 0 0.944011 496.093 463.986 32.1074 0 -27.989 -28.9261 2 1527.88 108.264 601 0.000652156
1300 0.479684 0.456779 0.0229051 0 0.95225 544.202 509.664 34.5381 0 -28.097 -29.2107 2 1627.88 111.751 651 0.000701657
1400 0.506408 0.475357 0.0310517 0 0.938683 594.368 557.2 37.1688 0 -28.157 -28.8075 2 1727.88 115.132 701 0.000678112
1500 0.558003 0.527526 0.0304772 0 0.945382 650.232 609.952 40.2803 0 -28.2355 -29.0705 2 1827.88 118.417 751 0.000702432
1600 0.515348 0.488277 0.0270715 0 0.94747 701.914 658.78 43.1342 0 -28.3113 -29.2653 2 1927.88 121.613 801 0.000609584
1700 0.539709 0.511788 0.027921 0 0.948267 755.944 709.959 45.9857 0 -28.3694 -29.1248 2 2027.88 124.727 851 0.000601396
1800 0.559545 0.532465 0.0270793 0 0.951605 812.154 763.205 48.9486 0 -28.4272 -29.2035 2 2127.88 127.766 901 0.000590972
1900 0.557923 0.528587 0.0293363 0 0.947419 867.799 816.064 51.7349 0 -28.5014 -29.5856 2 2227.88 130.733 951 0.000555822
2000 0.571561 0.544528 0.0270328 0 0.952704 925.134 870.517 54.6172 0 -28.6071 -30.2059 2 2327.88 133.635 1001 0.000543984
2100 0.529504 0.505076 0.0244285 0 0.953865 978.175 921.024 57.1503 0 -28.6869 -30.0785 2 2427.88 136.475 1051 0.000480567
2200 0.586622 0.557462 0.0291596 0 0.950292 1036.63 976.77 59.8576 0 -28.7309 -29.468 2 2527.88 139.257 1101 0.000506324
2300 0.596167 0.568125 0.0280418 0 0.952963 1096.38 1033.58 62.7963 0 -28.7654 -29.3637 2 2627.88 141.985 1151 0.000493592
2400 0.652173 0.622011 0.0301619 0 0.953752 1161.59 1095.78 65.803 0 -28.8177 -29.6963 2 2727.88 144.661 1201 0.000517911
2500 0.579991 0.55324 0.0267509 0 0.953877 1219.83 1151.11 68.7233 0 -28.8717 -29.9494 2 2827.88 147.289 1251 0.000442238
2600 0.560343 0.533487 0.0268564 0 0.952071 1276 1204.46 71.5401 0 -28.9255 -30.0943 2 2927.88 149.871 1301 0.000410059
2700 0.574995 0.550082 0.0249134 0 0.956672 1333.52 1259.46 74.0545 0 -28.962 -29.7722 2 3027.88 152.409 1351 0.000407166
2800 0.620533 0.592978 0.0275553 0 0.955594 1395.59 1318.76 76.829 0 -29.0072 -29.977 2 3127.88 154.905 1401 0.000423254
2900 0.637198 0.610017 0.0271809 0 0.957343 1459.58 1379.76 79.82 0 -29.0472 -29.9198 2 3227.88 157.362 1451 0.000420412
3000 0.60649 0.578588 0.0279024 0 0.953994 1520.17 1437.62 82.5437 0 -29.0857 -30.0143 2 3327.88 159.781 1501 0.000385468
3100 0.612996 0.585218 0.0277788 0 0.954684 1581.44 1496.14 85.2921 0 -29.1341 -30.3335 2 3427.88 162.163 1551 0.000377316
3200 0.585927 0.560335 0.0255921 0 0.956322 1640.14 1552.18 87.9598 0 -29.1821 -30.4773 2 3527.88 164.512 1601 0.000349991
3300 0.655033 0.626464 0.0285685 0 0.956386 1705.76 1614.82 90.9347 0 -29.2173 -30.0949 2 3627.88 166.827 1651 0.000379445
3400 0.602764 0.577508 0.0252566 0 0.958099 1766.23 1672.58 93.6531 0 -29.2456 -30.046 2 3727.88 169.111 1701 0.000339511
3500 0.589346 0.564849 0.0244974 0 0.958433 1825.26 1729.06 96.1986 0 -29.2848 -30.4551 2 3827.88 171.364 1751 0.000322586
3600 0.592657 0.569459 0.0231978 0 0.960858 1884.68 1786.01 98.6714 0 -29.316 -30.277 2 3927.88 173.588 1801 0.00031619
3700 0.619529 0.59456 0.0249685 0 0.959698 1946.74 1845.46 101.278 0 -29.3455 -30.2402 2 4027.88 175.784 1851 0.00032121
3800 0.606359 0.580014 0.0263452 0 0.956552 2007.48 1903.46 104.017 0 -29.3775 -30.402 2 4127.88 177.952 1901 0.00030511
3900 0.625001 0.597199 0.0278021 0 0.955517 2069.97 1963.18 106.782 0 -29.3858 -29.6539 2 4227.88 180.095 1951 0.000306099
4000 0.667877 0.636629 0.0312481 0 0.953213 2136.72 2026.85 109.873 0 -29.388 -29.456 2 4327.88 182.212 2001 0.000318155
4100 0.670611 0.638266 0.0323455 0 0.951767 2203.73 2090.67 113.052 0 -29.4043 -29.9249 2 4427.88 184.305 2051 0.000311197
4200 0.686979 0.657057 0.0299217 0 0.956444 2272.66 2156.38 116.28 0 -29.4164 -29.8016 2 4527.88 186.375 2101 0.000312735
4300 0.687652 0.652124 0.0355281 0 0.948334 2341.03 2221.59 119.436 0 -29.4238 -29.6712 2 4627.88 188.422 2151 0.000303172
4400 0.742491 0.708811 0.0336798 0 0.954639 2415.37 2292.47 122.9 0 -29.4457 -30.1341 2 4727.88 190.447 2201 0.00032204
4500 0.765054 0.732214 0.0328394 0 0.957076 2492.06 2365.69 126.364 0 -29.4679 -30.1693 2 4827.88 192.45 2251 0.000325284
4600 0.716859 0.684963 0.031896 0 0.955506 2563.84 2434.19 129.646 0 -29.4974 -30.5204 2 4927.88 194.433 2301 0.000297681
4700 0.715602 0.683941 0.0316613 0 0.955756 2635.48 2502.58 132.901 0 -29.5228 -30.4316 2 5027.88 196.396 2351 0.000290915
4800 0.740447 0.70719 0.0332565 0 0.955086 2709.53 2573.3 136.227 0 -29.5468 -30.4011 2 5127.88 198.339 2401 0.00029454
4900 0.723174 0.689662 0.0335119 0 0.95366 2781.69 2642.27 139.418 0 -29.5703 -30.4538 2 5227.88 200.264 2451 0.00028138
5000 0.770244 0.736982 0.0332615 0 0.956817 2858.82 2715.97 142.854 0 -29.5899 -30.2957 2 5327.88 202.17 2501 0.000294675
5100 0.693727 0.66372 0.0300074 0 0.956745 2928.33 2782.34 145.991 0 -29.6131 -30.5672 2 5427.88 204.059 2551 0.00026018
5200 0.677117 0.650813 0.0263042 0 0.961153 2996.25 2847.42 148.83 0 -29.639 -30.7539 2 5527.88 205.93 2601 0.000250216
5300 0.685562 0.654123 0.0314387 0 0.954142 3064.48 2912.83 151.642 0 -29.6561 -30.4097 2 5627.88 207.784 2651 0.000246746
5400 0.692073 0.663137 0.0289352 0 0.958191 3133.72 2979.15 154.578 0 -29.6732 -30.427 2 5727.88 209.622 2701 0.000245516
5500 0.657749 0.631128 0.0266211 0 0.959527 3199.61 3042.26 157.351 0 -29.7006 -31.0044 2 5827.88 211.444 2751 0.000229418
5600 0.662533 0.636456 0.026077 0 0.960641 3265.92 3105.91 160.015 0 -29.7184 -30.5809 2 5927.88 213.25 2801 0.000227225
5700 0.688579 0.660284 0.0282944 0 0.958909 3334.71 3171.93 162.781 0 -29.7355 -30.5463 2 6027.88 215.042 2851 0.000231598
5800 0.710621 0.682263 0.0283575 0 0.960095 3405.95 3240.16 165.793 0 -29.7564 -30.736 2 6127.88 216.818 2901 0.000235182
5900 0.658649 0.634819 0.0238306 0 0.963819 3472.14 3303.64 168.499 0 -29.7767 -30.8182 2 6227.88 218.58 2951 0.00021512
6000 0.731761 0.69834 0.0334205 0 0.954329 3544.89 3373.48 171.419 0 -29.7883 -30.3416 2 6327.88 220.328 3001 0.000232702
6100 0.712185 0.682691 0.0294933 0 0.958588 3616.25 3441.75 174.502 0 -29.8029 -30.5275 2 6427.88 222.062 3051 0.00022376
6200 0.740609 0.709049 0.0315599 0 0.957387 3690.23 3512.65 177.58 0 -29.821 -30.705 2 6527.88 223.783 3101 0.000228652
6300 0.702272 0.674498 0.0277735 0 0.960452 3760.64 3580.1 180.543 0 -29.843 -30.9989 2 6627.88 225.49 3151 0.000214058
6400 0.730985 0.700497 0.0304878 0 0.958292 3833.69 3650.15 183.538 0 -29.8651 -31.0047 2 6727.88 227.185 3201 0.000218837
6500 0.732675 0.701449 0.0312265 0 0.95738 3907 3720.29 186.706 0 -29.887 -31.0288 2 6827.88 228.867 3251 0.000215764
6600 0.769568 0.739353 0.0302158 0 0.960737 3984.41 3794.23 190.183 0 -29.906 -30.8648 2 6927.88 230.537 3301 0.000223978
6700 0.748374 0.717608 0.0307659 0 0.95889 4059.39 3865.99 193.399 0 -29.9339 -31.4179 2 7027.88 232.195 3351 0.000214147
6800 0.726315 0.695552 0.0307632 0 0.957645 4132.11 3935.55 196.56 0 -29.9534 -31.0403 2 7127.88 233.841 3401 0.000204514
6900 0.72743 0.695641 0.0317889 0 0.9563 4204.7 4005.11 199.591 0 -29.972 -31.0332 2 7227.88 235.475 3451 0.000201577
7000 0.74979 0.720728 0.0290621 0 0.96124 4279.99 4077.18 202.805 0 -29.9913 -31.0711 2 7327.88 237.099 3501 0.000205863
7100 0.698715 0.672268 0.0264469 0 0.962149 4350.13 4144.41 205.716 0 -30.0094 -31.1117 2 7427.88 238.711 3551 0.000189318
7200 0.715599 0.68816 0.0274392 0 0.961656 4421.74 4213.23 208.517 0 -30.0219 -30.7797 2 7527.88 240.313 3601 0.000191103
7300 0.761351 0.733108 0.0282424 0 0.962905 4498.1 4286.54 211.568 0 -30.03 -30.4983 2 7627.88 241.903 3651 0.000200797
7400 0.725011 0.696267 0.0287443 0 0.960353 4570.81 4356.16 214.649 0 -30.0441 -30.9169 2 7727.88 243.484 3701 0.000188129
7500 0.733442 0.702349 0.0310927 0 0.957607 4643.83 4426.4 217.436 0 -30.0525 -30.5789 2 7827.88 245.054 3751 0.000187243
7600 0.79528 0.764407 0.0308724 0 0.961181 4723.24 4502.84 220.402 0 -30.061 -30.5591 2 7927.88 246.615 3801 0.000201107
7700 0.752729 0.72513 0.027599 0 0.963335 4798.81 4575.35 223.462 0 -30.0761 -31.0225 2 8027.88 248.165 3851 0.000188296
7800 0.751196 0.720394 0.0308022 0 0.958996 4873.76 4647.39 226.374 0 -30.0876 -30.8239 2 8127.88 249.706 3901 0.000184669
7900 0.772632 0.740897 0.0317349 0 0.958926 4951.03 4721.48 229.553 0 -30.1019 -30.9999 2 8227.88 251.237 3951 0.000187521
8000 0.737428 0.705747 0.0316806 0 0.957039 5024.51 4792.06 232.451 0 -30.1107 -30.705 2 8327.88 252.759 4001 0.000176393
8100 0.75088 0.721757 0.0291225 0 0.961215 5099.64 4864.23 235.411 0 -30.1209 -30.8055 2 8427.88 254.272 4051 0.000178168
8200 0.802683 0.772187 0.030496 0 0.962007 5179.93 4941.45 238.482 0 -30.1325 -30.8696 2 8527.88 255.777 4101 0.000188292
8300 0.747093 0.721206 0.0258872 0 0.965349 5254.91 5013.57 241.342 0 -30.1454 -31.0367 2 8627.88 257.272 4151 0.000173743
8400 0.756796 0.728912 0.0278838 0 0.963156 5330.5 5086.46 244.042 0 -30.1579 -31.0214 2 8727.88 258.758 4201 0.000173509
8500 0.73434 0.704689 0.0296506 0 0.959623 5403.56 5156.93 246.628 0 -30.1701 -31.0615 2 8827.88 260.237 4251 0.00016577
8600 0.771399 0.743208 0.0281909 0 0.963455 5480.85 5231.25 249.599 0 -30.1794 -30.8321 2 8927.88 261.706 4301 0.000172799
8700 0.754157 0.721845 0.0323122 0 0.957155 5555.86 5303.44 252.422 0 -30.1873 -30.7609 2 9027.88 263.168 4351 0.000165903
8800 0.741451 0.714272 0.0271784 0 0.963344 5630.21 5374.86 255.351 0 -30.1981 -31.0099 2 9127.88 264.621 4401 0.000162298
8900 0.754564 0.72697 0.027594 0 0.963431 5705.77 5447.56 258.214 0 -30.2071 -30.8768 2 9227.88 266.067 4451 0.000163327
9000 0.784881 0.753037 0.0318436 0 0.959429 5784.06 5522.86 261.201 0 -30.2115 -30.5273 2 9327.88 267.505 4501 0.000167304
9100 0.750737 0.723979 0.0267582 0 0.964357 5859.35 5595.26 264.088 0 -30.2233 -31.136 2 9427.88 268.935 4551 0.000159081
9200 0.835092 0.804583 0.0305096 0 0.963466 5942.81 5675.72 267.094 0 -30.2354 -31.0815 2 9527.88 270.357 4601 0.000174871
9300 0.81481 0.785058 0.0297512 0 0.963487 6024.35 5754.23 270.125 0 -30.2434 -30.8282 2 9627.88 271.772 4651 0.000168793
9400 0.804042 0.773917 0.0301245 0 0.962534 6104.79 5831.62 273.169 0 -30.2584 -31.3786 2 9727.88 273.18 4701 0.000164628
9500 0.793652 0.765735 0.0279166 0 0.964825 6184.45 5908.19 276.255 0 -30.2763 -31.6478 2 9827.88 274.581 4751 0.000161173
9600 0.750916 0.721783 0.029133 0 0.961203 6259.43 5980.37 279.058 0 -30.289 -31.3365 2 9927.88 275.974 4801 0.00015034
9700 0.777733 0.750197 0.0275362 0 0.964594 6337.41 6055.39 282.022 0 -30.3012 -31.2869 2 10027.9 277.361 4851 0.000154648
9800 0.817637 0.786679 0.0309583 0 0.962137 6419.05 6134.06 284.991 0 -30.3133 -31.253 2 10127.9 278.74 4901 0.000160514
9900 0.834161 0.805109 0.0290523 0 0.965172 6502.5 6214.57 287.935 0 -30.3261 -31.304 2 10227.9 280.113 4951 0.000162615
10000 0.831536 0.80152 0.0300164 0 0.963902 6585.64 6294.72 290.924 0 -30.3365 -31.1488 2 10327.9 281.479 5001 0.000160272
10100 0.806766 0.779182 0.0275843 0 0.965809 6666.54 6372.64 293.903 0 -30.3499 -31.4476 2 10427.9 282.838 5051 0.000154263
10200 0.826424 0.797771 0.0286524 0 0.96533 6749.37 6452.41 296.955 0 -30.3629 -31.4096 2 10527.9 284.191 5101 0.000156395
10300 0.785113 0.755073 0.0300403 0 0.961738 6827.84 6527.92 299.921 0 -30.3777 -31.643 2 10627.9 285.538 5151 0.000146588
10400 0.844779 0.814122 0.0306566 0 0.96371 6912.26 6609.33 302.927 0 -30.3913 -31.4955 2 10727.9 286.878 5201 0.000156532
10500 0.824103 0.794043 0.0300598 0 0.963524 6994.73 6688.74 305.99 0 -30.406 -31.6407 2 10827.9 288.212 5251 0.000151217
10600 0.802912 0.774913 0.0279984 0 0.965129 7075.16 6766.23 308.927 0 -30.4207 -31.6995 2 10927.9 289.54 5301 0.000146182
10700 0.811458 0.783357 0.0281012 0 0.96537 7156.41 6844.57 311.848 0 -30.4313 -31.3474 2 11027.9 290.861 5351 0.000146394
10800 0.833149 0.802319 0.0308295 0 0.962996 7239.63 6924.8 314.832 0 -30.4448 -31.6131 2 11127.9 292.177 5401 0.00014855
10900 0.853771 0.821971 0.0317998 0 0.962754 7325.03 7006.99 318.032 0 -30.4596 -31.71 2 11227.9 293.487 5451 0.000150793
11000 0.817902 0.788063 0.0298396 0 0.963517 7407.04 7085.8 321.234 0 -30.4756 -31.9054 2 11327.9 294.791 5501 0.000143258
11100 0.807514 0.779382 0.0281325 0 0.965162 7488.06 7163.74 324.323 0 -30.4953 -32.2985 2 11427.9 296.089 5551 0.000140404
11200 0.788315 0.760888 0.0274276 0 0.965207 7566.82 7239.83 326.997 0 -30.5119 -32.0843 2 11527.9 297.382 5601 0.000135849
11300 0.778249 0.755327 0.022922 0 0.970547 7644.9 7315.36 329.539 0 -30.5332 -32.6044 2 11627.9 298.669 5651 0.000133663
11400 0.742793 0.717568 0.0252246 0 0.966041 7718.9 7387.12 331.786 0 -30.5516 -32.4463 2 11727.9 299.951 5701 0.000125867
11500 0.821124 0.789127 0.0319971 0 0.961033 7800.49 7466.03 334.459 0 -30.5607 -31.4229 2 11827.9 301.227 5751 0.000137216
11600 0.828774 0.801636 0.0271381 0 0.967255 7883.66 7546.19 337.467 0 -30.5747 -31.8842 2 11927.9 302.497 5801 0.000138189
11700 0.809693 0.778675 0.0310174 0 0.961692 7964.31 7624.06 340.254 0 -30.5838 -31.4754 2 12027.9 303.763 5851 0.000133084
11800 0.852918 0.821071 0.0318467 0 0.962661 8049.55 7706.17 343.377 0 -30.5922 -31.3836 2 12127.9 305.023 5901 0.000139141
11900 0.863517 0.833436 0.0300802 0 0.965165 8136.23 7789.51 346.714 0 -30.6028 -31.5865 2 12227.9 306.278 5951 0.00014005
12000 0.800717 0.770381 0.0303355 0 0.962115 8216.29 7866.55 349.742 0 -30.6131 -31.6593 2 12327.9 307.528 6001 0.000128375
12100 0.805219 0.777279 0.0279403 0 0.965301 8296.93 7944.28 352.651 0 -30.6255 -31.8867 2 12427.9 308.773 6051 0.000128455
12200 0.771415 0.745755 0.0256596 0 0.966737 8374.3 8018.85 355.442 0 -30.6383 -32.0135 2 12527.9 310.012 6101 0.000122235
12300 0.773936 0.746569 0.0273666 0 0.96464 8451.73 8093.51 358.223 0 -30.6482 -31.7182 2 12627.9 311.247 6151 0.000121374
12400 0.752086 0.725385 0.026701 0 0.964497 8526.91 8166.05 360.858 0 -30.6607 -32.0672 2 12727.9 312.477 6201 0.000116979
12500 0.751181 0.724617 0.0265637 0 0.964637 8602.04 8238.51 363.525 0 -30.6717 -31.9206 2 12827.9 313.702 6251 0.00011592
12600 0.758148 0.731517 0.0266311 0 0.964874 8677.86 8311.66 366.201 0 -30.684 -32.0736 2 12927.9 314.923 6301 0.000116095
12700 0.823328 0.794251 0.0290769 0 0.964684 8760.22 8391.09 369.129 0 -30.6906 -31.3843 2 13027.9 316.138 6351 0.000125059
12800 0.836764 0.805509 0.0312546 0 0.962648 8843.78 8471.64 372.145 0 -30.6981 -31.4839 2 13127.9 317.349 6401 0.000125841
12900 0.784594 0.756898 0.0276962 0 0.9647 8922.44 8547.33 375.109 0 -30.7089 -31.9218 2 13227.9 318.556 6451 0.00011733
13000 0.730125 0.707935 0.0221902 0 0.969608 8995.69 8618.12 377.567 0 -30.7211 -32.2103 2 13327.9 319.757 6501 0.000108896
13100 0.738975 0.714935 0.0240394 0 0.967469 9069.53 8689.62 379.916 0 -30.7327 -32.1427 2 13427.9 320.955 6551 0.000109134
13200 0.805049 0.777449 0.0275996 0 0.965717 9150 8767.36 382.636 0 -30.7396 -31.5251 2 13527.9 322.148 6601 0.000117777
13300 0.775491 0.751849 0.0236424 0 0.969513 9227.92 8842.54 385.377 0 -30.7485 -31.7871 2 13627.9 323.336 6651 0.000113043
13400 0.755976 0.729179 0.0267964 0 0.964554 9303.39 8915.46 387.925 0 -30.7593 -32.0815 2 13727.9 324.52 6701 0.000108816
13500 0.762099 0.737128 0.024971 0 0.967234 9379.59 8989.18 390.414 0 -30.7715 -32.2592 2 13827.9 325.7 6751 0.000109188
13600 0.775552 0.748166 0.0273858 0 0.964689 9457.02 9063.99 393.027 0 -30.7818 -32.0289 2 13927.9 326.876 6801 0.000110008
13700 0.788581 0.763199 0.025382 0 0.967813 9535.91 9140.31 395.6 0 -30.7943 -32.2935 2 14027.9 328.047 6851 0.0001114
13800 0.788637 0.763881 0.0247559 0 0.968609 9614.97 9216.7 398.271 0 -30.8035 -31.9174 2 14127.9 329.214 6901 0.000110691
13900 0.769586 0.745607 0.0239785 0 0.968842 9692.15 9291.26 400.893 0 -30.8134 -32.0448 2 14227.9 330.377 6951 0.000107266
14000 0.778095 0.751375 0.0267201 0 0.96566 9770 9366.4 403.604 0 -30.8208 -31.7388 2 14327.9 331.536 7001 0.000107324
14100 0.793692 0.764428 0.0292635 0 0.96313 9849.28 9442.84 406.439 0 -30.8275 -31.6519 2 14427.9 332.691 7051 0.000108414
14200 0.848889 0.815873 0.0330159 0 0.961107 9934.03 9524.43 409.602 0 -30.8304 -31.1756 2 14527.9 333.842 7101 0.000114896
14300 0.909365 0.873345 0.0360193 0 0.960391 10025.1 9611.76 413.315 0 -30.8325 -31.057 2 14627.9 334.989 7151 0.000122129
14400 0.827831 0.797568 0.0302632 0 0.963443 10108.3 9691.52 416.739 0 -30.8379 -31.485 2 14727.9 336.132 7201 0.000110758
14500 0.800349 0.77116 0.0291888 0 0.96353 10188.5 9768.64 419.815 0 -30.8449 -31.7382 2 14827.9 337.271 7251 0.000106352
14600 0.89578 0.863834 0.031946 0 0.964337 10278.2 9855.02 423.206 0 -30.8479 -31.1887 2 14927.9 338.407 7301 0.000118317
14700 0.811056 0.782913 0.028143 0 0.965301 10359.5 9933.31 426.16 0 -30.8539 -31.6041 2 15027.9 339.538 7351 0.000106504
14800 0.806968 0.776769 0.0301989 0 0.962577 10440.1 10011 429.075 0 -30.859 -31.5217 2 15127.9 340.666 7401 0.000104955
14900 0.853023 0.823697 0.0293255 0 0.965622 10525.4 10093.4 432.054 0 -30.8639 -31.4576 2 15227.9 341.79 7451 0.000110549
15000 0.857766 0.826939 0.0308265 0 0.964062 10611 10176.1 434.905 0 -30.8682 -31.395 2 15327.9 342.911 7501 0.000110244
15100 0.832498 0.799907 0.0325915 0 0.960851 10693.7 10256 437.639 0 -30.8732 -31.5171 2 15427.9 344.028 7551 0.000105934
15200 0.820409 0.79416 0.0262497 0 0.968004 10775.9 10335.5 440.401 0 -30.8806 -31.8491 2 15527.9 345.141 7601 0.000104481
15300 0.796158 0.772355 0.0238027 0 0.970103 10855.8 10412.7 443.067 0 -30.8898 -32.1222 2 15627.9 346.25 7651 0.000100948
15400 0.855267 0.82526 0.0300076 0 0.964914 10941.3 10495.2 446.116 0 -30.8983 -31.9849 2 15727.9 347.356 7701 0.000107163
15500 0.822896 0.792936 0.0299598 0 0.963592 11023.6 10574.5 449.049 0 -30.9059 -31.9188 2 15827.9 348.459 7751 0.000102301
15600 0.79412 0.76759 0.0265305 0 0.966591 11103.2 10651.3 451.89 0 -30.9152 -32.1993 2 15927.9 349.558 7801 9.83963e-05
15700 0.788656 0.760859 0.0277972 0 0.964754 11182.1 10727.4 454.742 0 -30.9232 -32.0519 2 16027.9 350.653 7851 9.69124e-05
15800 0.823968 0.793201 0.0307673 0 0.96266 11264.4 10806.7 457.756 0 -30.9298 -31.8204 2 16127.9 351.746 7901 0.000100392
15900 0.860272 0.824376 0.0358962 0 0.958273 11350 10889.1 460.917 0 -30.9362 -31.7724 2 16227.9 352.834 7951 0.000103682
16000 0.859178 0.82852 0.0306576 0 0.964317 11436 10972 464.081 0 -30.943 -31.8529 2 16327.9 353.92 8001 0.000103552
16100 0.878826 0.845854 0.0329724 0 0.962481 11523.9 11056.6 467.318 0 -30.9478 -31.5655 2 16427.9 355.002 8051 0.000105062
16200 0.820504 0.79591 0.0245938 0 0.970026 11606.5 11136.1 470.344 0 -30.9539 -31.8125 2 16527.9 356.081 8101 9.82483e-05
16300 0.810047 0.782866 0.0271809 0 0.966445 11687.4 11214.4 473.009 0 -30.9596 -31.7692 2 16627.9 357.156 8151 9.60453e-05
16400 0.844642 0.817225 0.0274166 0 0.967541 11771.9 11296.2 475.771 0 -30.9624 -31.3489 2 16727.9 358.229 8201 9.96495e-05
16500 0.802105 0.778907 0.0231984 0 0.971078 11852.3 11374 478.22 0 -30.9677 -31.7471 2 16827.9 359.298 8251 9.44015e-05
16600 0.774039 0.751029 0.0230101 0 0.970273 11929.6 11449.1 480.475 0 -30.9756 -32.1844 2 16927.9 360.364 8301 9.04745e-05
16700 0.783702 0.757695 0.0260076 0 0.966814 12007.8 11524.9 482.844 0 -30.9837 -32.2156 2 17027.9 361.427 8351 9.0731e-05
16800 0.810597 0.78407 0.0265266 0 0.967275 12088.9 11603.3 485.545 0 -30.9912 -32.1064 2 17127.9 362.487 8401 9.33306e-05
16900 0.814782 0.786544 0.0282381 0 0.965343 12170.4 11682 488.472 0 -30.9997 -32.2639 2 17227.9 363.543 8451 9.30711e-05
17000 0.902133 0.870252 0.0318813 0 0.96466 12260.8 11769 491.809 0 -31.0051 -31.7249 2 17327.9 364.597 8501 0.00010237
17100 0.858792 0.827121 0.0316715 0 0.963121 12346.8 11851.7 495.073 0 -31.0082 -31.4606 2 17427.9 365.647 8551 9.67279e-05
17200 0.821288 0.790611 0.0306772 0 0.962647 12428.9 11930.8 498.137 0 -31.0133 -31.7709 2 17527.9 366.695 8601 9.19208e-05
17300 0.784155 0.757497 0.0266579 0 0.966004 12507.5 12006.5 500.931 0 -31.0191 -31.9429 2 17627.9 367.739 8651 8.75618e-05
17400 0.799419 0.774058 0.0253609 0 0.968276 12587.6 12083.9 503.638 0 -31.0254 -32.0035 2 17727.9 368.781 8701 8.8962e-05
17500 0.851801 0.823167 0.0286333 0 0.966385 12672.8 12166.2 506.57 0 -31.0333 -32.2037 2 17827.9 369.82 8751 9.40655e-05
17600 0.84263 0.811191 0.0314396 0 0.962689 12756.9 12247.4 509.497 0 -31.0396 -31.9922 2 17927.9 370.855 8801 9.21703e-05
17700 0.820117 0.790419 0.0296983 0 0.963788 12838.8 12326.4 512.384 0 -31.0456 -31.9677 2 18027.9 371.888 8851 8.93028e-05
17800 0.819748 0.793099 0.0266485 0 0.967492 12920.9 12405.7 515.228 0 -31.0536 -32.3133 2 18127.9 372.918 8901 8.91022e-05
17900 0.868937 0.838449 0.0304883 0 0.964913 13007.9 12489.6 518.292 0 -31.0614 -32.2243 2 18227.9 373.945 8951 9.3671e-05
18000 0.868866 0.841134 0.0277311 0 0.968084 13095.2 12573.7 521.534 0 -31.0709 -32.4743 2 18327.9 374.97 9001 9.3449e-05
18100 0.824543 0.797976 0.0265667 0 0.96778 13177.8 12653.5 524.359 0 -31.0786 -32.3026 2 18427.9 375.991 9051 8.81645e-05
18200 0.798465 0.772314 0.0261516 0 0.967248 13257.8 12730.7 527.047 0 -31.0874 -32.5444 2 18527.9 377.01 9101 8.48603e-05
18300 0.848582 0.815986 0.0325965 0 0.961587 13342.2 12812.3 529.885 0 -31.091 -31.6527 2 18627.9 378.026 9151 8.9169e-05
18400 0.870763 0.840326 0.030437 0 0.965046 13429.4 12896.3 533.044 0 -31.0938 -31.5258 2 18727.9 379.039 9201 9.13298e-05
18500 0.870083 0.840485 0.0295976 0 0.965983 13516.5 12980.4 536.161 0 -31.0982 -31.7684 2 18827.9 380.05 9251 9.08535e-05
18600 0.824356 0.79671 0.0276461 0 0.966463 13599.1 13060.1 539.012 0 -31.1029 -31.8791 2 18927.9 381.058 9301 8.56585e-05
18700 0.818842 0.788122 0.0307193 0 0.962484 13680.6 13138.9 541.741 0 -31.1088 -32.0833 2 19027.9 382.063 9351 8.42821e-05
18800 0.820623 0.789701 0.0309215 0 0.96232 13762.3 13217.8 544.499 0 -31.1146 -32.0985 2 19127.9 383.066 9401 8.40019e-05
18900 0.807928 0.779268 0.0286603 0 0.964526 13843.2 13295.8 547.435 0 -31.1213 -32.2492 2 19227.9 384.066 9451 8.24535e-05
19000 0.863607 0.834668 0.0289384 0 0.966491 13929.7 13379.2 550.509 0 -31.127 -32.0384 2 19327.9 385.063 9501 8.78506e-05
19100 0.872901 0.840221 0.0326799 0 0.962562 14016.9 13463.3 553.664 0 -31.1312 -31.8072 2 19427.9 386.058 9551 8.79721e-05
19200 0.859822 0.828716 0.0311056 0 0.963823 14103 13546.1 556.853 0 -31.1362 -31.9443 2 19527.9 387.051 9601 8.63156e-05
19300 0.847215 0.818102 0.029113 0 0.965637 14187.9 13627.9 560.013 0 -31.1419 -32.1019 2 19627.9 388.04 9651 8.47686e-05
19400 0.870943 0.839153 0.0317895 0 0.9635 14275 13711.9 563.148 0 -31.1452 -31.6758 2 19727.9 389.027 9701 8.65017e-05
19500 0.835913 0.807791 0.0281221 0 0.966358 14358.9 13792.6 566.233 0 -31.1499 -31.9567 2 19827.9 390.012 9751 8.28419e-05
19600 0.806964 0.780408 0.0265564 0 0.967091 14439.8 13870.7 569.079 0 -31.1562 -32.2631 2 19927.9 390.994 9801 7.96253e-05
19700 0.860887 0.83121 0.0296767 0 0.965528 14525.8 13953.8 572.041 0 -31.162 -32.1424 2 20027.9 391.974 9851 8.43782e-05
19800 0.858493 0.828465 0.0300278 0 0.965023 14611.7 14036.6 575.078 0 -31.1653 -31.7258 2 20127.9 392.952 9901 8.36749e-05
19900 0.882745 0.852033 0.0307122 0 0.965208 14700.1 14121.8 578.25 0 -31.1691 -31.7962 2 20227.9 393.927 9951 8.56228e-05
20000 0.883895 0.852709 0.031186 0 0.964718 14788.7 14207.1 581.539 0 -31.1742 -32.0185 2 20327.9 394.899 10001 8.52623e-05
