100 0.269925 0.242858 0.0270665 0 0.899726 25.9399 24.2858 1.65408 0 -27.4004 -27.4004 1 426.882 57.2261 101 0.00240453
200 0.402877 0.372706 0.0301713 0 0.92511 66.1207 61.5564 4.56432 0 -27.5725 -27.6836 1 526.882 63.5765 201 0.00185426
300 0.491396 0.454475 0.0369214 0 0.924864 115.139 107.004 8.13506 0 -27.6343 -27.7176 1 626.882 69.3478 301 0.00150988
400 0.631356 0.579868 0.0514874 0 0.918449 177.535 164.991 12.5438 0 -27.5783 -27.4749 1 726.882 74.6744 401 0.00144606
500 0.830265 0.775929 0.0543358 0 0.934556 260.579 242.584 17.9951 0 -27.5711 -27.5557 1 826.882 79.6456 501 0.00154876
600 0.834963 0.777472 0.0574912 0 0.931145 344.068 320.331 23.7371 0 -27.4982 -27.2707 1 926.882 84.3242 601 0.00129363
700 0.893337 0.835864 0.0574737 0 0.935664 433.633 403.917 29.7156 0 -27.4973 -27.4941 1 1026.88 88.7565 701 0.00119239
800 0.873754 0.813804 0.0599498 0 0.931388 520.74 485.298 35.4425 0 -27.5534 -27.8327 1 1126.88 92.9778 801 0.00101598
900 0.998633 0.932594 0.0660396 0 0.93387 620.139 578.557 41.5822 0 -27.615 -27.9374 1 1226.88 97.0156 901 0.00103507
1000 0.963615 0.906315 0.0573001 0 0.940536 716.894 669.188 47.7053 0 -27.7262 -28.4393 1 1326.88 100.892 1001 0.00090541
1100 0.897971 0.843105 0.0548654 0 0.938901 806.839 753.499 53.3404 0 -27.7988 -28.3767 1 1426.88 104.625 1101 0.000765763
1200 0.90093 0.842979 0.0579508 0 0.935677 896.712 837.797 58.9155 0 -27.849 -28.3004 1 1526.88 108.229 1201 0.000701897
1300 0.949988 0.894744 0.0552439 0 0.941848 991.766 927.271 64.4948 0 -27.9522 -28.9252 1 1626.88 111.717 1301 0.000687735
1400 1.1231 1.06018 0.0629152 0 0.943981 1104.11 1033.29 70.8181 0 -28.0224 -28.642 1 1726.88 115.099 1401 0.000756734
1500 1.10938 1.04664 0.0627365 0 0.943449 1214.98 1137.95 77.023 0 -28.0912 -28.7773 1 1826.88 118.385 1501 0.000697295
1600 1.1754 1.11056 0.0648467 0 0.94483 1332.63 1249.01 83.6237 0 -28.1385 -28.6269 1 1926.88 121.582 1601 0.000693665
1700 1.15876 1.09098 0.0677837 0 0.941503 1448.11 1358.11 90.0032 0 -28.1936 -28.8291 1 2026.88 124.696 1701 0.000641373
1800 1.05169 0.998206 0.0534863 0 0.949143 1553.7 1457.93 95.7759 0 -28.2742 -29.3797 1 2126.88 127.736 1801 0.000554251
1900 1.1074 1.05129 0.056112 0 0.94933 1664.58 1563.06 101.524 0 -28.3463 -29.3564 1 2226.88 130.704 1901 0.00055302
2000 1.07584 1.02219 0.0536406 0 0.950141 1772.34 1665.28 107.068 0 -28.4256 -29.6503 1 2326.88 133.606 2001 0.000510842
2100 1.07446 1.02197 0.052487 0 0.95115 1879.98 1767.47 112.506 0 -28.5085 -29.8744 1 2426.88 136.447 2101 0.000486422
2200 1.07121 1.01822 0.0529864 0 0.950536 1987.15 1869.3 117.851 0 -28.582 -29.8708 1 2526.88 139.23 2201 0.000462617
2300 0.99485 0.949264 0.0455864 0 0.954178 2087.11 1964.22 122.886 0 -28.6547 -30.0997 1 2626.88 141.958 2301 0.000412544
2400 1.01808 0.967254 0.05083 0 0.950073 2188.68 2060.95 127.737 0 -28.7219 -30.1024 1 2726.88 144.635 2401 0.000402855
2500 1.11905 1.06574 0.0533069 0 0.952364 2300.52 2167.52 133 0 -28.7692 -29.696 1 2826.88 147.263 2501 0.000426125
2600 1.14827 1.09716 0.0511041 0 0.955494 2415.74 2277.24 138.499 0 -28.8304 -30.0508 1 2926.88 149.845 2601 0.000421823
2700 1.1165 1.06537 0.0511284 0 0.954206 2527.73 2383.77 143.953 0 -28.8937 -30.259 1 3026.88 152.383 2701 0.000394435
2800 1.20801 1.14559 0.0624142 0 0.948333 2647.97 2498.33 149.636 0 -28.9262 -29.6093 1 3126.88 154.88 2801 0.000408994
2900 1.21735 1.15968 0.0576768 0 0.952621 2769.96 2614.3 155.661 0 -28.9611 -29.7194 1 3226.88 157.337 2901 0.00039975
3000 1.1736 1.11241 0.0611875 0 0.947863 2887.01 2725.54 161.463 0 -28.9964 -29.832 1 3326.88 159.757 3001 0.000370679
3100 1.16286 1.10036 0.0625029 0 0.946251 3002.92 2835.58 167.342 0 -29.0343 -29.9783 1 3426.88 162.14 3101 0.00035484
3200 1.29715 1.22956 0.0675902 0 0.947893 3132.19 2958.53 173.655 0 -29.0593 -29.6402 1 3526.88 164.488 3201 0.000384117
3300 1.37321 1.30637 0.0668402 0 0.951326 3269.63 3089.17 180.455 0 -29.0954 -29.9179 1 3626.88 166.804 3301 0.00039575
3400 1.33305 1.26857 0.0644732 0 0.951635 3402.98 3216.03 186.955 0 -29.1342 -30.0858 1 3726.88 169.088 3401 0.000373
3500 1.32474 1.26154 0.0632 0 0.952292 3535.35 3342.18 193.171 0 -29.1663 -29.9904 1 3826.88 171.342 3501 0.000360336
3600 1.38446 1.31731 0.0671516 0 0.951496 3673.5 3473.91 199.585 0 -29.1983 -30.0178 1 3926.88 173.566 3601 0.000365818
3700 1.39187 1.32635 0.0655233 0 0.952924 3812.86 3606.55 206.311 0 -29.2333 -30.1556 1 4026.88 175.762 3701 0.000358375
3800 1.37785 1.31599 0.0618563 0 0.955107 3950.97 3738.15 212.824 0 -29.2653 -30.1494 1 4126.88 177.931 3801 0.000346223
3900 1.35021 1.28939 0.0608198 0 0.954955 4086.04 3867.09 218.95 0 -29.2966 -30.2128 1 4226.88 180.074 3901 0.000330529
4000 1.386 1.3276 0.058395 0 0.957868 4224.93 3999.85 225.082 0 -29.331 -30.3417 1 4326.88 182.191 4001 0.000331817
4100 1.35863 1.29235 0.0662832 0 0.951213 4360.03 4129.08 230.947 0 -29.3549 -30.1017 1 4426.88 184.285 4101 0.00031513
4200 1.46999 1.40503 0.0649527 0 0.955814 4507.12 4269.59 237.538 0 -29.3816 -30.1753 1 4526.88 186.354 4201 0.000334452
4300 1.4542 1.38832 0.0658808 0 0.954696 4652.67 4408.42 244.257 0 -29.4091 -30.2597 1 4626.88 188.401 4301 0.00032279
4400 1.53348 1.46498 0.0685029 0 0.955329 4806.3 4554.92 251.388 0 -29.4338 -30.1812 1 4726.88 190.427 4401 0.000332874
4500 1.42182 1.36313 0.058697 0 0.958717 4949.12 4691.23 257.897 0 -29.4627 -30.437 1 4826.88 192.43 4501 0.00030285
4600 1.37243 1.31465 0.0577797 0 0.9579 5086.45 4822.69 263.757 0 -29.4918 -30.5401 1 4926.88 194.413 4601 0.000285732
4700 1.37883 1.32054 0.0582889 0 0.957726 5224.45 4954.75 269.7 0 -29.5214 -30.6106 1 5026.88 196.376 4701 0.000280906
4800 1.44855 1.39209 0.0564606 0 0.961023 5369.81 5093.96 275.849 0 -29.5495 -30.5599 1 5126.88 198.32 4801 0.000289959
4900 1.42106 1.36494 0.0561121 0 0.960514 5512.05 5230.45 281.596 0 -29.5725 -30.4423 1 5226.88 200.245 4901 0.000278503
5000 1.38451 1.32756 0.0569547 0 0.958863 5650.61 5363.21 287.402 0 -29.5932 -30.4158 1 5326.88 202.151 5001 0.000265459
5100 1.39185 1.33324 0.0586158 0 0.957886 5789.88 5496.53 293.346 0 -29.6126 -30.3996 1 5426.88 204.04 5101 0.000261368
5200 1.44005 1.37736 0.0626923 0 0.956465 5933.75 5634.27 299.488 0 -29.6316 -30.3975 1 5526.88 205.911 5201 0.000264825
5300 1.47761 1.41302 0.0645864 0 0.95629 6081.41 5775.57 305.843 0 -29.6561 -30.6399 1 5626.88 207.766 5301 0.000266558
5400 1.41175 1.35203 0.0597236 0 0.957695 6222.66 5910.77 311.891 0 -29.6809 -30.7461 1 5726.88 209.604 5401 0.000250329
5500 1.45197 1.39388 0.058085 0 0.959996 6368.09 6050.16 317.927 0 -29.7014 -30.5788 1 5826.88 211.426 5501 0.000253387
5600 1.43955 1.38089 0.0586556 0 0.959254 6512.1 6188.25 323.854 0 -29.723 -30.6787 1 5926.88 213.232 5601 0.000246544
5700 1.50363 1.43769 0.065937 0 0.956148 6662.19 6332.02 330.167 0 -29.739 -30.435 1 6026.88 215.024 5701 0.000252183
5800 1.47163 1.40476 0.0668636 0 0.954565 6808.99 6472.49 336.5 0 -29.7594 -30.6837 1 6126.88 216.8 5801 0.000242159
5900 1.44207 1.38018 0.0618845 0 0.957086 6953.32 6610.51 342.812 0 -29.779 -30.7027 1 6226.88 218.562 5901 0.00023389
6000 1.35775 1.30072 0.0570259 0 0.958 7089.15 6740.58 348.564 0 -29.802 -30.9796 1 6326.88 220.31 6001 0.000216751
6100 1.38675 1.33372 0.0530249 0 0.961763 7227.98 6873.96 354.026 0 -29.8235 -30.9223 1 6426.88 222.045 6101 0.000218607
6200 1.4133 1.35664 0.0566599 0 0.959909 7369.27 7009.62 359.647 0 -29.8408 -30.7285 1 6526.88 223.765 6201 0.000218777
6300 1.41424 1.35744 0.0568031 0 0.959835 7510.66 7145.36 365.298 0 -29.8557 -30.6298 1 6626.88 225.473 6301 0.000215432
6400 1.45651 1.39393 0.0625795 0 0.957035 7655.85 7284.76 371.095 0 -29.8704 -30.6338 1 6726.88 227.168 6401 0.000217768
6500 1.42124 1.36601 0.0552385 0 0.961134 7798.06 7421.36 376.706 0 -29.8896 -30.9183 1 6826.88 228.85 6501 0.000210122
6600 1.41383 1.35832 0.0555135 0 0.960735 7939.47 7557.19 382.28 0 -29.913 -31.2063 1 6926.88 230.52 6601 0.000205775
6700 1.48809 1.42612 0.0619683 0 0.958357 8087.98 7699.8 388.181 0 -29.93 -30.837 1 7026.88 232.178 6701 0.000212822
6800 1.49408 1.4385 0.0555807 0 0.962799 8237.87 7843.65 394.214 0 -29.9477 -30.9024 1 7126.88 233.824 6801 0.000211513
6900 1.48327 1.42828 0.0549874 0 0.962928 8386.63 7986.48 400.151 0 -29.9654 -30.9474 1 7226.88 235.459 6901 0.000206967
7000 1.45304 1.39866 0.0543877 0 0.96257 8531.95 8126.35 405.602 0 -29.9809 -30.875 1 7326.88 237.083 7001 0.00019978
7100 1.44669 1.39166 0.0550288 0 0.961962 8676.55 8265.51 411.035 0 -29.9991 -31.0737 1 7426.88 238.695 7101 0.000195981
7200 1.38992 1.33169 0.0582281 0 0.958107 8815.04 8398.68 416.363 0 -30.016 -31.0723 1 7526.88 240.297 7201 0.000184932
7300 1.4921 1.43286 0.0592374 0 0.960299 8964.35 8541.97 422.385 0 -30.032 -30.9778 1 7626.88 241.888 7301 0.000196256
7400 1.46395 1.40403 0.0599226 0 0.959068 9110.62 8682.37 428.247 0 -30.0492 -31.1051 1 7726.88 243.468 7401 0.000189708
7500 1.50477 1.44689 0.0578794 0 0.961536 9261.36 8827.06 434.296 0 -30.0646 -30.9974 1 7826.88 245.039 7501 0.000192893
7600 1.49718 1.43209 0.0650915 0 0.956524 9410.65 8970.27 440.381 0 -30.0774 -30.8715 1 7926.88 246.599 7601 0.000188409
7700 1.53775 1.47452 0.0632301 0 0.958881 9564.38 9117.72 446.662 0 -30.0904 -30.8823 1 8026.88 248.15 7701 0.000191471
7800 1.59852 1.53178 0.0667423 0 0.958247 9724.14 9270.9 453.242 0 -30.1032 -30.8687 1 8126.88 249.691 7801 0.000196357
7900 1.56801 1.50528 0.0627238 0 0.959998 9881.22 9421.43 459.789 0 -30.1147 -30.8265 1 8226.88 251.222 7901 0.000190518
8000 1.64127 1.57362 0.0676455 0 0.958785 10045.2 9578.79 466.399 0 -30.124 -30.6849 1 8326.88 252.744 8001 0.000196678
8100 1.64975 1.58524 0.0645151 0 0.960894 10210.2 9737.31 472.896 0 -30.1345 -30.7742 1 8426.88 254.257 8101 0.000195684
8200 1.64762 1.58305 0.0645631 0 0.960814 10375.1 9895.62 479.528 0 -30.1479 -30.9761 1 8526.88 255.762 8201 0.000193032
8300 1.5754 1.51448 0.0609207 0 0.96133 10532.8 10047.1 485.684 0 -30.1608 -31.0148 1 8626.88 257.257 8301 0.000182446
8400 1.57055 1.50963 0.060927 0 0.961207 10689.9 10198 491.848 0 -30.1734 -31.0183 1 8726.88 258.744 8401 0.000179696
8500 1.50556 1.44861 0.0569506 0 0.962173 10840.5 10342.9 497.648 0 -30.1904 -31.3936 1 8826.88 260.222 8501 0.000170404
8600 1.50034 1.44745 0.0528905 0 0.964748 10990.8 10487.6 503.12 0 -30.2072 -31.4201 1 8926.88 261.692 8601 0.000168289
8700 1.52696 1.46443 0.062523 0 0.959054 11142.9 10634.1 508.857 0 -30.2214 -31.2438 1 9026.88 263.153 8701 0.000168306
8800 1.58942 1.53054 0.0588793 0 0.962955 11302.3 10787.1 515.153 0 -30.2346 -31.1629 1 9126.88 264.607 8801 0.000173905
8900 1.52716 1.4669 0.0602545 0 0.960545 11455 10933.8 521.155 0 -30.2499 -31.3776 1 9226.88 266.053 8901 0.000164802
9000 1.53892 1.48363 0.0552834 0 0.964076 11609.2 11082.2 526.968 0 -30.2645 -31.3479 1 9326.88 267.49 9001 0.00016483
9100 1.5422 1.4844 0.0577942 0 0.962525 11763.1 11230.6 532.509 0 -30.2791 -31.3838 1 9426.88 268.921 9101 0.000163103
9200 1.59177 1.53252 0.0592574 0 0.962773 11922.4 11383.9 538.546 0 -30.2906 -31.1414 1 9526.88 270.343 9201 0.00016656
9300 1.60394 1.54488 0.0590638 0 0.963176 12083.1 11538.4 544.726 0 -30.305 -31.3696 1 9626.88 271.758 9301 0.000166098
9400 1.61315 1.55371 0.0594416 0 0.963152 12244.5 11693.7 550.804 0 -30.3152 -31.0821 1 9726.88 273.166 9401 0.00016527
9500 1.61096 1.54582 0.0651387 0 0.959565 12405.5 11848.3 557.21 0 -30.3278 -31.2852 1 9826.88 274.567 9501 0.000162701
9600 1.55607 1.49709 0.058981 0 0.962096 12561.5 11998 563.471 0 -30.341 -31.3861 1 9926.88 275.96 9601 0.000155931
9700 1.5077 1.45042 0.0572799 0 0.962008 12712.1 12143.1 569.039 0 -30.3541 -31.4501 1 10026.9 277.347 9701 0.000149513
9800 1.55294 1.49686 0.0560807 0 0.963887 12867.5 12292.8 574.761 0 -30.3674 -31.4561 1 10126.9 278.726 9801 0.000152725
9900 1.51502 1.46416 0.0508659 0 0.966426 13019.4 12439.2 580.213 0 -30.3817 -31.5934 1 10226.9 280.099 9901 0.00014788
10000 1.63368 1.57373 0.0599463 0 0.963306 13182.7 12596.5 586.153 0 -30.3933 -31.3185 1 10326.9 281.465 10001 0.000157358
10100 1.51561 1.46224 0.0533686 0 0.964787 13334.3 12742.8 591.491 0 -30.4082 -31.7015 1 10426.9 282.825 10101 0.000144762
10200 1.59932 1.54365 0.0556723 0 0.96519 13494.4 12897.1 597.292 0 -30.4188 -31.3009 1 10526.9 284.178 10201 0.000151324
10300 1.56462 1.51413 0.0504928 0 0.967728 13651.3 13048.5 602.8 0 -30.4339 -31.7325 1 10626.9 285.524 10301 0.000146989
10400 1.58521 1.53119 0.0540232 0 0.96592 13809.9 13201.7 608.228 0 -30.4482 -31.6838 1 10726.9 286.865 10401 0.000147215
10500 1.53368 1.48242 0.0512643 0 0.966574 13963.5 13349.9 613.617 0 -30.4623 -31.7299 1 10826.9 288.199 10501 0.000141169
10600 1.56434 1.50972 0.0546185 0 0.965085 14119.9 13500.9 619.01 0 -30.4756 -31.6604 1 10926.9 289.526 10601 0.000142413
10700 1.53394 1.48125 0.0526886 0 0.965652 14273.4 13649 624.442 0 -30.4885 -31.6723 1 11026.9 290.848 10701 0.000138422
10800 1.59629 1.53652 0.0597674 0 0.962559 14432.9 13802.7 630.255 0 -30.4986 -31.405 1 11126.9 292.164 10801 0.000142258
10900 1.60714 1.54646 0.0606757 0 0.962246 14593.7 13957.3 636.419 0 -30.5068 -31.2412 1 11226.9 293.474 10901 0.000141864
11000 1.69895 1.63271 0.0662399 0 0.961011 14763.5 14120.6 642.973 0 -30.5151 -31.2328 1 11326.9 294.778 11001 0.000148414
11100 1.64895 1.58766 0.0612996 0 0.962825 14928.6 14279.3 649.305 0 -30.5236 -31.2831 1 11426.9 296.076 11101 0.000143019
11200 1.63079 1.57062 0.0601647 0 0.963107 15092 14436.4 655.599 0 -30.5346 -31.5355 1 11526.9 297.369 11201 0.000140222
11300 1.56793 1.51011 0.0578219 0 0.963122 15248.9 14587.4 661.503 0 -30.5471 -31.747 1 11626.9 298.656 11301 0.000133626
11400 1.60496 1.54814 0.0568226 0 0.964596 15409.8 14742.2 667.586 0 -30.5563 -31.4319 1 11726.9 299.938 11401 0.00013579
11500 1.58267 1.52145 0.0612176 0 0.96132 15568 14894.4 673.639 0 -30.5648 -31.3954 1 11826.9 301.214 11501 0.000132289
11600 1.58636 1.5299 0.0564524 0 0.964414 15726.9 15047.4 679.544 0 -30.5759 -31.6617 1 11926.9 302.485 11601 0.000131877
11700 1.58293 1.52446 0.0584736 0 0.96306 15885.2 15199.8 685.346 0 -30.5869 -31.6839 1 12026.9 303.75 11701 0.000130284
11800 1.59485 1.54002 0.0548274 0 0.965622 16045 15353.8 691.178 0 -30.5976 -31.659 1 12126.9 305.01 11801 0.000130499
11900 1.58092 1.52785 0.0530677 0 0.966432 16203.5 15506.6 696.867 0 -30.6084 -31.6988 1 12226.9 306.265 11901 0.00012838
12000 1.58022 1.52776 0.0524589 0 0.966803 16362 15659.4 702.644 0 -30.6199 -31.7921 1 12326.9 307.515 12001 0.000127303
12100 1.65114 1.59171 0.0594305 0 0.964006 16527.1 15818.5 708.566 0 -30.6301 -31.6406 1 12426.9 308.76 12101 0.000131535
12200 1.61583 1.55865 0.0571744 0 0.964616 16688.8 15974.4 714.345 0 -30.6395 -31.6012 1 12526.9 310 12201 0.000127748
12300 1.59756 1.54132 0.0562402 0 0.964796 16848.5 16128.5 719.938 0 -30.6488 -31.6279 1 12626.9 311.235 12301 0.000125301
12400 1.63519 1.57914 0.0560476 0 0.965724 17012.2 16286.5 725.753 0 -30.6573 -31.5311 1 12726.9 312.465 12401 0.00012734
12500 1.59991 1.54648 0.0534276 0 0.966606 17172.5 16441.1 731.418 0 -30.6669 -31.6807 1 12826.9 313.69 12501 0.000123708
12600 1.57285 1.5164 0.0564493 0 0.96411 17329.8 16592.7 737.045 0 -30.6773 -31.815 1 12926.9 314.91 12601 0.00012034
12700 1.55999 1.50623 0.0537515 0 0.965544 17485.8 16743.4 742.477 0 -30.6887 -31.9544 1 13026.9 316.126 12701 0.000118592
12800 1.54579 1.4923 0.0534919 0 0.965395 17640.5 16892.6 747.858 0 -30.6998 -31.9535 1 13126.9 317.337 12801 0.000116576
12900 1.6109 1.54906 0.0618424 0 0.96161 17801.1 17047.5 753.575 0 -30.7076 -31.5718 1 13226.9 318.544 12901 0.000120073
13000 1.56656 1.51124 0.0553231 0 0.964685 17958.1 17198.6 759.433 0 -30.7166 -31.731 1 13326.9 319.745 13001 0.00011624
13100 1.4905 1.4362 0.0543033 0 0.963567 18107.2 17342.2 764.924 0 -30.7261 -31.8656 1 13426.9 320.943 13101 0.000109625
13200 1.64779 1.57539 0.0723996 0 0.956062 18271 17499.8 771.197 0 -30.7285 -30.9939 1 13526.9 322.136 13201 0.000119338
13300 1.73029 1.6615 0.0687895 0 0.960244 18444.2 17665.9 778.244 0 -30.7318 -31.0874 1 13626.9 323.324 13301 0.000124916
13400 1.68009 1.61144 0.0686461 0 0.959141 18612.1 17827.1 785.068 0 -30.7364 -31.2396 1 13726.9 324.508 13401 0.000120248
13500 1.72949 1.66155 0.0679408 0 0.960716 18785.1 17993.2 791.88 0 -30.7402 -31.1469 1 13826.9 325.688 13501 0.000123069
13600 1.64509 1.58095 0.0641428 0 0.96101 18949.7 18151.3 798.36 0 -30.7454 -31.3425 1 13926.9 326.864 13601 0.000116238
13700 1.63202 1.56779 0.0642222 0 0.960649 19112.6 18308.1 804.509 0 -30.7499 -31.2685 1 14026.9 328.035 13701 0.000114429
13800 1.65208 1.59305 0.0590355 0 0.964266 19278.3 18467.4 810.879 0 -30.7556 -31.4166 1 14126.9 329.203 13801 0.00011543
13900 1.59313 1.53869 0.0544443 0 0.965826 19437.9 18621.3 816.642 0 -30.7645 -31.8431 1 14226.9 330.366 13901 0.000110689
14000 1.57343 1.52054 0.0528836 0 0.96639 19595.3 18773.3 821.989 0 -30.7744 -31.9978 1 14326.9 331.525 14001 0.000108602
14100 1.5526 1.49942 0.0531814 0 0.965747 19750.3 18923.3 827.063 0 -30.7844 -32.0464 1 14426.9 332.68 14101 0.000106334
14200 1.6192 1.56613 0.0530708 0 0.967224 19912.4 19079.9 832.499 0 -30.7938 -31.9309 1 14526.9 333.831 14201 0.000110283
14300 1.62872 1.56562 0.0631043 0 0.961255 20074.6 19236.5 838.12 0 -30.8005 -31.6334 1 14626.9 334.978 14301 0.000109476
14400 1.68217 1.62133 0.0608377 0 0.963834 20242.8 19398.6 844.232 0 -30.8081 -31.7156 1 14726.9 336.121 14401 0.000112585
14500 1.63234 1.57322 0.0591205 0 0.963782 20406.1 19555.9 850.204 0 -30.8168 -31.8949 1 14826.9 337.26 14501 0.000108491
14600 1.59782 1.53985 0.0579757 0 0.963716 20565.9 19709.9 856.018 0 -30.8259 -31.9848 1 14926.9 338.396 14601 0.000105462
14700 1.63116 1.57268 0.0584831 0 0.964146 20729.1 19867.2 861.972 0 -30.8342 -31.8733 1 15026.9 339.527 14701 0.000106978
14800 1.5952 1.53699 0.0582098 0 0.963509 20888.8 20020.9 867.963 0 -30.8437 -32.0768 1 15126.9 340.655 14801 0.000103844
14900 1.64134 1.57896 0.0623822 0 0.961993 21052.8 20178.8 874.062 0 -30.8498 -31.6273 1 15226.9 341.779 14901 0.000105964
15000 1.75728 1.69395 0.0633277 0 0.963963 21228.8 20348.1 880.612 0 -30.8561 -31.6184 1 15326.9 342.9 15001 0.000112922
15100 1.7017 1.6398 0.0619027 0 0.963623 21399.1 20512.1 887.007 0 -30.8631 -31.7271 1 15426.9 344.016 15101 0.000108589
15200 1.83356 1.76275 0.0708072 0 0.961383 21582 20688.4 893.632 0 -30.8657 -31.1738 1 15526.9 345.13 15201 0.000115963
15300 1.87231 1.80158 0.0707337 0 0.962221 21769.3 20868.6 900.741 0 -30.8673 -31.0491 1 15626.9 346.239 15301 0.000117742
15400 1.88104 1.81063 0.0704171 0 0.962565 21957.7 21049.6 908.052 0 -30.8703 -31.2231 1 15726.9 347.345 15401 0.000117565
15500 1.76218 1.70227 0.0599173 0 0.965998 22134.7 21219.9 914.867 0 -30.8767 -31.6715 1 15826.9 348.448 15501 0.000109817
15600 1.70904 1.64459 0.0644503 0 0.962289 22305.4 21384.3 921.12 0 -30.883 -31.6993 1 15926.9 349.547 15601 0.000105415
15700 1.86512 1.79583 0.069292 0 0.962849 22491.9 21563.9 927.961 0 -30.8879 -31.4675 1 16026.9 350.643 15701 0.000114377
15800 1.87146 1.80309 0.0683647 0 0.96347 22679.3 21744.2 935.09 0 -30.8928 -31.4861 1 16126.9 351.735 15801 0.000114113
15900 1.7673 1.70358 0.0637163 0 0.963947 22856.3 21914.6 941.706 0 -30.8981 -31.5788 1 16226.9 352.824 15901 0.000107137
16000 1.70014 1.64034 0.0598034 0 0.964824 23026.4 22078.6 947.852 0 -30.9051 -31.8415 1 16326.9 353.909 16001 0.000102515
16100 1.73436 1.67355 0.0608119 0 0.964937 23199.9 22245.9 953.919 0 -30.9094 -31.4794 1 16426.9 354.991 16101 0.000103941
16200 1.73791 1.67876 0.0591489 0 0.965965 23374 22413.8 960.206 0 -30.913 -31.3938 1 16526.9 356.07 16201 0.000103621
16300 1.75846 1.69278 0.065682 0 0.962648 23549.4 22583.1 966.304 0 -30.9176 -31.5261 1 16626.9 357.146 16301 0.000103845
16400 1.78541 1.72794 0.0574734 0 0.967809 23728.7 22755.9 972.826 0 -30.9232 -31.6566 1 16726.9 358.218 16401 0.000105356
16500 1.67349 1.62181 0.0516824 0 0.969117 23896.7 22918.1 978.622 0 -30.9299 -31.881 1 16826.9 359.287 16501 9.82855e-05
16600 1.65275 1.59561 0.05714 0 0.965427 24061.6 23077.6 983.921 0 -30.9368 -31.9355 1 16926.9 360.353 16601 9.61152e-05
16700 1.72173 1.66422 0.0575155 0 0.966594 24234 23244.1 989.898 0 -30.9423 -31.7084 1 17026.9 361.416 16701 9.96478e-05
16800 1.70971 1.65181 0.0578983 0 0.966136 24404.8 23409.2 995.581 0 -30.9478 -31.732 1 17126.9 362.476 16801 9.83165e-05
16900 1.75909 1.69349 0.0655984 0 0.962709 24580.2 23578.6 1001.57 0 -30.9522 -31.5624 1 17226.9 363.533 16901 0.000100201
17000 1.73278 1.6726 0.0601814 0 0.965269 24753.6 23745.9 1007.74 0 -30.9573 -31.6751 1 17326.9 364.586 17001 9.83823e-05
17100 1.64708 1.59185 0.0552307 0 0.966468 24918.5 23905 1013.47 0 -30.9633 -31.8712 1 17426.9 365.637 17101 9.30853e-05
17200 1.67542 1.61832 0.0571014 0 0.965918 25086.1 24066.9 1019.19 0 -30.9689 -31.8022 1 17526.9 366.684 17201 9.40828e-05
17300 1.65308 1.60045 0.052627 0 0.968164 25251.8 24226.9 1024.9 0 -30.9748 -31.8739 1 17626.9 367.729 17301 9.25063e-05
17400 1.62674 1.57442 0.0523223 0 0.967836 25414.7 24384.4 1030.33 0 -30.9806 -31.8766 1 17726.9 368.771 17401 9.04788e-05
17500 1.65261 1.59486 0.0577457 0 0.965058 25579.6 24543.8 1035.72 0 -30.9849 -31.6389 1 17826.9 369.809 17501 9.11299e-05
17600 1.6636 1.61144 0.0521616 0 0.968645 25746.4 24705 1041.45 0 -30.9894 -31.6851 1 17926.9 370.845 17601 9.1554e-05
17700 1.5735 1.52681 0.0466893 0 0.970328 25904.2 24857.7 1046.5 0 -30.9967 -32.1845 1 18026.9 371.878 17701 8.62555e-05
17800 1.67104 1.62128 0.0497593 0 0.970223 26071.5 25019.8 1051.66 0 -31.0021 -31.8483 1 18126.9 372.908 17801 9.10781e-05
17900 1.59519 1.54711 0.0480835 0 0.969857 26231.1 25174.5 1056.59 0 -31.0082 -31.9974 1 18226.9 373.935 17901 8.64259e-05
18000 1.61625 1.56739 0.048866 0 0.969766 26392.9 25331.2 1061.67 0 -31.0143 -31.9957 1 18326.9 374.959 18001 8.70721e-05
18100 1.64489 1.5907 0.0541952 0 0.967052 26557.4 25490.3 1067.12 0 -31.0198 -31.9032 1 18426.9 375.981 18101 8.7879e-05
18200 1.54204 1.49188 0.0501569 0 0.967474 26711.7 25639.5 1072.16 0 -31.027 -32.2764 1 18526.9 377 18201 8.19671e-05
18300 1.56514 1.51146 0.0536771 0 0.965705 26868.1 25790.6 1077.46 0 -31.0334 -32.1282 1 18626.9 378.016 18301 8.25891e-05
18400 1.5406 1.48888 0.051718 0 0.96643 27022.1 25939.5 1082.59 0 -31.041 -32.3692 1 18726.9 379.029 18401 8.09131e-05
18500 1.62658 1.56587 0.0607108 0 0.962676 27184.2 26096.1 1088.09 0 -31.0472 -32.0765 1 18826.9 380.04 18501 8.46369e-05
18600 1.62885 1.57415 0.0546977 0 0.966419 27347.1 26253.5 1093.59 0 -31.054 -32.1808 1 18926.9 381.048 18601 8.46274e-05
18700 1.67412 1.61538 0.0587404 0 0.964913 27514.6 26415.1 1099.49 0 -31.0595 -31.9641 1 19026.9 382.053 18701 8.63792e-05
18800 1.62294 1.56743 0.0555036 0 0.9658 27677.1 26571.8 1105.24 0 -31.0659 -32.1415 1 19126.9 383.056 18801 8.33696e-05
18900 1.65374 1.59257 0.061168 0 0.963012 27842 26731.1 1110.96 0 -31.0707 -31.8812 1 19226.9 384.056 18901 8.42585e-05
19000 1.61631 1.56338 0.0529277 0 0.967254 28004.2 26887.4 1116.78 0 -31.0761 -32.0074 1 19326.9 385.053 19001 8.22789e-05
19100 1.60393 1.54936 0.0545699 0 0.965977 28164.6 27042.4 1122.2 0 -31.0817 -32.0483 1 19426.9 386.048 19101 8.11142e-05
19200 1.77999 1.71284 0.0671503 0 0.962275 28342.2 27213.6 1128.55 0 -31.0844 -31.5233 1 19526.9 387.041 19201 8.92059e-05
19300 1.85219 1.78471 0.0674808 0 0.963567 28527.4 27392.1 1135.32 0 -31.0864 -31.3909 1 19626.9 388.03 19301 9.24671e-05
19400 1.7492 1.6859 0.063297 0 0.963814 28702.4 27560.7 1141.72 0 -31.0908 -31.798 1 19726.9 389.018 19401 8.68976e-05
19500 1.67971 1.62531 0.0543948 0 0.967617 28871 27723.2 1147.75 0 -31.0956 -31.9272 1 19826.9 390.002 19501 8.33451e-05
19600 1.70349 1.64197 0.0615177 0 0.963887 29041.2 27887.4 1153.73 0 -31.099 -31.6755 1 19926.9 390.985 19601 8.37696e-05
19700 1.72169 1.66152 0.0601674 0 0.965053 29213.5 28053.6 1159.9 0 -31.104 -31.9332 1 20026.9 391.964 19701 8.43369e-05
19800 1.71576 1.65215 0.063609 0 0.962927 29384.8 28218.8 1166.04 0 -31.1088 -31.9296 1 20126.9 392.942 19801 8.34378e-05
19900 1.78759 1.72279 0.0648008 0 0.96375 29563.7 28391.1 1172.67 0 -31.1131 -31.8197 1 20226.9 393.917 19901 8.6568e-05
20000 1.69574 1.63652 0.059224 0 0.965075 29733.7 28554.7 1179.01 0 -31.1187 -32.1044 1 20325.9 394.88 20000 8.18258e-05
