100 0.0102411 0.00840261 0.00183845 0 0.820482 0.884537 0.840261 0.044276 0 -26.552 -26.552 32 453.882 59.0081 4 0.00210065
200 0.0375259 0.0353155 0.00221036 0 0.941098 4.57364 4.37181 0.201824 0 -29.637 -30.3767 32 549.882 64.9493 7 0.00504508
300 0.0369323 0.0335458 0.00338648 0 0.908306 8.22884 7.7264 0.502446 0 -29.1866 -28.623 32 645.882 70.3909 10 0.00335458
400 0.0291248 0.0268102 0.00231462 0 0.920527 11.2009 10.4074 0.793531 0 -29.0541 -28.6873 32 741.882 75.441 13 0.00206232
500 0.0623682 0.0564384 0.00592982 0 0.904922 17.2703 16.0513 1.21905 0 -28.5363 -27.5806 32 837.882 80.1736 16 0.0035274
600 0.047435 0.0438224 0.00361267 0 0.92384 22.0783 20.4335 1.64484 0 -28.7333 -29.441 32 933.882 84.642 19 0.00230644
700 0.0334337 0.0302238 0.00320981 0 0.903995 25.466 23.4559 2.01009 0 -28.7384 -28.7719 32 1029.88 88.8861 22 0.00137381
800 0.0429839 0.0392126 0.00377124 0 0.912264 29.7357 27.3771 2.3586 0 -28.7654 -28.9265 32 1157.88 94.248 26 0.00150818
900 0.038506 0.0353787 0.00312737 0 0.918782 33.605 30.915 2.69004 0 -28.8091 -29.1446 32 1253.88 98.0773 29 0.00121995
1000 0.0448813 0.0403887 0.00449254 0 0.899902 37.9394 34.9539 2.98555 0 -28.718 -28.0121 32 1349.88 101.763 32 0.00126215
1100 0.0647335 0.0607133 0.00402021 0 0.937896 44.4246 41.0252 3.3994 0 -28.7398 -28.8668 32 1445.88 105.319 35 0.00173466
1200 0.0474754 0.0442184 0.00325704 0 0.931395 49.1992 45.447 3.75211 0 -28.8368 -29.7398 32 1541.88 108.759 38 0.00116364
1300 0.0412948 0.0387135 0.00258126 0 0.937492 53.3879 49.3184 4.06947 0 -28.8723 -29.2894 32 1637.88 112.094 41 0.000944232
1400 0.0417383 0.0385994 0.00313898 0 0.924794 57.4971 53.1783 4.31877 0 -28.9057 -29.339 32 1733.88 115.332 44 0.000877258
1500 0.0450078 0.0419571 0.00305073 0 0.932218 61.9921 57.374 4.61805 0 -29.0146 -30.4074 32 1829.88 118.482 47 0.000892704
1600 0.0356684 0.0336688 0.00199959 0 0.943939 65.5878 60.7409 4.84687 0 -29.1324 -31.164 32 1957.88 122.556 51 0.000660172
1700 0.0360742 0.033985 0.00208913 0 0.942088 69.1731 64.1394 5.03372 0 -29.2443 -31.2903 32 2053.88 125.524 54 0.000629352
1800 0.0402522 0.0367383 0.00351391 0 0.912703 73.0253 67.8132 5.21201 0 -29.2321 -29.0132 32 2149.88 128.424 57 0.000644531
1900 0.0396029 0.0376458 0.00195702 0 0.950584 77.0165 71.5778 5.43865 0 -29.3491 -31.4902 32 2245.88 131.26 60 0.000627431
2000 0.0343241 0.0324931 0.00183096 0 0.946657 80.4419 74.8271 5.61474 0 -29.4276 -31.1939 32 2341.88 134.036 63 0.000515763
2100 0.0327118 0.0316572 0.00105466 0 0.967759 83.7489 77.9929 5.75605 0 -29.5385 -32.2358 32 2437.88 136.756 66 0.000479654
2200 0.0388531 0.0372984 0.00155472 0 0.959985 87.6196 81.7227 5.89687 0 -29.6399 -31.8335 32 2533.88 139.423 69 0.000540556
2300 0.0541581 0.0518004 0.00235764 0 0.956467 93.029 86.9027 6.12627 0 -29.7102 -30.849 32 2629.88 142.039 72 0.00071945
2400 0.045056 0.0434522 0.0016038 0 0.964404 97.5821 91.248 6.33413 0 -29.7968 -31.566 32 2757.88 145.455 76 0.00057174
2500 0.0395272 0.037221 0.00230622 0 0.941655 101.452 94.9701 6.48221 0 -29.8296 -30.6568 32 2853.88 147.965 79 0.000471151
2600 0.0701762 0.066277 0.00389914 0 0.944438 108.373 101.598 6.77543 0 -29.6204 -26.5539 32 2949.88 150.433 82 0.000808256
2700 0.0570298 0.0543015 0.0027283 0 0.95216 114.078 107.028 7.05042 0 -29.5313 -27.8379 32 3045.88 152.861 85 0.000638841
2800 0.0512469 0.049314 0.00193288 0 0.962283 119.256 111.959 7.29657 0 -29.4932 -28.655 32 3141.88 155.251 88 0.000560387
2900 0.0412784 0.0398281 0.0014503 0 0.964865 123.401 115.942 7.45916 0 -29.4898 -29.3915 32 3237.88 157.605 91 0.000437671
3000 0.0411691 0.0398564 0.00131271 0 0.968114 127.567 119.928 7.639 0 -29.4975 -29.7267 32 3333.88 159.925 94 0.000424004
3100 0.0593488 0.0572854 0.00206338 0 0.965233 133.57 125.656 7.91396 0 -29.5779 -31.2849 32 3429.88 162.211 97 0.000590572
3200 0.0422917 0.0404279 0.00186377 0 0.955931 137.827 129.699 8.12797 0 -29.6326 -31.3495 32 3557.88 165.21 101 0.000400276
3300 0.0422024 0.0403079 0.00189447 0 0.95511 142.077 133.73 8.34683 0 -29.6773 -31.1282 32 3653.88 167.424 104 0.000387576
3400 0.0393219 0.037881 0.00144089 0 0.963357 146.021 137.518 8.50323 0 -29.7064 -30.755 32 3749.88 169.609 107 0.000354028
3500 0.0404745 0.0384768 0.00199767 0 0.950644 150.037 141.366 8.67103 0 -29.7032 -29.584 32 3845.88 171.766 110 0.000349789
3600 0.04009 0.0385592 0.00153078 0 0.961817 154.086 145.222 8.8649 0 -29.7058 -29.805 32 3941.88 173.897 113 0.000341232
3700 0.0394726 0.0381068 0.00136581 0 0.965399 158.051 149.032 9.01876 0 -29.7446 -31.2511 32 4037.88 176.002 116 0.000328507
3800 0.0375876 0.0364768 0.00111085 0 0.970446 161.841 152.68 9.16105 0 -29.799 -32.0685 32 4133.88 178.082 119 0.000306527
3900 0.0398469 0.0386927 0.00115413 0 0.971036 165.871 156.549 9.32183 0 -29.8371 -31.3644 32 4229.88 180.138 122 0.000317154
4000 0.0397267 0.0384815 0.00124517 0 0.968657 169.874 160.397 9.47618 0 -29.8573 -30.6972 32 4357.88 182.843 126 0.000305409
4100 0.0558366 0.0535882 0.00224841 0 0.959732 175.44 165.756 9.68399 0 -29.7856 -27.5969 32 4453.88 184.846 129 0.000415412
4200 0.0441551 0.0419527 0.00220239 0 0.950122 179.815 169.951 9.86336 0 -29.7544 -28.5048 32 4549.88 186.827 132 0.000317824
4300 0.0429165 0.0410564 0.00186009 0 0.956658 184.12 174.057 10.063 0 -29.7403 -29.1515 32 4645.88 188.788 135 0.000304121
4400 0.0418773 0.0394317 0.00244558 0 0.941601 188.214 178 10.2142 0 -29.7113 -28.4027 32 4741.88 190.728 138 0.000285737
4500 0.0588691 0.0564446 0.00242457 0 0.958814 194.19 183.645 10.5455 0 -29.6698 -28.3633 32 4837.88 192.649 141 0.000400316
4600 0.0408834 0.0395907 0.00129271 0 0.968381 198.345 187.604 10.7414 0 -29.6712 -29.7395 32 4933.88 194.551 144 0.000274936
4700 0.0414768 0.0406344 0.000842418 0 0.979689 202.533 191.667 10.866 0 -29.6914 -30.6489 32 5029.88 196.435 147 0.000276424
4800 0.0602378 0.058492 0.0017458 0 0.971018 208.594 197.516 11.0778 0 -29.6508 -28.2938 32 5157.88 198.919 151 0.000387364
4900 0.0433683 0.0418911 0.00147719 0 0.965938 212.936 201.706 11.2305 0 -29.6583 -30.0191 32 5253.88 200.761 154 0.00027202
5000 0.0385776 0.0377077 0.000869983 0 0.977449 216.822 205.476 11.3457 0 -29.6776 -30.732 32 5349.88 202.587 157 0.000240176
5100 0.0436982 0.0424485 0.00124972 0 0.971401 221.186 209.721 11.4653 0 -29.6762 -29.6067 32 5445.88 204.397 160 0.000265303
5200 0.0467058 0.0450677 0.0016381 0 0.964927 225.844 214.228 11.6158 0 -29.6885 -30.2755 32 5541.88 206.191 163 0.000276489
5300 0.0447827 0.0420614 0.0027213 0 0.939233 230.207 218.434 11.7733 0 -29.6953 -30.0448 32 5637.88 207.969 166 0.000253382
5400 0.0572226 0.0547975 0.00242508 0 0.95762 235.962 223.914 12.0485 0 -29.6733 -28.795 32 5733.88 209.732 169 0.000324246
5500 0.0643412 0.0621084 0.00223273 0 0.965299 242.466 230.125 12.3416 0 -29.652 -28.8769 32 5829.88 211.48 172 0.000361096
5600 0.0494099 0.0473022 0.00210772 0 0.957342 247.442 234.855 12.5867 0 -29.6512 -29.6115 32 5957.88 213.789 176 0.000268762
5700 0.0496275 0.0468555 0.002772 0 0.944144 252.337 239.54 12.797 0 -29.6455 -29.3615 32 6053.88 215.505 179 0.000261762
5800 0.0652278 0.0632115 0.0020163 0 0.969088 258.945 245.862 13.0834 0 -29.6697 -30.5923 32 6149.88 217.207 182 0.000347316
5900 0.0522134 0.0500415 0.00217194 0 0.958403 264.152 250.866 13.2859 0 -29.6863 -30.5137 32 6245.88 218.896 185 0.000270495
6000 0.0486793 0.0470815 0.00159773 0 0.967178 269.025 255.574 13.4511 0 -29.7048 -30.7044 32 6341.88 220.571 188 0.000250434
6100 0.0537582 0.0509249 0.00283333 0 0.947295 274.328 260.666 13.6619 0 -29.7167 -30.322 32 6437.88 222.235 191 0.000266623
6200 0.0619355 0.0591291 0.00280636 0 0.954689 280.562 266.579 13.9824 0 -29.7193 -29.8354 32 6533.88 223.885 194 0.000304789
6300 0.0448548 0.0428568 0.00199794 0 0.955458 285.073 270.865 14.2085 0 -29.7368 -30.8206 32 6629.88 225.524 197 0.000217547
6400 0.0390425 0.0372217 0.00182083 0 0.953363 288.987 274.587 14.3996 0 -29.756 -31.1568 32 6757.88 227.691 201 0.000185182
6500 0.0384907 0.0366498 0.00184094 0 0.952172 292.805 278.252 14.5532 0 -29.7744 -31.1678 32 6853.88 229.302 204 0.000179656
6600 0.050544 0.0479468 0.0025972 0 0.948615 297.836 283.047 14.7892 0 -29.7899 -30.6891 32 6949.88 230.903 207 0.000231627
6700 0.0423588 0.0415032 0.000855582 0 0.979802 302.134 287.197 14.9371 0 -29.8186 -31.8131 32 7045.88 232.492 210 0.000197634
6800 0.0406417 0.039467 0.00117478 0 0.971094 306.189 291.144 15.0447 0 -29.8491 -32.1163 32 7141.88 234.07 213 0.000185291
6900 0.0385351 0.0374903 0.00104486 0 0.972886 310.05 294.893 15.1572 0 -29.8706 -31.5801 32 7237.88 235.638 216 0.000173566
7000 0.0330754 0.0326259 0.000449483 0 0.98641 313.393 298.155 15.238 0 -29.9001 -32.6349 32 7333.88 237.196 219 0.000148977
7100 0.0294887 0.0291819 0.000306817 0 0.989595 316.351 301.074 15.2775 0 -29.9336 -33.4825 32 7429.88 238.743 222 0.00013145
7200 0.0411478 0.0395966 0.00155124 0 0.962301 320.438 305.033 15.4047 0 -29.9347 -30.0155 32 7557.88 240.791 226 0.000175206
7300 0.0432414 0.0412082 0.00203318 0 0.952981 324.724 309.154 15.5699 0 -29.9304 -29.6132 32 7653.88 242.315 229 0.000179948
7400 0.0537777 0.0498364 0.00394137 0 0.92671 329.988 314.138 15.85 0 -29.9023 -28.1666 32 7749.88 243.83 232 0.000214812
7500 0.0518753 0.0488286 0.00304664 0 0.94127 335.196 319.021 16.175 0 -29.9019 -29.8784 32 7845.88 245.336 235 0.000207781
7600 0.0669318 0.0640961 0.00283568 0 0.957633 341.894 325.43 16.464 0 -29.9383 -31.7596 32 7941.88 246.832 238 0.000269311
7700 0.0548143 0.052552 0.00226228 0 0.958728 347.41 330.685 16.7251 0 -29.9712 -32.0123 32 8037.88 248.32 241 0.000218058
7800 0.0682034 0.0653323 0.0028711 0 0.957904 354.249 337.219 17.0308 0 -29.9861 -30.7404 32 8133.88 249.798 244 0.000267755
7900 0.0525945 0.0503656 0.00222887 0 0.957622 359.555 342.255 17.3 0 -30.0062 -31.3488 32 8229.88 251.268 247 0.000203909
8000 0.0437445 0.042094 0.00165054 0 0.962269 363.95 346.465 17.4858 0 -30.0318 -32.1236 32 8357.88 253.214 251 0.000167705
8100 0.042839 0.0408536 0.00198543 0 0.953654 368.198 350.55 17.6482 0 -30.0557 -32.1027 32 8453.88 254.664 254 0.000160841
8200 0.0402365 0.0387803 0.00145621 0 0.963809 372.229 354.428 17.8012 0 -30.085 -32.7675 32 8549.88 256.106 257 0.000150896
8300 0.0405055 0.0388894 0.00161606 0 0.960103 376.273 358.317 17.9564 0 -30.1056 -32.0029 32 8645.88 257.54 260 0.000149575
8400 0.0480047 0.0461611 0.0018436 0 0.961595 381.088 362.933 18.1547 0 -30.1093 -30.3992 32 8741.88 258.966 263 0.000175518
8500 0.0426546 0.0410062 0.00164836 0 0.961356 385.363 367.034 18.3296 0 -30.1167 -30.775 32 8837.88 260.384 266 0.000154159
8600 0.0562907 0.0543055 0.00198513 0 0.964734 391.019 372.464 18.555 0 -30.1271 -30.8337 32 8933.88 261.794 269 0.000201879
8700 0.0443554 0.0432598 0.00109567 0 0.975298 395.486 376.79 18.6962 0 -30.1413 -31.3813 32 9029.88 263.197 272 0.000159043
8800 0.0409657 0.0399863 0.000979372 0 0.976093 399.596 380.789 18.8071 0 -30.1646 -32.4115 32 9157.88 265.056 276 0.000144878
8900 0.0393672 0.0377383 0.00162893 0 0.958622 403.47 384.563 18.9074 0 -30.1835 -32.1299 32 9253.88 266.442 279 0.000135263
9000 0.0459175 0.0448651 0.00105237 0 0.977081 408.064 389.049 19.0146 0 -30.1982 -31.494 32 9349.88 267.82 282 0.000159096
9100 0.0426529 0.0410012 0.00165168 0 0.961276 412.268 393.149 19.1189 0 -30.2109 -31.437 32 9445.88 269.191 285 0.000143864
9200 0.0405998 0.0396658 0.000934074 0 0.976993 416.383 397.116 19.2668 0 -30.2321 -32.3552 32 9541.88 270.556 288 0.000137728
9300 0.0412714 0.0401916 0.00107983 0 0.973836 420.539 401.135 19.4038 0 -30.2424 -31.2807 32 9637.88 271.914 291 0.000138115
9400 0.044688 0.0429201 0.00176792 0 0.960439 424.939 405.427 19.5122 0 -30.2434 -30.3359 32 9733.88 273.264 294 0.000145987
9500 0.0547194 0.0522441 0.0024753 0 0.954764 430.353 410.651 19.702 0 -30.2298 -29.1596 32 9829.88 274.609 297 0.000175906
9600 0.0511578 0.0494914 0.00166647 0 0.967425 435.527 415.601 19.9263 0 -30.2366 -30.809 32 9957.88 276.391 301 0.000164423
9700 0.0466458 0.0453129 0.00133292 0 0.971425 440.225 420.132 20.0932 0 -30.2526 -31.7314 32 10053.9 277.72 304 0.000149056
9800 0.0444463 0.042732 0.00171429 0 0.96143 444.63 424.405 20.2246 0 -30.2687 -31.8796 32 10149.9 279.043 307 0.000139192
9900 0.0394765 0.0389639 0.00051263 0 0.987014 448.632 428.301 20.3307 0 -30.2914 -32.8159 32 10245.9 280.359 310 0.00012569
10000 0.0391132 0.0382709 0.000842383 0 0.978463 452.52 432.129 20.3915 0 -30.3146 -32.9862 32 10341.9 281.67 313 0.000122271
10100 0.0515972 0.0498608 0.0017364 0 0.966347 457.648 437.115 20.5338 0 -30.3196 -30.7632 32 10437.9 282.974 316 0.000157787
10200 0.0493121 0.0475065 0.0018056 0 0.963384 462.565 441.865 20.6993 0 -30.3212 -30.4724 32 10533.9 284.272 319 0.000148923
10300 0.0416762 0.0407138 0.000962345 0 0.976909 466.769 445.937 20.8326 0 -30.3327 -31.5892 32 10629.9 285.565 322 0.00012644
10400 0.0415494 0.0404723 0.0010771 0 0.974077 470.936 449.984 20.9519 0 -30.3526 -32.5827 32 10757.9 287.279 326 0.000124148
10500 0.0731514 0.0701417 0.00300974 0 0.958856 478.189 456.998 21.1914 0 -30.3219 -28.3288 32 10853.9 288.558 329 0.000213197
10600 0.0543133 0.0526006 0.00171265 0 0.968467 483.655 462.258 21.3964 0 -30.3177 -29.9519 32 10949.9 289.831 332 0.000158436
10700 0.0655917 0.0627429 0.00284884 0 0.956567 490.156 468.532 21.624 0 -30.3124 -29.9191 32 11045.9 291.099 335 0.000187292
10800 0.0609821 0.0587306 0.00225147 0 0.96308 496.256 474.405 21.8505 0 -30.3191 -30.8594 32 11141.9 292.361 338 0.000173759
10900 0.0643077 0.0609006 0.00340713 0 0.947018 502.574 480.496 22.0783 0 -30.3228 -30.6141 32 11237.9 293.618 341 0.000178594
11000 0.0559316 0.054484 0.00144758 0 0.974119 508.238 485.944 22.2942 0 -30.3401 -31.8746 32 11333.9 294.869 344 0.000158384
11100 0.0481296 0.0469899 0.00113973 0 0.97632 513.111 490.643 22.4678 0 -30.3607 -32.5073 32 11429.9 296.115 347 0.000135417
11200 0.0583503 0.0563345 0.00201577 0 0.965454 518.947 496.276 22.6706 0 -30.3682 -31.0302 32 11557.9 297.769 351 0.000160497
11300 0.0563319 0.0541734 0.00215852 0 0.961682 524.572 501.694 22.8779 0 -30.3727 -30.7866 32 11653.9 299.003 354 0.000153032
11400 0.0523935 0.0508005 0.00159305 0 0.969594 529.842 506.774 23.068 0 -30.3778 -30.8848 32 11749.9 300.232 357 0.000142298
11500 0.0483055 0.0466351 0.0016704 0 0.96542 534.613 511.437 23.1758 0 -30.3825 -30.8974 32 11845.9 301.456 360 0.000129542
11600 0.0560147 0.0545035 0.00151126 0 0.97302 540.227 516.888 23.3395 0 -30.3857 -30.6957 32 11941.9 302.675 363 0.000150147
11700 0.0500771 0.048589 0.00148808 0 0.970284 545.219 521.746 23.4726 0 -30.3938 -31.2667 32 12037.9 303.889 366 0.000132757
11800 0.0473307 0.0465045 0.0008262 0 0.982544 550.002 526.397 23.6055 0 -30.4 -31.1063 32 12133.9 305.098 369 0.000126029
11900 0.0585077 0.0565817 0.00192598 0 0.967082 555.825 532.055 23.7694 0 -30.4126 -31.6044 32 12229.9 306.303 372 0.000152101
12000 0.059044 0.0568672 0.00217689 0 0.963131 561.693 537.742 23.9508 0 -30.4207 -31.1898 32 12357.9 307.902 376 0.000151242
12100 0.0535692 0.0517723 0.00179689 0 0.966457 567.052 542.919 24.1331 0 -30.4335 -31.7789 32 12453.9 309.095 379 0.000136602
12200 0.0452781 0.0441682 0.00110989 0 0.975487 571.589 547.336 24.253 0 -30.4492 -32.4001 32 12549.9 310.284 382 0.000115624
12300 0.0432624 0.0423066 0.000955831 0 0.977906 575.905 551.567 24.3382 0 -30.4701 -33.2412 32 12645.9 311.469 385 0.000109887
12400 0.0385037 0.0378133 0.000690402 0 0.982069 579.764 555.348 24.416 0 -30.4885 -33.2426 32 12741.9 312.649 388 9.7457e-05
12500 0.0413805 0.0407329 0.000647572 0 0.984351 583.894 559.421 24.4726 0 -30.5061 -32.9709 32 12837.9 313.824 391 0.000104176
12600 0.0374612 0.0369465 0.000514734 0 0.98626 587.648 563.116 24.532 0 -30.5224 -33.0636 32 12933.9 314.996 394 9.37729e-05
12700 0.0346311 0.0342512 0.000379974 0 0.989028 591.118 566.541 24.5775 0 -30.5391 -33.3625 32 13029.9 316.162 397 8.6275e-05
12800 0.0419188 0.040466 0.00145281 0 0.965342 595.264 570.588 24.677 0 -30.5521 -32.4038 32 13157.9 317.712 401 0.000100913
12900 0.0577431 0.0553463 0.00239684 0 0.958491 601.045 576.122 24.923 0 -30.5375 -29.0395 32 13253.9 318.868 404 0.000136996
13000 0.0826513 0.0775753 0.00507592 0 0.938586 609.139 583.88 25.2596 0 -30.5003 -27.7319 32 13349.9 320.021 407 0.000190603
13100 0.0794769 0.0755949 0.00388202 0 0.951155 617.128 591.439 25.6884 0 -30.4953 -30.1166 32 13445.9 321.17 410 0.000184378
13200 0.0606541 0.0574087 0.00324542 0 0.946493 623.221 597.18 26.0408 0 -30.4934 -30.3011 32 13541.9 322.314 413 0.000139004
13300 0.0524708 0.0500752 0.00239557 0 0.954345 628.511 602.188 26.3229 0 -30.4979 -31.0252 32 13637.9 323.455 416 0.000120373
13400 0.0490384 0.0467757 0.00226266 0 0.953859 633.443 606.865 26.578 0 -30.5028 -31.1271 32 13733.9 324.591 419 0.000111637
13500 0.0480246 0.0464692 0.00155542 0 0.967612 638.295 611.512 26.7831 0 -30.5126 -31.8015 32 13829.9 325.724 422 0.000110116
13600 0.0440495 0.0426885 0.00136096 0 0.969104 642.74 615.781 26.9595 0 -30.5207 -31.68 32 13957.9 327.228 426 0.000100208
13700 0.0415775 0.0405395 0.00103794 0 0.975036 646.926 619.835 27.0911 0 -30.5299 -31.9474 32 14053.9 328.351 429 9.44977e-05
13800 0.0453015 0.042287 0.00301456 0 0.933456 651.279 624.064 27.2152 0 -30.5277 -30.1939 32 14149.9 329.47 432 9.78865e-05
13900 0.0473202 0.0460696 0.00125063 0 0.973571 656.055 628.671 27.3843 0 -30.529 -30.7065 32 14245.9 330.586 435 0.000105907
14000 0.0416728 0.0405311 0.00114174 0 0.972602 660.234 632.724 27.51 0 -30.5339 -31.3091 32 14341.9 331.698 438 9.25368e-05
14100 0.0373681 0.0366807 0.000687309 0 0.981607 663.991 636.392 27.5992 0 -30.5438 -32.2838 32 14437.9 332.807 441 8.31763e-05
14200 0.0354672 0.0349227 0.000544447 0 0.984649 667.541 639.884 27.6566 0 -30.5557 -32.7665 32 14533.9 333.911 444 7.86548e-05
14300 0.0424002 0.041673 0.000727229 0 0.982848 671.812 644.051 27.7603 0 -30.5648 -31.995 32 14629.9 335.012 447 9.32281e-05
14400 0.043546 0.0424302 0.00111577 0 0.974377 676.182 648.294 27.8873 0 -30.5761 -32.313 32 14757.9 336.474 451 9.40804e-05
14500 0.0404419 0.0396737 0.000768181 0 0.981005 680.252 652.262 27.9908 0 -30.5889 -32.7085 32 14853.9 337.567 454 8.7387e-05
14600 0.0609831 0.0574521 0.00353101 0 0.942099 686.179 658.007 28.1718 0 -30.596 -31.4187 32 14949.9 338.656 457 0.000125716
14700 0.0641066 0.0623869 0.00171962 0 0.973176 692.632 664.246 28.3869 0 -30.6083 -31.9158 32 15045.9 339.742 460 0.000135624
14800 0.0595712 0.0571372 0.00243405 0 0.959141 698.531 669.959 28.5722 0 -30.6109 -30.9079 32 15141.9 340.824 463 0.000123406
14900 0.0569895 0.0556686 0.00132089 0 0.976822 704.259 675.526 28.7332 0 -30.6176 -31.4338 32 15237.9 341.903 466 0.00011946
15000 0.0467355 0.045855 0.000880521 0 0.981159 708.963 680.112 28.8518 0 -30.6299 -32.4823 32 15333.9 342.978 469 9.77718e-05
15100 0.0538223 0.052514 0.00130832 0 0.975692 714.365 685.363 29.0017 0 -30.6401 -31.9707 32 15429.9 344.05 472 0.000111259
15200 0.0573491 0.0556723 0.00167676 0 0.970762 720.141 690.93 29.2105 0 -30.6488 -31.7332 32 15557.9 345.474 476 0.000116959
15300 0.0487822 0.0475147 0.00126748 0 0.974018 725.053 695.682 29.3708 0 -30.6596 -32.2315 32 15653.9 346.538 479 9.91957e-05
15400 0.0465825 0.0451297 0.00145279 0 0.968813 729.707 700.195 29.5123 0 -30.6642 -31.386 32 15749.9 347.599 482 9.36301e-05
15500 0.0583891 0.0559888 0.00240035 0 0.95889 735.486 705.794 29.692 0 -30.6644 -30.6848 32 15845.9 348.657 485 0.000115441
15600 0.054183 0.0523617 0.00182126 0 0.966387 740.905 711.03 29.8754 0 -30.6711 -31.5902 32 15941.9 349.711 488 0.000107299
15700 0.0490943 0.047668 0.00142637 0 0.970946 745.847 715.797 30.0509 0 -30.6779 -31.6945 32 16037.9 350.763 491 9.70834e-05
15800 0.0456749 0.044266 0.00140886 0 0.969155 750.437 720.223 30.2138 0 -30.6884 -32.3921 32 16133.9 351.811 494 8.96073e-05
15900 0.0561495 0.0538141 0.00233539 0 0.958408 755.961 725.605 30.3569 0 -30.6988 -32.1116 32 16229.9 352.856 497 0.000108278
16000 0.0578206 0.0561034 0.00171719 0 0.970301 761.775 731.215 30.5603 0 -30.7129 -32.5497 32 16357.9 354.245 501 0.000111983
16100 0.0582928 0.0559983 0.00229443 0 0.96064 767.589 736.815 30.7743 0 -30.7267 -32.5285 32 16453.9 355.283 504 0.000111108
16200 0.0545747 0.0529131 0.00166166 0 0.969553 773.074 742.106 30.9682 0 -30.7451 -33.3248 32 16549.9 356.318 507 0.000104365
16300 0.0502453 0.048731 0.00151428 0 0.969862 778.106 746.979 31.127 0 -30.7632 -33.5506 32 16645.9 357.35 510 9.5551e-05
16400 0.0538215 0.0522097 0.00161182 0 0.970052 783.514 752.2 31.3142 0 -30.7773 -32.7982 32 16741.9 358.379 513 0.000101773
16500 0.0515051 0.0503115 0.00119364 0 0.976825 788.707 757.231 31.4755 0 -30.7949 -33.4549 32 16837.9 359.405 516 9.75029e-05
16600 0.0445684 0.0436997 0.000868643 0 0.98051 793.182 761.601 31.5811 0 -30.8123 -33.8716 32 16933.9 360.428 519 8.41999e-05
16700 0.0701739 0.0680251 0.00214883 0 0.969378 800.224 768.404 31.8201 0 -30.8071 -30.227 32 17029.9 361.448 522 0.000130316
16800 0.0559465 0.0543666 0.00157984 0 0.971762 805.85 773.84 32.0097 0 -30.8107 -31.3194 32 17157.9 362.804 526 0.000103359
16900 0.060572 0.0575218 0.00305021 0 0.949643 811.811 779.593 32.2182 0 -30.8179 -31.7839 32 17253.9 363.817 529 0.000108737
17000 0.05848 0.0558789 0.0026011 0 0.955522 817.647 785.18 32.4665 0 -30.8292 -32.4062 32 17349.9 364.828 532 0.000105036
17100 0.0592744 0.0566863 0.00258803 0 0.956338 823.523 790.849 32.6738 0 -30.8378 -32.0426 32 17445.9 365.836 535 0.000105956
17200 0.054819 0.0534978 0.00132123 0 0.975898 829.088 796.199 32.8895 0 -30.8519 -32.9352 32 17541.9 366.841 538 9.94383e-05
17300 0.0466896 0.0455763 0.00111334 0 0.976155 833.775 800.757 33.0188 0 -30.8645 -33.0822 32 17637.9 367.844 541 8.42445e-05
17400 0.0422689 0.0413523 0.000916685 0 0.978313 838.022 804.892 33.1298 0 -30.8801 -33.9483 32 17733.9 368.843 544 7.60152e-05
17500 0.0402751 0.0394086 0.00086644 0 0.978487 842.058 808.833 33.2254 0 -30.8966 -34.3256 32 17829.9 369.84 547 7.2045e-05
17600 0.0490309 0.0476118 0.00141919 0 0.971055 846.99 813.594 33.3958 0 -30.9061 -32.5207 32 17957.9 371.166 551 8.64097e-05
17700 0.0458211 0.0446045 0.00121667 0 0.973447 851.58 818.054 33.5255 0 -30.9163 -32.8145 32 18053.9 372.156 554 8.05135e-05
17800 0.0497626 0.0484836 0.00127898 0 0.974298 856.589 822.903 33.6864 0 -30.9327 -33.7117 32 18149.9 373.144 557 8.70442e-05
17900 0.0472019 0.0460757 0.00112626 0 0.97614 861.322 827.51 33.8118 0 -30.9486 -33.8189 32 18245.9 374.13 560 8.2278e-05
18000 0.0410227 0.0401294 0.00089327 0 0.978225 865.432 831.523 33.9091 0 -30.9649 -34.3968 32 18341.9 375.113 563 7.12778e-05
18100 0.045304 0.0429971 0.00230687 0 0.94908 869.845 835.823 34.022 0 -30.9697 -31.9124 32 18437.9 376.093 566 7.59667e-05
18200 0.0601524 0.058555 0.00159744 0 0.973443 875.924 841.678 34.2461 0 -30.9801 -32.4637 32 18533.9 377.071 569 0.000102909
18300 0.0458413 0.0449808 0.000860494 0 0.981229 880.543 846.176 34.3666 0 -30.994 -33.6378 32 18629.9 378.046 572 7.86377e-05
18400 0.0479891 0.0467626 0.00122651 0 0.974442 885.346 850.853 34.4932 0 -31.0047 -32.9506 32 18757.9 379.343 576 8.1185e-05
18500 0.0444601 0.0430443 0.00141576 0 0.968157 889.752 855.157 34.5947 0 -31.0145 -32.9874 32 18853.9 380.312 579 7.43425e-05
18600 0.0449473 0.0436051 0.00134217 0 0.970139 894.225 859.518 34.7075 0 -31.022 -32.5247 32 18949.9 381.279 582 7.49228e-05
18700 0.0516504 0.0499327 0.00171765 0 0.966745 899.366 864.511 34.8556 0 -31.0285 -32.1521 32 19045.9 382.244 585 8.53551e-05
18800 0.0446064 0.0433756 0.00123078 0 0.972408 903.823 868.848 34.9746 0 -31.0375 -32.8621 32 19141.9 383.206 588 7.37681e-05
18900 0.0385782 0.0379547 0.000623505 0 0.983838 907.706 872.644 35.0618 0 -31.0495 -33.8318 32 19237.9 384.166 591 6.42212e-05
19000 0.0442634 0.0430789 0.00118446 0 0.973241 912.126 876.952 35.1738 0 -31.0528 -31.743 32 19333.9 385.123 594 7.25234e-05
19100 0.0401154 0.0394204 0.000695056 0 0.982674 916.172 880.894 35.2777 0 -31.0591 -32.4698 32 19429.9 386.078 597 6.60307e-05
19200 0.0376509 0.0369383 0.000712611 0 0.981073 919.956 884.588 35.3685 0 -31.0662 -32.7915 32 19557.9 387.348 601 6.14613e-05
19300 0.0364832 0.035678 0.000805172 0 0.97793 923.605 888.155 35.4498 0 -31.0778 -33.9923 32 19653.9 388.297 604 5.90696e-05
19400 0.0369068 0.0357814 0.0011254 0 0.969507 927.27 891.734 35.5369 0 -31.0846 -32.8086 32 19749.9 389.244 607 5.89479e-05
19500 0.0366012 0.0357134 0.000887788 0 0.975744 930.929 895.305 35.6238 0 -31.0927 -33.1451 32 19845.9 390.189 610 5.85466e-05
19600 0.0374766 0.0361749 0.00130172 0 0.965266 934.645 898.922 35.7229 0 -31.0978 -32.3573 32 19941.9 391.132 613 5.90129e-05
19700 0.0535993 0.0509193 0.00268005 0 0.949998 939.874 904.014 35.8598 0 -31.0886 -29.4508 32 20037.9 392.072 616 8.26611e-05
19800 0.0573042 0.0553478 0.0019564 0 0.965859 945.614 909.549 36.0651 0 -31.0814 -29.9015 32 20133.9 393.01 619 8.94148e-05
19900 0.0501032 0.0480678 0.00203549 0 0.959374 950.606 914.356 36.25 0 -31.0803 -30.867 32 20229.9 393.946 622 7.72794e-05
20000 0.0446404 0.0432439 0.0013965 0 0.968717 955.089 918.68 36.4083 0 -31.0834 -31.7567 32 20357.9 395.19 626 6.90798e-05
