100 0.0228129 0.021041 0.00177198 0 0.922326 2.20197 2.1041 0.097875 0 -27.1119 -27.1119 32 453.882 59.0081 4 0.00526024
200 0.0285314 0.025364 0.0031674 0 0.888985 4.91052 4.64049 0.270021 0 -26.3202 -25.6766 32 549.882 64.9493 7 0.00362343
300 0.0293264 0.0278967 0.00142977 0 0.951246 7.89446 7.43016 0.464301 0 -26.3683 -26.4475 32 645.882 70.3909 10 0.00278967
400 0.0219457 0.020406 0.00153965 0 0.929843 10.0821 9.47076 0.611387 0 -26.4858 -26.9099 32 741.882 75.441 13 0.00156969
500 0.052085 0.049915 0.00217 0 0.958337 15.3595 14.4623 0.897225 0 -27.2833 -28.8067 32 837.882 80.1736 16 0.00311969
600 0.0363545 0.034069 0.00228551 0 0.937133 18.9984 17.8692 1.12927 0 -27.5929 -28.8998 32 933.882 84.642 19 0.0017931
700 0.0321735 0.0305231 0.00165042 0 0.948702 22.2481 20.9215 1.32658 0 -27.8191 -29.1417 32 1029.88 88.8861 22 0.00138741
800 0.0252752 0.0242994 0.000975799 0 0.961393 24.8071 23.3514 1.45571 0 -28.0782 -30.3306 32 1157.88 94.248 26 0.000934591
900 0.0294958 0.0277287 0.00176703 0 0.940092 27.7345 26.1243 1.61018 0 -28.2988 -30.1683 32 1253.88 98.0773 29 0.000956163
1000 0.0246956 0.0239039 0.000791691 0 0.967942 30.2232 28.5147 1.70853 0 -28.4823 -30.5273 32 1349.88 101.763 32 0.000746998
1100 0.0230738 0.0221377 0.000936046 0 0.959432 32.5153 30.7284 1.78687 0 -28.6738 -31.1987 32 1445.88 105.319 35 0.000632506
1200 0.0256001 0.0246914 0.000908671 0 0.964505 35.0478 33.1976 1.85017 0 -28.8299 -30.8336 32 1541.88 108.759 38 0.000649774
1300 0.0243895 0.0236369 0.0007526 0 0.969142 37.4982 35.5613 1.93693 0 -28.8942 -29.8138 32 1637.88 112.094 41 0.00057651
1400 0.0232409 0.0224897 0.000751129 0 0.967681 39.8126 37.8102 2.00237 0 -29.0324 -31.2718 32 1733.88 115.332 44 0.00051113
1500 0.0225351 0.0220954 0.000439709 0 0.980488 42.0859 40.0198 2.06615 0 -29.2063 -32.2521 32 1829.88 118.482 47 0.000470115
1600 0.0224466 0.0219583 0.000488361 0 0.978243 44.3842 42.2156 2.16859 0 -29.3105 -31.218 32 1957.88 122.556 51 0.000430554
1700 0.0180849 0.0177379 0.000347037 0 0.980811 46.1999 43.9894 2.21048 0 -29.4202 -32.1036 32 2053.88 125.524 54 0.000328479
1800 0.0169806 0.0164894 0.000491187 0 0.971074 47.8827 45.6383 2.24438 0 -29.5173 -32.1808 32 2149.88 128.424 57 0.000289288
1900 0.0201461 0.0194693 0.000676878 0 0.966402 49.9021 47.5853 2.3168 0 -29.5436 -30.1674 32 2245.88 131.26 60 0.000324488
2000 0.0179073 0.0175203 0.000386946 0 0.978392 51.7102 49.3373 2.37295 0 -29.6351 -32.1617 32 2341.88 134.036 63 0.0002781
2100 0.0158594 0.0156529 0.000206526 0 0.986978 53.3074 50.9026 2.40483 0 -29.7279 -32.7315 32 2437.88 136.756 66 0.000237165
2200 0.0472776 0.04515 0.00212758 0 0.954998 57.9908 55.4176 2.57321 0 -29.7686 -30.2317 32 2533.88 139.423 69 0.000654348
2300 0.0698589 0.0664823 0.00337661 0 0.951665 65.0121 62.0658 2.94627 0 -29.3272 -25.6815 32 2629.88 142.039 72 0.000923366
2400 0.0483401 0.0454631 0.00287693 0 0.940486 69.8826 66.6121 3.2705 0 -29.1155 -26.2908 32 2757.88 145.455 76 0.000598199
2500 0.0472021 0.0446456 0.00255647 0 0.94584 74.6238 71.0767 3.54715 0 -28.9999 -27.2957 32 2853.88 147.965 79 0.000565134
2600 0.0409534 0.0384724 0.00248095 0 0.93942 78.7089 74.9239 3.78497 0 -28.9502 -28.0415 32 2949.88 150.433 82 0.000469176
2700 0.0370135 0.0351907 0.0018228 0 0.950753 82.4353 78.443 3.99233 0 -28.9266 -28.4282 32 3045.88 152.861 85 0.000414008
2800 0.0375599 0.035869 0.00169094 0 0.95498 86.2251 82.0299 4.19522 0 -28.9701 -29.9171 32 3141.88 155.251 88 0.000407602
2900 0.0450801 0.0431941 0.00188605 0 0.958162 90.7533 86.3493 4.40397 0 -29.0065 -29.6989 32 3237.88 157.605 91 0.00047466
3000 0.0355792 0.0343201 0.0012591 0 0.964611 94.3494 89.7813 4.56813 0 -29.0492 -30.1262 32 3333.88 159.925 94 0.000365108
3100 0.0299873 0.0288475 0.0011398 0 0.961991 97.3558 92.6661 4.6897 0 -29.0888 -30.3323 32 3429.88 162.211 97 0.000297397
3200 0.0320367 0.0307507 0.0012861 0 0.959856 100.57 95.7411 4.82914 0 -29.1246 -30.2081 32 3557.88 165.21 101 0.000304462
3300 0.031993 0.0301083 0.00188463 0 0.941092 103.736 98.752 4.98376 0 -29.1411 -29.6667 32 3653.88 167.424 104 0.000289503
3400 0.0394802 0.0365423 0.00293786 0 0.925587 107.577 102.406 5.17067 0 -29.1506 -29.406 32 3749.88 169.609 107 0.000341517
3500 0.039623 0.0381086 0.00151443 0 0.961779 111.583 106.217 5.3662 0 -29.1577 -29.3487 32 3845.88 171.766 110 0.000346442
3600 0.0353024 0.0330728 0.00222961 0 0.936843 115.047 109.524 5.52273 0 -29.168 -29.4999 32 3941.88 173.897 113 0.000292679
3700 0.0344046 0.0327485 0.00165601 0 0.951866 118.507 112.799 5.70766 0 -29.2001 -30.2677 32 4037.88 176.002 116 0.000282315
3800 0.0287502 0.0276876 0.0010626 0 0.96304 121.399 115.568 5.83149 0 -29.2362 -30.7164 32 4133.88 178.082 119 0.000232669
3900 0.0360666 0.0351635 0.000903055 0 0.974961 125.048 119.084 5.96396 0 -29.3535 -33.2571 32 4229.88 180.138 122 0.000288226
4000 0.0406355 0.0396119 0.00102363 0 0.974809 129.147 123.045 6.10147 0 -29.4113 -31.1741 32 4357.88 182.843 126 0.00031438
4100 0.0342045 0.0332238 0.000980643 0 0.97133 132.572 126.368 6.20375 0 -29.4693 -31.6572 32 4453.88 184.846 129 0.000257549
4200 0.0392974 0.0379816 0.00131574 0 0.966518 136.482 130.166 6.31567 0 -29.4644 -29.2987 32 4549.88 186.827 132 0.00028774
4300 0.0369689 0.0358743 0.0010946 0 0.970391 140.199 133.753 6.44534 0 -29.4849 -30.2352 32 4645.88 188.788 135 0.000265735
4400 0.088935 0.0853963 0.00353868 0 0.96021 149.017 142.293 6.72383 0 -29.6243 -31.8401 32 4741.88 190.728 138 0.000618814
4500 0.0755639 0.072146 0.00341794 0 0.954768 156.609 149.508 7.10148 0 -29.6629 -30.4216 32 4837.88 192.649 141 0.000511673
4600 0.057896 0.0552746 0.00262144 0 0.954722 162.418 155.035 7.38318 0 -29.6844 -30.2627 32 4933.88 194.551 144 0.000383851
4700 0.0533028 0.0512519 0.00205091 0 0.961523 167.804 160.16 7.64354 0 -29.745 -31.5728 32 5029.88 196.435 147 0.000348653
4800 0.049558 0.0475262 0.00203183 0 0.959001 172.783 164.913 7.87001 0 -29.804 -31.7947 32 5157.88 198.919 151 0.000314743
4900 0.055001 0.0514138 0.0035872 0 0.934779 178.162 170.054 8.10781 0 -29.8476 -31.2483 32 5253.88 200.761 154 0.000333856
5000 0.0635259 0.0605073 0.00301857 0 0.952483 184.511 176.105 8.40633 0 -29.8838 -30.8987 32 5349.88 202.587 157 0.000385397
5100 0.0798955 0.0760478 0.00384772 0 0.951841 192.503 183.71 8.79266 0 -29.9234 -30.8381 32 5445.88 204.397 160 0.000475299
5200 0.0678152 0.0648756 0.00293968 0 0.956652 199.336 190.197 9.1388 0 -29.9867 -31.7704 32 5541.88 206.191 163 0.00039801
5300 0.0945517 0.0886855 0.00586617 0 0.937958 208.602 199.066 9.53577 0 -29.9689 -29.5845 32 5637.88 207.969 166 0.00053425
5400 0.108948 0.103739 0.00520909 0 0.952187 219.544 209.44 10.1046 0 -29.9386 -29.3609 32 5733.88 209.732 169 0.000613838
5500 0.0822149 0.0788021 0.00341284 0 0.958489 227.873 217.32 10.553 0 -29.926 -29.5946 32 5829.88 211.48 172 0.000458152
5600 0.0672981 0.0646209 0.00267723 0 0.960218 234.658 223.782 10.8757 0 -29.9467 -30.6415 32 5957.88 213.789 176 0.000367164
5700 0.0591518 0.0573192 0.00183259 0 0.969019 240.594 229.514 11.0795 0 -29.9889 -31.6565 32 6053.88 215.505 179 0.000320219
5800 0.0627742 0.0604017 0.00237253 0 0.962205 246.873 235.554 11.3191 0 -30.0267 -31.4746 32 6149.88 217.207 182 0.000331878
5900 0.061702 0.0590463 0.00265568 0 0.95696 253.045 241.459 11.5858 0 -30.0499 -30.9789 32 6245.88 218.896 185 0.000319169
6000 0.0671004 0.0644787 0.00262178 0 0.960927 259.729 247.907 11.8218 0 -30.0859 -31.4473 32 6341.88 220.571 188 0.000342972
6100 0.0782021 0.0756192 0.00258289 0 0.966972 267.581 255.469 12.1122 0 -30.1232 -31.3571 32 6437.88 222.235 191 0.000395912
6200 0.0651805 0.0629036 0.00227687 0 0.965068 274.126 261.759 12.3674 0 -30.162 -31.7512 32 6533.88 223.885 194 0.000324246
6300 0.0599017 0.0581373 0.00176441 0 0.970545 280.165 267.573 12.592 0 -30.2128 -32.5153 32 6629.88 225.524 197 0.000295113
6400 0.0761085 0.073453 0.0026554 0 0.96511 287.774 274.918 12.8559 0 -30.2238 -30.6302 32 6757.88 227.691 201 0.000365438
6500 0.0705359 0.0684011 0.0021348 0 0.969735 294.847 281.758 13.0889 0 -30.2402 -30.9095 32 6853.88 229.302 204 0.0003353
6600 0.0574914 0.0562427 0.00124871 0 0.97828 300.637 287.382 13.2544 0 -30.2755 -32.0688 32 6949.88 230.903 207 0.000271704
6700 0.0489738 0.0480678 0.000905938 0 0.981502 305.561 292.189 13.3721 0 -30.3155 -32.7596 32 7045.88 232.492 210 0.000228894
6800 0.0472106 0.0464122 0.000798393 0 0.983089 310.294 296.83 13.4635 0 -30.3567 -33.0153 32 7141.88 234.07 213 0.000217898
6900 0.041765 0.0411835 0.000581429 0 0.986079 314.483 300.949 13.534 0 -30.3986 -33.5011 32 7237.88 235.638 216 0.000190664
7000 0.0581609 0.0561027 0.00205821 0 0.964612 320.271 306.559 13.7115 0 -30.3914 -30.0007 32 7333.88 237.196 219 0.000256177
7100 0.0460457 0.0451076 0.000938148 0 0.979626 324.917 311.07 13.8477 0 -30.416 -32.1137 32 7429.88 238.743 222 0.000203187
7200 0.0463851 0.0452145 0.00117059 0 0.974764 329.567 315.591 13.9755 0 -30.4409 -32.1847 32 7557.88 240.791 226 0.000200064
7300 0.0411907 0.0402188 0.000971902 0 0.976405 333.682 319.613 14.0685 0 -30.4688 -32.7021 32 7653.88 242.315 229 0.000175628
7400 0.0450434 0.0422096 0.0028338 0 0.937087 337.994 323.834 14.1596 0 -30.4773 -31.1353 32 7749.88 243.83 232 0.000181938
7500 0.0487498 0.0475742 0.00117559 0 0.975885 342.887 328.591 14.2959 0 -30.5026 -32.2491 32 7845.88 245.336 235 0.000202443
7600 0.0459976 0.0447134 0.00128417 0 0.972082 347.47 333.063 14.4068 0 -30.528 -32.4292 32 7941.88 246.832 238 0.000187872
7700 0.0468217 0.0454698 0.00135187 0 0.971127 352.131 337.61 14.5214 0 -30.5461 -31.8911 32 8037.88 248.32 241 0.000188671
7800 0.0564301 0.0551775 0.00125256 0 0.977803 357.81 343.128 14.6828 0 -30.5633 -31.6347 32 8133.88 249.798 244 0.000226137
7900 0.0488784 0.0480191 0.000859248 0 0.982421 362.739 347.929 14.8092 0 -30.5995 -33.2264 32 8229.88 251.268 247 0.000194409
8000 0.119599 0.11565 0.00394888 0 0.966982 374.687 359.494 15.1928 0 -30.6174 -31.1592 32 8357.88 253.214 251 0.000460757
8100 0.0766988 0.0741616 0.00253721 0 0.96692 382.451 366.911 15.5404 0 -30.6337 -31.4202 32 8453.88 254.664 254 0.000291975
8200 0.0625954 0.0601276 0.0024678 0 0.960575 388.715 372.923 15.7913 0 -30.6568 -32.067 32 8549.88 256.106 257 0.000233959
8300 0.0570598 0.0548369 0.0022229 0 0.961043 394.437 378.407 16.0301 0 -30.6707 -31.6136 32 8645.88 257.54 260 0.000210911
8400 0.0560837 0.0540188 0.0020649 0 0.963182 400.063 383.809 16.254 0 -30.6888 -31.9616 32 8741.88 258.966 263 0.000205395
8500 0.0524951 0.0507019 0.00179319 0 0.965841 405.326 388.879 16.4466 0 -30.7078 -32.1511 32 8837.88 260.384 266 0.000190609
8600 0.0546626 0.0521586 0.002504 0 0.954192 410.74 394.095 16.6455 0 -30.7235 -31.901 32 8933.88 261.794 269 0.000193898
8700 0.0532712 0.0515161 0.00175515 0 0.967053 416.108 399.247 16.8617 0 -30.7503 -32.7956 32 9029.88 263.197 272 0.000189397
8800 0.0467653 0.0456963 0.00106895 0 0.977142 420.83 403.816 17.0134 0 -30.7805 -33.4486 32 9157.88 265.056 276 0.000165566
8900 0.0604839 0.0576136 0.00287032 0 0.952544 426.791 409.578 17.2136 0 -30.7899 -31.4499 32 9253.88 266.442 279 0.0002065
9000 0.0702627 0.0675466 0.00271615 0 0.961343 433.83 416.332 17.4974 0 -30.7952 -31.1194 32 9349.88 267.82 282 0.000239527
9100 0.0541467 0.0526731 0.0014736 0 0.972785 439.286 421.6 17.686 0 -30.8147 -32.3596 32 9445.88 269.191 285 0.000184818
9200 0.0875475 0.083896 0.0036515 0 0.958291 447.996 429.989 18.0064 0 -30.7584 -27.9196 32 9541.88 270.556 288 0.000291306
9300 0.0765187 0.0736445 0.00287414 0 0.962439 455.657 437.354 18.3033 0 -30.7276 -28.9301 32 9637.88 271.914 291 0.000253074
9400 0.0670083 0.0656331 0.00137516 0 0.979478 462.437 443.917 18.5197 0 -30.7231 -30.4202 32 9733.88 273.264 294 0.000223242
9500 0.0891786 0.0863899 0.0027887 0 0.968729 471.402 452.556 18.8462 0 -30.659 -27.3527 32 9829.88 274.609 297 0.000290875
9600 0.0780696 0.0761339 0.00193568 0 0.975206 479.304 460.169 19.1351 0 -30.6441 -29.7556 32 9957.88 276.391 301 0.000252937
9700 0.0945649 0.0904961 0.00406877 0 0.956974 488.794 469.219 19.575 0 -30.5963 -28.1809 32 10053.9 277.72 304 0.000297685
9800 0.0668558 0.0642135 0.00264236 0 0.960477 495.538 475.64 19.8979 0 -30.5868 -29.8955 32 10149.9 279.043 307 0.000209164
9900 0.0783413 0.0748311 0.00351019 0 0.955194 503.392 483.123 20.2686 0 -30.5448 -27.8981 32 10245.9 280.359 310 0.000241391
10000 0.0688051 0.0655028 0.0033023 0 0.952005 510.312 489.674 20.638 0 -30.5401 -30.1963 32 10341.9 281.67 313 0.000209274
10100 0.0605983 0.0586998 0.00189855 0 0.96867 516.435 495.544 20.8916 0 -30.5407 -30.5927 32 10437.9 282.974 316 0.000185759
10200 0.058292 0.0561394 0.00215263 0 0.963072 522.268 501.158 21.1104 0 -30.5454 -30.9617 32 10533.9 284.272 319 0.000175986
10300 0.0534038 0.0515863 0.00181747 0 0.965967 527.647 506.316 21.3306 0 -30.5509 -31.0838 32 10629.9 285.565 322 0.000160206
10400 0.0564514 0.0535036 0.00294781 0 0.947782 533.224 511.667 21.5579 0 -30.5545 -30.8939 32 10757.9 287.279 326 0.000164121
10500 0.0565221 0.0522808 0.00424136 0 0.924961 538.688 516.895 21.7933 0 -30.553 -30.4027 32 10853.9 288.558 329 0.000158908
10600 0.0536723 0.0514881 0.00218419 0 0.959305 544.117 522.043 22.0732 0 -30.5595 -31.2091 32 10949.9 289.831 332 0.000155085
10700 0.046078 0.0448217 0.00125628 0 0.972736 548.765 526.526 22.2396 0 -30.5755 -32.447 32 11045.9 291.099 335 0.000133796
10800 0.0462761 0.0446285 0.0016476 0 0.964396 553.326 530.989 22.3375 0 -30.592 -32.5779 32 11141.9 292.361 338 0.000132037
10900 0.0501998 0.0494097 0.000790109 0 0.984261 558.392 535.929 22.4621 0 -30.6104 -32.6208 32 11237.9 293.618 341 0.000144896
11000 0.0542219 0.0523747 0.00184722 0 0.965932 563.781 541.167 22.614 0 -30.6144 -31.033 32 11333.9 294.869 344 0.000152252
11100 0.0683813 0.066165 0.00221627 0 0.967589 570.681 547.783 22.8978 0 -30.6238 -31.3848 32 11429.9 296.115 347 0.000190677
11200 0.0495152 0.0482401 0.00127515 0 0.974247 575.691 552.607 23.0833 0 -30.6384 -32.3082 32 11557.9 297.769 351 0.000137436
11300 0.0512264 0.0496896 0.00153679 0 0.97 580.793 557.576 23.2165 0 -30.6443 -31.312 32 11653.9 299.003 354 0.000140366
11400 0.0514752 0.048807 0.00266821 0 0.948165 585.791 562.457 23.3338 0 -30.6501 -31.3213 32 11749.9 300.232 357 0.000136714
11500 0.0496089 0.0487788 0.000830115 0 0.983267 590.819 567.335 23.4843 0 -30.6683 -32.7888 32 11845.9 301.456 360 0.000135497
11600 0.0510545 0.0502332 0.000821343 0 0.983912 595.966 572.358 23.6081 0 -30.6905 -33.233 32 11941.9 302.675 363 0.000138383
11700 0.0469979 0.0456674 0.00133058 0 0.971688 600.648 576.925 23.7226 0 -30.7089 -33.0516 32 12037.9 303.889 366 0.000124774
11800 0.0549733 0.0530971 0.00187618 0 0.965871 606.144 582.235 23.9093 0 -30.7153 -31.4172 32 12133.9 305.098 369 0.000143895
11900 0.0622947 0.0596003 0.00269437 0 0.956748 612.346 588.195 24.1509 0 -30.7032 -29.5233 32 12229.9 306.303 372 0.000160216
12000 0.0531375 0.0510519 0.0020856 0 0.960751 617.664 593.3 24.3637 0 -30.7045 -30.8529 32 12357.9 307.902 376 0.000135776
12100 0.0647789 0.0625604 0.00221858 0 0.965752 624.241 599.556 24.6849 0 -30.7078 -31.0191 32 12453.9 309.095 379 0.000165067
12200 0.047848 0.0460718 0.0017762 0 0.962878 629.062 604.163 24.8991 0 -30.7144 -31.5718 32 12549.9 310.284 382 0.000120607
12300 0.0555065 0.0533718 0.00213472 0 0.961541 634.627 609.5 25.127 0 -30.7087 -30.0647 32 12645.9 311.469 385 0.000138628
12400 0.0522008 0.0500526 0.00214817 0 0.958848 639.85 614.506 25.344 0 -30.7057 -30.3335 32 12741.9 312.649 388 0.000129002
12500 0.0471463 0.0452325 0.00191371 0 0.959409 644.588 619.029 25.5592 0 -30.7107 -31.3926 32 12837.9 313.824 391 0.000115684
12600 0.0523605 0.0503333 0.00202726 0 0.961283 649.839 624.062 25.7764 0 -30.7063 -30.1664 32 12933.9 314.996 394 0.000127749
12700 0.046231 0.0442236 0.00200737 0 0.956579 654.48 628.485 25.9951 0 -30.7075 -30.8672 32 13029.9 316.162 397 0.000111394
12800 0.0468515 0.0452725 0.00157905 0 0.966297 659.214 633.012 26.2023 0 -30.7095 -30.9917 32 13157.9 317.712 401 0.000112899
12900 0.0567821 0.0536841 0.003098 0 0.94544 664.825 638.38 26.445 0 -30.7108 -30.8657 32 13253.9 318.868 404 0.000132881
13000 0.070568 0.0675691 0.00299891 0 0.957503 671.929 645.137 26.7923 0 -30.6982 -29.5168 32 13349.9 320.021 407 0.000166018
13100 0.0568806 0.0536923 0.00318826 0 0.943948 677.563 650.506 27.0564 0 -30.6912 -29.8514 32 13445.9 321.17 410 0.000130957
13200 0.0518326 0.050091 0.00174166 0 0.966398 682.835 655.515 27.32 0 -30.6903 -30.5751 32 13541.9 322.314 413 0.000121286
13300 0.0484689 0.0470306 0.00143829 0 0.970325 687.738 660.219 27.519 0 -30.695 -31.3541 32 13637.9 323.455 416 0.000113054
13400 0.0427157 0.0417547 0.000961022 0 0.977502 692.049 664.394 27.6549 0 -30.7043 -32.1817 32 13733.9 324.591 419 9.96533e-05
13500 0.0564096 0.0547049 0.00170477 0 0.969779 697.667 669.864 27.8028 0 -30.7018 -30.397 32 13829.9 325.724 422 0.000129632
13600 0.0517106 0.0503178 0.0013928 0 0.973066 702.864 674.896 27.9681 0 -30.7077 -31.5066 32 13957.9 327.228 426 0.000118117
13700 0.0565692 0.0548131 0.00175603 0 0.968958 708.555 680.378 28.1773 0 -30.7164 -31.7822 32 14053.9 328.351 429 0.00012777
13800 0.0830292 0.0784323 0.00459695 0 0.944635 716.656 688.221 28.4354 0 -30.6768 -27.2134 32 14149.9 329.47 432 0.000181556
13900 0.0776233 0.075003 0.00262031 0 0.966243 724.454 695.721 28.7329 0 -30.654 -28.5587 32 14245.9 330.586 435 0.000172421
14000 0.0768357 0.0740319 0.00280373 0 0.96351 732.184 703.124 29.0595 0 -30.647 -29.9924 32 14341.9 331.698 438 0.000169023
14100 0.0619588 0.0597962 0.00216252 0 0.965097 738.396 709.104 29.2917 0 -30.6457 -30.4979 32 14437.9 332.807 441 0.000135592
14200 0.056685 0.0547311 0.00195393 0 0.96553 744.101 714.577 29.5241 0 -30.6492 -31.0931 32 14533.9 333.911 444 0.000123268
14300 0.055603 0.053524 0.00207896 0 0.962611 749.68 719.929 29.7509 0 -30.6499 -30.7447 32 14629.9 335.012 447 0.000119741
14400 0.0517959 0.0506832 0.00111262 0 0.978519 754.917 724.998 29.9197 0 -30.6548 -31.366 32 14757.9 336.474 451 0.00011238
14500 0.0472844 0.0463157 0.000968714 0 0.979513 759.662 729.629 30.0329 0 -30.6637 -32.0692 32 14853.9 337.567 454 0.000102017
14600 0.0453004 0.044602 0.000698395 0 0.984583 764.195 734.09 30.1059 0 -30.6753 -32.626 32 14949.9 338.656 457 9.75973e-05
14700 0.0501834 0.0494603 0.000723023 0 0.985592 769.258 739.036 30.2222 0 -30.6868 -32.4213 32 15045.9 339.742 460 0.000107522
14800 0.0437997 0.0432532 0.000546519 0 0.987522 773.661 743.361 30.2998 0 -30.7 -33.0005 32 15141.9 340.824 463 9.34194e-05
14900 0.0453065 0.0446564 0.000650104 0 0.985651 778.199 747.827 30.3721 0 -30.712 -32.7597 32 15237.9 341.903 466 9.58291e-05
15000 0.0444012 0.0434652 0.000936024 0 0.978919 782.625 752.173 30.4518 0 -30.7243 -32.8926 32 15333.9 342.978 469 9.26763e-05
15100 0.0411132 0.040735 0.000378163 0 0.990802 786.75 756.247 30.5038 0 -30.7391 -33.5434 32 15429.9 344.05 472 8.6303e-05
15200 0.0401889 0.0397675 0.00042138 0 0.989515 790.762 760.223 30.5389 0 -30.7559 -34.0436 32 15557.9 345.474 476 8.35452e-05
15300 0.0677518 0.0658487 0.00190315 0 0.97191 797.525 766.808 30.7173 0 -30.7577 -30.9776 32 15653.9 346.538 479 0.000137471
15400 0.0561706 0.0549221 0.00124852 0 0.977773 803.194 772.3 30.8932 0 -30.7659 -31.9097 32 15749.9 347.599 482 0.000113946
15500 0.0495847 0.0482451 0.0013396 0 0.972984 808.138 777.125 31.0132 0 -30.7793 -32.9555 32 15845.9 348.657 485 9.94744e-05
15600 0.0505738 0.0496331 0.000940731 0 0.981399 813.231 782.088 31.1428 0 -30.7951 -33.307 32 15941.9 349.711 488 0.000101707
15700 0.0608906 0.0595813 0.00130934 0 0.978497 819.314 788.046 31.2673 0 -30.8092 -32.694 32 16037.9 350.763 491 0.000121347
15800 0.0537845 0.0528475 0.000936977 0 0.982579 824.728 793.331 31.3968 0 -30.8254 -33.2829 32 16133.9 351.811 494 0.000106979
15900 0.057451 0.0556845 0.00176654 0 0.969251 830.452 798.9 31.5526 0 -30.8277 -31.1574 32 16229.9 352.856 497 0.000112041
16000 0.0545276 0.053087 0.00144064 0 0.97358 835.971 804.208 31.7629 0 -30.8386 -32.4733 32 16357.9 354.245 501 0.000105962
16100 0.0522849 0.0504325 0.00185234 0 0.964572 841.18 809.251 31.9288 0 -30.8518 -32.9725 32 16453.9 355.283 504 0.000100065
16200 0.0504406 0.0487652 0.00167538 0 0.966785 846.217 814.128 32.0893 0 -30.8612 -32.4242 32 16549.9 356.318 507 9.61838e-05
16300 0.0444181 0.0434984 0.000919733 0 0.979294 850.698 818.478 32.2206 0 -30.8732 -33.1553 32 16645.9 357.35 510 8.5291e-05
16400 0.0453426 0.0444884 0.000854134 0 0.981163 855.257 822.927 32.3301 0 -30.8866 -33.3779 32 16741.9 358.379 513 8.67221e-05
16500 0.0419983 0.0412719 0.00072643 0 0.982703 859.471 827.054 32.4171 0 -30.8975 -33.1095 32 16837.9 359.405 516 7.99842e-05
16600 0.0379486 0.0373507 0.00059787 0 0.984245 863.29 830.789 32.5006 0 -30.9099 -33.6985 32 16933.9 360.428 519 7.19666e-05
16700 0.0382597 0.0375617 0.000698012 0 0.981756 867.119 834.545 32.5742 0 -30.9235 -33.9838 32 17029.9 361.448 522 7.19573e-05
16800 0.0501931 0.0487586 0.0014345 0 0.97142 872.152 839.421 32.7309 0 -30.9317 -32.3566 32 17157.9 362.804 526 9.2697e-05
16900 0.0544489 0.0526002 0.00184874 0 0.966046 877.634 844.681 32.953 0 -30.9363 -31.6591 32 17253.9 363.817 529 9.94333e-05
17000 0.0457596 0.0439586 0.00180101 0 0.960642 882.189 849.077 33.1122 0 -30.945 -32.6311 32 17349.9 364.828 532 8.26289e-05
17100 0.0471434 0.0455508 0.00159257 0 0.966219 886.885 853.632 33.2535 0 -30.9555 -32.9244 32 17445.9 365.836 535 8.51417e-05
17200 0.0417804 0.0409612 0.000819239 0 0.980392 891.101 857.728 33.3734 0 -30.9695 -33.9198 32 17541.9 366.841 538 7.6136e-05
17300 0.0506681 0.0494449 0.0012232 0 0.975859 896.164 862.673 33.4913 0 -30.9742 -31.7994 32 17637.9 367.844 541 9.13953e-05
17400 0.0619449 0.060152 0.00179291 0 0.971056 902.347 868.688 33.6597 0 -30.9754 -31.141 32 17733.9 368.843 544 0.000110574
17500 0.0610034 0.0591943 0.00180904 0 0.970345 908.483 874.607 33.8762 0 -30.9814 -31.8663 32 17829.9 369.84 547 0.000108216
17600 0.0554581 0.0531612 0.00229697 0 0.958582 914.018 879.923 34.0947 0 -30.9855 -31.6571 32 17957.9 371.166 551 9.64813e-05
17700 0.0534931 0.0512024 0.00229064 0 0.957179 919.338 885.044 34.2942 0 -30.9914 -32.0011 32 18053.9 372.156 554 9.24232e-05
17800 0.0539253 0.0524029 0.00152249 0 0.971767 924.735 890.284 34.4512 0 -31.0019 -32.8036 32 18149.9 373.144 557 9.40805e-05
17900 0.0576016 0.0552723 0.00232927 0 0.959562 930.467 895.811 34.6559 0 -31.0072 -31.8498 32 18245.9 374.13 560 9.87005e-05
18000 0.0549352 0.052452 0.00248322 0 0.954797 935.941 901.056 34.8849 0 -31.0079 -31.1433 32 18341.9 375.113 563 9.31651e-05
18100 0.053336 0.0513401 0.0019959 0 0.962579 941.309 906.19 35.1184 0 -31.0112 -31.5787 32 18437.9 376.093 566 9.07069e-05
18200 0.0465102 0.0450404 0.00146982 0 0.968398 945.984 910.694 35.2899 0 -31.0184 -32.4581 32 18533.9 377.071 569 7.91571e-05
18300 0.0443 0.0432748 0.00102522 0 0.976857 950.445 915.022 35.4237 0 -31.0282 -33.1077 32 18629.9 378.046 572 7.56552e-05
18400 0.0445735 0.0437471 0.000826313 0 0.981462 954.935 919.396 35.5381 0 -31.0379 -33.0986 32 18757.9 379.343 576 7.59499e-05
18500 0.0563361 0.0545429 0.00179317 0 0.96817 960.534 924.851 35.6833 0 -31.036 -30.7054 32 18853.9 380.312 579 9.4202e-05
18600 0.0522487 0.0509297 0.001319 0 0.974755 965.784 929.944 35.8403 0 -31.0367 -31.1686 32 18949.9 381.279 582 8.75081e-05
18700 0.0439459 0.0429561 0.000989885 0 0.977475 970.194 934.239 35.9542 0 -31.0431 -32.4508 32 19045.9 382.244 585 7.34291e-05
18800 0.040858 0.0400884 0.000769635 0 0.981163 974.287 938.248 36.0391 0 -31.0498 -32.6325 32 19141.9 383.206 588 6.81776e-05
18900 0.0419372 0.0410524 0.000884719 0 0.978904 978.481 942.353 36.1274 0 -31.0532 -31.8446 32 19237.9 384.166 591 6.94627e-05
19000 0.0423455 0.0415561 0.00078945 0 0.981357 982.751 946.509 36.2424 0 -31.0604 -32.7206 32 19333.9 385.123 594 6.99597e-05
19100 0.0410151 0.0401053 0.000909849 0 0.977817 986.848 950.52 36.3288 0 -31.0659 -32.3649 32 19429.9 386.078 597 6.7178e-05
19200 0.0382103 0.0375474 0.000662867 0 0.982652 990.679 954.274 36.4048 0 -31.0714 -32.5047 32 19557.9 387.348 601 6.24749e-05
19300 0.0484935 0.0472484 0.00124514 0 0.974324 995.542 958.999 36.543 0 -31.0732 -31.4398 32 19653.9 388.297 604 7.82258e-05
19400 0.040401 0.0392904 0.00111055 0 0.972512 999.571 962.928 36.6429 0 -31.0791 -32.5323 32 19749.9 389.244 607 6.47289e-05
19500 0.050984 0.0493128 0.00167121 0 0.967221 1004.63 967.859 36.7732 0 -31.0797 -31.2003 32 19845.9 390.189 610 8.08406e-05
19600 0.0505308 0.04883 0.00170082 0 0.966341 1009.68 972.742 36.9397 0 -31.0834 -31.813 32 19941.9 391.132 613 7.96574e-05
19700 0.051304 0.0498486 0.00145546 0 0.971631 1014.82 977.727 37.091 0 -31.0858 -31.5725 32 20037.9 392.072 616 8.0923e-05
19800 0.0475658 0.0464729 0.00109286 0 0.977024 1019.61 982.375 37.2317 0 -31.0921 -32.4211 32 20133.9 393.01 619 7.50774e-05
19900 0.0422028 0.0415304 0.000672394 0 0.984068 1023.87 986.528 37.3405 0 -31.0999 -32.9729 32 20229.9 393.946 622 6.67691e-05
20000 0.0595351 0.0579132 0.0016219 0 0.972757 1029.84 992.319 37.5198 0 -31.113 -33.3457 32 20357.9 395.19 626 9.25132e-05
