100 0.0385243 0.0361608 0.00236348 0 0.93865 3.7239 3.61608 0.107823 0 -29.8811 -29.8811 32 453.882 59.0081 4 0.0090402
200 0.0420183 0.0398015 0.00221681 0 0.947242 7.89955 7.59623 0.303313 0 -29.7176 -29.5718 32 549.882 64.9493 7 0.00568593
300 0.0335001 0.0315753 0.00192475 0 0.942545 11.2483 10.7538 0.494491 0 -29.9061 -30.3509 32 645.882 70.3909 10 0.00315753
400 0.0321613 0.0301192 0.00204206 0 0.936506 14.4444 13.7657 0.678744 0 -30.0534 -30.5718 32 741.882 75.441 13 0.00231686
500 0.0308911 0.0286759 0.00221518 0 0.928291 17.4883 16.6333 0.855017 0 -30.125 -30.4644 32 837.882 80.1736 16 0.00179224
600 0.0340781 0.0321401 0.00193801 0 0.94313 20.9044 19.8473 1.05709 0 -30.3359 -31.416 32 933.882 84.642 19 0.00169158
700 0.0288764 0.0272219 0.00165448 0 0.942705 23.8189 22.5695 1.24938 0 -30.4381 -31.1709 32 1029.88 88.8861 22 0.00123736
800 0.0402229 0.0387736 0.00144932 0 0.963968 27.9763 26.4468 1.52947 0 -30.5833 -31.4154 32 1157.88 94.248 26 0.00149129
900 0.0273804 0.0261189 0.00126152 0 0.953926 30.735 29.0587 1.67628 0 -30.6707 -31.5562 32 1253.88 98.0773 29 0.000900652
1000 0.0442345 0.0426601 0.00157437 0 0.964408 35.155 33.3247 1.83023 0 -30.88 -32.336 32 1349.88 101.763 32 0.00133313
1100 0.0284511 0.0276253 0.000825795 0 0.970975 38.0195 36.0873 1.93226 0 -31.0425 -33.036 32 1445.88 105.319 35 0.000789295
1200 0.0300294 0.0288415 0.00118794 0 0.960441 41.006 38.9714 2.03456 0 -31.0533 -31.1908 32 1541.88 108.759 38 0.000758986
1300 0.0283398 0.0274767 0.000863166 0 0.969542 43.8684 41.7191 2.14936 0 -31.049 -30.9874 32 1637.88 112.094 41 0.000670163
1400 0.0250259 0.0242322 0.000793744 0 0.968283 46.3783 44.1423 2.23605 0 -31.0103 -30.3345 32 1733.88 115.332 44 0.000550732
1500 0.0225743 0.0218137 0.000760657 0 0.966304 48.6417 46.3237 2.31805 0 -31.0157 -31.1254 32 1829.88 118.482 47 0.000464121
1600 0.0216476 0.0212747 0.000372858 0 0.982776 50.8503 48.4511 2.39917 0 -31.1153 -33.3104 32 1957.88 122.556 51 0.000417151
1700 0.0172259 0.0166261 0.000599767 0 0.965182 52.5525 50.1138 2.43873 0 -31.1617 -32.5456 32 2053.88 125.524 54 0.000307892
1800 0.0198573 0.0191011 0.000756133 0 0.961922 54.525 52.0239 2.50113 0 -31.191 -31.9722 32 2149.88 128.424 57 0.000335108
1900 0.020784 0.0201368 0.000647254 0 0.968858 56.6152 54.0375 2.57765 0 -31.2352 -32.3873 32 2245.88 131.26 60 0.000335613
2000 0.0207374 0.0201085 0.000628937 0 0.969671 58.6944 56.0484 2.64598 0 -31.2303 -31.0979 32 2341.88 134.036 63 0.000319182
2100 0.0244546 0.0236867 0.000767838 0 0.968601 61.1471 58.4171 2.73002 0 -31.1775 -29.9137 32 2437.88 136.756 66 0.00035889
2200 0.0217307 0.0211704 0.000560339 0 0.974214 63.3371 60.5341 2.803 0 -31.1897 -31.5312 32 2533.88 139.423 69 0.000306817
2300 0.0201327 0.0193226 0.000810084 0 0.959763 65.335 62.4664 2.86862 0 -31.2066 -31.743 32 2629.88 142.039 72 0.000268369
2400 0.0243071 0.0234034 0.000903635 0 0.962824 67.8223 64.8067 3.01558 0 -31.2659 -32.8224 32 2757.88 145.455 76 0.00030794
2500 0.0284873 0.0271884 0.00129892 0 0.954404 70.6782 67.5255 3.15267 0 -31.2321 -30.4308 32 2853.88 147.965 79 0.000344156
2600 0.0247791 0.0235941 0.00118498 0 0.952178 73.1599 69.885 3.27497 0 -31.2232 -30.9684 32 2949.88 150.433 82 0.000287733
2700 0.0217349 0.0208024 0.000932517 0 0.957096 75.3375 71.9652 3.37228 0 -31.2322 -31.5352 32 3045.88 152.861 85 0.000244734
2800 0.036262 0.034723 0.00153901 0 0.957559 78.9579 75.4375 3.52037 0 -31.1548 -29.5449 32 3141.88 155.251 88 0.00039458
2900 0.0255992 0.0246093 0.00098985 0 0.961333 81.5311 77.8984 3.63264 0 -31.1375 -30.606 32 3237.88 157.605 91 0.000270432
3000 0.0279747 0.0263763 0.00159842 0 0.942862 84.2865 80.5361 3.75042 0 -31.0971 -29.9 32 3333.88 159.925 94 0.000280599
3100 0.0355734 0.03363 0.00194342 0 0.945369 87.8353 83.8991 3.93628 0 -30.9817 -28.2409 32 3429.88 162.211 97 0.000346701
3200 0.0294887 0.0284959 0.000992717 0 0.966336 90.8284 86.7487 4.07972 0 -30.9689 -30.5943 32 3557.88 165.21 101 0.000282138
3300 0.0360004 0.0339604 0.00204 0 0.943334 94.3874 90.1447 4.24267 0 -30.8591 -28.0565 32 3653.88 167.424 104 0.000326542
3400 0.0440273 0.0412857 0.00274158 0 0.93773 98.6964 94.2733 4.42315 0 -30.7361 -28.0416 32 3749.88 169.609 107 0.000385848
3500 0.0416403 0.0402805 0.00135985 0 0.967343 102.927 98.3013 4.62527 0 -30.6895 -29.6027 32 3845.88 171.766 110 0.000366186
3600 0.0380346 0.0364815 0.00155316 0 0.959164 106.726 101.949 4.77702 0 -30.684 -30.5337 32 3941.88 173.897 113 0.000322845
3700 0.0638675 0.0604187 0.00344883 0 0.946 113.073 107.991 5.08148 0 -30.4578 -26.6546 32 4037.88 176.002 116 0.000520851
3800 0.0687265 0.065261 0.00346557 0 0.949574 119.991 114.517 5.47383 0 -30.2774 -27.3282 32 4133.88 178.082 119 0.000548411
3900 0.0536151 0.0505011 0.00311394 0 0.94192 125.357 119.568 5.7897 0 -30.1824 -28.0595 32 4229.88 180.138 122 0.000413944
4000 0.0849121 0.0809102 0.00400193 0 0.95287 133.889 127.659 6.23015 0 -30.2625 -31.4391 32 4357.88 182.843 126 0.000642144
4100 0.0568197 0.0534143 0.00340532 0 0.940068 139.553 133 6.55347 0 -30.2873 -30.8746 32 4453.88 184.846 129 0.000414065
4200 0.0498171 0.047141 0.00267612 0 0.946281 144.559 137.714 6.84452 0 -30.3041 -30.7708 32 4549.88 186.827 132 0.000357129
4300 0.0477925 0.0454049 0.00238763 0 0.950042 149.361 142.255 7.1062 0 -30.3338 -31.2273 32 4645.88 188.788 135 0.000336332
4400 0.0436399 0.0418205 0.00181941 0 0.958309 153.761 146.437 7.32452 0 -30.3723 -31.6786 32 4741.88 190.728 138 0.000303047
4500 0.0372114 0.035839 0.00137242 0 0.963118 157.516 150.021 7.49526 0 -30.413 -32.0826 32 4837.88 192.649 141 0.000254177
4600 0.0332513 0.0322489 0.00100243 0 0.969853 160.848 153.245 7.60291 0 -30.4557 -32.4712 32 4933.88 194.551 144 0.00022395
4700 0.0307121 0.0300322 0.000679919 0 0.977862 163.946 156.249 7.69731 0 -30.498 -32.6955 32 5029.88 196.435 147 0.000204301
4800 0.0301592 0.0297256 0.000433567 0 0.985624 166.994 159.221 7.77233 0 -30.5387 -32.7271 32 5157.88 198.919 151 0.000196858
4900 0.0278469 0.0273461 0.000500782 0 0.982017 169.775 161.956 7.81933 0 -30.5863 -33.444 32 5253.88 200.761 154 0.000177572
5000 0.0327375 0.0315933 0.00114426 0 0.965047 173.025 165.115 7.90969 0 -30.5927 -30.9304 32 5349.88 202.587 157 0.000201231
5100 0.0285569 0.0278332 0.00072372 0 0.974657 175.897 167.898 7.99829 0 -30.6143 -31.916 32 5445.88 204.397 160 0.000173957
5200 0.0364909 0.0349519 0.00153898 0 0.957826 179.506 171.394 8.11198 0 -30.6104 -30.4202 32 5541.88 206.191 163 0.000214429
5300 0.0390514 0.0379396 0.00111182 0 0.971529 183.454 175.188 8.26623 0 -30.5971 -29.9923 32 5637.88 207.969 166 0.000228552
5400 0.0406477 0.0391027 0.00154501 0 0.96199 187.482 179.098 8.38368 0 -30.618 -31.5675 32 5733.88 209.732 169 0.000231377
5500 0.0577903 0.0560686 0.00172169 0 0.970208 193.324 184.705 8.61951 0 -30.6111 -30.39 32 5829.88 211.48 172 0.00032598
5600 0.0571261 0.0548261 0.00230008 0 0.959737 199.041 190.187 8.85411 0 -30.5723 -29.2624 32 5957.88 213.789 176 0.000311512
5700 0.0638807 0.0607896 0.00309107 0 0.951612 205.424 196.266 9.15732 0 -30.5745 -30.6418 32 6053.88 215.505 179 0.000339607
5800 0.0512331 0.048848 0.00238512 0 0.953446 210.537 201.151 9.38621 0 -30.5845 -30.9849 32 6149.88 217.207 182 0.000268395
5900 0.0515115 0.04933 0.00218145 0 0.957651 215.68 206.084 9.59638 0 -30.574 -30.1437 32 6245.88 218.896 185 0.000266649
6000 0.0433712 0.0418143 0.00155695 0 0.964102 220.041 210.266 9.77571 0 -30.5738 -30.5675 32 6341.88 220.571 188 0.000222416
6100 0.0409977 0.0395151 0.00148265 0 0.963836 224.158 214.217 9.94068 0 -30.5822 -31.0278 32 6437.88 222.235 191 0.000206885
6200 0.0462268 0.0430554 0.00317142 0 0.931394 228.642 218.523 10.1195 0 -30.5701 -29.9651 32 6533.88 223.885 194 0.000221935
6300 0.0402922 0.0383497 0.00194255 0 0.951789 232.705 222.358 10.3476 0 -30.5804 -31.1612 32 6629.88 225.524 197 0.000194668
6400 0.0459653 0.0437869 0.00217842 0 0.952607 237.298 226.736 10.5616 0 -30.6049 -31.8456 32 6757.88 227.691 201 0.000217845
6500 0.0424877 0.0406201 0.00186752 0 0.956046 241.565 230.798 10.7665 0 -30.6397 -32.5777 32 6853.88 229.302 204 0.000199118
6600 0.0378675 0.0366292 0.00123831 0 0.967299 245.371 234.461 10.9095 0 -30.6679 -32.455 32 6949.88 230.903 207 0.000176953
6700 0.0364631 0.0350845 0.0013786 0 0.962192 249.02 237.97 11.0505 0 -30.6929 -32.3776 32 7045.88 232.492 210 0.000167069
6800 0.0344966 0.0334553 0.00104137 0 0.969812 252.494 241.315 11.1793 0 -30.7139 -32.2192 32 7141.88 234.07 213 0.000157067
6900 0.0333417 0.0324546 0.000887137 0 0.973393 255.842 244.561 11.2809 0 -30.7436 -32.9845 32 7237.88 235.638 216 0.000150253
7000 0.0302319 0.0296569 0.000574992 0 0.980981 258.885 247.526 11.3588 0 -30.7772 -33.602 32 7333.88 237.196 219 0.000135419
7100 0.0270236 0.0267269 0.000296697 0 0.989021 261.601 250.199 11.402 0 -30.8123 -34.1509 32 7429.88 238.743 222 0.000120391
7200 0.0253476 0.0250073 0.000340209 0 0.986578 264.148 252.7 11.4479 0 -30.8425 -33.944 32 7557.88 240.791 226 0.000110652
7300 0.0274073 0.0265187 0.000888622 0 0.967577 266.855 255.352 11.5033 0 -30.8726 -33.8133 32 7653.88 242.315 229 0.000115802
7400 0.0276968 0.0270588 0.000637962 0 0.976966 269.626 258.057 11.5684 0 -30.8997 -33.5105 32 7749.88 243.83 232 0.000116633
7500 0.052277 0.0505513 0.00172571 0 0.966989 274.837 263.113 11.7242 0 -30.9431 -33.1867 32 7845.88 245.336 235 0.000215112
7600 0.0435575 0.0420361 0.00152131 0 0.965073 279.206 267.316 11.8899 0 -30.9595 -31.9952 32 7941.88 246.832 238 0.000176622
7700 0.0338959 0.0331564 0.000739509 0 0.978183 282.642 270.632 12.0103 0 -30.9881 -33.3055 32 8037.88 248.32 241 0.000137578
7800 0.0423229 0.0400391 0.00228388 0 0.946037 286.766 274.636 12.1299 0 -30.9814 -30.5263 32 8133.88 249.798 244 0.000164094
7900 0.0423757 0.0409381 0.00143754 0 0.966076 291.035 278.73 12.3052 0 -30.9791 -30.8255 32 8229.88 251.268 247 0.000165741
8000 0.0433716 0.0414631 0.00190855 0 0.955996 295.428 282.876 12.5522 0 -30.9764 -30.797 32 8357.88 253.214 251 0.000165192
8100 0.05664 0.0516172 0.00502283 0 0.91132 300.862 288.038 12.8249 0 -30.9268 -28.2262 32 8453.88 254.664 254 0.000203217
8200 0.0855213 0.0818282 0.00369314 0 0.956816 309.466 296.22 13.2451 0 -30.8561 -28.3847 32 8549.88 256.106 257 0.000318398
8300 0.0612031 0.05767 0.00353312 0 0.942272 315.534 301.987 13.5465 0 -30.8129 -28.61 32 8645.88 257.54 260 0.000221808
8400 0.0556485 0.053037 0.00261149 0 0.953072 321.128 307.291 13.8374 0 -30.7847 -29.1923 32 8741.88 258.966 263 0.000201662
8500 0.0496145 0.0479411 0.00167338 0 0.966272 326.14 312.085 14.0543 0 -30.7748 -30.1427 32 8837.88 260.384 266 0.00018023
8600 0.0489982 0.0470725 0.00192566 0 0.960699 331.031 316.792 14.2382 0 -30.7576 -29.6124 32 8933.88 261.794 269 0.000174991
8700 0.0466496 0.0453538 0.00129581 0 0.972223 335.721 321.328 14.3935 0 -30.7438 -29.7679 32 9029.88 263.197 272 0.000166742
8800 0.0500544 0.0480609 0.00199345 0 0.960174 340.698 326.134 14.5636 0 -30.7177 -28.9555 32 9157.88 265.056 276 0.000174134
8900 0.0549801 0.0519743 0.00300584 0 0.945329 346.146 331.331 14.8144 0 -30.6975 -29.4382 32 9253.88 266.442 279 0.000186288
9000 0.0574014 0.0541458 0.00325565 0 0.943283 351.82 336.746 15.0743 0 -30.6681 -28.8737 32 9349.88 267.82 282 0.000192006
9100 0.0484347 0.0468369 0.00159772 0 0.967013 356.72 341.43 15.2907 0 -30.6714 -30.9046 32 9445.88 269.191 285 0.00016434
9200 0.0411055 0.0402365 0.000868947 0 0.978861 360.873 345.453 15.4198 0 -30.6825 -31.636 32 9541.88 270.556 288 0.00013971
9300 0.0367341 0.0364324 0.000301713 0 0.991787 364.577 349.097 15.4803 0 -30.6991 -32.3171 32 9637.88 271.914 291 0.000125197
9400 0.0350997 0.0346468 0.000452887 0 0.987097 368.082 352.561 15.521 0 -30.7138 -32.2485 32 9733.88 273.264 294 0.000117846
9500 0.0355963 0.0348928 0.000703459 0 0.980238 371.616 356.051 15.5652 0 -30.7272 -32.121 32 9829.88 274.609 297 0.000117484
9600 0.0807171 0.0784647 0.00225239 0 0.972095 379.676 363.897 15.7789 0 -30.7371 -31.1953 32 9957.88 276.391 301 0.00026068
9700 0.0579523 0.0556678 0.00228446 0 0.96058 385.434 369.464 15.9698 0 -30.7509 -31.6566 32 10053.9 277.72 304 0.000183118
9800 0.0517117 0.0499921 0.00171954 0 0.966748 390.611 374.463 16.1478 0 -30.7675 -32.0059 32 10149.9 279.043 307 0.000162841
9900 0.0450201 0.0436241 0.00139595 0 0.968993 395.117 378.825 16.292 0 -30.783 -32.1274 32 10245.9 280.359 310 0.000140723
10000 0.0463604 0.0449044 0.00145602 0 0.968593 399.725 383.316 16.4091 0 -30.8017 -32.4035 32 10341.9 281.67 313 0.000143464
10100 0.0551878 0.0532613 0.00192657 0 0.965091 405.208 388.642 16.5659 0 -30.8237 -32.4247 32 10437.9 282.974 316 0.000168548
10200 0.0635729 0.0610933 0.00247959 0 0.960996 411.553 394.751 16.8017 0 -30.8508 -32.5838 32 10533.9 284.272 319 0.000191515
10300 0.0506456 0.0486613 0.00198433 0 0.960819 416.652 399.617 17.0348 0 -30.8785 -33.1182 32 10629.9 285.565 322 0.000151122
10400 0.0473446 0.0453147 0.00202994 0 0.957124 421.383 404.149 17.2338 0 -30.9017 -32.9419 32 10757.9 287.279 326 0.000139002
10500 0.0476014 0.045463 0.0021384 0 0.955077 426.149 408.695 17.4539 0 -30.9165 -32.2233 32 10853.9 288.558 329 0.000138185
10600 0.0428398 0.0408973 0.00194245 0 0.954658 430.411 412.785 17.6264 0 -30.9324 -32.5256 32 10949.9 289.831 332 0.000123185
10700 0.0592217 0.0561052 0.00311654 0 0.947375 436.273 418.395 17.878 0 -30.9365 -31.2359 32 11045.9 291.099 335 0.000167478
10800 0.0560637 0.0542115 0.00185219 0 0.966963 441.943 423.817 18.1263 0 -30.9516 -32.1125 32 11141.9 292.361 338 0.000160389
10900 0.0562716 0.0542104 0.00206119 0 0.963371 447.585 429.238 18.3477 0 -30.9649 -32.0037 32 11237.9 293.618 341 0.000158975
11000 0.0491037 0.0474799 0.0016238 0 0.966931 452.513 433.986 18.5273 0 -30.9824 -32.5722 32 11333.9 294.869 344 0.000138023
11100 0.0444587 0.0434451 0.00101364 0 0.9772 456.995 438.33 18.6646 0 -31.0046 -33.248 32 11429.9 296.115 347 0.000125202
11200 0.0403613 0.0395734 0.000787925 0 0.980478 461.053 442.287 18.7658 0 -31.0269 -33.5374 32 11557.9 297.769 351 0.000112745
11300 0.0483968 0.0463577 0.00203914 0 0.957866 465.821 446.923 18.898 0 -31.0257 -30.9117 32 11653.9 299.003 354 0.000130954
11400 0.0668552 0.0645935 0.00226166 0 0.966171 472.488 453.383 19.1059 0 -31.022 -30.7639 32 11749.9 300.232 357 0.000180934
11500 0.0700742 0.0680659 0.00200836 0 0.97134 479.527 460.189 19.3381 0 -31.0328 -31.7595 32 11845.9 301.456 360 0.000189072
11600 0.0584605 0.0569353 0.00152528 0 0.973909 485.399 465.883 19.5163 0 -31.0431 -31.8839 32 11941.9 302.675 363 0.000156846
11700 0.050986 0.0498591 0.00112693 0 0.977897 490.529 470.869 19.66 0 -31.0592 -32.5806 32 12037.9 303.889 366 0.000136227
11800 0.0607104 0.0586295 0.00208092 0 0.965724 496.557 476.732 19.8256 0 -31.0552 -30.7314 32 12133.9 305.098 369 0.000158887
11900 0.0560776 0.0547069 0.00137068 0 0.975557 502.206 482.202 20.0042 0 -31.0574 -31.2507 32 12229.9 306.303 372 0.000147061
12000 0.0512223 0.0495857 0.00163662 0 0.968049 507.328 487.161 20.1674 0 -31.0653 -31.84 32 12357.9 307.902 376 0.000131877
12100 0.0457066 0.044664 0.00104251 0 0.977191 511.918 491.627 20.2908 0 -31.0808 -32.787 32 12453.9 309.095 379 0.000117847
12200 0.0717203 0.0689472 0.00277313 0 0.961334 519.011 498.522 20.4892 0 -31.0441 -28.3988 32 12549.9 310.284 382 0.00018049
12300 0.0749216 0.0720754 0.00284618 0 0.962011 526.503 505.729 20.7732 0 -31.0049 -28.2922 32 12645.9 311.469 385 0.000187209
12400 0.061443 0.0593033 0.00213975 0 0.965175 532.699 511.66 21.0393 0 -30.9886 -29.601 32 12741.9 312.649 388 0.000152844
12500 0.0681567 0.0657108 0.00244599 0 0.964112 539.539 518.231 21.3082 0 -30.9748 -29.899 32 12837.9 313.824 391 0.000168058
12600 0.0650415 0.0629208 0.00212066 0 0.967395 546.083 524.523 21.5597 0 -30.9727 -30.8017 32 12933.9 314.996 394 0.000159698
12700 0.0764415 0.0742386 0.00220286 0 0.971182 553.796 531.947 21.8492 0 -30.9618 -30.1857 32 13029.9 316.162 397 0.000186999
12800 0.0546679 0.0535508 0.00111712 0 0.979565 559.299 537.302 21.9973 0 -30.9706 -31.8561 32 13157.9 317.712 401 0.000133543
12900 0.0514321 0.0502905 0.00114157 0 0.977804 564.446 542.331 22.1153 0 -30.984 -32.441 32 13253.9 318.868 404 0.000124481
13000 0.0585987 0.057304 0.00129477 0 0.977905 570.308 548.061 22.2469 0 -31.0042 -32.9517 32 13349.9 320.021 407 0.000140796
13100 0.0676803 0.0662098 0.00147058 0 0.978272 577.106 554.682 22.424 0 -30.997 -30.3961 32 13445.9 321.17 410 0.000161487
13200 0.0746039 0.071271 0.00333284 0 0.955326 584.476 561.809 22.6667 0 -30.9659 -28.5284 32 13541.9 322.314 413 0.000172569
13300 0.0716723 0.0682303 0.00344201 0 0.951976 591.718 568.632 23.0859 0 -30.9466 -29.3908 32 13637.9 323.455 416 0.000164015
13400 0.0594421 0.056799 0.00264308 0 0.955535 597.712 574.312 23.3997 0 -30.9397 -30.2532 32 13733.9 324.591 419 0.000135558
13500 0.0547876 0.0524442 0.00234338 0 0.957228 603.212 579.557 23.6557 0 -30.9398 -30.9494 32 13829.9 325.724 422 0.000124275
13600 0.0664063 0.0642177 0.0021886 0 0.967042 609.926 585.979 23.9471 0 -30.9176 -28.929 32 13957.9 327.228 426 0.000150746
13700 0.0522833 0.0504816 0.00180174 0 0.965539 615.182 591.027 24.1554 0 -30.9148 -30.5874 32 14053.9 328.351 429 0.000117673
13800 0.0522703 0.0503731 0.00189716 0 0.963705 620.423 596.064 24.3591 0 -30.9096 -30.2997 32 14149.9 329.47 432 0.000116604
13900 0.0459933 0.0446259 0.00136734 0 0.970271 625.046 600.527 24.5194 0 -30.9143 -31.5419 32 14245.9 330.586 435 0.000102588
14000 0.0424649 0.0415967 0.00086821 0 0.979555 629.314 604.686 24.6275 0 -30.9238 -32.3194 32 14341.9 331.698 438 9.49696e-05
14100 0.0404034 0.0395067 0.000896656 0 0.977807 633.351 608.637 24.7144 0 -30.9337 -32.4755 32 14437.9 332.807 441 8.95844e-05
14200 0.0459016 0.0446337 0.00126791 0 0.972378 637.945 613.1 24.845 0 -30.9395 -31.7405 32 14533.9 333.911 444 0.000100526
14300 0.0430324 0.0422706 0.000761804 0 0.982297 642.286 617.327 24.9583 0 -30.9522 -32.8139 32 14629.9 335.012 447 9.4565e-05
14400 0.0386664 0.0381047 0.000561691 0 0.985473 646.171 621.138 25.0332 0 -30.9647 -33.0307 32 14757.9 336.474 451 8.44893e-05
14500 0.0573175 0.0555581 0.00175941 0 0.969304 651.889 626.694 25.1952 0 -30.9689 -31.4399 32 14853.9 337.567 454 0.000122375
14600 0.0517592 0.0489885 0.00277068 0 0.94647 656.953 631.592 25.3606 0 -30.9723 -31.4171 32 14949.9 338.656 457 0.000107196
14700 0.066146 0.0636666 0.00247936 0 0.962517 663.602 637.959 25.6426 0 -30.9836 -32.0993 32 15045.9 339.742 460 0.000138406
14800 0.0616125 0.0591401 0.00247237 0 0.959872 669.752 643.873 25.8792 0 -30.9833 -30.9462 32 15141.9 340.824 463 0.000127732
14900 0.0568563 0.0541834 0.00267295 0 0.952988 675.428 649.292 26.1367 0 -30.9883 -31.5846 32 15237.9 341.903 466 0.000116273
15000 0.067645 0.063559 0.00408603 0 0.939596 682.046 655.647 26.399 0 -30.9985 -32.0414 32 15333.9 342.978 469 0.00013552
15100 0.0695004 0.0667801 0.00272038 0 0.960858 689.032 662.325 26.7068 0 -31.0229 -33.3981 32 15429.9 344.05 472 0.000141483
15200 0.0583122 0.0560979 0.00221439 0 0.962025 694.89 667.935 26.9549 0 -31.0425 -33.3588 32 15557.9 345.474 476 0.000117853
15300 0.0626222 0.0585844 0.00403773 0 0.935522 700.986 673.794 27.1921 0 -31.047 -31.5551 32 15653.9 346.538 479 0.000122306
15400 0.0715026 0.0684986 0.00300399 0 0.957988 708.154 680.643 27.5103 0 -31.0591 -32.2444 32 15749.9 347.599 482 0.000142113
15500 0.0600132 0.0579765 0.00203668 0 0.966063 714.207 686.441 27.7661 0 -31.0742 -32.8354 32 15845.9 348.657 485 0.000119539
15600 0.0546897 0.0527904 0.00189928 0 0.965272 719.676 691.72 27.9556 0 -31.0909 -33.2728 32 15941.9 349.711 488 0.000108177
15700 0.0496056 0.0481696 0.00143606 0 0.97105 724.657 696.537 28.12 0 -31.1094 -33.782 32 16037.9 350.763 491 9.8105e-05
15800 0.0497973 0.0484756 0.00132167 0 0.973459 729.648 701.385 28.2634 0 -31.1291 -33.9928 32 16133.9 351.811 494 9.81288e-05
15900 0.0553046 0.0536785 0.00162614 0 0.970597 735.176 706.753 28.4237 0 -31.1444 -33.1606 32 16229.9 352.856 497 0.000108005
16000 0.0486929 0.0478109 0.000882049 0 0.981885 740.099 711.534 28.5653 0 -31.1628 -33.9165 32 16357.9 354.245 501 9.54308e-05
16100 0.0568831 0.0542337 0.00264941 0 0.953424 745.765 716.957 28.8081 0 -31.1748 -32.7378 32 16453.9 355.283 504 0.000107606
16200 0.05102 0.0486007 0.00241928 0 0.952582 750.879 721.817 29.0617 0 -31.1882 -33.1452 32 16549.9 356.318 507 9.58594e-05
16300 0.0618762 0.0585385 0.00333764 0 0.946059 756.972 727.671 29.3014 0 -31.1866 -30.9904 32 16645.9 357.35 510 0.000114781
16400 0.0608701 0.0587281 0.00214196 0 0.964811 763.065 733.544 29.521 0 -31.1946 -32.1835 32 16741.9 358.379 513 0.00011448
16500 0.0625275 0.0600353 0.00249218 0 0.960143 769.304 739.547 29.757 0 -31.1994 -31.7918 32 16837.9 359.405 516 0.000116347
16600 0.0691015 0.0665829 0.00251866 0 0.963551 776.242 746.206 30.0366 0 -31.2027 -31.5701 32 16933.9 360.428 519 0.000128291
16700 0.0570166 0.0549262 0.0020904 0 0.963337 781.947 751.698 30.2484 0 -31.2092 -32.0854 32 17029.9 361.448 522 0.000105223
16800 0.0630799 0.0608435 0.00223636 0 0.964547 788.315 757.783 30.5323 0 -31.2183 -32.3365 32 17157.9 362.804 526 0.000115672
16900 0.0552064 0.052524 0.00268239 0 0.951412 793.794 763.035 30.7589 0 -31.2281 -32.6379 32 17253.9 363.817 529 9.92893e-05
17000 0.0549082 0.053202 0.00170622 0 0.968926 799.325 768.355 30.9703 0 -31.2412 -33.1296 32 17349.9 364.828 532 0.000100004
17100 0.0601459 0.0575998 0.00254616 0 0.957667 805.3 774.115 31.1845 0 -31.253 -32.8275 32 17445.9 365.836 535 0.000107663
17200 0.0554434 0.0534276 0.00201579 0 0.963642 810.845 779.458 31.3871 0 -31.2687 -33.5419 32 17541.9 366.841 538 9.93077e-05
17300 0.0525211 0.051455 0.00106613 0 0.979701 816.121 784.603 31.5176 0 -31.2861 -33.9603 32 17637.9 367.844 541 9.51109e-05
17400 0.0531639 0.052108 0.00105589 0 0.980139 821.459 789.814 31.6448 0 -31.3022 -33.7632 32 17733.9 368.843 544 9.57867e-05
17500 0.0492259 0.0471989 0.002027 0 0.958823 826.323 794.534 31.7889 0 -31.3127 -33.0949 32 17829.9 369.84 547 8.62869e-05
17600 0.0439972 0.0429868 0.00101039 0 0.977035 830.78 798.833 31.947 0 -31.3279 -34.144 32 17957.9 371.166 551 7.80159e-05
17700 0.0417023 0.0412629 0.000439418 0 0.989463 834.986 802.959 32.0272 0 -31.3472 -35.1519 32 18053.9 372.156 554 7.44817e-05
17800 0.044614 0.0435795 0.0010346 0 0.97681 839.399 807.317 32.0825 0 -31.3654 -34.8098 32 18149.9 373.144 557 7.82396e-05
17900 0.0450725 0.0441891 0.000883359 0 0.980401 843.914 811.736 32.1778 0 -31.3842 -34.8854 32 18245.9 374.13 560 7.89091e-05
18000 0.0470757 0.045426 0.00164975 0 0.964955 848.577 816.278 32.2982 0 -31.4004 -34.325 32 18341.9 375.113 563 8.06856e-05
18100 0.0549731 0.0525102 0.00246287 0 0.955199 854.01 821.53 32.4807 0 -31.4038 -31.9397 32 18437.9 376.093 566 9.27742e-05
18200 0.0695988 0.0672282 0.00237064 0 0.965939 861.02 828.252 32.7672 0 -31.39 -29.7148 32 18533.9 377.071 569 0.000118151
18300 0.0567939 0.0547432 0.00205062 0 0.963894 866.72 833.727 32.9934 0 -31.3878 -31.0538 32 18629.9 378.046 572 9.5705e-05
18400 0.0607968 0.059021 0.0017758 0 0.970791 872.856 839.629 33.227 0 -31.3856 -31.0654 32 18757.9 379.343 576 0.000102467
18500 0.0512446 0.0500452 0.00119943 0 0.976594 878.029 844.633 33.3957 0 -31.3906 -32.2367 32 18853.9 380.312 579 8.64338e-05
18600 0.0436349 0.042604 0.00103086 0 0.976375 882.402 848.894 33.5082 0 -31.3986 -33.0092 32 18949.9 381.279 582 7.32028e-05
18700 0.0477645 0.0454697 0.00229472 0 0.951958 887.078 853.441 33.637 0 -31.4015 -31.9461 32 19045.9 382.244 585 7.7726e-05
18800 0.0462245 0.0447972 0.00142725 0 0.969123 891.719 857.92 33.7984 0 -31.4056 -32.1902 32 19141.9 383.206 588 7.61858e-05
18900 0.0499634 0.0479203 0.00204313 0 0.959108 896.674 862.712 33.9618 0 -31.4074 -31.7363 32 19237.9 384.166 591 8.10833e-05
19000 0.0565779 0.0542528 0.00232507 0 0.958905 902.302 868.138 34.1648 0 -31.4076 -31.4419 32 19333.9 385.123 594 9.13347e-05
19100 0.054986 0.0533853 0.00160072 0 0.970889 907.85 873.476 34.3735 0 -31.4117 -32.0799 32 19429.9 386.078 597 8.94227e-05
19200 0.051424 0.0498213 0.00160274 0 0.968833 912.993 878.458 34.5343 0 -31.4159 -32.1458 32 19557.9 387.348 601 8.28973e-05
19300 0.0789319 0.0756529 0.00327896 0 0.958458 920.784 886.024 34.7603 0 -31.4184 -31.7181 32 19653.9 388.297 604 0.000125253
19400 0.076156 0.0733674 0.00278859 0 0.963383 928.39 893.36 35.0301 0 -31.4293 -32.7461 32 19749.9 389.244 607 0.000120869
19500 0.0594942 0.0579089 0.00158529 0 0.973354 934.363 899.151 35.2116 0 -31.4423 -33.4575 32 19845.9 390.189 610 9.49326e-05
19600 0.0584987 0.0564361 0.00206255 0 0.964742 940.151 904.795 35.3566 0 -31.4525 -33.1093 32 19941.9 391.132 613 9.20655e-05
19700 0.0540427 0.0529779 0.00106485 0 0.980296 945.583 910.093 35.4901 0 -31.465 -33.6247 32 20037.9 392.072 616 8.6003e-05
19800 0.0567587 0.0556716 0.00108708 0 0.980847 951.286 915.66 35.6259 0 -31.4761 -33.3191 32 20133.9 393.01 619 8.99379e-05
19900 0.0509396 0.0497917 0.0011479 0 0.977465 956.368 920.639 35.7286 0 -31.4839 -32.9303 32 20229.9 393.946 622 8.0051e-05
20000 0.0494748 0.0488034 0.000671365 0 0.98643 961.35 925.519 35.8307 0 -31.493 -33.2548 32 20357.9 395.19 626 7.79607e-05
