100 0.221865 0.197151 0.0247136 0 0.888609 21.0549 19.7151 1.3398 0 -25.7051 -25.7051 1 426.882 57.2261 101 0.00195199
200 0.384638 0.349112 0.035526 0 0.907638 58.7994 54.6263 4.17306 0 -26.3339 -26.6847 1 526.882 63.5765 201 0.00173688
300 0.635431 0.591859 0.0435717 0 0.93143 122.121 113.812 8.3089 0 -26.7833 -27.2006 1 626.882 69.3478 301 0.00196631
400 0.664079 0.618311 0.0457679 0 0.931081 188.531 175.643 12.8872 0 -27.0052 -27.4132 1 726.882 74.6744 401 0.00154192
500 0.746395 0.692441 0.0539534 0 0.927715 262.765 244.887 17.8772 0 -27.2371 -27.826 1 826.882 79.6456 501 0.00138212
600 0.758183 0.706607 0.0515759 0 0.931974 338.619 315.548 23.0705 0 -27.3469 -27.7271 1 926.882 84.3242 601 0.00117572
700 0.867218 0.807616 0.0596016 0 0.931273 424.96 396.31 28.6497 0 -27.3594 -27.4085 1 1026.88 88.7565 701 0.00115209
800 0.835567 0.781406 0.0541605 0 0.935181 508.591 474.45 34.1401 0 -27.4911 -28.1606 1 1126.88 92.9778 801 0.000975539
900 0.807575 0.753387 0.0541881 0 0.9329 588.981 549.789 39.1917 0 -27.572 -28.0836 1 1226.88 97.0156 901 0.000836168
1000 0.878861 0.826634 0.0522274 0 0.940574 677.013 632.453 44.5604 0 -27.6595 -28.245 1 1326.88 100.892 1001 0.000825808
1100 0.867614 0.814831 0.0527829 0 0.939163 763.635 713.936 49.6993 0 -27.7607 -28.5515 1 1426.88 104.625 1101 0.000740083
1200 0.969122 0.910324 0.0587979 0 0.939329 860.121 804.968 55.1531 0 -27.8137 -28.2334 1 1526.88 108.229 1201 0.000757971
1300 0.997056 0.942376 0.05468 0 0.945159 960.231 899.206 61.0252 0 -27.9046 -28.6857 1 1626.88 111.717 1301 0.000724347
1400 1.05328 0.995026 0.0582509 0 0.944696 1065.77 998.708 67.064 0 -28.0048 -28.9165 1 1726.88 115.099 1401 0.000710226
1500 1.0007 0.947357 0.0533383 0 0.946699 1166.1 1093.44 72.6585 0 -28.1014 -29.1272 1 1826.88 118.385 1501 0.000631151
1600 1.03409 0.978665 0.0554224 0 0.946405 1269.65 1191.31 78.3392 0 -28.1856 -29.1338 1 1926.88 121.582 1601 0.000611284
1700 1.05802 1.00054 0.0574812 0 0.945671 1375.46 1291.36 84.095 0 -28.2589 -29.1387 1 2026.88 124.696 1701 0.000588208
1800 1.09346 1.03459 0.0588744 0 0.946158 1484.69 1394.82 89.8652 0 -28.2869 -28.6393 1 2126.88 127.736 1801 0.000574452
1900 1.11783 1.05448 0.0633509 0 0.943327 1595.83 1500.27 95.5633 0 -28.3009 -28.4883 1 2226.88 130.704 1901 0.000554697
2000 1.23493 1.17297 0.0619609 0 0.949827 1719.35 1617.57 101.786 0 -28.332 -28.7336 1 2326.88 133.606 2001 0.000586193
2100 1.24275 1.17747 0.0652865 0 0.947466 1843.55 1735.32 108.233 0 -28.3839 -29.1018 1 2426.88 136.447 2101 0.000560431
2200 1.18793 1.13038 0.0575491 0 0.951555 1962.76 1848.35 114.405 0 -28.44 -29.3073 1 2526.88 139.23 2201 0.000513575
2300 1.20986 1.14482 0.0650406 0 0.946241 2083.45 1962.84 120.62 0 -28.4701 -28.96 1 2626.88 141.958 2301 0.000497531
2400 1.23972 1.17491 0.0648042 0 0.947727 2207.21 2080.33 126.881 0 -28.5024 -29.0471 1 2726.88 144.635 2401 0.000489343
2500 1.24189 1.18419 0.0577019 0 0.953537 2332.01 2198.75 133.269 0 -28.5423 -29.2482 1 2826.88 147.263 2501 0.000473488
2600 1.25564 1.19436 0.0612801 0 0.951196 2457.7 2318.18 139.518 0 -28.5672 -29.0274 1 2926.88 149.845 2601 0.000459194
2700 1.29824 1.23586 0.0623814 0 0.951949 2587.8 2441.77 146.037 0 -28.5783 -28.7894 1 3026.88 152.383 2701 0.000457555
2800 1.23961 1.18351 0.0561048 0 0.95474 2712.35 2560.12 152.233 0 -28.6239 -29.5714 1 3126.88 154.88 2801 0.000422531
2900 1.29424 1.22968 0.0645679 0 0.950111 2841.61 2683.09 158.525 0 -28.6619 -29.4595 1 3226.88 157.337 2901 0.00042388
3000 1.25732 1.19445 0.0628773 0 0.949991 2967.26 2802.53 164.726 0 -28.6974 -29.5004 1 3326.88 159.757 3001 0.000398016
3100 1.30927 1.24703 0.0622414 0 0.952461 3098.51 2927.23 171.276 0 -28.7233 -29.3082 1 3426.88 162.14 3101 0.000402137
3200 1.29468 1.23036 0.0643128 0 0.950325 3227.92 3050.27 177.654 0 -28.7666 -29.8034 1 3526.88 164.488 3201 0.000384369
3300 1.27043 1.2081 0.0623247 0 0.950942 3354.9 3171.08 183.819 0 -28.8043 -29.7617 1 3626.88 166.804 3301 0.000365981
3400 1.29092 1.22846 0.0624577 0 0.951618 3483.82 3293.93 189.896 0 -28.8398 -29.7639 1 3726.88 169.088 3401 0.000361206
3500 1.30168 1.24559 0.0560969 0 0.956904 3614.36 3418.49 195.878 0 -28.8829 -30.0334 1 3826.88 171.342 3501 0.00035578
3600 1.28699 1.233 0.0539947 0 0.958046 3743.36 3541.78 201.578 0 -28.9264 -30.1463 1 3926.88 173.566 3601 0.000342404
3700 1.28043 1.22825 0.0521788 0 0.959249 3871.62 3664.61 207.008 0 -28.9641 -30.0649 1 4026.88 175.762 3701 0.000331871
3800 1.32113 1.2704 0.0507327 0 0.961599 4004.17 3791.65 212.516 0 -29.004 -30.1676 1 4126.88 177.931 3801 0.000334228
3900 1.31796 1.25783 0.0601334 0 0.954374 4135.54 3917.43 218.11 0 -29.0361 -30.0135 1 4226.88 180.074 3901 0.000322437
4000 1.46752 1.40602 0.0614937 0 0.958097 4282.29 4058.03 224.256 0 -29.0699 -30.0234 1 4326.88 182.191 4001 0.000351417
4100 1.34417 1.28773 0.0564488 0 0.958005 4416.8 4186.81 229.992 0 -29.1062 -30.2631 1 4426.88 184.285 4101 0.000314003
4200 1.37311 1.31431 0.0587992 0 0.957178 4554.07 4318.24 235.836 0 -29.1427 -30.3152 1 4526.88 186.354 4201 0.000312856
4300 1.41414 1.35499 0.0591501 0 0.958172 4695.48 4453.74 241.745 0 -29.1739 -30.1801 1 4626.88 188.401 4301 0.000315041
4400 1.33865 1.28568 0.0529732 0 0.960428 4829.71 4582.31 247.409 0 -29.2162 -30.6959 1 4726.88 190.427 4401 0.000292134
4500 1.36943 1.30915 0.0602839 0 0.955979 4966.15 4713.22 252.93 0 -29.2512 -30.4881 1 4826.88 192.43 4501 0.000290858
4600 1.36078 1.30345 0.0573299 0 0.95787 5102.28 4843.57 258.714 0 -29.2814 -30.3837 1 4926.88 194.413 4601 0.000283298
4700 1.30283 1.25309 0.0497395 0 0.961822 5232.86 4968.87 263.988 0 -29.3147 -30.6183 1 5026.88 196.376 4701 0.000266558
4800 1.30519 1.25368 0.0515077 0 0.960536 5363.31 5094.24 269.064 0 -29.3449 -30.5568 1 5126.88 198.32 4801 0.000261129
4900 1.38246 1.3253 0.0571563 0 0.958656 5501.36 5226.77 274.583 0 -29.3697 -30.3305 1 5226.88 200.245 4901 0.000270414
5000 1.41227 1.35696 0.0553099 0 0.960836 5642.71 5362.47 280.245 0 -29.394 -30.3387 1 5326.88 202.151 5001 0.000271337
5100 1.40357 1.34913 0.0544395 0 0.961214 5783.52 5497.38 286.143 0 -29.4203 -30.4752 1 5426.88 204.04 5101 0.000264483
5200 1.38088 1.32915 0.0517325 0 0.962537 5922.11 5630.3 291.812 0 -29.4528 -30.8086 1 5526.88 205.911 5201 0.000255556
5300 1.34644 1.29844 0.0479948 0 0.964354 6057.16 5760.14 297.016 0 -29.4852 -30.9058 1 5626.88 207.766 5301 0.000244943
5400 1.31687 1.26984 0.0470282 0 0.964288 6188.94 5887.13 301.818 0 -29.5211 -31.1736 1 5726.88 209.604 5401 0.000235113
5500 1.27713 1.22989 0.0472406 0 0.96301 6316.7 6010.11 306.584 0 -29.5553 -31.2109 1 5826.88 211.426 5501 0.000223575
5600 1.29252 1.24234 0.0501797 0 0.961177 6445.7 6134.35 311.357 0 -29.5832 -30.9489 1 5926.88 213.232 5601 0.000221806
5700 1.34697 1.29536 0.0516126 0 0.961682 6580.39 6263.88 316.506 0 -29.6058 -30.6879 1 6026.88 215.024 5701 0.000227216
5800 1.36272 1.30888 0.0538432 0 0.960489 6716.67 6394.77 321.9 0 -29.6354 -31.0667 1 6126.88 216.8 5801 0.00022563
5900 1.37366 1.31394 0.0597214 0 0.956524 6853.7 6526.16 327.538 0 -29.6625 -30.9882 1 6226.88 218.562 5901 0.000222663
6000 1.47515 1.4092 0.0659447 0 0.955296 7000.75 6667.09 333.667 0 -29.6854 -30.7544 1 6326.88 220.31 6001 0.000234828
6100 1.41155 1.35374 0.0578089 0 0.959046 7142.26 6802.46 339.801 0 -29.7126 -31.0586 1 6426.88 222.045 6101 0.000221888
6200 1.47597 1.41279 0.0631757 0 0.957197 7290.3 6943.74 346.565 0 -29.7362 -30.8756 1 6526.88 223.765 6201 0.000227833
6300 1.47678 1.41746 0.059312 0 0.959837 7438.5 7085.48 353.011 0 -29.7647 -31.1643 1 6626.88 225.473 6301 0.000224959
6400 1.37958 1.32406 0.0555187 0 0.959757 7576.65 7217.89 358.763 0 -29.7953 -31.4414 1 6726.88 227.168 6401 0.000206852
6500 1.31717 1.26618 0.0509932 0 0.961286 7708.65 7344.51 364.143 0 -29.8255 -31.559 1 6826.88 228.85 6501 0.000194767
6600 1.28257 1.23513 0.0474417 0 0.963011 7837.33 7468.02 369.304 0 -29.854 -31.5628 1 6926.88 230.52 6601 0.000187113
6700 1.29829 1.24997 0.0483229 0 0.96278 7967.4 7593.02 374.385 0 -29.8784 -31.3501 1 7026.88 232.178 6701 0.000186535
6800 1.3983 1.34046 0.0578356 0 0.958639 8106.93 7727.07 379.87 0 -29.8962 -30.9101 1 7126.88 233.824 6801 0.000197098
6900 1.45734 1.39611 0.0612326 0 0.957983 8252.6 7866.68 385.926 0 -29.9124 -30.8143 1 7226.88 235.459 6901 0.000202305
7000 1.44865 1.38668 0.0619677 0 0.957224 8397.3 8005.34 391.952 0 -29.9265 -30.7339 1 7326.88 237.083 7001 0.000198069
7100 1.41464 1.3579 0.0567379 0 0.959892 8538.88 8141.13 397.748 0 -29.9435 -30.9487 1 7426.88 238.695 7101 0.000191227
7200 1.381 1.32461 0.0563909 0 0.959167 8676.77 8273.6 403.176 0 -29.962 -31.1058 1 7526.88 240.297 7201 0.000183948
7300 1.51076 1.45149 0.0592626 0 0.960773 8828.09 8418.74 409.342 0 -29.9799 -31.0089 1 7626.88 241.888 7301 0.000198807
7400 1.45382 1.39881 0.0550029 0 0.962166 8973.62 8558.63 414.998 0 -29.9992 -31.1685 1 7726.88 243.468 7401 0.000189003
7500 1.47755 1.41596 0.0615925 0 0.958314 9120.8 8700.22 420.576 0 -30.0135 -30.8861 1 7826.88 245.039 7501 0.000188769
7600 1.54893 1.491 0.0579265 0 0.962602 9276.18 8849.32 426.856 0 -30.0275 -30.85 1 7926.88 246.599 7601 0.000196158
7700 1.43024 1.37606 0.0541833 0 0.962116 9419.3 8986.93 432.378 0 -30.0455 -31.2141 1 8026.88 248.15 7701 0.000178686
7800 1.43216 1.37436 0.0578001 0 0.959641 9562.19 9124.36 437.826 0 -30.0588 -30.9323 1 8126.88 249.691 7801 0.000176177
7900 1.39725 1.34443 0.0528198 0 0.962197 9702.09 9258.81 443.287 0 -30.076 -31.2516 1 8226.88 251.222 7901 0.00017016
8000 1.35743 1.30434 0.0530952 0 0.960886 9837.64 9389.24 448.401 0 -30.0942 -31.4003 1 8326.88 252.744 8001 0.000163022
8100 1.49564 1.43317 0.0624634 0 0.958236 9986.87 9532.56 454.312 0 -30.1096 -31.1225 1 8426.88 254.257 8101 0.000176913
8200 1.5373 1.47798 0.0593199 0 0.961413 10140.7 9680.36 460.387 0 -30.1224 -30.9531 1 8526.88 255.762 8201 0.00018022
8300 1.52358 1.46095 0.0626291 0 0.958893 10292.8 9826.45 466.366 0 -30.1318 -30.7621 1 8626.88 257.257 8301 0.000175997
8400 1.49283 1.4322 0.0606291 0 0.959386 10442.2 9969.67 472.534 0 -30.1457 -31.0971 1 8726.88 258.744 8401 0.00017048
8500 1.52231 1.46195 0.0603603 0 0.960349 10594.6 10115.9 478.746 0 -30.1578 -30.9885 1 8826.88 260.222 8501 0.000171974
8600 1.49379 1.43501 0.0587841 0 0.960648 10744.1 10259.4 484.777 0 -30.171 -31.1084 1 8926.88 261.692 8601 0.000166842
8700 1.56005 1.49906 0.0609864 0 0.960907 10900.2 10409.3 490.914 0 -30.1784 -30.6842 1 9026.88 263.153 8701 0.000172286
8800 1.55098 1.49177 0.0592088 0 0.961825 11055.7 10558.4 497.242 0 -30.1909 -31.0687 1 9126.88 264.607 8801 0.0001695
8900 1.50053 1.44208 0.0584528 0 0.961045 11205.7 10702.7 503.077 0 -30.207 -31.3981 1 9226.88 266.053 8901 0.000162013
9000 1.53768 1.47596 0.0617259 0 0.959858 11359.2 10850.3 508.977 0 -30.2208 -31.2284 1 9326.88 267.49 9001 0.000163977
9100 1.53487 1.47509 0.0597782 0 0.961053 11512.8 10997.8 515.062 0 -30.2316 -31.0246 1 9426.88 268.921 9101 0.00016208
9200 1.49617 1.43943 0.0567427 0 0.962075 11662.7 11141.7 520.983 0 -30.2387 -30.7903 1 9526.88 270.343 9201 0.000156443
9300 1.41565 1.35979 0.0558658 0 0.960537 11804.1 11277.7 526.458 0 -30.2508 -31.2475 1 9626.88 271.758 9301 0.000146198
9400 1.55606 1.49576 0.0603002 0 0.961248 11959.5 11427.3 532.251 0 -30.2576 -30.7738 1 9726.88 273.166 9401 0.000159106
9500 1.48945 1.43174 0.0577091 0 0.961255 12108.4 11570.4 537.966 0 -30.2675 -31.0603 1 9826.88 274.567 9501 0.000150694
9600 1.46082 1.40697 0.0538496 0 0.963137 12254.7 11711.1 543.545 0 -30.2798 -31.3013 1 9926.88 275.96 9601 0.000146544
9700 1.58316 1.52599 0.0571666 0 0.963891 12413.2 11863.7 549.434 0 -30.2878 -30.8999 1 10026.9 277.347 9701 0.000157303
9800 1.51095 1.45362 0.0573328 0 0.962055 12564.2 12009.1 555.128 0 -30.2965 -31.0145 1 10126.9 278.726 9801 0.000148313
9900 1.52825 1.46986 0.0583887 0 0.961794 12717.1 12156.1 560.99 0 -30.3061 -31.0996 1 10226.9 280.099 9901 0.000148456
10000 1.63624 1.5661 0.070139 0 0.957134 12880.1 12312.7 567.365 0 -30.3122 -30.7812 1 10326.9 281.465 10001 0.000156594
10100 1.54395 1.48619 0.0577671 0 0.962585 13035 12461.3 573.69 0 -30.3209 -31.0456 1 10426.9 282.825 10101 0.000147133
10200 1.59463 1.53547 0.0591588 0 0.962901 13194.5 12614.9 579.602 0 -30.3288 -30.9758 1 10526.9 284.178 10201 0.000150522
10300 1.56208 1.50316 0.0589207 0 0.962281 13350.7 12765.2 585.528 0 -30.3389 -31.1906 1 10626.9 285.524 10301 0.000145924
10400 1.53086 1.47258 0.0582813 0 0.961929 13503.7 12912.4 591.308 0 -30.3487 -31.207 1 10726.9 286.865 10401 0.000141581
10500 1.51962 1.46013 0.0594955 0 0.960849 13655.6 13058.4 597.207 0 -30.3569 -31.0855 1 10826.9 288.199 10501 0.000139047
10600 1.58958 1.53066 0.0589206 0 0.962933 13814.9 13211.5 603.4 0 -30.3647 -31.0369 1 10926.9 289.526 10601 0.000144388
10700 1.57242 1.51153 0.0608905 0 0.961276 13972.2 13362.7 609.539 0 -30.3707 -30.8945 1 11026.9 290.848 10701 0.000141251
10800 1.54997 1.49073 0.0592423 0 0.961778 14127.4 13511.7 615.69 0 -30.3802 -31.2384 1 11126.9 292.164 10801 0.000138017
10900 1.5289 1.47273 0.0561747 0 0.963258 14280.6 13659 621.611 0 -30.3919 -31.4677 1 11226.9 293.474 10901 0.0001351
11000 1.52323 1.46523 0.0580014 0 0.961922 14433 13805.5 627.427 0 -30.4009 -31.241 1 11326.9 294.778 11001 0.000133191
11100 1.55167 1.48914 0.0625284 0 0.959703 14587.8 13954.4 633.326 0 -30.4084 -31.1078 1 11426.9 296.076 11101 0.000134145
11200 1.62583 1.56433 0.0615005 0 0.962173 14750.7 14110.9 639.832 0 -30.4152 -31.0299 1 11526.9 297.369 11201 0.00013966
11300 1.60833 1.54633 0.0620008 0 0.96145 14911.7 14265.5 646.236 0 -30.4241 -31.2321 1 11626.9 298.656 11301 0.000136831
11400 1.58038 1.52023 0.0601495 0 0.96194 15070 14417.5 652.445 0 -30.4352 -31.4873 1 11726.9 299.938 11401 0.000133342
11500 1.60471 1.54041 0.0642929 0 0.959935 15230.3 14571.6 658.683 0 -30.4449 -31.3547 1 11826.9 301.214 11501 0.000133937
11600 1.54919 1.48925 0.0599356 0 0.961312 15385 14720.5 664.461 0 -30.4557 -31.5142 1 11926.9 302.485 11601 0.000128373
11700 1.66756 1.60124 0.066314 0 0.960233 15551.6 14880.6 671.026 0 -30.4631 -31.1523 1 12026.9 303.75 11701 0.000136847
11800 1.61236 1.55357 0.0587988 0 0.963533 15713.4 15036 677.413 0 -30.4745 -31.5655 1 12126.9 305.01 11801 0.000131647
11900 1.55182 1.49788 0.0539376 0 0.965242 15869 15185.8 683.184 0 -30.4865 -31.7034 1 12226.9 306.265 11901 0.000125862
12000 1.51929 1.46966 0.0496285 0 0.967334 16021.3 15332.7 688.601 0 -30.4994 -31.8438 1 12326.9 307.515 12001 0.000122462
12100 1.49181 1.43918 0.0526322 0 0.964719 16170.5 15476.6 693.803 0 -30.512 -31.8666 1 12426.9 308.76 12101 0.00011893
12200 1.57248 1.51755 0.0549311 0 0.965067 16327.5 15628.4 699.082 0 -30.5237 -31.722 1 12526.9 310 12201 0.000124379
12300 1.62061 1.565 0.0556077 0 0.965687 16489.8 15784.9 704.943 0 -30.5339 -31.5644 1 12626.9 311.235 12301 0.000127225
12400 1.67403 1.6154 0.0586234 0 0.964981 16657.6 15946.4 711.169 0 -30.5442 -31.5502 1 12726.9 312.465 12401 0.000130264
12500 1.69383 1.63013 0.0637026 0 0.962391 16826.9 16109.5 717.457 0 -30.5512 -31.2402 1 12826.9 313.69 12501 0.0001304
12600 1.68588 1.62253 0.0633481 0 0.962424 16995.4 16271.7 723.691 0 -30.5623 -31.6775 1 12926.9 314.91 12601 0.000128762
12700 1.60697 1.55296 0.0540094 0 0.966391 17156.4 16427 729.42 0 -30.5738 -31.7824 1 13026.9 316.126 12701 0.000122271
12800 1.56403 1.50729 0.0567343 0 0.963725 17312.7 16577.7 734.963 0 -30.5853 -31.8563 1 13126.9 317.337 12801 0.000117748
12900 1.5436 1.48876 0.0548389 0 0.964473 17467 16726.6 740.373 0 -30.5973 -31.9368 1 13226.9 318.544 12901 0.000115399
13000 1.46444 1.41449 0.0499442 0 0.965895 17613.7 16868.1 745.596 0 -30.6085 -31.946 1 13326.9 319.745 13001 0.000108799
13100 1.50189 1.45127 0.0506222 0 0.966294 17763.9 17013.2 750.664 0 -30.6183 -31.7692 1 13426.9 320.943 13101 0.000110775
13200 1.48909 1.43762 0.0514652 0 0.965438 17912.7 17157 755.795 0 -30.6289 -31.8846 1 13526.9 322.136 13201 0.000108902
13300 1.45876 1.41348 0.0452749 0 0.968963 18059.2 17298.3 760.869 0 -30.6413 -32.1658 1 13626.9 323.324 13301 0.000106269
13400 1.46582 1.41255 0.0532674 0 0.96366 18205.4 17439.6 765.884 0 -30.6524 -32.0203 1 13726.9 324.508 13401 0.000105406
13500 1.5776 1.51992 0.057676 0 0.963441 18363 17591.5 771.47 0 -30.6597 -31.5013 1 13826.9 325.688 13501 0.000112579
13600 1.65686 1.59629 0.0605683 0 0.963444 18528.7 17751.2 777.568 0 -30.6663 -31.3955 1 13926.9 326.864 13601 0.000117366
13700 1.58915 1.53554 0.0536016 0 0.96627 18687.9 17904.7 783.211 0 -30.6717 -31.3038 1 14026.9 328.035 13701 0.000112075
13800 1.55237 1.49634 0.056028 0 0.963908 18843 18054.4 788.626 0 -30.6798 -31.6517 1 14126.9 329.203 13801 0.000108423
13900 1.59888 1.53954 0.0593402 0 0.962886 19002.5 18208.3 794.172 0 -30.6861 -31.4357 1 14226.9 330.366 13901 0.00011075
14000 1.59437 1.54089 0.0534737 0 0.966461 19162.1 18362.4 799.726 0 -30.6948 -31.7352 1 14326.9 331.525 14001 0.000110056
14100 1.54604 1.48793 0.058111 0 0.962413 19316.4 18511.2 805.225 0 -30.7031 -31.7344 1 14426.9 332.68 14101 0.000105519
14200 1.5965 1.54072 0.0557782 0 0.965062 19476.3 18665.3 811.064 0 -30.7103 -31.5745 1 14526.9 333.831 14201 0.000108494
14300 1.52234 1.46916 0.053185 0 0.965064 19628.7 18812.2 816.502 0 -30.7207 -32.0506 1 14626.9 334.978 14301 0.000102731
14400 1.53011 1.47788 0.0522368 0 0.965861 19781.8 18960 821.776 0 -30.7297 -31.8798 1 14726.9 336.121 14401 0.000102623
14500 1.58168 1.52634 0.0553418 0 0.965011 19939.8 19112.6 827.181 0 -30.7377 -31.7423 1 14826.9 337.26 14501 0.000105257
14600 1.59893 1.54375 0.0551788 0 0.96549 20099.7 19267 832.671 0 -30.7457 -31.7474 1 14926.9 338.396 14601 0.000105729
14700 1.61617 1.56022 0.0559542 0 0.965378 20261.3 19423 838.33 0 -30.7533 -31.6982 1 15026.9 339.527 14701 0.00010613
14800 1.57007 1.51482 0.0552514 0 0.96481 20418.3 19574.5 843.854 0 -30.7605 -31.6848 1 15126.9 340.655 14801 0.000102345
14900 1.60652 1.54953 0.0569879 0 0.964527 20578.9 19729.4 849.426 0 -30.7671 -31.6032 1 15226.9 341.779 14901 0.000103988
15000 1.62952 1.57167 0.057857 0 0.964494 20741.7 19886.6 855.122 0 -30.7725 -31.4637 1 15326.9 342.9 15001 0.000104771
15100 1.63787 1.57746 0.0604167 0 0.963113 20905.5 20044.4 861.158 0 -30.7772 -31.3646 1 15426.9 344.016 15101 0.00010446
15200 1.58439 1.52949 0.0548945 0 0.965353 21064.1 20197.3 866.784 0 -30.7844 -31.7403 1 15526.9 345.13 15201 0.000100618
15300 1.60678 1.54968 0.0571081 0 0.964458 21224.7 20352.3 872.445 0 -30.7909 -31.6374 1 15626.9 346.239 15301 0.000101279
15400 1.58871 1.53299 0.0557206 0 0.964927 21383.5 20505.6 877.925 0 -30.7976 -31.7001 1 15726.9 347.345 15401 9.95386e-05
15500 1.67367 1.61813 0.0555389 0 0.966816 21551.3 20667.4 883.891 0 -30.8047 -31.7039 1 15826.9 348.448 15501 0.000104389
15600 1.56299 1.51264 0.050342 0 0.967791 21708.1 20818.6 889.408 0 -30.8116 -31.767 1 15926.9 349.547 15601 9.69582e-05
15700 1.52456 1.47226 0.0523078 0 0.96569 21860.4 20965.9 894.542 0 -30.8185 -31.8001 1 16026.9 350.643 15701 9.37683e-05
15800 1.51472 1.46584 0.0488757 0 0.967733 22012.1 21112.5 899.602 0 -30.8258 -31.8766 1 16126.9 351.735 15801 9.27689e-05
15900 1.51267 1.46057 0.0521058 0 0.965554 22163.3 21258.5 904.777 0 -30.8331 -31.8878 1 16226.9 352.824 15901 9.18539e-05
16000 1.52984 1.47685 0.0529826 0 0.965367 22316.1 21406.2 909.94 0 -30.8399 -31.8285 1 16326.9 353.909 16001 9.22976e-05
16100 1.49287 1.44293 0.0499371 0 0.96655 22465.5 21550.5 915.033 0 -30.8479 -32.0476 1 16426.9 354.991 16101 8.96175e-05
16200 1.55408 1.49656 0.057521 0 0.962987 22620.8 21700.1 920.611 0 -30.8541 -31.7541 1 16526.9 356.07 16201 9.23748e-05
16300 1.52172 1.46707 0.0546484 0 0.964088 22773 21846.9 926.144 0 -30.8613 -31.9322 1 16626.9 357.146 16301 8.9999e-05
16400 1.57679 1.5165 0.0602929 0 0.961762 22930.4 21998.5 931.876 0 -30.8676 -31.7733 1 16726.9 358.218 16401 9.24636e-05
16500 1.52884 1.4768 0.0520438 0 0.965959 23083.4 22146.2 937.242 0 -30.8753 -32.0368 1 16826.9 359.287 16501 8.94976e-05
16600 1.50048 1.44498 0.0555007 0 0.963011 23233.1 22290.7 942.398 0 -30.8817 -31.8616 1 16926.9 360.353 16601 8.70415e-05
16700 1.59078 1.52997 0.0608168 0 0.961769 23391.7 22443.7 948.009 0 -30.8853 -31.4199 1 17026.9 361.416 16701 9.16093e-05
16800 1.5938 1.53858 0.055225 0 0.96535 23551.3 22597.5 953.8 0 -30.8906 -31.6624 1 17126.9 362.476 16801 9.15764e-05
16900 1.57972 1.51884 0.060875 0 0.961465 23709 22749.4 959.54 0 -30.8961 -31.7121 1 17226.9 363.533 16901 8.9867e-05
17000 1.57191 1.5163 0.0556095 0 0.964623 23866.2 22901.1 965.182 0 -30.9008 -31.6133 1 17326.9 364.586 17001 8.91891e-05
17100 1.57102 1.51464 0.056382 0 0.964111 24023.3 23052.5 970.766 0 -30.9048 -31.5056 1 17426.9 365.637 17101 8.85701e-05
17200 1.62831 1.56614 0.0621692 0 0.96182 24185.8 23209.1 976.659 0 -30.9071 -31.2606 1 17526.9 366.684 17201 9.10495e-05
17300 1.66013 1.60302 0.0571131 0 0.965597 24352.4 23369.4 983.018 0 -30.9109 -31.4501 1 17626.9 367.729 17301 9.26547e-05
17400 1.64952 1.58853 0.060986 0 0.963028 24517.2 23528.3 988.917 0 -30.9134 -31.2843 1 17726.9 368.771 17401 9.12898e-05
17500 1.68491 1.62811 0.0567951 0 0.966292 24686.1 23691.1 995.023 0 -30.9166 -31.39 1 17826.9 369.809 17501 9.30297e-05
17600 1.65798 1.59989 0.0580917 0 0.964962 24852.1 23851.1 1001.06 0 -30.9207 -31.5262 1 17926.9 370.845 17601 9.08975e-05
17700 1.63216 1.57506 0.0570932 0 0.96502 25015.7 24008.6 1007.07 0 -30.9243 -31.4644 1 18026.9 371.878 17701 8.89817e-05
17800 1.63893 1.58126 0.0576728 0 0.964811 25179.7 24166.7 1013.02 0 -30.9297 -31.7548 1 18126.9 372.908 17801 8.88299e-05
17900 1.592 1.53245 0.0595456 0 0.962597 25338.8 24320 1018.81 0 -30.9345 -31.6967 1 18226.9 373.935 17901 8.5607e-05
18000 1.58095 1.51982 0.0611305 0 0.961333 25496.7 24471.9 1024.71 0 -30.9395 -31.7391 1 18326.9 374.959 18001 8.44295e-05
18100 1.71026 1.64464 0.0656152 0 0.961634 25667.8 24636.4 1031.44 0 -30.9434 -31.5235 1 18426.9 375.981 18101 9.08591e-05
18200 1.65396 1.58727 0.0666946 0 0.959676 25833 24795.1 1037.9 0 -30.9481 -31.6813 1 18526.9 377 18201 8.72077e-05
18300 1.57852 1.52305 0.0554674 0 0.964861 25991.3 24947.4 1043.87 0 -30.9555 -32.1594 1 18626.9 378.016 18301 8.32221e-05
18400 1.64022 1.57985 0.0603661 0 0.963196 26155.1 25105.4 1049.64 0 -30.9606 -31.7825 1 18726.9 379.029 18401 8.58569e-05
18500 1.65437 1.59948 0.054883 0 0.966825 26320.9 25265.4 1055.57 0 -30.9665 -31.8896 1 18826.9 380.04 18501 8.64539e-05
18600 1.60898 1.55545 0.0535237 0 0.966734 26481.9 25420.9 1061.02 0 -30.9721 -31.8885 1 18926.9 381.048 18601 8.36221e-05
18700 1.59336 1.5374 0.0559595 0 0.96488 26641.3 25574.7 1066.61 0 -30.9781 -31.9697 1 19026.9 382.053 18701 8.22095e-05
18800 1.65218 1.5931 0.0590811 0 0.964241 26806.4 25734 1072.4 0 -30.9838 -31.909 1 19126.9 383.056 18801 8.47349e-05
18900 1.73644 1.6758 0.0606435 0 0.965076 26980 25901.5 1078.43 0 -30.9877 -31.5934 1 19226.9 384.056 18901 8.86618e-05
19000 1.69294 1.63349 0.0594547 0 0.964881 27149.3 26064.9 1084.42 0 -30.9904 -31.4211 1 19326.9 385.053 19001 8.59684e-05
19100 1.71841 1.65753 0.0608793 0 0.964572 27321.1 26230.6 1090.47 0 -30.992 -31.2462 1 19426.9 386.048 19101 8.67773e-05
19200 1.64176 1.58958 0.052182 0 0.968216 27485.8 26389.6 1096.15 0 -30.9969 -31.8037 1 19526.9 387.041 19201 8.27863e-05
19300 1.6484 1.59372 0.0546774 0 0.96683 27650.5 26549 1101.56 0 -31.0023 -31.9033 1 19626.9 388.03 19301 8.25721e-05
19400 1.74487 1.68184 0.0630228 0 0.963881 27824.7 26717.2 1107.54 0 -31.0078 -31.8817 1 19726.9 389.018 19401 8.66885e-05
19500 1.71925 1.6618 0.0574512 0 0.966584 27997 26883.3 1113.69 0 -31.0129 -31.832 1 19826.9 390.002 19501 8.5216e-05
19600 1.72434 1.66375 0.0605911 0 0.964861 28169.6 27049.7 1119.87 0 -31.0176 -31.7914 1 19926.9 390.985 19601 8.48806e-05
19700 1.71872 1.659 0.0597141 0 0.965257 28341.5 27215.6 1125.84 0 -31.0213 -31.6151 1 20026.9 391.964 19701 8.4209e-05
19800 1.81704 1.74926 0.0677854 0 0.962695 28522.8 27390.5 1132.3 0 -31.0237 -31.3995 1 20126.9 392.942 19801 8.83418e-05
19900 1.76372 1.70018 0.0635405 0 0.963974 28699.3 27560.6 1138.78 0 -31.0266 -31.502 1 20226.9 393.917 19901 8.5432e-05
20000 1.71833 1.65732 0.0610043 0 0.964498 28871.2 27726.3 1144.92 0 -31.0299 -31.5751 1 20325.9 394.88 20000 8.28661e-05
