2.955442406
2.174729221
2.471592753
3.34689629
4.269475948
5.434824357
11.97588741
6.647809866
4.378579643
6.264530033
4.974082945
18.86386468
7.083150596
9.341505256
9.531791036
22.57139227
15.22001097
15.88231894
23.58934663
24.72470336
15.12253908
27.71607345
20.90157638
14.67543188
24.3879366
24.75170516
17.84016029
43.1520712
24.9677976
20.62119368
28.00702088
67.03846913
45.42956693
35.18746032
40.83396646
65.92335554
57.20624857
61.61979226
73.4358069
102.8552832
61.47934714
92.19393012
132.218982
72.72864462
129.7757147
131.0157175
113.8934436
115.4662019
327.9383988
210.7757094
407.9499143
146.2941389
220.627079
285.8121535
357.967067
545.775193
277.3765305
769.5741362
7.905279615
