0.312947267
0.567450173
0.973336698
1.385376399
1.965790149
2.673514983
2.994857924
2.99562481
3.14787898
3.23933802
3.756857137
3.89416652
3.985416418
4.313113041
4.313688222
4.471268603
4.530728965
4.756961678
5.047145313
5.329731572
5.455848063
5.539484761
5.541440402
5.870189926
5.956864937
6.023834319
6.170723359
6.469316573
6.837027391
6.965291046
7.191710783
7.572119537
7.667296394
8.760768011
8.860317424
9.69092089
9.707135887
10.03980986
10.78700081
11.1916735
11.50420078
11.97416027
12.05027684
12.10523395
12.40246585
13.34481143
13.96680544
14.08629278
14.37137999
14.495745
14.63706423
14.76257108
14.76693415
16.12063522
16.20257876
16.29546073
16.76680088
16.9093083
17.24003089
17.26902081
17.40093206
17.68023146
17.83170642
17.86235986
18.01155529
18.09557368
18.09616274
19.02603466
19.47562192
19.5408194
20.40955973
21.51232272
22.15793904
24.27075182
24.32931918
24.33492022
24.89123264
25.1841839
25.3692298
25.58926491
25.76890117
26.37526076
27.66547862
27.67961022
28.79997691
29.1198086
29.86624052
30.87704891
31.47143874
33.73671214
34.63766976
34.70093996
36.02898543
36.81990033
37.96040893
38.76920145
39.91740869
40.88716562
42.13725398
45.49731915
50.33088812
50.48386348
50.72204545
50.79722144
54.09487586
54.12298895
54.8456218
55.33278615
55.87922849
59.06837514
59.1132949
62.029562
62.03174321
62.27868588
64.75169115
64.80496422
65.57461502
66.12972111
66.66704013
67.85560849
70.36341197
71.87683407
72.61834194
73.41086769
74.81897688
76.48513619
77.61895237
80.9869397
80.98793662
84.5081583
85.63925008
88.94595207
98.59705476
100.7520243
102.5412278
118.8102092
121.1322704
122.4532279
127.3051088
132.6589141
149.8890983
150.1472362
158.7198869
172.9917357
191.4041407
196.2297033
203.7854268
206.3235195
208.867714
217.106069
252.9726714